14.49
14.62
10.17
10.95
8.95
-0.71
11.03
14.81
12.55
11.21
8.16
2.05
9.76
4.64
6.37
5.14
7.99
11.19
-0.23
12.04
10.9
-10.56
6.74
5.2
3.81
12
11.45
6.09
3.2
4.6
1.66
3.32
9.1
5.66
-1.8
4.86
11.81
14.08
9.22
1.78
8.58
5.03
9.75
8.26
4.76
10.74
9
2.59
-0.55
13.48
15.95
12.8
10.49
8.53
8.54
10
6.52
-2.98
5.34
2.74
5.87
6.82
0.68
10.18
8.84
9.37
10.53
10.97
16.88
17.53
17.52
17.07
17.07
18.3
16.81
12.12
2.47
4.13
-2.33
6.54
6.4
1.03
1.23
1.81
6.09
12.43
12.79
13.39
12.73
9.67
10.4
8.64
-1.14
8.4
16.65
19.25
17.32
6.87
7.17
11.03
8.26
3.14
2.96
9.2
13.81
13.49
5.38
6.72
11.06
11.61
11.04
5.16
3.27
9
9.05
8.88
1.28
4.86
7.04
9.84
10.43
-2.62
11.64
15.88
11.9
-2.4
9.65
12.84
7.77
10.67
12.95
0.09
10.03
10.82
5.97
9.78
12.92
12.87
9.75
7.16
-8.6
8.41
6.15
13.12
15.71
11.56
9.81
10.66
7.47
6.96
8.31
3.33
6.32
5.38
7.49
6.6
5.09
4.32
6.7
2.64
8.02
8.81
7.34
6.82
7.89
-0.31
7.75
10.57
10.24
10.13
8.93
10.5
11.87
10.87
6.04
7.28
-5.23
3.02
1
6.29
11.55
15.84
15.72
10.89
2.87
8.78
12.55
6.26
9.07
14.44
14.2
11.59
16.53
16.34
13.9
13.11
14.41
12.81
3.6
16.19
16.15
10.31
8.44
10.17
-1.96
2.48
11.13
14.54
14.74
15.56
14.12
9.03
-1.97
6.31
11.21
9.78
6.69
10.55
14.84
15.7
11.88
6.03
7.58
7.5
-0.65
-18.45
-1.38
6.98
12.99
14.17
11.1
9.25
9.56
10.41
9.79
6.09
2.41
-0.21
9.33
0.05
13.46
9.82
1.35
4.77
3.45
2.31
-3.31
6.06
14.06
13.24
8.74
-1.82
6.73
9.93
9.49
11.21
15.04
12.18
2.89
8.61
4.65
-0.36
6.86
9.45
12.24
13.7
13.03
11.08
7.64
-5.62
9.72
9.88
11.5
11.18
-5.71
8.62
12.68
13.91
7.69
8.19
13.43
11.22
12.16
12.45
3.81
4.56
-1.6
10.94
9.79
-4.43
11.83
13.68
9.62
5.33
-0.59
10.46
13.02
9.61
-0.68
2.28
9.58
9.72
6.02
9.07
8.22
15.86
14.72
4.44
2.52
9.94
6.22
7.1
12.16
9.22
5.57
8.62
2.05
7.37
8.83
6.09
9.31
12.88
5.44
-10.87
10.26
16.13
18.5
18.63
18.3
20.08
20.6
17.68
14.7
14
10.55
6.31
12.54
10.56
8.36
-6.48
5.48
7.87
7.75
7.07
10.44
9.65
-2.4
9.33
11.08
11.98
13.34
10.65
4.47
1.99
-0.06
10.95
4.91
14.39
14.92
8.64
0.13
3.66
10.81
12.51
7.2
9.12
9.81
9.84
4.97
7.9
11.06
7.71
2.86
-8.84
2.53
5.5
-2.19
4.25
0.72
3.96
6.88
12.65
7.8
10.55
0.64
11.18
10.71
7.42
9.23
4.15
4.58
6.66
11.43
12.46
7.88
-0.48
5.75
10.61
12.49
12.7
7.1
12.9
7.33
2.1
9.21
10.33
7.56
3.56
5.91
12.88
16.05
14.91
14.73
14.97
11.75
11
11.66
7.09
11.99
14.96
10.27
4.34
10.55
13.49
16.32
14.14
11.08
12.12
14.05
15.05
14.27
12.38
9.58
8.5
11.54
11.81
10
16.16
16.73
12.97
10.2
12.48
8.78
8.18
6.35
15.09
15.88
13.41
9.96
8.94
6.68
6.57
3.9
6.72
-0.6
10.06
9.54
1.24
-17.03
-5.73
7.01
12.52
10.26
11.66
7.77
8.98
8.46
9.77
10.64
2.68
12.59
11.1
6.16
11.82
8.26
9.91
11.8
0.43
3.15
15.49
21.09
22.78
20.32
13.76
0.79
2.03
5.49
0.97
5.28
6.85
9.23
12.21
12.07
-4.6
8.65
10.63
7.24
6.91
14.34
12.51
6.4
11.42
11.43
8.75
12.28
15.31
16.27
18.32
18.68
14.19
5.24
4.63
6.72
7.25
10.26
13.85
11.46
10.71
13.19
10.63
-5.3
2.05
-7.48
-4.89
0.55
6.71
5.55
9.1
10.78
10.92
10.41
13.58
15.85
13.96
2.79
-0.17
2.56
2.94
8.2
6.51
7.67
13.31
13.15
3.25
11.16
13.9
13.38
14.36
9.53
5.61
8.35
-1.04
-7.12
0.79
6.12
0.03
4.41
7.33
3.05
-0.57
-5
4.61
5.59
7.37
6.87
7.21
-2.74
1.72
1.95
5.12
5.14
2.38
4.25
-3.22
2.94
6.8
2.87
2.48
9.08
6.76
7.82
13.82
12.15
8.74
0.33
5.83
4.02
2.96
7.69
5.58
4.26
14.83
16.02
13.86
8.33
3.12
8.93
9.92
5.98
16.4
19.22
20.35
17.66
9.5
6.24
6.79
-3.16
3.68
5.45
-9.42
11.18
13.12
10.75
5.43
4.84
4.94
6.99
9.01
7.89
8.17
7.64
8.49
6.59
-6.39
5.01
-0.74
2.41
8.09
6.73
3.5
3.83
6.89
5.1
4.03
5.36
5.21
10.98
12
2.24
0.27
7.73
4.41
2.11
8.89
4.68
3.1
8.47
2.86
-1.21
9.28
8.87
4.87
13.61
15.62
10.51
11.32
11.91
3.96
13.97
14.2
8.94
2.03
4.8
1.06
-5.17
1.67
-1.39
9.47
10.32
6.69
2.07
6.09
12.95
14.71
7.68
0.04
4.72
9.26
7.46
5.03
4.47
13.33
15.26
14.05
12.07
13.64
12
10.7
-2.41
9.64
11.78
15.23
18.85
17.64
14.28
15.14
15.01
13.2
14.17
12.08
-0.5
10.19
11.68
-0.54
9.02
11.81
15.3
14.97
6.44
1.99
5.69
12.22
12.41
7.87
4.21
-1.3
11.33
15.38
18.54
20.22
18.58
13.75
1.66
-3.41
6.39
5.26
8.37
9.96
-1.72
14.28
14.17
2.44
4.32
6.51
2.73
-1.09
9.23
8.91
3.97
9.95
6.04
-3.61
-5.55
-7.13
4.95
7.51
-5.48
11.22
10.53
5.5
-0.12
5.17
11.15
15.02
16.28
14.58
7.06
9.63
3.73
4.88
8.44
16.04
17.19
12.54
-6.96
7.24
3.03
1.52
7.46
11.6
11.3
11.03
10.92
9.82
5.77
9.73
13.65
11.42
2.18
-1.51
6.23
11.36
8.64
6.44
8.07
-7
-0.69
11.21
14.16
15.43
15.1
9.2
1.2
-0.74
11.12
12.88
10.87
6.06
6.31
10.73
10.07
13.89
17.41
14.01
14.76
12.25
12.32
12.13
19.35
19.35
8.14
13.54
25.18
27.9
23.85
0.31
16
8.07
10.98
-8.46
21.32
26.39
23.16
13.23
22.2
17.62
15.82
9.9
7
12.13
14.58
18.09
13.72
9.86
15.61
7.68
17.99
22.46
18.73
24.11
25.22
21.43
17.99
13.17
13.97
18.11
14.54
22.04
22.79
25.37
31.91
30.36
27.18
27.28
24.12
25.49
26.45
28.97
26.81
12.85
20.46
22.36
21.16
23.28
21.73
11.46
18.02
17.15
13.17
18.57
19.63
15.79
4.67
11.11
20.6
19.18
8.43
14.01
21.98
24.12
22.92
12.8
16.77
23.75
29.41
32.21
30.39
25.37
22.54
20.62
9.15
17.71
18.97
26.48
25.33
22.66
26.11
12.88
24.16
19.92
15.13
18.89
16.38
6.85
19.3
11.97
13.76
12.68
11.03
5.63
15.95
24.48
23.78
16.14
23.3
22.87
18.82
20.14
14.77
24.39
28.02
23.22
20.94
22.91
22.28
22.99
23.76
5.46
22.58
23.33
24.59
25.22
14.81
16.7
14.47
25.18
29.51
26.25
10.59
20.6
22.18
17.34
9.42
20.26
19.54
18.25
17.24
16.66
28.86
31.82
28.2
20.4
21.16
13.5
22.51
22.01
-2.87
20.33
18.04
20.35
28.04
29.1
28.48
25.05
24.26
24.24
18.67
18.13
18.05
14.07
15.08
21.35
22.69
22.58
24.62
23.04
11.15
19.14
22.87
26.78
21.21
6.33
19.36
19.39
13.87
23.09
26.92
28.51
30.41
30.53
23.66
5.27
21.28
26.51
22.68
7.16
17.68
21.48
17.98
16.63
25.61
23.87
22.2
24.5
25.54
21.94
22.59
25.21
22.38
13.66
12.06
18.55
17.85
13.43
13.37
25.94
28.62
24.91
19.32
17.51
19.92
23.5
20.71
17.09
21.15
22.11
19.09
17.73
13.71
21.89
23.17
23.63
25.72
22.5
14.34
18.92
16.65
14.55
18.45
19.13
15.06
18.08
16.26
11.64
12.11
14.05
17.29
21.94
22.34
19.62
25.98
29.43
26.85
14.81
10.74
18.66
22.96
21.19
18.79
21.53
22.8
19.84
21.32
25.19
9.1
20.23
13.9
8
-1.08
17.83
19.51
22.63
20.2
10.48
23.51
25.62
22.93
19.23
18.25
5.82
23.3
26.82
22.73
15.27
22.21
28.05
28.17
23.58
15.07
10.08
1.84
13.41
16.2
0.72
16.49
18.91
23.4
19.48
21.37
17.24
15.1
13.19
16.9
16.78
8.9
19.25
20.95
16.86
14.8
13.41
11.28
18.74
20.73
20.52
14.27
10.33
18.25
18.89
10.65
14.73
18.62
16.01
16.56
11.65
1.94
12.74
14.55
10.89
7.29
8.31
16
18.02
16.15
10.53
11.6
13.65
9.84
8.33
11.92
7.53
7.15
13.02
11.69
5.39
10.06
17.89
19.39
18.66
21.45
18.66
-4.05
16.06
17.43
17.25
19.66
20.32
14.51
16.16
13.56
10.45
11.28
0.31
15.54
16.8
-4.04
16.04
17.9
17.72
14.11
9.1
8.68
7.21
14.8
18.63
17.23
14.4
13.5
6.99
-0.75
11.94
16.68
12.83
-1.9
7.76
16.31
15.5
6.49
9.33
13.37
10.21
7.56
12.49
12.23
8.07
4.34
12.43
14.87
8.25
0.38
10.3
11.65
13.07
20.66
22.71
13.05
14.25
15.9
25.81
25.57
13.62
17.06
19.01
17.89
18.1
18.97
16.87
16.12
18.67
23.54
25.56
25.73
26.87
20.88
16.75
24.76
27.69
20.98
21.56
24.02
18.98
11.39
19.98
22.92
25.34
25.34
23.94
29.14
28
24.27
18.34
9.21
16.31
23.43
22.01
15.2
23.23
24.69
21.26
22.78
24.35
5.46
21.24
14.81
20.27
25.03
23.06
20.48
22.23
24.29
20.09
14.09
20
17.51
9.97
18.78
21.91
13.61
17.23
13.68
19.73
22.65
23.1
19.05
15.78
14.37
19.7
25.31
21.01
17.52
21.77
23.07
15.8
24.01
19.67
13.33
16.56
21.86
23.45
23.08
23.08
21.7
22.44
18.6
10.79
18.05
14.8
-0.46
16.35
21.22
17.03
23.21
21.76
21.29
8.95
24.04
28.3
24.9
19.05
26.61
22.53
18.42
12.29
12.99
18.55
24.69
25.95
21.72
21.2
10.32
22.43
21.03
14.49
9.32
17.74
21.01
19.52
16.13
17.31
18.57
19.02
20.18
20.27
21.76
18.38
10.76
11.13
12.33
5.85
15.81
13.59
14.31
23.34
22.16
15.65
21.16
22.28
26.21
27.91
23.98
20.08
25.55
25.67
24.12
19.36
16.12
22.2
21.33
19.15
14.2
18.44
24.38
24.62
24.54
24.54
14.8
17.64
18.07
22.11
25.69
25.69
20.37
6.29
14.95
20.93
20.99
16.11
20.37
10.83
13.75
9.69
17.06
19.55
22.05
19.11
-0.37
16.83
12.22
21.44
21.05
26.07
27.7
24.2
16.42
18.76
10.58
20.57
22.41
11.32
18.99
16.19
22.14
19.36
15.57
21.45
22.15
21.76
21.37
23.85
25.09
25.45
24.64
19.33
13.78
16.32
19.66
24.58
27.29
26.68
21.8
17.67
15.28
16.71
16.66
16.71
22.99
24.63
26.33
26.13
23.92
7.97
23.41
20.91
20.36
22.48
10.01
22.75
23.72
22.74
21.34
2.94
20.06
12.07
12.9
6.71
15.24
10.29
20.79
21.55
10.26
13.66
20.28
13.79
20.81
15.31
24.48
24.69
18.05
19.19
18.66
19.79
19.55
21.88
23.02
19.26
21.25
13.22
22.42
25.14
22.44
20.96
19.08
12.14
13.54
16.48
22.43
25.08
15.7
19.76
19.78
8.68
16.61
13.04
7.49
18.85
21.56
15.42
13.09
20.24
14.23
14.67
12.21
17.56
18.73
9.48
12.39
12.61
9.41
22.86
22.51
21.71
22.29
8.59
16.62
21.15
19.15
20.1
22.04
16.69
18.53
16.23
14.84
19.65
20.03
15.49
8.19
19.06
16.26
18.89
22.88
15.46
13.71
8.02
20.54
22.57
25.72
22.27
12.17
20.22
13.54
3.82
6.65
12.19
15.99
20.7
23
22.72
15.18
1.2
18.46
26.11
29.49
26.99
20.89
21.09
14.86
6.01
14.95
13.78
7.15
18.12
20.78
21.01
19.3
14.9
10.78
19.45
20.85
23.77
20.36
13.98
17.4
22.88
24.14
20.9
16.72
9.83
15.62
22.71
23.81
25.35
20.46
8.14
14.01
10.58
19.55
17.7
16.42
15.66
18.19
14.54
16.21
20.7
17.52
-2.77
12.05
4.5
13.9
20.45
22.07
21.64
18.16
12.18
17.97
18.45
12.34
21.06
21.86
16.11
19.35
15.2
16.18
25.93
21.87
13.38
7.02
21.76
24.56
18.98
20.64
25.54
25.78
19.59
20.18
18.2
15.3
21.71
20.95
19.2
19.83
15.91
21.65
24.21
18.53
21.45
21.89
21.59
21.46
18.27
20.11
23.35
10.56
23.93
24.6
16.25
9.23
17.27
14.62
20.84
24.02
14.33
5.77
16.02
20.63
16.31
12.78
6.45
13.26
20.54
18.83
11.06
17.94
22.89
20.25
18.55
21.11
15.7
11.59
24.78
27.64
25.8
23.08
19.54
17.83
16.33
12.64
19.13
16.32
18.36
19.01
16.61
17.11
22.12
25.59
29.38
28.77
22.42
18.8
26.45
26.57
14.22
18.31
22.33
25.52
25.57
23.76
25.86
22.45
17.66
23.63
28.25
24.87
6.67
22.11
21.68
22.78
18.13
11.35
21.43
23.77
15.97
13.09
25.49
27
14.43
22.31
25.33
25.76
26.6
25.1
21.32
17.56
12.7
17.21
18.45
13.12
20.48
17.2
9.62
18.61
20.61
20.54
23.18
21.28
16.42
18.09
24.14
22.87
19.94
11.58
23.41
24.77
23.31
13.62
28.6
29.29
18.68
22.25
23.83
23.54
23.61
23.96
20.88
17.3
24.22
27.94
22.67
23.98
21.56
22.66
23.93
21.18
11.59
-2.01
24.41
30.63
26.53
17.3
30.57
33.28
29.63
25.77
21.46
15.56
15.92
21.53
20.11
9.4
21.66
15.92
11.82
20.4
21.5
14.82
22.55
24.17
12.66
16.26
21.87
35.05
36.28
28.78
7.29
25.16
26.06
19.76
21.77
25.34
1.91
25.8
24.69
17.79
14.07
16.73
15.16
28.33
30.17
25.75
11.49
17.08
22.92
19.76
22.19
21.31
10.62
18.67
24.33
37.68
45.91
45.62
35.97
16.69
16.38
-6.79
17.9
23.84
21.95
22.29
27.36
27.72
22.66
17.34
20.93
22.05
18.16
22.86
22.64
18.51
18.54
31.51
30.04
21.24
24.68
18.87
21.86
22.39
14.39
19.17
26.02
27.19
26.29
20.89
6.68
12.59
21.63
23.39
17.36
13.31
12.82
21.32
20.29
21.62
14.89
22.09
15.4
24.75
24.4
17.83
27.45
28.6
29.01
33.27
42.4
44.28
38.65
28.56
21.07
22.08
18.69
9.78
13.54
22.66
28.85
36.67
33.55
19.12
12.82
20.38
22.56
21.88
16.74
8.11
16.81
20.62
26.31
22.43
14.28
12.61
25.59
31.99
40.95
43.77
37.72
27.07
19.53
13.51
22.79
21.9
19.23
26.64
20.41
12.98
20.18
17.94
22.49
24.75
19.1
11.19
13.75
10.42
20.06
21.64
19.63
18.23
25.63
27.45
22.36
20.15
16.87
17.59
20.43
14.51
5.67
19.21
21.47
17.39
22.86
25.1
24.55
24.38
21.33
18.35
15.32
25.44
22.71
24.02
24.5
24.16
25.65
14.47
17.14
11.54
32.96
39.8
37.76
26.55
19.91
19.65
16.9
21.41
26.29
27.19
22.11
20.44
21.83
18.79
10.18
20.31
22.97
23.66
24.53
23.99
22.08
19.53
12.46
12.51
20.42
23.07
25.77
24.73
21.62
22.73
19.86
1.6
16.14
20.72
26.96
31.31
30.12
23.32
19.17
19.95
21.58
24.61
23.5
20.34
27.71
32.54
32.52
29.65
22.26
22.15
24.12
21.87
13.82
14.63
3.81
15.88
19.41
18.34
14.46
17.15
23.37
16.76
24.32
23.91
23.64
22.74
16.4
20.19
22.98
18.6
8.42
23.45
36.66
40.73
36.48
29.7
28.46
25.72
25.09
26.78
27.84
27.44
35.4
36.52
26.65
23.02
25.46
32.96
34.72
34.67
43.52
46.97
42.93
33.93
28.58
20.42
15.19
19.83
25.17
30.51
32.59
34.11
37.48
39.06
35.04
25.96
25.67
23.21
19.18
25.1
27.58
27.69
21.78
28.07
29.62
16.43
25.39
21.51
9.81
22.54
23.12
30.81
34.58
32.49
21.09
12.16
2.42
20.59
27.61
31.11
30.01
25.93
17.97
29.2
29.32
23.72
18.13
29.76
32.21
32.98
35.09
33.74
24.18
22.85
28.23
28.67
28.56
22.45
19.32
31.46
45.5
50.61
46.51
28.52
25.82
24.11
27.99
25.42
21.18
28.2
38.73
44.97
42.95
34.25
27.92
26.61
25.93
23.86
26.46
32.21
32.17
24.66
25.78
27.24
29.8
30.08
30.24
25.48
23.22
28.3
32.65
30.92
26.44
16.26
23.37
31.23
29.39
27.96
28.99
23.99
28.05
31.7
34.13
33.87
31.16
29.91
30.21
28.23
20.26
26.25
33.08
35.1
31.46
25.34
24.7
21.02
22.74
20.39
30.42
27.04
22.56
20.8
22.7
24.9
29.2
23.16
3.21
20.87
20.84
23.35
25.26
16.2
20.87
27.91
26.77
25.21
30.58
31.98
25
13.58
11.15
21.66
22.55
25.55
23.03
20.73
22.89
23.02
19.41
15.75
21.93
26.92
28.07
28.9
30.87
32.77
29.89
22.85
20.76
11.77
15.3
25.47
28.67
30.73
23.98
27.25
31.34
30.16
30.91
31.06
30.85
21.35
21.86
22.96
15.5
16.51
26.4
29.82
25.31
11.29
24.75
31.54
35.04
32.61
27.55
22.19
24.46
22.31
11.24
23.47
23.62
20.68
22.67
19.56
16.13
21.3
26.77
29.54
25.75
24.07
22.95
22.55
20.09
17.69
20.06
17.11
23.35
25.29
16.62
21.23
25.53
20.59
20.95
21.14
26.66
25.5
25.34
27.94
25.93
14.03
16.13
22.87
21.34
10.78
19.61
16.47
23.3
27.38
24.83
21.04
17.23
24.53
27.66
28.46
22.88
22.19
30.16
31.48
26.77
11.37
22.75
24.45
24.43
19.1
25.93
25.85
24.59
26.4
26.6
22.9
10.06
18.3
28.69
26.68
22.32
25.31
22.96
18.43
17.5
13.46
19.08
22.5
18.84
22.42
21.39
21.48
21.15
23.59
23.31
24.16
22.62
11.75
25.2
22.85
16.71
23.8
29.23
27.8
23.64
26.37
25.03
22.39
25.41
29.14
28.98
24.55
23.6
19.6
18.95
23.69
22.96
21.37
16.89
19.44
22.36
19.78
13.97
23.93
26.95
23.82
16.61
20.18
16.15
21.88
19.32
26.87
27.12
26.52
25.81
22.08
23.9
20.47
21.53
23.68
21.27
17.34
7.73
-2.06
15
15.98
15.5
15.77
15.81
18.27
18.75
23.85
24.98
23.14
18.01
17.26
26.07
26.49
24.11
23.91
20.7
4.84
14.64
20.92
14.82
23.72
25.66
22.75
24.83
23.38
27.28
25.18
11.24
16.64
21.73
25.97
24.18
24.13
22.62
23.76
19.99
19.4
6.87
22.52
23.26
23.12
22.84
14.63
17.83
17.68
21.56
17.44
14.89
14.44
16.62
17.62
24.2
15.91
24.42
22.64
21.54
26.48
28.6
27.42
21.37
22.02
11.73
26.17
18.57
27.38
30.07
23.45
20.53
26.59
26.46
25.41
22.42
19.76
26.3
33.18
31.74
27.53
27.91
17.04
24.52
27.05
27.7
30.16
27.93
26.61
28.07
19.02
20.31
24.42
26.87
27.97
22.65
23.08
22.55
22.92
25.65
12.24
24.09
18.71
23.34
29.11
26.82
20.01
18.65
23.79
27.21
29.59
32.91
33.73
29.3
28.64
31.57
27.21
22.89
20.73
26.98
29.85
26.71
18.25
23.1
25.89
19.1
26.37
26.31
23.96
23.86
21.23
24.45
28.85
33.28
36.9
33.82
29.8
29.42
26.05
26.71
25.75
25.6
22.3
22.19
21.4
22.96
20.32
22.45
23.18
27.17
28.67
28.28
27.12
29.6
30.53
25.57
12.95
22.52
9.72
18.02
13.66
13.51
23.14
24.2
22.18
28.04
29
29.6
30.52
27.32
29.77
26.17
9.12
18.11
12.8
22.58
24.46
26.56
27.12
18.21
21.41
29.61
31.69
29.05
25.53
24.8
22.17
14.61
4.06
10.71
16.89
26.35
27.2
15.27
18.23
25.03
26.07
27.31
28.3
26.87
21.67
14.2
26.4
26.6
25.2
24.52
10.08
22.61
23.72
26.96
22.59
21.4
26.88
26.99
26.68
27.8
28
28.4
29.36
27.57
24.04
12
20.94
19.35
12.54
23.21
24.97
22.11
24.17
25.19
23.88
23.76
16.33
19.77
26.78
28.76
28.67
24.17
20.77
25.09
22.96
27.52
29.36
25.68
17.76
15.69
13.59
8.73
20.29
26.3
26.74
28.18
26.05
14.6
20.47
24.69
19.61
18.36
18.71
19.91
29.39
28.32
20.25
18.47
24.71
22.19
22.25
25.77
24.13
-1.53
19.43
15.01
22.17
21.67
19.75
19.7
24.22
22.85
15.29
15.15
22.68
19.72
13.57
23.53
22.5
5.88
18.31
18.27
14.19
12.86
21.47
20.39
14.16
18.76
11.32
12.85
12.73
7.06
14.66
20.25
22.78
21.92
19.56
-0.93
13.47
15.22
15.23
11.08
6.11
5.33
13.94
21.82
21.94
23.55
21.3
19.13
20.36
20.64
20
17.32
14.77
24.59
23.02
16.78
8.31
3.16
15.8
21.85
19.85
13.06
23.22
23.43
18.1
14.06
16
6.79
19.92
23.82
19.63
18.6
9.01
12.4
16.66
14.91
16.56
17.14
18.37
14.73
14.57
19.09
14.68
20
25.81
25.38
19.34
16.67
14.92
15.26
19.29
18.52
18.7
21.39
21.63
23.3
22.23
18.8
15.3
3.29
8.59
20.65
19.94
11.16
18.98
24.67
21.11
13.69
22.68
21.67
21.7
25
23.21
21.44
17.53
9.42
22.05
23.65
21.35
21.21
24.98
24.1
16.04
-24.02
-3.64
7.92
11.56
19.42
23.18
23.06
18.43
13.77
16.84
16.52
16.5
16.06
8.34
8.93
9.29
15.67
18.62
20.47
14.78
9.06
15.92
15.95
18.88
19.34
11.81
14.03
14.51
18.8
22.5
15.37
16.91
20.15
17.8
17.87
16.45
16.87
19.41
12.62
15.92
19.23
20.13
21.71
22.24
19.46
2.58
15.15
18.77
19.24
16.06
19.32
22.61
21.74
11.33
9.13
15.7
12.21
18.47
19.3
18.2
16.28
17.01
21.99
21.22
26.67
19.62
10.92
15.49
23.16
24.98
23.97
23.88
22.44
15.35
13.97
14.18
20.76
23.33
24.82
24.88
20.94
20.38
19.46
16.34
16.31
23.05
22.33
17.38
11.73
20.46
25.88
24.46
13.93
7.74
11.89
10.22
21.83
27.94
27.09
22.99
14.22
16.44
18.5
17.57
18.15
17.89
17.92
16.37
11.68
16.2
21.79
15.77
15.1
18.63
18.94
20.43
4.54
19.17
15.31
9.74
15.68
18.98
18.93
13.11
10.67
21.52
22.77
19.9
14.92
13.96
16.36
12.93
24.88
24.23
5.82
20.02
22.73
24.15
19.93
11.64
9.91
10.31
11.45
13.97
12.25
10.89
17.96
25.43
29.04
26.94
20.17
23.02
17.52
18.87
14.6
14.64
14.69
18.35
20.21
20.88
15.12
11.74
16.39
20.74
23.88
14.88
19.17
14.58
13.5
14.77
13.38
14.62
23.67
23.18
22.3
23.31
23.81
20.32
10.31
16.64
21.77
21.19
17.95
12.73
20.4
22.29
7.96
20.68
24.03
23.22
20.58
13.4
22.79
23.69
23.66
20.01
11.53
16.53
14.54
8.27
23.98
25.69
19.26
13.94
16.36
24.08
26.91
23.58
17.4
33.3
37.98
34.95
22.77
16.62
20.48
15.11
6.85
2.18
14.17
22.07
20.21
11.93
19.33
20.19
16.3
22.04
21.07
11.9
4.2
8.98
2.33
9.51
15.78
19.98
22.27
20.69
16.02
15.61
17.11
13.86
8.12
12.42
3.87
11.27
11.5
12.92
14.92
17.77
18.7
19.12
15.89
11.94
19.31
17.55
7.07
10.28
14.24
-6.07
17.16
18.85
18.53
20.88
15.23
17.26
18.22
21.55
19.86
17.14
15.11
17.25
20.63
21.19
21.48
18.35
8.12
14.32
19.1
19.52
16.83
15.61
19.21
21.73
21.58
22.72
22.76
13.69
11.87
14.68
10.35
9.07
16.18
16.62
13.21
16.31
18.09
17.06
22.82
20.93
17.16
19.22
17.04
22.16
22.46
13.63
0.99
3.67
15.87
20.08
21.12
16.52
10.01
18.56
16.53
-4.53
15.5
21.71
-3.64
22.37
14.42
15.81
17.37
13.8
16.96
19.95
19.04
17.24
8.32
19.12
24.43
20.86
16.72
18.78
16.57
14.65
8.45
12.88
17.33
18.1
20.79
24.47
22
10.23
10.68
7.31
-2.1
-5
6.99
13.08
11.43
15.89
15.74
17.03
23.77
21.51
11.25
13.87
17.89
15.01
18.21
15.09
18.13
14.65
18.62
20.13
16.9
17.66
19.23
16.84
14.99
18.86
21.23
18.31
13.13
11.24
15.63
19.39
18.56
19.92
22.94
18.99
8.27
10.96
14.07
8.36
10.4
1.86
8.99
16.45
18.75
13.28
3.12
3.59
9.88
14.73
21.06
22.37
20.7
17.35
18.49
18.94
19.46
21.6
19.52
15.66
18.16
17.88
5.73
22.23
22.98
19.97
16.35
18.05
19.54
18.2
16.46
13.48
18.75
21.75
19.45
18.55
15.58
11.6
16.46
15.53
7.06
19.42
19.25
13.83
14.07
12.07
12.29
13.45
3.93
13.03
16.36
21.07
20.69
13.91
13.82
16.67
11.84
13.5
12.61
11.86
15.08
19.13
16.08
20.48
22.54
21.32
20.2
13.23
18.58
20.94
18.52
19.58
20.73
20.34
17.82
17.77
17.97
14.5
3.93
12.48
10.89
12.55
9.36
8.27
16.68
20.95
19.79
11.53
12.01
15.65
15.36
17.68
15.51
13.51
18.13
18.89
16.44
16.36
15.69
17.55
15.09
12.75
18.23
16.06
5.29
11.99
15.38
13.84
13.61
8.91
18.3
20.83
22.23
22.35
20.42
20.26
19.77
19.94
20.5
16.77
14.54
18.39
16.9
7.48
15.05
6.33
4.91
15.68
17.72
12.66
1.01
6.52
15.71
14
11.63
15.98
18.94
20.7
20.15
16.01
13.39
14.14
8.67
20.5
21.06
8.61
18.85
22.73
22.47
20.95
18.82
11.3
16.47
19.39
18.76
19.43
18.9
17.66
16.95
17.37
16.78
11.75
5.2
8.24
8.5
5.97
-6.05
14.24
20.14
19.66
17.37
16.95
16.77
12.57
1.59
10.01
9.63
16.87
19.99
16.35
5.7
6.09
15.36
18.99
10.67
19.85
23.62
19.32
7.57
15.36
17.42
12.68
5.16
6.5
11.19
14.39
15.65
16.5
17.99
13.82
4.26
10.85
10.64
13.49
11.16
7.27
17.7
21.35
18.52
14.37
21.25
20.23
13.41
21.46
20.46
11.09
5.76
13.2
15.68
16.44
9.24
12.95
17.92
14.74
12.82
14.8
9.93
-5.71
15.42
17.68
12.3
16.11
20.92
20.83
14.45
14.43
14.4
10.43
19.75
19.3
17.96
20.46
17.83
8.9
16.89
16.66
15.04
8.69
9.73
1.92
17.12
15.36
10.51
7.35
11.16
14.09
14.66
15.53
16.05
11.21
6.11
14.29
14.65
2.53
14.55
21.62
24.81
23.23
19.51
17.17
14.31
16.96
18.02
7.88
8.75
13.86
7.91
6.75
9.59
15.08
20.29
21.05
21.08
18.36
14.43
12.19
6.34
18.72
17.28
13.43
14.68
17.13
15.12
11.28
15.13
20.75
22.4
20.01
21.42
20.53
11.05
18.41
22.78
21.3
15.68
13.07
18.77
13.97
11.02
16.64
16.49
19.11
20.55
16.66
18.59
20.49
12.08
14.75
20.83
17.34
18.15
20.5
19.24
18.62
19.99
14.21
15.07
16.77
8.16
17.28
14.64
12.75
16.62
17.82
13.13
11.33
17.9
18.74
12.7
22.66
23.93
21.25
9.7
18.34
18.51
17.39
8.96
12.83
18.82
14.59
4.77
12.49
7.97
15.01
24.35
24.91
19.23
15.76
12.42
13.31
19.21
20.76
18.05
11.9
0.86
13.97
11.53
13.97
19.47
17.19
0.33
12.37
9.64
20.63
23.11
25.73
25.08
20.12
11.25
10.41
18.92
22.89
23.68
19.07
5.81
18.95
12.13
8.85
14.54
21.76
22.29
18.37
16.68
15.65
13.66
11.07
13.63
12.72
12.69
17.31
22.15
21.63
13.28
5.85
9.73
17.71
22.18
22.24
18.89
8.21
6.07
9.83
17.04
18.23
8.46
10.67
15.95
18.25
18.51
11.91
5.45
14.71
16.61
13.87
3.7
8.16
10.95
11.66
18.81
13.49
18.85
21.77
17.87
17.81
18.56
2.02
19.25
20.98
17.99
15.49
18.39
14.43
11.24
16.83
13.81
6.06
14.16
13.02
11.36
12.08
15.81
12.59
13.95
20.69
17.49
15.14
11.64
16.51
21.3
18.34
7.91
3.8
13.14
18.36
17.03
18.18
20.62
21.11
19.89
17
19.1
20.07
19.11
18.55
13.16
3.77
11.72
5.76
2.84
8.95
11.92
16.96
8.2
1.42
12.08
17.61
20.26
21.5
15.93
14.38
17.42
12.83
12.46
7.72
19.47
21.58
17.7
13.05
3.32
14.83
15.16
14.66
14.43
13.26
6.29
6.92
12.53
12.54
12.53
-1.82
12.26
7.48
1.39
8.41
15.93
17.6
12.61
-18.7
0.32
9.99
13.63
15.67
16.5
10.64
8.85
16.33
21.11
16.95
5.47
17.56
20.65
17.63
12.84
5.5
9.55
9.59
9.2
9.87
10.91
9.67
15.57
15.47
11.78
4.01
8.66
1.75
19.86
20.92
15.61
13.96
13.01
18.09
19.53
17.03
16.18
10.51
18.41
23.72
21.92
12.78
6.02
2.73
18.34
23.08
22.11
19.89
3.75
13.65
15.06
16.91
14.6
9.63
5.28
8.91
8.07
15.2
22.04
21.26
13.11
12.04
16.91
16.64
5.94
3.59
16.85
18.59
15.25
11.51
6.47
12.9
19
19.02
18.32
14.9
1.73
14.27
13.57
11.94
11.23
12.38
12.92
18.81
12.07
9.31
9.19
14.93
13.49
8.52
14.69
19.69
15
-4.92
6.07
10.39
15.37
18.56
18.33
14.44
10.38
13.87
16.49
15.71
17.67
17.83
10.16
18.04
14.05
9.74
16.07
18.21
14.66
18.77
19.04
14.32
8.36
10.23
11.7
17.55
18.08
16.34
14.12
13.77
-0.08
18.19
19.63
13.22
1.64
4.9
7.95
15.77
20.45
18.81
13.61
12.55
13.24
7.9
12.3
18.98
14.53
5.81
7.51
13.49
11.3
-9.57
13.07
19.66
18.69
10.8
9.79
15.84
16.81
14.37
13.39
18.26
10
7.29
14.55
14.95
-4.53
13.92
16.74
13.54
12.39
15.72
9.4
12.21
-0.5
11.83
16.21
18.71
16.73
15.61
15.38
14.87
13.73
-0.76
16.36
20.46
19.05
16.62
16.64
10.5
8.59
15.47
5.55
10.36
4.27
3.12
16.25
18.2
16.04
17.87
8.21
14.05
15.89
17.3
20.49
15.51
-0.11
-13.82
4.77
3.02
1.89
6.02
17.88
16.62
7.64
7.76
14.84
15.41
15.19
16.02
19.31
18.98
11.1
18.31
19.12
13.55
11.66
18.2
20.88
17.84
6.76
12.4
17.12
15.14
13.21
2.25
10.83
14.49
12.99
8.17
17.17
20.23
14.02
15.29
14.45
0.75
3.08
14.84
15.3
12.65
17.13
19.42
15.33
15.1
0.99
10.98
14.33
18.07
16.26
8.9
8.79
17.11
20.98
19.3
6.52
11.98
17.94
17.08
17.25
20.11
18.85
16.69
19.12
18.15
16.12
19.61
14.4
5.21
6.82
14.32
17.55
13.89
12.3
13.63
18.47
14.58
9.17
16.28
20.65
19.3
12.61
10.22
11.98
9.48
13.03
11.93
9.29
7.34
13
15.41
10.33
6.71
2.21
8.46
13.03
14.46
15.87
12.73
4.37
16.75
9.32
16.64
17.07
19.37
19.68
11.03
8.16
4.42
6.18
12.64
19.77
17.34
13.36
6.71
6.43
9.07
18.66
19.8
12.01
8
12.39
13.45
16.48
16.19
10.19
9.86
8.48
13.35
12.92
13.95
18.34
13.43
1.64
12.21
12.39
15.62
17.59
19.58
21.26
20.64
16.08
14.35
14.75
10.73
18.85
14
5.12
15.05
20.32
17.3
2.64
6.37
12.5
13.88
5.32
14.1
16.52
15.79
15.07
15.7
13.47
13.53
12.13
5.69
12.91
9.82
9.82
14.39
19.35
17.79
1.03
11.59
14.36
17.07
15.52
14.91
8.38
10
13.85
6.47
13.03
17.73
13.17
11.66
9.57
13.43
19.33
17.73
8.81
13.9
16.12
11.63
3.07
4.44
7.84
12.33
11.18
7.01
12.95
6.31
12.11
4.77
10.86
12.2
19.17
19.36
8.35
10.78
13.93
0.03
13.85
15.88
17.04
16.12
14.57
15.56
12.13
15.29
17.83
19.49
19.49
14.79
15.86
19.63
20.14
19.08
14.19
-2.34
13.78
11.75
15.36
19.88
20.45
17.93
6.02
10.92
12.72
3.79
9.89
4.19
-4.73
15.58
17.94
13.01
19.97
20.08
14.81
6.29
16.35
18.44
19.41
19.32
17.84
12.94
8.74
12.2
12.41
12.73
8.66
11.56
18.58
18.54
14.02
9.03
12.16
14
13.89
13.56
4.43
12.59
17.68
15.88
2
16.99
21.51
20.72
18.27
15.91
15.99
19.97
18.47
9.99
9.92
4.43
14.84
16.75
10.97
10.24
16.83
18.19
20.26
17.95
13.49
12.04
5.5
15.5
16.57
15.64
14.26
9.29
4.35
8.56
7.12
13.11
17.5
12.12
-6.08
5.56
-4.31
14.93
19.89
20.13
15.82
11.14
15.19
11.55
11.26
12.99
13.71
0.38
9.5
13.89
11.54
8.3
12.69
13.39
9.52
8.54
-3.5
16.61
23.87
24.86
19.09
6.96
5.82
15.54
16.3
15.33
15.17
3.36
10.02
8.49
10.58
19.8
21.7
16.25
14.93
15.82
11.69
4.06
7.21
7.06
-2.72
16.5
21.31
20.29
16.6
16.28
15.81
16.28
14.5
8.53
13.82
-7.04
4.6
12.89
12.9
10.68
11.96
12.74
14.91
11.28
3.71
10.69
14.06
16.4
11.11
-4.41
9.27
12.6
16.67
18.25
10.59
-5.37
0.2
4.03
11.62
15.68
13.34
9.94
2.88
12.23
13.76
13.3
18.57
7.18
4.81
4.27
4.29
8.27
15.15
17.28
11.35
6.14
1.96
3.67
6.94
10.41
6.87
13.82
15.96
16.67
15.37
18.84
18.65
15.32
2.68
15.8
10.83
10.45
5.34
11.47
12.37
7.55
17.46
16.23
13.36
12.44
12.34
11.27
15.33
14.1
4.11
14.09
17.66
19.52
14.86
10.83
15.03
8.57
9.35
10.3
13.22
19.04
15.9
1.89
15.41
13.36
7.13
15.4
15.56
5.63
7.47
12.17
5.8
14.7
19.45
11.97
9.71
6.89
4.43
9.44
16.4
14.09
2.73
7.99
-2.73
8.37
10.47
10.58
9.08
6
11.97
12.04
13.72
9.98
7.42
10.95
9.63
12.03
12.16
15.29
19.54
19.33
15.45
14.55
11.05
5.38
10.87
17.08
12.19
10.65
3.93
13.72
13.43
10.14
12.86
9.65
12.56
17.98
20.84
17.93
11.74
14.01
9.12
8.6
9.34
18.7
18.77
7.54
14.42
13.54
18.85
17.66
12.58
8.02
12.28
17.73
16.93
2.54
2.24
8.71
6.28
15.29
15.66
10.39
6.09
9.32
17.5
16.34
9.14
3.3
16.38
16.2
11.65
13.77
9.76
13.24
7.7
9.23
10.22
10.37
10.73
8.52
15.98
12.64
8.91
14.16
15.62
11.64
16.61
17.21
15.31
8.57
10.35
16.83
17.69
15.56
15.6
15.57
9.83
8.84
11.43
16.43
17.44
12.86
7.39
11.74
10.67
4.42
11.14
7.69
13.36
12.16
5.85
1.84
10.58
12.84
6.52
6.19
-0.27
13.06
12.46
13.93
11.74
-0.4
0.84
6.48
6.72
11.83
9.76
7.73
11.78
3.96
5.49
0.83
7.15
4.24
9
7.98
6.41
8.02
2.53
12.51
16.4
15.25
10.59
9.7
0.47
6.94
9.84
15.1
5.87
9.52
5.71
0.9
-2.13
12.97
15.85
3.65
0.49
9.06
11.66
12.03
11.38
12.33
16.02
13.77
-2.89
-2.11
12.71
10.45
9.18
14.68
15.56
13.78
13
8.88
6.75
1.29
8.67
16.58
18.57
14.69
4.2
10.8
10.1
2.06
7.33
12.43
16.17
17.15
16.78
13.58
10.84
13.47
15.2
14.35
13.68
14.09
15.99
14.6
10.21
-0.93
7.51
2.62
9.92
12.65
10.88
9.34
7.76
12.25
8.09
9.06
4.91
4.46
-3.93
4.34
9.48
9.13
7.29
1.97
6.29
14.18
16.64
15.78
7.25
9.16
14.13
12.64
8.43
12.5
14.97
8.67
10.61
12.64
14.25
15.53
11.53
5.26
-0.47
10.23
14.25
14.9
14.02
8.55
9.8
7.92
0.08
7.03
15.73
13.3
9.43
7.81
5.65
10.5
5.59
15.25
10.91
14.82
19.99
16.71
13.97
11.36
4.08
7.52
4.21
8.85
7.15
3.4
-0.8
4.63
5.5
-0.84
8.07
4.82
6.95
8.54
2.88
-7.05
1.86
11.55
15.37
12.23
17.54
18.35
11.19
18.62
19.67
18.05
9.3
1.26
9.2
14.1
14.47
16.12
16.59
17.17
16.27
14.59
16.86
14.98
9.82
9.88
11.81
14.33
14.38
11.05
11.73
16.15
14.93
15.51
9.92
11.88
14.29
8.05
10.65
15.72
17.8
15.08
1.76
6.51
10.56
9.31
5.34
-0.13
3.79
11.37
14.71
12.47
-7.09
13.57
18.56
19.44
19.53
16.12
12.97
13.24
4.57
2.32
4.71
14.63
16.37
15.18
9.93
-0.49
9.47
10.25
14.31
15.21
9.66
3.84
8.67
10.88
11.06
11.01
3.68
-4.93
11.31
13.01
3.25
4.05
7.75
3.08
4.25
10.21
8.69
14.11
15.98
10.18
7.38
14.96
15.54
15.77
13.43
8.08
-0.02
12.72
15.3
14.08
9.59
8.43
11.82
12.03
15.2
13.82
15.8
15.95
15.98
7.07
9.12
10.58
0.85
8.96
10.79
7.01
7.82
15.69
15.67
13.54
11.92
3.2
6.29
12.6
12.81
-3.94
12.13
17.45
18.57
18.04
16.84
10.91
4.32
4.91
-3.53
-1.71
0.35
10.71
5.69
9.07
11.91
3.8
2.27
0.31
7.36
13.29
12.61
10.5
16.01
14.59
11.89
12.33
10.2
9.82
10.88
12.63
14.13
7.43
8.27
9.89
11.31
17.94
13.97
13.01
13.82
12.37
10.45
2.62
18.82
20.1
15.89
16.79
16.51
14.67
12.06
1.01
2.99
-7.74
9.24
13.56
15.17
4.79
9.03
12.6
10.58
4.45
-2.79
5.68
15.09
18.16
16.21
14.96
18.36
16.75
9.76
-7.66
13.51
16.35
7.56
10.67
5.23
10.26
8.07
7.1
12.39
14.18
13.66
8.08
5.97
9.69
7.61
11.57
14.46
7.59
2.82
-1.39
-6.46
3.9
0.45
12.93
14.78
7.48
8.03
14.45
10.17
13.66
1.05
16.42
18.92
15.63
3.79
11.04
11.14
14.8
18.5
14.75
11.07
10.48
3.31
0.42
-7.72
8.91
14.52
15.64
16.73
16.87
16.57
12.45
6.38
17.31
16.96
7.32
13.24
17.31
15.92
12.98
8.98
3.49
13.24
14.19
14.51
13.74
14.54
18.04
18.77
16.31
15.73
15.4
7.37
10.68
19.27
20.54
15.99
2
5.37
10.44
8.69
15.71
14.47
9.05
2.83
5.21
9.56
3.55
12.98
18.13
20.6
18.5
14.58
13.83
15.46
13.34
8.9
5.07
15.79
20.35
19.99
15.39
4.63
7.3
11.92
15.11
18.69
15.27
5.49
2.06
-10.44
11.76
13.88
14.57
16.24
16.32
15.28
11.95
13.55
15.65
11.22
3.42
14.36
16.75
16.76
16.58
17.07
16.4
11.62
7.79
14.49
12.65
9.04
3.04
15.08
11.79
8.47
8.06
11.67
16.11
18.76
21.24
21.36
17.68
13.1
8.78
6.41
6.76
11.87
15.19
17.24
14.43
13.98
16.74
15.25
7.93
2.26
14.11
18.76
18.88
16.69
11.38
6.02
13.41
16.38
15.22
12.74
8.26
10.36
14.4
11.64
15.12
17.05
18.65
19.45
17.62
16.17
18.84
18.49
18.02
12.06
2.29
7.64
9.44
9.08
-1.63
3.4
0.72
7.88
14.03
14.5
14.82
15.23
15.18
11.9
5.02
8.11
7.43
15.24
17.3
17.36
20.77
19.39
12.96
10.69
11.61
15.64
13.78
8.49
3.98
9.04
3.08
15.38
19.01
17.23
10.21
1.97
9.73
18
16.82
7.52
2.02
8.79
12.89
14.04
13.95
3.54
16.67
17.15
11.52
20.2
20.73
12.81
9.27
14.13
15.08
6.01
5.17
1.14
11.45
6.12
9.67
15.45
14.57
11.31
7.29
-39.14
-2.68
6.65
12.17
13.6
11.45
1
12
15.68
16.46
10.22
12.47
14.88
13.63
10.24
13.24
19.25
21.61
20.1
17.16
16.87
18.2
16.82
17.96
20.13
18.39
14.82
8.06
10.76
6.15
16.83
17.56
13.14
9.5
14.61
8.41
8.78
9.74
11.5
9.64
-4.31
-5.97
8.49
13.13
10.92
3.35
-0.75
12.25
9.02
10.16
-2.57
8.43
6.63
18.72
20.27
16.68
9.49
0.54
8.43
1.63
14.21
13.78
8.27
5.82
1.27
0.66
12.49
14.04
9.75
14.65
16.76
14.74
5.34
14.36
18.08
15.84
15.06
11.84
-3.21
3.12
-5.97
-0.5
0.51
12.02
15.83
16.3
12.07
-9.88
5.18
-2.83
14.04
18.38
15.7
12.12
15.96
18.82
19.63
19.01
15.24
4.67
5.76
5.57
8.11
13.95
14.89
6.88
8.71
13.9
13.79
6.03
-3.89
6.68
12.5
12.72
0.18
5.82
-1.77
7.68
13.34
11.49
12.13
14.21
13.88
13.73
11.79
8.43
13.06
15.9
13.62
13.28
11.67
7.16
15.72
15.18
-1.94
11.52
8.06
2.74
13.67
12.21
-8.65
10.28
9.9
9.44
7
-5.29
14.46
16.01
12.75
14.24
16.37
13.96
11.63
10.98
0.56
5.36
6.2
8.9
8.28
5.46
14.17
14.39
7.63
-7.01
4.63
6.98
10.27
12.5
12.79
6.4
1.89
7.45
8.69
8.5
10.33
13.9
12.54
11.29
9.16
5.89
-3.55
12.67
14.47
13
13.49
7.62
7.87
12.62
14.12
13.47
14.45
15.3
12.05
8.49
1.55
7.98
15.44
16.91
12.74
6.64
7.71
12.88
8.32
5.22
10.56
11.47
11.75
12.96
15.69
16.86
13.82
7.09
11.17
16.81
15.3
-8.7
12.36
12.14
11.91
7.19
5.99
14.62
15.45
13.87
13.37
12.79
4.01
9.08
12.15
12.7
15.05
10.83
2.58
12.17
1.4
14.34
17.75
15.88
11.98
-2.29
11.79
13.82
16.14
17.25
13.48
9.15
11.1
16.88
15.77
11.58
15.89
16.94
16.31
13.97
6.03
2.07
7.57
11.55
14.9
17.99
17.25
15.24
8.83
10.46
13.07
8.56
6.73
11.11
11.66
10.64
11.54
13.84
8.12
7.28
14.99
16.91
14.42
14.14
16.89
15.39
14.65
14.9
3.29
6.71
8.88
9.12
6.62
9.48
15.49
16.32
9.86
12.4
13.53
6.3
9.94
14.65
13.56
5.88
0.85
3.35
13.92
18.54
17.73
-1.64
16.37
16.84
11.72
13.66
12.64
13.1
10.99
2.35
5.12
9.86
9.1
8.62
12.71
8.58
5.13
15.89
16.53
10.31
8.92
8.51
11.87
16.78
1.56
13.81
14.79
15.1
13.16
13.52
14.09
9.15
3.5
5.19
13.87
17.15
17.62
11.39
14.04
8.07
12.83
14.22
8.66
4.97
12.13
19.58
18.9
14.3
8.12
15.42
10.45
7.18
9.17
6.39
8.76
-5.98
11.69
13.8
4.9
11.45
14.84
15.24
16.86
16.33
15.84
17.23
11.57
0.23
-11.89
-6.58
10.01
17.06
15.34
7.12
4
8.36
12.71
-1.1
13.19
15.64
11.25
8.71
7.31
8.43
10.69
-2.61
8.98
2.18
8.75
14.88
14.11
4.03
0.68
2.14
-6.46
12.19
15.54
17.21
7.35
9.18
13
13.9
10.16
-2.91
6.29
1.21
5.89
4.04
10.76
12.44
17.68
12.85
6.92
13.48
11.64
14.33
15.35
18.65
19.93
17.71
15.98
11.82
6.99
2.72
12.69
14.85
8.98
13.45
18.48
16.61
8.12
11.15
6.06
11.38
10.64
13.8
13.41
8.8
10.17
15.52
17.49
8.61
14.52
19.56
19.8
12.2
13.52
14.34
4.72
6.11
13.46
11.88
11.43
5.87
13.65
14.24
13.22
-5.73
14.57
16.6
10.65
5.95
-2.4
8.33
10.37
-4.18
11.57
14
9.49
7.58
14.03
19.79
21.57
19.56
12.1
5.01
12.19
10.75
9.59
14.7
11.09
10.91
12.34
11.17
6.88
12.28
12.32
10.78
11.54
15.2
15.52
13.69
12.85
13.36
12.42
14
6.56
7.95
10.05
7.33
10.81
14.48
14.96
14.48
10.22
3.94
4.7
11.37
12.26
-3.78
9.51
10.87
6.36
-4.9
-0.39
2.15
3.76
13.56
15.7
14.49
13.61
4.84
6.87
9.84
10.38
13.15
16.79
13.23
9.1
8.87
15.21
18.22
16.82
1.97
16.13
15.28
9.34
2.8
16.68
19.63
17.31
7.34
-5.24
9.88
14.18
11.24
12.61
15.2
14.05
8.4
12.44
20.16
18.37
6.27
3.37
11.78
16.21
14.19
10.3
8.69
12.07
13.9
13.85
12.47
14.18
8.81
10.78
7.29
7.49
2.89
5.64
11.14
13.98
10.61
15.17
16.74
17.86
15.47
12.32
8.45
9.92
12.92
13.42
11.01
10.83
10.45
10.4
9.2
13.2
13.24
8.27
7.21
13.3
3.62
-14.02
4.69
6.69
7.26
13.73
11.65
-1.93
10.07
11.76
11.56
10.13
8.68
9.3
9.32
10.65
12.33
13.18
8.43
9.91
12.01
7.94
8.59
12.77
17.71
16.88
9.58
8.84
15.85
16.33
16.24
15.75
9.75
-8.15
9.85
1.51
10.16
13.17
11.45
11.88
12.54
-0.6
11.38
12.27
7.84
7.41
-18.17
6.43
9.76
14.08
15.67
15.94
16.41
15.92
14.36
11.66
7.01
-2.98
11.47
1.08
-8
11.93
13.7
7.07
6.86
5.7
7.25
-12.1
5.73
5.18
8.2
4.31
7.66
3.21
12.55
14.42
10.46
10.92
18.16
15.26
4.42
-3.04
3.44
6.01
1.42
10.19
13.96
13.9
8.14
2.85
11.79
15.64
12.52
14.03
17.15
14.95
17.1
15.78
13.01
7.24
9.26
9.56
8.57
11.46
13.14
7.89
3.99
8.36
1.32
9.63
9.59
-0.16
8.67
6.45
7.04
-0.21
8.25
8.92
7.13
5.23
7.1
8.14
9.78
6.4
4.81
9.52
6.81
2.26
7.19
11.35
13.17
1.12
13.18
8.65
8.28
13.09
1.52
11.11
6.99
15.38
19.52
16.71
14.84
16.34
16.28
16.29
12.25
11.6
15.85
14.05
13.45
17.09
18.19
17.7
17.76
16.48
11.15
10.11
11.68
13.99
16.29
12.08
6.13
10.54
17.87
18.03
15.71
11.53
8.4
-1.44
11.44
11.1
8.25
12.03
14.04
13.38
14.29
14.29
13
19.82
21.39
9.41
16.84
17.31
9.01
5.88
-15.05
15.94
17.57
12.55
9.63
12.83
5.03
14.22
17.84
17.21
16.15
15.12
14.07
16.69
19.63
15.21
5.61
9.34
15.23
13.78
11.75
9.19
14.5
16.08
6.13
-3.64
13.07
17.13
11.27
9.94
6.26
12.62
16.38
17.13
16.84
11.74
7.28
9.76
11.68
12.21
9.73
13.1
10.25
5.64
5.19
10.39
11
8.87
5.7
3.09
-0.22
9.05
-1.1
14.11
14.81
10.33
5.87
10.56
15.05
11.99
7.67
14.91
17.22
13.38
2.4
5.73
9.32
11.38
9.43
5.49
9.18
9.88
-11.28
14.02
16.07
4.48
17.63
20.05
18.03
5.06
15.01
6.23
16.82
18.11
12.75
4.4
10.73
15.85
11.5
1.68
4.66
11.45
11.49
11.7
16.79
20.54
20.42
9.85
13.79
13.68
2.36
7.3
4.31
6.57
13.01
14
12.87
13.56
8.9
8.27
10.67
3.66
5.51
10.76
12.13
9.31
11.54
14.92
12.13
9.91
12.37
14.53
12.52
2.61
2.77
-10.14
-2.51
11.3
16.98
10.82
3.43
11.88
17.21
10.47
12.26
14.33
3.17
4.91
0.55
14.1
11.12
-4.33
10.24
13.52
13.46
15.58
12.83
3.12
7.83
7.29
8.86
10.44
8.7
9.42
6.75
10.74
10.28
2.68
0.31
12.08
12.06
10.3
7.26
6.55
11.04
1.61
8.88
-1.2
9.8
11.85
10.26
10.25
6.49
7.89
12.55
