16.72
14.48
6.78
10.52
10.23
2.26
-1.05
7.77
11.96
8.26
0.07
11.68
13.47
11.77
7.18
3.09
1.55
2.55
10.81
7
11.43
9.4
5.86
10.15
10.96
12.48
13.05
13.11
10.24
4.97
8.08
6.5
12.39
14.93
14.23
10
1.67
9.92
3.4
12.65
10.89
9.2
12.2
9.47
10.49
9.01
9.43
8.26
12.67
12.89
9.03
2.68
9.74
8.03
13.01
17.05
17.28
15.22
11.22
-4.47
4.72
7.02
12.61
13.24
14.72
12.45
7.72
6.65
12.23
9.32
4.39
8.69
9.5
2.66
11.92
13.14
12.26
7.23
8.48
13.94
11.25
8.89
13.74
10.93
5.85
6.5
6.35
6.16
11.21
10.28
1.36
6.27
-1.56
3.17
0.13
0.92
2.89
9.91
13.49
13.39
12
8.24
8.82
10.03
8.38
6.91
8.36
12.28
15.61
13.68
11.55
8.62
8.8
3.31
4.63
11.45
13.21
10.96
7.99
3.21
10.04
12.81
7.74
7.77
8.35
8.19
4.93
-3.33
2.18
8.13
11.03
11.44
12.59
10.25
7.73
11.44
15.01
11.13
11.25
11.57
-5.15
7.72
7.47
5.12
3.63
13.81
11.47
0.44
3.32
10.91
11.3
10.01
12.94
16.06
15.55
14.06
14.45
14.17
10.71
8.57
9.37
5.37
10.26
13.11
13.06
7.59
0.7
9.98
12.11
12.66
7.92
9.59
8.76
8.91
13.26
13.14
-2.84
11.37
8.74
8.31
7.77
5.65
7.27
10.49
10.82
4.75
3.7
6.65
4.68
2.72
2.77
15.04
14.57
0.12
10.36
-2.11
4.03
8.83
16.59
20.36
7.53
16.62
12.33
1.87
3.21
8.39
15.27
13.64
13.25
15.13
10.47
5.88
10.07
10.85
7.08
4.96
11.42
9.49
3.24
6.99
9.95
10.94
13.01
15.49
9.89
9.74
10.05
7.36
5.84
6.3
9.47
13.53
12.8
11.87
8.34
11.85
12.44
7.29
-0.34
9.89
12.44
10.55
12.57
15.5
15.82
14.12
13.51
13.58
12.66
8.11
11.59
10.96
-1.82
1.25
10.61
10.27
0.89
5.4
-3.64
-2.69
3
5.03
10.43
11.6
9.64
3.82
10.48
12.37
13.02
10.57
9.42
10.86
8.34
3.52
4.48
11.01
13.77
9.52
0.46
5.33
7.17
13.26
11.4
6.94
10.79
12.27
8.76
-3.64
10.06
13.07
13.98
12.97
14.99
12.46
8.95
10.41
8.88
6.31
0.49
2.95
-5.34
5.13
14.7
15.09
1.84
9.34
11.29
12.21
11.68
9.03
4.46
10.95
10.57
-2.29
3.56
7.83
5.58
11.01
13.48
11.83
12.45
13.42
9.63
8.26
12.47
15.28
13.38
0.61
8.22
8.28
-5.61
6.42
8.18
0.74
5.98
12.1
14.51
14.12
14.23
7.28
7.79
10.72
8.61
11.41
16.25
18.64
15.94
11.28
10.82
3.63
6.4
10.02
8.56
5.38
8.74
0.07
9.88
8.87
12.89
9.68
5.62
8.05
9.87
10.94
6.4
10.98
13.09
13.81
13.19
10.76
1.55
4.14
11.13
13.44
11.8
13.38
13.9
14.29
9.85
8.07
8.36
4.4
9.58
-3.74
-3.79
-13.51
3.29
11.97
12.35
6.97
3.32
10.58
9.59
-1.19
3.57
5.27
6.87
3.66
7.27
13.31
15.77
9.62
8.57
9.02
8.82
5.66
1.66
10.32
6.36
10.46
12.87
12.89
9.12
0.92
8.39
15.08
5.28
9.42
5.35
13.02
6.98
14.22
15.53
11.99
10.98
10.71
8.55
5.56
9.71
13.4
6.87
-3.31
-0.57
1.19
9.36
9.88
7.5
11.87
12.42
11.22
9.42
9
0.61
4.75
9.74
10.81
13.17
11.04
9.13
-7.5
6.89
6.95
7.74
11.31
13.33
14.05
12.25
13.36
14.22
10.19
13.13
16.74
13.27
7.52
6.32
2.32
5.76
9.82
6.62
5.69
-0.06
0
-6.74
7.18
10.8
7.53
9.88
8.01
14.77
18.8
13.64
0.07
7.02
9.73
12.75
14.57
8.11
-4.2
-1.31
8.57
13.55
12.28
9.9
9.44
12.89
5.15
3.04
7.69
8.27
13.12
12.97
5.84
-7.05
8.93
4.26
6.27
2.82
9.27
13.97
14.51
13.26
7.97
-5.85
-6.43
7.82
9.95
3.38
3.38
11.68
12.04
9.85
8.06
2.96
-4.09
5.78
5.92
8.28
12.18
14.4
11.49
13.3
15.2
12.85
13.83
14.57
11.75
10.35
11.14
13.71
16.44
14.56
6.32
10.28
11.86
5.67
4.8
8.47
12.16
16.3
18.15
16.37
13.12
8.01
9.08
7.63
-4.64
7.27
11.12
-0.64
14.2
13.06
10.64
11.76
6.86
-9.73
3.14
5.66
8.26
3.14
2.17
8.87
12.53
14.43
12.23
7.31
4.6
4.14
8.72
2.45
5.8
12.62
13.18
13.31
14.39
4.33
6.17
11.79
14.42
15.29
14.22
11.75
13.56
14.23
14.42
14.23
13.17
10.18
8.7
10.69
7.21
8.21
9.57
1.73
-1.73
8.98
16.07
17.46
17.94
18.3
14.83
4.44
11.02
15.32
15.73
14.84
10.12
6.01
15.15
15.53
13.11
11.44
11.33
11.62
14.92
11.72
6.56
13.93
9.36
2.13
2.84
-7.64
5.96
12.08
14.79
11.48
6.85
5.2
0.23
4.65
7.46
14.6
13.4
-1.55
13.12
10.78
4.43
9.63
11.87
-0.23
13.46
16.39
17.06
15.86
12.04
1.72
7.56
6.65
11.26
9.69
-13.07
8.81
14.15
13.53
12.7
12.46
13
14.56
14.61
11.78
11.09
10.18
2.42
9.65
10.99
5.41
8.05
10.27
2.85
0.78
5.47
10.65
13.81
13.29
5.37
0.38
5.93
7.73
0.62
-0.46
3.17
12.17
11.68
7.29
6.47
4.61
9.61
11.45
12.15
4.44
-0.31
11.67
7.76
-0.28
-1.04
2.09
7.77
9.14
2.34
8.62
10.34
8.55
1.51
3.76
8.12
8.48
11.43
6.42
9.29
6.83
-1.34
12.25
16.44
12.22
10.24
9.83
10.44
12.09
3.98
4.84
6.2
5.88
8.87
7.92
7.02
-0.28
6
3.8
-3.42
13.53
13.5
5.31
12.66
14.95
14.89
13.31
14.94
15.36
11.19
5.77
9.1
9.85
8.68
2.87
4.66
13.87
14.52
12.12
4.47
10.55
14.01
12.19
10.48
12.13
12.71
11.28
11.15
11.02
7.36
4.98
8.35
5.59
9.07
3.35
5.4
4.33
6.45
9.88
10.85
12.69
10.24
0.68
11.37
8.61
13.02
11.13
12.21
0.73
1.41
5.34
7.51
8.28
8.18
2.04
3.48
-6.92
2.05
8.2
10.64
10.75
12.67
13.28
23.12
25.02
21.81
17.46
11.74
15.95
20.38
22.73
23.81
25.7
26.25
24.46
22.58
18.95
11.67
9.04
11.21
8.85
18.36
19.68
19.15
12.94
9.96
11.74
17.67
9.88
22.86
22.38
7.31
18.71
23.13
14.88
20.69
23.89
27.03
27.11
23.99
23.73
23.29
19.43
16.49
13.93
16.83
15.59
14.46
11.14
8.91
17.93
14.21
11.49
14.47
23.78
25.69
22.63
29.8
30.44
25.41
16.05
11.29
6.98
3
15.5
15.35
4.8
12.71
6.33
12.96
22.15
24.7
22.61
23.31
21.64
16.63
7.44
10.46
19.73
22.55
18.69
11.5
20.38
25.22
22.7
13.4
16.4
23.42
26.29
24.1
18.24
15.15
20.57
27.09
27.43
23.78
18.1
24.68
27.62
23.45
20.43
16.36
10.47
11.7
18.09
20.29
9.83
22.27
23.27
18.27
5.13
14.09
13.83
12.61
12.34
19.26
21.67
24.12
23.42
19.17
17.23
21.81
25.94
24.74
13.64
21.14
23.18
21.89
20.08
19.71
16.63
-5.94
23.11
27.15
22.81
-3.47
13.04
23.25
28.08
24.41
18.86
16.23
18.31
20.46
21.72
19.17
11.28
17.97
11.58
19.93
20.42
11.74
16.59
7.2
18.12
18.94
14.87
20.51
16.1
14.72
17.19
2.13
16.4
20.77
21.65
0.5
22.72
23.63
18.67
14.18
-18.76
22.62
26.9
26.18
24.8
24.36
22.41
11.35
10.83
11.97
21.47
25.25
25.78
27.41
28.15
25.28
16.11
20.72
18.46
24.69
29.39
29.31
24.23
21.37
16.57
19.06
21.55
21.92
24.8
25.85
22.74
19.09
22.51
26.77
27.54
26.75
26.85
28.82
30.16
27.38
18.43
15.79
6.1
15.24
21.49
21.82
21.16
16.14
19.88
14.81
18.73
22.53
21.66
24.35
22.81
15.03
15.75
18.87
20.2
14.62
18.47
14.74
3.59
6.65
18.09
22.99
19.36
13.76
6.75
10.17
13.95
8.62
15.74
20.25
19.34
19.59
12.51
20.05
23.27
22.38
14.43
16.96
22.18
20.35
23.05
19.92
16.09
11.47
20.82
25.41
27.08
23.63
1.08
23.84
26.42
27.92
25.95
11.73
22.52
19.55
14.91
19.58
22.21
14.5
18.21
18.71
20.5
22.84
23.35
19.04
9.45
21.02
23.26
20.1
23.78
18.5
9.9
20.52
23.97
18.19
-1.2
15.27
17.6
21.74
22.48
13.52
9.86
2.18
20.69
24.46
22.26
18.79
25.06
26.28
23.08
19.4
20.81
16.86
9.54
15.01
16.65
21.88
19.39
17.65
10.13
20.28
18.36
15.87
20.52
12.53
2.31
2.15
12.87
13.93
13.71
18.98
21.49
18.39
16.47
18.7
11.64
10.82
19.68
17.7
12.65
16.37
12.23
13.94
16.85
12.35
11.64
14.72
11.12
13.63
7.36
0.55
10.25
16.84
22.26
22.97
19.18
17.4
15.15
16.93
18.75
22.59
23.48
22.56
21.62
14.56
9.56
-0.23
10.74
11.21
14.94
17.87
18.77
18.16
12.89
6.28
8.32
9.6
8.61
4.64
-0.93
7.87
8.81
8.83
9.34
14.2
16.49
14.88
16.53
17.78
13.29
7.76
9.15
7.09
13.76
13.24
13.02
12.94
12.31
7.96
3.4
11.35
11.28
12.98
12.35
8.66
7.76
12.91
13.23
19.25
16.16
14.71
6.84
14.89
19.59
18.82
19.6
14.46
13.19
15.24
17.69
21.08
25.2
24.05
20.22
16.04
7.6
18.3
19.37
13.85
15.14
23.69
24.73
15.94
-11.87
-2.22
17.53
23.35
18.06
13.85
18.91
12.43
13.84
20.01
20.19
17.31
20.15
20.54
10.53
16.75
18.12
24.59
26.99
25.33
21.8
15.61
18.26
14.08
16.96
6.81
14.57
20.48
19.15
11.94
20.52
20.54
21.72
21.48
16.09
13.88
21.04
22.64
23.05
20.64
19.47
6.1
19.36
18.59
20.6
22.34
24.34
23.76
22.32
22.35
23.52
12.64
14.04
13.95
16.61
19.84
27.05
20.58
19.46
21.11
12.83
12.12
21.07
25.11
14.03
23.54
24.47
22.68
15.65
19.88
22.75
25
25.77
23.39
18.51
15.38
18.06
20.22
28.05
27.69
23.52
25.4
19.04
17
13.41
16.85
26.39
26.41
19.03
5.24
12.36
17.69
14.48
11.06
20.7
21.56
16.46
18.32
20.58
17.35
18.7
16.3
6.28
16.8
24.19
20.84
16.23
20.26
24.52
24
20.52
6.42
20.61
23.43
22.79
21.41
19.83
22.2
22.29
25.7
20.8
16.55
21.43
21.02
11.61
18.22
13.72
1.33
10.87
9.14
2.28
7.08
11.53
7.85
19.66
20.6
20.29
18.19
18.59
14.09
21.84
16.52
14.59
16.84
6.01
12.8
13.16
19.09
24.76
24.91
19.96
18.22
25.93
27.38
20.95
15.13
19.48
17.25
19.49
23.78
24.03
20.68
20.77
18.07
7.13
21.14
19.87
14.27
19.09
17.38
22.32
22.39
21.38
21.45
15.21
17.94
21.28
16.19
19
21.42
22.64
18.02
18.2
14.75
17.58
24.08
23.19
24.06
21.04
15.53
19.71
21.67
12
20.46
17.88
16.23
22.83
22.28
20.29
15.91
18.17
19.08
15.42
22.02
15.84
18.2
23.95
24.46
24.87
19.83
14.62
20.2
22.32
20.7
14.22
13.44
15.57
7.15
15.78
18.38
1.06
21.55
17.81
10.28
16.75
15.74
9.01
15.65
20.75
18.8
11.3
21.27
12.55
20.35
21.54
21.58
18.5
16.6
13.14
14.97
10
18.2
22.93
19.5
19.64
24.17
22.7
19.8
16.14
7.64
14.67
17.52
11.5
21.09
19.76
10.82
11.78
4.32
4.09
17.93
15.83
15.77
15.52
10.26
3.85
12.02
8.98
19.37
16.05
13.68
18.34
15.58
17.39
18.59
23.06
21.46
18.41
9.61
13.03
14.78
14.51
13.3
12.72
7.66
23.74
26.02
16.78
8.39
11.23
14.67
-8.43
15.24
14.72
16.16
12.66
17.81
21.97
17.55
4.78
8.98
13.48
9.38
9.67
14.95
11.37
10.39
17.02
19.47
18.96
7.43
16.72
19.53
17.14
8.13
7.29
16.51
14.76
10.53
14.15
17.02
19.9
15.72
-8.12
13.1
13.26
9.71
3.61
11.42
19.74
19.83
15.62
13.4
17.72
18.71
11.78
19.89
20.21
16.38
18.39
16.57
13.97
13.37
7.02
16.21
16.33
3.74
13.53
14.97
13.87
19.14
21.22
17.73
16.11
18.51
16.89
9.32
15.36
20.89
18.47
13.61
14.72
17.38
15.85
14.05
25.12
27.01
23.63
9.38
21.88
25.12
21.78
14.71
6.96
16.36
22.14
18.79
11.94
17.35
18.75
16.9
8.94
9.04
15.03
21.1
24.26
22.79
16.32
17.15
23.16
21.54
-1.52
17.09
21.77
14.87
23.27
27.75
24.65
16.23
-9.26
4.33
-2.45
9.92
11.84
14.61
14.74
14.54
16.69
20
21.7
22.1
22.02
20.12
18.96
19.8
17.86
14.37
11.29
23.32
26.29
20.95
8.92
15.86
11.01
17
23.93
24.98
23.43
23.45
22.33
11.58
14.7
20.62
24.25
22.19
5.64
19.41
20.86
10.69
16.28
14.57
20.69
23.88
28.6
28.62
21.81
8.87
19.86
22.06
20.72
23.12
18.17
3.8
18.4
15.5
17.48
16.33
16.26
15.9
20.07
24.31
25.18
23.79
14.32
10.45
13.38
18.99
17.82
19.29
23.41
22.4
17.22
13.09
-3.35
18.74
24.01
27.72
28.27
28.21
24.57
12.44
14.24
17.92
16.46
24.16
24.67
19.44
17.05
19.13
21.24
21.12
6.85
22.74
25.93
23.28
15.92
17.39
22.29
16.7
18.2
21.35
23.47
20.16
17.13
18.94
22.27
25.5
25.8
23
29.04
27.15
23.52
15.23
11.58
14.64
10.71
22.16
25.67
29.8
29.89
26.4
16.7
9.97
17.03
21.66
19.97
19.19
26.47
33.04
28.78
17.4
20.42
16.35
26.75
22.78
19.19
23.66
16.04
15.43
22.58
24.86
21.75
13.43
21.05
18.04
15.28
20
12.13
20.47
23.25
23.64
25.14
25.15
29.26
39.72
44.68
41.11
23.37
27.75
24.38
20.87
23.58
20.76
13.11
19.47
8.24
15.31
13.39
14.48
22.09
27.32
23.84
22.61
29.45
29.11
11.61
22.8
25.69
22.32
13.16
19.36
34.92
45.12
45.75
38.32
27.76
24.03
7.21
20.87
25.69
27.51
30.73
27.82
20.7
24.44
22.46
10.39
18.43
24.6
25.68
25.08
22.65
17.35
19.32
22.24
21.46
23.04
19.97
23.77
22.12
25.04
28.18
25.19
23.16
26.93
25.68
20.81
14.25
20.37
23.47
19.5
15.23
19.4
17.47
12.12
23.86
25.19
24.39
22.38
24.65
20.97
8.85
17.53
22.87
22.92
41.88
45.55
40.57
28.76
10.38
25.3
27.21
22.05
24.29
28.73
28.73
32.61
35.99
30.15
17.19
20.06
12.77
12.77
18.62
21.47
19.77
24.83
27.74
23.63
12.27
18.65
17.8
18.53
24.02
37.57
42.02
36.6
20.26
29.26
26.62
5.44
26.31
25.87
21.56
21.96
16.51
19.52
19.04
8.74
20.83
23.97
21.9
13.67
14.49
21.51
11.38
20.49
18.67
16.79
23.41
20.59
20.11
20.35
7.63
16.75
26.11
25.3
18.32
20.48
22.13
20.91
8.98
19.61
25.4
22.75
13.62
5.72
10.44
12.18
12.56
20.47
17.78
18.47
18.14
16.4
32.49
42.94
44.67
36.98
13.69
9.03
13.64
17.75
24.2
17.42
22.97
22.55
17.02
17.13
17.08
24.13
26.96
23.28
18.06
17.4
18.24
15.99
15.22
24.04
21.36
0.09
10.91
18.27
11.43
23.6
24.01
23.92
23.65
12.05
13.44
17.93
21.5
9.83
13.09
23.47
26.66
24.33
15.06
8.87
14.58
14.11
27.32
31.22
26.08
19.15
19.7
21.61
20.54
16.07
15.26
-3.49
18.02
24.62
26.97
24.02
18.58
20.36
7.99
23.87
24.5
20.07
27.55
24.86
19.88
28.51
29.38
26.73
21.92
31.58
38.06
33.23
18.22
25.02
27.08
29.47
32.66
32.81
29.47
33.15
38.46
34.61
15.6
23.5
23.92
33.98
25.5
33.05
32.96
30.76
31.21
23.31
12.84
26.64
30.63
29.2
24.48
27.35
13.03
25.56
35.91
37.76
33.86
21.55
24.91
23.8
20.43
8.45
17
21.19
29.18
20.14
23.4
24.76
21.7
24.07
30.47
32.65
31.46
30.16
26.99
25.78
24.5
22.91
26.89
25.01
24.64
29.48
34.54
35.35
29.84
25.38
19.88
27.69
24.65
14.96
16.22
26.57
33.91
36.28
34.24
32.54
31.22
30.31
30.22
29.5
29.67
41.19
49.24
48.62
38.15
16.32
27.38
31.67
29.46
33.24
43.96
48.66
45.16
29.4
20.58
8.22
10.43
16.12
23.57
30.59
33.21
29.19
23.84
31.71
31.41
26.94
22.6
22.71
23.86
26.36
30.4
31.14
31.27
28.96
17.27
20.12
29.46
23.34
26.46
32.35
32.79
30.25
28.46
25.93
26.97
25.24
24.16
28.93
27.59
15.38
27.49
30.1
28.86
27.88
30.92
31.25
25.04
16.58
19.03
19.29
26.8
28.95
28.3
27.37
20.82
10.86
16.26
22.58
21.98
14.77
19.68
27.65
29.22
27.93
29.78
31.29
28.45
29.15
30.29
28.48
26.57
21.3
28.01
30.95
33.47
36.31
34.28
22.51
27.29
30.53
30.7
27.06
28.4
29.28
29.23
29.95
30.03
30.98
29.87
27.23
23.64
27.65
21.41
28.66
29.89
29.88
30.65
32.36
33.29
32.62
26.77
23.82
28.17
25.5
19.61
21.54
24.41
21.28
20.58
24.98
31.72
27.81
15.46
18.55
24.39
29.7
31.41
26.99
24.08
26.22
27.11
28.51
21.22
26.71
31.99
33.21
33.63
30.72
14.63
26.48
27.41
30.25
33.25
31.59
28.74
26.1
20.91
21.15
28.08
28.66
27.28
22.06
14.96
8.84
24.23
23.03
21.65
30.09
27.93
16.53
24.45
24.39
29.53
30.42
23.71
22.51
30.56
30.62
27.31
15.89
28.79
27.64
20.71
24.46
32.98
32.85
27
13.38
22.2
26.34
24.42
22.84
25.88
26.33
29.42
31.56
30.24
25.35
16.13
27.79
26.76
18.36
27.32
30.42
29.62
26.56
24.89
25.62
28.19
30.86
27.85
19.99
16.83
18.76
23.67
22.41
24.38
28.96
28.33
23.29
16.62
19.94
21.01
27.43
30.91
27.18
20.67
27.8
27.08
8.57
24.56
26.65
26.65
27.21
23.96
21.89
26.01
26.35
26.24
24.47
18.69
24.49
28.15
25.05
23.04
21.68
22.74
25.9
25.44
19.56
7.78
20.12
26.59
28.89
28.43
26.05
24.97
23.01
5.11
17.72
25.19
26.79
21.13
17.65
27.42
30.84
30.06
25.97
24.29
26.17
28.03
26.41
22
21.95
26.05
27.55
26.49
22.43
20.65
22.41
8.38
25.53
29.19
29.83
29.42
27.85
22.38
17.12
23.02
26.64
23.21
19.82
20.19
23.69
23.46
22.53
13.33
22.58
24.8
22.53
23.88
25.87
26.35
27.13
25.6
13.29
24.68
23.16
10.19
24.29
25.3
26.69
28.94
26.45
9.27
24.34
22.45
16.59
18.35
17.82
19.89
12.81
2.47
16.8
19.35
21.2
29.99
21.87
26.78
21.86
21.3
19.79
21.48
21.53
20.95
25.19
24.62
23.2
24.74
29.14
26.93
17.86
23.29
25.29
21.71
14.89
21.29
23.12
28.67
27.79
25.7
25.52
23.53
19.39
22.85
16.22
27.64
21.43
19.56
24.61
24.12
18.36
20.63
25.24
23.76
24.71
25.54
20.96
17.01
27.92
29.42
22.56
25.86
23.74
21.37
16.16
9.89
19.65
21.67
23.96
29.09
24.1
27.35
31.65
19
23.73
17.32
21.8
12.79
24.8
26.89
21.15
11.99
21.84
19.9
24.28
22.53
21.83
29.73
32.96
37
34.31
24.76
23.72
10.69
9.93
7.08
-4.27
17.74
21.8
21.77
19.36
11.55
18.71
12.59
23.29
24.43
22.01
16.26
18.64
11.79
13.26
24.63
27.34
23.24
13.82
15.75
21.24
27.99
30.86
28.38
29.39
31
30.83
28.78
26.45
24.5
25.33
27.95
28.64
25.02
26.78
27.44
28.49
27.93
18.29
20.21
21.95
21.2
24.92
22.17
14.61
18.72
18.42
22.1
12.2
17.85
18.25
11.93
18.46
17.41
19.45
17.02
-5.64
8.31
7.69
19.82
23.64
20.7
21.45
27.15
28.32
28.34
22.76
22.01
23.44
21.18
23.69
23.57
25.57
28.08
26.11
25.35
24.36
23.31
26.26
23.06
20.25
17.58
17.03
22.87
22.9
19.43
14.81
19.14
24.4
22.21
21.57
16.4
12.13
7.5
9.29
14.93
18.03
4.85
14.84
22.58
20.39
13.41
22.13
23.25
23.17
19.42
19.83
23.89
25.5
23.39
14.2
27.39
24.98
16.97
15.4
21.43
22.77
25.32
23.74
14.29
16.81
18.71
15.42
18.96
12.68
17.22
10.42
18.17
16.02
16.88
18.53
21.37
22.26
8.25
16.82
19.55
18.98
17.22
24.54
26.03
21.51
15.18
21.24
22.85
20.25
21.49
22.82
21
12.07
16.2
22.94
26.71
28.79
25.53
14.73
19.45
20.46
21.09
23.9
24.4
25.6
25.48
21.58
17.3
14.49
11.34
9.71
18.76
19.1
21.92
23.77
22.9
18.43
14.85
12.23
9.86
14.62
19.72
18.2
15.44
18.64
20.6
21.04
14.66
11.91
20.6
23.32
20.1
12.68
11.97
12.2
13.08
17.55
22.44
24.57
23.15
18.71
13.35
16.83
19.36
18.36
17.67
15.25
13.81
7.18
18.34
15.9
17.37
21.44
22.22
21.68
20.84
18.03
18.94
23.66
22.27
16.29
9.02
19.1
23.54
21.6
16.65
16.15
17.3
18.41
17.66
1.85
20.66
24.93
25.75
18.3
22.74
24.63
23.75
22.6
22.28
20.61
19.22
20.57
19.7
10.81
16.6
20.47
15.27
10.43
16.91
21.56
22.32
11.18
15.79
12.97
16.89
21.24
21.79
16.5
9.03
17.64
21.72
24.91
24.57
24.38
22.09
26.19
25.77
17.87
10.85
12.46
-10.99
12.42
20.11
19.01
17.49
19.11
18.18
14.22
21.84
24.94
24.36
21.37
15
14.18
19.37
21.25
18.66
20.2
19.78
15.71
3.83
10.57
19.79
22.98
20.11
16.97
0.17
13.98
16.38
21.4
22.78
20.85
16.56
23.38
26.15
23.02
15.65
12.73
13.34
18
8.61
15.64
19.28
22.12
24.31
22.97
19.91
22.5
20.32
21.41
13.65
23.21
18.18
2.86
14.87
10.07
10.12
11.58
14.8
6.43
8.99
9.39
16.62
25.35
27.86
19.66
19.59
20.12
19.53
21.26
13.36
1.22
19.77
20.3
-19.76
2.72
16.07
17.14
13.44
14.35
18.9
21.33
22.04
17.57
11.83
4.3
24.66
28.9
26.11
16.87
9.98
18.04
17.73
21.48
23.98
22.58
19.77
12.41
14.4
17.87
21.69
15.57
16.01
20.74
25.8
19.86
25.28
26.32
12.08
19.1
12
15.28
4.2
20.45
22.26
18.24
14.17
21.46
22.82
22.62
24.79
19.07
9.22
4.73
12.1
20.13
23.6
16.01
16.62
22.03
26.32
28.36
28.53
24.7
5.61
22.09
23.12
17.38
18.74
20.74
15.95
20.91
28.34
28.1
17.13
13.7
14.24
16.07
8.03
18.31
20.91
24.7
22.77
11.9
9.51
16.1
18.68
20.44
23.03
22.58
16.65
16.7
17.01
8.96
21.7
15.46
20.51
16.4
23.48
23.64
19.59
23.68
22.89
19.76
17.78
24.26
24.25
8.16
18.84
19.95
19.12
8.66
23.75
26.08
18.66
11.85
19.84
25.81
25.39
20.27
16.33
20.58
33.34
37.49
33.32
19.06
16.83
17.91
11.68
13.25
5.01
16.35
15.04
11.75
12.43
14.29
10.91
20.2
23.65
19.28
7.24
3.29
13.97
15.35
19.88
19.67
13.37
9.37
10.49
20.54
21.14
8.9
11.14
16.69
21.44
21.82
24.67
23.62
21.86
20.07
13.15
13.54
15.2
-2.6
17.8
14.11
15.51
18.36
11.77
21.21
19.92
15.97
21.48
0.64
19.02
14.87
16.68
19.59
6.23
20.55
22.45
20.76
14.24
12.53
11.86
19.07
25.85
26.51
21.7
17.35
20.99
20.83
19.17
15.14
15.6
15.79
6.31
13.3
14.41
19.09
18.8
20.25
14.18
11.73
9.99
20.69
19.72
-10.28
18.52
22.65
21.94
20.02
19.93
19.6
19.73
19.36
10.94
19.59
18.99
16.46
17.04
14.67
14.2
23.93
24.42
18.69
21.76
19.22
10.87
17.09
19.17
18.27
18.75
19.68
17.15
15.4
13.23
10.42
6.54
10.51
18.38
15.73
14.87
17.48
18.6
13.85
13.05
13.48
23.01
21.96
6.09
6.31
9
18.55
19.18
15
17.08
22.69
20.56
20.08
17.43
15.88
23.24
24.2
21.99
11.88
6
12.75
14.33
20.45
20.61
11.03
21.22
21.55
7.61
19.81
16.64
11.43
19.19
18.37
12.99
17.06
12.4
13.68
16.85
16.86
16.54
16.46
17.49
16.27
13.81
1.24
15.98
20.11
20.61
-0.64
22.51
23.23
16.82
3.08
17.31
16.88
7.94
-0.49
15.87
24.07
24.61
18.93
-1.12
11.64
18.07
22.42
21.62
17.88
15.24
11.32
10.73
15.61
18.54
12.24
-6.99
15.22
16.73
15.17
21.6
22.67
21.15
17.46
14.88
17.53
19.98
15.88
12.83
14.63
17.03
19.84
17.25
21.89
23.46
18.52
11.92
15.01
13.89
9.55
10.64
13.95
-8.34
10.72
19.57
23.73
21.42
11.58
17.77
21.98
13.28
20.45
21.42
5.08
-5.02
11.21
11.2
16.78
17.97
13.89
17.79
15.71
6.34
14.29
20.77
20.92
19.45
19.18
18.21
14.97
11.21
14.48
17.51
13.19
15.33
18.22
14.4
11.44
21.15
20.28
9.03
7.17
14.26
19.29
18.6
12.25
12.81
17.8
16
17.34
15.62
10.46
14.98
18.64
12.51
11.97
15.32
19.16
15.71
14.39
15.17
8.08
4.43
16.76
20.11
19.71
14.76
14.42
10.87
14.52
12.54
10.9
13.26
15.64
15.77
12.75
14.05
10.39
9.31
19.21
20.95
19.52
16.17
11.43
13.32
20.55
20.33
2.28
16.57
12.5
18.22
22.85
17.03
14.02
12.81
18.01
20.42
17.78
16.13
17.9
17.98
17.71
20.03
19.22
17.32
15.11
13.08
14.25
16.52
19.88
18.09
4.36
19.54
20.85
17.46
12.28
15.67
18.46
12.69
-2.87
11.38
15.17
10.34
12.25
17.73
18.15
10.74
5.19
4.88
15.94
15.2
11.66
3.98
-7.33
6.77
10.62
4.86
9.97
14.73
12.63
10.87
16.79
16.68
6.71
18.4
16.3
12.35
19.54
16.46
5.91
9.59
11.57
-0.54
4.73
7.19
8.36
11.2
11.9
6.45
11.15
11.13
11.12
16.98
16.09
13.22
14.28
14.47
7.81
13
16.74
15.04
12.18
17.09
16.32
7.96
7.08
9.54
14.88
16.04
12.91
16.03
16.29
13.76
14.15
4.24
9.15
5.91
2.71
11.66
-0.45
10.81
4.67
10.34
10.89
6.92
8.32
-2.11
14.76
13.83
-9.64
12.88
14.52
1.7
11.6
16.64
16.47
13.61
16.97
23.38
20.75
4.87
14.18
16.1
13.56
11.79
-0.35
12.08
16.64
18.64
19.7
18.92
13.91
16.25
22.41
21
13.39
16.49
14.33
3.4
14.84
13.58
14.5
17.7
21.06
20.16
17
14.32
16.98
14.4
9.9
4.3
0.39
-2.11
14.26
19.92
19.84
16.74
13.76
4.31
14.99
16.79
8.24
15.61
17.99
13.19
12.96
3.06
7.94
14.59
14.17
8.63
-0.48
13.79
16.13
18.29
21.17
21.46
18.7
18.34
14.03
5.69
7.31
14.27
14.44
14.78
15.86
13.35
6.51
-2.35
12.01
17.85
15.31
13.36
16.46
15.47
11.43
4.95
14.56
19.46
18.65
18.69
16.65
10.83
4.28
8.39
17.46
19.38
17.19
19.47
21.34
17.77
10.1
8.39
6.3
5.65
7.94
15.31
18.13
18.6
17.16
9.72
7.2
17.36
21.85
22.1
20.66
19.31
15.54
11.42
0.81
10.24
13.21
13.25
19.32
15.3
0.79
-1.28
9.05
14.23
15.25
9.58
2.77
15.24
16.09
-0.62
17.56
21.96
21.86
14.25
4.97
14.23
16.44
17.69
19.16
16.67
10.9
8.19
18.11
18.08
6.61
18.97
21.54
17.08
13.51
17.93
15.57
14.94
13.15
5.4
13.76
10.57
14.88
8.49
14.76
19.36
19.33
19.9
17.48
11.41
-2.65
14.02
18.24
19.47
18.28
13.89
17
19.56
13.33
6.14
11.87
14.37
8.97
18.01
16.26
-12.88
12.06
12.92
7.72
16.51
22.97
21.27
18.49
19.62
18.29
13.06
11.96
5.55
7.21
0.65
-8.41
9.76
9.96
16.51
16.64
-4.39
16.32
16.7
7.24
11.98
11.92
16.26
16.12
14.22
12.23
-10.14
17.44
17.31
11.18
9.03
13.15
16.32
9.41
11.49
14.84
7.29
16.68
16.66
10.78
3.29
2.76
7.01
-1
15.66
26.18
24.72
18.64
21.06
22.56
21.27
17.55
13.5
17.04
24.23
20.89
13.97
15.45
14.93
17.7
19.78
21.25
20.81
15.86
9.25
9.57
9.86
9.3
13.64
17.27
12.4
13.62
14.39
17.63
15.54
5.12
16.96
16.7
11.51
8.82
9.38
13.49
18.16
15.53
18.79
22.11
21.09
9.88
15.45
18.98
15.52
8.33
10.48
12.52
15.89
19.09
23.27
22.6
15.56
15.88
21.59
22.21
22.74
22.34
19.04
10.27
0.05
2.22
16.18
15.49
15.06
13.86
16.53
21.24
21.85
21.56
21.36
22.67
21.91
20.38
22.14
19.27
15.29
19.56
20.23
6.62
17.65
21.03
22.88
24.33
22.69
12.66
10.47
16.57
14.52
13.96
19.19
16.23
12.8
18.96
18.92
17.52
0.55
18.15
22.69
22.82
13.11
17.73
19.93
19.6
19.71
5.66
20.53
22.37
14.71
2.92
9.12
6.78
18.93
19.54
4.05
12.78
12.98
18.55
22.19
20.76
21.08
21.77
20.3
14.1
15.71
20.85
22.15
22.97
20.21
14.86
22.05
21.19
17.16
8.61
20.76
22.52
23.32
21.61
15.63
12.06
22.92
21.9
14.91
20.94
20.71
15.79
18.97
23.63
23.81
18.07
22.77
23.05
20.83
20.08
20.35
17.15
13.6
17.82
19.06
22.13
23.16
19.53
11.85
11.99
21.23
22.62
21.43
17.15
12.59
11.67
13.04
14.17
21.19
22.89
20.05
19.06
19.95
22.54
25.06
24.66
21.85
10.3
19.12
25.47
25.35
19.37
1.78
17.3
16.86
13.49
23.13
22.9
20.11
18.5
21.26
20.91
16.77
9.79
19.54
20.69
22.54
24.06
18.32
4.54
9.05
20.64
23.68
14.4
13.95
19.03
23.46
21.08
14
18.22
23.61
23.53
16.82
14.78
14.85
9.3
18.53
20.22
22.5
23.49
19.92
8.83
13.44
19.14
19.39
17.68
5.5
9.71
10.53
19.75
20.88
14.9
18.23
15.77
11.63
23.4
24.67
21.14
2.82
19.49
19.04
10.86
10.88
21.64
26.92
27.34
22.3
12.17
15.63
20.4
24.14
23.53
20.96
17.65
5.76
15.14
18.32
12.22
11.23
13.65
15.77
15.29
14.09
11.22
11.75
18.84
21.42
23.54
23.36
20.32
21.68
18.83
16.67
21.87
21.05
19.21
18.28
6.46
1
8.04
10.57
17.97
18.84
19.16
16.58
7.32
19.02
23.98
23.99
19.83
9.22
19.02
21.65
22.34
16.95
16.05
13.72
16.47
12.73
16.8
19.95
19.54
15.84
14.06
17.97
17.5
18.1
19.7
22.24
20.64
20.53
13.69
11.25
6.22
17.63
19.55
19.66
11.41
-2.77
16.51
20.5
23.42
23.43
21.32
20.71
16.5
20.13
19.02
12.74
18.03
19.18
14.16
14.52
18.38
18.41
4.42
18.55
18.93
5.43
17.37
20.46
15.9
13.7
15.19
11.06
3.54
12.09
10.83
7.76
9.18
8.83
13.81
18.16
8.38
17.6
17.34
9.48
12.53
16.25
16.64
16.96
15.55
7.6
15.32
21.16
19.26
13.93
14.41
12.68
3.46
8.85
6.5
7.64
19.25
21.23
12.63
17.18
21.64
18.89
14.61
11.25
13.16
17.06
15.04
9.08
9.49
9.65
16
17.09
18.84
16.63
15.18
13.61
4.43
6.49
19.55
20.63
20.44
15.36
10.01
10.88
5.6
7.55
6.25
18.15
20.23
18.56
17.27
16.4
14.05
18.11
17.54
18
19.51
18.81
20.94
21.07
12.57
-10.2
8.82
7.84
16.75
18.95
14.67
7.96
13.6
5.22
4.54
3.96
9.01
15.13
18.73
17.86
13.88
14.98
11.78
11.36
11.4
17.06
20.58
18.26
6.18
13.24
17.8
18.69
15.7
5.97
2.94
9.48
12.12
8.79
1.47
8.94
9.85
9.13
10.91
11.59
7.36
9.63
16.33
12.29
12.88
13.95
11.64
6.91
13.13
13.02
7.63
3.12
11.65
15.04
15.27
14.71
11.56
0.47
-10.48
8.82
15.24
17.58
17.33
13.02
9.18
10.47
10.7
8.05
13.35
17.85
16.33
12.34
14.32
5.09
17.35
18.28
15.93
16.87
18.07
14.79
19.12
22.67
21.34
16.61
13.64
8.25
6.18
14.84
15.21
13
10.97
11.04
14.06
15.16
15.91
16.04
6.69
15.4
13.08
9.64
9.67
12.56
17.05
17.38
21.16
21.85
18.26
13.62
15.87
14.91
9.01
14.29
16.34
20.05
20.08
18.66
19.6
15.77
1.82
2.67
5.6
18.41
20.37
15.84
10.17
19.49
21.67
19.5
17.27
11.91
19.19
18.87
13.19
14.83
17.94
19.02
19.81
16.23
10.79
15.1
16.86
16.9
17.49
18.21
17.13
11.74
8.77
11.19
2.48
7.97
17.61
20.07
18.28
20.9
18.21
12.75
14.27
12.05
6.69
8
8.8
10.48
7.94
11.7
16.05
19.21
22.6
21.33
15.73
7.92
12.68
13.19
14.36
17.48
17.78
19.16
19.57
16.19
13.76
10.52
14.83
20.65
18.54
5.91
10.7
16.95
17.74
14.97
8.82
12.92
17.32
17.15
9.97
15.38
19.72
19.82
18.4
18.27
16.67
10.25
19.11
20.19
16.41
10.43
10.11
17.02
19.53
18.33
13.48
10.64
16.63
17.72
5.36
16.51
19.5
20.81
18.98
14.08
10.23
13.19
17.2
18.81
13.53
1.47
7.6
10.28
13.38
6.93
5.22
4.82
11.94
12.27
15.68
20.31
21.3
17.38
-8.96
13.33
16.62
13.07
0.79
5.2
2.72
8.4
10.25
10.13
6.99
11.73
16.21
15.02
17.11
18.4
13.53
5.82
5.81
12.29
19.08
19.36
13.92
0.75
6.46
9.47
18.51
16.48
-0.21
-6.74
14.28
18.9
17.34
13.97
14.93
16.98
17.35
13.64
9.73
10.85
17.33
18.93
17.17
16.35
12.72
13.15
14.49
10.07
3.94
9.93
11.28
4.71
8.69
11.54
18.34
14.14
14.13
18.59
19.02
15.74
3.67
2.63
10.68
16.52
11.48
-6.18
11.3
15.81
12.33
6.33
14.42
13.22
6.44
8.89
11.41
-2.29
8.7
4.55
12.89
15.66
18.1
16.91
15.22
12.78
6.68
12.74
17.46
17.97
17.37
18.3
17.63
4.39
14.76
12.74
-7.79
6.58
15.17
15.59
14.03
15.34
16.71
16.61
15.4
15.11
17.03
16.23
10.83
8.86
10.11
12.94
13.12
10.35
4.38
10.38
11.87
10.95
11.95
13.16
13.6
10.89
9.44
12.29
14.2
13.53
16.3
17.69
16.26
15.34
14.28
10.34
2.42
11.46
3.97
5.17
7.93
13.53
14.23
14.75
12.2
10.36
10.54
11.23
12.87
11.74
-3.85
9.36
8.98
13.18
16.06
14.09
10.76
10.88
5.01
-15.69
10.78
14.14
14.29
14.32
10.09
7.21
-0.14
-3.87
7.22
7.34
9.09
19.05
19.37
16.68
14.86
13.06
9.97
16.04
19.47
18.33
14.52
17.21
19.28
14.67
-6.32
8.08
12.1
11.51
10.85
7.81
-6.93
2.98
8.31
13.35
13.73
10.72
6.09
9.43
11.04
18.35
19.51
18.89
19.28
17.66
10.19
-6.5
4.72
13.63
13.59
10.49
3.45
10.9
13.07
13.81
17.92
19.9
18.97
17.06
15.48
15.04
16.11
11.73
10.43
13.74
10.59
6.27
12.13
14.91
11.67
9.89
14.25
18.62
19.06
15.32
13.31
11.55
-8.44
14.99
16.22
13.51
9.69
10.29
16.3
17.95
10.89
-0.16
3.34
5.83
13.98
14.37
12.38
12.63
11.6
14.64
15.81
14.89
18.51
20.99
19.26
14.15
7.6
4.83
6.48
9.13
10.49
13.94
11.16
13.77
13.2
7.6
-1.44
9.38
13.13
8.51
-6.07
-9.73
10.26
14.79
3.75
12.63
13.5
7.55
12.81
11.18
-0.43
7.67
10.71
16.05
18.81
12.95
12.72
17.66
12.5
10.83
17.33
14.1
0.23
3.37
1.63
12.36
17.82
16.82
10.96
6.51
12.24
18.59
16.55
7.1
-0.15
14.36
10.33
14.02
13.3
0.93
9.37
-2.55
12.28
14.8
15.98
15.12
16.32
14.97
10.46
7.67
6.67
10.41
16.39
19.78
18.65
15.13
17.42
19.49
18.48
17.19
10.1
9.4
10.8
8.04
6.58
9.99
11.83
12.91
14.51
11.49
-3.51
5.99
13.11
12.61
11.06
6.65
12.12
15.48
15.93
17.16
18.53
19.24
16.04
13.68
15.2
10.67
2.86
10.99
11.28
14.39
14.38
11.35
13.24
17.74
20.05
19.23
16.58
11.58
8.48
13.99
10.46
9.69
17.37
18.87
12.63
6.92
14.18
17.22
15.24
11.38
11.16
11.99
15.07
11.76
3.9
8.43
14.63
13.68
13.37
14.66
12.02
12.86
13.56
10.25
1.77
6.09
11.88
16.54
17.27
12.26
9.18
15.99
16.27
5.11
12.28
13.84
7.76
8.87
0.63
5.3
8.17
11.16
13.5
11.61
10.24
10.05
12.26
15.32
16.76
14.34
14.93
10.99
11.67
13.43
13.71
13.4
13.24
11.05
-3.51
7.29
8.95
10.43
13.59
17.76
20.66
19.38
13.65
7.68
-1.84
4.48
9.22
6.74
5.99
13.31
12.43
-4.55
15.18
20.21
18.82
8.83
8.74
-6
16.27
18.52
12.83
8.98
18.31
19.24
14.58
9.55
-5.95
5.83
4.92
-4.32
8.97
15.87
17.06
13.68
13.63
19.17
20.33
14.3
11.08
12.07
15.18
20.32
22.23
22.03
21.18
15.64
1.55
10.22
14.94
15.12
11.18
9.89
2.99
13.62
15.22
15.47
16.5
12.43
0.89
13.13
13.62
15.67
18.08
17.73
11.38
-18.27
4.88
13.01
10.73
13.11
15.94
14
14
8.29
13.57
15.53
13.01
3.01
12.64
10.8
2.21
10.61
12.63
15.44
16.51
11.96
5.97
15.54
8.86
13.28
14.32
17.24
15.91
8.83
12.04
11.69
10.55
7.34
15.52
20.35
19.03
15.57
14.81
11.14
4.09
4.82
10.82
11.69
11.85
11.4
8.58
9.06
11.23
12.45
-1.74
7.32
10.01
10.56
6.56
12.78
13.77
13.04
12.47
14.67
15.87
9.57
9.72
14.05
14.3
14.44
12.64
13.43
17.48
17.64
13.15
4.25
9.36
9.6
10.6
12.26
13.25
13.43
9.28
12.96
15.76
9.66
3.45
4.81
3.75
13.07
16.59
13.54
6.84
6.11
6.33
11.27
14.99
12.34
12.34
16.69
15.42
1.22
15.47
20.33
17.39
14.12
14.29
14.24
13.26
14.51
16.83
17.36
13.56
11.11
14.5
7.4
6.34
13.28
12.57
5.46
6.64
7.56
14.43
18.86
18.55
18.76
15.91
13.04
15.23
10.32
3.62
12.9
16.4
11.76
3.28
6.58
14.09
17.4
17.99
19.26
19.1
17.73
15.53
15.18
16.7
17.47
15.14
17.03
18.71
18.5
19.92
17.43
10.31
1.03
10.47
14.68
13.44
7.94
-3.32
6.6
9.41
8.64
14.53
13.9
5.6
13.2
15.09
9.66
-3.96
1.54
7.76
11.12
15.57
15.29
10.96
15.61
15.29
11.44
8.94
5.99
5.71
-12.28
5.01
9.56
9.74
8.07
9.76
13.86
12.4
5.23
1.53
11.88
14.54
10.05
11.36
6.98
9.34
4.98
10.54
13.12
11.66
13.85
10.95
6.21
4.9
12.73
10.54
9.2
5.97
13.83
14.39
15.14
17.3
19.33
21.33
20.32
20.64
20.48
20.29
19.53
13.62
15.35
15.75
15.03
13.42
12.88
13.51
14.61
-0.81
18.78
16.25
2.99
3.63
10.37
15.02
16.19
17.56
15.78
15.99
18.77
20.76
18
16.8
22.07
21.84
9.25
13.39
14.04
12.16
14.92
12.62
1.09
14.22
14.79
17.5
13.92
7.26
16.26
20.97
18.25
17.38
19.15
16.8
9.85
4.85
11.11
16.21
18.04
14.1
11.91
15.93
17.87
15.99
8.37
13.08
16.1
15.64
15.2
14.88
15.65
16.31
18.85
19.63
16.11
16.91
18.43
18.64
17.1
16.41
16.45
11.88
14.15
18.25
20.72
19.55
17.55
18.62
16.13
16.07
10.3
-9.64
12.88
17.42
14.49
9.56
7.57
16.17
16.63
16.32
18.75
19.44
15.05
7.17
14.5
14.05
16.03
17.03
16.19
13.26
6.73
11.35
11.91
15.52
19.49
18.79
15.94
13.67
3.39
8.41
10.64
8.36
11.49
12.49
12.73
13.84
13.43
9.42
10.94
6.16
1.5
15.71
14.19
12.39
14.89
10.82
-1.87
-3.92
9.09
15.96
12.94
5.6
-3.15
14.31
15.2
13.07
13.66
14.96
18.71
19.59
18.6
14.61
7.14
2.77
11.87
13.04
2.13
8.8
9.79
9.93
6.02
8.08
5.07
5.16
15.22
11.52
6.13
-0.89
12.16
15.31
18.12
19.39
19.11
16.08
5.66
12.96
11.67
11.53
10.78
12.32
10.77
4.91
7.5
7.74
10.3
10.28
15.84
14.28
16.22
17.47
15.9
10.47
7.95
11.44
12.85
10.61
2
2.67
2.82
4.79
3.18
8.37
12.52
15.99
15.57
8.41
1.3
9
10.97
6.58
7.39
11.45
7.87
-6.15
-5.93
7.83
14.12
15.74
13.01
3.54
-0.76
10.27
12.03
9.05
15.15
18.18
18.84
18.26
16.77
13.54
13.38
8.89
2.09
6.11
10.51
11.08
11.57
15.87
16.52
17.52
17.9
8.68
9.7
12.2
13.46
13.86
15.35
16.78
16.99
16.12
15.17
16.62
18.55
17.04
16.59
15.31
15.7
17.01
15.23
14.55
16.32
16.33
15.21
13.66
13.43
16.63
15.91
9.68
15.07
17.28
17.29
16
9.98
8.91
14.92
10.39
-5.22
6.83
8.94
-7.41
2.4
0.42
14.43
18.46
16.15
8.15
2.98
5.04
13.17
0.49
7.61
7.01
11.8
11.69
7.26
7.16
2.46
-4.21
2.59
8.26
16.46
16.32
-3.71
1.79
6.61
2.01
8.22
13.6
20.26
19.35
13.26
-2.81
12.78
5.94
1.89
5.62
10.58
11.75
12.96
8.34
-0.2
7.87
8.29
14.29
13.27
13.29
13.41
10.13
13.87
17.47
15.84
5.9
8.34
10.5
5.97
15.7
14.03
7.71
13.92
4.13
7.14
10.78
15.21
17.3
14.88
11.93
17.79
18.52
13.92
12.04
16.7
16.11
16.21
17.13
13.74
9.02
12.82
15.39
14.9
10.49
1.23
5.32
14.37
14.4
8.78
8.92
13.19
10.13
4.09
2.94
-5.34
3.61
11.34
13.95
14.73
13.21
6.72
-7.62
4.99
11.75
14.93
7.2
11.86
16.27
14.79
10.66
11.9
8.34
-5.91
3.54
5.98
5.14
-2.16
13.1
10.44
13.67
18.86
12.77
2.61
11.99
17.1
18.9
17.18
8.55
17.7
17.23
14.98
11.14
6.13
11.62
12.27
10.93
4.12
-1.01
11.3
9.43
1.92
6.29
13.41
15.09
14.68
9.21
4.6
15.55
20.38
19.74
16.93
1.55
14.8
16.88
11.18
-6.64
8.52
13.48
5.96
3.47
7.95
12.53
8.71
6.28
4.05
5.47
-6.66
9.77
10.6
0.33
10.34
15.31
14.95
10.62
12.89
15.58
11.91
8.12
15.82
17.59
15.84
16.48
17.65
15.17
7
2.62
5.25
6.77
11.21
11.7
14.44
11.87
3.03
6.69
4.76
9.89
11.39
10.49
12.61
16.82
18.58
17.55
14.29
7.61
11.42
5.76
12.57
12.76
9.04
9.82
-6.99
3.01
7.07
-2.6
6.84
13.16
11.48
9.8
12.58
9.03
6.36
12.14
11.06
9.83
9.33
9.26
12.69
13.05
8.59
1.8
-3.86
0.37
7.91
-2.5
1.27
-8.01
7.07
14.9
15.85
11.78
8.28
10.54
11.14
-2.2
2.25
6.49
13.79
15.46
12.06
9.02
10.34
1.29
14.94
18.6
14.81
8.78
12.53
14.97
11.05
7.25
0.68
2.51
5.79
8.59
10.96
16.29
19.96
16.75
14.02
14.17
8.34
11.25
11.74
8.3
15.64
15.64
15.23
14.12
12.16
7.41
4.85
7.99
11.87
11.54
3.13
2.67
0.66
-1.09
4.22
10.82
11.78
10.16
16.38
17.18
11.29
3.49
7.97
-6.43
6.17
-1
7.28
5.61
10.02
8.39
10.45
6.23
9.8
16.45
17.54
11.86
4.91
6.65
12.86
16.04
15.51
16.45
17.96
14.07
10.51
11.45
0.01
7.97
9.68
9.86
9.98
6.74
16.32
16.94
15.11
15.85
15.52
13.18
7.22
8.28
12.04
11.42
10.2
13.21
13.82
11.3
7.89
11.77
12.34
1.79
5.42
4.19
3.02
7.99
15.55
17.16
11.02
2.52
12.82
12.9
8.23
9.07
11.9
12.29
8.42
6.33
8.8
11.66
11.97
14.02
13.04
9.07
13.56
15.79
6.81
10.03
11.72
8.72
10.13
7.82
12.93
7.41
2.98
17.29
17.94
5.16
7.06
9.04
9.64
5.32
2.7
0.09
11.01
12.72
6.89
7.8
7.8
2
6.2
3.27
-5.49
-0.24
-2.81
-1.2
8.6
13.14
13.45
8.78
8.25
4.38
5.72
13.69
16.84
14.27
0.38
7.41
11.45
5.03
15.8
14.78
8.71
4.14
7.01
6.88
6.83
12.62
9.46
6.05
10.23
5.03
1.32
5.14
13.24
16.08
10.89
1.93
6.19
9.94
7.06
7.65
10.37
14.89
13.13
9.35
9.46
0.26
2.08
4.31
11.22
12.92
6.88
14.3
9.71
8.67
10.35
8.75
7.84
3.21
4.13
-11.71
-4.74
7.41
4.56
8.8
8.62
13.51
17.64
14.55
13.81
11.65
6.29
9.93
6.93
11.85
15.97
12.38
11.87
17.18
15.8
11.68
-0.54
9.43
8.11
6.2
7.16
15.62
10.28
6.33
14.1
14.94
12.84
14.44
15.33
15.83
14.19
16.67
20.38
22.64
20.13
12.49
-4.04
2.97
11.11
12.53
8.92
10.66
15.06
13.46
7.79
9.58
12.92
6.6
5.9
13.85
11.96
8.17
8.85
9.62
15.98
16.45
13.71
5.96
11.18
11.37
-1.15
6.67
2.01
9.1
11.39
8.02
3.4
7.18
10.87
12.99
10.08
9.73
11.95
14.28
13.21
12.33
12.9
15.33
15.27
14.56
16.52
17.91
17.18
17.01
18.6
20.01
19.89
17.79
10.52
5.87
7.47
12.53
13.47
10.11
3.53
4.27
15.73
17.28
10.74
13.82
16.4
16.9
15.19
9.95
9.17
11.92
11.88
9.56
9.78
15.93
18.41
16.34
16.49
19.15
17.09
9.9
11.84
3.48
-3.26
1.46
8
14.38
17.2
15.66
7.02
11.52
16.13
18.95
17.68
7.97
-1.14
9.88
13.88
13.99
11.16
11.53
13.25
15.2
14.92
13.54
8.98
3.66
-1.02
9.62
9.9
7.08
3.54
8.75
13.98
13.47
5.78
4.83
11.3
14.42
6.29
8.23
14.13
10.87
10.41
6.67
7.01
5.07
7.12
15.2
16.16
11.43
2.66
6.19
10.2
13.21
10.73
1.63
6.97
6.33
4.57
-0.88
6.32
1.12
12.78
16.37
20.51
19.84
16.14
14.83
12.18
9.53
9.5
9.03
12.03
16.39
17.43
15.46
7.54
12.38
18.4
18.07
6.65
14.44
15.93
7.62
8.2
9.76
10.58
1.74
14.16
12.24
-0.21
10.62
14.5
13.37
13.43
9.56
6.11
5.51
8.14
13.38
14.45
13.73
12.12
13.9
14.43
13.8
18.38
17.48
6.2
15.55
17.18
9.85
13.15
12.82
12.44
9.49
12.5
10.24
10.15
14.02
11.92
10.48
12.65
11.49
11.03
11.54
14.52
17.21
17.06
15.69
12.41
5.04
4.17
3.8
2.8
7.78
4.18
7.51
11.84
10.22
10.22
10.78
17.36
13.78
7.22
9.01
12.89
15.32
14.48
6
11.6
4.44
8.19
1.37
9.8
13.17
14.48
5.15
13.43
14.32
8.9
11.3
11.02
4.08
11.91
10.23
9.3
11.24
4.89
8.27
16.01
