8.72
12.57
12.4
8.27
13.95
16.21
12.89
10.69
12.38
8.23
3.24
-2.75
7.82
9.95
6.73
-0.73
-32.15
9.52
14.22
13.57
11.52
12.19
5.73
8.58
10.51
15.33
16.15
15.84
17.47
18.48
16.91
12.77
13.88
14.04
10.5
13.38
15.08
5.04
8.95
11.17
9.03
10.89
9.92
10.91
15.49
16.94
13.46
10.29
10.87
9.37
0.42
-8.96
5.18
6.42
3.14
3.11
10.94
14.08
12.34
4.18
-1.11
8.39
9.32
1.47
11.13
16.39
14.38
11.09
8.02
7.67
8.28
4.62
4.52
4.55
12.78
13.53
8.92
9.18
11.85
6.78
1.38
0.68
0.64
7.66
11.87
11.3
10.78
9.91
11.91
13.36
11.55
9.1
3.81
5.96
10.21
0.31
12.28
14.64
6.79
-33.11
4.03
13.26
12.96
-5.52
4.11
8.01
10
11.4
11.36
13.19
12.53
12.37
12.39
9.29
10.11
11.3
7.77
0.84
5.95
12.78
10.97
12.16
12.55
3.74
8.18
11.78
14.57
14.23
8.34
7.49
10.77
13.69
14.16
13
5.08
10.03
9.75
14.8
13.65
10.05
10.45
10.37
-22.28
8.36
2.07
2.17
10.64
13.14
10.2
8.61
13.99
14.92
12.78
12.75
9.56
-1.25
7.47
14.06
14.47
10.35
7.14
12.77
13.12
1.42
10.22
13.12
5.75
2.38
4.78
6.75
11.6
13.43
13.15
11.83
9.03
1.64
5.7
0.66
2.53
5.78
10.41
13.27
7.26
10.92
12.22
10.93
1.94
5.81
9.89
-0.83
-8.31
9.15
13.07
1.45
7.78
8.3
6.94
9.88
4.77
13.68
20.21
17.31
4.17
13.53
14.29
4.81
-3.18
9.64
15.2
14.06
10.55
2.4
11.84
11.56
0.89
11.14
12.56
11.06
5.44
13.55
12.78
12.7
11.53
7.03
1.36
6.06
-0.63
7.54
10.59
13.68
14.98
14.52
9.32
1.39
0.05
6.39
3.84
7.18
16.82
15.54
6.23
9.01
9.28
6.77
-3.05
4.21
11.24
14.91
15.26
11.98
10.69
10.65
10.63
9.01
5.75
-5.31
6.23
10.38
-3.16
10.57
13.9
11.92
12.81
14.14
7.3
11.3
11.79
12.29
11.64
10.58
6.48
4.51
6.81
10.36
13.7
4.84
6.47
7.47
9.35
4.24
6.51
12.99
12.22
4.97
-2.3
6.85
7.52
5.34
11.94
12.87
2.57
3.43
8.4
13.71
9.9
6.28
3.44
5.7
12.61
12.35
7.51
5.03
7.21
14.26
12.21
2.36
9.19
4.48
-3.38
4.63
8.68
10.44
11.57
10.23
5.64
5.95
8.93
9.67
10.04
6.44
-7.51
9.61
14.3
13.22
12.35
14.39
15.02
11.4
-9.27
7.23
5.32
0.33
-0.83
4.5
12.88
15.63
9.24
8.2
11.12
5.42
0.17
5.42
15.63
17.2
11.08
-0.29
5.27
5.19
6.59
-0.63
2.22
7.56
8.35
5.87
8.79
12.82
9.51
4.19
11.52
15.14
12.61
10.79
5.73
8.22
14.12
11.86
0.7
10.46
10.91
6.93
14.41
17.39
16.84
15.48
15.79
14.79
11.7
9.38
8.8
10.72
8.91
11.81
11.7
5.65
1.94
2.82
3.43
6.71
7.97
7
1.58
3.33
0.97
3.14
13.24
14.82
12.33
7.18
11.74
10.13
0.01
12.61
12.75
7.6
1.97
5.95
-5.61
7.17
9.26
-0.29
7.48
12.84
13.15
6.61
8.75
11.36
5.44
6
-1.97
4.9
1.65
6.5
12.27
14.56
12.87
5.92
3.14
3.99
-2.5
-3.68
3.82
6.57
3.22
-13.46
8.78
14.18
10.52
7.25
11.27
11.79
14.01
15.14
10.25
12.79
16
10.05
9.78
14.37
9.57
9.74
7.77
3.88
5.22
6.55
6.82
0.32
6.96
0.23
6.67
10.96
-4.86
8.61
6.62
9.12
10.84
15.64
14.53
7.41
1.88
12.07
11.16
5.79
2.51
0.08
1.35
14.42
15.85
7.83
2.75
8.01
6.91
0.74
4.57
8.43
9.96
-0.69
2.37
2.77
9.94
8.35
14.98
16.73
13.72
11.87
12.96
6.88
-1.5
-0.99
4.29
10.73
11.9
12.51
5.82
8.56
8
8.97
11.16
8.38
7.65
9.37
4.47
6.63
0.94
-1.71
6.68
8.8
5.89
6.27
4.52
2.48
-3.36
5.62
-1.87
4.38
12.22
13.83
-4.77
10.14
8.48
7.54
12.89
10.69
-6.21
5.12
8.83
2.86
6.94
11.98
13.87
10.27
-3.33
3.38
4.04
10.42
12.5
6.31
4.24
9.41
1.67
-2.25
6.89
15.08
14.51
11.49
11.62
9.62
8.24
7.9
13.03
14.55
8.67
4.01
10.65
6.13
-6.27
7.12
6.4
10.11
11
14.93
16.72
13.11
-5.59
5.72
7.44
9.95
8.05
8.23
14.13
15.44
10.27
8.69
12.06
5.03
7.08
5.49
-9.95
1.99
0.58
-4.53
7.26
13.31
15.3
10.25
3.34
8.51
9.69
6.62
11.37
14.73
9.57
14.12
14.5
5.38
3.61
3.38
-7.99
1.5
5.18
1.07
9.5
8.61
6.76
4.15
-2.2
2.68
6.48
11.96
14.84
12.09
13.95
17.3
16.45
9.91
5.77
9.63
6.03
5.35
2.52
12.56
12.76
3.85
6.24
1.94
3.44
4.8
-12.11
-4.69
-1.14
0.2
7.25
8.19
8.11
4.98
4.68
9.46
5.8
0.37
12.49
14.91
10.68
-3.29
10.02
16.08
12.14
4.66
9.51
10.15
6.84
3.51
6.22
14.77
17.28
16.52
12.64
7.42
5.5
-4.14
-0.55
3.06
-0.09
3.15
5.83
9.74
5.18
11.21
4.47
5.98
3.04
4.73
7.57
6.62
-4.35
5.87
11.88
12.39
8.86
-1.4
-3.65
6.08
-10.85
10.74
8.73
6.38
9.34
6.35
6.35
6.93
8.59
9.43
6.05
-6.78
-1.92
5.65
10.27
9.35
4.69
7.45
10.85
11.88
3.95
2.72
9.77
5.35
-8.37
-0.33
10.34
12.38
7.13
10.88
14.98
14.14
8.13
8.1
16.24
15.21
3.13
4.15
4.6
3.67
8.39
8.76
5.27
10.72
12.89
12.76
8.08
9.39
9.91
10.9
5.88
8.01
7.43
5.29
1.35
0.84
9.44
6
2.83
-2.57
11.03
7.22
9.35
15.05
12.16
-6.83
11.01
12.2
4.97
13.3
14.34
14.52
12.89
7.22
9.7
12.5
3.22
7.39
-4.35
8.31
7.89
4.13
4.46
3.86
-0.3
4.42
10.75
13.67
11.51
1.92
6.69
9.23
-2.14
-5.9
11.11
13.4
12.51
10.62
13.32
15.81
10.75
-12.88
4.24
2.83
1.32
-2.58
-5.06
2.53
10.51
12.12
1.82
14.67
18.45
17.21
13.64
14.98
11.48
16.4
17.84
9.98
12.87
12.92
24.21
29.46
28.63
24.74
19.11
6.46
14.64
7.29
21.12
25.53
24.99
24.37
25.32
25.17
12.78
23.35
25.12
16.63
11.3
19.5
21.89
19.42
17.11
23.92
26.98
17.02
16.68
18.14
27.16
24.5
19.45
19.78
11.46
13.84
17.25
18.55
21.47
25.64
30.39
29.63
20.64
12.14
23.88
29.02
27.97
24.33
24.97
23.66
20.07
17.31
17.2
12.84
17.02
19.75
20.57
11.95
17.87
23.38
20.59
19.89
19.77
18.94
19.97
19.07
16.36
17.75
22
23.06
26.23
26.99
12.44
14.34
24.32
27.94
21.83
16.1
8.45
11.06
15.2
22.93
21.05
22.2
20.86
21.7
22.13
18.8
26.21
24.9
15.19
8.02
12.58
17.67
21.07
18.17
14.38
4.03
14.79
12.93
12.79
22.75
15.05
16.84
13.54
13.97
18.22
22.35
21.97
11.69
18.17
13.65
16.6
25.39
25.32
18.38
23.03
15.91
21.05
21.93
16.38
18.51
18.41
15.96
13.75
18.15
16.42
25.23
25.28
21.15
21.7
17.94
10.43
8.54
11.24
18.67
11.66
23.65
30.37
30.16
23.79
10.84
10.42
18.83
19.09
18.33
7.07
1.05
16.39
25.07
24.31
10.05
22.6
19.48
15.59
21.45
19.14
18.08
15.26
13.19
13.8
13.71
23.58
21.28
15.81
23.65
21.4
8.55
21.47
25.38
21.03
16.29
17.68
23.89
26.76
28.17
26.19
3.11
29.5
33.05
30.07
19.41
23.32
23.65
19.84
16.5
23.1
25.88
23.24
18.69
15.01
13.8
20.95
-2.74
26.19
25.89
22.18
18.31
22.49
17.8
14.81
11.8
9.23
18.05
22.67
21.29
25.43
24.78
15.75
19.04
23.12
10.28
18.33
17.65
22.22
13.71
20.73
20.58
20.3
16.69
3.69
22.38
19.58
17.2
20.53
16.09
20.94
13.4
13.46
20.51
20.49
13.59
16.88
23.46
21.17
17.43
25.23
22.84
21.69
25.08
18.62
21.56
23.24
0.75
14.35
13.15
21.14
23.01
11.37
17.78
13.68
13.81
11.7
11.97
21.27
27.7
25.9
10.99
9.39
21.02
22.02
16.15
11.62
19.34
18.07
17.56
19.18
19.58
18.52
20.21
25.94
26.43
18.76
15.27
20.44
22.39
18.98
21.15
14.31
21.7
14.57
22.43
25.74
19.62
15.6
8.26
16.53
21.11
21.43
13.74
11.49
21.46
25.91
25.39
24.6
23.49
19.47
10.17
-2.67
18.17
22.58
15.99
18.82
18.97
16.06
20.49
21.04
19.52
11.79
9.47
2.38
17.37
15.76
4.55
-0.81
13.31
10.4
14.91
16.01
16.66
15.13
12.51
16.11
8.65
11.99
1.43
16.47
12.87
16.58
13.74
12.57
20.48
19.11
19.44
21.9
18.82
8.56
8.59
20.94
22.37
15.82
-4.36
2.54
-1.16
21.12
22.87
12.12
-12.84
14.39
17.98
16.61
11.21
5.48
12.61
17.69
21.63
21.64
18.86
5.19
12.41
10.92
10.93
4.55
2.02
13.46
15.96
9.9
10.51
12.9
14.66
8.43
5.46
5.21
7.71
14.1
13.51
15.23
14.08
-8.47
8.37
-5.68
3.22
4.34
10
2.07
1.07
12.81
13.25
9.31
10.53
9.77
20.4
12.73
9.92
5.72
13.16
11.28
13.83
21.1
21.95
15.1
2.58
7.11
20.1
20.25
10.32
-1.96
-0.34
15.14
18.06
18.53
21.39
20.08
19.97
23.8
23.5
19.61
17.82
19.05
14.65
15.99
15.86
12.69
14.86
8.42
17.85
24.43
22.81
22.48
25.32
22.97
24.43
24.66
20.79
10.75
15.33
19.82
22.14
17.2
12.09
19.08
24.12
22.43
20.22
9.82
15.38
14.93
13.58
21.29
16.24
22.22
23.73
23.72
25.16
22.27
16.4
7.16
16.58
13.54
7.8
20.04
18
19.31
20.99
20.04
26.38
26.08
22.08
21.18
17.66
13.53
13.15
15.77
19.78
8.14
16.84
21.86
19.9
17.93
20.19
22.37
16.63
17.66
20.94
16.55
19.65
17.16
15.05
14.55
13.66
21.16
25.95
23.74
22.09
22.88
21.3
20.38
22.24
22.97
23.59
22.9
3.37
21.28
16.37
13.08
21.41
23.69
21.44
18.04
13.76
4.46
19.67
21.6
19.45
21.71
25.19
21.81
12.22
22.57
20.36
22.22
22.97
24.38
20.22
14.19
15.13
9.39
12.99
19.46
17.32
14.63
20.06
20.1
17.64
10.93
18.04
26.39
27.23
22.56
15.76
7.93
12.39
19.06
19.94
7.41
18.03
15.12
15.08
16.27
11.91
23.64
26.42
27.47
26.13
21.57
18.78
13.79
14.9
23.8
25.9
25.29
20.25
11.71
19.39
21.61
26.26
26.63
22.73
17.59
23.24
23.28
18.17
19
24.64
23.21
18.61
17.7
18.33
22.41
21.86
12.13
9.34
-1.01
12.12
16.84
14.43
13
16.5
18.32
16.12
13.42
12.48
10.1
15.23
4.56
15.22
22.45
24.51
26.92
26.34
23.57
22.01
21.19
22.39
23.88
25.22
23
20.3
22.27
24.38
26.97
26.63
25.59
25.14
22.19
6.95
18.93
20.18
18.02
18.93
21.71
22.92
22.57
18.64
21.44
25.75
24.21
18.18
21.11
26.93
28.9
25.66
18.85
21.08
23.78
23.79
25.99
28.36
27.76
26.39
25.54
24.51
23.51
23.84
18.57
-5.87
14.88
22.52
19.2
16.28
23.65
20.53
17.2
21.54
24.43
24.54
20.19
7.08
11.39
18.22
21.81
23.46
22.78
25.28
26.17
22.76
15.85
17.32
20.57
16.04
16.88
24.41
26.29
23.22
21.65
19.6
14.6
18.77
18.15
11.5
21.33
22.41
20.15
22.91
23.81
22.18
18.34
13.68
21.01
15.32
17.1
10.93
-3.54
14.85
19.58
22.44
19.97
12.22
13.35
14.2
22.67
21.5
10.11
13.3
17.91
13.06
1.23
11.31
12.36
8.39
3.89
8.87
6.46
11.89
20.13
23.54
21.91
17.72
21.67
24.44
21.2
11.15
18.51
23.1
24.16
19.53
14.34
18.08
20.23
13.47
18.06
12.04
16
17.04
12.79
-2.52
12.57
11.01
19.33
20.87
17.43
17.89
20.64
19.48
17.84
19.69
12.01
16.6
18.99
16.11
13.38
16.02
19.97
22.29
23.48
23.13
22.23
22.04
20.66
16.72
16.88
17.55
7.14
9.01
11.78
13.73
17.16
19.34
22.26
21.27
19.65
16.8
13.67
13.47
16.63
6.34
11.67
10.15
10.92
19.92
22.07
13.27
12.92
10.17
-3.23
10.18
16.66
19.69
17.14
17.63
10.92
12.67
24.67
28.79
26.02
12.62
2.73
-6.72
8.67
14.74
10.46
17.51
22.54
23.61
26.32
24.15
20.2
18.03
16.63
18.58
24.17
25.54
19.05
13.42
22.47
23.42
17.89
12.39
18.46
20.45
22.95
26.93
26.98
26.37
26.72
26.53
18.43
23.72
23.45
14.25
18.74
20.48
18.11
12.37
16.26
13.76
17.87
21.14
9.29
12.04
21.01
25.86
27.27
23.13
10.68
12.4
13.5
9.94
9.92
15.48
15.78
13.36
6.53
14.37
17.91
16.74
25.19
27.87
26.2
24.29
19.29
15.4
19.33
17.13
8.69
16.22
15.97
21.76
25.16
23.16
19.92
20.51
23.46
22.16
14.27
20.52
21.19
20.87
19.77
18.84
23.22
23.65
19.99
13.19
10.41
22.03
26.42
24.06
15.22
13.3
17.84
18.52
18.55
19.61
22.68
20.77
4.4
16.13
21.54
20.59
15.37
20.96
22.39
22.16
19.16
21.43
21.85
9.22
17.47
19.36
8.82
11.55
20.42
19.12
18.89
21.37
21.79
7.4
24.36
27.56
23.43
19.87
22.83
27.31
29.56
27.48
20.89
13.32
20.42
22.05
24.89
25.03
20.29
23.51
30.72
28.85
12.43
19.43
24.76
26.54
25.85
22.49
16.41
24.43
30.86
25.45
14.72
25.36
26.64
20.5
23.61
22.74
21.28
23.08
24.2
18.77
19.42
19.68
19.2
21.29
17.06
20.34
20.37
24.91
25.23
18.86
13.74
20.96
24.57
25.02
34.05
43.1
41.99
31.16
8.48
9.76
18.45
22.04
24.54
21.91
20.85
22.05
19.6
19.38
20.01
10.63
14.24
18.54
14.14
7.93
18.44
17.49
5.13
14.58
15.03
13.05
32.8
44.2
45.86
37.84
5.32
13.72
20.87
10.01
16.8
14.52
11.57
19.7
24.19
24.7
22.51
20.6
16.38
15.11
21.53
20.44
19.85
21.3
22.39
24.3
28.96
27.22
19.68
20.72
22.56
18.24
21.64
27.41
27.17
17.49
11.34
14.11
19.52
18.6
21.96
21.53
22.99
23.68
22.79
21.86
19.96
22.72
25.63
23.94
21.34
21.64
18.13
16.98
21.84
36.75
43.68
41.71
31.24
19.27
8.53
21.31
24.95
24.29
19.06
13.09
25.24
31.31
29.27
11
24.67
20.11
19.05
21.61
18.96
16.76
20.29
18.24
6.47
21.38
23.93
17.79
8.34
13.16
27.7
40.69
43.8
37.66
20.79
20.92
19.66
20.89
24.74
20.64
18.72
18.42
17.29
14.77
17.98
24.72
25.38
21.17
24.1
24.28
20.79
21.55
25.42
21.95
19.61
23.98
23.48
21.36
20.66
22.95
19.84
16.44
18.09
14.57
16.41
21.38
22
25.5
23.63
12.72
18.71
16.73
10.65
0.42
-4.08
21.17
23.96
20.04
21.71
27.96
26.62
14.24
15.39
36.76
42.97
40.18
27.82
6.48
17.8
13.54
23.47
23.91
23.42
18.81
11.38
13.34
12.93
17.57
14.73
7.69
15.98
25.42
25.75
20.69
25.71
23.42
17.92
15.55
10.76
13.21
16.03
14.04
15.24
20.67
18.18
8.04
15.63
25.49
26.08
21.75
23.73
25.1
25.13
26.46
17.12
22.72
23.73
14.86
28.27
23.81
12.15
8.7
16.88
9.26
15.98
14.81
13.85
18.45
22
22.32
1
20.92
-1.3
12.36
24.72
26.22
21.67
19.07
12.78
8.6
13.23
10.47
21.25
26.91
32.92
39.82
41.42
34.39
23.71
27.18
26.54
25.92
28.7
29.84
30.76
33
34.71
32.64
29.85
26.17
21.86
23.94
20.88
22.12
38.08
44.65
42.2
33.59
25.33
19.11
13.77
18.56
18.27
14.46
24.4
35.51
38.39
32.64
27.72
28.86
20.91
14.08
25.33
27.82
27.12
21.55
30.42
29.22
21.64
27.35
24.81
13.23
24.03
22.11
16.95
28.23
30.57
30.66
26.95
12.06
24.01
24.59
18.47
15.07
23.73
30.73
32.49
29.36
15.43
17.39
23.6
25.47
24.77
25.33
28.32
21.77
20.57
23.59
28.54
28.19
28.82
28.3
33.55
46.39
49.9
44.76
29.63
28.35
33.36
31.23
10.15
25.01
27.18
34.32
46.36
48.98
42.67
25.48
9.38
10.46
20.05
30.04
32.68
30.95
21.66
13.63
28.19
34.46
33.07
29.36
26.38
21.27
13.91
15.03
10.53
12.21
21.63
23.63
8.58
27.04
31.34
28.24
21.09
26.23
23.84
24.46
28.44
27.74
27.51
27.31
27.88
21.7
27.19
28.32
20.95
10.54
16.79
23.8
21.96
14.27
16.37
18.26
16.42
10.7
23.83
26.43
29.33
32.13
29.84
25.55
22.9
22.66
16.71
21.29
21.78
19.14
17.91
23.29
26.63
23.89
23.39
23.34
12.11
25.15
18.64
20.8
23.01
24.34
27.25
32.23
32.62
25.59
-6.65
8.36
22.85
24.6
21.06
30.15
25.54
25.55
29.95
29.41
23.4
19.9
25.3
22.83
23.33
28.04
27.19
25.68
30.37
23.61
26.02
26.23
23.48
22
22.52
21.36
20.92
27.96
31.96
33.6
34.64
32.33
26.92
20.03
22.23
27.1
25.92
23.43
22.98
15.99
12.13
22.74
27.25
27.46
29.42
30.37
23.32
15.44
17.46
21.37
26.67
24.59
18.91
21.97
21.89
19.75
19.84
20.6
22.46
21.45
27.28
26.23
28.22
30.72
28.82
9.03
17.96
20.3
24.75
24.58
24.8
26.78
24.25
18.93
2.99
6.87
16.87
19.92
22.42
21.76
24.84
29.41
29.68
25.28
17.69
18.16
25.22
24.63
22.74
21.75
14.39
18.17
23.22
23.47
21.01
24.46
26.82
26.46
25.7
20.16
15.97
19.5
18.21
23.48
21.32
15.67
18.14
21.13
24.66
25.46
27
26.04
26.55
25.52
23.67
21.11
24.21
23.51
25.59
26.18
20.17
22.35
26.77
27.13
25.26
26.26
24.69
13.3
23.91
22.76
27.3
26.66
21.2
22.28
24.97
25.66
24.49
23.53
23.1
22.56
28.09
30.53
27.51
20.41
23.28
25.82
26.37
26.14
21.37
21.91
25.31
24.67
24.61
20.8
15.07
22.33
25.69
22.87
19.46
13.9
-2.23
16.16
21.56
15.47
7.75
21.08
26.73
25.41
22.44
21.93
18.81
15.6
22.73
24.79
23.9
13.37
16.36
15.87
20.6
20.33
12.76
5.25
19.56
27.03
27.96
29.86
28.59
24.38
23.18
26.02
27.1
25.31
20.23
14.35
10.25
18.77
20.82
23.99
21.84
21.41
23.29
16.41
14.61
14.22
23.66
25.82
23.49
24.55
24.74
22.17
15.71
15
18.76
19.22
17.76
15.07
13.25
17.34
18.4
16.97
19.27
27.46
25.92
25.91
26.33
26.94
19.56
17.91
9.94
23.02
25.68
28.05
27.58
25.12
13.69
15.4
23.6
30.16
30.98
29.5
26.38
26.54
22.94
13.9
25.77
27.73
29.71
31.04
28.42
27.9
26.85
21.15
11.58
20.2
24.98
23.37
23.15
26.74
24.57
21.33
20.88
24.25
29.23
26.82
22.86
26.76
24.11
9.06
22.5
27.77
29.14
28.22
28.76
26.17
7.42
23.58
25.43
27.68
29.9
29.7
24.77
21.39
25.62
26.11
23.94
24.37
23.99
19.08
7.6
10.25
21.59
25.16
19.33
22.5
23.15
18.7
23.32
28.63
23.97
31.22
36.84
34.11
26.96
26.72
15.31
15.24
29.1
29.54
20.52
17.18
24.38
23.35
11.25
20.24
19.99
24.33
26.11
24.67
22.36
11.49
24.02
27.67
31.24
33.12
30.8
23.78
17.58
26.98
27.85
30.3
30.9
30.32
28.79
26.02
20.61
19.02
1.8
20.59
23.23
14.51
23.23
26.47
22.9
20
22.33
26.56
27.1
20.87
11.65
19.03
21.29
18.11
21.85
26.29
24.12
20.14
22.91
18.37
25.21
28.28
28.06
27.21
24.74
22.57
19.67
20.44
22.75
27.57
23.83
9.46
24.46
24.82
28.32
28
2.08
21.21
10.56
20.73
26.78
24.48
23.62
26.8
25.83
21.49
20.64
22.41
8.5
22.27
23.07
24.85
24.39
16.04
7.42
17.18
19.8
17.92
19.14
24.3
24.33
16.25
24.28
17.33
10.8
20.36
24.75
24.88
19.41
14.38
15.48
17.31
9.55
9.08
22.02
22.38
17.94
24.02
24.8
18.87
23.64
23.24
25.99
28.59
26.75
20.96
13.68
21.51
25.34
24.36
14.51
3.29
22.08
21.3
19.37
21.36
23.15
22.49
13.89
12.99
17.19
16.64
20.37
21.38
20.08
19.98
13.8
20.35
19.39
18.24
19.86
21.12
20.3
13.49
15.78
16.93
14.88
17.35
17.82
6.3
19.68
20.22
16.8
13.85
6.22
11.71
0.55
12.86
19.32
17.33
13.7
10.31
20.69
24.19
17.49
13.01
8.5
10.66
12.26
14.11
11.56
18.54
21.91
19.49
9.79
7.81
11.83
13.23
14.49
11.21
13.39
10.19
10.05
16.18
22.09
24.08
21.2
15.8
12.94
8.51
12.24
17.17
15.78
24.35
24.89
19.81
9.17
13.36
17.09
17.9
21.39
20.39
17.88
18.48
13.72
11.32
11.59
2.47
15.56
17.09
16.96
17.87
16.72
16.37
12.25
11.09
21.75
21.68
17.83
12.23
16.23
5.1
15.83
17.78
18.12
14.79
12.85
17.58
-2.5
18.99
16.77
4.26
17.89
9.48
22.11
25.28
21.06
15.12
17.9
16.43
4.39
19.52
21.96
15.29
15.71
13.4
20.64
24.28
22.68
15.4
13.09
11.85
14.42
18.67
16.64
13.1
10.79
14.83
16.38
11.94
22.65
26.16
22.59
20.69
21.83
15.96
13.04
5.51
6.85
12.47
11.3
14.93
18.56
19.19
17.94
26.57
25.72
19
19.84
22.1
19.95
17.96
11.32
14.16
15.22
7.13
20.54
19.06
9.88
18.15
21.9
22.28
21.16
17.96
4.24
15.64
21.22
23.18
21.1
14.83
15.32
14.03
7.19
12.56
20.51
24.51
22.67
18.76
18.85
16.47
4.68
13.01
3.6
23.25
20.05
19.72
26.59
25.67
19.25
21.67
13.75
19.71
21.49
19.81
20.96
13.8
21.44
25.71
22.66
22.99
27.75
25.63
17.76
15.84
18.67
19.84
14.99
16.26
20.17
23.34
18.87
21.44
21.78
15.4
16.09
17.66
18.98
18.88
17.73
19.82
21.88
19.05
14.52
11.4
13.74
12.9
16.13
20.93
23.25
20.96
12.4
16.35
4.59
19.12
19.91
-1.45
17.26
11.13
10.46
14.18
17.58
20.87
19.63
20.74
18.31
19.31
21.52
19.7
18.63
17.02
16.4
17.64
23.04
16.3
19.79
22.34
24.14
20.05
11.6
16.97
24.71
19.31
19.15
23.64
19.08
22.22
19.09
5.99
21.13
25.36
16.03
20.83
21.48
2.84
18.38
18.01
14.69
21.53
23.96
20.39
16.83
23.14
26.75
25.85
19.32
18.14
16.45
0.41
17.69
20.98
20.72
24.19
27.14
26.9
19.28
25.21
26.04
22.75
20.51
18.74
7.06
16.48
12.56
13.28
23.54
22.29
20.73
17.41
15
13.52
16.51
21.03
15.26
17.89
17.2
15.34
17.66
23.12
27.45
18.19
27.6
27.39
23.91
25.89
28.31
25.17
16.91
21.76
30.16
37.44
35.63
29.69
24.06
15.58
12.16
12.19
18.54
18.22
17.13
18.23
20.13
20.56
23.25
28.34
28.71
25.56
20.4
22.93
20.62
15
14.72
18.55
24.73
21.27
22.51
26.55
23.37
12.6
12.06
19.37
20.42
13.23
17.47
21.83
22.59
14.66
8.16
20.06
23.38
17.75
12.3
17.1
18.16
15.35
26.26
27.19
26.88
24.79
19.95
24.98
26.97
25.61
23.74
20.62
16.27
14.47
12.83
19.75
21.93
17.76
19.93
24.3
26.28
24.17
24.65
24.86
22.16
22.31
19.09
16.55
18.2
16.62
14.72
21.71
26.64
28.06
20.79
16.46
17.85
20.59
21.41
17.08
10.11
16.92
10.66
19.94
25.17
25.61
20.68
17.48
13.32
16.19
19.04
5.84
1.71
17.93
21.27
13.36
22.97
21.11
13.32
18.71
22.53
16.01
18.61
16.84
18.01
24.1
24.81
18.69
16.62
23.28
26.26
21.13
10.8
14.43
20.59
17.87
8.01
23.39
24.54
19.87
14.93
21.86
21.03
21.98
14.95
9.95
19.38
18.58
20.8
20.31
5.96
15.13
12.98
13.64
13.99
12.99
16.18
17.72
15.14
16.45
18.31
21.66
25.36
25.53
21.67
14.12
14.34
21.37
18.36
15.09
10.97
10.93
17.78
18.33
17.18
15.93
15.8
14.77
19.51
16.06
11.48
20.99
22.49
17.48
15.54
17.26
16.1
14.62
10.41
16.94
16.07
16.66
24.18
23.11
13.91
21.95
20.8
14.12
14.47
6.7
19.31
19.97
8.08
17.59
17.75
22.46
18.16
8.51
-3.82
16.89
22.34
23.69
17.22
13.16
18.37
25.08
27.66
20.24
14.23
17.58
6.58
16.12
16.13
14.69
16.13
14.72
20.44
19.93
19.74
14.41
9.53
7.58
18.05
15.48
10.2
14.75
19.78
12.06
16.68
10.78
8.11
18.02
22.75
22.45
13.47
10.33
21.64
21.1
17.59
18.69
18.73
16.48
15.81
6.06
10.99
17.86
16.79
8.52
4.72
9.39
13.49
16.73
7.72
17.86
17.8
15.1
14.51
18.54
16.48
14.02
9.16
3.06
12.88
16.71
11.3
13.79
18.9
19.36
17.38
12.99
16.08
5.84
10.06
11.63
17.8
21.34
20.82
19.54
16.68
15.12
18.07
18.6
16.93
14.75
16.75
21.28
19.7
13.04
17.11
19.73
14.79
6.51
15.72
11.78
2.38
7.46
16.64
19.33
13.45
16.09
20.24
1.15
18.82
7.76
18.34
18.07
7.52
11.89
15.52
16.06
3.12
12.98
16.69
14.81
9.63
8.07
3.76
15.65
16.37
7.23
12.31
17.23
16.01
14.4
13.11
10.32
12.23
12.35
0.25
16.26
17.48
16.45
18.06
15.78
12.45
18.5
19.07
12.35
6.61
8.91
17.09
19.1
17.3
13.08
10.77
-0.38
8.48
14.39
2.1
14.35
17.34
16.43
16.94
15.62
16.7
19.18
19.8
12.36
3.67
14.76
9.91
16.47
14.67
3.09
15.3
14.37
12.96
18.82
21.84
19.93
14.91
13.84
15.23
16.06
11.49
14.48
16.01
16.07
16.61
12.57
17.72
16.17
15.74
19.95
16.33
-4.81
16.84
19.93
21.66
22.49
18.55
16.1
18.29
15.49
16.78
18.99
13.81
3.84
-4.36
6.5
9.62
9.27
13.27
15
13.22
12.19
12.69
9.89
12.28
12.27
8
13.78
14.5
9.72
5.16
5.03
8.13
8.3
10.02
12.11
9.77
13.72
15.64
13.48
10.69
11.18
-0.44
8.78
12.58
8.56
16.75
18.17
16.93
11.3
9.85
11.37
4.86
7.77
12.6
14.03
16.41
15.96
-3.93
15.87
15.84
13.82
12
18.47
16.4
13.58
10.07
12.83
18.66
15.45
7.9
13.72
17.13
13.4
14.56
9.25
12.25
13.61
8.49
9.25
14.06
15.28
6.06
-2.71
11.83
19.07
21.26
18.79
12.4
6.19
9.81
19.14
21.76
20.11
18.2
20.62
16.41
8.72
12.16
20.22
18.17
5.73
12.94
9.91
9.11
14.78
17.27
10.08
9.08
4.01
15.03
15.73
13.02
15.24
12.64
14.48
16.36
12.22
9.41
3.1
12.51
13.65
13.92
17.98
21.21
22.2
21.66
20.57
13.49
12.02
18.23
21.03
19.14
19.13
19.61
17.63
20.18
18.57
18.7
16.98
7.82
9.6
11.72
5.62
7.27
18.45
19.67
17.86
15.23
14.34
12.52
6.66
-1.82
5.69
6.36
2.07
15.28
15.93
12.11
17.52
19.94
16.94
4.96
11.75
20.48
21.24
21.43
19.75
16.95
19.15
16.26
18.09
19.9
16.67
11.48
12.8
15.14
-1
5.66
5.32
18.98
19.12
15.92
18.8
18.24
16.24
15.08
5.6
16.7
21.51
20.9
20.84
23.21
24.25
22.3
14.97
7.22
13.09
14.34
15.05
17.77
11.96
6.09
3.45
11.06
7.65
6.94
14.23
17.77
15.29
10.15
4.05
14.12
9.56
-11.4
11.42
16.42
16.15
10.03
8.94
12.15
14.04
13.12
14.63
11.54
12.16
18.38
20.14
18.66
11.1
10.2
1.88
8.11
-0.48
2.77
0.84
3.77
5.38
17.38
18
7.55
14.74
9.86
13.48
19.4
19.01
12.78
6.78
10.69
11.87
7.96
14.34
12.69
10.21
8.27
8.01
13.42
14.81
10.97
6.95
11.14
12.35
12.51
17.26
19.15
11.24
-7.76
8.34
10.3
-2.94
5.23
10.38
2.38
8.02
-2.45
12.83
16.93
12.64
13.81
16.14
21.01
19.48
13.31
16.59
14.42
12.36
18.28
21.05
21.87
23.18
24.74
20.92
19.34
18.92
5.21
11.29
10.09
10.05
16.73
17.21
16.97
18
15.53
20.92
22.01
17.24
23.66
23.47
17.84
12.22
14.45
17.4
17.03
10.72
18.26
18.74
20.16
23.87
23.63
19.2
20.08
11.59
21.38
23.34
21.33
17.51
7.27
13.17
19.75
20
14.02
3.1
15.39
17.66
21.34
19.31
0.33
20.54
22.45
16.9
6.92
8.11
12.11
7.67
13.24
15.1
12.16
15.38
21.14
21.05
17.05
23.43
23.05
9.68
15.07
17.02
13.12
7.33
7.16
12.67
5.46
17.12
21.63
21.22
17.89
14.69
16.81
8.68
11.41
11.85
12.15
10.98
5.28
13.77
22.12
21.78
15.38
21.67
24.55
21.87
13.18
8.98
17.69
21.36
22.99
20.7
17.09
16.1
19.68
19.42
15.74
18.16
20.92
21.82
21.72
15.38
4.09
10.07
16.35
13.59
3.51
10.58
11.1
13.16
4.15
18.32
19.12
7.66
17.94
-8.13
20.07
21.76
17.68
7.65
9.83
20
21.64
10.15
11.92
13.07
17.41
15.21
14.24
15.13
17.56
18.99
10.68
13.84
19.28
20.61
21.32
15.9
16.49
21.73
21.72
17.4
20.75
22.17
17.31
8.18
17.76
18.08
23.08
23.73
1.94
20.42
21.12
15.54
12.32
14.99
17.1
19.79
18.6
14.04
18.52
20.7
12.7
12.46
11.71
15.64
14.98
13.1
10.64
11.63
16.96
15.35
11.59
11.88
11.24
17.55
15.01
13.75
14.95
12.28
19.8
20.08
16.9
16.41
11.97
19.26
21.74
18.76
16.14
18.14
18.38
12.91
6.98
13.74
17.76
13.7
5.66
14.64
13.78
15.26
16.11
11.88
21.04
20.05
11.43
14.45
11.23
7.95
13.81
16.53
15.87
15.91
5.54
21.18
18.08
12.06
15.52
6.54
20.8
18.77
14.09
13.45
14.76
13.97
16.02
16.4
19.16
19.2
5.97
18.09
19.32
7.25
16.89
15.29
22.38
21.38
13.31
10.33
16.53
18.85
16.55
14.96
22.22
24.1
21.56
19.55
16.71
5.05
20.09
23.38
23.48
22.04
21.57
20.71
17.08
12.41
7.39
14.18
18.06
11.01
18.1
18.29
15.72
6.61
10.9
-4.8
17.24
22.15
18.26
-8.83
11.94
17.64
20.98
15.54
9.49
9.4
12.42
16.96
15.91
15.94
15.79
13.77
9.58
18.92
20.05
13.88
12.93
19.07
19.03
14.75
11.28
9.48
4.67
5.37
18.98
22.94
22.75
19.91
16.4
9.18
5.04
7.99
12.36
20.04
16.15
12.55
17.3
12.53
13.68
17.46
17.62
16.6
13.27
18.88
17.15
13.09
16.12
19.6
18.12
15.29
17.33
20.68
22.41
22.63
21
15.46
8.02
9.95
18.16
18.54
13.61
10.89
3.98
9.42
15.28
13.35
19.58
17.15
9.77
4.3
9.68
16.73
15.98
12.57
12.71
11.73
11.16
7.81
9.3
8.38
13.39
17.82
19.82
8.27
15.68
16.38
17.18
17.75
18.89
18.66
12.2
14.92
20.19
19.91
9.53
9.97
9.15
0.61
3.42
10.11
12.7
12.07
9.79
9.86
6.66
0.68
4.54
12.98
12.37
12.04
17.25
20.04
14.61
14.45
15.52
15.1
16.03
12.59
9.22
14.26
16.47
14.94
14.11
3.21
13.32
16.69
18.1
18.08
16.74
12.5
13.53
17.89
16.96
3.97
-0.13
1.34
13.4
14.71
3.39
10.45
-0.05
15.01
12.9
8.17
12.3
12.63
12.31
-0.4
8.79
-4.57
10.03
13.95
12.08
5.28
13.82
13.9
14.76
8.54
10.11
12.68
13.04
14.1
1.2
15.75
15.1
11.47
13.17
7.93
5.04
15.15
15.53
11.83
14.62
18.79
17.71
13.65
7.07
9.81
15.93
10.24
14.59
19.43
18.17
12.16
13.94
12.74
13.87
13.41
10.2
9.3
18.59
21.42
17.69
0.33
11.13
14.51
15.55
16.34
16.4
21.19
19.44
15.4
15.12
9.29
6.93
15.97
15.19
12.71
15.54
17.96
17.63
13.79
1.05
0.59
18.4
24.05
23.83
20.45
14.97
-1.89
13.23
11.2
6.34
3.73
-7.29
13.09
20.44
20.29
13.19
0.92
7.14
9.52
15.01
18.61
17.11
13.93
14.81
14.77
13.07
15.27
17.76
16.35
5.41
10.03
10.97
10.68
8.28
3.89
1.5
12.33
7.15
16.21
17.65
16.39
14.17
-2.91
9.51
10.68
8.55
10
15.04
14.07
15.19
13.71
13.09
12.39
-1.71
11.63
9.47
9.73
15.26
18.34
12.94
-2.98
6.42
19.45
21.33
15.96
7.6
15.18
14.9
15.94
13.27
14.57
15.19
13.55
10.31
0.01
7.27
8.7
6.05
3.89
4.47
4.37
8.46
12.98
16.4
17.55
18.94
17.13
12.24
18.27
21.65
19.63
9.83
4.94
13.79
12.75
11.87
14.08
7.67
0.2
14.42
21.08
18.73
14.34
16.53
16.1
8.62
11.85
10.15
6.14
15.41
9.8
13.47
14.91
9.51
10.09
16.12
15.94
12.26
7.11
10.5
14.12
15.39
12.8
5.77
6.8
6.64
4.15
7.71
16.74
17.08
10.3
14.33
14.88
9.6
15.02
20.56
17.51
3.88
8.48
4.91
10.83
19.01
20.78
18.89
11.17
4.18
13.6
11.92
8.75
12.52
7.9
10.4
9.91
0.43
-5.9
4.58
9.74
14.8
19.28
20.21
19.99
18.37
17.51
12.53
7.91
15.75
15.6
12.09
15.16
15.82
0.92
6.51
6.26
14.81
15.35
14.93
14.19
10.65
13.32
20.06
20.51
13.74
12.02
17
20.86
20.22
7.96
16.78
14.59
8.31
5.91
-2.8
12.36
10.31
-0.89
9.03
15.85
14.18
12.23
17.15
15.22
16.82
14.53
9.07
4.33
4.4
7.96
8.69
6.19
1.17
12.52
15.71
13.33
14.1
10.28
9.3
14.76
11.6
9.24
11.75
18.13
16.78
11.89
11.04
10.85
7.41
11.31
17.99
18.21
13.28
2.54
5.7
10.7
3.63
-0.83
1.16
1.61
1.71
0.04
4.65
6.33
7.02
8.86
9.21
-11.16
13.16
14.33
7.9
13
15.45
14.17
14.24
10.03
5.95
13.7
13.91
10.9
12.72
13.12
2.47
12.52
16.55
14.39
16.42
19.85
19.71
17.72
13.07
5.79
12.41
18.39
18.84
16.64
8.79
4.58
8.72
14.88
15.45
12.86
10.2
17.63
17.23
7.87
13.11
13.57
4.09
10.59
16.78
15.12
9.13
14
12.88
13.34
12.97
10.44
16.98
9.14
5.74
6.75
5.26
13.52
11.88
9.41
8.9
11.68
5.38
-0.63
4.22
-0.47
2.96
15.19
19.73
19.35
16.37
14.11
8.84
6.49
-0.26
2.24
6.32
13.48
12.98
6.87
-8.87
2.66
0.11
6.67
2.8
5.72
11.48
11.25
8.35
3.34
2.29
9.48
15.14
15.33
8.74
4.95
10.17
9.77
13.63
17.34
17.54
9.29
6.64
13.74
14.63
12.07
10.44
1.95
8.9
14.33
16.26
15.15
-9.69
13.67
12.55
5.51
5.01
16.2
19.23
16.63
11.97
10.26
6.31
6.02
6.58
16.8
17.23
12.05
14.17
13.14
8.05
14.21
6.56
9.21
7.86
8.18
13.21
8.69
6
2.13
10.87
17.94
18.14
10.93
-3.14
7.75
7.08
7.04
11.77
11.35
10.3
3.26
4.31
11.96
14.61
11.09
-1.78
9.91
15.13
18.67
15.97
3.2
12.68
14.64
17.47
8.25
9.06
14.22
17.37
18.25
11.41
-6.84
2.34
5.89
-4.42
1.95
8.64
9.48
6.84
0.9
9.25
13.8
15.97
11.35
0.85
1.32
10.78
15.27
13.23
6.61
3.64
3.97
8.98
11.08
9.78
10.1
-1.39
11.26
9.37
-1.51
10.93
16.27
18.25
15.5
1.37
-1.17
5.27
11.33
10.17
-11.15
15.05
13.93
8.8
15.46
8.64
11.39
12.22
-1.11
2.28
11.19
16.27
16.69
14.03
12.22
10.31
6.26
6.48
9.52
14.64
16.16
13.01
8.61
10.81
8.55
13.87
15.24
12.88
10.13
8.54
6.7
3.73
3.53
3.97
13.33
15.08
14.51
16.31
16.72
11.08
8.37
7.08
-3.31
6.95
3.36
6.36
9.8
13.42
14.47
12.28
9.11
10.72
8.39
5.56
14.9
15.6
16.41
13.7
9.51
16.93
20.05
16.03
-8.87
0.12
8.7
13.63
11.18
8.01
6.3
10.58
9.23
15.75
12.05
12.04
17.69
11.08
9.78
10.78
7.42
12.37
13.48
14.11
11.77
16.66
11.68
7.06
11.34
2.18
10.26
-8.69
7.32
6.99
14.46
15.47
11.52
8.42
-5.66
10.14
8.99
0.18
12.3
15.41
14.3
7.58
9.96
13.62
9.76
11.78
12.68
6.66
7
10.34
12.44
16.46
13.47
15.23
16.73
8.48
9.58
13.44
11.64
13.08
9.11
11.37
8.03
11.22
16.9
16.48
9.25
-0.82
-3.15
11.2
13.46
11.88
15.66
13.81
-4.16
9.15
11.7
12.56
9.72
3.69
18.83
22.57
18.86
4.91
15.05
15.58
15.13
10.91
12.35
14.73
11.03
14.14
18.7
17.55
14.19
9.9
11.96
17.58
20.06
19.11
13.31
14.23
15.23
6.59
12.36
16.47
13.18
14.92
16.87
16.82
15.12
6.21
5.6
9.98
9.29
10.95
13.15
-0.56
11.89
12.33
15.6
16.43
14.26
14.03
6.85
9.79
13.02
6.25
14.21
16.49
15.06
11.58
2.87
1.8
2.33
6.54
10.12
11.17
10.06
8.95
11.47
16.6
16.21
14.95
16.93
17.67
15.67
-20.19
17.89
20.99
18.36
12.35
6.69
18.36
19.61
16.77
11.54
9.6
10.9
4.81
6.29
10.42
9.02
8.26
14.9
17.32
13.26
-1.66
6.51
13.86
16.25
18.94
19.84
16.1
15.71
18.31
6.5
14.36
15.14
12.03
-13.69
9.52
12.46
13.6
11.46
8.73
9.6
13.93
13.08
6.82
12.21
13.31
9.6
3.62
5.44
10.85
9.56
5.3
3.39
10.02
5.42
10.71
12.33
7.47
10.46
6.84
16.44
18.3
15.06
18.19
19.41
16.95
11.08
10.12
-5.99
16.23
17.96
11.12
9.26
8.28
4.69
12.19
11.08
12.17
17.32
19.21
14.66
9.52
15
9.42
-0.54
9.34
14.63
15.67
10.67
-1.82
2.83
10.6
13.31
12.67
9.78
6.27
6.14
10.98
-1.24
14.46
15.61
9.81
8.49
14.74
5.01
11.07
11.52
5.29
11.71
6
7.89
13.96
15.15
16.71
20.14
21.13
18.52
11.62
12.85
13.58
10.74
18.42
18.41
13.42
12.85
13.07
5.46
9.86
14.64
10.32
3.93
3.1
8.43
12.61
11.59
12.88
16.35
14.86
13.77
16.52
16.99
12.77
3.39
7.89
18.3
19.92
12.99
12.98
13.41
5.33
8
15.31
16.72
15.44
14.08
8.49
4.11
12.45
15.84
5.8
4.33
11.16
15.34
11.41
15.44
16.26
17.91
19.2
16.79
11.5
7.37
11
10.24
-2.6
12.96
15.4
15.42
13.88
8.51
8.2
16.18
15.35
13.02
9.94
1.73
11.83
7.86
-2.13
0.07
5.95
9.83
14.76
15.96
15.73
15.53
9.94
11.2
10.03
6.58
12.39
12.28
18.78
19.85
13.74
16
14.95
8.75
15.17
16.93
13.35
14.6
19.19
19.09
18.74
13.75
5.25
13.34
17.7
22.16
23.21
17.97
6.54
17.2
16.6
-1.65
17.46
21.27
19.82
12.76
1.21
12.71
12.64
4.89
9.21
2.26
5.4
15.12
19.13
15.43
11.15
16.17
11.85
-8.39
8.39
11.13
11.01
12.89
15.1
17.64
18.64
18.06
18.62
17.86
10.07
12.85
17.71
16.8
13.92
9.54
6.09
13.77
15.62
15.17
15.54
6.28
-1.05
15.12
18.66
11.55
3.73
-11.35
-5.72
4.44
-4.32
12.33
6.45
16.24
19.03
13.95
8.09
15.12
17.74
14.97
5.57
12.33
17
13.33
7.58
7.57
-0.47
11.3
16.09
15.79
14.04
6.82
12.37
14.84
17.33
17.09
12.31
10.22
16
18.59
17.47
8.8
14.86
16.3
14.33
10.05
16.41
18.03
17.99
16.52
12.08
6.65
-16.16
10.05
14.32
14.49
9.57
12.46
16.5
15.24
11.36
10.47
9.64
12.49
10.63
11.31
15.88
17.62
18.97
19.38
21.64
16.83
3.1
3.74
14.37
17.46
18.59
11.52
9.53
10.39
16.72
17.41
12.25
6.62
5.95
11.44
11.35
3.95
10.48
12.25
14.1
11.87
10.06
18.08
19.23
15.07
5.03
8.95
11.45
4.25
12.84
14.44
8.44
16.54
13.43
-2.05
7.75
10.12
13.02
16.52
17.99
9.14
13.75
14.05
12.14
13.88
11.47
12.12
15.11
7.44
7.39
12.43
16
16.47
11.35
4.21
8.43
10.9
13.78
14.67
13.41
5.1
12.35
17.89
13.96
5.34
15.25
14.85
-1.12
12.22
6.37
6.85
9.82
16.81
16.79
10.6
8.37
10.61
16.49
18.44
16.73
14.72
12.29
4.74
-3.91
8.1
14.3
15.08
13.17
12.68
12.54
10.8
15.6
10.6
13.51
16.67
11.53
11.42
17
14.61
10.62
9.37
11.11
16.64
12.42
12.63
12.76
6.62
1.35
7.17
4.27
2.07
8.49
9.81
12.99
11.2
7.42
5.09
1.87
11.38
13.63
2.51
9.17
7.2
4.39
6.07
11.83
17.56
13.65
5.6
5.84
13.98
13.52
10.38
6.07
12.95
11.24
4.07
-6.21
8.57
10.66
7.17
3
8.42
7.6
11.33
12.93
14.99
6.93
14.21
14.45
11.53
6.33
-0.74
11.33
14.31
9.26
11.09
17.38
15.34
12.17
2.26
10.98
9.95
1.65
7.93
2.51
10.07
9.02
12.64
11.02
6.1
1.54
7.47
12.9
12.22
15.14
9.19
17.14
14.63
6.12
13.54
12.6
13.85
9.61
-4.65
8.63
11.62
11.89
10.21
8.94
4.72
11.84
12.04
16.66
15.97
11.33
13.93
14.83
10.03
0.81
11.67
13.19
9.42
7.38
14.36
14.06
5
9.82
4.84
9.59
13.61
9.28
5.92
7.56
6.59
7.77
8.53
12.81
16.52
16.49
13.2
13.52
13.21
11.45
9.3
10.17
10.49
4.67
5.02
-0.7
6.58
10.98
8.67
2
6.86
0.97
6
6.61
0.08
12.91
15.15
13.68
10.49
7.55
-2.13
5.17
13.78
11.53
10.18
9.22
-8.88
5.27
13.34
14.75
8.8
-7.48
7.16
4.65
0.83
6.74
9.82
14.77
15.85
13.63
8.82
3.65
11.22
15.31
14.2
3.95
-0.16
-0.21
10.94
14.63
13.32
9.83
6.5
2.98
8.63
10.95
5.24
7.41
5.06
8.21
6.95
7.67
7.4
-8.7
5.89
9.04
6.15
4.57
11.31
-1.08
13.94
12.73
9.8
17.69
16.68
13.25
11.49
12.39
10.28
19.15
21.47
16.98
11.8
10.53
4.62
7.03
-3.61
6.53
6.71
11.85
9.6
11.97
16.11
10.79
1.27
8.65
10.07
9.5
7.86
3.49
4.88
8.51
2.27
4.21
7.67
7.75
11.91
13.81
12.57
15.03
13.47
-1.21
9.13
8.28
2.33
11.61
7.02
11.86
15.82
11.92
5.65
-9.05
6.52
6.68
3.44
10.42
6.07
8.62
5.45
9.61
4.74
14.41
13.9
13.32
11.17
4.37
-2.31
7.91
5.87
8.81
6.45
1.44
-4.36
5.56
4.5
9.85
9.98
3.74
13.75
10.36
0.46
14.77
18.2
11.81
9.35
9.5
10.32
9.55
10.87
12.37
4.68
7.19
-1.53
7.83
10.53
6.98
1.23
10.92
7.27
0.05
7.97
8.92
11.27
14.24
14.19
12.67
15.55
9.48
7.32
10.21
13.48
14.02
10.09
2.54
8.87
14.41
13.89
11.88
5.04
9.31
8.91
4.53
11.25
13.28
11.32
8.27
-5.61
6.63
6.58
12.22
12.91
12.96
13.09
8.04
5.67
9.86
12.6
8.3
12.82
15.67
2.87
13.89
10.83
11.85
13.68
14.96
15.55
13.2
9.26
11.61
16.43
14.62
11.51
11.47
7.6
9.59
8.6
16.92
17.39
11.77
8.7
12.14
13.64
11.64
11.43
9.96
8.53
13.96
16.77
9.59
13.65
13.91
12.26
2.63
5.2
8.59
13.46
17.73
15.93
8.68
5.84
9.13
0.46
7.59
13.44
13.52
11.58
8.73
8.85
12.87
15.1
16.37
16.68
14.08
16.51
14.82
1.49
8.67
9.25
5.38
10.49
9.08
9.46
8.43
0.37
5.06
12.33
14.54
11.44
9.11
8.27
6.63
9.05
8.94
11.6
14.84
17.57
15.2
15.5
17.29
10.31
10.62
10.84
8.92
15.95
18.46
15.61
5.28
8.56
12.02
6.04
5
10.33
9.02
7.96
10.74
5.7
-4.94
13.9
19.24
20.98
20.36
15.73
1.08
8.24
9.4
4.1
1.45
-1.84
11.13
8.57
9.05
15.03
11.41
0.9
-2.37
9.6
17.74
19.53
16.97
11.04
13.92
18.63
18.88
16.04
8.24
8.07
13
12.83
12.78
15.55
17.59
13.58
7.18
16.71
16.87
14.69
10.52
7.12
10.77
13.43
17.04
14
7.34
11.69
16.19
14.77
10.09
9.08
7.82
4.78
12.43
9.87
1.73
3.55
5.75
-19.03
9.55
14.16
5.42
7.04
-4.36
15.83
16.45
-14.08
12.82
7.85
8.86
8.51
8.8
10.89
5.56
15.27
14.76
10.36
1.67
5.38
10.28
5.2
-5.1
6.27
9.19
8.85
8.4
6.11
14.09
16.04
11.9
1.25
2.3
14.89
18.96
18.3
14.84
13.16
13.48
11.69
12.53
13.91
11.67
5.37
11.12
16.99
17.22
16.52
14.59
10.63
6.95
9.75
12.99
13.95
12.57
7.84
6.18
11.88
15
15.67
10.9
9.35
16.29
16.94
14.38
10.12
10.64
9.16
6.35
7.53
12.45
15.51
17.51
17.55
8.45
10.56
11.5
11.54
12.33
10.17
15.31
16.85
13.17
9.79
9.91
8.37
3.22
8.65
12.88
14.3
15.25
10.7
-0.34
4.86
11.27
11.14
7.88
4.8
15.16
18.12
15.43
11.64
9.79
16.67
16.17
15.11
11.8
8.66
8.58
9.37
7.14
12.8
17.01
17.16
14.04
12.46
11.85
4.39
7.82
11.03
14.13
17.49
15.2
4.72
12.12
14.46
10.59
12.25
16.44
14.53
6.8
0.47
6.81
9.52
10.56
9.98
-0.16
4.64
7.28
5.31
7.32
4.2
11.54
13.77
10.1
5.75
-5.94
11.24
10.28
11.29
11.44
7.49
14.09
16.4
14.39
17.05
15.73
14.64
11.24
2.33
3.13
7.39
13.04
10.68
8.51
9.19
3.01
-3.62
8.09
10.14
12.87
16.84
16.07
5.61
-1.37
5.36
8.11
9.17
6.4
-2.45
9.58
15.69
17.5
17.68
12.08
5.36
12.68
13.89
9.88
-0.76
3.39
12.38
17.72
19.13
17.31
13.38
9.18
10.15
10.49
11.5
12.21
7.04
2.1
8.44
11.6
14.51
15.19
11.4
9.49
9.61
8.67
4.69
11.08
14.93
12.93
8.49
13.97
7.54
10.04
11.99
17.08
12.94
9.61
13.07
8.98
16.34
16.6
15.7
15.42
12.04
8.92
-2.42
10.81
18.34
20.09
17.87
12.39
9.6
13.98
18.66
19.9
16.23
14.98
11.38
12.71
11.95
1.28
7.18
6.34
10.67
12.58
13.54
7.77
5.91
10.81
8.02
9.09
5.34
3.6
5.32
7.43
11.6
16.39
17.85
15.35
12.96
10.34
8.78
13.73
9.05
11.07
7.4
11.68
16.13
15.26
12.34
4.21
-6.28
5.74
9.4
4.77
12.69
14.33
8.78
10.39
16.54
19.54
19.37
15.46
10.71
2.35
-1.23
8.89
16.86
19.56
