12.17
5.96
5.45
-6.15
0.91
8.73
11.46
5.53
-0.45
5.23
4.63
9.71
13.88
13.45
8.43
-2.33
1.04
7.04
11.9
10.75
11.8
11.84
12.32
14.01
12.65
10.72
10.91
11.63
9.99
10.13
6.77
0.78
14.4
16.21
11.12
5.57
-0.78
-8.47
5.28
11.87
4.48
10.81
12.54
7.27
4.68
2.79
12.24
6.94
8.13
12.51
11.95
8.01
-0.68
-4.23
11.22
16.78
16.8
12.92
7.7
-4.58
-2.22
8.92
13.17
15.45
16.5
11.8
-4.19
0.33
8.45
3.42
-6.2
-6.56
-10.9
-0.08
10.41
14.67
12.83
6.4
10.65
15.12
13.45
5.82
7.78
7.45
4.72
1.61
4.68
-0.88
9.65
8.71
-0.63
8.17
4.32
-7.64
1.01
1.26
9.92
14.26
11.78
10.39
10.12
2.76
4.7
6.94
3.5
2.26
5.39
12.74
16.37
9.93
8.32
8.34
4.75
0.95
6.47
5.22
4.69
7.89
12.37
11.08
13.54
14.95
8.64
0.97
7.5
2.4
3.68
9.53
8.99
4.53
6.71
9.05
12.36
13.7
12.1
8.12
13.61
6.07
11.06
13.95
11.88
7.96
5.85
9.92
2.76
8.41
9.48
2.52
4.09
12.19
11.87
5.67
12.62
14.22
12.93
12.11
15.35
17.08
13.61
7.84
7.47
2.45
9.06
13.19
13.29
10.09
7.87
13.3
11.5
11.33
11.51
8.56
6.97
1.62
12.8
14.6
7.09
16.39
13.45
9.2
5.69
5.2
-0.08
10.65
14.18
11.62
10.49
9.95
7.72
2.46
2.9
1.82
11.9
15.45
9.64
4.57
10.82
12.12
13.08
18.91
19.77
12.72
7.35
12.04
7.35
7.33
12.61
12.73
-0.02
7.52
8.23
-2.41
6.72
13.22
11.51
10.58
13.48
7.73
9.62
13.21
10.57
10.02
11.9
15.17
8.45
9.64
11.44
7.17
3.41
-17.09
10.38
11.89
12.19
14.29
12.86
12.09
13.7
10.96
9.05
10.61
11.09
10.02
10.17
11.28
9.86
6.75
10.04
11.48
8.94
-0.43
14.71
14.69
6.75
7.41
10.48
10.63
2.57
2.99
-0.48
-0.59
2.65
5.17
4.07
10.81
14.09
9.23
12.52
13.5
9.16
5.37
2.83
5.52
6.71
6.37
0.56
7.02
6.48
-4.87
9.11
11.79
8.31
5.93
6.57
4.54
2.56
1.96
6.28
-1.38
10.71
11.86
6.92
11.03
15.83
13.48
10.8
0.11
2.61
5.76
-3.05
-1.4
1.77
9.08
12.75
11.77
7.05
-18.05
5.53
6.48
7.3
9.4
2.52
13.54
14.63
12.15
8.87
10.17
8.3
10.86
10.31
4.9
8.7
11.56
8.09
6.82
11.13
11.54
10.9
3.57
6.17
6.96
2.03
5.5
11.43
8.32
4.94
13.12
15.25
11.21
7.4
5.64
10.18
4.81
5.35
12.23
15.76
15.02
9.48
4.6
11.59
11.72
10.46
13.41
13.06
7.64
11.79
6.77
3.13
5.88
8.07
9.22
9.33
12.24
-4.76
4.81
-12.53
0.77
11.43
16.09
12.85
-3.33
5.83
5.67
10.02
11.81
7.41
6.37
6.04
10.06
8.02
6.05
5.49
9.06
12.6
5.03
6.84
2.39
0.01
8.76
9.22
2.18
7.07
13.97
15.44
8.41
-6.2
1.54
5.87
5.06
5.68
5.81
13.7
1.56
8.77
12.48
4.42
1.4
2.21
3.13
8.71
7.5
0.62
9.24
13.75
11.92
7.76
12.26
11.02
4.97
0.78
2.11
7.55
-7.48
10.17
12.08
-0.16
3.23
7.08
10.05
9.66
12.47
11.18
4.28
3.57
7.9
10.37
10.79
8.11
13.21
16.96
16.21
8.14
4.38
4.26
4.51
10.42
6.85
2.54
-0.55
7.25
9.19
12.13
15.61
13.98
9.65
12.92
17.22
15.94
9.77
5.46
10.53
11
8.93
10.45
10.79
11.3
8.74
-1.85
1.56
7.91
11.08
4.99
5.58
5.35
4.45
8.25
7.08
9.8
9.85
7.36
8.46
6.21
6.05
10.48
-1.6
4.42
12.24
13.07
13.11
14.42
9.01
5.78
1.22
0.82
7.45
11.27
13.22
12.12
9.48
12.05
17.51
17.59
11.27
14.85
12.86
8.44
10.98
15.23
15.46
11.89
8.51
7.31
8.82
11.8
12.18
9.11
6.95
13.57
7.6
7.07
12.14
12.66
13.63
12.12
7.97
0.98
-2.26
11.13
15.26
7.58
7.09
8.46
9.28
5.6
8.67
-0.02
9.73
13.08
11.36
-13.49
5.73
4.22
9.4
13.55
15.44
13.17
8.1
3.76
4.4
9.14
6.15
11.48
11.29
-5.54
8.03
6.99
10.03
7.65
-1.82
7.99
14.41
15.52
12.09
6.73
3.33
10.21
15.61
11.7
12.95
14.28
12.09
13.18
10.44
6.67
1.7
-4.54
7.92
8.17
5.68
4.09
-0.38
7.1
8.69
12.23
13.36
-4
8.13
12.95
14.79
10.77
12.23
14.27
10.98
15.2
16.01
12.87
12.8
14.33
13.12
12.64
16.79
16.24
10.71
4.87
7.81
6.77
9.76
14.32
11.74
1.94
9.04
13.51
12.21
12.39
14.93
12.9
11.78
9.36
-0.58
-2.52
5.06
1.16
8.76
9.57
8.64
10.32
7.54
0.63
7.95
11.28
9.23
2.55
4.81
8.6
3.17
11.03
16.39
11.91
2.05
8.3
4.05
11.14
11.38
6.83
5.2
11.05
8.4
9.39
9.9
6.28
10.2
11.81
8.27
4.58
7.29
8.64
8.75
9.45
11.49
11.72
9.99
2.11
9.22
8.67
11.16
13.98
12.31
-1.59
5.94
9.18
5.86
6
6.7
-1.2
10.4
5
-2.08
8.28
6.15
2.69
12.29
15.16
14.27
5.16
10.16
11.68
2.29
8.61
12.15
15.18
14.52
11.49
12.65
16.26
18.37
16.65
9.49
-2.03
10.9
12.65
9.93
16.51
16.68
11.9
8.84
9.02
9.99
8.24
-0.67
2.6
4.8
4.1
-2.85
6.73
9.4
12.57
12.39
9.29
2.09
10.97
7.59
6.29
5.28
3.45
-6.3
2.56
-10
7.85
6.73
7.91
7.83
6.13
12.26
11.55
6.58
-8.75
8.64
11.93
12.87
14.35
11.9
11.19
13.45
10.64
8.8
11.95
12.39
9.51
1.4
2.87
11.51
11.06
-4.58
2.67
5.05
0.72
3.42
3.36
-1.25
1
8.6
14.17
17.43
18.16
16.05
11.95
12.41
4.01
-5.97
-9.97
2.8
11.65
13.87
13.22
13.5
10.34
7.5
5.02
-0.53
1.45
3.25
8.95
6.01
0.82
4.52
9.35
13.31
12.67
13.66
13.86
9.45
-4.83
-0.45
2.73
2.82
4.66
2.98
4.23
12.63
13.85
14.72
15.7
14.87
18.28
16.6
21.45
24.08
24.08
20.54
17.64
23.53
19.91
16.6
22.39
21.99
18.19
18.49
15.64
9.74
15.69
13.92
15.7
11.47
8.77
17.06
16.96
16.46
26.76
28.02
20.86
7.25
4.68
19.35
21.84
18.57
12.54
16.41
16.28
18.24
25.06
23.46
11.42
14.7
24.24
27.78
24.2
2.04
22.42
24.07
20.83
18.5
17.91
21.53
24.43
27.69
24.88
23.22
21.78
21.02
22.62
24.2
24.67
16.14
22.41
24.67
22.59
20.73
17.53
17.97
18.54
6.83
18.56
17.69
13.13
15.66
22.76
21.37
18.19
21.3
20.91
19.54
23.57
24.48
18.67
22.35
21.3
21.68
16.21
12.8
10.49
20.23
24.05
25.11
25.62
22.38
22.91
21.61
21.88
21.28
22.48
20.15
16.26
15.56
20.19
23.76
23.54
17.77
15.16
16.67
19.56
18.01
17.81
17.57
16.22
17.87
18.24
15.38
20.07
14.65
12.56
22.66
26.54
26.15
24.78
21.16
11.25
17.37
19.33
8.36
12.31
1.44
19.97
27.36
27.75
19.79
7.11
24.97
28.96
24.7
4.54
12.15
2.86
13.71
2.67
12.13
17.17
18.52
18.24
21.56
29.24
31.82
28.59
14.96
6.53
17.26
20.5
18.48
19.18
22.66
26.36
27.37
28.45
28.3
21.72
10.66
25.95
28.62
28.13
26.35
16.26
16.85
21.01
16.6
17.97
17.37
18.1
19.48
26.48
30.81
28.18
-5.75
24.08
18.94
21.49
26.05
27.71
29.52
27.59
24.69
24.6
20.7
13.95
22.58
21.67
12.91
20.26
19.07
21.31
20.26
21.74
18.4
15.71
24.46
27.68
26.77
19.86
2.53
7.76
17.34
16.65
9.67
8.54
6.39
23.49
28.73
24.54
22.46
27.36
25.15
23.05
16.26
25.24
28.14
25.4
17.01
17.96
19.39
-3.62
17.49
18.47
17.23
14.31
24.5
28
22.91
11.77
12.13
-0.69
9.89
10.46
17.67
18.01
20.56
22.27
19.64
17.13
11.95
-0.83
9.86
14.61
15.65
21.02
25.61
25.48
15.21
12.73
14.53
14.71
10.47
19.66
14.75
19.46
24.85
22.56
18.14
20.51
19.33
13
10.13
17.34
16.87
23.19
19.22
9.13
4.18
15.88
20.72
17.46
15.2
14.73
12.85
14.52
17.88
18.51
18.95
21.59
21.07
26.04
28.32
25.11
19.6
18.59
20.93
21.95
18.99
11.77
14.18
1.76
21.4
21.75
16.22
25.19
22.15
13.78
-0.96
13.03
17.87
14.49
11.66
19.56
7.83
20.9
18.84
4.96
4.66
22.52
28.24
25.07
11.93
8.15
17.2
20.95
18.96
15.92
14.57
10.19
6.09
12.58
14
6.95
16.02
16.61
12.98
16.97
15.77
14.19
16.48
8.74
13.14
16.2
13.59
8.98
12.19
9.21
14
16.16
17.65
16.16
10.63
15.58
18.19
16.35
15.81
15.85
11.77
13.39
18.02
20.4
17.93
16.56
9.88
9.22
14.45
13.72
6.35
4.66
9.29
14.83
8.89
11.52
11.08
14.78
16.11
14.43
12.54
8.63
6.01
2.84
11.21
15.11
14.47
0.9
0
14.52
16.83
-0.17
9.9
4.46
2.19
8.79
12.32
4.92
1.39
10.66
11.95
9.98
16.06
17.04
17.25
15.28
9.66
11.89
7.68
2.66
11.57
12.63
17.91
16.55
16.12
10.8
-29.84
17.19
20.29
19.21
25.01
25.87
20.19
14.5
21.12
23.65
23.75
24.11
26.18
25.82
22.92
22.35
21.33
22.65
21.26
21.04
14.6
20.86
24.54
25.61
25.72
25.46
24.27
17.2
10.15
20
23.39
22.5
20.69
18.33
18.24
22.66
24.63
22.75
18.2
17.89
22.05
24.82
23.34
22.85
23.64
18.67
20.86
20.45
13.95
15.6
16.55
17.71
13.59
22.19
26.8
29.52
29.15
25.81
19.58
11.64
15.97
24.21
23.6
18.26
15.11
19.92
27.01
29.5
26.63
18.66
8.19
13.7
15.25
11.96
24.14
24.16
20.15
16.24
10.04
12.9
20.26
24.6
24.86
20.75
21.41
22.62
22.55
22.81
22.32
19.69
6.05
16.18
17.18
13.31
13.2
9.03
22.55
28.23
27.85
22.79
19.57
15.96
20.46
25.07
26.14
25.88
25.77
24.93
19.42
20.5
18.28
6.03
13.17
15.5
14.37
17.52
15.21
16.62
17.98
19.42
21.3
26.08
25.47
22.84
23.09
20.86
11.45
8.36
1.86
12.89
11.65
21.48
23.92
22.1
19.33
23
21.35
25.23
24.52
20.89
23.06
22.82
20.39
20.79
21.91
23.01
20.91
15.96
18.42
23.56
21.14
20.24
20.11
15.49
18.3
23.42
15.3
10.06
14.94
12.99
21.84
22.34
21.49
20.86
25.2
28.32
24.77
18.1
17.28
19.51
19.78
12.51
8.91
18.45
20.34
20.59
14.65
7.97
21.11
22.44
20.06
17.77
16.23
19.25
23.78
25.92
24.4
24.04
24.23
18.28
7.96
3.1
18.05
19.88
18.69
24.34
25.78
22.27
7.5
22.73
24.89
18.93
21.08
27.01
26.17
19.21
17.54
17.47
20.43
14.07
17.7
19.09
18.99
10.7
16.03
22.62
20.47
15.94
23.06
21.13
22.3
19.75
12.48
24.29
25.8
22.05
17.01
11.98
5.43
14.8
16.74
7.3
20.52
25.1
19.59
10.47
20.06
21.11
21.03
15.53
11.88
14.43
21.28
21.85
23.83
25.64
22.23
15.52
19.04
21.44
23.03
22.91
19.05
4.97
16.31
18.7
20.85
17.52
16.8
17.69
16.3
17.81
23.05
22.4
10.72
13.92
9.79
14.98
15.35
16.85
9.8
7.5
12.99
15.57
18.6
22.72
22.64
21.81
21.82
19.56
15.42
15.09
4.57
12.43
22.13
23.54
15.88
11.97
19.13
19.55
16.51
15.9
18.45
18.4
21.47
22.2
16.09
-4.28
15.63
18.14
16.08
14.79
15.56
22.81
20
8.82
12.66
13.13
17.77
18.54
14.85
15.09
9.43
4.66
12.67
16.85
19.54
19.9
13.49
11.68
18.82
21.09
21.95
17.61
16.31
17.81
15.23
16
20.03
20.03
16.18
9.39
7.59
5.78
11.61
14.41
16.77
18.24
9.91
20.2
22.95
17.36
18.4
20.85
20.18
18.84
11.45
13.66
21.92
21.63
17.17
15.48
14.35
16.43
17.61
11.9
8.64
17.97
16.2
4.63
13.48
12.21
21.83
17.68
0.8
1.21
4.5
17.92
22.53
23.26
19.63
13.38
25.08
26.14
24.33
21.52
15.72
16.53
18.63
15.83
9.47
9.32
17.21
17.02
6.68
12.14
17.04
15.42
9.79
9.23
17
13.37
20.69
16.17
23
17.95
21.65
24.3
24.9
19.05
21.07
20.35
22.23
24.89
20.67
19.39
18.84
14.77
6.91
17.43
15
3.48
7.71
13.47
20.13
23.35
23.67
18.54
3.72
16.03
17.22
10.95
11.05
16.17
14.06
20.46
21.27
16.95
7.34
18.9
23.92
14.01
14.63
11.69
13.14
16.44
17.01
11.33
10.47
23
25.28
19.64
20.61
20.02
21.35
20.97
7.88
21.06
21.56
14.68
15.29
18.22
14.16
18.88
21.56
19.42
14.25
11.66
10.1
15.91
18.71
17.15
21.13
23.04
21.4
9.4
11.15
20.1
23.38
24.72
25.99
21.69
18.03
26.04
26.17
22.34
8.44
20.94
21.14
12.12
17.44
20.68
20.51
16.71
25.53
25.48
18.91
12.3
18.9
15.49
18.39
24.48
22.38
13.49
18.13
25.78
26.35
20.25
13.56
23.33
24.13
21.67
19.78
17.52
11.2
20.84
25.73
26.27
22.5
22.95
22.52
16.64
20.28
15.68
20.64
25.63
26.42
25.3
24.32
18.28
11.78
21.98
25.4
21.96
30.22
34.62
31.85
25.89
23.19
23.13
18.68
15.37
24.04
19.12
26.61
28.22
22.38
20.55
16.63
23.1
21.61
5.26
10.68
18.98
25.44
27.04
26.1
19.02
25.06
21.62
23.52
13.98
4.2
17.01
22.17
23.25
24.54
24.67
23.82
22.78
22.07
14.14
6.29
20.1
26.41
23.67
23.01
26.08
24.97
35.03
39.34
34.77
25.24
23.32
21.26
11.62
17.46
24.07
27.6
27.83
25.59
22.33
22.98
26.65
27.25
25.08
24.02
24.67
25.31
26.06
24.62
24.07
21.39
23.22
25.37
20.64
14.82
22.4
39.9
45.72
42.43
29.5
22.99
23.22
22
17.78
21.65
26.38
23.98
21.48
24.73
27.27
24.73
17.62
22
19.98
17.32
22.38
19.65
10.59
21.96
29.74
27.48
18.96
23.31
19.67
19.3
20.57
22.52
20.93
11.9
16.86
20.5
22.61
21.07
10.45
18.11
23.72
23.45
23.07
23.64
25.13
25.49
21.07
11.54
22.1
14.82
7.27
5.21
32.3
41.85
41.24
32.46
27.18
22.84
25.47
20.91
2.14
13.46
11.91
22.55
24.16
30.06
34.64
31
22.9
23.34
25.92
25.23
13.99
15.3
18.76
23.54
26.41
20.83
20
21.76
23.5
24.32
16.49
36.36
42.65
39.67
26.37
5.26
14.42
19.99
18.97
14.49
9.3
18.11
20.71
21.99
21.95
22.61
21
13.8
15.72
17.03
16.05
22.17
23.17
18.95
16.27
19.84
20.32
17.81
2.13
22.37
27.6
27.83
27.26
27.45
26.22
20.9
12.77
8.71
23
26.62
25.6
24.16
25.04
23.24
13.11
20.68
24.45
24.85
24.59
25.93
27.37
28.73
27.99
28.98
37.95
41.68
37.68
25.76
2.5
7.56
22
25.55
26.44
23.25
14.23
16.58
24.69
27.17
25.29
26.71
28.39
28.54
26.87
22.04
23.22
28.81
28.4
26.45
23.59
21.45
20.88
22.27
24.65
24.92
22.22
21.08
21.27
26.03
31.41
28.05
21.58
24.51
20.73
15.51
11.31
10.55
17.45
17.69
9.14
11.75
23.59
25.91
23.58
17.92
21.71
24.2
22.42
19.54
15.78
25.59
24.15
23.02
24.78
25.44
21.52
11.71
25.95
30.46
30.21
22.85
19.57
22.11
24.12
28.02
32.77
41.94
44
37.68
24.86
23.74
23.08
19.87
21.65
23.83
24.95
27.75
30.56
28.88
27.31
26.88
10.04
28.15
32.13
34.84
32.72
16.92
24.96
29.58
31.84
26.79
8.25
18.61
14
19.24
22.2
34.07
37.67
33.66
26.97
22.05
8.16
23.01
26.94
23.96
10
30.53
33.57
28.97
25.82
21.49
24.85
25.93
29.14
25.38
18.45
23.4
23.88
32.55
33.97
28.51
15.33
23.95
26.01
22.44
24.62
27.54
29.11
25.3
27.51
25.54
18.75
13.11
15.5
24.67
33.59
34.15
29.95
22.26
23.41
24.29
21.5
31.57
35.25
45.22
49.49
45.49
34.46
26.58
24.22
29.06
25.09
27.04
25.65
41.48
47.68
46.26
37.36
20.3
28.07
28.76
24.6
31.53
31.19
27.96
22.29
24.08
25.52
21.82
19.48
25.09
29.53
29.52
26.11
25.18
20.28
22.84
22.81
23.62
30.8
32.54
29.61
28.33
9.87
30.39
31.23
23.85
27.31
33.27
31.59
26.44
26.54
28.69
29.22
25.53
20.47
27.93
19.72
24.77
16.67
22.03
27.49
26.42
16.07
15.78
23.15
23.68
26.96
32.39
31.64
30.36
33.78
34.6
32.47
30.6
28.37
25.37
24.59
15.01
26.18
15.56
27.71
33.35
34.28
32.3
34.32
31.28
22.25
23.43
27.13
28.88
28.77
25.46
25.23
24.62
20.66
20.52
23.7
27.93
31.97
32.08
24.47
21.1
21
14.67
12.94
20.18
22.41
25.81
25.03
13.36
23.53
26.11
24.16
28.38
29.21
21.16
26.13
27.27
24.92
28.03
26.33
24.07
29.86
31.17
25.33
27.33
30.2
24.52
23.37
27.11
30.13
31.25
30.23
26.78
22.2
20.66
25.53
23.53
19.88
22.92
15.88
31.81
33.76
29.08
13.77
22.5
16.98
21.31
15.46
20.37
24.99
25.88
27.64
33.09
34.81
31.56
28.38
29.25
28.64
25.43
27.67
30.74
26.7
20.22
17.67
15.52
19.46
14.45
14.45
25.1
27.04
21.23
22.97
27.98
27.1
25.58
26.27
16.94
19.03
20.68
20.73
15.89
21.97
21.63
18.53
25.72
24.3
19.56
21.12
26.56
24.44
23.82
17.82
25.1
27.3
27.23
24.05
17.09
20.18
27.19
22.92
23.6
25.33
28.3
30.54
26.65
21.79
27.45
25.76
17.71
22.33
24.82
27.15
24.73
22.41
21.68
24.28
15.92
18.47
15.88
9.72
17.16
23.38
18.95
17.42
19.55
18.12
7.62
23.29
22.96
17.07
25.7
25.21
26.36
23.13
14.31
22.47
21.26
20.67
17.21
11.53
18.15
19.42
22.38
17.19
13.31
18.25
15.85
16.67
17.19
14.17
19.32
13.79
20.87
20.49
22.08
23.8
24.78
23.8
24.26
23.15
14.22
18.61
18.8
16.34
8.9
9.28
23.92
25.55
19.84
20.34
25.37
21.95
14.02
16.72
18.55
21.23
20.69
22.34
11.06
22.3
20.98
23.94
21.6
17.36
17.51
18.06
16.08
18.93
15.53
23.88
26
21.61
16.9
18.46
13.37
17.66
17.81
12.27
23.32
23.4
17.61
18.99
25.95
23.57
18.19
22.82
25.16
23.36
16.87
14.92
19.08
5.8
26.64
27.05
23.32
23.49
24.82
25.1
28.2
23.26
29.54
31.09
26.82
28.03
30.18
24.49
18.92
25.04
25.2
29.33
32.94
32.09
29.08
22.97
24.13
27.5
20.77
11.45
13.77
20.54
21.06
22.67
15.18
22.81
27.72
27.47
24.11
10.85
15.68
16.63
21.87
15.67
15.34
9.34
23.78
29.62
25.88
25.49
27.12
26.26
24.1
21.61
21.82
29.57
28.7
25.03
25.84
22.97
18.42
20.47
25.05
29.65
29.49
26.31
26.3
26.93
19.31
17.91
24.1
21.91
21.86
23.83
24.32
24.28
26.41
27.6
25.84
28.77
29.66
27.29
32.99
35.39
30.52
17.7
20.18
25.19
24.91
23.74
16.7
18.82
27.95
29.1
26.46
24.06
24.79
15.38
27.91
30.51
27.21
21.02
26.72
25.04
23.16
24.81
24.83
24.59
26.31
25.81
19.24
14.76
20.64
5.8
19.05
15.54
19.53
10.19
21.4
20.55
15.08
17.16
19.96
14.41
24.97
26.13
22.34
25.1
29.86
29.82
27.29
19.29
17.13
24.91
28.56
27.16
25.38
26.28
24.8
19.93
17.18
21.89
21.53
10.1
21.36
1.94
15.78
23.6
24.63
16.13
21.16
23.34
14.55
18.26
10.58
11.48
8.11
19.76
22.24
18.16
24.32
26.68
25.43
15.88
19.48
17.37
18.62
21.22
19.06
-6.48
5.68
15.16
23.96
24.14
12.99
16.21
24.1
22.52
17.14
15.02
24.12
23.73
24.38
20.09
6.63
17.48
19.09
22.25
21.07
12.6
14.01
13.61
23.37
24.3
22.52
19.73
22.25
16.07
28.01
26.96
17.1
13.01
14.14
11.18
12.79
20.16
19.21
16.02
17.63
12.72
25.6
22.16
21.82
25.06
11.35
21.45
14.63
9.39
15.8
20.37
17.76
15.36
19.97
7.97
17.32
11.49
19.11
25.55
25.89
22.69
22.36
27.34
25.48
21.4
19.7
22.55
21.37
16.76
20.71
1.71
20.22
22.17
23.11
20.78
19.74
18.53
13.08
20.91
17.1
16.68
18.99
17.38
18.34
15.95
14.95
13.88
20.48
23.3
22.51
18.37
17.94
20.84
16.5
16.95
18.5
20.15
12.73
11.03
12.51
7.15
18.85
21.07
23.7
16.32
0.03
18.38
21.97
18.3
15.46
14.81
15.04
14.13
22.32
17.89
14.39
21.67
22.01
15.11
9.5
19.29
19.71
22.6
25.86
25.34
17.72
15.44
21.67
22.33
16.78
6.03
12.72
17.93
17.87
13.6
-19.29
17.45
22.92
22.33
20.2
20.61
19.2
17.88
14.78
19.45
21.77
17.15
8.61
5.24
15.6
11.06
14.33
23.87
28.17
26.97
21.53
14.66
13.44
24.93
23.05
13.16
13.71
16.86
14.25
18.22
15.9
14.17
19.61
19.27
22.24
23.53
17.92
13.05
17.15
15.94
16.95
8.92
16.94
22.05
22.48
24.05
25.38
24.18
23.51
22.32
23.35
23.54
21.7
19.42
10.15
14.31
17.21
19.4
19
17.27
11.99
15.31
20.41
23.6
23.48
21.08
16.46
18.52
20.86
20.1
21.38
22.08
18.31
11.22
20.05
17.53
13.98
16.98
22.02
24.68
23.57
18.94
16.83
14.3
13.52
12.82
19.67
20.97
20.09
18.85
23.67
25.35
23.84
22.71
23.69
21.38
14.07
21.28
23.39
22.84
20.02
23.1
22.58
20.09
20.74
18.15
12.21
19.5
26.59
27.34
21.61
17.79
19.86
21.65
18.61
14.33
9.86
21.48
20.43
19.87
19.28
12.67
18.81
18.56
14.74
20.11
24.35
25.1
19.99
12.01
19.04
21.04
23.12
22.55
20.63
20.61
12.31
24.9
28.2
23.49
14.26
20.37
20.18
24.38
27.66
28.91
28.88
26.4
18.96
9.16
16.71
21.44
23.99
19.93
17.83
24.29
19.96
15.03
13.63
23.08
24.36
20.28
7.95
19.88
22.76
21.39
19.3
14.62
12.31
15.4
11.97
13.3
16.28
16.36
20.89
15.69
20.74
26.86
27.38
25.91
23.31
15.97
18.55
18.14
15.91
22.18
24.31
21.53
14.68
13.05
21.28
21.08
18.67
24.32
26.22
23.62
16.32
11.15
20.59
24.05
24.5
24.77
24.61
27.71
28.5
23.63
15.2
15.46
20.52
21.07
19.05
21.03
21.4
22.28
24.28
24.62
20.99
17.97
-0.69
21.97
24.09
23.61
22.31
17.24
20.41
22.51
20.27
20.33
23.72
25.01
26.33
26.33
21.64
15.39
18.97
16.13
15.25
19.08
19.22
9.98
8.26
3.19
18.85
25.22
26.48
31.01
34.32
31.11
25.61
18.52
24.4
22.57
24.86
25.27
20.56
15.3
19.14
21.77
21.96
22.77
22.39
17.42
19.35
22.05
21.61
18.95
16.22
15.78
20.7
19.55
17.4
15.12
10.95
14.54
17.57
20.8
16.21
17.74
24.4
25.29
24.29
22.43
18.29
17.02
20.4
18.57
18.1
19.62
22.56
18.66
9.46
18.07
24.35
27.46
23.49
18.38
24.19
24.83
22.14
22.81
26.08
25.23
22.04
23.48
23.24
20.95
22.17
17.7
16.46
17.38
11.09
18.52
24.81
23.25
16.98
19.7
21.99
19.33
20.54
21.99
17.46
8.21
12.92
17.73
22.25
22.94
23.64
22.23
17.88
18.39
19.32
19.45
19.43
23.36
23.24
14.3
17.58
20.51
18.76
16.15
-1.13
19.85
20.46
14.85
13.61
19.98
26.64
28.74
26.05
14.94
16.82
22.38
27.04
26.72
18.82
6.93
20.16
23.12
13.2
17.49
23.15
24.38
25.08
27.22
27.24
24.32
21.44
17.39
19.4
18.72
12.04
6.12
16.32
20.12
19.17
11.02
5.57
15.37
12.02
17.37
20.4
18.11
18.15
14.79
12.69
7.57
15.91
20.51
18.66
23.61
25.42
25.53
25.43
24.63
24
22.95
22.13
15.46
11.05
20.48
18.14
2.13
13.77
19.81
19.48
20.36
23.04
22.74
15.34
9.08
16.76
19.99
20.88
16.23
6.15
12.32
12.52
12.3
13.82
12.17
21.89
19.28
20.6
22.74
19.87
10.99
19.11
16.09
17.29
17.38
13.11
12.34
19.34
21.59
13.93
17.75
16.04
15.59
18.31
12.2
7.89
7.48
15.95
21.87
20.67
9.8
10.78
15.48
22.41
23.4
19.26
16.93
19.89
17.24
19.39
11.58
6.82
9.7
11.34
14.69
12.54
9.33
11.61
4.37
16.67
23.32
22.17
18.04
16.67
13.85
14.46
20.62
21.48
19.98
16.75
16.49
10.07
2.9
11.41
8.86
2.73
17.12
19.09
11.05
15.4
17.1
20.93
21.6
19.34
20.35
21.15
18.54
14.41
11.29
20.86
19.99
12.74
9.58
9.84
6.57
1.65
5.91
10.39
12.24
9.22
-10.15
7.34
7.19
5.09
9.01
13.65
7.16
8.12
16.86
18.89
15.8
3.23
13.77
16.51
13.53
14.74
17.01
15.94
12.18
13.9
20.54
20.36
16.74
16.36
15.58
18.52
19.13
20.42
21.84
22.15
19.6
8.91
17.34
18.88
15.77
8.32
16.79
13.34
-3.71
14.72
17.63
17.04
5.76
16.62
15.63
9.45
14.28
19.42
21.08
19.43
11.88
8.9
11.86
13.77
12.71
16.32
13.58
14.56
17.72
18.03
17.53
17.65
16.58
12.74
7.11
19.57
19.77
16.87
9.04
12.29
18.99
18.62
17.38
21.29
23.46
20.4
16.5
14.39
1.8
15.1
16.62
13.17
10.94
14.12
17.11
14.09
10.95
17.29
12.46
7.68
9.23
10.96
2.13
8.35
14.96
19.45
15.99
5.21
8.73
12.88
15.41
16.91
14.45
-2.12
12.82
18.02
18.59
13.55
14.41
9.9
7.31
11.37
12.47
10
8.8
11.62
2.47
-0.41
4.58
8.43
7.92
8.24
-6.69
16.13
19.45
18.64
18.39
17.13
4.01
9.12
16.75
17.18
7.96
8.16
11.31
12.58
16.82
18.35
15.43
9.06
11.6
9.66
5.71
9.64
17.34
16.13
10.55
0.83
12.13
4.04
11.41
14
5.09
10.52
16.38
16.84
15.3
5.41
12.85
13.16
7.65
0.44
4.49
9.96
5.6
12.97
6.46
12.45
8.44
1.17
8.51
-2.89
-2.97
11.25
17.59
17.96
14.91
9.06
16.26
20.72
18.74
17.46
15.78
13.38
13.48
16.42
13.33
5.87
7.08
13.57
20.02
19.73
14.52
11.08
15.33
14.52
14.89
4.27
15.73
13.34
7.79
12.26
11.9
2.69
2.29
12.12
19.4
17.17
4.22
9.96
9.07
14.64
20.89
20.93
16.88
14.23
9.19
19.02
20.61
18.38
12.76
8.01
10.06
13.68
5.27
7.19
9.39
9.92
-8.45
15.03
15.27
13.6
16.57
17.99
15.02
14.24
14.04
2.44
-4.62
7.03
-10.52
13.4
15.98
16.46
17.01
18.46
18.47
11.68
7.48
4.62
-2.65
10.94
15.57
11.05
12.01
10.22
19.35
18.16
11.01
10.16
16.61
16.57
17.28
20.76
23.23
22.15
15.17
8.84
10.98
15.55
19.6
18.8
22.54
23.84
24.5
23.29
18.89
13.38
15.24
16.95
11.59
13.12
11.32
7.34
10.41
18.75
21.7
22.13
20.61
19.4
17.28
14
-12.31
19.75
23.63
21.62
22.67
19.57
14.4
14.55
20.92
20.92
8.42
13.05
14.11
14.18
10.84
12.03
15.75
13.18
21.74
18.95
6.53
15.23
15.52
15.62
17.78
21.7
21.04
13.77
1.87
13.63
15.09
11.75
16.5
20.16
21.92
22.72
19.36
9.85
6.36
12.1
13.22
9.4
17.04
15.13
14.19
9.06
12.19
17.5
16.4
14.72
11.26
3.38
14.09
18.58
16.49
9.41
-8.62
0.99
-10.49
8.56
13.38
13.7
12.74
5.8
13.03
17.22
16.5
16.08
13.43
15.93
16.76
15.73
14.48
16.26
18.29
17.61
13.25
5.06
6.54
7.41
1.56
14.43
-3.8
17.38
17.61
11.29
7.99
1.41
14.82
16.04
13.41
7.83
0.95
12.42
14.46
5.96
8.17
11.9
10.14
18.67
18.12
5.06
13.3
12.23
19.64
14.54
14.94
19.66
15.9
3.75
17.3
15.77
-0.74
2.96
18.96
21.79
14.29
15.72
20.49
13.13
17.09
19.36
19.15
13.13
20.04
22.77
19.64
8.63
7.52
10.65
13.46
17.6
14.66
15.28
18.34
15.39
15.43
16.9
13.64
13.29
6.48
10.4
15.74
19.44
18.65
10.1
6.48
6.61
14.92
8.26
16.61
21.18
16.2
5.22
9.57
17.84
18.17
14.12
18.39
21.81
21.85
17.96
11.59
8.88
15.11
16.07
12.27
12.4
14.75
16.82
15.89
15.79
11.78
14.57
14.2
15.35
5.95
10.75
3.72
2.83
10.75
16.21
18.84
22.5
19.49
18.3
13.66
19.72
17.43
16.92
23.06
19.07
18.19
18.17
9.15
16.45
20.19
21.88
20.25
19.37
21.77
18.73
12.47
11.67
14.67
19.41
21.24
22.57
18.08
14
17.21
8.94
20.26
23.18
17.88
9.12
16.49
11.77
19.22
21.77
22.13
19.71
14.69
12.6
12.18
21.22
20.45
10.06
1.73
13.85
16.66
20.94
18.91
10.88
-1.09
17.69
21.77
12.29
7.95
16.47
16.65
16.54
17.12
18.42
18.27
16.39
16.23
15.94
17.75
23.08
22.98
21.35
15.61
12.38
20.64
18.95
5.67
7.8
6.28
15.04
18.02
18.74
16.27
17.63
17.93
19.37
14.51
11.98
17.34
17.37
13.44
6.28
10.63
11.16
5.62
16.43
17.31
17.5
22.53
22.39
9.32
13.4
10.29
17.3
22.09
23.28
19.26
17.11
19.28
13.92
9.6
20.12
20.38
13.91
12.73
18.15
16.45
7.58
9.14
9.52
15.91
17.87
12.91
14.98
16.18
16.9
18.14
19.89
20.1
15.72
11.13
11.95
15.64
22.4
22.51
18.41
12.03
19.01
17.89
12.19
20.73
18.21
13.03
14.84
17.32
22.37
22.55
16.7
16.38
17.83
15.77
9.25
20.44
20.76
18.99
20.15
23.73
18.09
12.79
17.8
14.36
7.41
8.45
8.18
15.52
18.76
16.34
18.08
16.96
17.43
20.39
14.41
15.16
20.59
18.22
17.51
15.73
15.56
17.32
10.29
16.06
13.58
2.48
16.94
20.92
21.55
19.88
20.36
21.63
21.11
17.56
11.89
12.09
12.09
15.18
6.03
22.66
22.09
13.87
13.37
15.85
14.16
1.99
10.82
20.18
22.55
21.52
20.08
16.58
13.94
17.84
19.61
14.64
13.7
17.18
16.12
13.52
21.11
21.74
20.02
20.6
19.6
14.45
10.23
15.61
3.32
13.07
16.37
17.03
18.2
18.94
18.42
19.35
20.28
18.55
13.51
8.7
5.8
13.5
14.24
15.7
19.69
19.69
9.34
10.44
7.98
15.18
17.07
14.1
9.85
9.49
15.77
13.78
15
16.58
13.69
5.44
6.97
7.6
9.9
14.78
13.4
12.86
8.53
17.89
16.07
14.28
9.69
7.9
10.7
10.82
0.82
7.39
8.43
12.8
16.79
17.02
5.75
13.09
16.87
12.73
5.01
17
18.02
13.87
12.05
16.33
10.05
10.2
17.62
18.61
16.41
17.93
22.02
23.03
19.59
13.38
13.57
12.75
15.26
19.4
21.01
19.92
15.91
16.02
14.44
16.11
17.72
18.95
18.19
17.66
9.53
6.06
9.79
16.31
15.64
1.3
8.35
4.23
6.22
13.12
16.73
11.7
14.04
8.49
6.38
17.23
18.65
12.89
12.94
13.81
15.73
18.41
20.92
18.94
12.64
12.27
12.02
12.83
13.19
16.99
12.55
10.43
10.04
11.86
18.1
17.28
8.4
14.11
12.16
15.1
19.74
17.88
9.63
5.19
1.56
4.88
10.27
15.51
14.07
9.35
10.54
17.96
18.69
17.4
16.7
17.83
18.89
15.86
10.38
3.18
-18.62
14.27
18.2
11.42
5.36
6.89
6.42
12.71
11.71
-8.6
6.53
11.23
14.48
13.26
15.72
16.79
12.71
12.33
11.06
8.14
6.46
15.55
20.61
16.57
10.21
-2.48
13.13
17.62
19.45
18.14
4.33
17.75
18.18
14.28
7.89
4.6
5.16
7.26
10.06
7.96
7.54
3.26
4.65
14.52
15.01
-2.79
-4.59
-1.04
12.7
17.22
20.39
15.23
2.46
-6.94
16.35
15.62
-1.97
9.35
12.55
12.61
9.09
4.59
5.5
11.99
10.96
11.44
11.03
12.32
17.32
19.1
13.22
-0.34
10.42
14.43
11.95
7.89
14.37
11.54
7.74
8.36
14.08
15.43
13.64
13.47
18.09
19.17
11.52
4.8
14.11
17.13
14.29
13.39
15.97
10.42
-0.12
7.85
10.86
-0.74
11.62
17.42
20.07
17.71
12.84
14.52
17.28
16.24
13.98
8.93
7.35
13.45
16.38
14.99
15.84
15.8
11.97
8.26
6.91
9.82
13.5
12.75
3.58
12.07
16.9
17.72
17.03
15.84
4.79
14.17
15.44
10.55
6.12
7.98
9.31
-1.12
9.32
11.23
7.32
11.45
13.67
6.71
7.81
12.83
5.03
13.21
10.88
13.13
13.29
17.19
15.58
11.79
6.18
3.74
11.61
-3.71
16.83
16.91
6.01
6.03
9.99
13.59
13.44
11.17
12.7
15.46
11.57
13.48
12.9
6.47
14.17
19.88
21.4
19.43
17.41
12.85
12.09
22.42
23.63
19.13
9.89
13.8
17.66
19.68
16.58
12.01
15.43
16.29
14.99
19.62
18.14
12.81
6.68
10.71
15.47
12.4
10.49
11.08
12.15
11.82
7.67
5.91
12.36
14
14.98
14.54
8.58
3.78
16.06
20.29
19.78
15.63
12.26
7.34
6.04
-0.6
3.88
3.55
4.32
8.43
7.28
13.1
13
0.35
11.56
18.89
21.11
21.65
20.37
12.24
6.98
12.41
15.07
18.03
17.7
13.96
-6.37
5.63
-9.68
15.11
19.89
16.67
11.44
10.85
16.98
18.84
16.23
17.43
17.21
10.14
11.66
13.52
12.2
6.26
15.64
15.22
4.9
8.69
13.52
15.1
13.22
1.16
11.67
10.82
17.87
15.1
17.1
16.39
-0.98
8.55
9.31
19.38
20.45
14.67
19.17
19.72
17.81
17.79
13.04
-4.22
6.27
11.33
14.45
16.38
12.41
9.11
13.53
16.74
14.11
8.03
4.06
4.1
11.24
7.04
14.3
18.38
19.21
15.24
8.71
14.45
9.18
9.5
6.04
19.43
20.23
10.82
14.14
3.31
11.76
17.37
17.88
13.48
5.79
2.71
7.38
17.85
18.82
14.58
7.57
9.88
17.34
16.5
14.35
17.71
9.63
-0.18
14.14
17.97
12.12
12.42
15.23
2.49
13.45
15.08
15.79
14.64
15.25
14.1
9.31
10.26
13.25
11.84
9
13.54
19.24
18.05
11.07
9.14
16.59
15.88
12.09
16.35
19.36
18.59
2.03
16.11
17.65
13.87
8.51
2.89
7.06
14.06
14.88
12.81
9.66
8.93
15.19
13.68
11.14
10.19
11.65
10.44
6.42
10.58
7.59
9.85
12.51
7.33
4.3
5.75
2.34
6.64
2.53
-0.21
-3.07
0.66
-10.31
-1.38
9.11
12.44
14.34
9.58
8.66
10.45
10
11.38
12.84
14.12
5.87
15.54
14.53
11.14
2.88
14.62
9.02
10.18
15.82
17.18
13.12
-12.3
3.47
8.94
15.58
17.93
16.08
14.94
15.02
9.62
1.62
3.08
-7.02
4.21
12.87
12.61
6.07
-1.05
10.32
10.26
13.8
13.57
14.21
8.13
12.89
13.33
2.81
-0.47
5.76
-4.12
2.65
2.59
19.04
20.38
17.68
12.9
17.03
16.18
12.59
15.24
8.32
5.94
13.79
15.74
15.07
16.02
13.55
6.83
5.93
4.21
6.04
13.79
15.35
6.44
11.07
14.16
9.42
14.17
13.75
10.87
10.92
12.86
14.23
16.6
16.25
16.1
18.73
18.1
13.07
14.21
9.53
10.38
10.68
1.54
4.03
-2.54
0.01
7.54
13.37
16.32
17.95
15.09
9.43
8.97
11.68
11.75
-1.36
7.95
12.41
11.65
8.63
9.86
14.19
13.58
6.03
7.67
8.88
13.2
8.77
4.02
3.3
-4.19
11.59
15.59
16.77
17.28
16.62
10.03
4.66
11.79
13.41
7.96
0.26
9.96
13.66
12.88
12.48
12.8
10.71
14.59
15.08
15.41
13.28
9.88
4.78
10.99
12.61
10.38
1.61
16.18
15.73
13.33
18
18.23
16.06
11.5
4.28
9.99
10
13.19
16.68
13.94
7.29
5.48
0.7
-1.99
6.53
13.84
13.98
12.13
13.51
11.52
10.47
14.14
13.27
10.15
8.8
14.08
18.57
18.21
15.98
13.42
7.74
15.1
16.53
14.72
16.94
14.17
9.81
15.91
15.8
12.28
12.76
14.82
14.93
12.98
8.11
-0.25
8.41
10.54
5.67
16.97
14.62
11.72
18.79
20.06
18.88
14.65
13.7
10.75
6.95
4.05
5.71
5.1
2.95
-7.87
1.89
1.79
7.59
8.15
1.76
15.23
17.38
17.83
16
16.01
15.07
11.28
9.52
14.06
17.83
18.14
18.36
18.99
17.64
13.91
12.08
10.26
11.67
17.35
16.39
14.76
19.05
22.57
22.55
21.1
19.29
15.08
14.67
19.34
20.26
18.89
19.61
20.1
14.85
5.28
6.85
14.54
15.6
11.35
11.9
11.67
11.74
15.99
16.59
3.08
14.99
18.55
19.01
18.73
16
13.51
12.83
17.55
20.32
15.02
10.26
17.27
12.04
6.26
13.38
15.92
14.67
9.41
-0.87
2.33
16.04
16.36
9.57
7.43
15.35
18.79
17.67
11.41
14.94
18.44
17.32
15.48
13.36
12.27
15.17
11.25
2.72
5.16
16.74
19.05
18.52
15.05
8.17
9.65
17.58
18.04
18.22
16.66
12.5
11.12
13.65
15.26
15.47
9.79
2.73
14.75
17.36
18.14
19.29
16.56
10.69
11.51
11.62
11.84
16.92
17.97
14.99
14.08
12.8
13.85
15.21
17.09
17
11.4
5.88
-5.1
11.07
16.45
19.11
15.95
6.23
2.83
9.97
9.2
-5.75
8
17.27
18.59
17.64
16.53
14.01
17.31
15.35
-7.99
11.02
13.4
14.91
17.27
15.07
2.15
12.88
15.82
14.72
15.45
17.28
13.94
10.07
10.17
9.65
10.33
2.38
15.53
15.98
10.07
13.2
16.11
11.06
12.01
11.6
10.4
12.77
2.66
16.46
18.74
16.33
11.63
16.25
20.34
18.79
11.97
13.43
13.48
15.4
14.7
16.86
19.61
20.33
19.57
14.9
14.13
14.17
11.83
2.81
15.39
16.79
15.23
18.24
15.64
6
8.83
15.27
16.54
11.85
13.6
14.05
11.77
2.47
11.77
12.6
14.47
17.01
15.66
8.97
10.73
15.64
12.99
10.24
11.7
2.83
14.44
13.28
15.67
17.94
18.24
13.26
8.98
13.39
8.87
8.21
13.22
13.72
10.11
-3.63
12.1
10
-0.44
13.36
13.23
9.47
15.66
21.09
19.92
9.99
-0.22
-2.43
11.18
16.7
16.64
11.63
9.89
10.43
14.89
14.31
12.21
14
13.83
11.61
4.63
17.06
18.06
17.1
15.38
1.63
10.55
15.36
17.16
17.9
18.17
16.63
15.08
16.5
14.21
14.65
15.02
13.47
12.76
6.49
9.16
7.01
-0.75
7.08
11.82
9.54
11.18
16.71
19.24
19.35
19.08
16.33
17.1
16.01
10.93
13.94
12.13
12.2
17.84
16.66
14.65
15.41
11.84
9.74
-7.98
10.43
8.95
9.6
11.79
17.42
19.65
14.89
5.02
9.47
11.77
16.24
18.1
15.83
8.36
16.78
19.09
17.85
16.02
7.66
13.32
16.84
12.61
11.85
11.47
6.57
-3.36
14.6
21.06
21.82
20.55
19.54
15.11
6.63
5.5
13.43
15.11
9.09
4.59
13.04
15.34
15.07
14.86
14.8
17.78
18.36
18.64
20.44
20.81
15.94
16.23
18.14
14.39
8.29
7.24
13.32
15.09
12.28
4.67
2.78
13.51
14.63
12.63
13.1
15.62
17.03
17.49
14.29
14
18.27
16.35
12.48
13.02
9.93
4.01
8.76
11.1
17.58
17.09
15.63
16.83
15.36
16.37
17.33
16.46
16.52
19.5
18.77
16.04
17.08
11.88
11.1
13.29
11.95
1.24
6.41
2.59
12.84
4
5.47
6.49
10.97
10.78
-3.33
14.16
16.96
16.22
14.19
11.11
6.85
14.78
12.56
4.15
13.4
11.53
2.71
-6.71
9.38
17.32
17.74
17.58
17.53
15.76
14.82
11.57
6.32
12.14
10.94
8.19
13.27
13.32
8.81
6.71
-4.26
-1.8
12.49
17.66
17.95
16.89
14.81
15.96
14.24
3.98
14.55
13.27
2.39
11.57
9.28
11.19
11.35
0.47
12.67
15.62
14.89
14.19
11.32
6.57
13.75
14.86
15.04
17.11
17.86
16.17
10.66
-1.74
5.16
9.98
11.52
6.66
4.54
5
5.51
8.2
13.66
9.13
6.66
6.33
6.9
3.46
11.67
15.37
10.6
5.16
14.61
16.47
16.61
15.98
14.73
14.92
10.81
8.03
14.84
18.14
16.18
8.61
9.31
8.09
10.74
14.96
11.32
6.63
17.43
15.29
5.32
-1.16
8.8
14.72
16.63
15.32
12.6
7.39
8.79
17.19
18.35
13.93
7.62
12.04
17.85
20.21
20.72
17.44
5.05
16.92
16.18
16.02
8.66
10.45
14.84
11.84
13.93
18.18
17.42
10.4
2
6.99
10.41
8.24
12.42
7.42
-0.52
8.5
14.08
13.32
0.33
6.62
9.26
13.08
14.32
10.28
12.4
11.71
3.04
10.68
16.88
15.94
11.91
9.45
15.93
19.77
19.37
16.73
9.72
2.82
2.17
-6.46
7.9
11.42
8.07
13.36
14.68
15.41
11.07
8.18
7.68
-6.08
8.89
13.35
10.67
15.7
12.86
6.73
11.91
14.41
14.81
9.71
8.48
15.24
16.67
15.59
13.27
11.01
16.24
16.59
15.62
12.85
13.12
17.29
18.43
18.25
18.71
15.11
11.1
14.15
14.59
2.91
12.62
16.7
13.96
1.86
-1.89
8.15
14.76
17.53
14.04
14.25
12.99
10.53
11.24
10.9
0.47
11.5
16.46
15.2
13.14
11.56
15.03
17.24
12.06
3.6
4.53
13.83
18.94
15.51
12.1
13.75
4.22
2.48
6.74
12.76
8.88
6.19
14.97
18.06
14.41
14.34
14.84
10.74
8.64
16.74
20.71
17.88
-15.29
16.26
18.61
17.99
14.97
8.02
6.06
10.52
14.77
17.65
13.52
4.04
13.51
17.41
19.36
20.81
19.63
13.91
7.18
10.17
8.18
4.5
4.8
6.19
6.77
0.05
3.54
13.74
16.67
16.04
14.94
13.82
6.42
6.35
8.84
10.57
10.63
12.02
13.89
9.41
7.97
7.07
8.64
13.11
13.09
14.78
18.58
20.38
16.16
11.17
14.3
16.45
10.42
12.62
14.98
14.98
11.88
12.29
15.28
16.12
13.95
11.76
12.25
9.28
5.01
9.77
11.8
1.22
18.28
19.98
16.1
12.83
11.2
12.12
11.34
8.64
12.01
12.49
12.45
10.21
9.2
-2.13
12.15
16.01
18.76
19.05
14.79
11.21
10.38
2.56
8.3
17.25
18.17
11.77
10.93
13.02
4.83
12.37
12.47
8.38
13.64
9.89
8.9
6.69
7.6
10.76
-3.91
5.22
7.92
1.55
11.51
12.53
9.65
5.82
12
13.96
9.27
4.1
8.79
12
15.44
15.91
14.5
8.43
1.53
7.13
10.33
11.79
3.69
2.25
-1.71
4.22
10.54
9.02
3.28
15.45
16.85
13.21
13.45
13.33
10.14
13.05
10.29
14.73
10.4
7.79
11.53
14.15
12.28
4.22
9.3
5.45
-4.57
-8.23
2.38
5.86
9.18
4.08
10.64
11.68
12.05
13.34
8.2
1.29
7.19
10.45
13.61
10.6
6.96
8.55
11.8
11.08
11.49
14.15
13.64
4.76
6.81
6.15
6.95
12.87
11.83
11.53
10.32
10.92
9.9
8.85
6.1
13.99
13.16
2.02
13.25
13.33
12.12
13.63
10
11.91
13.22
14.7
13.77
8.85
7.99
3.17
6.13
9.32
11.33
11.07
13.74
9.14
0.3
-1.81
7.75
11.1
11.66
16.74
12.12
9.68
14.6
13.01
6.98
13.63
17.42
11.24
3.83
9.19
10.14
8.05
9.22
9.34
-2.15
7.68
13.23
14.71
13.25
14.84
16.81
11.31
13.77
15.11
6.21
4.19
-0.24
12.68
14.84
9.91
6.87
9
11.64
13.18
11.01
-5.7
7.74
6.67
11.62
14.64
7.43
11.09
11.39
7.62
2.07
-0.92
13.04
14.27
7.55
7.76
10.22
7.85
14.2
15.94
10.11
-0.29
12.41
18.51
18.26
16.11
15.92
16.06
12.05
2.89
12.58
14.14
13.59
15.61
15.6
14.09
14.62
15.11
13.25
8.67
0.79
5.51
-4.19
-1.33
3.24
5.33
11.56
4.23
5.12
6.62
2.57
8.8
11.15
11.17
2.38
12.21
8.35
9.24
6.83
6.3
10.84
12.35
8.6
-13.13
-6.05
8.13
13.72
10.05
6.91
14.54
15.15
14.45
11.59
9.76
12.39
11.22
9.24
2.67
1.8
9.92
12.98
14.32
10
6.03
8.94
10.64
12.23
7.76
2.28
5.95
11.83
6.23
6.63
11.99
15.56
15.65
9.84
-3.08
4.83
1.48
4.58
-0.24
-9.67
8.37
12.52
13.72
9.25
9.37
11.96
14.61
15.61
12.57
9.23
11.7
5.81
6.89
11.22
8.66
5.42
10.46
15.76
17.04
15.9
13.08
7.01
13.15
14.36
13.22
11.27
5.07
1.21
-16.19
2.16
6.5
12.51
6.63
0.68
7.19
11.61
1.72
12.28
11.67
16.68
18.31
14.22
7.25
8.21
13.51
13.26
12.69
13.84
15.82
15.2
16.59
14.77
12.46
10.09
7.15
10.38
12.15
12.29
12.61
11.48
11.03
10.24
-11.87
7.69
10.11
10.53
9.91
10.16
14.75
11.34
14.43
11.92
6.77
8.13
6.19
11.37
17.04
16.8
7.54
12.85
16.09
16.65
14.37
8.13
14.78
15.64
15.39
16.64
13.74
8.42
7.08
6.78
2.44
0.45
11.53
12.72
4.8
11.58
16
8.84
-3.64
9.09
11.91
4.6
5.88
13.72
15.76
15.37
8.86
12.46
7.54
4.26
13.87
15
13.33
13.43
15.1
15.29
14.84
14.32
10.33
2.45
12.9
13.77
12.06
9.64
3.31
13.46
12.32
4.8
11.34
10.98
2.58
7.21
11.67
10.93
8.51
14.93
10.56
12.28
16.12
12.81
13.69
14.54
6.85
19.54
21.48
14.6
8.21
0.78
11.48
5.34
10.97
14.26
16.85
13.17
11.22
14.08
15.13
12.79
14.07
14.29
11.08
14.34
9.23
7.26
10.48
10.23
17.93
16.38
14.43
14.46
14.53
11.42
12.43
14.48
13.07
-3.29
6.65
2.62
-5.41
4.82
10.38
11.76
5.18
14.62
17.14
15.16
13.5
10.94
9.88
6
11.23
9.91
12.65
12.11
12.54
12.01
12.12
14.38
10.52
-5.82
2.76
8.86
13.14
8.69
2.9
9.7
10.49
9.07
8.54
-0.64
12.59
19.29
21.27
19.57
12.28
1.87
-1.9
5.35
-3.14
15.31
18.07
16.72
13.96
3.59
11.06
15.61
9.63
14.09
16.31
10.64
-2.75
7.94
14.43
11.14
4.59
3.77
14.53
17.13
15.86
12.21
10.33
9.1
4.78
3.95
11.05
12.89
8.83
3.24
14.81
18.41
17.07
13.7
12.9
5.46
10.01
10.13
4.7
6.01
11.91
12.37
4.02
-1.5
3.06
10.12
12.7
8
13.02
14.75
15.51
8.99
9.52
15.4
15.75
14.22
9.61
2.37
5.25
13.32
10.46
1.83
5.7
8.22
6.82
2.45
0.66
4.69
8.23
9.37
7.21
15.03
12.6
9.29
10.67
4.59
11.99
17.11
12.78
9.43
13.18
15.97
3.79
10.43
12.01
12.3
14.47
12.76
-0.05
4.09
7.03
14.05
15.81
8.75
8.78
6.12
9.35
10.71
-0.35
-7.88
5.97
7.19
10.4
12.96
12.19
13.56
17.14
