-1.97
-3.1
5.72
1.92
8.02
12.83
8.63
12.31
12.23
8.09
3.24
5.8
12.63
16.04
17.58
15.45
8.96
10.23
6.43
2.12
2.76
8.72
9.24
8.58
4.98
4.95
10.13
11.7
7.69
-8.4
0.05
6.14
12.47
14.25
10.05
6.68
10.7
11.4
7.36
4.67
13.42
13.67
6.85
7.65
14.46
14.49
10.81
12.61
10.14
4.34
15.67
16.53
15.31
14.55
11.09
-4.47
5.9
-10.06
3.86
-4.36
1.68
10.87
13.39
6.07
10.52
12.19
7.41
-4.95
1.5
-11.98
5.12
6.87
8.56
14.35
15.83
14.28
14.64
11.79
-15.11
10.1
12.81
9.88
7
4.03
-8.2
5.78
8.71
8.48
14.1
14.32
-0.86
11.32
0.7
4.02
10.47
11.57
9.39
-0.24
6.14
10.29
7.56
9.18
10.16
8.26
11.74
1.51
8.94
8.94
10.59
15.3
8.62
12.05
9.75
3.68
8.91
8.4
9.17
13.63
13.59
13.15
11.19
9.5
7.28
9.01
5.96
7.66
9.69
10.24
13.41
14.8
13.04
6.46
-0.63
5.54
10.49
6.66
-5.49
0.55
-6.35
4.29
9.46
5.94
6.6
1.63
5.37
11.87
15.05
14.63
10.56
2.64
-2.05
7.04
1.15
10.45
14.42
13.51
14.35
13.93
12.72
15.8
14.27
6.44
0.21
-0.94
10.82
9.78
4.09
4.74
6.73
10.29
13.06
13.39
10.16
11.89
13.33
10.73
7.56
9.67
6.58
-0.59
-0.44
0.71
2.44
-3.29
8.24
5.12
0.27
3.6
9.39
7.66
6.73
17
17.81
15.11
9.48
7.51
11.32
10.75
11.66
17.37
18.81
14.25
9.85
9.39
12.05
5.38
4.16
9.53
14.23
12.57
-7.1
7.95
7.27
-2.63
2.73
5.58
8.19
7.48
3.24
-3.18
-1.53
3.83
13.22
12.47
-1.11
3.28
7.9
4.97
5.31
14.19
14.72
7.81
7.53
9.93
8.37
13.53
10.46
-14.24
-4.18
9.99
14.48
11.24
-13.2
7.61
9.85
7.17
9.41
5.18
1.87
0.55
-17.3
3.62
9.06
9.97
9.51
11.53
9.91
5.22
4.32
5.71
9.5
9.47
10.68
4.16
0.97
9.26
10.41
7.97
10.87
11.33
12.45
15.33
14.86
9.77
7.16
10.5
12.03
11.03
8.81
11.87
15.91
16.43
15.11
15.62
15.42
8.71
-4.79
0.57
3.45
11.08
9.57
12.98
11.49
11.54
11.28
6
1.58
3.05
6.55
2.07
4.65
5.35
-5.36
7.62
1.04
7.59
4.56
4.14
0.12
12.53
11.17
1.84
11.74
10.09
10.38
8.76
-0.34
4.03
4.92
8.24
11.61
6.16
2.16
10.09
12.12
9.82
9.31
11.85
7.46
1.3
-7.2
-1.57
-0.66
8.5
12.74
11.13
5.68
2.62
9.71
9.92
7.24
3.17
-2.21
6.95
12.04
9.22
10.78
12.54
13.74
15
12.4
-2
8.25
9.21
9.45
14.04
14.08
11.42
10.36
12.7
11.11
0.6
2.87
-1.16
7.77
3.88
10.6
13.88
13.44
10.46
4.06
-4.06
5.65
6.23
3.57
0.71
2.04
1.5
7.9
11.52
8.95
9
10.59
10.46
12.87
16.64
17.52
15.22
10.44
1.56
6.5
9.76
11.97
13.48
7.2
9.22
8.16
6.12
2.89
-2.96
5.76
9.35
0.66
8.5
7.47
1.66
4.77
-0.83
6.38
10.94
9.81
1.68
6.91
4.68
4.41
11.29
10.65
0.68
7.11
10.7
13.85
12.72
-9.53
10.23
11.5
1.72
13.28
14.89
10.5
-8.96
12.45
16.93
13.23
6.57
11.73
7.95
6.87
10.41
0.75
12.08
10.39
3.28
6.18
5.31
-2.02
-5.01
-3.02
5.05
1.83
12.77
13.27
11.37
11.15
11.55
12.01
7.48
3.43
6.4
-1.47
7.54
10.12
4.34
1.51
-3.76
8.73
12.45
6.8
4.17
11.08
14.52
14.8
11.18
10.89
-5.69
11.63
12.69
10.4
4.67
15.03
17.36
13.16
15.99
15.33
13.19
13.31
14.29
13.31
12.08
16.67
18.66
12.35
-1.78
7.7
13.1
14.71
11.63
1.27
6.29
11.85
9.98
2.85
-4.88
1.03
6.92
7.79
8.6
10.84
11.69
7.61
12.03
15.72
16.67
11.66
3.08
6.83
4.65
-0.19
-6.56
1.5
4.38
11.24
8.23
9.93
14.87
12.64
11.08
5.77
3.79
4.56
8.47
8
2.13
5.89
10.41
9.96
9.57
3.24
0.35
6.52
12.09
12.14
2.97
3.09
11.96
12.65
11.84
12.37
12.53
15.16
16.24
11.79
-11.47
0.42
4.38
7.6
8.07
7.21
11.87
16.03
14.84
7.39
-0.46
9.22
9.63
10.09
14.78
12.28
10.42
10.25
15.43
18.38
14.62
9.75
9.06
1.1
11.15
8.74
9.81
12.26
14.22
14.24
13.21
8.51
9.55
7.58
11.38
12.1
6.89
9.81
9.64
9.34
8.74
5.94
4.16
7.65
-4.06
9.4
12.47
17.31
18.42
9.36
19.54
18.8
14.87
11.4
5.93
5.07
13.26
17.62
15.29
9.46
8.31
7.92
4.73
11.96
13.79
7.62
-0.35
10.78
12.14
10.35
8.61
3.48
1.61
14.4
15.87
4.14
4.94
9.1
14.59
18.6
16.04
-1.64
9.21
13.99
15.32
12
9.13
7.6
-0.36
6.63
15.29
17.74
15.08
6.79
4.21
6.73
1.4
2.97
0.15
11.57
17.39
15.56
12.52
13.91
13.3
14.61
14.06
1.16
4.54
7.2
10.32
-0.2
-4.59
3.79
10.12
13.94
12.72
7.22
11.37
14.09
12.14
-2.64
6.85
-3.9
6.85
12.56
13.98
10.27
11.12
9.64
-1.42
-4.64
-15.87
2.24
10.15
11.41
11.16
7.81
13.41
10.61
1.87
0.88
7.42
7.07
8.42
10.18
11.64
7.44
3.52
9.89
14.18
13.83
8.43
6.75
-1.3
2.54
7.35
5.34
1.76
10.81
16.8
12.59
12.89
14.38
12.39
12.27
11.39
9.1
14.18
11.19
13.95
10.53
6.29
9.16
13.1
12.38
3.57
11.73
12.82
13.51
13.14
12.43
8.63
-12.21
11.72
13.56
7.53
6.27
3.61
10.34
10.75
-2.15
4.38
3.14
12.06
15.83
15
14.37
14.42
12.01
3.53
2.39
10.32
9.14
-1.56
6.93
8.16
-1.97
4.46
7.31
13.13
10.11
11.09
6.26
6.62
10.45
1.53
12.26
17.24
13.07
-1.47
0.74
10.55
8.54
7.23
4.71
5.84
4.5
12.86
9.86
8.24
8.16
1.08
1.67
9.83
9.14
-1.52
10.01
15.72
17.28
12.89
-13.94
4.42
9.57
11.8
11.87
10.51
6.9
10.32
11.83
20.6
18.94
16.46
20.47
15.13
14.4
19.24
11.36
20.26
20.21
22.11
16.86
12.37
15.67
21.76
19.2
11.24
-9.59
9.47
16.02
26.97
26.27
13.15
18.07
17.54
23.59
26.21
23.63
16.31
8.39
20.69
21.69
16.97
16.58
16.99
11.56
5.84
23.25
26.11
20.01
12.36
21.6
22.54
11.86
7.94
8.36
16.22
14.54
12.93
20.3
16.22
16.21
18.26
7.18
24.37
23.56
22.02
19.1
20.16
21.26
14.96
4.72
13.77
13.35
10.64
13.92
22.46
23.41
-1.41
19.9
18.66
17.05
19.66
25.84
24.24
18.93
14.36
22.79
27.08
25.71
17.04
18.27
21.98
17.56
26.35
24.98
6.85
20.77
13.8
20.23
21.49
25.78
25.86
25.79
24.97
25.15
23.72
19.43
14.06
14.1
18.52
18.96
21.73
22.08
14.88
19.56
22.47
16.23
7.79
15.56
13.04
10.15
6.2
16.34
18.03
4.64
17.35
8.67
14.79
20.88
24
19.8
4.88
18.2
14.16
8.92
15.79
15.16
22.25
25.08
26.42
22.54
1.53
6.04
6.45
23.51
25.65
21.54
15.8
11.31
1.37
14.68
20.59
23.73
23.28
19.66
16.72
28.68
30.14
29.11
25.69
23.7
24.57
23.61
14.54
16.13
17.85
14.61
19.23
25.85
26.14
21.76
14.31
18.05
21.06
-7.58
19.49
23.28
24.17
17.41
25.5
26.75
24.48
22.24
21.12
25
25.59
24.84
18.91
19.86
21.7
-3.55
20.94
17.95
18.24
17.82
21.11
26.19
25.67
16.48
26.79
25.19
16.23
23.82
19.6
-2.3
4.7
19.33
25.61
24.7
23.79
26.7
24.44
7.7
15.68
16.34
25.55
24.57
20.02
19.03
20.4
13.32
25.45
27.15
27.73
26.03
26.12
27.68
21.89
19.47
24.8
25.5
18.62
23.55
21.05
16.65
24.07
23.6
20.43
18.13
26.82
29.98
26.47
18.89
14.37
15.75
11.24
13.25
15.45
7.66
4.63
11.88
16.24
16.72
17.44
14.39
16.85
18.4
15.96
19.75
22.55
24.35
19.25
16.21
18.84
21.37
19.99
16.91
23.28
18.52
14.42
18.14
25.96
27.81
25.67
17.74
14.17
17.94
21.19
25.99
22.49
13.96
12.13
17.35
16.63
0.83
18.52
19.31
14.44
18.77
20.92
15.17
7.63
13.34
20.48
25.98
24.23
18.97
13.35
9.68
13.66
15.46
14.13
3.98
12.24
13.5
26.46
28.32
26.5
24.87
13.96
21.49
18.03
17.95
21.41
15.39
8.37
21.25
19.24
-17.09
11.65
12.66
13.24
25.12
27.63
24.46
19.75
6.08
15.93
20.05
20.81
20.04
16.21
3.84
8.1
2.03
14.26
12.16
7.62
5.7
14.19
12.27
11.64
18.68
19.04
7.78
15.42
17.28
8.46
12
10.95
-0.42
16.52
14.44
9.77
17.36
15.15
19.35
20.63
16.89
11.23
10.03
18.76
16.37
13.99
21.23
17.48
3.11
13.18
14.72
16.28
13.2
3.92
8.33
14.3
20.06
17.03
8.65
8.76
6.9
11.39
15.62
9.65
10.78
13.68
15.13
14.98
8.46
-2.27
9.82
5.26
3.06
9.69
-10.35
9.79
11.63
9.18
3.83
10.67
10.82
5.64
2.62
11.03
15.31
15.29
18.8
18.12
14.1
14.44
15.48
15.14
7.12
21.35
25.58
21.21
21.42
25.4
20.7
20.22
24.3
17.17
21.91
14.59
17.04
23.79
24.68
19.22
26.9
25.95
13.14
21.39
22.75
24.67
23.99
17.08
24.36
26.4
24.22
22.44
21.81
19.72
2.63
15.05
15.65
27.09
28.23
24.03
26.74
23.59
8.63
0.45
14.69
18.18
9.1
21.26
22.35
26.27
26.13
20.18
11.62
10.22
16.17
16.59
15.48
19.42
24.92
27.44
23.97
25.03
26.18
21.04
17.86
24.15
22.72
13.52
18.24
21.87
20.67
20.98
21.98
22.68
23.95
22.93
18.54
22.57
29.48
25.38
12.3
21.32
19.98
20.05
22.03
17.76
19.89
24.26
23.48
28.58
26.21
23.64
19.17
16.03
19.6
14.16
18.51
23.67
21.91
16.72
20.88
25.41
26.14
27.62
28.4
24.98
17.34
23.82
27.83
26.61
23.84
24.41
25.61
21.52
28.21
30.63
29
27.01
14.36
18.21
20.38
22.69
20.7
16.43
26.78
27.63
19.52
22.65
22.71
10.92
17.42
11.77
18.47
20.61
21.14
23
21.38
23.24
23.7
18.21
21.22
21.73
16.18
17.89
20.52
24.35
26.64
26.6
23.09
18.67
15.35
22.15
16.15
16.98
21.2
19.04
15.82
14.96
22.87
23.76
22.87
26.92
24.02
9.85
23.57
23.86
22.94
17.21
18.78
17.69
17.95
23.18
19.39
3.31
13.31
24.8
28.8
25.89
5.83
24.96
26.25
19.28
22.43
25.48
22.29
12.29
22.08
20.5
21.85
25.73
27.9
28.23
22.16
23.28
25.83
19.4
17.66
22.74
13.02
22.29
21.13
8.81
12.82
22.06
26.81
28.95
25.86
4.07
14.75
19.69
24.68
20.73
21.43
25.41
26.39
24.56
17.22
22.32
25.03
19.61
16.89
22.41
16.56
10.23
-4.62
18.5
21.66
24.41
26.71
20.17
22.75
26.8
24.18
15.08
14.99
24.65
26.4
20.27
20.77
21.71
9.02
18.89
21.72
20.86
19.19
21.63
24.21
15.76
19.41
25.25
23.77
15.81
16.9
18.37
20.08
26.32
28.65
27.19
18.48
21.56
25.79
23.44
21.55
21.01
17.89
16.77
17.49
17.14
14.55
20.85
24.11
18.27
13.26
14.2
16.12
13.02
17.2
21.48
10.06
25.2
25.9
16.07
14.46
16.63
15.77
11.6
15.84
14.42
-18.88
-0.42
13.45
12.99
16.2
10.01
15.71
16.3
14.69
16.56
20.32
18.27
21.54
20.29
11.57
18.63
14.95
6.52
19.53
21.96
15.31
22.14
21.22
0.29
21.25
22.71
15.82
17.2
18.67
18.17
16.62
19.52
17.95
12.73
14.18
22.63
25.04
24
23.64
18.44
4.17
13.04
16.58
13.78
18.13
22.69
11.63
20.82
19.9
21.06
22.17
22.23
17.05
20.62
18.23
14.23
16.16
12.97
12.82
10.5
8.72
11.03
14.41
16.37
13.57
10.64
15.92
15.23
18.38
13.75
19.96
20.01
14.95
20.19
21.41
21.45
20.03
15.49
14.98
8.1
10.91
17.93
20.43
20.43
21.83
20.77
13.84
24.87
22.62
17.9
21.4
18.63
17.45
18.88
20.62
19.95
21.49
18.2
15.78
20.1
16.88
16.03
17.1
15.09
18.19
14.64
19.74
17.31
5.54
10.96
19.38
23.34
24.85
24.24
18.47
21.76
19.25
19.06
27.53
27.38
18.51
15.38
19.88
15.35
18.05
7.39
21.82
21.94
15.8
19.74
19.17
17.86
14.58
15.77
20.61
26.45
28.71
24.27
21.46
20.93
11.75
16.35
22.16
20.89
12.63
22.69
21.71
1.04
19.83
15.62
0
7.09
18.95
25.83
22.64
18.88
17.59
11.98
14.01
17.23
16.91
18.92
18.74
16.26
22.97
22.96
20.75
15.59
18.59
22.35
19.12
19.29
23.5
19.83
13.15
16.55
16.25
13.44
12.28
21.9
25.57
21.04
13.32
22.41
22.96
22.73
20.9
23.81
24.96
19.97
20.44
22.91
19.69
15.66
21.74
16.92
25.46
23.85
15.63
14.93
23.95
25.56
23.93
25.39
23.7
12.88
15.84
11.13
5.43
10.61
12.34
16.01
23.15
25.47
17.2
24.07
25.57
19.5
17.81
13.08
13.2
19.93
19.12
23.8
23.85
20.68
22.29
23.64
19.34
20.49
11.74
18.71
10.43
22.46
22.65
12.32
13.63
24.77
27.1
22.29
12.62
9.83
11.33
22.14
22.32
20.78
17.72
29.58
34.79
31.12
22.52
-15.24
18.9
22.35
25.67
26.68
26.53
29.42
30.91
25.56
8.01
19.95
20.08
17.04
17.79
13.42
23.15
33.21
34.91
27.94
11.48
25.66
30.02
24.84
23.11
27.28
23.62
13.83
20.1
28.56
29.76
26.37
20.84
6.91
17.46
12.57
5.67
17.58
19.47
22.62
25.55
24.66
18.78
23.92
39.55
43.95
39.04
20.82
17.57
18.57
18.19
14.45
9.39
15.71
3.56
12.97
21.43
25.96
24.86
20.91
20.69
23.12
24.91
24.14
19.95
16.05
4.15
17.56
23.99
26.65
24.24
33.07
43.95
44.14
35.21
26.13
22.71
14
24.61
23.84
8.94
23.02
23.19
18.83
17.52
22.22
27.62
25.67
21.19
20.99
18.63
8.19
14.02
18.03
22.63
21.56
19.15
24.29
25.93
22.51
18.61
23.22
27.34
30.99
30.23
28.06
27.59
25.97
21.38
-13.42
15.97
9.67
17.82
25.96
25.29
23.85
31.66
31.59
25.87
17.46
17.67
19.11
16.88
33.62
42.72
42.86
33.55
18.72
17.54
16.51
12.33
22.96
24.63
8.03
26.62
33.18
30.04
20.64
18.33
18.08
20.18
26.18
28.14
25.55
20.27
15.62
13.55
21.63
21.3
13.23
16.21
28.42
42.34
47.5
43.11
23.12
23.85
25.94
23.95
20.26
25.36
23.66
23.19
13.19
20.32
16.73
11.5
21.58
25.31
27.65
28.03
19.96
17.72
18.57
15.46
5.62
13.84
17.6
18.95
20.33
20.08
18.82
15.69
18.99
22.57
25.3
19.34
3.83
13.13
20.3
23.89
24.79
21.84
26.58
28.8
27.76
26.91
21.28
21.24
23.48
11.27
26.12
27.67
28.85
43.71
47.77
42.79
24.67
12.68
15.71
17.65
19.1
21.88
26.56
23.72
13.64
3.38
18.69
20.67
19.68
22.06
25.68
26.18
22.5
16.61
21.78
21.46
22.76
20.93
9.32
19.86
23.62
21.54
18.64
21.21
23.58
25.89
27.07
29.1
30.52
27.45
22.2
20.73
5.72
15.48
19.06
20.45
20.26
12.26
27.08
30.59
28.6
22.61
24.5
28.24
26.64
21.8
19.72
22.92
25.53
24.07
22.03
21.8
14.25
15.99
8.48
13.24
24.08
25.76
18.63
14.56
17.68
26.37
26.6
8.94
26.65
39.28
46.32
44.76
31.38
26
23.48
9.97
24.14
26.28
23.85
9.93
30.75
34.63
29.54
13.7
22.59
28.31
27.51
29.68
39.05
39.88
31.17
10.51
2.74
16.77
15.82
5.01
13.24
17.2
19.83
24.28
33.44
36.98
31.94
8.26
27.86
29.44
27.42
25.81
21.11
16.08
30.42
33.39
32.23
28.65
20.65
20.44
23.27
20.23
18.35
27.61
27.99
27.15
23.9
23.33
21.25
22.61
23.19
16.15
18.66
22.57
25.04
11.72
26.56
29.38
26.72
20.18
24.26
30.12
27.38
24.65
30.38
30.07
24.8
17.72
24.4
23.7
24.65
35.06
46.39
49.74
43.59
24.84
29.24
25.1
16.44
22.1
27.45
30.71
45.53
47.55
40.62
26.33
26.97
30.51
27.87
24.7
32.11
31.5
23.71
26.3
27.54
28.78
29.71
29.32
28.34
24.37
27.65
27.55
23.13
18.97
11.02
24.9
24.97
19.38
25.58
28.19
28.38
19.82
22.34
28.37
29.6
28.55
26.71
27.7
29.22
29.22
12.67
29.05
27.52
24.78
25.07
21.74
31.78
32.55
31.15
28.21
23.52
11.22
26.78
30.97
32.33
23.61
31.65
36.89
34.45
28.27
23.24
20.95
29.75
33.3
33.02
29.67
24.31
23.35
30.72
31.09
22.82
7.5
22.71
26.01
28.42
31.43
33.01
29.61
29.4
32.44
28.06
14.17
25.01
17.81
21.28
26.9
27.78
24.62
17.94
30.37
32.99
32.91
31.65
26.08
24.69
27.88
29.75
30.91
30.19
28.02
28.41
29.42
28.54
23.37
23.28
28.98
30.92
28.09
24.46
24.8
25.38
31.12
29.56
25.41
34.61
32.9
25.35
26.71
29.1
26.95
21.08
15.44
25.03
21.88
24.24
34.91
37.27
34.25
26.25
17.67
27.49
27.31
14.85
22.87
27.75
28.42
24.76
30.66
33.04
27.21
19.71
26.22
22.7
23.62
19.85
18.38
24.58
22.74
3.91
24.75
23.86
23.92
27.78
26.9
27.8
22.64
25.7
31.24
28.63
17.66
19.94
27.99
29.53
26.7
24.8
24.42
21.72
28
30.63
30.74
30
24.43
24.9
32.49
31.96
24.95
20.51
22.5
27.08
28.58
27.87
22.28
19.87
25.94
28.26
31.58
30.73
12.47
27.55
30.06
29.24
23.86
3.4
21.49
26.35
27.87
25.99
21.67
8.57
25.1
28.17
25.3
2.15
23.87
29.03
29.24
23.19
22.89
20.23
17.75
20.27
24.33
25.38
22.89
6.62
21.97
28.05
28.19
23.31
18.97
23.43
25.59
19.35
19.73
5.94
18.73
20.49
28.76
27.58
23.81
20.26
19.03
22.86
16.41
24.76
27.47
26.62
26.23
26.1
27.42
25.95
21.58
13.59
21.79
18.85
11.42
17.38
17.57
19.94
20.47
20.89
16.44
0.26
21.15
26.46
26.76
24.32
23.12
28.39
27.58
20.62
9.45
21.17
21.03
10.87
23.86
24.38
18.07
16.58
6.44
7.65
24.37
25.39
15.14
13.12
18.3
14.21
19.05
23.61
23.99
18.75
15.93
21.17
21.66
19.49
22.37
24.43
20.91
16.06
24.65
19.96
13.1
23.78
26.66
26.91
21.22
6.53
18.27
19.24
7.05
18.56
18.21
27.2
26.88
21.67
24.8
29.98
30.53
29.69
27.91
23.62
18.04
23.5
28.83
31.07
30.49
28.36
26.01
17.58
23.29
26.64
29.92
28.93
26.19
25.7
23.68
24.33
29.38
33.64
33.58
31.23
28.95
25.57
26.46
26.4
24.83
23.65
25.78
25.97
23.28
15.05
24.68
27.35
26.89
24.25
22.44
30.32
32.4
31.45
28.86
26.48
29.55
30.56
33.37
33.12
28.56
17.31
21.09
13.69
13.97
25.49
29.18
28.05
25.43
22.51
23.83
28.29
30.54
31.85
28.12
20.68
25.81
25.54
26.07
29.99
31.12
28.89
23.28
24.59
27.62
35.13
38.47
36.03
27.69
17.07
23.2
27.65
28.47
29.63
30.69
27.33
21.38
20.73
17.76
17.53
26.32
29.92
26.74
26.29
27.17
20.5
19.34
25.26
27.58
24.55
24.25
29.27
29.1
25.07
17.3
21.32
24.34
26.64
26.85
24.52
24.85
30.09
27.47
18.83
23.85
24.45
26.22
27.85
26.72
20.46
24.03
27.76
21.95
21.55
26.71
26.61
22.57
19.77
28.08
31.54
31.43
27.09
22.57
27.23
25.18
20.39
28.41
28.76
25.06
21.07
24.53
26.64
26.58
24.5
19.47
24.22
28.65
27.68
18.1
19.02
22.7
19.88
18.09
16.73
16.93
19.74
15.93
21.27
23.98
17.72
18.77
26.99
28.46
24.43
22.9
23.71
21.62
21.11
19.14
18.08
20.37
21.33
19.36
2.51
16.05
20.26
27.38
28
17.4
14.39
15.28
20
16.38
17.87
19.79
18.46
26.42
27.68
25.66
27.52
26.59
20.02
14.33
20.69
22.98
23.87
17.03
15.54
9.89
-0.17
14.6
15.36
20.98
21.36
23.29
8.6
25.03
26.18
22.82
24.21
20.13
16.43
18.88
15.98
26.85
26.57
13.82
15.79
16.81
22.56
22.49
14.47
17.59
12.73
4.58
19.44
23.85
20.2
14
4.24
14.69
17.02
7.4
19.55
10.71
15.07
14.43
22.32
18.35
16.93
17.65
19.26
21.92
12.13
16.33
17.65
21.97
25.38
20.51
12.58
17.29
21.11
23.91
19.08
16.33
19.63
18.07
8.64
16.09
11.69
9.5
18.35
18.1
21.29
24.07
24.62
12.83
23.07
25.43
24.59
23.8
18.44
7.63
5.57
12.13
11.54
20.41
23.95
26.15
25.61
23.79
17.77
15.37
17.62
17.13
14.02
13.55
16.57
15.43
17.84
22.32
21.03
15.36
19.82
22.02
19.64
17.98
19.62
22.85
21.26
0.01
18.01
11.47
8.05
8.86
16.71
13.67
17.37
21
15.87
21.33
20.77
16.36
19.15
18.35
11.6
20.24
23.77
23.46
23.44
24.8
20.47
-5.51
16.73
17.21
16.28
10.47
5.73
9.79
17.66
25.35
23.75
20.88
25.67
20.04
18.01
19.82
15.23
19.25
16.68
9.2
17.28
23.05
19.17
19.54
27.68
25.97
27.61
27.56
22.08
18.14
10.07
-0.85
-2.67
5.83
14.72
20.42
22.26
23.07
23.99
21.92
16.24
17.37
10.5
14.3
6.3
5.67
6.4
15.91
17.45
20.61
19.47
17.66
16.16
18.34
17.11
18.49
18.25
13.12
16.77
22.59
23.47
21.87
20.47
19.82
19.16
-5.26
17.75
20.42
21.85
20.54
13.93
9.44
5.53
16.41
21.65
21.32
10.82
16.25
15.61
17.41
16.44
15.44
20.42
21.49
23.57
25.38
23.13
16.82
20.53
20.27
13.87
7.84
20.42
21
18.86
19.05
20.46
23.48
20.46
-1.06
16.48
19.93
20.86
12.06
6.84
16.86
21.09
21.56
25.7
27.68
24.02
19.95
20.99
17.49
2.9
10.48
17.64
24.55
27.52
27.33
22.3
18.29
22.19
20.22
22.96
21.77
21.74
23.43
23.87
20.79
13.54
15.47
15.89
18.81
15.16
13.93
4.27
19.64
21.61
16.32
0.5
11.46
8.95
18.13
19.69
18.69
19.11
20.31
19.35
13.15
7.93
12.65
20.2
20.48
15.52
16.32
15.18
18.76
17.55
21.75
21.25
18.02
22.87
22.72
19.32
13.58
-3.37
15.06
17.68
19.94
16.59
16.89
23.78
23.41
23.54
25.21
25.04
17.09
15.54
7.46
17.25
18.02
17.23
18.08
13.27
19.26
23.86
23.86
22.85
21.22
20.86
18.11
19.27
20.52
16.69
11.42
13
20.21
22.02
15.7
13.1
7.74
20.82
19.66
-6.43
12.47
-0.09
16.61
21.81
19.91
13.71
17.84
26.9
28.87
24.2
18.6
18.94
17.35
15.99
21.72
18.97
32.82
37.33
31.86
18.8
23.29
24.54
22.65
21.43
21.38
14.66
11.4
16.15
22.53
24.9
17.37
18.34
19.74
16.28
23.8
15.3
16.78
18.08
13.76
14.29
17.26
20.32
19.42
15.67
21.84
23.07
19.38
11.27
13.06
16.1
19.78
20.43
23.75
24.49
21.31
1.98
10.34
16.16
18.77
-8.7
9.48
3.67
8.57
4.85
8.52
9.06
7.08
18.59
20.18
10.86
20.92
21.31
11.7
18.78
14.34
8.04
14.57
16.21
18.13
22.25
24.99
25.49
22.18
21.11
20.74
15.27
5.95
15.54
19.57
-7.13
16.51
-6.29
19.87
23.61
19.34
19.64
20.91
21.78
19.53
17.98
13.69
14.06
13.37
13.88
18.74
18.66
16.82
24.27
21.35
11.04
18.47
19.07
20.37
3.55
17.05
13.48
13.25
18.64
17.44
6.53
17.79
25.6
21.86
18.89
21.94
16.22
12.93
9.61
8.1
12.72
7.92
6.82
15.95
18.46
15.43
19.74
21.74
19.89
17.5
8.16
7.8
9.64
15.91
17.8
20.13
20.35
19.24
15.41
10.15
14.32
19.84
19.24
11.89
10.89
8.79
6.67
11.69
15.78
18.17
12.15
0.05
17.86
17.6
9.52
16.74
16.65
2.34
17.3
22.8
22.91
21.87
22.13
21.38
19.11
16.07
18.36
20.33
23.69
22.04
15.88
14.57
17.47
7.85
14.66
11.74
11.78
17.63
19.38
19.01
14.01
17.65
21.99
21.28
15.26
11.57
14.48
20.61
22.18
20.12
12.09
13.69
16.9
17.03
10.88
16.26
23.14
23.09
18.48
15.18
21.64
21.84
15.74
11.97
19.95
15.72
7.47
8.83
10.21
17.36
21.85
22.13
21.46
21.09
17.95
10.96
21.63
23.84
20.64
21.33
16.82
11
19.77
17.55
11.09
-1.39
17.49
18.49
14.9
14.9
17.42
17.12
16.47
17.74
18.38
15.01
16.96
15.67
9.97
8.28
22.3
25.11
21.51
15.25
6.61
7.18
13.61
16.91
16.7
19.42
23.67
22.22
18.33
21.54
19.83
9.51
17.63
14.77
16.37
19.89
20.92
18.86
14.71
16.47
16.13
13.37
15.63
18.27
18.9
19.06
12.32
2.29
15.16
20.13
21.63
22.75
22.04
18.85
14.14
4.81
11.08
19.21
22.06
16.55
15.85
17.73
4.03
15.65
16.65
14.75
16.49
15.04
9.69
11.37
16.79
15.78
9.69
9.29
13.13
15.77
15.12
11.27
18.97
17.51
15.55
19.44
20.48
16.98
5.28
3.79
10.48
14.76
17.62
15.75
6.44
10.81
9.8
9.15
14.09
15.56
10.21
14.12
18.58
20.49
15.24
13.11
13.16
16.11
12.53
10.79
7.14
7.31
16.52
14.69
8.68
7.24
12.97
12.54
13.85
11.53
14.13
19.85
20.94
14.06
-3.67
6.9
18.28
20.65
17.94
14.07
14.99
9.81
13.31
18.27
14.74
11.16
11.35
18.94
17.83
11
12.24
15.09
21.32
20.33
17.21
17.86
15.83
12.93
18.69
19.03
12.39
7.53
7.77
12.18
16.19
15.52
12.75
17.23
11.88
6.55
-1.46
13.79
19.71
18.97
16.97
13.21
6.26
10.69
8.93
13.28
9.06
11.04
15.89
14.61
19.82
20.6
18.41
16.08
10.41
17.16
20.08
20.88
20.51
19.14
17.06
8.6
14.06
17.13
6.41
7.9
12.71
13.15
6.98
14.46
14.78
14.52
13.79
12.11
12.32
14.63
14.33
7.94
16.95
-3.31
18.83
16.14
1.5
0.06
2.77
4.65
9.94
15.16
10.05
6.84
16.38
17.36
11.25
15.38
8.74
15.13
18.06
16.24
-4.75
15.97
16.74
15.02
13.22
4.85
10.47
15.8
17.18
18.95
22.5
22.27
17.87
12.79
20
20.11
19.65
14.15
1.66
14.81
12.36
15.72
21.95
21.05
8.03
12.07
10.68
9.96
12.81
9.52
6.37
15.48
19.03
16.56
14.3
15.25
16.62
17.55
13.37
2.97
13.89
12.2
18.73
20.71
19.51
5.32
14.36
15.92
14.88
17.49
13.83
12.43
16.19
10.95
11.1
16.96
16.69
10.02
12.03
17.74
16.05
15.78
11.93
12.37
14.69
13.61
1.92
13.91
15.71
12.74
8.16
7.21
13.23
-11.78
14.8
12.9
-12.65
14.03
16.01
18.15
17.61
8.37
15.81
15.76
10.52
14.1
19.89
16.39
5.25
10.4
13.53
12.09
8.3
20.35
22.08
17.42
0.43
12.1
10.49
3.36
20.25
22.99
20.66
18.09
13.47
22.91
22.75
20.84
18.51
17.84
21.82
21.16
21.05
21.18
19.43
18.57
15.51
11.23
10.23
12.59
16.96
15.1
14.36
10
12.39
7.93
1.13
14.15
17.46
16.34
14.81
14.86
14.74
22.35
25.12
23.79
15.52
15.92
18.44
16.67
17.61
15.2
15.9
17.96
16.17
9.07
15.21
16.49
15.54
4.4
6.77
13.93
20.69
19.95
7.66
13.2
-0.26
17.62
16.11
11.5
16.56
15.28
17.93
19.66
18.4
13
19.02
19.06
6.89
18.56
22.08
18.21
12.22
4.52
18.62
22.47
19.33
16.83
20.01
21.18
17.89
3.67
21.12
21.9
16.81
3.49
8.75
10.26
17.58
18.72
12.78
17.42
18.87
3.86
16.32
14.81
15.77
9.77
15.28
19.75
20.73
18.46
12.52
8.58
10.03
17.55
14.89
7.58
19.93
21.4
18.6
10.98
6.03
9.35
1.38
15.33
16.6
7.66
15.33
19.33
20.73
18.62
13.93
13.01
15.57
18.88
21.88
22.65
21.96
20.33
19.22
10.46
15.94
21.1
22.05
18.2
7.68
16.32
17.37
14.19
5.09
8.73
19.04
20.62
20.94
20.88
12.94
6.16
14.89
17.27
21.04
20.96
19.63
17.08
15.94
9.91
14.88
18.3
19.44
17.87
8.98
7.45
12.81
16.55
18.16
16.11
12.45
19.41
19.12
15.95
15.27
16.72
22.31
21.6
8.42
20.52
20.79
17.11
15.92
16.73
14.56
12.93
15.62
14.72
6.18
3.18
12.69
16.66
15.29
16.92
13.17
-4.95
10.59
15.02
9.16
14.25
13.95
11.68
14.42
14.88
16.5
17.72
18.81
18.02
17.95
12.83
12.78
19.4
20.11
17.32
13.72
15.48
15.2
13.85
5.62
8.75
0.35
12.47
11.95
11.1
16.58
20.71
18.2
12.47
10.96
14.64
13.72
18.44
19.02
13.52
19.16
24.02
22.77
13.69
9.22
14.92
18.92
15.66
-0.41
13.42
13.44
11.7
15.14
16.73
19.87
19.6
11.53
8.77
19.01
23.38
18.83
7.69
4.11
15.29
16.91
14.8
12.08
2.27
2.83
-10.97
12.88
18.62
21.02
18.22
-1.32
8.17
15.17
18.38
21.71
20.04
16.96
15.18
12.73
19.99
23.57
20.41
16.15
21.48
18.91
14.95
15.16
8.98
13.41
11.12
15.93
18.78
14.36
9.97
10.34
11.69
17.37
17.17
13.48
15.34
17.04
17.34
19.47
19.13
20.45
23.7
24.78
23.12
17.11
5.88
8.08
14.44
17.74
17.68
17.54
16.33
22.55
22.12
16.69
11.78
13.63
9.26
12.79
17.24
13.26
10.91
13.38
18.01
19.25
17.36
20.6
23.05
20.14
9.59
9.5
7.2
12.84
14.34
10.06
18.42
21.16
13.24
18.19
22.96
22.95
22.56
18.03
13.79
18.58
16.13
2.8
14.07
21.62
20.55
13.89
14.34
9.99
17.02
20.21
11.79
11.42
6.66
15.52
23.54
23.87
20.59
13.36
3.18
12.2
18.75
18.79
7.51
0.09
12.89
10.86
20.35
21.99
13.67
11.85
11.13
17.95
21.56
18.1
0.76
8.03
9.72
17.09
17.34
14.8
16.39
14
11.49
4.52
18.4
16.92
17.8
8.25
10.85
3.41
14.89
21.73
21.18
16.95
7.39
0.79
14.77
15.95
9.96
12.7
19.13
18.35
15.36
16.4
14.08
13.43
16.48
20.48
18.15
12.69
19.61
14.48
11.05
16.74
22.55
23.97
18.76
5.27
3.32
10.17
15.94
19.55
15.65
5.48
14.03
12.8
10.43
13.8
11.94
13.09
21.25
21.6
16.52
15.16
19.62
18.14
14.98
14.22
16.27
14.25
13.86
15.64
11.2
13.98
18.36
20.09
19.69
16.25
17.99
15.98
5.3
17.33
17.16
13.2
9.6
9.51
10.88
17.11
17.16
12.33
15.63
18.69
15.48
7.52
11.75
18.25
15.29
9.87
11.25
15.14
8.78
12.92
13.86
12.18
6.16
9.36
13.8
14.58
13.01
16.51
19.43
20.1
19.64
17.76
13.94
13.19
18.56
19.11
12.37
11.9
15.21
17.44
18.53
17
9.7
17.22
22.75
23.09
20.24
21.88
22.03
19.13
18.38
16.29
6.78
18.27
17.1
11.51
12.42
12.79
11.07
17.36
17.22
6.42
13.76
13.21
15.52
11.24
9.45
8.19
15.07
9.23
14.08
20.98
20.14
10.66
7.38
15.13
13.71
6.18
7.51
6.87
10.68
7.31
6.8
12.83
13.46
6.91
10.11
11.32
16.83
19.75
20.79
20.97
17.83
-1.32
14.33
12.82
10.79
13.74
18.98
20.64
22.08
21.76
17.07
2.85
13.81
13.37
18.61
18.63
12.98
15.18
16.88
15.36
10.43
8.57
12.66
9.39
2.95
1.52
9.29
9.87
7.93
16
17.75
15.39
7.1
1.89
9.17
11.97
12.98
5.42
6.89
16.56
17.74
17.26
16.4
10.63
-1.96
4.03
9.84
13.31
18.35
21.73
22.6
20.12
5.42
9.86
6.3
9.06
12.46
6.4
11.11
10.01
1.43
15.46
18.97
18.06
13.01
10.33
12.85
14.87
9.94
16.63
16.99
13.17
16.3
20.58
22.68
23.05
19.52
16.2
14.06
9.72
2.75
11.16
15.81
12.6
2.09
-1.85
17.24
21.21
19.67
15.85
14.97
17.14
18.8
13.62
2.27
10.32
17.01
17.97
15.09
14.78
15.43
17.99
18.86
15.88
15.77
14.33
10.24
2.21
1.35
10.51
15.33
12.49
10.43
14.33
14.6
18.25
20.92
19.69
11.68
13.3
13
4.81
-6.17
-3.71
11.77
14.08
13.73
15.65
6.33
16.71
15.07
4.61
9.26
4.67
-4.41
13.41
14.29
9.78
8.03
13.34
9.24
5.19
9.87
12.08
5.14
16.65
15.37
11.79
13.53
17.93
19.08
5.47
18.45
20.54
19.5
20.26
16.68
-5.73
12.59
11.77
3.23
17.08
18.99
12.22
10.55
17.85
19.61
17.11
2.12
16.91
13.96
9.91
10.32
7.94
9.53
-0.55
-4.34
5.68
16.54
19.9
17.24
10.17
5.95
2.85
7.19
17.69
19.39
13.97
11.33
14.34
13.65
13.26
12.86
6.82
17.43
18.46
20.42
18.91
7.82
8.82
16.86
21.36
18.03
14.8
12.22
17.74
12.09
11.73
17.73
12.91
7.46
4.68
6.79
11.73
15.38
18.08
19.89
20
16.77
18.44
19.95
12.7
10.48
11.74
7.51
9.14
13.96
17.22
20.49
17.65
14.25
9.53
11.17
14.98
13.61
8.16
10.11
12.27
14.5
14.02
16.19
19.72
20.42
16.55
11.22
21.84
22.89
17.65
5.95
12.36
17.62
19.06
16.57
13.98
16.04
18.34
16.63
17.33
21.63
21.06
15.49
8.38
8.82
16.67
14.21
-1.19
9.6
12.36
10.01
20.68
23.24
20.8
14.41
17.02
17.31
17.39
16.23
15.13
15.59
14.45
18.2
15.01
13.21
15.6
8.71
11.7
11.68
11.98
11.59
11.45
15.38
15.64
4.03
21.2
21.82
15.83
16.25
14.49
7.75
16.2
21.51
20.79
16.74
12.8
11.86
12.39
12.36
16.89
10.04
6.16
7.37
9.32
9.93
14.31
19.28
19.11
13.75
18.18
19.09
13.68
14.55
17.08
17.41
21.67
22.98
22.06
20.39
16.25
10.63
13.66
5.33
11.84
10.09
13.6
20.24
21.94
22.56
18.73
7.54
9.98
1.28
10.59
3.55
7.81
15.81
19.31
17.85
15.82
6.04
11.05
13.16
12.56
13.18
7.63
11.81
17.02
14.92
14.51
17.29
14.89
16.19
16.9
12.03
10.15
10.19
0.15
7.92
16.57
18.93
16.42
16.61
18.44
14.85
-1.2
4.45
12.91
17.67
14.82
13.67
12.34
1.3
3.74
-4.48
12.98
11.57
8.25
14.03
14.23
-3.82
3.04
10.38
5.73
9.3
8.94
13.92
14.19
12.8
10.91
9.88
10.89
-14.97
13.33
18.65
19.06
15.23
12.84
13.99
10.91
10.02
14.34
9.38
9.91
11.45
11.54
12.57
2.47
10.06
16.41
14.24
11.84
15.77
16.65
15.28
5.01
8.51
-6.27
5.45
5.64
2.19
9.53
13.41
13.89
7.04
-4
9.02
6.94
1.65
7.05
10.76
11.92
13.91
10.86
10.92
14.7
12.34
9.41
1.08
13.38
16.07
15.29
14.67
19.81
22.99
21.03
13.04
15.7
12.68
11.16
5.35
2.14
6.32
17.38
19.35
15.05
5.96
7.01
7.38
6.56
2.78
14.21
16.07
15.62
14.3
11.32
6.84
11.64
15.39
17.53
12.78
8.32
12.12
14.51
8.96
12.66
9.06
8.84
12.3
1.83
13
17.23
14.1
8.47
15.89
13.72
11.36
16.7
17.07
10.95
6.25
8.25
-0.28
1.72
8.8
9.56
10.19
8.74
9.47
9.32
13.99
11.45
9.45
14.53
16.19
10.77
10.63
7.75
10.12
14.75
14.55
10.82
12.53
12.64
7.3
12.28
12.86
10.73
1.22
15.11
19.44
18.51
12.09
6.65
-0.8
-10.36
6.56
13.4
8.82
11.24
16.98
10.48
15.89
19.5
14.64
8.18
13.92
13.74
-13.84
11.01
13.25
7.6
4.22
7.27
9.8
7.29
2.19
10.56
12.57
1.1
14
-4.39
17.37
14.42
5.4
8.85
6.68
10.16
7.99
14.75
14.34
7.93
14.96
11.45
10.18
0.95
-1.53
9.18
12.41
13.64
5.41
13.72
17.71
12.45
2.23
5.55
5.53
9.64
14.88
13.11
14.02
11.98
0.43
11.78
18.01
12.95
4.93
6.02
13.33
16.39
15.35
13.28
14.61
14.38
14.32
13.87
13.58
6.88
17.37
17.48
8.05
16.58
13.74
2.2
4.21
11.49
16.59
14.73
11.02
13.22
7.5
0.93
9.45
16.8
20.2
19.86
7.08
16.18
16.03
9.89
11.92
14.73
10.43
11.96
16.33
12.43
7.27
13.48
13.56
17.09
19.08
16.9
9.89
16.98
12.89
7.59
-8.45
15.35
19.58
17.12
0.17
16.28
17.05
13.41
13.39
9.05
8.11
12.73
12.23
10.38
6.32
-4.7
12.59
11.51
8.82
13.11
4.64
9.56
3.52
13.5
13.26
5.5
8.11
11.69
14.93
13.75
5.95
6.7
13.56
11.26
6.34
3.51
10.21
-4.5
13.86
17.21
12.71
13.54
17.38
14.72
9.64
-5.32
4.99
7.5
8.83
9.12
8.36
13.58
15.42
14.67
11.88
7.99
12.2
16.56
11.72
7.54
10.61
10.3
3.92
-3.67
3.71
1.62
15.2
17.2
10.75
6.72
3.76
11.01
3.96
11.24
-6.67
9.57
15.84
11.14
6.84
10.87
13.33
10.29
16.18
15.93
0.2
12.38
14.04
-10.41
11.35
12.17
13.44
11.72
7.91
13.08
12.64
9.09
-6.16
10.84
11.49
8.31
3.04
7.53
5.36
9.04
15.24
14.59
8.12
11.33
17.86
14.6
1.06
3.56
12.02
17.43
14.75
9.46
11.1
10.72
11.32
7.93
11.61
12.76
15.99
17.39
16.59
14.55
4.16
8.2
3.31
16.16
18.08
16.97
10.31
13.29
15.14
12.94
11.44
13.37
8.07
7.74
15.7
14.21
1.56
4.18
4.43
15.09
16.77
13.4
13.2
16.75
17.76
15.69
10
8.63
6.65
6.11
15.53
14.73
8.57
9.27
4.58
12.19
11.09
10.71
12.32
17.56
17.58
18.13
16.84
17.25
17.38
15.16
15.81
14.41
9.95
10.75
11.54
14.68
16.74
17.69
17.66
5.46
16.15
19.98
19.14
14.27
9.08
9.7
10.63
12.06
18.5
19.09
18.23
13.35
6.82
6.32
8.16
13.36
11.38
12.18
14.55
9.01
7.72
7.4
11.59
11.62
6.65
12.25
4.05
14.81
15.96
7.84
10.58
15.5
11.98
-2.44
9.31
9.42
11.02
14.71
5.81
11.28
10.46
9.76
8.18
17.89
21.03
20.31
13.17
-6.5
1.96
10.93
9.76
0.25
6.08
12.02
15.47
4.98
11.75
6.74
9.09
5.23
7.55
-0.24
8.67
10.01
10.24
10.2
2.02
-9.47
-4.47
5.25
13.98
11.52
7.92
6.29
7.58
14.38
16.15
11.25
0.41
9.71
16.19
19.63
20.04
14.85
11.96
10.33
6.65
3.33
3.21
10.93
16.54
18.72
14.5
5.49
6.56
15.89
18.67
14.45
1.38
10.46
11.78
-0.9
15.92
13.61
9.35
10.24
9.83
6.92
1.26
7.46
-2.6
9.86
10.84
5.97
4.59
6.77
-1.44
2.07
5.2
2.57
14.58
13.18
10.99
17.08
14.94
6.44
13.65
15.4
14.75
9.1
8.47
6.93
14.09
16.69
13.41
15.31
14.48
14.14
10.3
11.16
16.41
14.27
10.35
14.73
16.37
16.18
15.65
15.67
13.12
15.02
17.04
13.35
8.66
9.15
0
16.09
15.97
6.19
2.99
11.59
14.16
13.16
14.1
13.62
9.36
8.66
7.11
9.82
8.18
10.1
8.66
6.15
17.5
17.8
13.83
14.73
15.27
11.05
9.98
15.71
18.22
18.65
17.93
15.84
15.55
12.54
-6.25
11.39
12.87
6.16
2.76
3.79
14.94
19.26
17.96
15.32
14.64
18.06
16.7
9.29
-5.9
3.61
11.59
5.97
4.91
9.27
14.61
17.71
19.1
13.3
13.11
15.22
16.4
18.1
18.55
16.5
13.67
13.81
15.96
17.89
17.78
16.67
18
18.55
14.83
9.19
6.71
-1.33
1.71
13.32
16.83
17.05
15.88
13.08
8.55
10.62
16.82
14.07
13.34
18.19
17.21
15.98
14.5
13.25
14.84
16.87
13.54
10.13
19.31
19.78
16.4
8.87
-6.56
9.32
12.88
9.83
10.06
10.33
3.61
4.63
7.6
9.08
13.22
17.65
19.38
15.55
-0.32
17.11
16.23
5.53
17.55
16.48
14.47
9.45
6.44
9.27
13.16
13.9
12.52
8.04
9.61
16.61
19.05
15.83
15.55
18.16
15.43
8.23
9.96
2.41
12.87
19.26
19.18
13.49
9.25
16.24
18.04
10.67
9.39
13.9
17.59
18.19
12.92
4.93
12.82
5.08
6.86
10.89
10.89
6.32
12.88
16.86
13.35
5.1
13.22
11.1
8.63
10.88
10.21
12.66
14.65
11.62
2.78
12.27
15.02
14.67
8.09
4.83
9.7
8.27
9.9
14.26
17.15
18.73
13.11
13.87
17.08
12.37
12.27
9.27
7.5
13.97
14.06
10.33
7.38
13.92
12.42
8.97
0.76
11.26
14.12
7.45
9.16
13.36
14.84
14.2
9.42
10.14
3.85
4.8
14.36
14.26
7.73
6.98
13.69
6.96
11.18
11.06
7.39
14.25
14.36
20.39
19.01
7.34
2.13
1.85
10.65
11.95
0.31
10.47
11.69
12.14
14.44
-9.97
10.33
2.14
13.24
14.97
6.44
0.81
14.35
13.69
12.13
10.6
12.23
14.12
8.01
7.84
7.57
13.37
17.76
10.81
7.94
-0.31
8.68
9
11.78
9.22
10.4
15.5
11.9
13.79
16.9
13.4
9.8
8.52
8.08
12.63
16.95
18.78
19.01
17.8
11.74
7.11
15.82
16.18
14.96
14.76
11.85
18.78
19.29
14.53
10.06
12.19
16.48
17.31
13.04
12.97
15.76
13.07
9.83
6.44
11.2
18.29
18.06
16.62
17.48
15.69
11.18
15.55
15.15
7.5
11.58
14.59
15.1
15.09
12.68
9.61
1.72
9.85
14.55
12.31
9.14
9.34
16.62
18.79
17.17
14.12
15.71
8.69
7.95
4.49
12.77
1.43
12.61
11.64
14.01
-3.25
12.54
15.54
10.01
10.21
16.25
14.21
-1.29
10.47
4.08
12.07
8.31
10.41
11.35
0.67
-3.76
14.61
16.24
14.07
13.23
12.74
8.36
11.04
5.17
-0.94
9.56
8.15
17.2
17.75
4.1
12.93
17.39
12.36
-1.71
-0.13
13.25
15.19
1.15
15.21
15.7
7.38
10.48
12.83
13.03
5.18
12.55
11.85
10.26
10.33
9.43
13.16
11.31
14
16.23
12.33
2.98
10.35
16.63
15.87
13.77
12.28
7.53
4.07
8.31
9.3
17.25
14.52
13.9
11.79
0.78
9.38
16.35
18.66
17.41
12.78
12.44
14.73
11.98
2.71
10.2
8.12
11.66
9.69
11.39
18.24
20.71
18.75
11.27
5.14
6.34
7.31
5
10.32
9.12
9.11
15.2
15.09
13.16
13.79
15.18
14.4
13.15
11.55
7.35
7.74
10.49
5.02
6.65
7.74
-0.61
12.64
13.4
12.02
8.47
-3.51
9.46
7.8
4.9
10.38
14.21
15.37
12.88
7.75
6.24
8.97
-15.04
9.76
16.32
11.62
14.38
16.94
12.92
13.29
14.26
11.04
9.49
12.67
13.9
13.27
10.15
13.08
15.5
18.39
16.47
9.78
5.32
-0.37
2.37
8.34
14.32
11.22
2.35
11.15
17.17
15.53
10.73
1.95
9.54
10.74
9.17
-3.33
11.73
16.26
6.44
12.52
16.06
12.71
2.79
11.12
13.76
12.96
15.45
16
13.65
15.25
15.76
13
8.1
6.66
15.6
17.33
10.81
10.53
5.08
8.83
16.7
16.77
15.7
15.42
11.36
13
10.79
0.32
12.08
15.66
15.64
12.38
-4.06
9.72
17.43
16.19
6.06
1.23
11.76
11.24
9.19
11.51
6.54
10.79
5.57
1.65
6.06
-6.92
7.82
-3.65
13.13
10.14
11.98
7.87
9.01
10.48
-0.48
11.33
13.18
5.85
11.76
9.59
9.96
13.1
6.85
0.85
9.2
13.69
17.23
16.25
11.16
0.55
0.1
-1.42
2.7
6.96
-5.59
13.31
18.36
17.32
13.43
13.5
10.55
-6.99
-1.94
3.31
13.28
16.35
14.73
6.63
11.71
4.52
0.46
11.42
13.43
10.51
9.39
7.8
8.36
6.76
12.03
11.73
7.04
9.24
3.58
14.71
15.56
16.64
14.81
10.91
6.35
4.13
8.84
8.8
10.13
16.18
18.23
14.11
5.72
13.15
7.46
1.68
11.36
12.42
11.65
12.57
15.98
15.99
9.95
13.12
13.85
13.63
7.4
9.59
10.67
5.4
11.42
13.78
9.56
12.67
11.15
10.96
16.83
18.72
15.35
11
2.15
-1.23
14.37
16.8
12.26
-9.39
11.75
13.2
14.52
13.39
12.24
15.99
17.21
14.12
5.53
8.26
10.92
11.78
12.65
10.56
9.49
16.08
13.21
9.25
11.27
18.85
17.71
11.58
-2.23
11.94
15.67
12.28
7.28
5.07
12.3
9.64
7.06
7.66
15.07
18.74
20.07
17.84
4.26
15.74
18.67
17.25
7.75
8.7
4.68
6.37
13.35
11.6
7
8.82
11.47
11.6
2.82
8.74
16.47
15.95
10.88
10.81
15.41
18.42
19.5
16.67
11.86
13.83
5.29
14.68
15.79
12.41
16.01
15.36
10.22
3.79
8.4
12.79
11.58
10.15
11.03
9.57
4.29
6.95
15.9
14.99
4.05
10.47
10.75
5.39
5.29
6.82
6.09
9.69
15.75
17.22
15.63
14.67
13.42
7.2
12.11
10.31
13.81
12.35
14.39
14.4
13.95
13.06
12.02
13.27
15.58
12.78
10.66
17.33
13.58
3.56
9.71
15.06
8.02
11.95
14.69
9.11
9.47
13.05
8.83
5.82
11.85
14.15
14.05
8.95
2.87
3.58
-1.64
10.94
12.75
11.81
10.94
3.89
11.78
14.21
11.2
10.7
9.81
9.3
9.06
10.73
7.37
6.03
13.9
11.19
3.29
-0.82
5.13
-1.87
3.21
8.17
-3.04
7.88
9.63
13.24
12.84
3.47
5.32
9.3
10.74
9.15
16.85
16.96
12.73
6.35
10.3
7.57
14.31
9.35
1.89
-3.54
2.92
13.11
13.14
-0.62
3.89
9.05
-0.88
11.98
6.3
5.72
12.45
11.44
13.96
15.88
14.27
8.5
11.16
14.46
4.68
10.36
7.09
-1.18
8.89
13.33
15.21
12.99
9.27
2.24
3.39
6.84
11.86
5.91
1.48
14.45
16.67
11.85
10.21
14.59
15.87
11.48
5.33
16.23
16.2
10.68
10.88
14.01
14.99
12.76
11.92
11.43
8.59
5.42
14.66
18.59
13.62
7.09
8.76
-8.7
11.94
12.3
9.03
13.38
12.27
3.83
-6.79
1.61
6.09
6.72
7.73
2.52
9.82
4.12
7.4
15.69
-6.34
18.6
18.87
12.72
10.61
11
14.56
17.33
18.24
11.57
12.15
15.68
2.54
9
4.55
-2.31
5.5
6.9
2.11
-3.08
10.88
18.36
22.06
20.11
6.31
17.87
19.68
13.71
6.98
3.73
9.68
14.83
13.09
4.06
11.18
15.85
15.6
13.42
7.77
7.22
4.42
10.48
10.16
9.18
8.74
13.02
11.72
5.09
-3.59
12.57
12.19
12.31
17
17.83
14.58
-1.15
2.49
11.51
14.06
8.54
4.85
2.07
12.36
15.76
13.5
10.73
13.35
15.85
14.27
14.52
15.69
18.28
20.82
19.17
13.58
7.78
-16.28
0.53
0.41
1.43
-0.3
9.38
4.29
11.86
11.82
12.9
10.63
13.37
17.06
