12.27
11.32
10.92
14.71
11.65
-8.9
-14.84
7.02
9.45
9.53
5.56
-1.56
-0.29
12.21
17.41
13.56
-16.26
5.73
3.67
2.59
10.57
11.82
10.03
14.19
15.3
12.26
7.49
10.78
13.03
7.77
-0.53
4.63
3.33
-0.1
3.11
-2.03
11.05
15.53
13.46
0.6
6.51
9.22
10.05
6.6
1.67
-4.37
-0.29
6.18
6.03
1.46
11.08
12.59
5.96
0.17
11.28
12.85
6.35
2.29
13.05
14.81
7.06
6.27
13.7
13.67
13.39
14.66
4.06
10.89
10.03
8.49
15.28
15.33
7.44
7.45
7.82
12.15
14.73
14.12
10.76
0.04
2.72
11.95
14.03
13.48
12.8
10.96
8.03
10.27
10.12
2.23
9.65
11.44
8.13
10.96
12.11
11.06
7.94
4.74
-14.29
-5.5
4.95
11.89
12.09
11.35
13.89
17.91
16.89
10.18
9.63
14.33
15.01
13.73
10.11
11.09
15.89
15.67
14.01
13.58
14.63
9.23
8.03
10.95
14.21
12.43
0.46
9.31
13.23
15.31
14.18
9.39
6.67
9.07
11.21
15.82
16.26
12.45
-1.72
12.08
16.48
16.88
14.97
11.39
11.61
7.05
8.75
13.4
5.01
12.04
14.4
9.36
4.45
-0.14
8.68
8.17
0.46
5.66
12.53
13.48
8.43
11.87
16.3
16.8
9
13.95
17.31
16.73
16.34
15.87
14.96
15.01
12.34
-1.29
7.44
-0.61
9.13
5.75
5.32
4.11
-9.1
8.83
3.3
5.32
5.17
7.54
7.17
2.94
3.4
-12.1
-2.22
-3.74
7.4
13.67
15.33
14.36
13.63
12.03
8.8
9.99
11.9
7.74
14.55
11.76
8.66
11.83
15.41
18.03
17.8
14.94
8.49
-5.86
0.44
7.45
3.04
4.15
6.34
3.8
13.14
13.18
8.12
4.48
10.61
12.28
3.43
6.6
4.94
2.83
11.49
6.87
4.02
1.61
6.23
14.05
15.31
16.19
17.28
16.3
16.33
14.97
5.07
15.61
16.87
14.3
10.79
12.26
11.81
6.2
-4.27
6.59
12.4
8.9
7.63
14.4
16.84
13.63
1.37
1.02
-1.81
4.98
4.84
4.84
11.67
13.49
12.98
5.25
8.35
14.17
14.91
14.51
13.27
7.17
-2.23
6.18
9.68
7.36
9.35
10.23
10.15
15.94
14.82
7.54
3.39
4.21
10.93
10.01
12.67
15.65
14.6
14.7
13.96
14.28
16.89
15.65
4.44
13.33
18.47
18.06
12.62
12.62
15.32
14.71
11.41
5.46
-8.3
8.76
10.84
8.35
8.14
9.2
-5.05
9.91
12.23
7.43
9.04
11.36
7.84
10.44
12.19
15.09
16.08
13.81
6.69
6.1
9
6.88
1.35
-3.88
5.57
4.78
5.2
12.87
13.85
9.64
4.26
2.99
8.71
13.37
11.06
10.81
10.87
7.25
8.75
14.27
14.74
8.56
1.99
11.81
10.55
-4.05
9.43
16.08
11.9
4.06
10.63
6.82
7.58
6.44
5.13
11.6
13.07
9.79
11.33
7.24
4.05
11.53
13.04
11.84
7.95
4.8
11.04
13.03
10.73
10.02
8.49
8.24
9.4
13.43
12.53
1.61
11.2
13.1
13.79
10.77
4.46
3.61
5.86
13.15
15.58
12.69
5.66
4.28
11.84
12.55
10.45
8.84
8.88
7.66
4.8
8.93
3.77
3
6.51
12.94
8.2
1.69
9.92
9.24
0.2
8.21
14.76
13.54
6.39
10.06
8.36
-4.61
5.69
8.03
4.86
6.67
8.11
2.95
9.32
4.4
5.64
11.85
8.94
2.66
6.51
3.25
-2.47
-0.21
-0.79
3
3.85
10.33
12.25
11.32
7.4
3.19
6.95
13.37
13.87
13.62
12.49
-4.63
13.67
18.25
19.3
16.73
9.62
6.77
7.15
12.37
10.87
10.87
11.86
11.09
5.38
0.07
6.57
6.5
9.79
11.05
4.01
8.99
8.74
0.65
-3.79
7.33
12.63
11.81
11.57
9.33
8.07
11.96
10.48
6.83
-4.81
8.47
15.44
14.79
7.45
5.71
-1.15
-10.67
7.68
11.68
6.04
-3.79
0.56
11.86
15.73
16.06
12.21
5.68
7.67
3.53
8.71
-21.01
9.12
13.69
13.19
9.38
12.41
16.4
14.18
12.87
9.49
7.75
8.31
12.5
3.36
10.14
8.94
3.79
4.59
12.33
13.57
6.28
4.73
6.46
6.43
3.66
5.94
4.39
11.09
12.03
10.43
11.72
9.85
-3.97
11.64
17.73
19.82
19.57
17.21
15.51
10.04
-3.35
12.21
12.93
7.55
11.97
8.52
0.03
2.92
5.4
10.36
15.3
16.04
12.63
8.21
1.88
9.27
13.12
10.91
10.1
12.15
9.74
9.12
9.37
6.69
10.11
7.72
6.16
3.43
-5.8
-4.68
3.84
4.79
4.05
6.65
8.97
10.94
11.63
10.5
10.31
5.32
-5.36
9.73
5.83
7.44
7.56
0.23
13.95
16.51
14.56
10.19
-1.19
11.04
14.09
12.15
14.18
14.59
12.98
9.03
9.99
2.54
12.96
19.05
25.6
27.85
23.73
14.91
13.14
6.04
9.52
9.41
12.71
16.28
15.55
10.11
13.99
10.45
4.24
12.33
13.63
13.87
13.17
9.34
-2.96
0.14
12.11
12.46
0.61
4.94
8.68
9.23
13.68
13.34
10.7
10.91
2.56
1.84
6.52
6.14
5.93
7.22
14.26
11.29
10.42
6.13
8.04
9.34
6.59
7.79
4.44
12.72
13.01
5.62
8.87
15.08
14.44
14.71
16.17
13.43
8
-5.13
-8.16
12.3
16.14
14.39
11.82
3.02
-10.64
11.71
17.28
19.03
19.64
20.01
18.55
14.98
9.29
4.83
7.54
5.07
15.18
14.9
2.42
6.21
2.09
3.4
6.37
7.53
4.4
12.48
12.15
1.21
-0.25
10.51
12.11
8.13
3.15
2.76
12.19
12.06
13.67
14.53
13.45
12.17
13.53
14.24
12.48
9.82
8.34
0.05
-4.95
10.85
12.88
13.73
14.44
12.76
7.24
1.89
1.75
-1.24
4.85
-5.43
2.61
5.71
0.92
7.07
13.15
11.34
0.27
3.89
10.62
10.61
5.99
7.64
8.99
11.98
13.46
13.22
7.38
-1.78
-2.17
1.37
9.8
12.71
13.7
11.45
7.21
10.44
9.53
7.66
10.5
6.84
3.33
11.78
14.99
14.87
13.77
9.72
15.39
16.14
12.96
7
-1.97
12.9
16.88
17.14
14.7
5.34
3.45
7.78
10.94
11.04
10.83
9.33
1.84
-0.23
-3.6
0.1
-0.91
-8.87
0.83
9.74
12.78
5.96
2.76
7
10.4
12.2
11.24
10.69
14.84
14.89
11.25
12.48
9.29
8.77
12.34
11.93
6.94
5.2
7.08
-0.36
5.63
14.11
14.17
8.93
4.09
17.63
19.88
19.87
22.58
23.88
20.96
19.29
15.75
22.13
23.07
22.99
24.34
22.1
15.57
8.42
16.28
16.76
9.85
14.68
12.57
23.75
25.64
23.79
20.54
18.89
24.05
22.04
14.46
21.58
24.63
23.38
19.1
14.37
17.52
21.68
19.44
17.35
9.93
22.04
21.04
9.53
16.63
12.13
21.22
24.49
21.66
18.22
23.89
26.49
23.09
22.27
26.16
22.42
22.07
25.73
27.18
25.37
22.36
16.58
18.36
19.03
15.09
20.09
21.41
20.12
22.82
22.03
21.31
19.83
17.76
22.87
22.84
18.49
17.36
16.95
13.43
22.28
24.06
15.83
18.94
21.65
18.44
21.64
25.34
19.38
20.53
14.45
14.81
20.12
24.29
24.78
20.25
20.6
13.25
23.5
27.25
26.63
20.5
11.18
12.35
2.21
19.99
23.1
19.98
18.41
20.9
20.52
12.42
14.04
15.85
21.38
22.85
20.57
20.33
15.87
4.49
12.05
1.79
21.02
26.3
24.99
26.23
24.96
17.06
19.39
16.46
11.82
15.37
22.87
26.57
23.27
11.24
9.97
25.44
30.36
27.2
20.8
17.24
15.51
20
20.66
20.15
19.5
14.32
11.47
7.9
10.77
22.55
22.72
9.63
16.15
11.83
21.92
23.97
22.94
13.57
15.08
15.29
23.03
11.23
15.38
13.5
8.1
22.04
26.25
25.01
20.21
20.07
20.01
19.72
21.51
14.51
18.4
25.31
26.39
23.28
22.61
24.71
20.89
17.18
22.25
24.34
26.95
26.42
21.42
21.21
29.29
31.75
25.41
17.71
22.64
19.61
5
18.96
23.41
21.79
11.84
24.72
28.77
27
9.52
19.47
21.26
25.82
28.47
25.56
17.63
16.58
19.24
21.36
19.65
2.56
17.63
23.53
27.71
19.37
15.31
8.28
12.93
13.18
13.31
20.45
21.2
22.3
22.95
15.85
7.82
14.82
22.24
26.85
27.77
25.87
23.24
17.33
12.02
22.27
23.66
15.69
18.16
18.89
15.15
15.37
12.53
14.73
13.24
11.28
18.27
17.74
15.39
24.14
27
20.76
6.31
10.58
18.27
13.05
15.2
22.15
21.03
21.89
26.38
26.6
20.81
10.8
21.18
20.33
11.71
21.32
23.62
20.45
18.45
21.05
18.65
12.26
13.27
7.84
17.83
20.3
19.84
15.89
17.26
17.02
8.12
22.44
25.38
17.61
17.8
16.67
17.15
19.3
20.41
18.07
15.12
10.34
21.53
17.45
18.92
16.45
16.32
24.64
25.78
16.79
14.76
19.71
21.77
21.24
19.9
20.07
20.33
21.11
22.62
18.87
19.36
26.95
25.62
8.58
12.93
7.78
15.62
12.7
2.88
13.97
12.98
13.92
14.16
16.54
16.42
20.77
19.66
8.56
12.62
17.08
10.61
13.63
12.14
8.03
-8.67
10.75
11.77
-4.17
10.94
16.97
21.19
18.94
9.98
18.48
20.23
12.42
9.09
15.26
10.55
17.42
23.21
22.68
15.52
10.12
12.98
10.34
9.2
0.27
13.26
11.67
9.47
10.39
-3.65
14.13
15.26
11.31
6.4
-25.16
2.11
10.48
13.49
14.54
11.59
9.93
11.07
13.9
6.82
11.05
9.53
4.43
13.36
13.65
12.35
11.19
10.16
10.92
6.69
10.71
4.63
10.29
9.83
13.5
14.88
8.14
6.01
11.94
1.27
13.63
8.06
15.94
17.7
8.46
18.78
15.23
14.69
14.8
10.28
8.58
18.93
16.3
14.93
8.52
17.37
21
21.1
18.19
13.56
17.88
12.91
7.16
19.44
23.77
20.16
19.38
16.96
13.88
17.34
8.18
14.31
17.76
8.41
19.11
24.29
21.74
15.87
19.32
21.7
21.01
17
3.17
7.83
14.71
19.17
15.54
18.91
22.98
16.33
21.03
23.24
23.82
27.96
27.96
22.32
19.64
18.36
19.2
21.95
16.45
22.23
24.09
21.74
21.53
21.81
19.62
19.84
21.74
17.08
5.4
9.95
18.09
23.41
24.66
19.64
12.61
17.21
25.17
23.7
20.89
23.85
21.4
23.64
21.56
-13.46
17.51
21.43
16.7
18.62
22.02
19.52
20.42
25.92
28.19
22.48
11.57
21.16
19.53
15.3
13.78
13.48
11.79
21.2
28.79
27.41
13.68
22.96
25.7
18.79
22.68
25.46
24.09
21.88
13.62
22.92
7.65
19.13
15.13
13.86
22.88
26.25
25.44
19.17
20.09
10.43
15.94
17.81
19.79
17.21
18.02
17.64
12.26
16.1
17.23
12.03
17.46
21.95
21.3
19.43
17.5
15.3
18.4
23.55
18.19
19.37
21.01
10.54
6.1
17.96
17.99
17.35
18.1
15.72
13.87
16.53
9.13
20.76
24.49
21.29
21.03
19.38
19.18
18.13
17.57
11.93
16.61
21.06
20.65
22.1
21.55
19.33
24.1
26.38
25.84
19.59
11.19
18.23
19.57
23.24
20.52
13.29
19.71
23.63
25.34
22.81
18.36
18.5
20.28
18.76
18.43
18.05
19.42
18.99
18.49
22.2
29.13
30.61
27.12
23
20.35
8.81
15.78
17.44
10.44
12.14
1.6
20.66
20.44
16.68
15.91
21.63
25.46
25.16
24.89
25.72
23.75
14.7
18.26
21.15
15.65
19.71
22.44
21.75
20.23
16.96
18.67
22.35
22.24
12.62
11.94
10.41
14.79
19.13
25.67
26.02
18.29
12.4
15.37
14.08
17.07
20.18
14.37
16.58
14.68
13.99
18.52
20.28
21.67
21.89
22.54
24.83
27.12
23.73
24.8
24.78
24.01
25.85
21.69
20.95
22.27
22.06
21.89
21.65
18.89
24.07
25.24
21
10.98
7.5
8.9
12.51
12.51
19.75
22.72
24.36
25.21
22.14
17.21
14.79
14.7
16.76
23.8
25.46
20.67
20.21
18.79
13.64
16.11
9.71
18.23
19.19
19.74
23.09
17.2
15.27
22.28
23.49
18.82
18.78
20.49
17.84
11.66
18.05
20.41
19.92
19.6
17.78
13.85
20.69
15.65
15.04
18.14
9.69
13.8
20.26
19.27
12.43
12.16
14.4
15.7
16.78
1.89
23.07
23.82
20.28
20.06
19.9
9.88
19.55
15.13
15.12
23.17
22.53
20.19
22.12
19.23
12
18.26
21.3
21.2
16.84
2.7
17.13
14.38
2.35
10.51
18.22
17.35
20.04
16.67
9.13
14.48
16.15
12.58
14.39
10.6
16.31
16.17
10.86
15.67
-4.24
9.03
14.59
14.05
21.18
18.12
14.69
21.65
10.95
17.54
19.36
14.62
15.57
11.46
9.61
-0.69
14.44
20.31
20.21
14.72
13.04
4.81
14.36
12.68
6.23
12
15.47
15.87
20.13
21.9
12.47
13.37
11.77
8.62
11.82
9.89
16.34
17.16
15.93
12.08
12.11
19.04
24.11
23.96
19.42
18.51
16.85
10.94
14.26
14.21
22.94
23.69
21.67
19.62
14.65
10.19
5.28
8.16
21.6
23.86
21.36
21.02
20.12
18.81
12.84
13.09
17.91
22.48
21.91
19.07
21.81
19.21
20.42
24.75
20.08
20.39
26.27
21.59
13.36
16.03
3.41
13.57
20.64
17.96
13.84
20.71
20.69
22.07
21.17
25.24
27.6
27.12
21.78
9.99
12.52
15.5
18.32
19.87
17.89
8.09
7.85
9.72
12.24
10
6.92
11.8
4.67
16.39
25.71
26.16
20.5
22.86
22.32
22.29
24
24.66
22.42
18.14
13.04
14.4
17.36
20.54
15.29
-0.83
-1.15
12.78
18.94
20.87
21.51
17.54
20.16
18.8
8.88
18.24
21.29
22.13
21.77
17.12
12.52
18.1
11.34
13.57
21.73
22.61
19.08
13.65
11.68
-2.62
6.91
13.54
-0.83
20.16
18.54
19.26
21.94
19.5
19.43
21.7
20.17
19.08
19.99
14.41
15.26
17.29
16.64
16.96
16.45
15.24
8.4
4.15
12.66
28.55
33.65
30.97
24.74
25.88
22.56
7.87
24.88
26.35
25.12
22.31
14.59
19.04
24.41
25.87
26.98
25.01
22.57
23
21.61
14.64
23.68
25.51
21.62
16.85
28.84
28.09
18.31
15.16
19.54
7.96
12.63
1.42
15.01
13.57
19.44
24.51
23.28
20.03
20.74
20.53
19.92
26.33
27.02
28.92
35.43
35.03
18.86
24.4
17.73
14.03
18.84
17.2
18.89
25.31
27.09
22.78
11.67
21.08
22.61
17.23
22.05
21.69
20.58
20.24
-1.3
20.66
22.28
26.53
23.59
17.28
10.38
16.4
26.96
41.01
45.1
39.68
20.53
24.91
21.99
21.29
21.57
17.4
16.6
22.51
25.07
23.13
21.96
25.26
25.65
14.13
22.48
20.51
13.45
18.91
21.35
19.96
1.84
14.84
12.36
20.96
3.11
24.96
26.85
19.48
16.23
20.53
23.22
21.83
21.05
17.9
11.97
20.26
20.16
19.78
20.33
25.72
29.83
28.94
24.94
23.34
18.41
12.32
19.62
20.72
23.77
39.56
41.73
33.85
10.87
11.94
13.84
11.14
8.36
14.44
15.81
8.56
21.13
28.02
30.76
24.05
20.24
18.42
16.88
20.11
18.34
18.81
20.86
23.17
23.37
21.54
22.91
23.41
21.59
21.93
25.33
35.08
42.94
40.56
31.31
21.88
15.93
24.36
27.15
28.66
25.94
21.97
24.28
22.39
13.9
17.45
22.38
18.78
16.12
18.46
18.43
19.4
19.16
15.78
20.16
19.59
17.95
21.43
20.05
19.65
19.58
17.28
21.14
22.44
16.09
-3.06
11.45
21.33
21.34
18.02
21.64
23.76
21.56
18.1
18.4
19.2
22.38
26.7
22.35
16.36
13.17
18.42
24.95
38.34
42.93
38.87
27.13
18.28
19.61
25.2
21.28
20.43
11.11
13.13
17.6
26.04
22.32
10.26
0.3
18.55
19.97
14.41
15.11
19.72
13.41
17.33
22.81
24.28
25.35
24.41
20.62
24.39
25.06
23.6
20.68
11.08
22.98
24.72
25.07
22.05
17.22
21.12
17.43
-1.63
7.7
15.55
20.88
-0.18
21.48
3.08
17.42
20.49
23.73
23.4
16.69
7.31
7.05
20.09
24.07
24.89
24.42
28.52
30.87
19.9
3.27
18.54
18.28
21.03
22.82
20.26
17.76
21.36
23.14
22.63
24.44
36.83
40.8
35.26
19.07
15.99
19.91
20.31
13.63
23.57
27.16
31.53
34.83
30.17
9.99
23.36
27.99
22.74
30.25
39.02
39.09
30.91
23.8
25.85
25.83
23.68
23.94
12.24
23.66
20.98
23.49
32.96
34.07
27.48
24.21
22.31
19.14
23.56
26.62
25.86
26.5
31.73
32.07
24.1
16.63
19.57
20.62
10.13
22.04
14.63
18.24
23.12
23.38
26.25
26.4
19.75
10.38
17.61
18.55
18.61
16.5
23.05
28.78
29.97
23.24
14.63
24.45
26.87
25.07
20.72
26.61
28.31
27.64
29.08
31.65
27.2
10.95
23.18
39.33
48.7
49.12
40.89
22.29
3.47
15.67
24.83
21.26
14.07
38.43
47.24
46.74
36.4
26.68
26.85
16.86
23.85
20.08
17.68
21.24
20.6
29.7
32.15
31.65
28.49
23.46
12.77
17.43
21.81
21.95
25.77
25.78
26.54
23.53
23.42
26.63
21.96
20.37
22.2
22.49
25.57
25.64
25.58
15.33
17.67
21.22
22.35
20.17
28.44
29
28.85
27.46
24.05
24.58
24.15
20.61
26.05
23.42
29.48
26.61
26.03
27.78
23.19
17.68
26.46
21.69
16.4
22.79
20.88
18.75
26.1
19.16
21.04
23.19
20.62
16.84
14.25
17.18
18.89
17.78
26.62
26.36
13.37
24.29
27.97
25.16
18.87
17.75
14.53
21.63
18.65
26.96
28.2
28.96
26.86
23.54
22.87
24.11
17
21.69
22.96
28.38
29.94
28.89
25.23
9.96
29.48
31.89
30.94
26.45
13.97
9.58
21.4
27.61
29.03
25.13
20.47
17.16
17.96
30.74
32.27
30.9
29.93
25.84
18.17
17.32
17.17
17.78
21.1
27.8
28.76
27.15
23.73
18.48
18.04
24.66
24.51
27.3
28.02
24.02
14.63
13.35
13.71
19.99
17
25.06
25.51
20.01
23.37
9.01
17.14
14.98
19.06
25.23
21.06
16.84
21.37
16.94
22.67
26.56
23.43
16.39
23.83
26.55
25.68
22.56
15.59
23.15
27.35
25.66
22.6
20.54
21.22
20.59
7.67
14.99
18.31
28.55
26.36
17.34
27.65
28.94
24.95
19.5
21.33
26.18
25.87
21.95
19.3
11.89
12.86
17.97
28.71
28.72
22.72
14.63
19.33
14.92
16.74
18.38
27.31
25.07
-0.27
10.13
19.64
21.98
24.31
19.69
24.98
26.68
16.91
22.15
23.74
20.97
25.73
28.26
21.43
18.73
18.64
9.16
21.62
22.33
24.13
24.51
20.94
15.05
19.14
22.72
17.67
22.16
26.09
24.04
24.03
14.88
15.12
17.3
8.75
14.12
21.68
20.53
16.99
20.6
21.8
25.07
26.77
20.31
20.08
18.11
11.47
11.3
10.55
21.46
15.57
21.18
26.05
22.37
18.76
21.4
18.87
8.54
10.55
20.55
25.06
25.97
23.87
17.42
13.5
13.02
17.69
12.78
8.37
22.98
25.33
24.56
18.24
16.57
21.91
19.05
22.89
23.91
16.59
20.77
12.01
18.56
18.84
16.42
17.81
14.17
22.25
22.19
14.76
21.53
12.64
18.57
15.77
20.61
22.54
14.92
15.93
16.05
17.7
20.98
1.79
18.58
16.59
8.93
8.79
19.03
18.23
8.01
28.38
32.22
29.64
26.58
17.34
23.22
23.49
20.89
18.5
21.64
21.45
16.45
28.19
28.36
18.79
28.83
27.69
15.7
12.92
20.44
22.92
23.77
25.31
16.08
24.32
17.19
24.08
30.3
26.53
23.5
25.79
25.86
20.53
23.44
20.89
22.92
23.56
9.81
20.22
25.69
-0.46
28.91
30.26
23.45
21.08
30.14
30.97
21.59
23.74
25.43
19.96
31.27
31.96
26.56
25.76
25.26
18.29
23.59
18.75
19.97
26.16
29.5
22.56
23.23
23.85
25.79
32.6
31.78
23.76
18.66
16.33
22.84
26.55
15.14
23.61
28.06
28.05
10.55
32.28
35.39
28.33
28.17
29.1
24.36
8.98
19.17
22.38
25.44
22.69
27.49
30.65
26.17
21.84
27.66
27.1
19.11
24.88
25.95
3.94
23.55
25.95
28.48
29.11
21.83
17.44
14.89
22.52
24.2
15.4
21.49
14.15
27.85
29.7
24.9
25.64
28.08
24.82
13.89
19.7
13.47
19.28
25.61
25.92
24.21
22.92
20.81
26.12
24.54
15.34
23.71
23.18
17.53
18.61
27.66
29.67
23.28
22.88
22.86
20.73
19.51
22.79
24.21
23.6
21.27
24.59
28.62
27.03
20.88
10.47
20.93
25.84
25.86
23.87
20.9
24.92
22.64
26.78
24.6
18.87
20.47
23.27
22.85
22.94
23.97
25.95
29.33
29.44
26.61
9.69
22.89
22.28
14.06
18.25
17.2
16.84
20.14
27.12
26.11
26.16
23.82
18.5
23.16
17.61
16.36
23.53
23.78
24.7
25.94
24.12
17.56
9.9
20.92
22.57
23.22
26.25
26.75
24.51
23.81
22.68
21.32
19.71
12.18
24.05
25.58
23.08
23.96
24.56
21.18
15.5
6.22
4.55
-0.28
12.08
5.25
21.29
24.88
26.94
22.91
25.2
28.61
27.77
24.85
17.85
15.55
13.85
18.86
9.76
17.82
23.22
19.67
19.33
21.08
18.79
20.67
15.93
15.37
19.35
16.65
20.49
20.19
17.41
16.76
15.6
23.24
21.72
16.03
19.21
18.45
18.98
17.03
4.65
14.37
12.33
16.7
11.76
21.71
25.35
19.54
14.63
18.2
25.35
25.03
14.02
12.16
4.2
16.76
17.55
16.73
17.77
11.69
8.89
14.71
21.16
17.42
4.27
15.79
18.54
16.16
18.69
18.05
19.07
18.3
18.86
15.93
19.11
19.06
14.94
-10.04
14.44
15.87
15.27
17.18
18.74
20.4
16.02
21.58
24.4
20.49
15.02
16.85
6.54
16.07
20.6
17.43
12.93
15.44
14.59
12.05
18.76
17.42
6.32
17.62
19.46
10.17
16.25
13.86
14.81
21
20.4
11.22
19.13
19.88
16.46
14.86
16.24
14.65
12.88
21.21
22.39
18.78
4.67
18.68
24.99
27.72
24.96
17.1
21.32
21.85
12.56
19.41
15.75
14.39
17.18
16.87
12.85
17.2
20.37
14.14
8.61
11.25
16.56
15.99
16.77
22.7
21.8
17.39
14.07
18.74
23.58
25.7
25.54
24.43
26.69
24.56
22.5
22.18
17.05
8.2
14.99
16.01
13.4
23.28
23.86
20.09
15.16
13.68
17.16
20.56
-16.46
21.89
23.07
20.08
16.43
3.76
18.12
12.85
18.91
24.65
23.68
19.11
17.6
16.04
17.38
21.8
21.98
19.17
21.32
23.18
21.39
16.66
17.78
16.21
17.86
23.45
18.13
19.71
18.62
3.52
12.39
17.92
19.43
22.69
22.42
17.13
21.81
23.52
11.49
18.96
21.48
21.9
15.67
7.09
11.19
21.23
21.2
20.69
20.94
22.6
20.74
19.85
22.14
20.08
17.72
19.54
24.83
23.18
20.57
16.69
21.85
23.81
16.12
19.19
21.01
19.41
23.57
24.44
20.6
23.52
18.25
20.12
19.01
18.02
17.84
7.59
5.5
14.04
16.52
23.9
16.85
18.38
16.07
14.78
17.39
21.86
23.73
21.06
12.21
15.84
21.19
17.92
15.03
6.99
16.57
19.84
12.06
14.06
9.55
17.8
14.54
19.13
17.92
16.85
17.57
27.03
23.5
16.73
17.98
8.81
16.17
-2.68
19.39
19.78
20.27
17.64
13.82
27.88
28.17
26.7
24.41
-28
22.67
24.75
21.28
21.93
22.6
17.98
16.9
18.35
22.94
21.18
21.73
18.54
16.39
19.93
13.51
16.45
15.57
11.57
10.17
17.17
26.4
26.98
13.8
19.06
17.47
20.4
12.67
5.85
21.89
22.71
19.67
20.92
16.38
15.67
21.49
18.2
8.94
18.87
22.48
22.8
18.03
16.45
18.5
26.51
26.93
31.08
36.74
33.04
24.06
18.04
3.33
14.78
17.71
11.23
15.92
18.97
18.06
22.92
23.05
19.64
15.97
13.51
15.13
10.94
17.67
21.05
17.03
18.2
17.29
19.58
15.42
12.31
19.72
19.57
16.6
19.45
12.37
20.94
20.75
22.01
18.73
15.26
21.01
23.02
23.33
18.85
6.88
18.66
21.67
10.8
19.35
9.18
26.49
25.27
24.14
23.01
8.35
22.7
26.38
23.7
11.07
16.15
18.57
16.5
-1.74
13.37
20.43
24.69
25.48
23.95
17.47
25
22.02
-3.24
16.98
23.59
20.5
17.34
22.1
13.6
21.39
22.52
20.16
9.37
21.91
20.62
12.86
20.66
19.96
11.91
20.26
21.9
21.36
18.08
19.32
23.73
22.13
-0.7
17.67
12.01
14.19
16.18
16.65
8.63
10.57
12.42
9.8
13.62
21.67
19.36
15.7
19.06
15.59
19.65
12.91
21.06
21.61
16.82
15.75
16.74
14.92
18.56
22.44
18.44
13.04
18.97
21.61
17.76
18.79
19.87
21.4
9.7
18.61
17.41
15.99
15.86
14.74
15.95
15.38
21.78
24.06
23.17
19.72
21.37
14.83
4.84
2.36
6.75
3.7
3.3
18.51
23.02
18.91
17.2
22.05
24.94
26.17
24.55
13.58
14.98
15.99
18.61
10.97
18.91
20.57
18.48
15.44
10.24
8.5
18.46
19.23
19.05
13.03
13.8
17.62
13.97
8.72
19.25
21.09
23.58
23.99
17.82
13.57
18.09
15.53
9.06
16.09
20.3
16.69
11.65
17.59
18.78
10.32
11.61
14.29
21.14
25.83
25.31
16.79
17.25
24.03
24.29
21.27
12.74
10.96
14.85
16.51
14.22
19.28
18.69
16.73
13.29
7.12
12.07
11.36
9.18
13.4
14.54
15.39
18.61
16.3
9.84
17.04
14.43
19.07
17.33
14.2
14.88
10.91
15.31
-5.49
16.45
17.2
18.4
18.38
13.49
6.26
-0.84
14.81
18.33
15
14.78
13.62
5.89
6.06
-5.06
12.08
15.02
11.62
15.56
16.36
0.09
16.15
22.42
21.71
18.89
14.3
17.56
13.58
3.27
13.03
16.93
5.39
12.71
9.31
5.85
3.23
13.21
12.1
10.43
18.12
15.22
10.54
-8.47
15.68
19.89
17.48
15.89
16.75
15.92
18.63
11.71
12.54
16.26
10.93
14.89
19.23
13.29
13.16
13.93
15.41
18.59
18.05
16.6
6.42
13.01
16.73
11.93
13.89
14.3
12.67
16.75
17.61
19.54
16.86
9.84
14.26
12.71
-15.32
4.85
9.34
6.49
15.03
16.89
14.47
12.65
4.1
14.35
13.26
17.41
21
21.06
18.8
15.6
13.14
16.03
14.17
10.47
18.64
18.18
14.19
11.44
7.6
9.05
13.82
18.52
15.57
11.94
14.05
13.43
11.7
13.38
12.45
9.85
16.92
19.6
18.84
1.99
20.27
22.88
21.17
15.84
13.79
15.81
9.31
13.64
19.72
18.67
13.05
12.9
11.87
10.29
-1.78
12.43
13.18
16.67
13.97
4.37
11.47
12.88
5
14.97
7.43
13.27
10.43
7.1
15.09
1.07
14.25
17.25
17.41
13.89
8.18
13.05
8.37
8.9
14.62
15.97
18.88
15.47
5.35
13.72
-0.5
11.92
7.35
1.4
8.96
10.77
13.18
11.15
8.42
17.05
15.6
14.3
9.83
8.7
18.3
18.47
10.14
12.45
20.72
22.44
16.29
8.21
12.97
18.31
20.74
22.28
22.73
19.21
13.98
14.71
14.77
-3.51
9.91
12.84
16.86
8.69
9.61
10.29
17.77
15.91
5.23
6.5
12.07
17.66
19.33
17.07
13.83
18.93
14.32
10.92
17.11
18.56
19.35
21.74
17.1
-2.54
12.56
14.99
13.67
11.01
16.27
17.75
21.3
19.06
13.75
21.36
21.53
14.93
16.87
16.77
20.9
22.33
20.86
18.78
17.54
18.62
19.79
19.3
15.81
8.53
7.73
16.46
11.56
14.74
13.5
9.29
4.86
8.28
14.54
14.92
1.26
9.97
11.65
-0.16
10.51
15.52
15.56
19.5
24
23.45
17.4
-7.66
13.18
19.57
17.07
16.42
19.35
10.1
18.98
16.45
7.52
2.04
4.81
16.29
19.41
19.69
19.44
20.86
19.78
15.44
10.75
16.51
9.26
13.55
17.75
17.87
19.84
19.85
19.01
14.14
13.39
17
15.08
15.48
13.29
7.11
4.55
8.19
13.94
15.58
12.44
15.72
13.98
14.33
14.67
10.01
16.44
7.33
12.21
10.19
16.93
14.97
13.93
14.92
16.67
17.98
19.91
22.56
22.47
17.49
6.72
4.84
14.31
9.86
15.33
16.18
17.21
20.28
14.51
6.42
8.16
13.91
12.6
15.72
17.75
15.85
20.89
17.48
14.01
6.37
13.68
16.32
17.05
17.65
13.08
5.83
-3.64
9.53
14.96
13.26
14.52
16.72
15.11
13.17
6.55
-1.85
4.89
16.93
17.92
4.51
11.8
13.82
20
20.14
13.24
10.42
16.93
15.63
16.89
20.58
20.3
15.38
15
16.94
18.76
18.37
16.85
13.29
10.33
18.78
22.15
18.92
17.39
18.8
19.12
20.98
16.81
4.25
11.23
9.36
9.5
17
17.28
16.24
11.25
10.95
12.38
2.93
3.69
10.43
13.4
12.73
9.33
12.75
8.6
1.7
16.25
19.81
15.8
6.58
5.56
8.5
14.57
14.18
5.47
7.43
9.99
8.36
5.83
11.2
12.41
9.9
6.35
11.33
13.86
11.8
10.93
16.64
20.87
18.47
16.53
12.14
15.87
23.76
23.83
21.23
19.33
15.43
15.05
15.68
15.81
14.72
12.91
18.34
17.62
12.8
18.1
21.92
22.91
19.61
13.79
15.33
18.8
19.39
18.23
15.16
3.02
15.23
21.89
25.45
25.35
22.25
22.2
20.58
17.05
19.42
18.81
17.92
17.65
13.57
9.84
17.61
19.69
20.43
20.23
19.84
20.23
23.7
25.62
23.33
16.82
9.13
13.45
18.32
17.61
18.21
9.06
12.75
18.63
18.67
10.36
2.23
6.84
7.81
10.27
15.42
17.14
14.57
-0.71
14.22
14.72
12.65
18.14
20.59
21.43
17.74
12.94
13.63
2.28
15.78
16.17
18.4
21.56
18.42
18.04
16.78
6.71
19.6
16.9
12.51
19.04
18.99
14.91
16.62
20.35
22.29
20.61
15.94
11.94
14.58
20.21
18.9
22.31
23.22
23.43
23.35
21.96
20.54
19.26
19.03
21.16
21.04
16.51
18.5
20.41
20.98
19.64
20.1
22.11
19.19
13.6
17.6
21.44
22.5
16.45
12.61
18.11
20.18
10.96
18.2
21.33
20.58
22.09
24.85
25.15
21.89
11.87
14.82
22.38
22.04
16.42
17.44
15.04
10.04
8.92
10.13
22.67
24.76
18.22
16.59
20.36
19.63
12.9
21.77
20.5
21.62
23.95
21.76
15.92
11.17
4.43
4.37
14.69
20.74
22.93
23.6
21.38
20.17
22.08
20.87
19.38
18.85
19.1
17.05
18.65
20.78
16.86
12.19
12.96
17
22.19
20.75
15.71
20.34
21.82
10.19
18.86
22.6
19.74
12.75
12.81
9.86
14.17
18.34
18.75
11.15
16.28
20.31
20.15
17.6
14.7
18.04
19.77
17.74
13.44
13.81
7.43
18.79
21.92
21.89
18.4
15.86
13.47
10.68
10.34
16.83
18.57
12.22
20.64
21.7
16.08
15.96
20.09
19.72
20.3
19.61
14.28
3.44
11.75
10.25
11.88
17.91
17.87
12.86
10.73
13.08
11.18
13.64
19.65
22.02
20.82
7.37
14.25
14.98
8.44
2.97
15.5
19.17
17.69
13.44
15.66
19.91
13.05
1.23
3.25
3.97
11.91
12.74
19.72
21.46
11.54
13.86
13.12
13.02
9.97
12.43
14.37
18.05
21.2
18.91
-9.93
18.36
19.72
17.95
14.11
6.01
17.38
20.75
18.89
15.71
15.37
-2.37
17.36
21.55
22.42
19.2
15.78
15.72
12.67
-1.8
2.12
6.31
12.34
10.59
12.79
14.83
18.32
22.37
22.24
18.8
9.9
9.51
6.91
10.71
8.42
16.59
17.42
14.78
14.75
16.19
15.12
10.03
7.9
15.98
9.4
6.76
13.95
21.1
21.73
17.66
17.54
19.37
14
12.17
13.65
4.87
8.44
12.66
11.26
4.75
9.7
17.85
20.59
17.29
14
17.11
16.69
16.09
15.93
17.05
17.87
16.16
9.9
7.1
17.09
18.93
17.49
17.05
19.7
20.21
21.45
21.6
12.58
-6.88
12.38
14.1
3.84
18.13
22.01
21.63
18.51
10.2
6.54
16.33
17.11
14.33
8.91
12.03
17.6
15.47
16.32
3.3
15.21
16.09
12.03
10.51
12.64
13.28
14.71
18.71
18.04
12.9
8.12
4.98
10.5
12.99
5.26
11.18
12.81
12.46
13.17
4.8
-1.49
0.67
11.52
15.58
7.01
6.41
11.8
16.47
15.95
8.72
4.38
8.53
10.17
13.17
9.89
-5.11
7.83
16.88
19.68
16.54
15.6
12.54
0.83
6.55
10.56
11.8
15.81
17.4
20.22
22.42
21.69
18.85
11.62
12.29
13.26
14.1
15.2
12.8
16.9
14.17
17.74
21.57
19.15
15.77
18.6
19.71
13.36
3.45
8.23
17.46
18.53
7.13
16.94
19.72
17.84
17.85
13.6
2.75
6.48
13.78
12.35
13.64
14.9
11.77
9.44
12.54
16.66
18.34
16.24
2.84
2.61
9.97
15.18
7.18
16.12
14.85
9.73
8.35
12.65
18.42
17.2
11.78
11.03
15.49
19.94
21.37
17.03
10.83
15.05
17.61
16.42
10.53
5.94
10.56
9.87
0.33
12.44
16.11
17.25
11.68
14.15
15.73
14.37
14.52
17.12
12.68
11
11.73
18.14
22.28
20.84
19.73
18.8
13.51
-11.01
12.43
10.75
10.59
12.75
5.94
14.1
8.18
7.93
5.76
17.46
20.39
18.22
8.38
8.76
17.09
17.13
12.23
11.34
8.74
5.27
15.39
16.33
10.32
1.16
9.02
13.94
9.85
-2.78
-11.39
0.61
1.68
10.59
15.55
9.42
7
10.72
13.83
19.64
21.11
20.09
16.18
7.94
10.13
15.01
12.69
15.69
17.98
14.5
7.12
3.7
8.71
10.07
16.68
18.73
16.46
10.72
8.22
11.18
4.24
7.01
12.98
15.67
11.94
9.35
12.26
8.32
14.93
2.72
16.33
18.51
16.96
16.15
20.05
20.11
15.04
7.24
11.41
18.89
12.96
13.51
17.43
11.88
7.5
9.8
6.64
17.64
16.84
11.24
11.32
15.31
17.18
18.06
10.3
4.74
-1.34
5.18
16.28
18.69
13.76
13.19
14.57
4.24
14.15
19.78
15.79
12.98
18.84
22.29
20.54
17.4
19.97
19.41
12.86
7.69
6.93
8.58
4.2
12.23
17.67
20.38
17.4
5.33
-8.65
7.22
4.99
5.78
10.46
12.81
13.4
12.73
9.18
11.42
0.47
7.2
12.43
5.62
10.23
14.2
6.01
14.44
17.55
16.48
15.62
12.26
7.13
8.12
6.92
11.8
10.63
8.13
17.08
19.96
17.94
12.44
7.15
4.02
0.34
9.35
12.72
16.99
16.16
6.65
16.43
19.14
14.67
13.27
13.05
4.1
4.73
13.99
19.94
21.96
19.71
10.7
6.86
7.98
12.72
3.93
11.14
16.53
13.91
6.25
15.02
17.41
13.93
13.28
16.05
6.84
12.36
13.93
2.38
10.04
18.84
18.44
18.63
16.22
9.53
7.13
12.54
6.5
-0.3
-1.52
6.46
3.2
14.83
17.69
15.73
13.81
10.17
11.66
16.25
18.06
12.13
12.75
18.08
16.64
13.2
5.88
10.72
16.35
17.43
17.41
13.53
6.39
8.44
9.58
3.18
11
14.06
17.48
20.02
19.07
14.95
4.64
7.72
2.67
3.48
11.59
13.14
11.41
14.37
18.65
21.22
19.2
11.14
16.96
17.35
12.32
8.73
7.4
-3.36
-3.45
3.85
10.41
17.84
18.77
16.67
15.2
13.21
14.57
18.8
18.58
13.71
16.67
15.87
12.63
14.8
17.69
18.47
17.72
17.25
12.94
10.99
16.12
17.18
17.21
13.41
9.56
10.01
12.29
13.41
13.84
15.03
16.91
14.93
12.24
6.37
4.01
5.91
5.3
7.39
13.45
0.03
5.81
9.83
6.98
10.17
14.77
9.02
8.7
11.81
10.98
9.26
-3.02
7.25
10.81
13.63
14.59
12.49
10.11
1.88
3.71
13.61
13.8
11.01
7.79
-3.32
8.72
10.53
6.92
9.88
10.49
-1.39
10.59
8.02
10.68
16.77
16.22
12.16
5.43
8.67
-3.02
8.06
6.92
8.91
6.83
8.6
17.24
18.68
14.07
4.79
11.9
13.95
10.45
4.71
11.46
14.11
11.04
11.06
9.77
5.41
8.26
15.2
16.81
11.03
12.58
14.57
11.5
7.37
-4.37
4.2
10.55
17
15.34
7.61
1.22
3.14
1.52
9.21
10.94
12.3
16.92
16.68
9.82
-0.2
6.25
14.68
16.01
16.69
17.14
11.92
4.36
16.19
19.81
20.73
18.87
13.92
12.3
13.92
18.01
18.2
17.14
15.98
15.79
14.35
6.34
4.83
11.06
7.22
5.78
11.64
12.17
14.44
17.22
18.2
16.33
11.16
4.57
13.81
2.7
14.76
19.07
20.39
19.7
15.8
7.97
11.5
11.5
8.29
11.95
12.29
14.1
15.24
15
14.91
15.04
13.78
7.32
3.53
12.52
17.01
16.93
10.29
6.58
13.61
15.7
18.31
18.17
16.33
13.3
10.57
16.12
17.7
15.05
11.1
5.42
7.61
6.92
16.89
19.37
17.99
16.86
14.53
11.6
11.19
13.54
16.57
6.69
6.86
10.36
13.05
2.03
13.12
13.91
11.47
13.27
7.31
14.18
15.73
10.98
-16.48
7.21
4.78
5.62
8.4
11.7
8.35
4.21
10.67
11.35
10.34
4.68
6.34
13.82
13.73
9.35
8.69
14.71
12.26
10.95
13.42
11.78
12.37
14.37
7.55
8.25
-0.28
6.73
8.87
5.09
12.25
16.16
18.13
15.63
1.42
5.83
6.31
5.29
15.65
17.31
14.97
13.32
13.5
14.6
10.52
12.32
10.12
12.3
9.43
6.72
-1.13
10.72
-0.99
13.94
18.66
16.03
12.46
11.81
18
19.94
18.32
14.74
10.3
2.53
4.14
13.39
11.88
11.6
4.79
8.68
13.89
14.12
11.52
7.87
9.87
12.32
12.48
2.38
8.15
1.94
5.72
12.99
14.16
7.3
7.26
11.65
13.02
14.38
17.57
16.81
11.63
11.02
16.09
18.3
16.09
14.28
18.05
18.63
17.66
13.84
2.58
12.38
15.22
8.37
12.33
16.67
15.87
12.25
9.47
12.54
11.59
-5.85
10.78
15.47
16.83
10.01
10.83
14.39
9.81
11.55
11.29
11.94
14.22
12.42
5.45
6.96
14.7
16.73
8.8
0.27
9.5
17.97
20.97
18.39
11.93
-1.54
12.18
15.77
16.72
9.9
2.35
10.23
11.82
12.06
-7.08
7.52
15.35
17.83
15.4
1.49
10.58
13.52
9.02
7.14
5.06
9.91
6.94
6.95
11.38
16.29
17.44
17.07
14.59
0.41
15.67
12.97
-2.08
8.58
10.96
8.66
1.17
-0.35
6.85
9.41
10.69
13.43
15.53
13.54
14.7
9.88
-1.61
3.59
11.24
15.08
15.12
15.47
10.5
0.81
-6.21
3.09
1.59
-1.37
10.65
16.52
10.59
10.61
13.19
12.27
10.84
8.61
13.6
2.43
12.3
15.36
14.11
7.47
1.95
9.09
7.84
13.35
10.97
9.97
9.18
3.74
3.54
12.99
17.68
17.03
7.83
11.83
14.48
2.82
11.5
3.9
10.55
10.84
11.51
10
14.48
14.25
11.03
9.06
7.71
10.44
16.45
17.42
15.26
13.19
7.98
-3.91
-1.04
9.73
5.97
5.33
13.66
10.03
7.16
10.75
5.31
1.04
11.09
12.23
14.42
11.79
7.48
3.76
9.65
9.22
14.46
18.69
18.08
18.17
16.1
11.73
12.4
4.44
12.49
14.84
13.62
15.65
16.31
6.32
10.15
8.12
11.57
10.87
1.42
-5.42
9.81
18.22
18.87
16.19
15.99
15.73
11.92
6.19
6.4
8.82
12.09
13.06
10.56
13.24
13.83
15.89
17.61
17.45
16.83
8.98
1.73
10.8
10.91
2.19
10.99
16.45
17.5
12.06
9.16
15.19
17.46
14.16
16.47
19.13
15.58
15.26
16.82
11.12
8.52
7.17
8.91
12.4
18.59
19.7
16.32
16.06
15.44
6.93
14.05
15.59
14.39
10.77
5.98
0.59
9.34
11.6
4.67
14.04
15.43
16.33
17.94
18.19
17.09
16.35
14.18
14.77
13.38
7.17
16.21
16.91
13.64
10.55
13.61
16.89
13.47
8.08
7.33
9.34
4.95
14.17
12
8.25
6.92
13.03
12.19
11.8
13.11
12.03
12.06
11.47
2.69
7.91
10.61
8.86
11.44
16.05
16.3
9
5.77
17.77
20.34
19.64
18.69
13.12
12.78
13.77
9.98
11
17.78
17.79
11.98
-5.97
-6.24
-3.27
11.74
17.88
17.07
14.28
16.16
15.42
7.94
9.86
20.21
17.64
10.05
14.86
13.27
16.4
14.91
0.43
2.87
0.95
8.86
16.32
15.64
11.2
12.26
14.29
13.02
6.48
6.09
14.64
19.64
17.64
12.89
5.84
-4.7
1.65
9.66
9.71
12.14
15.25
15.72
8.56
0.48
12.53
16.14
13.62
15.19
16.34
12.24
6.62
12.18
15.67
15.79
13.7
7.44
8.93
14.89
12.9
12.74
10.51
0.27
1.05
10.97
15.67
18.48
17.51
14.74
13.31
12.06
16.27
20.46
20.8
18.93
17.48
15.66
13.49
17.08
17.1
16.35
18.51
18.19
13.49
12.65
15.21
13.47
14.29
16.28
18.05
18.5
13.24
6.57
11.74
12.59
11.54
15.02
15.01
7.67
6.36
16.55
19.22
16.48
11.08
11.57
12.4
10.95
17.84
18.83
16.88
15.29
14.04
13.1
17.85
19.69
19.58
20.21
18.9
13.48
10.16
7.24
12.91
16.39
19.55
19.17
18.91
15.76
3.42
3.85
14.94
20.17
21.51
18.57
10.31
14.49
14.14
12.5
16.96
18.06
14.95
20.72
19.9
19.8
22.56
22.19
19.82
12.9
4.62
5.44
6.26
0.53
10.23
15.33
10.76
6.11
6.84
3.76
4.28
5.75
-6.72
5.18
5.78
-4.8
-7.33
-9.62
-4.43
4.27
1.82
10.94
18.14
16.76
14.13
16.88
15.36
6.51
4.18
9.93
15.35
17.93
18.43
15
2.45
11.54
14.18
14.01
15.09
12.77
6.87
8.06
12.3
15.62
16.64
13.07
10.82
1.56
11.58
14.16
8.31
4.44
8.47
1.72
6.95
12.92
14.49
13.11
8.1
5.48
13.1
10.75
-9.14
14.91
17.27
11.79
6.88
7.28
12.9
16.29
18.86
18.22
16.26
14.22
12.42
16.43
17.88
15.49
11.43
10.03
6.03
8.97
15.02
14.63
5.43
11.87
10.87
6.84
5.77
16.66
16.41
8.94
-2.28
9.53
8.21
-4.99
6.38
15.13
17.78
17.01
15.73
17.13
16.8
13.17
7.78
0.51
12.61
15.14
15.22
10.68
1.93
10.85
8.41
-0.32
3.87
9.2
10.35
14.97
12.74
9.06
3.57
3.1
3.25
1.5
4.94
-1.71
0.69
2.27
4.06
5.56
12.33
18.39
20.58
18.65
15.83
14.91
11.28
4.31
13.44
11.96
13.88
16.45
8.89
8.83
13.12
4.06
10.09
14.99
14.28
11.76
11.57
15.45
16.05
4.44
16.05
11.78
10.21
9.09
6.68
7.94
2.44
3
5.27
11.7
14.91
16.72
17.33
19.48
19.67
16.09
12.68
6.2
8.48
13.3
11.13
5.66
15.82
14.31
4.37
-5.05
8.75
15.27
15.9
15.46
17.88
15.81
7.78
7.74
11.22
10.5
-5.9
10.7
15.14
14.38
13.4
12.93
11.78
13.33
16.88
16.99
10.68
4.19
-0.83
6.51
1.4
8.58
13.06
15.49
12.32
3.34
0.35
4.8
1.71
2.75
6.5
7.54
8.28
9.09
8.51
9.18
11.97
14.51
11.11
15.22
16.8
16.03
17.2
16.59
16.23
14.08
12.71
14.59
17.66
18.91
16.7
13.23
13.26
9.37
-6.02
10.07
9.52
3.21
14.83
17.89
13.59
0.83
6.36
10.49
14.73
15.11
12.81
12.65
10.15
3.86
9.65
10.35
7.88
15.56
15.67
3.31
3.1
13.86
18.12
18.17
16.02
16.16
15.46
6.91
0.91
11.67
14.87
14.36
16.35
17.92
14.12
-7.22
5.17
8.59
3.93
3.77
5.15
-1.39
9.42
14.66
11.55
11.13
14.31
14.33
15.75
17.86
16.34
7.87
1.27
1.62
3.17
10.19
11.32
6.05
12.19
12.83
13.72
15.8
15.47
12.9
12.9
14.39
14.54
14.64
14.53
15.05
11.32
4.6
14.15
17.27
16.16
13.69
4.9
-13.02
5.99
9.61
10.78
8.67
2.15
7.73
11.6
13.62
17.09
15.75
9.79
4.87
5.19
3.23
1.41
9.68
10.99
14.4
17.63
17.88
13.41
8.3
10.37
11.61
11.47
12.59
14.68
16.91
15.31
7.25
13.02
11.56
3.7
8.08
5.07
1.09
-4.25
6.62
8.92
9.21
1.98
-1.92
7.49
9.27
9.78
12
10.2
-2.59
-2.24
7.1
6.92
6.39
15.03
18.78
19.05
11.53
2.31
8.56
9.37
11.44
11.69
2.23
14.3
15.82
4.51
7.05
7.13
8.36
15.96
14.54
7.19
13.41
11.55
4.98
10.7
16.11
14.47
8.76
14.92
14.12
8.23
10.33
16.31
17.05
18.47
18.91
17.05
15.17
10.94
0.42
7.38
8.11
8.49
7.42
7.3
0.51
4.03
9.24
13.28
9.59
10.63
10.48
11.22
11.92
12.76
12.19
0.56
5.52
12.48
14.22
12.37
12.61
14.25
16.28
14.71
11.49
18.57
16.19
9
13.23
13.06
12.19
13.69
16.38
19.36
17.27
6.91
6.91
9.89
3.51
-3.43
7.54
6.82
5.79
12.08
14.49
11.3
10.01
8.14
5.4
6.76
6.01
3.81
6.44
13.85
15.72
13.28
9.57
10.85
8.17
9.11
16.51
20.02
18.35
14.77
16.25
15.46
10.44
3.02
3.4
1.41
1.07
3.13
12.18
10.68
8.68
12.71
12.44
9.21
9.97
12.82
13.08
14.46
15.32
11.79
6.6
13.51
13.34
9.45
9.71
11.92
10.18
13.02
15.76
11.8
6.9
13.11
13.9
8.82
11.57
12.25
9.47
6.38
5.97
2.96
-1.39
6.56
11.03
15.08
11.26
0.5
9.58
11.94
8.57
15.5
10.1
9.89
14.14
13.55
7.13
14.9
15.63
8.58
4.56
15.66
12.43
6.14
-0.64
-2.28
4.25
13.14
12.58
6.45
3.49
-0.63
9.65
12.52
16.66
15.81
5.09
16.81
15.91
7.81
9.82
13.02
14.44
14.05
11.3
9.81
2.48
8.73
13.6
13.51
12.65
8.73
-0.55
-0.42
5.14
4.43
9.9
13.88
14.22
12.3
13.53
13.06
4.72
17.42
17.92
10.15
10.22
12.66
-1.82
10.89
8.76
9.72
14.97
15.38
11.34
-7.25
9.15
6.69
-3.56
9.78
12.89
16.5
9.16
12.02
16.09
16.9
15.36
7
16.02
9.47
17.1
14.39
3.24
12.17
12.12
-4.42
11.39
9.94
11.44
3.74
-2.23
10.18
8.4
5.52
14.23
17.21
10.11
13.69
15.51
10.88
2.82
3.33
-0.3
2.14
6.48
12.88
14.74
10.42
-4.21
-0.55
-20.53
-1.14
8.17
14.21
15.69
10.98
9.91
15.92
16.92
17.23
16.73
17.47
17.77
10.91
5.35
14.81
16.18
0.78
14.21
12.27
13.57
11.57
14.95
16.31
10.35
1.18
-2.96
-3.4
1.68
7.3
4.45
4.09
4.71
3.15
2
4.96
14.65
17.42
15.47
9.28
6.87
10.22
7.06
10.85
18.31
19.9
18.62
12.68
1.79
14.16
15.48
14.14
9.92
10.82
6.02
10.31
12.69
11.71
3.76
11.32
5.39
12.54
19.51
19.93
18.51
14.19
6.64
9.71
13.77
8.66
6.49
14.91
11.46
-1.68
7.61
6.6
2.54
12.3
13.97
11.25
1.02
6.1
11.35
14.01
3.86
11.38
9.7
9.43
11.81
10.1
8.79
12.21
15.79
10.85
5.52
13.02
16.89
16.77
12.79
3.65
2.3
12.05
11.25
10.38
15.49
12.59
4.16
-2.34
-3.5
6.2
11
9.43
10.86
11.61
12.93
14.4
11.65
-0.71
9.34
5.83
10.6
8.28
9.24
14.51
6.51
8.5
11.18
3.07
4.44
10.57
9.51
4.66
11.52
8.32
11.7
11.1
17.33
16.12
12.35
-19.84
10.02
-5.08
13.48
13.37
10.79
5.63
12.55
15.27
12.73
12.27
9.61
-12.3
7.82
10.42
2.89
16
14.39
5.68
-1.3
8.2
12.69
16.41
16.41
10.86
3.98
4.95
7.24
13.77
10.94
15.24
18.87
18.09
12.59
7.85
9.45
0.06
4.78
6.75
11.38
12.31
13.58
10.14
8.5
11.06
7.71
10.46
9.93
10.6
12.6
13.27
15.61
18.84
14.02
14.43
17.53
13.13
-11.84
4.18
1.28
-1.71
14.45
15.81
10.09
2.06
10.61
12.45
13.74
11.54
5.66
7.53
13.21
12.96
6.01
8.65
10.07
3.44
5.76
11.46
11.47
14.94
12.39
7.07
14.88
17.08
14.12
12.57
2.55
5.13
11.78
12.34
14.14
13.79
10.71
8.41
12.81
