3.22
9.07
11.17
12.16
10.6
4.74
0.98
11.12
5.72
8.41
11.16
7.45
1.85
1.68
6.5
11.01
9.51
4.44
2.88
7.38
8.16
6.91
10.55
12.46
11.5
5.59
0.77
8.83
4.44
3.77
4.13
5.63
10.07
10.28
5.19
1.04
-11.27
4.99
4.42
2.58
8.41
13.58
16.78
15.06
6.75
10.41
3.51
7.3
2.21
11.88
14.34
8.73
5.65
1.33
-2.32
-4.64
2.88
6.44
11.39
9.89
0.3
4.62
13.21
16.55
15.78
11.59
8.28
11.17
14.91
18.15
19.94
18.74
7.96
15.12
16.05
1.39
9.49
7.8
0.45
-1.64
-9.12
0.67
7.76
10.41
9.28
14.22
16.5
12.64
11.91
7.4
4.87
11.5
5.46
5.3
15.79
16.82
13.39
11.15
11.44
12.65
6.76
8.71
9.99
8.86
10.98
10.21
9.22
8.88
11.73
10.8
-2
7.47
9.57
10.3
6.71
12.51
15.1
13.25
8.39
-15.11
9.9
10.35
13.52
19.27
19.41
14.04
10.76
11.73
12.33
13.25
9.09
5.11
10.64
12.12
-0.14
4.51
6.54
-6.88
4.29
4.52
12.75
17.16
15.1
15.4
15.31
12.38
9.19
0.21
4.91
8.18
3.97
9.02
13.12
8.13
4.61
6.07
4.04
10.35
13.52
11.49
11.72
9.21
8.69
12.72
11.51
11.53
14.27
10.5
6.17
11.04
7.63
-2.42
0.7
-3.25
-0.93
6.17
0.24
4.63
4.04
0.43
7.09
12.04
14.6
15.56
10.83
9.23
11.65
8.13
2.38
12.74
11.97
6.07
9.71
6.55
7.79
5.3
6.23
-4.52
13.3
16.88
17.08
12.25
13.38
5.37
2.44
-5.15
6.39
7.36
12.67
14.91
12.48
12.56
8.45
11.11
17.23
13.84
-0.8
10.17
14.74
13.61
11.93
3.32
-3.49
-2.06
1.86
9.99
5.06
7.46
7.08
-0.95
6.48
6.39
4.34
7.77
5.98
8.97
11.9
11.79
8.88
8.34
10.6
13.71
13.22
5.59
8.89
7.29
2.92
9.68
12.88
4.73
10.59
14.1
12.16
8.36
12.86
12.95
12.81
12.59
10.12
14.71
10.39
-1.03
-0.99
-2.35
1.27
-9.29
4.43
10.4
13.09
7.78
7.67
13.22
13.44
12.8
14.87
17.11
18.28
18.27
15.08
12.59
11.78
5.75
15.03
16.13
11.15
9.96
11.44
14.27
13.15
8.33
6.52
11.58
11.93
5.64
0.72
5.97
14.61
15.23
13.32
9.04
8.64
15.07
15.25
11.46
12.27
16.75
15.86
9.84
-15.69
8.24
-3.74
2.5
8.9
13.73
17.1
15.97
7.29
8
5.78
7.55
10.57
8.2
1.08
3.48
11.07
3.72
13.6
14.54
10.04
18.47
20.66
18.33
11.45
10.98
9.99
11.61
14.03
14.4
11.84
11.2
7.65
4.84
8.04
5.49
8.02
5.6
0.7
7.08
6.63
2
13.26
10.51
7.06
-2.04
-2.06
6.63
-0.17
14.6
16.11
11.74
9.08
4.09
9.98
12.41
9.83
4.28
-0.87
5.72
5.94
5.01
4.68
-8.55
3.87
4.97
-5.33
3.03
6.84
11.23
12.75
14.44
15
12.45
8.75
11.16
10.9
14.49
10.84
9.37
12.44
11.52
12.04
12.84
10.52
13.18
8.74
-1.33
10.49
12.54
12.33
11.71
8.34
10.3
13.37
8.85
9.24
5.41
4.16
7.16
5.97
8.42
11.95
6.34
-0.78
6.54
10.6
12.37
14.64
12.62
2.24
12.8
16.77
15.15
-2.38
9.58
7.42
1.87
13.49
13.86
10.8
-0.85
4.98
0.73
13.61
12.3
-0.59
-2.18
4.48
3.69
10.72
14.68
9.33
1.35
6.05
8.71
7.77
12.42
16.45
16.68
14.2
6.47
14.38
16.89
14.59
7.09
-5.82
-2.14
7.56
13.55
10.42
-0.04
-3.13
2.2
7.89
10.48
11.96
11.98
7.86
1.9
10.21
4.17
9.66
11.06
8.72
11.75
14.46
12.16
10.79
11.46
10.47
8.16
13.06
10.36
-0.61
3.62
7.13
6.45
10.58
10.3
2.13
6.91
12.39
10.15
6.43
9.56
10.34
11.56
12.14
11.77
10.13
9.28
11.41
15.42
16.89
10.5
-11.5
4.04
10.87
11.66
11.08
10.47
10.1
5.64
5.32
12.16
9.39
4.04
0.83
6.47
12.29
9.01
-6.99
5.49
1.08
2.02
-2.38
4.61
-4.64
7.64
8.52
6.63
11.04
13.42
14.54
12.45
13.85
16.15
12.74
9.41
12.41
11.27
8.71
8.96
10.38
9.62
10.87
9.96
7.44
12.51
12.71
5.9
7.18
11.28
6.68
1.29
9.7
11.47
9.05
4.3
-2.77
3.9
2.07
-8.43
-0.96
4.99
9.75
10.73
-10.34
9.59
6.84
-1.85
-14.33
-9.36
4.46
8.83
3.22
7.68
14.71
14.15
9.08
6.96
6.51
-2.96
9.75
13.48
8.93
9.47
13.08
11.72
10.7
12.93
7.17
13.42
17.37
15.33
12.2
1
10.01
9.81
5.67
3.9
11.91
14.45
14.72
12.09
3.5
7.11
10.08
1.95
4.27
-3.93
5.03
11.7
11.75
11.04
7.58
9.39
16.08
15.95
11.76
7.34
-6.87
4.74
9.34
11.97
13.69
3.27
5.8
8.32
-1.35
5.32
8.94
11.32
12.05
9.9
-1.45
5.35
-1.51
-5.89
3.84
7.11
7.58
12.5
10.43
-3.02
7.64
9.17
9.32
8.72
2.42
6.37
-5.91
2.11
12.27
9.62
3.99
-3.44
4.88
6.46
11.05
13.27
13.92
11.88
10.01
6.7
10.37
13.14
6.35
5.66
10.77
9.96
5.47
5.51
12.31
12.89
11.71
3.6
-1.39
8.87
8.3
10.54
7.8
6.61
15.41
14.36
3.57
1.29
2.88
3.68
1.07
-11.18
5.64
9.71
12.4
13.88
9.76
-5.38
-11.63
12.12
16.55
14.18
8.25
9.79
9.78
11.42
14.74
13.68
12.08
15.14
14.6
10.62
7.39
0.36
4.15
11.36
12.24
11.66
11
11
11.72
14.05
14.51
9.27
3.76
7.05
10.75
14.58
17.41
16.25
9.35
8.46
11.71
11.88
13.35
7.06
4.12
11.9
15.6
12.76
6.02
1.14
-7.79
-1.79
-10.86
0.5
-2.18
1.06
-17.8
7
15.45
15.41
10.59
7.55
13.47
15.46
14.71
11.03
4.24
7.6
7.85
4.23
3.85
12.15
3.5
4.43
5.87
5.94
1.73
9.14
12.26
2.46
8.63
4.6
5.44
12.99
14.36
10.09
-8.61
9.15
15.5
17.7
16.62
13.23
1.02
8.58
11.59
13.04
14.2
11.51
9.15
9
12.44
10.01
7.07
5.2
3.24
10.66
10.42
3.47
6.6
5.87
-3.75
23.21
16.08
9.15
7.08
16.57
17.36
22.87
17.76
17.48
16.89
14.15
18.17
22.87
21.1
14.82
21.82
22.77
21.58
22.56
26.99
31.12
30.94
26.9
21.56
20.68
25.41
24.51
14.88
5.71
16.48
14.1
20.55
21.57
7.51
19.29
17.32
14.89
19.32
7.32
16.88
8.98
1.83
18.55
21.3
21.56
23.18
20.76
21.95
24.47
28.22
25.62
16.16
25.28
26.68
28.86
29.95
27.52
20.13
13.55
19.73
21.42
22.88
20.69
21.07
22.63
16.42
20.59
22.72
20.44
18.54
13.06
-1.39
13.93
18.46
20.63
15.07
19.18
-13.33
23.47
26.51
23.53
4.26
18.1
19.33
22.72
24.38
19.33
3.73
14.32
13.01
20.81
24.38
25.42
25.69
24.95
24.29
21.42
15.97
14.12
6.78
9.69
15.07
17.53
14.85
14.37
20.44
19.57
9.29
5.92
14.54
19.85
19.66
19.51
22.8
25.1
25.83
24.75
14.55
13.07
14.41
5.45
22.45
22.88
19.11
25.07
27.16
21.54
-9.27
10.92
18.15
26.18
23.87
0.37
20.92
27.99
32.39
29.47
19.02
16.47
15.01
13.39
21.31
24.71
21.78
16.55
22.72
23.6
30.76
32.53
26.83
13.22
19.86
21.59
18.88
25.05
28.15
25.28
18.66
19.28
18.79
22.6
25.34
21.72
12.35
18.21
20.93
8.46
14.6
15.39
20.34
20.6
25.72
19.84
22.71
24.52
27
29
25.38
18.4
23.25
24.14
25.99
23.99
22.29
25.03
19.2
17.54
15.36
14.14
20.93
24.27
24.4
24.98
23
16.75
19.2
20.52
22.15
23.95
23.06
14.65
18.47
22.36
23.42
25.59
25.37
26.05
12.03
19.59
16.53
3.64
1.46
16.85
15.01
19.47
17.18
8.75
11.49
16.07
21.99
23.84
24.55
20.79
17.14
16.55
22.85
20.59
10.82
21.21
23.64
27.27
29.79
27.1
20.77
20.75
22.77
19.34
14.15
20.61
9.77
17.87
13.91
11.22
10.34
15.88
18.35
10.64
18.03
16.74
25.17
22.64
17.19
18.79
20.15
23.66
22.6
16.91
22.88
16.73
18.09
17.83
24.46
25.26
28.68
26.68
23.94
21.8
18.61
24.45
24.21
16.31
15.41
15.49
21.04
24.6
24.23
12.93
20.07
17.6
24.28
25.28
16.75
11.12
14.25
18.69
13.8
18.24
14.58
15.73
18.65
17.42
15.1
19.89
17.53
11.97
19.9
19.86
24.39
24.42
17.85
20.27
23.07
24.16
24.19
22.02
14.46
13.43
20.2
25.64
27.4
25.02
18.18
12.61
3.76
15.34
9
16.73
19.39
19.08
17.39
15.21
22.5
22.4
19.45
17.43
15.61
10.72
19.68
21.12
20.2
20.68
16.23
4.64
2.12
7.36
11.73
13.17
15.76
19.08
16.22
9.59
12.31
1.21
10.23
17.85
17.95
15.75
18.78
17.66
18.67
22.16
20.01
10.19
13.41
18.87
17.43
6.94
10.37
17.47
18.19
9.3
4.89
4.31
11.8
13.2
2.66
18.09
17.32
14.78
10.36
11.3
13.6
18.37
14.6
-3.12
8.84
14.74
16.17
16.95
14.62
15.35
13.48
7.43
7.17
8.04
2
14.6
17.46
15.45
10.19
12.12
11.1
6.26
11.32
12.83
17.91
14.67
1.07
1.62
4.42
20.57
19.31
11.51
16.84
23.53
25.76
22.47
14.89
19.91
24.53
26.24
25.32
19.21
23.4
24.98
22.35
10.04
17.23
23.13
25.11
23.32
21.18
12.95
23.49
26.23
19.07
19.02
26.37
26.87
26.8
27.08
23.7
18.2
16.29
20.31
18.64
16.91
23.28
23.7
24.49
22.29
16.65
12.16
23.32
23.94
17.35
19.7
27.18
26.53
24.9
24.66
21.48
19.53
24.32
21.34
15.48
13.92
18.51
20.41
24.87
24.94
18.77
18.19
23.7
18.13
25.71
26.24
20.91
20.17
20.76
16.4
12.86
16.25
21.73
28.57
29.66
24.25
22.15
20.38
26.71
27.63
21.59
15.7
18.95
15.91
26.68
29.28
28.07
22.32
26.84
23.98
16.75
20.32
22.5
27.37
24.23
24.43
22.58
17.32
20.86
21.09
-5.39
22.89
19.97
27.63
29.67
28.3
18.46
15.95
21.48
23.62
25.26
22.54
7.88
5.85
15.51
21.33
24.27
20.03
24.58
17.65
17.33
21.36
27.5
23.69
19.19
20.09
22.05
9.71
24.25
20.7
23.33
22.69
17.36
22.6
14.98
22.84
16.71
18.7
21.65
20.75
12.07
11.13
21.79
25.64
19.01
23
20.92
19.93
25.71
23.84
18.63
15.59
16.2
5.93
18.76
25.39
26.03
13.54
18.67
22.58
26.33
24.64
23.53
19.15
13.73
17.77
22.91
23.88
16.63
11.29
16.61
15.24
18.58
20.97
15.33
20.21
18.18
15.67
10.98
13.82
15.66
19.55
27.74
26.04
7.35
18.6
13.54
16.4
21.32
22.01
18.97
6.17
11.85
19.48
22.53
25.18
20.16
3.74
8.83
10.24
18.3
20.82
16.16
12.92
15.05
19.65
15.85
23.11
20.98
19.02
24.35
20.8
15.14
14.56
10.86
9.68
13.79
20.48
11.53
24.16
21.75
16.56
21.93
14.84
19.65
24.76
23.65
25.87
19.87
23.95
19.73
13.34
18.56
14.69
23.23
24.7
22.94
29.75
22.29
24.32
26.72
19.6
21.05
3.34
22.58
22.55
17.73
19.24
2.35
21.64
25.8
25.48
27.08
22.68
19.28
14.66
23.4
20.25
18.25
20.3
14.73
21.11
23.46
19.18
22.08
13.76
23.02
25.69
15.87
14.42
10.49
4.35
11.9
22.53
26.41
22.37
13.06
14.23
22.97
28.01
27.06
18.45
6.26
15.97
20.23
15.18
18.29
11.89
16.69
22.06
22.66
14.75
7.77
9.81
16.45
19.55
15.78
12.53
14.66
16.7
18.38
14.7
18.94
21.39
12.8
19.72
19.98
14.19
14.18
21.82
23.76
18.64
15.81
19.51
17.26
17.5
17.68
19.21
18.72
6.22
15.74
17.87
25.06
24.51
22.72
17.14
15.09
18.8
12.82
16.5
22.24
22.14
22.73
19.35
18.41
19.73
18.27
23.04
22.89
19.58
18.93
13.24
16.06
18.42
4.13
8.31
15.48
23.13
23.52
20.4
18.02
9.12
15.47
18.3
14.53
17.11
8.58
19.45
20.24
4
19.92
21.78
16.59
14.85
23.09
21.03
16.96
21.16
23.84
25.18
20.42
14.6
9.52
14.68
16.18
16.3
18.28
13.03
9.31
15.28
15.29
13.76
18.19
18.58
8.9
11.52
19.23
23.61
19.03
14.18
16.55
11.56
19.07
22.54
15.28
22.55
17.48
6.57
15.12
20.4
24.35
20.59
14.74
22.3
25.1
21.56
2.64
16.1
23.11
24.46
23.62
22.82
21.87
24.26
24.39
15.58
5.9
15.55
21.4
18.43
6.84
17
19.35
13.92
6.73
12.67
12.77
22.87
21.78
5.61
15.63
13
13.79
0.82
13.67
19.45
16.07
23.05
25.19
22.17
1.27
17.35
15.65
18.94
16.41
26.95
28.91
19.5
25.4
25.37
17.04
20.83
20.57
9.51
21.85
22.02
20.44
20.67
21.83
14.93
15.67
5.46
14.64
11.94
12.34
21.05
17.64
17.16
16.6
9.33
17.45
19.23
20.87
19.51
20.88
24.09
22.09
17.5
18.08
17.95
13.62
10.24
20.18
25.39
22.04
15.96
23.61
22.66
22.58
30.08
26.29
17.97
18.43
20.51
19.71
22.93
19.44
11.94
21.05
24.66
20.67
4.36
5.07
14.05
21.32
23.36
13.82
21.43
26.2
24.39
19.68
18.16
22.03
17.62
18.48
24.67
20.8
21.54
25.41
18.61
17.82
16.11
14.27
19.75
23.75
19.93
21.18
25.94
23.7
20.88
21.61
31.37
31.02
19.12
17.36
24.06
22.29
16.81
16.2
25.89
28.25
22.84
18.6
20.46
20.39
22.21
23.97
20.31
7.54
23.37
28.65
34.08
31.87
19.81
24.25
26.36
26.46
16.4
20.18
19.5
26.48
27.94
26.81
17.41
24.54
22.16
14.14
15.65
11.84
16.68
22.13
25.03
21.97
27.11
27.12
21.37
33.24
34.15
14.85
21.56
15.91
23.35
22.05
23.06
21.87
14.23
19
20.73
15.79
16.2
19.5
18.71
16.72
17.4
10.12
19.38
23.49
20.42
19.1
25.41
27.92
25.02
20.34
24
29.16
43.84
45.54
37.8
6.71
23.24
22.18
22.92
24.84
24.21
21.47
19.95
17.13
14.33
21.87
26.6
29.3
29.39
26.79
24.3
24.61
21.33
15.01
25.46
29.23
26
22.76
21.24
19.43
21.08
18.73
17.01
25.8
29.74
27.83
23.64
19.13
10.34
18.26
22.22
19.1
18.32
23.1
19.43
20.9
28.31
29.85
27.93
22.64
21.74
19.88
20.04
21.41
34.95
42.48
40.71
27
24.56
24.6
17.64
19.7
18.21
23.82
19.35
20.56
25.07
35.42
37.01
30.52
17.86
15.44
18.81
23.55
23.07
23.38
27.84
25.52
7.11
23.27
22.46
19.06
16.4
15.13
31.84
41.94
44.69
38.36
19.3
18.39
6.23
7.76
11.4
20.2
21.92
15.95
7.46
22.25
23.89
14.9
17.35
20.31
18.69
17.5
22.33
23.16
17.1
17.09
21.28
27.13
20.64
19.65
24.3
27.65
26.97
19.8
10.2
9.5
17.79
24.87
23.78
-1.31
23.63
27.07
26.68
24.94
24.62
22.71
19.54
21.75
18.11
16.01
15.93
16.21
15.79
21.23
29.23
39.54
40.04
32.26
29.16
25.46
20.1
27.61
26.67
19.57
13.76
19.93
10.93
11.55
14.34
15.97
22.03
19.61
23.63
27.06
23.3
17.93
19.12
18.49
21.23
23.32
27.3
24.79
19.45
19.54
5.21
22.84
28.49
26.98
16.65
5.1
20.98
24.57
19.41
19.64
15.41
10.79
18.89
26.71
23.73
26.47
26.11
23.59
24.8
24.2
20.14
20.44
21.59
18.05
18.11
18.12
22.97
26.91
28.06
28.01
24.19
23.31
19.85
21.13
17.18
20.32
20.07
13.6
17.7
21.45
18.62
17.9
34.98
42.19
39.45
26.93
26.24
26.19
20.6
18.74
21.84
23.64
31.4
34.13
24.07
19.48
19.14
27.57
27.66
26.5
40.22
45.48
41.16
19.36
28.93
30.45
23.94
21.44
27.24
21.3
14.81
21.54
32.12
35.53
31.93
28.54
27.11
16.83
12.06
13.63
8.68
24.43
32.08
31.18
24.47
17.24
26.66
24.82
18.31
18.55
17.74
16.22
19.42
19.94
15.62
22.54
24.96
24.67
23.31
23.44
25.38
26.55
29.03
30.18
28.77
24.32
20.2
-4.14
23.79
31.12
31.51
35.05
35.68
30.7
21.44
18.13
26.14
28.25
28.96
28.68
32.69
46.09
47.17
38.03
19.49
21.28
15.87
2.64
19.89
24.86
25.97
42.15
49.64
48.71
39.62
19.05
25.73
26.13
26.57
31.48
31.49
28.9
28.49
32.35
28.9
17.62
26.96
30.04
27.38
23.85
25.41
23.81
21.09
19.45
23.4
24.42
23.66
25.51
27.89
23.87
22.34
26.07
26.3
26.47
24.19
21.04
17.31
22.24
28.5
22.41
26.3
29.78
23.28
20.74
23.51
24.77
27.27
25.07
26.43
30.07
29.91
25.12
15.81
22.35
30.51
26.71
16.68
25.68
27.46
13.62
24.65
26.84
26.55
25.35
10.07
3.72
25.89
25.03
22.16
25.16
28.46
30.18
28.24
24.08
17.28
15.36
15.44
18.66
22.64
29.73
27.04
25.69
23.62
11.15
14.91
16.67
17.9
12.31
19.89
19.16
21.07
29.31
33.14
32.17
32.64
35.23
33.43
28.75
28.22
29.66
24.38
25.82
25.44
25.92
27.61
25.78
20.13
21.16
26.38
18.94
25.46
25
16.22
23.68
27.03
24.77
25.4
27.48
26.94
25.55
23.36
24.04
22.11
30.84
32.1
24.41
23.75
19.53
19.78
25.39
21
23.45
21.85
18.08
20.63
28.86
28.45
20.53
-3.33
20.75
24.68
23.9
21.37
19.05
25.65
27.67
23.69
24.98
26.7
28.82
32.67
29.36
26.34
21.95
24.1
22.51
16.92
16.97
24.5
28.69
30.1
29.01
27.13
27.84
26.97
21.99
23.35
18.48
15.63
21.27
20.72
26.03
24.49
7.49
26.65
26.92
18.74
19.37
24.12
21.8
4.03
23.85
20.99
12.38
19.84
19.96
23.26
24.3
19.39
17.77
27.42
26.98
24.22
24.15
18.46
20.11
22.33
20.42
18.36
12.45
23.5
23.74
26.21
22.77
19.15
22.87
14.96
16.62
10.71
15.75
10.3
18.51
20.64
18.14
21.3
23.17
19.28
13.57
14.16
23.52
18.76
19.49
14.79
2.67
16.02
20.9
20.91
6.29
13.78
10.51
20.02
22.42
23.24
22.63
12.73
13.89
17.92
19.95
17.07
19.69
21.75
16.6
17.66
23.63
26.58
24.17
15.95
1.4
12.89
22.62
23.45
25.39
25.58
16.7
14.22
14.42
14.45
21.32
21.35
8.15
3.36
15.72
20.49
24.81
25.02
21.07
20.28
15.35
18.86
20.6
18.23
15.72
20.28
23.88
23.29
12.65
15.85
14.04
-2.75
9.79
6.76
19.2
18.87
3
18.74
23.06
22.19
19.13
7
19.92
19.96
17.19
19.69
15.99
17.22
20.58
12.19
12.22
14.64
13.99
20.54
18.72
14.35
18.12
20.36
21.05
28.57
30.57
29.36
24.35
17.69
19.99
10.87
18.2
15.32
25.77
25.7
27.1
26.39
19.96
20.59
26.31
30.58
28.9
24.02
22.24
22.55
14.46
15.11
22.09
25.18
28.83
22.8
15.28
20.02
26.5
29.15
25.41
25.42
21.28
16.76
20.76
19.65
12.56
13.9
23.16
24.06
14.54
21.27
25.84
26.05
25.25
26.66
28.37
30.35
29.71
22.22
12.78
22.42
23.04
22.01
24.07
24.84
26.73
25.06
23.46
25.66
24.12
22.05
22.25
25.13
20.89
10.67
20.72
24.02
14.58
11.6
17.89
30.43
35.61
32.79
27.12
29.45
28.41
25.69
27.05
23.55
15.24
10.8
15.2
6.09
17.14
16.81
22.43
27.71
29.41
28.61
20.96
7.49
0.2
16.98
16.57
17.1
18.44
17.59
18.38
25.53
28.45
30.72
32.2
28.35
18.72
15.35
19.42
23.65
22.3
28.25
29.05
23.95
18.9
17.73
24.7
30.21
31.11
28.67
26.17
14.3
15.64
14.07
20.28
12.82
17.88
26.79
29.32
26.77
25.36
26.76
26.87
20.62
12.82
20.44
18.22
22.47
25.7
24.71
23.73
16.92
-0.18
9.53
19.62
24.27
25.49
23.88
19.47
14.57
19.99
23.65
23.88
27.64
28.46
25.52
23.33
22.04
25.68
28.35
27.66
25.17
24.99
29.37
30.32
29.19
28.03
24.18
19.2
19.7
18.05
17.92
17.08
18.01
8.43
14.88
10.85
20.62
25.39
26.06
25.68
21.59
18
20.59
15.08
13.54
11.58
17.9
25.6
26.49
23.61
21.93
21.27
11.73
11.87
18.28
14.25
9.83
19.08
16.65
8.42
18.5
13.45
10.45
16
21.94
24.02
24.73
24.24
20.78
12.73
22.91
25.07
21.02
5.72
14.07
11.62
16
23.72
25.45
20.83
23.83
28.64
26.57
17.6
14.71
22.8
22.88
17.51
18.3
11.59
9.65
19.74
18.04
15.86
16.78
18.6
16.28
18.74
20.55
20.07
17.55
17.56
16.86
19.68
14.76
12.55
15.43
18.93
19.01
15.73
21.26
22.59
18.98
15.29
17.14
18.91
17.63
10.23
14.33
11.14
8.92
22.04
23.32
15.58
16.19
18.46
18.88
18.52
7
11.99
14.3
17.56
13.83
15.08
16.7
14.43
16.88
19.95
22.75
19.46
13.79
17.56
20.6
21.66
22.67
20.94
10.47
11.45
11.71
4.88
12.27
9.17
15.83
17.12
18.06
14.16
11.14
10.39
6.78
14.46
18.38
-1.66
21.09
17.59
11.9
11.64
20.05
20.74
14.55
7.46
13.24
19.34
23.86
20.58
15.28
20.4
21.24
11.26
17.76
19.22
15.64
10.94
12.77
14.06
21.03
23.68
20.27
16.08
15.42
13.65
11.84
16.47
16.19
-2.09
15.19
16.2
19.83
21.29
19.24
8.72
20.56
16.25
12.5
14.11
19.29
20.11
12.78
17.69
15.55
1.73
10.86
14.53
22.88
23.68
17.57
10.09
18.97
18.79
14.31
21.36
23.69
19.11
15.97
15.75
16.68
18.67
9.2
-9.45
11.83
17.17
23.75
22.83
19.99
16.88
15.88
4.22
11.22
16.64
22.17
22.81
23.54
26.57
23.4
8.67
21.4
21.59
19.95
6.51
14.99
12.32
4.11
19.49
19.99
19
17.22
10.92
14.49
21.91
18
15.76
19.25
15.8
16.11
21.51
24.34
22.8
21.13
19.2
14.17
18.15
19.49
18.62
20.95
21.14
22.1
23.44
21.57
18.54
16.74
5.85
-3.11
11.29
21.03
20.61
20.16
18.54
15.68
18.37
9.76
12.08
5.38
16.01
14.67
15.06
18.34
21.24
20.64
16.09
26.41
23.34
21.34
22.43
14.45
11.68
14.91
15.35
16.33
12.5
2.59
14.62
21.18
21.7
16.95
7.05
13.58
17.66
22.38
20.57
10.46
8.31
15.16
21.55
22.84
16.85
16.71
16.1
17.89
28.46
27.43
19.09
3.34
14.57
20.74
21.17
12.84
17.61
19.79
16.06
19.71
16.49
23.95
22.89
16.95
18.34
12.78
11.77
16.18
16.44
16.03
12.5
7.42
23.71
24.58
18.56
20.62
26.13
27.74
25.06
22.33
18.83
15.95
14.92
17.62
13.04
9.87
5.94
17.99
18.85
8.59
13.84
16.3
17.92
18.75
14.24
3.86
9.48
15.17
21.43
21.64
17.73
15.12
15.46
-1.08
12.83
15.48
14.38
16.68
10.97
13.38
16.6
19.5
17.07
9.84
13.79
19.44
11.36
12.21
6.84
19.41
31.4
36.1
33.04
27.76
26
21.62
15.67
16.7
21.91
24.38
22.85
20.82
15.02
18.22
18.5
14.4
15.04
-1.87
15.73
17.99
18.45
23.84
25.46
25.58
18.9
20.69
25.55
23.91
16.92
13.55
8.81
3.47
12.31
16.93
14.08
10.8
10.79
10.15
9.05
15.92
19.48
18.28
15.26
11.46
16.81
18.3
19.78
11.29
14.8
19.27
15.89
10.75
6.61
12.41
16.24
17.49
16.67
16.01
16.98
17.78
18.91
16.19
16.49
23.37
23.89
17.01
19.14
21.17
19.16
13.41
9.13
13.77
21.67
23.21
23.18
18.59
14.43
10.11
17.96
17.39
14.56
15.54
10.14
15.11
13.53
12.32
11.28
0.98
16.5
17.64
21.42
23.91
21.48
18.59
18.93
18.05
19.45
13.41
14.63
23.66
25.69
24.25
21.54
19.04
13.98
9.99
14.24
13.33
17.94
20.74
23.4
24.6
21.58
15.64
19.15
22.94
23.34
17.46
11.88
18.3
13.13
10.81
13.63
20.39
22.81
20.78
18.36
11.02
9.14
19.14
23.11
24.96
24.33
17.39
15.35
13.95
2.6
12.44
12.09
0.28
9.63
13.97
15.69
12.11
18.24
21.23
22.29
14.67
14.69
18.68
6.14
20.86
18.78
14.74
11.72
2.97
13.17
11.48
11.85
18.2
18.52
16.46
19.87
17.56
19.86
20.72
12.84
17.81
21.53
14.69
17.58
16.26
17.04
24.08
25.17
22.7
16.6
19.35
16.92
18.33
19.01
13.39
0.78
0.08
11.07
19.1
18.37
9.92
9.55
7.43
8.15
15.42
16.09
9.55
7.94
12.07
15.42
21.02
21.92
12.29
14.63
14.11
18.31
18.31
1.64
12.4
14.24
18.6
15.95
11.4
10.75
11.61
15.46
12.18
4.78
14.52
16.28
7.64
15.4
12.15
13.83
15.29
9.16
16.86
19.86
16.54
2.31
11.51
13.24
19.56
15.83
15.86
8.73
20.31
23.51
16.44
2.97
17.26
21.37
20.96
12.71
13.03
16.14
16.75
19.2
14.78
5.48
16.87
17.04
16.44
18.12
19.02
17.19
16.27
16.14
15.36
11.69
1.76
5.69
15.78
5.82
10.09
9.75
9.35
11.3
8.31
9.8
7.67
3.07
2.72
6.94
11.81
7.9
11.48
18.44
18.07
9.97
16.66
10.18
7.26
16.26
17.65
13.14
3.75
8.37
13.11
15.21
12.9
9.05
0.78
9.75
13.19
12.62
7.04
9.98
14.87
11.7
13.19
13.8
15.32
10.94
6.51
-2.07
4.3
11.42
15.77
10.57
13.27
13.5
20.37
20.23
14.83
3.31
17.73
20.25
14.56
17.01
18.01
14.89
13.58
16.6
9.85
-10.75
13.03
17.24
17.03
17.65
17.42
11
6.65
2.28
14.05
8.23
7.65
4.8
12.56
17.4
14.67
10.91
15.25
17.42
12.75
6.77
15.03
17.03
13.26
0.5
10.61
18.72
21.65
18.91
15.43
15.02
18.8
19.66
16.19
13.47
14.7
12.7
12.26
18.68
17.12
19.67
17.29
12.5
18.04
16.96
15.53
8.5
8.94
13.26
7.56
11.19
14.4
7.22
13.93
17.08
15.9
17.98
18.13
9.47
12.63
18
20.17
13.86
14.17
15.68
4.13
15.13
11.82
11.93
9.73
7.96
16.24
17.48
19.21
13.83
5.52
9.2
-3.6
8.83
13.65
15
15.1
12.91
7.17
16.06
16.42
7.91
17.05
15.97
2.09
16.14
17.46
10.8
8.66
11.98
6.87
13.56
8.35
17.58
20.15
19.88
8.17
2.62
2.82
14.19
19.4
15.8
4.83
1.18
13.3
17.21
4.13
13.95
13.08
4.69
4.9
13.8
16.06
13.82
18.94
22.5
22.55
20.69
20.44
18.79
13.55
14.23
15.98
14.66
16.67
16.69
19.1
16.6
10.6
10.65
12.8
12.61
16.6
15.92
7.84
8.61
15.3
18.47
15.13
16.72
14.84
11.55
19.36
23.61
22.01
14.92
17.3
22.78
20.76
15.39
12.19
7.41
13.42
17.15
14.52
0.3
10.72
4.48
5.77
5.96
13.67
19.14
19.13
16.15
1.73
-7.4
9.68
10.61
14.51
16.64
17.51
-1.12
17.94
17.62
18.1
20.75
18.34
11.89
16.01
17.69
6.66
13.21
12.9
16.05
16.3
10.67
11.1
8.26
16.13
20.29
10.44
15.12
14.47
19.07
18.77
13.24
16.66
20.01
17.35
12.37
-4.62
13.1
14.62
21.79
21.71
13.06
9.03
7.78
10.1
18.02
19.64
17.49
14.2
15.29
6.99
20.87
16.17
15.1
18.23
25.17
20.81
18.71
13.86
15.58
6.08
15.59
16.4
17.01
10.57
10.25
12.21
14.42
12.11
18.08
19
16.71
5.53
12.75
-8.65
3.12
17.73
20.19
19.08
19.52
18.14
20.7
16.92
16.17
18.84
17.33
18.75
16.29
14.85
14.8
9.11
7.49
18.64
16.98
18.44
19.69
17.7
15.6
14.49
15.48
15.06
12.2
-0.22
14.72
19.02
19.68
16.78
14.25
14.68
15.76
13.51
7.69
9.32
7.69
12.61
17.74
18.63
14.94
9.38
16.5
11.85
5.24
15.01
15.98
14.91
14.28
13.05
17.55
18.41
13.85
19.3
19.68
17.1
9.98
10.85
8.57
15.5
20.48
18.55
9.61
14.3
12.25
9.61
14.4
15.74
-10.31
15.2
14.29
12.46
10.13
4.56
7.32
10.13
8.48
6.03
-2.22
8.92
1
7.01
3.26
2.44
14.11
18.9
17.86
18.01
-0.44
14.26
18.65
17.6
12.02
14.69
20.21
22.81
20.98
13.34
-6.07
15.18
19.2
11.89
6.95
14.81
22.1
23.59
19.73
7.39
4.48
10.62
10.78
14.6
12.78
12.46
11.85
15.6
15.98
14.41
12.99
15.42
16.3
16.64
8.04
7.26
16.85
19.16
15.75
12.58
-4.42
7.2
15.21
16.4
13.58
9.93
12.45
7.99
5.63
12.17
14.72
16.89
20.38
22.1
20.94
17.35
15.62
15.15
14.27
16.69
12.68
9.85
11.17
13.35
13.46
14.55
17.43
20.98
17.57
8.51
14.8
13.14
10.85
2.7
11.05
10.49
14.39
17.44
18.38
19.33
19.47
18.12
17.49
16.19
16.28
18.39
16.07
9.82
11.74
13.56
5.96
14.99
17.13
7.49
3.59
15.28
19.75
20.41
19.64
17.9
18.41
16.53
17.63
15.32
14.38
13.95
13.59
16.95
19.49
20.48
18.2
9.66
6.39
13.45
14.54
9.34
4.1
6.03
3.79
9
17.23
21.15
21.21
19.3
18.8
15.62
11.37
12.08
7.64
3.02
14.29
16.58
18.43
14.74
18.09
20.3
17.98
15.76
10.72
16.14
19.71
13.89
11.95
10.94
10.09
10.45
12.55
14.38
7.58
9.86
14.38
16.95
12.95
12.42
9.7
6.77
15.07
16.66
20.45
21.03
18.47
10.67
16.37
17.07
9.05
18.82
16.55
8.14
19.58
20.83
11.25
3.51
15.16
19.11
7.23
10.53
6.78
17.42
17.11
15.5
8.16
5.67
4.23
2.24
7.59
20.79
23.55
21.5
15.58
6.73
15.14
15.2
14.22
12.6
7.59
-6.26
15.86
16.46
7.32
14.2
18.45
17.51
19.49
20.15
18.08
8.77
8.17
12.33
11.33
15.71
16.32
4.96
4.39
4.37
6.76
9.77
12.77
16.54
9.91
11.82
17.08
18.66
-0.22
14.98
12.93
12.27
11.01
10.21
14.96
15.5
15.65
12.19
13.15
12.89
9.73
10.55
12.26
15.01
14.77
7.84
14.6
13.64
13.81
8.77
14.14
19.02
16.87
8.22
14.12
11.42
2.38
14.87
16.72
13.61
11.07
-5.88
13.53
17.63
18.24
7.95
7.07
11.14
10.91
3.33
11.93
19.36
20.21
17.43
14.04
11.67
11.89
10.14
7.64
11.46
9.45
7.38
7.38
16.77
20.66
20.35
16.27
13.77
16.68
14.7
6.23
4.49
-0.4
-3.86
7.03
14
10.45
14.65
15.24
12.84
10.21
16.36
18.4
20.77
23.68
21.97
16
12.85
7.15
14.79
14.2
14.37
12.75
14.64
16.47
12.55
9.61
17.12
13.7
12.37
16.63
19.3
19.17
17.08
16.26
15.33
6.1
4.2
-0.53
-1.88
2.88
7.38
10.33
6.81
13.3
19.33
21.21
20.26
15.61
10.09
13.24
19.75
18.92
12.52
11.58
16.76
13.48
11.19
16.25
14.57
19.51
17.31
13.95
20.66
18.83
16.4
16.94
16.14
14.93
16.28
20.2
21.53
19.8
9.52
11.02
13.29
0.05
16.79
18.59
14.5
12.34
17.91
17.84
7.75
5.31
11.87
17.99
16.01
15.83
13.51
10.81
12.38
21.14
22.55
17.9
8.47
19.81
17.61
9.63
13.66
6.92
-12.89
7.43
14.35
12.62
12.58
14.87
13.25
6.2
4.11
12.03
11.41
6.36
8.92
9.94
9.14
12.35
14.95
13.07
15.88
16.33
7.91
16.8
15.56
10.9
6.56
13.41
12.86
4.09
10.1
16.89
13.7
4.05
5.81
1.24
1.89
11.7
14.79
17.72
18.44
18.55
15.79
14.37
16.01
17.34
12.96
11.59
16.78
9.05
9.29
14.55
13.06
13.83
11.88
12.93
13.56
15.66
11.8
10.95
12.08
10.42
4.59
5.17
5.95
12.49
13.87
10.34
7.26
7.06
10.17
15.95
14.02
-3.45
5.72
9.14
13.26
13.4
15.68
15.07
12.93
10.15
15.59
14.16
11.26
13.01
15.54
15.72
13.96
17.16
18.64
11.43
14.16
17.17
9.92
6.23
15.2
19.48
18.44
12
16.27
14.75
14.17
16.04
18.11
15.67
13.8
15.29
18.59
17.83
14.06
4.71
-4.67
7.83
6.4
8
3.83
11.45
18.04
16.22
4.88
7.39
14.77
16.86
19.52
21.26
20.72
19.39
14.5
4.68
9.01
14.31
15.81
15.87
13.09
14.57
17.7
13.77
8
12.59
18.12
21.38
20.27
16.39
14.73
15.08
13.09
11.68
8.42
6.41
4.68
8.9
-0.21
5.41
7.43
5.35
10.15
11.57
12.57
15.29
17.51
16.26
18.27
19.79
16.25
17.59
16.7
19.07
22.98
21.66
14.18
12.38
0.33
8.18
5.18
11.04
10.16
7.07
13.79
17.55
15.06
12.96
16.51
18.63
16.61
13.3
16.42
17.12
14.14
7.33
3.88
14.22
13.43
5.85
14.35
11.49
-9.62
10.33
11.36
3.32
17.15
20.24
19.48
14.03
1.74
10.47
11.01
11.21
6.45
0.43
5.83
14.88
13.64
-1.64
11.66
14.28
16.85
17.98
15.33
14.71
12.78
6.16
5.23
4.2
8.4
10.27
12.8
8.5
7.12
10.53
11.74
10.05
10.46
12.28
13.33
7.78
13.65
15.26
12.74
17.47
16.74
17.61
16.73
3.96
16.35
9.97
9.97
6.04
13.73
10.41
7.73
13.48
16.47
16.48
14.74
11.49
8.24
15.54
14.62
11.87
12.14
17.31
19.94
19.21
18.41
14.64
7.45
8.58
12.91
11.66
9.14
4.92
12.18
9.12
13.38
16.08
12.41
5.72
4.76
3.21
5.95
1.88
7.31
12.26
17.05
17.34
15.05
16.38
18.96
20.43
17.25
10.56
14.57
14.23
-5.31
9.44
13.17
12.95
9.37
12.42
14.5
16.91
20.83
24.47
22.98
17.05
15.49
16.19
14.55
11.05
-1.07
5.58
14.97
15.48
9.36
11.08
10.39
10.54
14.45
2.84
14.11
14.66
9.9
3.62
3.79
13.89
17.74
16.14
16.85
14.22
14.32
16.4
15.74
16.12
16.8
12.59
9.7
2.63
14.43
6.38
2.31
10.71
14.5
6.76
13.19
7.39
10.78
13.35
14.65
-2.77
18.44
17.41
5.45
1.73
5.02
15.17
17.61
11.61
10.9
9.38
10.81
12.21
16.19
5.53
9.73
3.73
9.63
11.05
8.77
17.92
14.85
4.18
12.46
13.34
12.64
13
10.2
10.96
12.52
14.83
14.48
7.56
-7.97
11.83
16.62
14.06
0.66
9.56
8.1
14.31
11.62
11.95
18.47
17.09
14.29
15.56
2.3
0
7.19
8.13
9.93
2.08
13.13
6.41
2.08
1.56
11.39
4.48
6.37
9.66
19.03
20.53
16.34
12.03
17.97
17.04
15.17
2.65
6.96
14.53
11.44
3.48
-1.56
11.04
14.02
16.75
13.04
10.95
13.47
1.55
7.7
10.82
13.73
14.81
13.6
16.37
15.68
3.57
-19.59
6.69
8.22
10.15
11.98
6.66
9.1
14.62
12.92
-0.49
10.47
12.38
7.85
2.69
6.55
14.16
15.77
7.89
11.63
14.08
3.4
5.37
11.03
11.23
10.96
6.8
7.75
11.54
7.64
16.7
13.25
15.44
18.57
16.65
16.1
14.4
7.56
7.03
-0.2
5.5
4.98
12.86
13.84
12.23
13.93
11.43
1.17
13.29
15.14
4.54
6.18
16.86
17.87
10.82
-3.63
10.75
16.74
13
7.65
16.1
17.25
14.4
13.87
8.09
6.51
1.02
11.8
12.79
11.57
13.26
13.09
9.11
9.75
8.59
-1.88
6.97
9.98
17.11
17.57
5.63
12.14
13.18
-2.09
8.56
-2.53
17.31
17.1
9.47
-5.67
7.97
5.69
11.4
11.62
11
6.33
10.3
6.79
8.45
9.05
0.17
5.7
12.75
15.22
9.27
5.68
14.54
17.34
11.15
0.15
12.41
15.01
16.14
13.24
7.43
11.59
11.19
17.58
10.8
0.28
-7.08
7.55
11.92
6.26
1.81
4.54
12.68
14.09
14.54
12.42
1.29
-0.19
12.19
12.15
12.56
13.19
11.33
5.93
4.01
9.32
10.86
6.47
10.18
13.65
17.21
16.86
12.83
10.73
8.41
0.82
11.66
12.14
7.42
10.84
16.25
17.69
15.3
14.35
15.33
13.55
13.54
14.37
6.16
5.48
11.25
7.45
18.26
16.95
4.62
6.46
11.49
16.4
14.96
12.46
12.51
14.67
15.43
13.86
8.76
11.41
8.48
12.34
15.42
14.71
14.57
15.53
16.2
13.82
13.11
14.13
9.79
2.63
11.46
8.85
9.91
7.09
5.27
-5.74
2.44
2.8
14.36
14.58
15.03
16.77
15.99
12.42
10.42
14.19
18.3
17.26
4.7
10.89
8.82
2.34
11.44
15.25
16.53
15.68
12.94
11.66
15.21
18.6
18.94
17.32
14.79
8.07
7.66
2.18
11.46
16.59
16.47
9.75
7.76
10.25
5.66
13.1
15.78
13.77
6.74
8.88
7
9.09
16.38
16.1
9.05
1.35
10.65
16
13.33
13.65
14.6
5.92
12.99
16.36
16.62
16.68
13.59
10.29
10.93
16.88
15.87
5.1
6.45
10.81
12.76
15.83
15.77
16.01
16.08
12.81
8.63
-1.27
7.66
10.74
10.57
11.07
3.67
16.03
19.29
18.26
16.09
11.6
10.57
13.22
11.06
10.55
14.61
14.11
12.71
9.36
9.16
13.11
2.46
3.54
16.53
20.59
18.42
12.35
5.06
14.94
13.53
9.66
10.21
17.27
18.49
15.17
13.9
15.07
14.03
3.47
7.6
3.94
10.48
5.13
15.92
13.73
14.86
17.17
18.78
13.35
3.6
11.8
1.26
13.4
12.94
1.73
13.26
15.48
17.5
14.98
8.87
12.66
11.4
7
8.31
-3.1
11.9
16.04
17.46
18.51
16.09
12.77
7.1
9.66
12.28
6.01
-0.39
5.31
10.86
5.37
6.38
11.28
-2.94
15.6
14.76
5.97
11.01
15.18
17.64
13.5
14.85
5.35
10.32
9.25
-17.77
13.03
15.9
11.36
3.99
9.41
14.29
15.22
16.07
5.33
0.53
9.33
9.85
16.95
20.37
15.15
15.25
14.61
13.17
6.47
0.31
11.82
15.09
14.31
11.8
6.98
1.64
9.6
7.33
10.89
12.87
15.22
8.59
3.95
4.65
16.28
18.9
18.15
14.73
11.27
10.58
7
2.4
13.49
14.09
11.84
10.07
14.78
13.34
12.55
14.86
17.22
14.93
-0.92
4.03
10.69
10.59
12.53
13.58
14.02
15.09
12.43
4.02
9.99
14.75
11.04
0.81
7.96
16
15.71
11.83
13.25
13.35
9.33
3.06
-5.64
7.9
1.19
-1.8
1.95
8.23
-9.84
8.15
13.17
12.24
8.39
7.46
4.7
16.36
14.81
12.66
13.48
15.97
20.5
16.7
6.61
15.31
18.67
15.84
14.71
15.36
16.37
13.62
13.02
14.33
17.6
16.57
12.03
11.57
5.74
12.06
18.14
17.61
11.49
7.81
11.19
10.39
-1.76
11.31
14.72
12.66
0.53
12.09
14.66
15.78
12.67
11.43
17.24
18.36
13.3
7.45
10.09
12.6
12.79
8.11
4.84
6.5
3.49
7.03
12.21
11.19
13.61
16.71
17.77
11.12
0.98
2.5
12.95
16.48
6.53
13.72
13.8
14.44
15.52
9.03
7.59
15.91
15.97
10.7
12.79
9.95
-1.96
2.65
12.46
14.67
6.63
5.73
2.84
-2.27
2.66
12.95
12.82
-6.35
11.08
10.2
3.87
9.67
6.06
11.03
5.31
12.48
15.09
10.32
6.87
2.64
10.48
12.57
13.55
14.59
16.39
17.55
15.96
10.23
5.65
14.6
12.57
12.72
17.09
13.67
13.68
13.13
13.79
13.93
12.99
2.79
3
5.63
11.07
11.89
8.21
12.19
10.93
6.33
5.31
14.51
13.27
6.87
-3.26
6.51
13.19
16.31
14.36
5.88
-5.41
6.51
13.84
6.11
12.51
13.36
10.53
4.1
11.7
7.72
11.84
18.22
17.99
16.21
16.32
13.15
6.04
8.63
9.73
13.84
15.66
13.7
12.16
3.35
11.37
5.14
9.13
12.84
11.24
0.41
13.94
14.36
17.02
7.98
16.4
17.96
9.8
13.81
15.16
13.6
6.31
9.49
14.1
13.84
14.33
10.95
7.43
9.19
14.05
13.11
12.72
15.19
15.78
11.59
6.32
8.62
4.05
12.26
17.34
16.09
14.7
4.02
12.11
9.54
11.6
12.53
3.97
9.61
-3.98
5.5
-0.79
13.01
17.37
13.24
3.51
-0.19
4.3
10.34
11.14
12.25
14.09
6.8
8.84
5.41
7.34
14.76
15.26
14.18
9.06
9.21
13.3
11.53
10.25
3.85
11.46
8.07
0.92
5.13
6.02
13.59
15.37
7.4
10.84
10.75
10.27
10.11
12.4
15.11
15.64
14.42
9.41
13.21
16.71
14.03
15.26
8
9.38
9.3
4.99
8.17
6.65
4.24
12.56
5.83
9.93
8.12
5.29
5.15
11.11
14.41
16.05
11.46
10.98
14.97
16.24
15.83
12.91
-3.1
11.67
14.01
15.38
15.04
11.61
-1.53
2.6
16.03
16.68
13.43
11.6
7.19
8.15
14.47
16.05
14.5
14.97
16.8
17.43
16.74
12.44
5.47
10.13
15.85
15.44
6.35
5.86
5.37
5.32
5.59
13.03
15.39
14.53
9.1
1.2
11.69
13.03
4
9.22
0.5
6.02
3.35
9.21
14.44
4.91
11.77
10.88
7.4
14.94
13.19
10.24
12.5
13.33
13.81
10.36
8.63
8.62
11.64
10.31
13.95
19.63
20.86
15.09
6.14
3.39
12.89
15.01
10.11
0.03
6.32
14.77
13.56
-2.83
12.85
12.22
11.03
10.68
11.66
9.38
8.94
12.5
16.6
14.72
11.83
11.87
-2.14
11.84
5.6
4.6
3.57
12.08
12.84
9.83
9.36
9.16
7.42
11.26
13.34
14.1
7.06
15.25
13.07
2.05
10.71
10.65
7.88
9.9
13.16
8.69
9.59
12.91
-2.82
13.83
14.11
11.85
13.85
14.05
17.4
16.98
16.55
16.18
6.19
4.45
4.68
17.24
20.92
17.01
10.62
4.49
-1.01
8.53
11.67
10.35
5.97
4.77
5.77
13.34
19.82
17.6
15.01
10.84
9.61
13.41
11.41
15.42
13.11
10
11.36
10.5
-2.93
13.35
15.15
11.04
11.41
12.04
7.88
9.35
9.11
4.47
-2.55
9.6
12.44
12.06
15.91
17.94
14.22
14.01
12.15
4.11
14.26
16.55
17.74
16.54
14.09
12.29
11.19
8.02
9.51
11.85
11.07
17.57
20.54
12.73
2.57
8.23
8.08
10.33
13.18
11.46
11.64
-0.97
8.11
5.33
9.75
4.06
5.01
6.1
9.96
1.44
8.91
-1.78
15.02
17.68
16.8
14.37
6.8
1.4
12.55
11.43
2.74
8.77
8.2
2.71
3.63
-0.86
14.63
15.99
9.37
10.43
15.65
15.26
9.48
9.33
10.7
11.64
4.69
14.95
13.28
8.36
8.84
12.48
16.04
12.85
14.92
13.86
8.63
11.47
0.78
9.64
13.16
12.92
2.24
7.33
11.38
11.46
11.18
13.92
15.36
15.52
16.02
16.4
15.96
10.49
12.55
12.65
14.15
10.73
10.74
11.57
12.42
10.94
13.12
9.63
13.74
14.36
7.02
9.27
11.03
9.89
7.32
4.51
10.94
6.87
0.75
6.93
8.03
8.69
6.13
0.72
8.29
10.63
8.36
8.71
-6
6.27
10.75
14.4
12.44
10.84
8.18
14.96
14.21
10.27
9.53
11.92
5.52
13.18
15.34
-1.36
12.67
11.86
10.42
7.21
9.1
2.9
11.51
8.82
1.94
6
8.7
0.07
9.88
12.09
0.26
15.44
17.06
11.34
10.75
7.5
-2.43
7.88
12.74
11.84
16.31
15.56
17.78
15.95
11.14
6.87
11.06
4.44
7.25
5.37
4.36
10.76
12.53
10.11
7.2
-1.59
13.03
13.4
0.27
4.7
5.96
9
12.85
14.87
14.83
11.54
1.72
-3.02
0.51
4.67
2.02
11.62
8.58
11.93
16.11
10.95
9.21
11.31
9.14
7.93
10.99
15.07
12.14
4.53
6.21
14.81
13.88
2.86
3.42
8.87
13.55
12.4
7.09
5.81
6.62
2.7
1.48
8.98
10.72
11.01
13.36
9.99
6.94
12.35
11.92
14.2
12.16
2.35
12.47
15.08
8.72
14.65
10.91
-2.58
-3.23
13.42
14.57
7.77
7.13
-0.55
6.77
9.31
5.42
9.2
10.42
14.41
15.45
15.66
11.57
3.6
12.01
9.98
7.54
11.68
1.87
6.14
4.16
10.09
6.84
11.73
12.95
14.34
19.33
18.32
9.61
6.38
3.83
-16.72
-10.85
1.57
6.91
11.09
12.06
13.68
12.82
12.77
7.73
9.7
9.61
7.13
8.22
10.77
10.01
12.47
15.06
15.63
17.8
15.44
10.11
13.11
11.12
13.84
10.02
7.92
8.07
-3.14
7.48
6.65
16.86
15.51
8.77
3.96
12.3
7.63
6.31
14
16.46
10.58
9.04
14.78
12.16
8.91
8.06
-0.42
-6.86
10.81
15.61
15.5
13.97
6.16
11.47
11.73
1.86
5.45
3.89
16.41
19.27
18.8
17.21
15.42
9.46
-0.96
6.8
14.65
14.45
14.38
17.43
14.2
6.79
13.52
10.43
10.61
13.78
11.86
14.36
17.11
18.49
17.68
7.43
10.36
7.15
4.52
9.36
15.49
18.72
17.35
12.72
8.07
13.1
14.7
11.15
12.74
10.29
5.23
19.05
22.43
19.81
12.3
13.78
9.13
-1.94
8.96
16.46
18.93
13.26
5.14
12.68
15.47
13.09
10.19
9.9
11.8
15.08
15.6
10.52
8.79
4.79
7.17
8.01
4.68
9.97
12.3
13.48
14.09
13.86
8.27
5.42
13.75
16.94
15.05
12.74
13.48
13.68
11.48
11.43
13.27
7.9
5.2
10.01
10.1
1.35
7.1
15.78
17.91
14.56
11.21
14.48
13.99
6.23
0.99
-0.45
3.45
9.97
12.15
14.33
17.22
19
18.64
16.13
11.65
8.44
2.92
3.73
-9.88
9.73
11.27
15.37
12.92
5.36
-0.05
6.06
12.43
10.47
3.92
13.17
16.46
2.95
13.48
12.55
14.47
14.2
12.21
-0.54
9.94
12.02
10.08
3.73
10.02
15.97
16.82
9.79
2.22
7.69
16.22
18.49
12.99
12.87
9.85
13.64
15.62
11.67
12.78
13.05
12.94
14.7
17.13
16.47
12.76
-4.53
13.11
15.99
17.65
18.33
17.21
16.84
15.69
14.27
11.64
5.18
-7.51
10.04
11.14
7.53
7.95
15
14.16
15.74
17.04
16.16
11.68
11.79
16.32
14.78
9.18
13.24
15.1
9.14
10.99
3.56
9.6
10.22
5.3
8.46
13.24
17.61
18.45
15.01
1.89
11.49
9.12
7.49
3.68
7.37
12.23
5.63
13.11
12.71
8.96
5.19
-2.13
3.61
10.51
10.78
4.77
-1.63
2.64
12.65
11.06
12.51
13.12
5.61
2.78
6.81
9.54
11.89
13.02
6.93
7.53
2
5.5
5.97
8.82
14.97
7.61
6.2
4.51
-8.23
8.19
14.73
16.71
13.64
12.37
11.37
8.2
10.2
16.84
13.52
14.19
9.74
7.6
6.57
4.59
5.58
8.44
6.45
-1.59
0.27
7.93
6.98
10.49
12.23
14.98
17.99
14.34
2.89
12.11
5.87
9.93
7.6
4.82
12.23
11.5
7.76
11.97
15.94
14.38
14.92
16.68
15.59
14.24
12.48
11.22
12.31
10.49
18.02
15.69
5.89
4.49
12.87
2.46
7.68
10.22
15.51
15.78
17.54
15.51
5.94
-6.04
2.92
12.15
14.6
6.27
7.81
3.73
7.75
12.75
16.84
16.99
14.84
14.85
10.57
-2.35
14.31
18.88
16.85
13.7
10.52
8.02
8.63
7.11
15.63
12.24
5.68
13.82
15.23
14.09
11.82
14.35
7.37
10.09
8.69
12
12.16
13.07
15.32
13.74
13.19
11.22
13.4
13.81
8.2
6.53
11.33
6.55
7.73
8.51
3.98
4.06
13.71
13.6
13.43
