10.13
12.68
11.78
3.66
-3.13
9.3
12.93
11.51
5.82
5.96
5.72
5.07
8.6
4.67
7.04
8.35
5.64
-6.14
11.5
13.42
5.92
7.6
6.31
8.92
11.07
4.69
8.34
9.97
15.88
13.98
9.51
7.46
7.73
3.4
4.9
6.8
13.64
15.14
14.15
13.8
7.95
9.09
12.57
12.98
13.23
13.74
11.67
6.83
5.11
-11.35
5.79
12.07
14.55
13.78
10.7
10.84
12.58
4.2
3.69
7.22
8.09
8.91
10.22
10.78
9.4
12.35
11.8
3.73
-5.84
7.6
12.1
11.84
12.46
9.85
3.3
3.45
-5.13
7.74
10.27
-0.26
9.86
11.45
7.04
3.09
7
0.55
10.51
12.78
8.22
8.98
5.52
4.77
4.46
4.16
4.57
7.49
14.11
15.38
10.3
8.24
5.18
8.53
11.99
11.84
9.58
9.08
11.75
15.24
11.37
9.37
16.48
16.27
13.41
10.37
10.64
10.02
8.77
12.9
17.4
16.41
11.37
8.61
10.77
11.3
12.11
14.78
16.28
17.06
17.09
13.93
5.66
3.29
10.9
8.01
5.49
6.83
4.04
9.47
14.09
15.87
14.89
-2
12.38
14.77
13.11
10.19
12
15.06
12.64
11.09
9.07
6.74
9.41
12.83
7.04
1.07
4.22
6.47
3.2
3.77
8.2
8.99
13.88
16.37
14.51
-3.86
10.64
13.26
15.97
13.91
7.41
-0.82
11.51
16.27
14.91
13
14.05
13.52
12.62
10.64
10.35
11.97
9.42
-1.44
9.91
11.38
8.28
5.29
2.64
10.75
10.4
9.71
11.67
5.81
0.99
11.66
14.19
13.46
16.26
9.45
17.27
17.02
11.76
14.23
13.44
6.99
0.27
9.94
14.2
-3.55
12.92
10.33
1.09
10.19
10.63
8.19
6.17
11.97
14.01
12.26
5.13
9.46
12.09
11.13
11.26
11.08
13.82
15.32
12.27
7.06
9.1
7.39
14.4
11.38
3.47
5.43
13.13
11.67
8.09
9.66
10.53
8.64
9.81
8.24
-5.43
0.76
12.66
13.74
5.45
3.35
-0.4
7.75
7.31
13.72
15.04
12.35
10.79
12.39
9.99
-0.93
13.11
15.28
15.15
13.18
6.03
9.11
6.71
8.72
7.49
-1.76
6.98
16.42
17.23
12.65
8.85
12.06
10.87
10.7
11.6
11.46
13.42
15.4
13.15
1.32
3.95
3.75
0.01
7.53
12.95
13.77
14.12
9.38
9.49
11
8.56
7.5
2.76
4.89
6.62
7.73
3.76
-2.27
-1.23
8.96
7.29
0.78
2.19
6.91
9.33
12.78
13.96
9.98
2.64
11.66
7.61
7.21
7.23
6.77
9.3
6.8
-7.85
6.48
8.68
0.24
7.55
12.78
9.93
-0.08
8.65
7.03
5.8
-0.42
2.42
6.25
3.82
1.19
6.67
10.72
10.55
10.74
10.56
12.68
12.26
-2.57
11.24
10.01
11.93
13.75
12.83
1.67
2.53
0.33
4.29
7.98
9.76
12.22
10.1
8.38
10.35
6.88
12.29
14.9
14.84
17.56
18.45
14.28
12.43
10.26
7.24
11.99
8.77
5.28
10.94
10.82
13.67
11.21
14.99
13.33
8.65
12.15
13.26
10.88
1.16
5.12
5.6
7.74
9.97
8.58
5.9
3.92
-2.2
-9.42
-4.69
1.77
5.99
-6.89
9.38
11.37
10.16
10.26
6.76
6.09
7.37
10.94
8.47
11.03
15.5
16.67
12.61
5.1
3.72
7.82
12.77
12.67
8.53
7.05
-3.35
-2.3
7.54
13.96
12.66
11.75
5.15
8.53
5.81
7.79
7.52
4.82
9.12
12.79
9.08
8.34
7.8
-7.3
12.66
15
6.52
13.56
16.32
15.11
14.83
15.27
14.59
12.82
8.56
5.03
8.52
6.52
12.05
10.93
11.24
11.33
4.44
10.64
10.6
12.42
11.73
8.83
10.9
10.16
5.06
12.74
9.78
-5.21
3.2
10.32
13.36
12.15
12.81
-28.17
14.92
15.78
9.08
10.85
11.61
4.17
7.37
14.15
15.45
14.34
14.94
13.95
11.55
9.38
9.72
13.87
12.31
2.48
5.61
12.5
13.37
9.81
15.02
18.02
17.81
13.03
2.23
-11.15
5.6
8.46
6.44
-0.25
13.04
13.86
-5.02
7.6
-1.2
10.13
9.53
9.64
11.63
4.22
3.72
1.33
11.99
13.85
8.05
11.34
5.38
3.54
11.85
12.3
5.69
2.68
13.32
17.37
19.2
17.62
13.54
12.12
11.35
5.69
0.77
7.27
8.39
7.54
6.55
7.1
-6.99
3.96
9.1
9.08
8.17
3.95
6.91
8.25
1.72
3.63
6.22
10.59
11.65
5.82
-1.87
9.61
9.58
0.56
8.89
6.17
0.18
-1.22
1.32
-5.24
-4.08
-2.42
0.41
0.74
2.05
9.22
13.51
10.45
6.72
7.37
3.49
4.67
12.68
16.07
13.55
7.33
1.69
9.81
13.57
12.51
9.52
8.23
9.57
7.35
-3.53
-24.02
3.2
4.48
7.13
4.71
15.5
15.72
10.85
9.28
10.99
11.75
2.75
10.95
9.31
6.5
14.94
17.26
13.55
14.32
11.9
10.16
13.26
12.92
13.35
9.15
4.57
4.55
13.4
15.54
11.99
6.55
-0.55
-3.22
8.74
9.81
4.6
9.1
15.38
18.26
15.6
7.07
0.01
-14.65
-0.55
9.31
12.46
11.93
9.89
4.5
-15.69
-2.47
7.27
8.29
1.29
9.53
6.76
-3.72
-4.8
10.48
16.03
13.46
9.87
-0.73
6.67
10.59
11.25
13.37
15.22
17.06
15.56
9.49
6.69
8.66
12.63
13.68
11.25
10.7
8.32
7.38
8.07
9.76
12.5
13.18
14.09
11.58
9.85
13.14
16.29
17.06
13.57
-4.42
7.56
11.36
7.78
-10.31
1.93
5.83
9.33
12.82
6.44
3.25
-3.62
6.95
9.52
7.92
12.79
16.8
14.3
1.18
7.49
12.29
11.7
4.37
4
9.82
11
12.96
8.3
9.35
17.3
19.41
16.28
13.64
15.87
13.17
5.95
-24.02
7.73
14.34
14.73
15.31
16.07
15.76
14.36
13.29
14.72
13.45
6.96
-1
8.09
11.5
3.67
9.78
10.35
-0.8
9.46
11.36
14.95
12.31
4.89
5.28
9.13
7.32
5.85
12.78
9.62
-2.67
9.51
9.98
8.66
12.69
12.04
11.62
11.02
4.97
7.8
7.38
5.1
6.99
2.77
8.43
10.86
14.01
15.69
15.17
16.6
15.1
-1.14
16.69
17.91
13.85
6.45
9.34
14.59
15.27
8.55
3.51
-13.64
10.4
12.43
9.11
9.53
11.99
11.87
12
6.5
-1.42
6.67
8.74
4.42
10.57
14.1
10.41
-0.12
0.78
10.4
13.94
13.56
11.61
10.97
12.26
8.9
5.89
8.16
16.37
13.11
11.67
16.28
15.41
7.92
12.93
11.92
8.47
13.84
23.47
27.92
27.16
21.21
9.47
16.17
4.21
11.9
12.3
18.86
24.86
23.33
10.75
18.15
20.69
13.83
13.23
19.86
21.38
18.57
13.25
13.87
22.64
22.7
13.7
21.68
23.06
24.97
20.5
22.39
17.16
9.05
16.96
16.05
3.48
16.47
20.58
22.7
20.46
22.41
25.18
25.03
25.56
25.71
24.82
27.32
24.91
7.6
7.29
21.37
26.89
24.83
15.8
10.3
12.95
16.42
19.53
18.88
19.22
18.38
20.94
23.22
23.47
23.62
21.43
15.37
13.17
11.62
21.5
24.98
22.38
14.5
24.62
29.87
30.46
26.08
22.25
17.73
13.35
9.54
20.79
22.43
24.75
27.34
25.66
20.64
21.82
26.18
19.15
11.01
12.41
15.59
-3.75
17.1
15.63
19.62
24.96
26.8
23.12
17.18
26.21
27.42
22.11
11.74
17.58
22.29
24.05
22.45
12.31
26.13
26.51
15.35
17.31
21.08
22.91
23.86
22.22
20.67
22.58
13.61
15.97
16.62
19.23
17.55
22.27
28.53
26.67
20.37
16.97
18.89
16.75
10.33
5.58
17.17
15.02
15.97
26.17
31.57
31.55
27.82
21.7
17.33
20.14
22.63
23.1
18.88
16.65
26.42
27.08
22.79
19.88
24.28
22.77
16.42
12.11
26.04
28.61
25.83
22.53
20.44
23.39
22.3
11.5
6.12
10.15
21.62
27.23
27.57
25
19.25
22.62
16.6
12.55
21.35
28.97
29.6
26.53
29.22
30.91
28.92
25.96
22.25
24.32
21.49
12.07
16.7
21.99
24.69
21.14
15.63
13.29
21.19
27.66
28.79
23.39
21.95
24.17
18.13
16.18
17.16
9.38
11.53
9.55
10.76
10.79
23.4
26.96
25.33
15.76
20.32
20.68
13.64
4.79
18.44
18.33
14.14
7.04
9.94
19.8
17.53
23.28
22.9
20.82
20.46
22.85
25.09
24.06
17.75
14.16
21.86
23.12
19.35
16.72
19.77
21.05
19.28
18.46
18.61
24.09
26.99
25.66
19.8
14.71
15.41
14.23
3.71
6.62
9.42
17.81
19.04
13.63
23.91
28.37
20.73
21.69
21.52
16.77
12.91
14.16
14.91
8.44
5.04
9.46
14.74
16.76
23.1
25.28
23.72
17.91
20.07
23.32
19.48
-9.67
20.13
26.07
26.73
25.58
23.35
20.22
13.1
16.94
21.61
15.96
9
20.96
24.72
21.6
14.25
24.11
28.79
26.66
20.22
21.5
22.52
18.01
12.99
17.32
17.21
18.01
18.5
8.55
20.3
26.09
23.86
17.49
18.5
11.58
9.28
16.5
14.52
14.17
19.31
19.87
18.22
13.22
11.35
10.66
6.53
11.69
7.21
18.79
17.26
12.04
10.26
16.14
18
11.59
17.24
20.07
15.34
17.17
15.16
12.14
15.72
17.13
14.53
13.19
11.12
7.13
10.3
15.18
10.35
8.41
3.84
7.5
14.24
14.63
10.95
19
21.68
17.03
8.5
6.63
12.5
18.42
17.32
6.97
4.69
10.07
14.03
14.87
8.76
10.4
14.88
18.85
19.77
16.21
11.61
13.32
1.02
14.48
17.36
12.05
13.82
15.01
13.9
14.29
11.91
11.7
12.67
9.84
-1.95
11.57
11.09
14.88
16.88
14.57
4.01
5.83
12.2
13.57
17.2
21.65
23.19
22.57
22.96
25.67
26.26
24.06
23.4
22.77
19.41
17.6
16.09
21.42
22.87
22.63
21.63
22.69
15.31
20.63
15.82
20.32
25.73
27.34
28.38
27.23
25.15
21.76
7.08
15.65
13.84
7.42
15.18
25.74
27.92
23.18
23.31
27.92
27.84
22.11
12.68
18.64
17.68
10.14
13.64
17.12
16.96
17.16
17.4
16.04
16.19
18.15
18.41
20.09
21.91
23.4
24.75
24.83
23.39
19.76
20.57
19.24
19.48
15.17
21.4
22.94
24.03
23.49
24.16
27.15
28.77
27.6
25.12
24.35
24.41
20.56
18.32
23.14
20.22
22.5
26.82
26.3
25.57
23.22
18.37
18.77
5.36
20.21
13.55
18.7
25.56
26.35
25.03
22.37
21.34
14.39
6.71
13.63
13.63
18.67
15.35
20.25
24.19
23.18
19.89
22.78
24.84
24.72
22.41
18.53
16.8
23.51
23.09
17.2
4.64
4.71
21.39
22.74
21.36
22.68
18.82
17.36
23.51
26.54
25.5
21.35
17.54
1.38
19.08
24.19
23.25
22.32
19.36
19.38
18.31
17.43
17.68
7.09
-12.28
2.01
17.5
22.07
22.93
22.54
23.27
24.16
23.04
23.53
21.86
16.27
11.28
15.75
16.52
16.65
19.23
14.06
11.3
20.1
24.56
20.88
22.47
26.05
22.84
18.34
13.98
16.34
17.57
14.33
11.51
15.97
20.88
22.84
22.71
21.09
19.32
17.02
22.23
22.86
12.88
13.4
8.45
16.01
21.59
24.1
23.51
19.87
16.1
19.88
24.9
24.57
18.61
18.89
22.61
24.05
26.7
24.49
9.77
23.5
25.54
25.74
24.08
25.74
27.5
25.58
18.74
19.41
17.12
1.92
22.09
25.98
25.85
25.83
22.33
1.85
12.39
11.23
1.38
7.72
10.81
17.1
14.25
24.35
25.41
20.47
17.12
17.41
18.07
10.71
14.76
21.28
19.12
2.33
8.84
11.23
17.75
21.71
25.39
26.95
24.76
10.89
21.91
24.8
25.75
25.47
23.6
23.42
23.17
16.02
10.37
18.33
18.99
23.75
24.9
24.91
24.16
23.15
22.08
15.03
14.55
23.41
27.08
27.58
25.14
23.43
22.55
17.24
18.98
26.21
26.99
27.33
26.19
24.98
25.56
22.16
16.69
16.17
17.89
15.99
21.49
22.25
18.45
14.38
20.13
21.47
13.57
10.78
16.73
20.52
20.75
20.95
21.41
21.29
16.74
15.68
23.09
24.77
23.92
20.01
21.51
23.68
20.93
-7.53
14.38
16.35
10.34
-13.86
3.48
19.2
24.91
20.7
7.89
15.51
11.5
10.46
14.06
19.07
19.85
19.59
21.72
24.31
25.25
25.42
25.54
19.43
17.48
19.04
20.65
20.99
17.75
10.21
11.81
18.48
19.75
15.3
10.56
14.42
18.78
13.9
13.41
21.63
23.26
22.74
18.55
10.61
14.65
14.84
15.24
12.88
11.68
12.83
18.12
21.67
21.8
23.58
25.47
24.34
20.69
16.07
4.72
16.35
20.67
20.2
16.66
9.42
18.18
16.37
13.33
20.7
23.7
24.4
22.92
21.25
23.93
21.86
16.22
19.68
22.88
20.38
9.23
18.78
8.99
10.89
11.8
8.59
17.69
21.98
20.67
18.49
19.15
23.65
24.78
20.16
21.09
19.8
14.19
7.92
21.15
22.63
20.59
15.76
13.19
17.59
12.05
21.63
18.87
20.99
18.55
-0.17
9.28
10.48
21.11
22.49
17.09
9.88
17.83
22.09
24.91
24.58
21.16
22.53
23.57
20.97
18.17
20.15
23.2
24.18
23.57
24.14
25.3
25.03
26.1
25.95
9.9
25.45
27.93
24.55
22.41
23.13
19.04
16.5
16.68
18.29
21.96
21.74
14.35
11.82
9.79
-0.6
13.94
16.3
9.78
18.15
26.63
28.95
25.12
15.69
14.15
14.2
22.4
26.65
24.66
22.34
19.18
15.7
11.33
18.35
20.76
7.9
17.55
19.53
21.02
26.76
24.28
19.41
23.74
27.74
26.38
21.66
21.39
26.48
26.61
22.88
25.09
27.12
28.23
26.25
18.46
15.27
21.99
24.64
20.34
17.47
25.84
23.43
15.41
17.71
19.74
4.67
19.96
22.61
20.52
20.98
23.43
20.77
21.57
23.97
24.08
23.51
17.92
23
24.18
26.85
23.61
21.51
25.15
22.3
19
24.3
28.15
26
11.68
12.4
23.69
23.23
19.14
16.2
11.63
11.62
23.11
27.49
27.5
24.13
28.76
20.52
27
29.87
28.28
27.15
27.31
22.34
14.97
21.39
29.11
29.59
16.02
23.55
21.54
10.22
17.88
20.77
21.05
24.25
23.65
17.41
23.33
28.56
22.84
16.07
19.18
22.65
23.63
15.94
19.59
19.64
9.32
20.34
21.04
19.16
20.69
24.41
28.81
27.61
19.94
4.93
10.29
19.94
37.15
42.33
38.6
27.93
23.36
20.49
19.55
19.45
23.91
27.05
27.69
26.83
24.31
20.02
25.49
25.8
19.21
11.61
16.62
18.18
23.53
25.32
22.06
15.58
16.69
18.09
11.59
11.57
23.94
27.14
43.48
45.8
38.63
11.99
9.96
17.72
12.03
15.09
22.24
24.76
21.93
9.57
12.25
20.87
25.34
23.82
23.23
21.43
17.35
24.1
22.21
19.22
23.88
15.78
10.63
18.7
23.05
21.93
21.73
22.51
24.8
20.32
10.33
19.74
21.15
20.75
12.56
8.71
16.39
15.81
18.8
15.72
15.96
17.85
24.01
25.03
22.99
21.17
20.96
24.07
21.39
36.22
41.28
36.71
24.91
18.09
19.09
26.12
26.04
23.31
28.28
30.6
27.97
29.17
32.89
27.69
21.32
20.99
13.16
6.17
14.91
22.05
26.03
30.93
30.99
27.09
23.97
18.51
15.36
10.07
37.78
46.19
45.16
35.55
26.17
26.89
25.7
21.85
19.96
21.98
23.69
26.95
26.38
22.27
22.34
24.81
26.31
24.52
20.73
22.54
22.11
23.63
22.89
25.36
25
25.27
26.52
25.6
26.65
24.87
23.48
22.82
21.02
20.1
19.67
16.43
18.37
8.63
6.52
12.48
21.26
23.4
23.55
23.38
24.83
27.12
27.61
24.61
24.71
24.18
19.89
24.46
21.45
36.62
43.46
40.54
26.65
15.54
22.62
26.14
27.98
26.8
23.36
22.51
20.97
19.69
10.19
16.63
21.27
21.26
22.91
22.51
18.12
22.52
22.27
22.49
26.03
27.04
24.17
20.85
19.24
15.31
17.51
19.59
23.1
25.14
26.15
29.58
31.82
29.1
21.86
23.41
22.77
21.92
23.7
18.64
18.45
28.99
32.55
29.66
21.48
7.31
7.26
15.42
12.17
15.19
19.63
20.84
22.84
24.96
26.44
24.23
21.8
8.39
24.43
24.12
19.31
25.81
23.58
26.03
26.67
19.69
15.6
19.44
25.09
37.28
40.63
34.94
23.13
19.72
17.07
18.8
26.18
26.23
27.23
32.09
36.47
28.91
17.42
23.01
28.09
30.51
30.08
29.27
25.96
34.99
34.96
29.59
25.83
24.27
21.85
-0.68
18.87
24.1
15.95
30.5
33.37
29.3
20.77
30.19
32.1
28.94
21.62
10.37
18.71
21.84
30.97
33.55
31.65
28.9
25.37
18.16
27.07
30.98
31.34
30.83
22.97
21.95
23.78
25.63
19.48
12.75
24.4
25.29
23.68
22.35
12.25
21.45
28.15
24.85
26.42
25.95
28.03
31.67
34.46
32.47
22.15
19.57
17.7
26.92
31.26
28.97
28.55
41.6
48.77
47.78
38.65
25.02
27.13
29.03
28.95
28.29
25.25
44.35
47.39
41.03
25.14
21.37
24.41
22.82
25.4
25.8
26.18
29.64
31.37
24.69
30.57
31.9
25.24
2.99
14.23
20.85
21.13
18.08
22.31
25.33
21.32
26.33
29.94
21.98
25.97
29.2
29.12
29.52
31.77
33.03
28.53
13.98
22.87
29.15
28.45
26.37
27.19
29.98
30.78
30.69
25.79
15.81
26.74
25.64
6.28
19.95
2.69
29.12
33.61
32.81
28.32
24.71
29.93
33.29
33.09
28.75
25.7
25.28
25.49
25.09
23.19
17.24
15.92
25.68
30.12
27.8
28.52
28.12
23.36
24.07
25.9
26.94
28.5
27.36
19.93
24.83
26.49
25.91
21.22
25.4
30.95
30.58
23.13
23.92
29.3
29.26
25.43
21.48
27.84
32.11
31.64
24.42
16.49
24.17
27.58
29.81
27.7
15.08
26.37
22.34
21.82
26
30.53
26.12
20.31
14.01
21.91
17.62
29.81
30.51
30.8
29.6
26.86
24.31
28.92
30.95
27.7
7.92
24.9
26.92
28.39
26.29
20.7
23.84
27.29
23.98
29.79
31.74
29.94
29.09
23.41
18.22
22.12
26.59
24.72
25.92
28.12
31.79
25.86
20.2
21.66
14.1
17.06
26.6
31.14
31.32
32.32
31.92
25.65
21.52
25.7
25.76
20.3
12.18
15.67
17.31
17.25
18.62
19.25
19.64
17.2
18.87
25.94
27.51
25.72
21.19
21.97
26.76
30.87
29.4
22.04
15.91
11.57
18.56
19.27
18.09
23.33
25.13
26.51
26.41
21.73
19.76
22.42
20.57
19.08
23.57
22.57
22.97
24.8
25.42
20.56
16.37
22.96
24.06
18.13
10.41
15.21
16.75
16.88
21.27
22.51
22.45
18.38
22.21
24.16
18.87
22.61
23.32
15.6
20.88
25.37
25
24.57
23.84
20.39
26.72
27.85
21.55
25.2
22.75
13.3
20.41
16.64
1.67
14.45
18.56
23.34
30.1
30.61
23.11
20.69
24.78
23.68
15.53
16.32
19.56
18.99
17.28
17.17
15.89
14.67
6.14
5.63
12.72
19.51
25.89
26.57
20.83
22.13
25.11
24.48
23.62
22.93
19.86
17.42
20.46
15.68
15.25
16.81
13.47
18.14
17.7
20.82
21.9
19.79
18.82
21.37
16.78
9.7
20.95
20.49
15.17
17.84
16.84
18.07
19.46
16.3
14.35
15.42
20.53
21.89
18
15.33
14.57
15.68
11.96
22.24
25.82
22.62
13.26
15.84
15.59
18.82
21.19
16.04
12.46
18.85
23.94
25.29
23.17
25.09
25.48
24.07
23.7
19.1
22.41
26.21
23.68
15.31
24.26
17.4
18.14
24.64
26.42
25.06
21.45
26.58
29.09
26.12
22.92
22.04
20.76
19.83
17.08
24.66
25.56
9.78
12.03
15.12
26.12
27.82
25.85
23
22.89
25.08
21.91
27.62
28.87
31.2
30.47
25.32
22.75
27.01
28.46
28.7
26.21
15.56
22.7
27.58
29.05
30.58
24.15
22.31
24.39
25.17
24.38
24.49
27.21
30.1
29.01
23.98
23.99
27.31
23.73
29.05
29.49
22.57
18.37
26.53
25.96
20.97
24.03
30.1
28.22
24.68
31.85
35.86
29.67
27
23.65
19
24.47
26.74
30.26
32.66
27.97
25.18
29.62
28.79
28.74
22.35
23.65
28.57
26.72
27.21
30.75
28.32
6.5
24.7
23.84
23.13
24.72
28.48
30.84
28.4
23.74
21.02
24.07
25.69
-0.07
27.49
28.28
23.49
21.14
24.84
27.03
22.66
20.75
21.62
21.93
14.89
23.13
27.11
23.66
13.27
15.74
19.71
25.28
25.93
21.52
20.87
23.8
20.73
25.74
26.04
15.89
19.82
22.21
26.2
27.19
17.34
24.63
26.79
20.31
19.86
19.56
24.65
24.39
20.23
19.14
18.37
21.11
26.74
30.21
27.86
14.84
16.67
24.02
24.92
9.1
24.47
22.26
20.42
24.7
20.7
6.18
19.61
18.13
7.55
9.4
2.13
13.42
22.84
21.91
21.85
23.74
22.6
17.1
8.18
16.75
15.03
21.65
13.78
17.39
23.53
26.82
24.88
18.56
23.44
23.95
-0.84
18.79
22.08
22.32
15.52
12.98
12.42
5.63
13.92
4.07
21.36
17.24
14.89
23.96
25.31
24.28
22.4
17.49
16.51
20.01
20.85
16.11
16.03
16.76
20.15
24.09
23.36
18.71
21.85
22.03
23.06
24.13
21.16
24.51
29.57
29.41
26.33
23.45
19.11
18.67
19.1
12.05
19.27
21.32
23.76
25.54
25.21
24.32
22.82
22.62
21.46
17.87
17.12
18.79
16.38
23.42
28.02
23
23.1
21.22
20.24
22.68
19.34
17.32
21.11
24.37
24.19
23.49
23.63
22.44
22.93
23.43
19.19
10.87
15.77
15.76
20.35
12.82
10.95
8.54
14.66
20.48
22.81
20.73
22.25
24.08
18.84
12.85
22.77
21.74
18.17
10.38
17.16
21.01
20.44
17.22
14.77
11.99
15.55
19.19
23.59
23.84
24.15
24.51
19.9
5.42
12.01
18.99
19.55
23.18
25.96
25.24
22.26
18.9
22.03
24.93
21.98
15.62
6.44
11.11
22.25
25.9
24.87
19.62
17.64
18.04
19.12
19.95
17.48
16.43
14.01
11.95
21.34
21.05
13.69
9.93
14.85
19.78
21.67
16.67
14.43
19.35
22.27
23.34
21.77
17.22
13.99
15.28
11.23
15.16
16.98
14.2
20.17
22.56
21.69
20.75
20.36
19.15
19.56
18.99
19.68
26.45
25.74
20.1
23.94
24.93
24.62
23.56
19.01
13.72
15.54
17.84
22.08
24.51
22.24
13.83
10.17
20.84
20.5
12.07
17.12
5.98
1.94
11.38
9.64
6.49
2.21
9.47
9.78
0.81
8.63
8.77
13.92
11.81
15.52
8.2
18.22
24.86
25
19.23
13.14
16.66
19.32
22.19
20.4
9.9
12.32
16.76
21.34
19.09
22.95
26.22
25.23
25.69
27.42
26.04
14.4
21.13
25.43
23.8
21.4
22.82
23.69
22.14
21.96
17.84
17.98
22.1
25.91
23.74
16.68
20.42
17.47
11.06
19.03
23.13
24.72
23.75
18.8
18.95
21.46
17.81
16.71
8.75
13.12
21.15
24.58
23.06
18.06
19.59
29.7
32.19
26.99
19.31
15.57
13.86
22.98
21.76
23.09
23.94
25.19
27.32
28.27
28.57
27.35
23.78
25.85
28.44
29.78
29.15
28.32
28.16
26.56
21.93
19.75
24.86
25.33
24.56
25.67
28.55
32.16
32.49
29.15
26.28
24.38
16.89
22.09
24.36
24.95
26.32
28.52
29.92
29.21
26
16.15
6.01
10.61
-15.16
19.39
25.04
25.02
14.27
16.15
15.14
12.78
26.4
27.57
20.37
4
13.49
11.72
21.08
23.78
24.93
26.51
24.45
23.42
23.26
23.99
27.77
29.09
24.37
19.78
26.95
29.49
28.1
24.05
22.82
24.45
26.57
26.02
21.88
14.65
23.84
27.39
26.95
17.57
23.78
27.25
22.75
17.71
16.21
11.99
14.21
24.7
26.87
25.62
25.89
32.08
32.02
25.65
21.79
32.54
37.98
35.27
20.15
27.57
27.62
24.86
23.68
24.64
24.95
22.24
14.23
4.64
15.82
20.2
24.55
26.89
26.57
23.57
18.73
14.75
18.59
21.77
18.5
21.16
24.97
24.53
20.48
22.59
23.57
26.02
25.99
24.84
23.91
22.47
21.57
18.57
11.94
20.59
18.95
18.04
23.76
24.99
26.37
25.62
23.3
15.73
12.55
18.37
21.89
7.48
15.02
10.08
19.31
23.27
20.31
16.17
20.55
26.82
25.67
21.08
15.6
12.98
24.33
28.5
27.95
26.47
24.52
22.91
24.88
23.09
17.66
26.05
28.31
25.12
18.78
21.21
23.3
23.22
23.2
22.42
27.3
29.29
27.02
19.85
18.36
21.48
22.59
25.67
21.44
15.97
13.76
19.33
23.08
25.44
20.29
25.45
25.27
16.16
15.4
21.77
15.3
22.41
23.93
20.21
17.63
16.61
8.42
15.92
19.67
20.5
21.82
22.46
14.11
20.28
18.09
10.82
21.78
18.26
16.1
19.98
20.06
21.16
15.42
21.87
25.08
24.19
17.47
21.37
18.09
19.83
21.63
13.01
17.78
20.36
21.59
23.53
20.49
8.76
19.38
20.74
20.38
9.16
16.33
13.29
25.28
26.78
23.22
21.33
21.6
17.93
13.89
18.86
24.6
22.15
4.89
15.29
9.08
8.01
-5.86
20.25
16.14
19.47
16.69
20.71
24.8
22.24
13.51
22.02
26.56
24.41
16.73
20.2
21.48
19.05
21.15
19.11
5.8
16.56
23.8
23.44
15.29
10.35
10.28
16.9
18.5
-1.5
10.69
14.52
19.34
21.2
19.99
1.61
19.99
19.04
12.62
21.31
20.86
17.05
10.59
21.1
26.68
25.86
23.3
17.15
21.45
25.09
26.15
25.54
25.03
24.84
22.37
10.5
11.82
21.25
17.3
7.56
7.03
8.64
14.31
16.68
9.54
20.56
21.86
23.21
15.28
14.43
13.92
15.24
14.59
17.41
23.48
22.29
20.16
17.01
16.12
19.25
21.07
23.01
16.94
7.97
0.94
6.45
16.33
17.97
13.42
9.22
11.89
-0.58
3.5
18.24
23.72
25.26
23.3
10.52
10.95
14.01
12.51
14.98
16.81
13.25
9.19
13.18
16.57
16.99
16.74
8.73
-12.88
-0.69
2.74
7.99
18.56
18.87
18.04
14.88
8.94
10.4
5.91
7.29
17.18
9.61
16.48
15.76
18.04
19.3
17.63
19.41
22.5
20.34
18.13
16.06
11.7
11.12
12.91
11.14
4.14
5.25
15.99
18.89
16.3
15.3
18.7
15.86
10.01
-3.25
8.28
8.9
10.62
14.71
9.48
9.43
7.24
3.63
-4.47
13.26
15.65
13.69
8.92
6.8
9.49
14.54
15.43
16.48
16.72
13.57
16.99
13.05
10.02
5.99
15.48
5.44
13.73
11.63
14.15
19.02
16.8
15.6
9.23
3.75
10.26
15.97
18.1
19.93
18.12
12.44
20.46
18.57
17.06
15.78
13.42
9.95
6.1
-4.08
15.07
18.71
14.56
13.49
6.4
9.46
15.92
19.1
19.53
16.34
10.75
16.71
18.74
17.05
14.57
14.39
10.95
11.85
3.72
16.85
14.45
-9.27
9.65
3.08
15.52
15.39
9.88
10
3.39
12.97
11.3
3.14
13.19
17.31
16.95
14.22
8
7.64
8.34
4.87
10.25
10.32
4.9
9.25
4.86
15.75
13.52
-5.36
3.8
13.23
17.55
17.21
13.45
16.24
19.66
19.3
15.4
13.62
4.94
12.92
15.4
13.83
17.93
15.21
13.27
18.86
20.42
15.72
13.16
5.19
15.67
15.11
14.62
12.93
12.06
17.98
21.97
23.11
21.74
19.96
14.43
15.48
18.32
16.61
16.13
17.63
17.82
18.54
15.61
4.35
14.05
16.73
10.02
13.13
16.35
15.93
17.41
17.42
13.28
7.8
15.01
16.57
-1.15
16.16
11.59
4.49
10.11
10.62
14.18
8.49
12.93
9.34
12.29
13.66
16.06
16.33
2.31
16.89
18.69
16.19
7.22
8.93
7.18
7.46
16.1
17.92
14.14
4.09
5.66
10.11
15.99
20.47
19.31
3.05
14.88
15.03
3.28
17.39
22.58
22.5
19.21
16.39
18.79
21.61
19.9
15.39
12.78
11.98
5.03
9.73
12.61
14.78
14.73
14.55
-0.02
7.03
6.04
6.71
11.99
14.27
-4.16
14.57
15.05
13.8
17.5
20.62
19.85
17.23
19.11
18.03
17.64
14.11
12.51
17.05
19.39
18.53
15.76
9.01
18.19
16.66
7.84
4.04
10.76
2.6
10.5
4.68
16.02
19.05
11.72
18.84
17.86
1.8
13.14
13.32
21.68
23.23
16.81
13.36
22.04
24.17
23.99
23.58
17.75
5.07
14.04
15.68
17.76
19.64
17.61
13.48
12.03
13.44
17.33
16.26
10.79
3.75
7.85
6.28
9.73
17.02
17.54
15.97
10.68
-5.83
7.28
10.64
9.15
4.83
16.82
24.02
25.78
22.95
16.07
16.23
15.12
8.1
7.4
12.47
14.55
17.13
18.51
13.22
13.68
18.15
14.88
9.28
16.83
16.65
9.03
12.96
10.97
14.15
14.98
16.88
7.59
14.5
15.52
10.42
9.54
13.55
16.7
16.82
15.34
18.66
19.99
13.59
14
19.21
18.14
17.59
18.56
21.06
22.23
20.69
14.18
13.35
18.24
14.59
11.5
14.84
10.96
4.6
15.54
23.29
21.95
16.25
17.64
20.46
17.03
-0.47
15.71
13.51
9.16
15.66
12.66
5.78
5.46
5.08
7.74
12.74
9.79
11.73
11.95
12.35
10.32
10.16
9.96
10.24
10.61
7.18
13.26
8.28
10.17
17.25
10.86
19.71
24.35
17.23
10.46
19.88
21.94
21.24
14.75
4.53
11.12
1.85
14.15
19.04
16.93
12.59
8.76
12.89
16.72
11.32
9.82
12.64
5.65
16.21
15.22
15.88
13.17
13.79
13.53
13.64
16.02
11.07
7.95
15.01
12.85
7.49
3.4
17.18
16.89
10.9
14.54
2.05
16.61
16.45
9.95
20.7
21.36
17.8
16.58
13.68
6.11
12.31
7.08
20.61
21.7
17.01
20.47
23.17
20.82
13.44
1.13
6.25
8.96
5.83
15.76
13.64
9
9.11
7.34
15.06
16.73
11.99
14.18
1.57
20.46
21.17
6.68
17.74
18.33
8.36
15.01
15.65
14.09
3.48
4.08
1.59
12.12
13.32
3.38
9.86
19.57
23.01
21.88
14.06
6.84
6.19
19.77
20.74
8.77
20.18
16.85
16.45
24.22
20.31
15.67
22.92
20.26
10.04
10.96
17.09
18.36
8.19
16.61
16.5
14.81
12.3
15.86
20.73
19.78
17.81
11.7
19.08
18.92
4.95
14.82
18.2
10.21
9.22
3.21
11.31
18.54
16.8
12.18
7.51
11.52
12.44
4.8
9.48
14.92
15.79
9.27
6.25
8.39
9.9
7.55
-7.65
-0.53
14.82
19.44
19.49
21.92
22.63
13.53
15.88
18.62
15.76
14.93
18.59
22.41
22.74
18.39
10.31
15.09
-1.76
9.45
16.63
22.91
19.4
19.24
21.74
19.15
13.23
10.47
17.04
23.08
22.32
12.13
18.23
16.32
13.53
14.25
12.93
20.5
23.62
18.81
6.99
6.92
10.61
18.94
20.37
17.62
8.64
9.25
10.63
14.96
12.45
1.15
15.29
18.85
21.87
19.59
12.67
7.15
13.63
22.69
24.49
20.01
9.41
0.91
10.94
20.74
20.51
16.11
18.47
19.17
17.56
17.36
15.88
12
8.06
13.61
17.56
11.86
8.31
2.88
17.43
17.01
15.99
6.89
17.33
13.3
10.18
15.19
14.93
8.92
8.18
5.19
11.21
4.99
14.54
18.11
11.3
17.02
20.68
17.33
15.53
17.47
21.97
20.45
22.47
22.42
15.1
6.47
17.23
17.31
17.22
18.9
15.91
7.31
18.18
18.35
16.66
15.16
7.23
16.21
18.51
14.52
15.34
14.74
20.25
21.3
14.04
13.31
7.16
20.62
22.01
14.54
16.05
17.86
16.85
18.19
14.94
19.13
21.59
17.49
21.05
18.06
17.84
18.29
6.02
15.69
18.27
18.52
20.88
15.03
17.67
23.37
17.49
13.44
17.32
10.42
19.26
21.36
22.14
22.99
16.79
13.66
13.53
14.16
21.37
21.26
17.19
23.23
25.36
20.95
7.95
8.35
18.88
15.34
16.94
22.83
20.07
12.05
21.83
20.81
17.36
18.99
14.03
11.58
16.67
11.89
15.72
13.88
10.81
15.69
14.55
18.19
17.44
17.03
20.56
20.07
13.69
11.5
10.74
10.68
16.71
9.53
18.15
20.4
11.29
17.71
16.84
16.96
14.93
17.65
21.55
17.98
10.49
12.8
18.8
19.91
19.9
21.73
19.13
14.89
8.01
15.91
16.82
15.78
21.05
16.86
17.12
21.75
18.5
8.74
7.16
15.09
15.89
5.81
13.13
11.48
5.69
12.46
11.73
16.28
15.71
11.74
20.8
14.92
18.68
13.15
12.57
12.89
20.6
21.46
17.63
13.16
15.03
18.33
16.99
4.84
16.34
21.46
19.8
18.34
16.67
13.16
15.68
17.4
16.48
20.23
17.52
9.41
12.82
0.18
13.5
11.58
3.86
12.24
13.21
11.21
4.93
13.75
17.39
16.02
8.22
11.68
9.24
7.54
13.35
14.3
14.97
11.89
15.01
14.97
9.3
14.99
2.66
12.06
9.93
20.1
15.09
2.33
1.94
5.03
16.16
12.32
11.37
18.73
21.08
21.2
16.67
7.45
10.14
12.69
16.25
17.4
15.16
13.15
9.41
6.85
18.66
21.28
20.83
19.06
14.13
10
11.31
12.99
16.5
14.14
10.55
9.36
13.56
17.57
16.17
15.99
17.21
16.5
12.6
6.57
14.18
10.55
11.83
11.01
9.22
11.66
10.12
6.86
10.9
15.26
19.57
21
15.66
-2.91
8.64
13.8
13.24
9.79
11.52
8.28
4.45
10.21
14.61
16.04
10.05
4.3
11.3
7.63
16.93
19.64
14.75
3
14.35
14.02
17.45
17.65
16.56
14.9
12.93
17.81
15.33
14.63
17.08
13.3
8.28
17.05
17.69
13.91
-2.98
-10.14
10.6
12.44
3.91
3.08
5.99
10.53
14.65
12.54
4.7
14.28
6.74
11.44
13.86
-6.72
14.89
15.4
10.52
10.93
5.1
0.77
7.78
7.8
10.91
11.65
10.82
10.79
11.01
16.79
17.01
10.76
3.6
2.85
1.79
6.71
9.57
9.65
6.88
11.54
2.3
16.46
15.97
15.06
21.44
21.91
17.9
20.81
23.34
18.42
0.56
11.61
0.85
11.01
11.57
16.64
16.96
9.1
7.6
-6.66
8.46
3.15
15.84
13.92
5.73
11.25
15.84
13.74
5.87
12.05
11.68
11.94
9.1
9.84
18.66
17.21
14.18
14.59
13.41
14.5
19.1
15.26
12.58
12.7
5.93
10.05
3.49
15.67
18.39
17.03
12.68
13.12
18.62
18.43
8.24
8.03
3.2
14.15
16.74
16.83
12.59
10.5
7.7
8.46
13.23
11.98
13.54
15.41
14.21
8.49
14.04
18.21
15.62
6.92
9.57
15.43
13.14
12.64
12.14
9.52
12.06
11.9
11.75
10.35
7.9
11.48
14.54
13.89
15.45
11.01
12.36
20.26
16.06
11.52
10.46
8.08
16.28
18.38
15.66
8.97
13.57
16.86
4.36
8.59
6.58
12.32
7.2
14.28
15.24
17.59
16.73
15.1
17.25
14.38
11.64
15.11
-1.5
5.03
12.1
17.46
15.58
2.37
16.36
17.91
16.05
13.05
14.91
12.55
11.9
-7.43
16.67
20.12
16.69
11.07
10.55
9.71
6.69
13.36
17.56
16.38
3.25
13.36
16.61
18.06
20.85
19.45
15.76
13.57
10.46
10.85
12.67
15.06
14.28
16.51
9.9
12.47
12.52
5.04
8.1
13.45
16.03
17.5
14.17
7.39
17.53
14.99
7.9
14.07
11.14
18.7
19.68
19.27
10.93
13.94
17.44
15.75
6.27
2.12
7.76
4.97
0.78
9.45
8.61
5.92
17.06
19.03
13.36
13.59
17.74
9.73
12.35
14.38
-0.1
10.03
10.96
6.3
0.38
13.33
18.01
16.65
13.57
14.19
16.5
11.33
14.67
20.42
17.52
10.76
9.07
11.41
12.88
12.21
8.55
7.45
6.33
17.33
17.95
12.55
15.48
16.43
18.66
16.77
16.36
16.86
11.35
1.84
0.4
14.07
12.64
17.4
19.09
17.36
14.4
13.22
13.39
16.51
18.97
18.86
15.97
8.05
5.9
15.52
17.5
16.82
18.05
15.79
8.37
1.59
-7.3
4.22
14.36
13.42
8.19
14.09
10.85
13.21
13.68
6.44
13.23
19.48
18.29
6.12
9.88
15.03
19.94
21.39
18.5
5.77
15.44
16.9
15.4
14.96
15.44
13.77
8.7
13.42
5.29
15.98
12.49
12.91
14.46
12.04
9.79
3.08
10.05
11.19
13.89
14.3
4.19
11.56
13.43
10.24
11.25
12.02
7.37
11.76
6.44
11.1
16.6
19.65
18.95
15.74
9.79
6.98
12.84
7.26
13.58
13.4
15.81
14.95
8.67
5.99
12.26
8.96
-2.09
12.16
13.19
11.25
11.34
11.31
18.25
21.69
19.39
13.62
15.24
7.23
5.01
8.51
16.63
18.43
14.97
12.66
10.72
11.21
17.69
20.3
19.23
17.07
12.05
8.26
10.93
8.73
16.5
18.44
16.84
15.44
4.18
9.27
8.72
12.03
12.46
14.89
16.47
14.4
9.96
8.22
11.86
9.19
11.16
14.09
14.24
16.11
14.01
12.29
15.36
16.9
14.49
15.99
16.34
3.33
11.15
13.62
4.93
3.84
10.13
14.92
18.62
19.24
16.58
13.7
13.12
17.72
21.8
20.74
13.52
10.88
14
15.74
18.65
18.06
7.41
14.93
11.07
-1.35
16.62
20.65
20.23
19.59
19.52
18.83
15.26
9.9
7.75
8.84
12.67
19.16
21.06
18.65
13.9
7.91
7.22
6.52
7.97
12.69
16.48
12.58
16.13
19.81
18.56
18.87
17.57
1.08
6
1.31
2.23
8.35
8.5
1.22
5.34
12.74
17.37
16.83
10.9
2.49
-1.97
10.61
16.83
15.23
11.36
14.35
18.53
21.43
19.51
10.73
-2.4
10.21
18.51
21.39
19.44
14.97
14.65
8.84
-2.25
10.31
18.56
18.56
15.74
12.23
5.96
16.9
20.52
18.72
15.95
16.06
15.91
15.7
12.27
8.37
11.08
11.82
8.82
11.44
11.73
11.29
-0.6
10.72
15.13
19.87
22.3
20.63
16.78
10.69
-3.66
-10.08
5.33
9.54
5.28
10.54
12.77
10.91
0.39
12.82
15.07
14.1
13.62
12.89
12.49
8.22
6.55
-3.35
11.59
14.28
11.39
6.66
8
15.18
12.67
2.29
4.96
14.92
15.11
11.64
14.39
13.03
15.5
16.8
14.43
9.83
8.33
5.23
15.07
17.52
13.96
5.37
9.99
8.84
9.12
9.23
11.71
4.26
0.02
9.79
15.85
15.41
11.13
6.93
9.69
15.7
17.73
16.51
12.35
10.46
15.38
16.84
9.88
10.33
13.31
13.42
14.56
8.76
10.16
14.23
11.11
4.23
-0.63
-1.48
-9.62
3.58
9.46
11.09
13.37
17.76
16.22
10.63
10.35
3.23
2.41
6.29
10.67
11.2
17.88
20.13
20.36
17.98
14.57
11.72
16.46
16.78
16.31
15.06
12.36
12.23
10.59
0.24
-0.66
-2.91
10.95
14.26
13.08
13.51
14.04
6.87
5.39
7.87
4.78
5.95
4.42
8.23
17.19
15.01
1.4
-0.02
14.74
16.86
15.45
14.15
15.28
17.21
16
13.83
14.99
16.2
19.18
21.2
19.69
17.57
11.43
-15.69
-2.41
8.66
-2.35
10.31
8.76
-0.04
3.39
11.09
14.85
10.57
4.54
13.17
14.9
10.58
6.94
14.55
17.66
20.85
18.6
1.77
13.43
15.53
13.17
11.9
9.77
1.54
4.77
8.37
10.16
11.46
1.83
12.76
11.03
15.37
15.96
15.88
17.6
16.8
17.42
17.35
12.58
4.35
1.86
1.7
9.46
11.77
15.25
15.63
5.27
-14.28
-0.17
4.66
-5.55
-1.39
12.99
17.65
16.9
14.7
10.2
5.55
2.19
14
14.92
17.01
15.18
16.14
17.3
13.32
15.31
19.13
16.26
-1.07
11.14
14.87
17.51
14.47
9.8
10.81
7.49
4.63
9.48
12.95
15.07
10.83
7.18
15.91
14.47
3.93
9.23
16.34
18.61
16.2
11.1
11.83
14.55
16.43
13.96
11.64
7.84
5.53
15.32
17.54
10
11.21
17.32
20.35
19.41
13.58
15.16
10.04
-19.84
6.25
13.79
14.41
9.35
1.87
14.2
15.06
15.04
13.24
-0.71
16.17
17.49
13.59
7.65
8.5
12
14.58
15.29
14.43
12.69
10.68
3.96
16.15
16.89
13.42
9.21
10.8
15.31
14.87
15.61
13.58
19.34
18.28
16.66
12.14
15.02
18.94
17.47
4.76
12.89
15.64
17.39
17.81
13.82
9.77
18.36
18.93
11.98
11.79
19.58
20.01
19.18
11.05
17.88
21.99
18.37
1.61
18.1
21.7
21.08
13.51
11
17.76
20.28
18.97
13.4
14.13
13.07
21.66
25.51
20.39
10.68
18.23
18.62
17.58
20.06
21.32
19.35
15.18
10.23
9.32
16.86
15.27
10.99
10.11
8.34
15.25
11.31
17.19
20.1
17.14
9.11
13.02
16.1
17.05
14.04
7.44
9.79
16.73
18.03
15.82
10.48
6.87
15.18
13.33
10.11
17.71
17.94
14.51
17.2
20.13
17.73
11.52
12.59
16.47
18.55
17.94
9.47
12.55
18.01
16.7
10.34
13.91
17.7
19.88
18.25
10.42
12.43
12.6
10.25
9.05
12.19
9.57
6.36
13.84
13.79
16.29
16.62
15.78
10.91
15.84
18.81
16.96
15.12
14.83
17.61
14.77
7.25
-2.31
12.1
18.27
20.84
15.37
11.41
15.04
9.52
1.51
15.86
18.71
16.7
13.57
11.43
9.44
14.55
16.56
13.43
1.11
9.61
15.42
18.75
15.68
11.75
18.52
19.54
17.11
15.03
9.9
-3.56
3.18
-0.88
9.09
16.73
19.63
20.13
15.6
-5.25
12.01
16.43
13.9
4.79
14.72
17.95
14.89
16.73
19.23
16.91
10.93
9.24
15.86
17.67
16.97
0.81
15.25
16.24
11.55
2.62
6.06
14.28
19.28
15.3
11.38
15.96
15.76
16.02
12.91
6.46
16.41
18.19
17.26
13.53
12.51
14.3
12.59
12.05
13.44
6.36
2.08
16.03
17.7
9.67
15.31
16.7
11.41
9.58
0.15
10.36
12.28
17.38
19.59
17.2
13.21
13.59
13.05
10.24
6.5
12.17
18.7
17.99
13.35
10.54
9.26
0.64
-2.92
-4.9
10.13
12.95
13.31
13.34
14.76
17.77
17.57
10.19
1.77
8.38
10.83
14.1
14.05
9.08
7.04
15.15
17.15
15.34
13.08
10.21
9.95
13.18
16.59
16.28
11.77
11.95
9.99
13.55
14.93
12.24
9.41
5.44
17.72
18.47
12.77
6.7
13.42
9.28
0.76
2.57
1.7
13.32
16.96
17.03
15.02
12.45
7.73
7.65
9.69
10.92
11.75
12.72
10.65
5.07
12.03
12.62
8.79
10.25
12.95
15.45
11.37
10.27
11.86
8.69
13.92
9.88
4.38
13.37
5.44
12.74
14.59
9.19
11.38
16.97
18.32
15
10.12
5.11
10.87
11.86
13.64
15.17
17.66
20.01
12.59
15.12
12.2
5.87
11.93
15.83
14.19
-2.57
-1.06
3.28
-4.55
8.8
12.39
10.68
9.8
8.98
15.66
15.45
13.73
14.64
15.46
15.88
12.68
9.86
13.29
1.89
10.65
14.1
9.76
2.89
-5.72
2.26
9.08
13.75
15.31
18.85
17.58
14.9
15.1
-6.21
7.27
6.87
12.05
10.2
13.61
8.8
7.12
8.97
12.18
12.22
9.78
11.4
14.47
15.11
13.04
14.67
18.33
16.06
1.24
12.69
16.18
14.68
7.51
10.84
-6.14
5.4
12.11
12.98
9.74
9.49
12.43
12.08
7.68
10.54
13.86
10.3
14.49
13.1
12.61
16.38
16.23
14.15
-1
13.35
11.42
16.06
16.18
11.56
7.9
12.75
11.53
14.15
5.52
0.34
9.88
15.16
11.66
8.66
7.69
8.77
7.3
-0.79
2.48
10.75
15.92
13.37
2.48
10.71
14.58
13.92
13.55
16.46
11.26
7.26
12.52
9.45
10.35
4.14
-4.19
13.77
13.68
11.54
15.26
18.28
17.2
11.88
9.25
-0.6
-8.18
9.89
14.73
14.03
8.94
9.17
12.71
17.76
17.67
15.11
10.64
12.65
13.77
14.34
14.08
11.65
11.65
9.79
-10.34
2.84
5.55
7.94
8.08
10.28
10.97
9.9
13.55
15.31
9.23
3.87
1.21
13.16
9.53
9.68
12.23
13.26
15.8
15.43
9.63
1.74
3.34
6.61
8.97
15.27
15.96
10.29
0.67
-6.1
0.46
14.24
17.17
15.55
9.73
10.01
11.41
9.67
12.06
6.66
-1.39
12.16
17.44
5.93
12.68
7.75
3.49
6.15
7.14
12.49
16.43
16.73
15.19
14.15
11.12
7.43
4.2
5.01
10.76
3.06
0.7
4.29
4.83
10.77
13.45
10.84
6.01
11.76
13.15
12.97
17.36
21.21
20
7.99
16.78
20.32
18.3
15.61
13.97
9.79
6.08
-7.19
8.25
11.57
11.58
10.18
15.86
13.41
-2.61
9.33
11.68
11.01
14.73
11.81
13.43
15.43
15.63
11.73
12.45
16.04
13.11
10.46
10.16
4.78
4.9
12.65
12.8
10.29
2.75
4.26
14.75
15.88
8.96
12.55
15.08
8.49
9.5
11.69
11.47
15.03
13.64
9.7
0.65
4.38
3.63
13.28
13.28
9.69
6.91
-11.62
7.41
11.97
1.41
2.1
0.55
-1.92
2.68
4.42
6.57
6.5
9.53
10.24
6.14
9.74
7.39
9.62
14.01
11.89
3.87
3.86
-1.67
3.99
10.92
9.68
3.1
7.57
8.51
10.67
12.16
9.79
9.4
11.16
14.33
12.39
10.82
6.23
-1.66
-1.54
9.6
12.12
10.02
8.26
11.22
12
8.42
14.09
12.26
7.2
-0.63
3.81
7.07
7.89
3.54
11.11
11.96
5.35
5.65
12.81
11.04
7.7
6.37
12.88
12.67
11.2
15.33
11.97
6.45
11.72
13.88
14.02
12.07
5.9
16.08
13.81
13.66
10.1
16.05
10.52
-1.49
6.35
7.47
12.78
14.75
6.68
9.06
16.35
17.66
12.55
5.06
14.2
12.91
10.87
11.11
-1.53
9.64
10.37
7.96
9.24
16.97
19.23
13.46
8.74
9.52
8.63
9.7
7.9
16.14
16.01
10.25
9.74
13.91
15.31
15.48
11.8
9.44
15.56
10.18
4.17
13.75
16.26
15.61
13.75
11.24
5.65
12.11
14.95
15.23
13.1
13.05
13.78
14.58
16.93
17.65
12.66
13.97
12.04
7.74
10.15
14.21
14.35
16.87
18.8
12.01
9.41
11.88
11.24
10.75
15.78
18.11
16.04
13.08
12.05
15.47
14.74
8.96
2.33
7.95
11.71
14.26
16.09
7.94
14.07
14.17
8.7
13.33
16.96
14.91
13.06
16.72
15.78
14.51
15.93
10.71
15.94
17.86
10.67
-2.33
4.64
6.81
9.57
11.36
9.52
8.63
17.47
16.61
7.07
-8.37
7.95
14.99
14.9
8.9
-5.58
7.94
14.53
14.82
16.12
17.9
15.81
17.64
18.52
12.09
8.05
17.03
20.87
19.01
13.61
15.14
12.05
-12.54
9.96
10.05
13.14
14.1
7.2
-10.44
11.47
14.16
16
17.64
14.07
-7.05
9.23
15.76
19.38
16.78
2.05
18.78
20.9
19.15
13.79
4.4
13.24
7.75
7.52
14.71
11.98
-7.48
1.11
10.1
7.22
6.67
13.64
13.34
1.42
4.05
7.69
6.01
3.35
13.59
13.5
7.24
12.68
16.44
11.92
1.29
13.52
18.1
19.26
14.18
10.65
16.38
15.38
11.93
8.35
14.55
16.61
14.97
13.31
10.66
12.89
12.78
12.16
12.14
10.78
16.78
17.46
16.82
10.86
10.89
15.44
6.24
8.25
4.08
8.32
12
10.79
8.1
8.08
10.88
11.7
12.45
13.01
8.37
6.93
14.6
15.2
11.95
7.31
3.53
12.74
16.68
13.83
6.83
10.17
15.35
14.6
10.84
4.78
6.7
7.37
1.28
12.86
12.24
-3.42
9.74
13.89
13.45
6.19
10.65
15.98
16.77
5.32
16.24
18.76
14.55
0.17
14.42
15.76
14.85
13.78
14.6
14.76
16.88
13.92
7.3
11.48
15.11
14.38
6.5
9.69
12.51
12.46
10.54
10.11
4.9
3.41
12.59
13.47
13.81
15.2
9.91
9.28
12.74
10.13
13.78
14.16
6.63
-0.52
-13.62
7.31
12.9
17.33
18.78
15.05
12.91
15.26
14.74
15.12
13.57
8.78
1.96
5.03
13.43
12.11
9.93
16.39
17.26
13.57
13.38
12.71
10.64
4.65
12.38
14.93
10.32
10.11
14.31
4.59
3.75
-1.7
10.57
13.95
6.6
8.66
11.27
12.28
16.14
17.79
19.6
19.55
15.08
-3.35
13.53
14.87
10.51
9.53
17.88
19.09
14.55
13.32
16.52
18.8
18.39
14.71
2.93
8.93
13.28
15.41
10
13.84
14.91
-0.06
3.11
2.55
3.44
11.68
15.36
18.24
17.31
11.95
8.81
10.97
13.05
10.35
1.19
3.84
8.64
16.71
17.37
12.58
10.71
15.28
10.86
2.98
11.54
7.48
9.52
11.99
11.75
6.74
14.31
20.17
20.27
15.95
16.62
19.76
