5.07
4.77
11.14
11.31
1.04
4.4
-5.44
6.72
6.3
6.54
9.57
10.28
2.37
8.17
5.33
9.14
9.06
8.9
12.36
10.6
8.5
-12.31
11.55
9.59
5.88
11.96
9.96
2.66
6.8
11.67
14.58
16.68
12.47
-11.28
8.48
10.61
9.76
5.82
6.58
4.32
4.08
10.43
0.91
7.85
9.3
9.84
8.39
1.53
-1.4
10.87
12.62
6.83
1.58
6.48
-0.92
7.07
10.97
12.16
10.66
12.75
15.63
16.01
17.16
16.51
8.98
9.93
10.48
11.12
10.28
-0.53
1.73
8.68
7.94
9.66
13.01
8.46
8.14
6.54
-7.38
-8.09
-2.06
-1.72
-4.68
12.57
11.46
13.09
15.82
13.58
11.36
14.24
15.41
16.55
16.28
8.44
15.61
17.29
14.82
12.31
13.93
14.94
11.45
4.74
-18.55
4.14
6.32
9.18
16.2
17.21
13.76
10.7
6.02
17.91
18.81
14.15
11.58
10.12
10.35
3.48
1.14
2.45
10.92
12.31
10.15
-8.7
6.27
10.16
11.79
12.58
9.83
6.56
10.57
15.92
14.8
12.28
10.28
-9.26
5.53
9.97
10.35
9.91
12.01
6.45
-7.15
1.53
1.12
0.81
12.24
12.18
5.12
10.78
15.52
14.76
13.63
12.04
4.9
11.03
14.12
14.67
13.01
3.54
-0.98
9.11
14.21
14.26
13.09
7.24
-7.68
-12.06
7.7
10.15
7.94
9.89
8.51
-8.18
5.48
5.7
5.54
-2.91
10.5
11.73
2.85
7.3
14.39
13.62
9.64
7.41
10.31
7.38
5.4
13.3
16.12
16.57
17.38
13.19
3.24
3.48
10.12
5.94
10.81
17.12
18.29
16.9
11.33
6.37
2
-5.76
-16.38
10.08
16.54
11.51
11.09
10.19
2.01
11.74
15.01
7.4
3.56
9.74
12.19
8.86
3.8
0.61
-2.66
0.07
-1.84
6.5
9.53
8.86
8.59
14.57
15.33
14.86
10.5
-12.94
-5.1
7.66
15.28
17.81
17.05
11.97
7.41
9.39
12.58
14.17
14.57
12.15
7.75
10.1
10.36
9.5
13.56
12.24
1.17
1.77
4.08
2.09
9.67
11.27
10.6
7.82
6.01
1.39
11.59
13.18
9.8
-8.23
12.59
14.04
14.21
14.87
6.65
-0.52
6.95
6.76
2.86
5.16
5.61
6.84
9.85
6.01
-1.54
9.11
8.06
-0.94
9.6
12.18
13.06
13.55
17.3
15.39
6.26
8.41
11.62
17.96
17.18
6.31
-6.83
2.5
0.47
7.85
11.68
13.81
12.93
8.08
12.25
14.96
12.11
9.02
16.48
15.51
12.89
11.18
5.36
12.06
16.31
11.3
9.22
12.79
10.82
11.94
6.5
-25.16
-2.99
3.96
4.04
6.61
11.65
8.11
3.53
-2.98
5.2
6.93
6.66
10.81
9.9
5.05
10.41
15.71
14.62
14.41
15.57
14.59
10.1
-4.15
-0.15
-8.42
10.58
14.54
9.9
-3.94
12.62
12.74
5.7
11.76
10.39
6.69
9.98
5.67
6.02
5.24
-1.64
6.01
-1.16
2.91
1.57
7.68
8.8
5.94
6.21
16
16.36
12.09
-1.59
-1.09
12.54
16.05
10.8
7.91
12.03
4.05
10.37
8.84
7.18
2.23
10.88
10.51
7.4
11.48
10.8
10.44
9.96
3.84
8.18
12.28
7.1
9.21
7.87
1.64
3.77
9.24
4.31
7.5
6.37
13.75
13.42
8.23
-10
4.32
7.78
8.1
9.22
6.95
7.44
0.61
6.33
-2
1.6
-1.13
1.02
3.24
-7.58
8.83
10.41
7.43
8.45
6.46
9.51
9.27
-5.86
9.28
8.28
-1.07
3.42
3.51
12.21
14.7
9.21
5.74
10.34
4.49
7.93
15.42
16.01
11.74
9.58
7.4
13.49
14.53
10.81
11
9.31
-4.13
11.13
17.71
19.62
16.36
9.06
6.98
6.91
8.66
2.18
10.29
16.49
16.16
12.83
12.26
9.5
0.09
9.83
15.94
15.08
9.49
9.16
12.46
11.71
10.41
12.7
0.92
7.74
10.85
4.55
6.78
12.17
15.23
14.32
8.25
-5.41
9.44
13.41
17.13
15.8
4.31
0.02
10.6
11.7
12.02
14.85
15.23
14.15
13.74
16.03
17.02
8.09
13.32
13.72
12.02
10.7
9.53
1.3
11.65
12.93
8.65
2.67
4.32
8.81
6.01
12.15
14.26
13.51
7.84
10.55
12.06
11.29
5.68
-0.9
4.88
14.44
11.76
3.43
7.88
1.4
6.75
6.91
-12.84
-5.52
7.89
8.1
2.57
6.79
14.06
12.82
9.17
11.93
9.17
11.78
13.3
7.4
9.69
14.69
11.01
11.43
13.85
7.63
5.6
8.86
11.78
13.84
12.24
7.08
8.39
9.3
2.12
1.19
2.82
4.99
-3.11
0.16
4.03
-0.37
5.77
8.6
7.85
10.58
8.25
8.51
6.98
10.78
12.52
6.67
7.55
1.68
4.69
5.01
12.51
14.26
3.64
9.84
14.52
13.94
8.75
9.63
13.38
13.91
10.18
7.17
12.07
11.32
13.34
10.67
9.87
18.5
15.74
-16.16
12.57
14.37
13.67
10.72
10.48
12.79
5.91
0.8
-1.93
8.34
9.92
1.9
11.17
14.55
11.03
5.55
9.27
7.96
8.61
5.13
10.55
10.06
10.58
11.98
7.69
8.34
5.01
4.44
-11.42
5.72
8.15
7.76
6.97
11.76
10.83
-6.77
5.8
10.7
9.01
-0.89
5.3
6.13
4.72
11.74
12.75
3.41
11.59
11.56
14.68
16.36
10.02
2.28
10.78
9.99
6.39
13.39
9.46
7.04
11.3
10.77
6.42
0.89
8.61
2.09
6.47
8.77
6.26
4.18
8.46
8.73
14.17
11.15
3.72
12.61
9.95
9.73
10.75
11.14
10.49
12.98
10.88
6.72
5.58
4.42
-9.67
7.47
10.96
14.74
12.6
6.21
13.43
13.15
9.32
5.04
-5.32
6.55
13.44
11.8
14
14.75
12.21
7.28
5.3
9.78
8.98
4.63
5.09
12.8
15
14.1
11.14
6.68
12.14
16.46
16.28
13.12
11.6
9.93
9.75
-0.52
8.96
11.57
11.41
10.92
6.62
10.21
15.46
17.37
14.74
3.2
0.39
6.8
12.16
12.99
13.55
11.58
4.76
6.91
9.27
11.91
10.45
5.85
12.08
15.67
12.75
2.07
1.13
10.68
9.9
8.29
13.08
13.5
12.18
13
9.97
14.61
15.36
11.59
8.43
8.66
-24.51
12.66
16.72
15.05
10.09
8.81
12.68
15.63
13.66
5.04
12.03
12.79
12.45
12.27
7.19
0.79
6.78
10.68
0.42
3.96
6.81
6.05
5.23
8.93
4.81
9.25
-8.15
6.29
9.21
12.1
11.11
7.21
4.61
14.97
12.89
2.18
11.34
7.86
6.58
11.01
11.4
18.23
20.04
19.35
18.37
16.09
18.16
12.92
16.03
21.36
21.12
22.72
19.68
21.07
22.94
21.39
16.34
20.45
27.38
27.26
21.97
20.25
17.44
18.17
16.52
19.01
15.1
16.82
22.77
24.59
22.11
18.73
9.04
18
17.55
17.49
25.81
28.03
20.78
17.38
22.76
23.56
19.67
12.25
16.74
21.61
26.8
29.46
28.04
23.47
18.77
14.15
26.67
28.44
21.59
22.85
24.15
21.8
21.84
20.51
16.73
16.82
16.4
8.01
14.43
16.47
12.81
11.21
-12.94
6.03
-6.63
17.36
20.74
15
15.48
19.93
15.98
15.45
23.04
14.03
12.9
23.42
28.31
26.79
20.5
10.28
14.87
6.15
19.78
25.33
27.72
28.46
28.66
25.63
18.62
25.92
21.06
16.94
17.45
11.42
21.1
23.85
22.55
19.46
19.08
27.22
24.37
16.81
23.8
23.84
19.16
15.54
-8.47
17.74
21.87
21.01
16.88
22.87
21.37
22.18
24.3
16.85
15.87
15.74
21.25
16.47
17.34
13.88
21.62
18.83
2.17
12.03
22.85
25.48
25.18
25.4
20.25
17.61
13.66
22.32
20.33
23.58
24.51
23.66
21.44
25.81
28.69
28.02
26.43
21.29
8.8
9.54
22.37
21.68
-2.98
22.51
28.47
27.43
13.83
21.2
23.01
21.9
22.57
22.29
15.05
11.36
16.09
21.08
24.09
25.22
21.45
15.37
10.07
-3.73
7.91
20.49
26.01
26.24
24.54
20.44
10.27
5.69
24.02
27.9
26.08
19.67
23.79
26.62
27.41
19.98
22.96
21.7
17.27
11.19
21.3
22.09
18
17.7
19.35
9.89
19.54
23.5
21.17
23.12
25.12
21.61
17.54
17.71
22.04
15.27
-3.85
21.41
29.66
30.99
26.46
24.11
20.35
22.42
14.59
18.72
16.82
22.06
19.21
22.13
18.68
25.4
21.09
16.71
20.86
11.45
10.16
19.03
21.84
23.81
12.86
20.1
22.28
11.64
17.59
6.87
17.31
18.15
22.3
22.94
21.05
7.71
17.87
24.31
26.1
16.54
15.65
17.69
15.66
21.08
25.19
22.4
12.75
12.89
12.23
14.43
20.97
22.54
24.06
17.24
16.25
12.49
22.11
18.23
10.35
11.58
16.69
24.32
23.24
-3.04
8.69
5.21
11.94
22.69
19.88
8.73
15.22
21.83
18.78
17.41
21.76
19.92
19.86
18.86
10.97
14.27
15.56
14.53
15.44
22.71
26.52
26.15
22.22
23.28
21.73
9.96
20.89
17.1
13.16
13.49
21.46
11.64
6.64
10.09
17.32
18.88
24.58
25.24
22.55
17.78
11.44
15.82
16.86
17.06
17.31
22.75
19.95
15.18
11.57
15.06
17.1
21.28
20.94
-4.76
17.78
18.56
13.25
4.87
17.38
17.55
11.58
18.64
16.75
-3.79
18.12
16.01
9.79
14.7
16.66
9.7
13.56
6.7
6.24
17.7
18.21
8.64
9.16
21.55
21.49
6.32
13.8
14.82
16.38
-4.26
16.01
17.13
15.28
14.57
19.71
16.54
18.76
16.99
11.83
9.68
14.51
16.49
10.25
8.7
7.96
17.84
11.12
11.01
6.38
11.43
15.51
15.41
15.57
17.22
16.79
12.99
12.55
12.03
13.23
11.73
15.25
11.92
10.56
6.36
5.99
13.82
10.99
-7.66
7.09
12.07
15.8
19.43
19.57
16.59
19.42
16.26
5.04
14.65
8.29
11.78
9.9
12.53
16
17.13
11.97
1.24
12.14
20.11
20.91
17.85
22.43
21.62
20.45
25.6
21.64
13.93
14.87
9.66
13.46
22.26
17.67
3.78
18.36
20.36
22.28
24.76
18.22
18.26
23.53
23.38
17.23
16.47
12.59
15.23
7.58
16.44
20.9
16.25
18.75
24.94
25.76
24.35
21.78
19.55
20.65
18.36
15.31
16.46
18.97
21.18
21.59
20.6
10.9
3.76
16.1
17.95
9.7
10.7
6.94
14.5
19.44
21.69
22.37
20.25
25.42
24.64
16.79
13.16
16.83
17.15
15.99
14.97
9.43
7.14
7.66
18
22.59
18.34
6.72
18.93
20.68
16.51
23.11
11.61
15.73
13.35
6.3
12.05
15.71
5.56
12.83
15.66
22.26
26.09
26.62
24.84
23.51
24.74
23.61
20.42
13.61
18.64
17.23
5.39
18.11
14.51
2.38
16.22
21.55
17.82
18.65
23.48
21.33
13.02
7.79
14.56
20.43
21.43
16
19.31
24.82
20.8
11.04
16.09
14.15
9.14
19.26
22.09
20.64
18.76
14.38
10.43
4.54
15.24
23.96
25.66
25.74
26.8
24.1
17.02
3.4
18.8
21.82
20.62
12.41
15.59
2.75
20.44
26.29
26.27
15.96
19.89
21.02
14.67
9.95
18.47
22.33
21.64
16.06
15.45
3.71
18.01
17.38
17.73
18.81
15.29
14.64
2.95
18.07
19.6
11.03
5.71
1.41
5.71
18.38
21.36
19.82
7.7
22.53
25.95
19.9
19.96
21.74
18.76
21.92
23.14
24.34
25.44
12.28
20.57
25.55
26.58
26.16
23.12
9.57
18.35
12.59
-0.9
19.54
15.75
9.46
19.34
23.5
23.18
26.39
25.95
14.65
17.41
17.85
19.08
9.85
7.24
15.22
10.9
16.94
16.06
9.73
16.95
21.23
20.23
-13.74
6.27
9.8
12.91
11.88
13.5
9.19
22.4
21.99
9.74
14.75
21.08
19.89
15.83
16.15
17.36
12.32
15.15
20.46
19.85
15.46
22.01
23.62
20.53
16.55
16.39
24.93
22.36
10.01
18.33
4.03
17.35
15.14
22.54
23.23
20.24
16.18
19.83
-2.79
20.47
19.88
17.24
15.82
14.92
17.28
19.34
19.95
8.94
16.29
7.69
13.51
18.8
22.18
24.07
17.14
18.69
20.4
18.72
18.41
8.88
19.32
16.68
14.62
16.49
7.14
16.27
16.11
20.48
21.63
19.97
15.15
13.67
10.25
8.19
12.72
10.86
9.93
16.8
13.55
6.3
17.53
23.27
23.9
20.68
11.43
15.34
20.02
21.02
17.6
9.47
10.07
16.95
22.25
23.41
18.08
7.14
11.35
10.63
18.94
21.27
23.06
20.89
7.86
16.91
15.03
14.84
12.91
17.77
20.9
18.93
13.18
-1.81
8.46
16.17
15.24
13.7
14.62
16.94
16.13
10.88
14
19.41
22.05
20.23
19.69
20.2
21.7
23.28
19.71
20.22
25.38
24.67
19.91
2.15
20.88
24.12
18.5
17.71
23.18
22.35
20.23
7
16.02
18.27
20.98
11.1
11.14
5.76
19.46
17.09
7.67
10.79
13.91
20.12
16.98
17.44
21.49
20.04
14.83
9.2
10.22
20.84
24.26
20.23
17.29
18.94
24.63
22.54
13.64
20.22
22.6
26.09
27.78
25.64
16.8
22.64
21.84
16.26
19.56
25.27
26.27
25.94
24.17
18.8
13.66
15.53
22.06
24.99
25.25
24.15
22.61
17.7
18.2
13.69
7.57
16.13
21.59
20.68
14.23
16.63
15.77
10.68
22.67
24.28
26.22
24.68
9.3
20.35
12.07
20.57
22.42
22.78
21.58
20.84
22.49
15.03
16.57
17.4
24.27
26.78
27.59
25.47
18.71
6.23
17.59
24.24
24.09
15.85
13.9
4.79
13.73
21.02
20.87
19.52
22.47
24.36
23.77
11.58
16.38
12.32
23.46
23.97
12.39
15.34
7.14
18.9
17.1
18.39
18.75
14.02
16.51
17.55
19.32
14.86
21.64
24.59
19.82
13.5
22.24
17.57
16.3
17.17
12.71
18.62
18.18
15.98
17.78
20.74
13.06
22.57
26.57
23.53
19.07
18.46
18.51
13.1
12.74
15.9
18.5
15.83
5.2
20.94
20.69
16.45
20.87
20.5
19.29
20.2
18.83
23.61
24.34
21.7
22.53
20.5
10.98
10.93
15.93
17.38
22.35
20.95
17.18
11.86
24.99
30.55
25.06
21.31
22.87
14.99
21.76
18.9
7.47
18.96
28.06
29.21
19.89
20.53
17.02
15.14
20.86
20.46
20.4
30.19
36.3
34.89
26.73
17.78
25.77
30.9
28.73
26.72
24.65
16.35
13.7
23.21
17.25
14.13
20.03
21.79
22.08
19.77
22.16
25.22
23.5
23.67
25.93
19.84
17.67
19.46
36.94
44.14
42.3
31.7
14.3
11.07
19.13
16.77
20.87
25.7
23.15
9.29
21.02
18.04
13.94
7.72
-1.42
9.48
13.52
13.65
14.45
4.83
12.69
18.1
13.75
16.14
20.17
29.46
42.18
45.91
40.53
27.44
26.35
21.09
12.34
15.68
10.73
12.7
18.15
15.12
19.82
20.55
17.18
18.32
4.71
15.11
2.61
22.09
24.55
26.25
28
32.84
27.93
10.5
14.32
13.07
17.76
26.12
25.56
23.6
25.99
26.69
24.26
20.44
23.32
26.54
26.56
26.33
22.47
12.08
20.94
21.66
19.49
14.5
5.58
18.04
17.98
14.96
12.35
29.09
40.56
42.95
35.52
-10.58
5.2
-0.19
8.99
13.01
14.63
23.3
24.88
17.06
15.86
32.91
36.54
29.46
24.06
19.74
18.43
20.72
25.88
27.59
29.71
27.47
20.94
21.23
13.71
22.6
23.96
30.08
42.34
45.2
38.75
21.4
18.1
21.75
18.53
18.26
23.59
16.29
19.97
24.8
26.99
26.94
23.83
18.8
18.57
20.57
23.03
26.46
24.25
15.02
14.88
11.69
15.27
18.36
-8.88
10.53
8.79
8.66
15.19
21.1
17.91
22.65
20.15
22.09
25.86
23.61
16.08
20.31
23.02
26.02
23.97
18.71
21
21.49
25.5
31.36
31.46
24.52
19.84
32.01
43.61
45.06
37.06
14.01
15.18
21.82
22.88
24.21
26.12
26.95
25.53
24.38
25.14
23.04
24.99
28.13
25.73
18.79
19.96
13.84
15.18
20.02
21
8.81
16.22
12.6
18.26
25.95
28.35
23.89
11.76
19.92
25.21
22.76
14.19
25.57
21.6
19.38
19.11
7.89
19.25
10.91
20.07
23.97
25.28
25.39
13.18
19.98
19.21
13.41
13.36
22.31
23.21
25.51
16.65
-6.07
19.44
20.34
10.57
21.61
12.3
23.7
19.95
17.59
19.4
16.47
20.73
15.56
14.8
17.9
23.04
22.31
38.57
41.79
35.72
22.27
17.55
23.11
16.91
21.06
26.39
21.86
31.1
37.16
34.01
24.99
26.42
33.94
34.45
34.26
41.36
43.76
38.63
23.43
21.03
26.94
28.03
26.61
26.63
27.74
28.39
28.21
26.58
30.61
22.89
27.02
28.49
23.3
21.54
17.08
23.71
19.41
25.37
33.27
31.94
25.64
22.84
25.43
23.69
14.44
27.38
27.59
16.17
24.11
26.98
23.83
24.15
29.22
28.06
24.26
28.48
28.71
23.97
22.14
29.9
29.59
27.95
27.04
25.27
20.18
22.47
29.82
26.35
22.16
24.88
25.08
21.65
18.85
14.04
21
24.64
40.57
48.06
46.35
34.7
21.41
19.2
4.37
24.13
31.99
43.17
47.34
43.14
30.61
19.14
5
17.68
14.9
13
16.95
20.46
1.15
18.85
26.49
30.89
28.27
24.25
21.28
20.5
23.33
23.15
21.82
24.62
24.68
8.91
26.6
26.22
22.65
15.66
19.93
28.44
30.48
28.91
26.51
22.37
25.47
29.9
31.15
30.55
28.65
29.38
29.65
26.72
28.52
26.03
17.69
20.52
21.49
22.71
25.63
26.71
25.26
23.45
22.21
27.72
31.01
30.47
28.32
26.86
22.06
23.89
25.03
21.94
21.56
22.55
23.23
21.88
8.57
23.36
22.87
14.92
27.27
29.15
28.41
28.05
25.79
21.51
27.71
29.38
24.59
18.17
23.76
22.85
26.56
29.2
26.54
26.12
24.84
16.85
19.37
23.55
28.14
26.61
19.03
31.25
32.77
29.6
26.98
27.44
23.65
14.47
21.55
20.78
19.09
19.01
13.18
21.14
18.61
2.22
22.2
23.78
23.06
22.45
21.39
14.76
17.89
16.76
14.78
17.84
20.4
18.39
14.97
13.96
16.26
18.42
6.08
16.37
16.55
21.61
24.54
23.11
23.99
24.2
22.93
22.98
22.05
16.82
25.86
27.04
24.51
24.28
27.88
24.95
10.74
16.16
20.14
18.08
20.43
23.67
22.13
18.47
21.02
12.6
21.31
24.61
23.17
14.39
6.45
3.63
20.04
25.18
25.82
20.27
7.98
20.93
25.96
24.88
24.81
24.52
18.84
20.99
18.63
19.76
24.71
26.74
25.3
12.5
25.7
28.92
24.46
11.26
22.23
26.15
27.44
27.38
27.98
25.58
17.94
15.67
22.28
26.87
28.38
25.46
23.89
21.4
17.16
24.1
25.45
24.89
19.8
22.02
21.7
14.18
14.21
23.13
22.84
18.96
-5.26
20.42
24.84
21.35
17.48
19.63
22.31
18.33
-0.9
17.82
21.44
19.79
14.05
23.48
24.54
19.37
16.89
22.32
20.67
17.73
25.2
28.52
27.8
23.02
20.42
12.74
20.25
24.35
24.49
24.34
24.92
24.05
22.17
26.72
26.66
24.43
26.84
26.66
21.55
15.38
16.76
20.79
23.42
20.4
14.3
13.54
11.72
10.08
-1.91
15.18
17.18
19.2
19.74
21.65
25.15
25.84
24.08
20.99
21.75
20.66
25.92
25.41
21.7
21.45
21.89
21.82
19.76
26.31
26.55
19.24
16.88
23.06
25.26
22.95
20.97
21.23
18.89
23.19
27.41
25.97
22.7
16.32
6.55
13.1
15.67
19.86
16.88
17.22
1.36
16.81
5.3
17.19
14.43
24.72
25.08
25.24
15.58
19.99
23.66
25.29
19.7
8.31
23.57
29.72
26.22
14.38
19.5
10.69
21.7
26.61
29.87
27.83
24.02
21.79
19.98
22.19
23.14
27.07
22.28
25.37
15.79
13.52
21.58
21.49
26.35
23.95
15.53
22.63
25.16
26.96
26.02
20.47
17.1
28.77
31.47
30.69
29.47
27.02
18.23
10.74
22.08
29.06
15.63
29.17
29.05
24.82
24.06
23.54
24.83
15.56
25.34
26.28
23.85
7.3
24.58
21.17
16.61
16.41
25.22
27.5
17.37
24.83
19.98
22.16
24.94
13.78
26.15
21.9
21.71
26.27
18.26
27.53
34.73
29.82
15.35
15.92
15.81
23.26
20.87
19.71
27.82
29.77
28.94
22.83
16.68
11.5
23.08
25.72
28.72
24.98
20.88
28.72
27.96
25.31
18.92
16.73
18.3
21.94
14.71
24.89
25.61
23.3
19.2
6.48
18.14
16.31
22.14
22.12
23.77
16.34
17.74
26.23
28.82
21.75
20.94
11.27
9.49
17.17
22.79
26.09
24.38
16.33
22.85
24.31
22.8
22.16
21.42
21.15
28.39
30.59
29.86
20.8
22.57
26.58
27.74
26.96
26.6
27.62
28.48
29.18
26.15
21.9
19.63
25.89
24.27
24.88
28.02
22.69
11.29
15.67
20.39
14.56
15.94
22.79
26.92
22.42
17.13
21.38
22.59
27.08
29.52
27.53
14.92
21.3
24.95
23.13
16.69
24.68
21.86
3.66
16.62
22.2
20.77
17.72
2.85
21.4
23.18
23.57
12.71
20.56
23.54
25.36
23.48
21.42
24.76
27.57
21.33
20.69
24.34
17.13
16.91
20.44
22.51
25.05
26.5
24.95
18.04
5.74
10.99
18.73
21.02
16.95
10.12
15.29
6.3
17.07
18.42
18.66
19.1
13.09
7.97
21.64
25.33
23.18
16.42
26.19
26.8
19.12
16.91
6.75
8.09
15.31
21.16
22.06
19.05
19.55
25.86
25.42
18.64
20.26
21.92
23.27
22.36
17.8
16.66
22.55
25.08
22.24
13.7
17.18
21.08
19.61
5.37
12.8
16.89
16.98
21.93
23.79
21.99
15.47
24.54
22.13
20.03
19.64
19.96
20.55
11.32
13.75
9.2
12.15
21.93
24.24
18.16
18.75
-4.27
21.98
26.37
26.51
24.7
22.03
20
13.57
14.73
26.04
26.99
19.03
19.3
24.16
22.15
19.75
15.14
19.79
19.02
19.03
15.72
11.49
2.48
12.98
13.25
9.54
11.7
17.55
13.13
6.47
0.89
2.89
15.9
20.68
22.4
21.4
18.15
21.67
18.6
17.98
20.76
18.09
17.4
20.6
23.42
17.73
22.91
25.18
24.8
18.9
17.68
12.58
17.54
15.57
11.79
12.44
14.38
22.09
25.11
21.79
11.87
25.11
25.01
19.95
12.02
16.74
16.37
19.82
21.34
13.45
18.27
15.89
11.22
11.74
10.67
15.39
13.49
22.64
19.41
12
21.55
25.71
24.23
18.36
19.71
12.12
21.49
21.19
20.44
22.02
18.89
14.28
13.72
25.33
25.24
15.87
15.51
15.3
18.73
17.39
10.96
22.69
26.27
24.75
20.98
17.6
17.59
17.48
25.83
23.64
15.91
19.71
18.74
19.85
19.08
16.8
25.5
24.05
14.75
21.38
11.44
21.66
21.66
20.01
16.89
9.6
13.43
12.64
4.99
21.24
23.53
17.9
25.25
27.22
21.37
9.02
22.8
25.55
21.72
21.16
22.43
18.48
17.93
22.5
24.76
21.2
15.52
17.81
21.37
21.46
17.3
19.22
21.94
18.83
18.2
24.53
25.35
15.24
16.16
24.7
24.15
19.37
22.32
18.87
15.75
14.52
12.52
13.51
22.46
25.26
18.74
25.27
28.03
23.74
20.92
22.43
23.14
24.78
25.16
22.71
16.79
17.82
25.66
25.68
21.83
18.91
27.72
30.03
28.53
27.52
23.9
21.59
20.06
12.97
7.67
18.27
24.12
23.32
16.94
16.28
18.15
16.96
26.16
27.29
26.07
24.64
25.8
25.02
23.14
22.42
16.9
14.2
16.58
1.27
13.05
16.75
23.78
27.4
25.3
21.78
24.84
23.46
19.06
23.28
26.14
27.03
25.64
23.66
16.47
17.66
20.87
9.44
16.9
20.08
13.95
16.48
24.98
26.21
22.72
25.19
25.15
16.34
12.34
16.76
18.5
17.56
22.57
16.17
19.07
21.36
16.1
15.31
23.54
28.31
26.32
22.58
24.71
22.06
7.53
19.68
21.8
12.1
9.3
15.26
9.6
19.84
21.86
16.33
18.61
24.83
25.7
22.44
19.33
22.17
29.78
36.25
32.61
24.2
26.06
24.06
14.03
15.72
16.93
13.03
20.69
24.36
24.12
23.69
24.54
24.14
14.11
23.76
23.85
6.35
19.4
14.35
17.39
21.59
22.02
20.37
21.18
22.67
21.37
23.81
27.71
27.81
21.24
8.74
15.07
17.45
7.85
12.68
13.86
-9.12
15.94
22.42
25.37
25.17
17.54
24.12
28.73
25.62
18.88
22.3
26.66
22.57
11.91
23.42
24.15
22.72
23.64
21.24
21.61
25.42
25.25
19.13
19.74
22.16
23.23
23.43
23.49
17.77
19.87
14.58
4.31
16.62
21.49
23.15
12.07
21.74
24.45
25.15
15.77
24.25
24.88
24.31
23.06
22.01
23.97
24.5
23.56
16.78
12.49
15.48
16.65
24.4
26.12
20.8
8.43
11.2
11.74
19.45
23.29
20.91
15
24.03
23.13
19.71
8.47
10.42
11.9
16.43
14.84
21.08
24.91
23.8
14.97
21.06
26.42
24.57
16.55
13.93
19.59
13.65
16.55
17.99
16.06
17.29
15.95
14.74
22.72
14.41
19.14
10.72
20.08
20.11
13.81
2.91
15.88
18.9
24.7
26.16
23.68
21.63
20.73
22.02
16.53
17.42
22.6
22.75
8.25
18.42
18.19
19.65
24.69
25.11
24.72
24.45
20.68
11.54
12.93
19.92
15.13
19.14
17.03
4.51
14.54
17.7
13.65
19.14
18.61
18.49
15.96
21.74
22.06
18.31
15.04
13.32
14.05
24.41
24.17
19.95
10.21
16.52
14.82
21.09
19.55
19.59
20.31
15.91
9.79
14.87
20.73
19.09
11.67
23.27
24.48
22.82
17.5
17.61
14.79
17.5
23.51
18.57
-4.59
15.29
15.61
16.84
14.7
4.14
12.71
12.99
12.08
9.22
14.49
16.33
12.73
16.14
13.59
7.92
21.24
25.2
21.92
19.71
6.42
22.21
21.52
13.69
19.32
17.29
21.22
16.44
19.45
20.1
13.19
5.2
14.2
19.86
23.74
22.8
6.75
18.64
19.27
16.36
8.24
6.8
11.64
7.44
16.1
12.07
12.12
14.63
16.89
21.63
17.13
16.05
21.85
22.44
20.71
-1.61
10.4
15.13
10.96
9.73
15.31
9.87
12.11
15.68
9.51
4.83
12.96
16.19
14.85
9.86
9.75
-3.31
13.03
16.79
6.68
14.36
19.5
21.07
17.13
10.45
9.17
15.19
21.35
18.54
13.22
18.48
15.8
8.69
14.46
19.61
21.3
17.86
17.5
18.33
12.26
14.69
14.7
-3.15
13.68
12.85
11.34
13.81
12.39
11.24
15.64
7.82
14.88
16.4
14.79
12.08
7.94
10.94
11.57
5.57
10.16
15.11
18.5
14.54
-0.29
-3.26
6.07
9.28
1.99
14.34
18.06
19.1
9.5
7.24
0.05
8.46
12.64
14.65
17.54
16.86
17.34
17.13
18.76
18.11
5.15
15.94
10.53
15.62
9.52
4.33
8.16
11.98
16.06
15.39
12.04
6.19
2.7
2.31
6.86
13.96
13.35
6.25
7.87
5.91
4.21
-1.32
-2.14
-4.67
12.69
14.6
13.6
15.85
16.81
8.32
12.29
15.92
14.7
14.76
19.84
19.76
13.96
6.64
12.08
7.57
2.74
11.66
17.14
20.05
20.11
17.68
13.5
10.27
-4.32
2.37
10.34
12.75
3.71
13.91
12.39
16.66
17.4
0.82
19.28
20.25
12.84
5.11
13.32
15.73
19.45
19.7
15.45
10.82
9.64
13.9
15.66
0.5
9.85
8.38
13.46
18.45
19.13
17.3
15.71
15.92
16.24
16.16
17.91
18.8
15.35
9.8
16.02
17.57
11.29
9.31
14.77
14.3
8.23
7.99
16.89
21.27
18.95
12.37
11.77
13.73
16.84
13.15
8.67
15.53
16.9
14.48
16.58
18.71
16.51
4.4
7.7
-1.93
7.92
11.82
12.1
10.74
18.27
20.25
16.06
-0.85
14.75
15.11
13.58
17.21
18.68
15.31
17.72
15.06
3.75
10.59
14.02
20.08
21.41
13.47
14.24
19.69
18.93
14.2
7.87
6.53
14.03
14.36
14.77
14.65
14.29
11.27
16.33
19.04
19.84
17.73
12.47
15.62
15.7
15.51
15.28
5.62
8.57
9.39
-1.29
7.52
10.57
16.29
19.72
20.45
19.29
13.79
13.41
13.59
15.45
14.17
17.75
19
15.25
8.64
14.06
18.9
18.46
19.72
21.64
20.74
7.27
-4.47
9.28
14.7
14.82
14.92
5.22
23.41
23.61
20.25
19.76
20.01
20.36
17.73
12.4
15.11
16.16
21.36
16.42
9.49
14.3
15.6
16.63
11.75
19.91
19.72
15.91
16.83
17.24
15.92
11.98
9.11
5.11
7
13.23
12.54
11.28
16.49
18.85
15.44
10.72
17.34
19.01
21.47
19.27
10.88
-12.04
11.85
15.28
14.27
12.76
7.11
8.66
15.61
15.04
15.16
16.38
18.35
16.67
11.77
5.75
-2.36
11.39
16.55
12.07
13.78
17.57
15.43
19.33
13.58
16.41
19.33
10.79
4.37
12.69
4.09
11.43
12.96
17.62
11.81
12.68
18.65
16.78
5.13
17.19
19.55
17.12
3.6
18.26
20.32
13.41
4.44
12.37
13.97
13.52
18.18
16.18
11.67
-1.17
12.35
13.38
10.09
-4.68
5.55
6.15
6.68
5.04
8.81
14.36
16.86
20.05
16.08
14.67
14.8
11.1
15.98
17.68
14.63
10.99
12.04
12.44
9.44
10.27
11.92
13.87
14.84
9.78
-3.05
12.72
5.18
10.13
7.14
10.39
14.71
11.08
4.36
5.05
19.23
3.56
10.91
13.09
18.08
17.54
13.09
22.36
17.14
5.1
12.3
12.23
9.04
8.79
5.15
17.29
19.21
18.32
20.74
19.26
16.33
10.29
11.9
16.23
17.47
19.53
14.1
16.02
19.43
10.5
9.95
15.57
17.49
10.62
13.15
17.55
18.55
14.94
11.25
16.29
15.72
13.85
13.16
17.49
18.41
14.27
14.59
11.2
10.23
15.15
17.54
20.37
21.64
21.4
20.53
18.56
14.3
12.07
16.39
19.81
19.31
13.93
13.81
8.85
14.18
18.61
12.68
10.43
18.49
18.7
13.03
11.21
2.09
4.52
4.34
10.19
13.44
17.76
16.01
16.06
18.64
18.63
17.45
9.23
17.24
19.16
7.6
18.85
20.48
18.35
17.47
16.03
9.93
13.55
7.73
22.61
26.35
24.91
17.69
9.49
18.61
18.12
17.88
19.38
16.05
17.34
16.83
11.8
3.39
14.4
18.39
15.9
19.97
19.13
3.25
10
1.47
7.02
9.86
10.59
11.86
15.83
16.47
21.54
20.29
12.87
7.98
16.46
3.39
19.21
16.88
16.49
17.23
13.93
17.64
20.41
20.73
16.48
9.03
17.73
18.31
8.01
10.22
2.59
14.2
16.34
15.92
17.27
16.4
18.54
17.86
11.71
16.01
14.01
1.3
14.11
21.95
26.01
25.26
21.67
16.12
2.51
11.24
12.66
13.93
17.73
18.17
19.88
16.54
16.23
16.29
6.68
12.38
1.95
17.65
21.47
20.09
17.56
5.5
19.53
20.73
11.7
16.09
14.3
17.24
19.71
19.37
15.54
16.31
16.91
13.6
12.65
16.31
19.4
21.1
20.93
17.48
18.73
16.54
5.25
6.74
9.59
14.65
15.24
14.08
16.71
19.66
21.26
20.45
14.94
11.85
18.53
22.32
20.78
15.74
19.25
22.84
21.59
18.78
19.4
17.48
14.62
14.74
18.23
10.39
14.76
14.53
15.05
-0.97
11.71
14.13
18.97
18.89
16.08
14.09
6.33
-0.63
10.11
13.49
19.31
20.8
8.19
18.62
19.97
16.45
7.7
14.06
17.76
16.86
18.32
16.22
8.07
12.17
18.56
11.08
9.42
16.92
21.26
19.68
20.93
21.1
16.98
9.22
18.25
20.44
20.31
21.77
23.66
23.04
19.16
18.91
19.08
17.6
14.47
16.7
19.49
16.64
16.85
17.74
1.09
15.28
9.55
17.41
19.4
19.16
12.94
7.48
10.24
18.53
18.6
12.14
-9.87
-5.81
17.39
22.33
18.89
13.37
6.86
16.68
18.04
15.11
5.84
20.86
20.08
11.35
10.64
14.36
12.96
18.75
19.4
17.33
20.67
20.59
20.13
16.52
16.25
19.65
21.89
22.33
19.2
13.87
10.5
16.69
15.35
5.68
5.48
13.44
16.72
19.03
18.06
16.02
16.29
18.33
18.96
19.14
18.02
14.72
19.06
19.01
13.11
14.81
12.97
11.7
19.59
19.84
12.64
14.55
14.17
13.1
19.52
18.35
18.82
18.38
16.61
18.88
17.58
14.17
11.61
11.63
3.12
14.61
9.72
3.19
0.24
9.46
14.17
18.12
18.2
16.26
12.37
13.23
12.55
11.68
13.91
13.41
6.53
16.5
15.92
16.2
20.81
18.66
16.28
13.06
8.7
3.11
12.78
18.34
17.88
11.52
12.57
13.93
9.56
8.21
17.76
17.99
13.14
13.88
16.29
12.48
16.89
12.72
10.92
7.9
-3.91
6.37
11.81
13.51
8.87
8.49
18.35
18.49
4.48
11.59
10.71
7.94
17.03
17.97
14.07
11.29
13.95
11.67
7.85
7
6.16
-4.21
15.51
19.43
17.11
9.19
10.64
8.81
12.1
12.36
9.82
5.25
-0.75
9.67
14.81
14.59
2.7
14.41
15.98
11.52
12.56
18.19
18.26
13.94
4.83
10.77
10.71
17.44
19.8
17.06
4.64
6.73
3.77
4.14
8.23
9.19
7.83
1.81
10.93
17.23
12.99
-0.66
6.02
10.43
15.19
18.42
15.79
12.5
16.13
16.43
14.82
13.33
3.36
13.03
18.13
15.47
6.77
6.93
9.74
10.46
-0.13
7.48
14.33
13.95
11.29
12.25
11.57
13.05
18.67
19.24
15.46
8.28
5.88
7.68
4.73
14.07
19.24
19.77
19.93
20.38
19.36
12.51
10.16
15.63
13.04
10.98
16.45
15.01
13.92
15.89
15.15
8.33
8.33
10.93
16.11
15.95
14.32
13.17
5.66
5.18
9.65
14
15.36
10.21
2.45
13.18
13.5
5.5
8.78
9.52
12.26
8.51
5.93
13.42
8.09
-13.64
6.88
14.24
16.72
12.12
12.43
9.85
2.95
7.76
15.49
16.91
17.85
18.8
16.03
14.25
15.28
9.44
7.4
12.52
15.53
15.59
3.91
8.88
7.88
12.41
3.06
11.84
11.09
10.35
9.02
9.66
4.05
9.37
6.17
16.27
13.49
12.18
16.2
15.69
-2.73
8.08
9.74
11.72
12.38
14.31
13.34
7.58
16.78
17.3
11
13.63
18.81
18.34
13.32
17.58
20.07
19.08
17.14
15.41
9.6
10.25
8.83
14.86
14.24
14.98
12.12
9.74
14.71
10.22
12.97
18.56
12.81
4.28
8.62
9.16
16.59
17.43
18.05
14.66
13.02
14.86
9.34
11.14
15.4
5.97
15.42
12.01
8.38
7.33
5.71
18.76
19.15
16.56
18.31
19.98
16.17
10.75
16.64
18
16.66
14.72
13.05
16.68
19.12
18.77
16.71
17.09
18.55
18.26
14.63
18.06
14.78
7.19
-1.07
4.64
15.01
18.92
16.32
8.74
18.19
19.41
16.33
13.62
14.47
4.16
8.11
3
4.21
12.44
12.12
10.97
14.27
15.84
15.55
10.71
7.18
11.41
12.48
10.82
11.22
7.94
11.06
16.67
19.11
16.17
9.82
11.14
17.49
20.47
19.81
19.37
18.95
13.76
-9.95
10.45
10.99
6.76
-0.88
8.17
3.37
8.4
8.39
1.54
4.59
13.48
15.99
15.54
13.43
15.39
18.15
17.84
15.56
17.18
20.45
19.32
14.29
8.66
12.68
14.21
14.15
13.7
10.73
3.15
7.25
14.61
11.83
1.92
13.79
17.31
20.39
18.62
9.88
-3.2
2.5
1.24
3.54
11.95
10.91
4.31
10.73
13.9
11.2
-0.61
10.49
10.48
13.6
14.97
11
4.05
17.35
17.73
17.3
17.22
13.32
12.87
17.32
17.96
12.54
10.53
18.31
18.24
10.34
11.4
8.65
14.66
11.78
9.85
9.13
16.28
17.71
2.3
15.37
15.21
16.86
18.4
18.62
15.32
12.67
13.33
7.43
6.61
9.95
12.27
10.49
11.92
8.83
2.26
13.39
16.94
13.39
11.59
17.28
12.21
10.51
4.85
9.85
18.1
19.78
12.19
6.99
15.68
14.87
7.74
12.21
9.52
10.79
11.91
9.39
7.69
14.83
16.54
16.99
14.75
12.95
14.31
8.82
9.8
10.9
8.19
6.57
9.09
4.47
10.63
-3.49
10.71
8.38
3.96
13.34
12.56
-10.4
13.4
16.49
16.46
13.57
10.86
15.13
8.22
7.67
12.43
13.78
15.5
12.13
7.7
9.04
6.31
2.78
4.29
6.86
1.87
10.75
12.71
13.67
13.29
7.09
11.87
16.21
15.83
9.3
2.85
8.93
9.1
6.73
2.87
4.05
4.16
15.7
16.92
12.8
7.63
3.08
14.38
16.76
15.04
13.04
13.18
16.39
13.54
12.38
12.37
16.25
17.66
10.94
4.82
5.5
5.19
15.27
14.05
8.47
15.38
19.7
19.33
17.81
16.87
11.72
12.45
17.12
15.22
13.71
8.71
2.4
2.97
15.96
18.07
16.43
15.6
10.37
-5.66
3.52
12.65
15.47
12.43
5.75
7.66
7.32
-2.57
-0.19
6.59
9.55
-3.11
7.74
9.51
15.16
18.7
18.61
15.17
3.29
-7.38
8.79
13.06
12.96
10.07
10.53
6.68
11.98
16.74
13.66
6.95
-2.23
5.75
10.69
11.71
0.77
3.11
12.23
14.37
12.88
12
10.63
2.1
7.7
-2.88
4.62
7.86
7.06
10.37
9.88
8.49
12.06
13.78
21
21.83
20.5
17.38
7.83
12.2
16.82
17.08
18.16
12.3
6.76
9.79
1.51
3.04
-1.97
9.27
13.68
11.34
11.26
11.16
10.46
12.12
2.77
6.65
10.44
4.85
-0.77
6.4
4.98
9.22
14.97
12.26
14.46
9.52
9.7
6.23
6.14
12.54
13.19
12.02
12.58
3.63
7.24
9.31
11.39
9.54
13.18
9.73
2.95
11.36
13.38
1.46
9.43
13.55
14.34
14.71
16.07
16.27
15.79
12.98
3.85
10.3
10.68
9.82
12.03
10.43
11.65
14.83
17.53
15.8
9.92
3.82
2.81
9.61
5.82
10.6
15.09
11.39
9.73
12.78
7.38
11.99
19.72
19.71
15.59
16.14
15.23
-0.64
13.18
11.89
4.03
-0.68
11.78
13.44
3.39
12.44
17.63
15
9.35
14.43
14.79
8.27
9.98
8.25
3.52
2.33
11.2
17.37
18.55
19.05
15.99
4.05
10.02
13.37
8.18
12.26
18.3
15.45
9.47
7.6
14.22
17.45
17.65
18.05
14.99
13.35
17.6
15.24
10.23
16.31
18.46
16.76
0.94
16.76
20.91
18.73
12.59
7.65
5.18
14.63
18.76
13.57
13.15
17.74
16.36
14.48
13.65
14.34
16.37
9.25
9.97
10.42
8.98
5.39
15.24
17.54
16.53
18.83
18.86
14.64
7.02
10.4
12.55
12.31
13.28
14.74
10.41
7.26
10.68
5.92
12.73
7.46
10.09
14.39
11.95
13.72
13.69
12.18
-12.21
14.16
14.89
6.85
8.9
13.03
14.97
16.85
17.29
12.97
8.4
11.45
10.15
12.96
14.86
15.74
14.19
7.11
16.22
11.96
-2.97
5.29
8.3
13.96
14.61
11.15
5.09
8.76
6.88
11.62
14.16
8.16
6.3
14.48
17.15
14.15
13.24
18.73
15.83
11.3
14.5
10.03
10.39
13.06
8.76
3.41
13.32
15.89
15.31
11.66
6.74
6.06
7.44
6.92
-2.8
6.96
8.31
9.44
17.38
17.94
14
9.04
10.87
12.67
15.13
8.95
14.02
13.11
9.14
7.07
16.26
17.81
19.1
18.35
12.71
1.42
13.49
14.96
11.17
3.8
10.65
14.83
17.12
13.34
6.06
15.76
17.27
19.27
14.68
2.29
11.43
9.49
1.41
14.85
17.36
16.95
15.3
15.83
10.89
11.05
15.27
10.03
14.84
17.82
18.74
15.78
8
13.58
18.07
18.71
13.65
13.21
11.72
9.95
11.37
14.24
10
9.36
13.17
15.41
18.51
14.88
5.46
0.64
9.03
8.19
7.98
11.38
3.06
8.57
7.86
7.86
17.54
18.6
16.76
15.54
11.61
8.56
19.43
19.1
17.68
15.58
-1.03
12.29
11.26
5.25
12.21
20.51
21.93
19.59
17.34
17.49
18.59
19.54
19.06
16.42
13.81
14.07
11.05
10.19
5.92
14.07
17.16
17.45
5.54
16.12
18.03
7.39
13.48
15.94
13.22
16.49
11.91
13.33
18.14
15.21
11.28
12.62
14.73
15.5
17.55
14.95
14.46
14.33
8.21
18.97
19.37
9.89
11.58
17.32
15.37
10.86
20.6
16.78
7.92
14.74
14.77
13.52
1.4
17.38
17.33
15.73
9.02
9.27
11.39
10.43
7.73
5.55
12.88
13.05
14.9
15.21
12.5
11.58
11.56
-2.96
16.73
19.94
18.98
14.74
6.16
3.33
12.38
12.84
8.33
17.7
18.47
14.51
11.33
12.06
4.27
15.98
15.34
14.99
16.59
18.53
19.95
18.8
12.25
8.37
8.32
11.36
11.5
15.28
16
13.88
9.45
1.43
3.34
5.36
5.85
7.27
8.29
10.62
12.6
12.26
-1.68
15.66
16.32
16.18
17.52
16.31
14.65
16.2
15.61
11.85
7.18
1.87
-3.48
3.25
10.22
2.25
10.76
12.56
10.87
11.3
12.14
10.64
12.64
14.55
11.07
5.34
14.78
18.73
16.22
15.61
16.53
15.79
14.89
14.14
6.12
4.59
7.86
7.81
13.4
15.67
15.33
12.05
10.67
13.49
15.18
15
17.57
17.13
8.92
15.28
18
15.83
8.78
4.14
5.48
0.26
4.29
10.47
9.7
14.24
9.98
7.85
10.08
4.14
0.85
3.3
11.2
13.51
16.11
15.68
9.59
13.89
14.96
15.97
13.35
16.14
15.11
5.18
0.3
11.86
12.43
4.86
12.49
7.67
8.4
3.89
7.45
10.55
13.99
16.24
13.62
10.97
3.31
5.7
4.95
2.98
12.56
16.33
16.58
13.4
11.51
11.64
6.2
10.85
11.61
12.69
12.03
12.66
11.35
1.56
-3.25
12.66
12.68
2.75
11.75
14.76
8.99
15.04
16.06
13.51
11.34
4.99
10.88
8.64
5.88
11.42
5.54
10.51
14.61
11.39
9.97
11.44
5.84
15.95
17.44
7.49
11.2
12.08
12.8
15.96
14.37
12.34
13.1
16.02
13.51
2.07
-1.93
9.97
2.69
5.87
12.7
15.89
16.18
12.19
6.84
3.41
7.97
10.58
-12.5
11.02
13.7
12.1
9.54
12.79
12.17
5.43
9.81
10.75
12.51
16.03
14.98
6.51
10.74
2.3
10.17
12.6
6.91
4.94
14.59
17.61
17.13
14.41
11.62
13.94
15.57
11.51
12.23
14.82
9.59
7.9
10.76
-2.43
4
-1.68
2.04
12.25
13.16
10.04
12.23
6.95
-0.53
1.09
3.81
11.89
11.7
11.09
15.27
14.02
8.33
11.12
14.12
14.73
13.87
13.96
0.15
14.5
12.49
10.83
15.19
9.65
5.1
7.21
8.04
14.84
17.56
13.78
17.27
15.04
8.92
15.36
13.07
13.89
14.48
14.88
11.38
10.31
5.05
13.57
19.11
19.04
13.69
9.79
1.92
11.95
11.32
6.19
11.99
10.74
8.05
8.63
8.38
15.47
9.84
9.06
10.73
-6.11
11.56
13.45
14.62
15.64
17.19
16.18
10.8
1.77
12.29
17.43
18.01
17.53
14.13
14.97
16.88
14.27
8.98
11.84
7.71
10.77
7.13
8.98
12.13
8.17
5.72
15
15.91
13.69
15.11
13.93
11.03
13.18
11.27
0.49
-9.26
-0.53
2.36
11.9
15.67
13.83
-2.23
-1.53
9.83
15.6
15.36
11.71
4.78
15.94
12.62
-1.93
9.57
11.92
13.13
14.17
10.84
-15.62
0.58
4.27
8.49
15.28
14.97
3.43
14.29
19.77
16.85
10.77
10.51
12.35
5.29
1.88
4.73
6.78
7.84
14.39
17.96
16.13
11.83
9.34
10.25
12.1
15.04
17.15
16.16
17.04
17.19
17.04
15.12
12.86
12.63
16.83
16.03
10.13
12.36
11.57
13.06
12.14
9.98
13.36
17.82
15.38
-1.85
10.65
12.06
13.58
12.49
1.83
4.18
1.54
4.37
0.96
9.29
9.83
6.01
-0.17
10.24
13.38
14.59
13.21
12.98
10.82
11.88
15.94
15.11
12.73
11.23
4.15
5.41
9.61
10.79
14.16
14.36
6.84
2.01
10.1
18.56
19.16
13.24
7.48
9.04
4.32
-5.61
-8.47
12.46
16.2
12.59
11.06
12.05
12.72
11.41
5.62
8.91
10.26
4.3
8.89
8.4
7.84
10.57
2.91
9.53
7.35
15.85
14.42
8.94
-0.41
-18.6
3.39
14.01
14.58
14.04
14.65
16.46
14.06
10.88
12.47
13.01
10.43
4.61
5.72
13.68
12.41
13.34
10.34
12.39
19.28
18.01
13.74
6.94
3.32
-10.28
7.57
11.87
4.82
3.25
-1.47
8.06
-4.09
10.23
9.19
9.66
5.98
7.32
12.22
15.7
15.17
6.42
5.18
3.45
5.48
3.28
6.67
5.2
1.53
7.17
11.61
18.59
18.13
15.84
16.18
18.39
18.22
18.39
19.5
16.54
12.45
5.73
7.58
8.95
6.47
6.02
3.34
14.54
15.47
10.03
10.68
14.41
9.48
5.76
14.42
11.87
13.24
16.23
14.12
-0.96
13.05
15.1
14.23
10.6
7.92
-1.75
11.95
13.26
7.98
2.25
7.53
9.43
9.21
13.13
15.32
8.22
-0.16
3.56
10.7
5.35
-3.84
-3.94
6.75
15.33
15.08
8.58
2.41
-0.06
0.11
6.92
6.98
1.43
10.75
12.1
10.18
9.47
10.83
12.34
10.88
5.09
7.7
11.61
5.75
14.23
11.54
4.52
7.02
15.71
19.05
18.73
13.89
9.09
5.96
0.82
2.11
10.28
11.48
17.33
17.32
16.89
14.87
11.81
11.34
-0.92
11.49
15.42
14.31
6.23
10.07
10.14
8.56
11.76
12.22
12.02
13.04
4.6
10.66
15.92
19.48
19.01
12.05
5.68
11.35
5.77
11.25
14.38
14.1
15.33
17.66
16.24
7.34
17.06
1.92
15.39
15.05
10.6
6.46
6.57
9.66
5.48
0.86
8.34
10.74
8.06
9.42
5.47
11.49
15.11
14.69
9.17
16.23
13.99
9.25
10
12.39
8.86
10.61
6.39
10.01
13.89
14.13
10.41
-2.11
0.62
9.34
13.63
12.06
15.01
17.35
14.66
9.67
-0.19
10.93
-7.13
16.02
18.11
16.96
15.75
12.3
-11.31
12.19
17.34
17.63
13.11
10.11
14.61
15.08
11.55
12.4
11.32
-0.16
14.24
15.77
16.09
14.24
3.27
11.64
10.59
3.01
4.28
5.03
-1.85
5.24
12.39
12.44
9.11
11.93
15.84
15.97
13.91
3.33
16.84
16.48
10.71
15.46
18.4
15.25
8.39
9.11
14.12
14.45
2.26
14.07
5.25
11.16
13.81
9.03
8.52
16.21
17.02
13.38
11.53
13.12
3.44
14.26
18.42
15.6
7.5
11.73
14.8
12.86
8.25
11.49
13.94
14.89
11.35
6.78
5.9
2.32
11.24
10.36
13.89
14.43
14.63
15.11
13.81
9.91
12.11
8.3
8.94
13.21
14.55
13.19
6.32
-3.29
9.19
10.83
6.94
12.35
14.83
14.39
8.1
10.27
15.1
12.92
14.02
11.21
7.73
9.08
16.59
14.75
4.24
16.06
16.75
10.95
-0.14
4.65
8.85
8.32
-3.35
-1.49
-0.02
-10.96
10.13
15.2
16.79
18.36
20.4
18.06
11.69
11.03
16.24
13.76
-0.39
11.76
9.56
6.12
13.2
17.98
19.08
15.6
10.93
10.19
2.36
8.49
1.3
10.18
9.58
11.99
13.85
13.16
11.56
11.79
9.61
5.15
3.34
5.67
6.58
14.31
14.41
9.11
13.68
15.24
10.89
7.35
8.28
16.97
18.4
16.69
10.58
7.96
9.51
12.2
15.26
15.48
14.27
16.37
14.39
12.64
17.26
12.96
-4.57
-4.06
7.48
11.84
10.22
9.6
15.45
16.36
15.23
7.28
16.49
18.64
15.91
11.77
17.45
13.22
10.17
15.98
17.31
17.39
12.55
4.68
12.64
14.91
10.43
-3.28
-1.76
0.14
7
6.42
6.16
9.78
5.14
7.44
13.3
9.33
15.08
15.97
8.31
11.44
9.45
4.79
10.39
12.35
-10.1
14.28
16.08
13.88
10.32
10.84
16.02
16.84
14.72
9.38
5
10.8
13.23
11.99
10.58
11.1
15.56
16.13
14.01
14.15
14.94
11.65
10.7
0.67
8.9
4.33
9.72
11.66
11.31
8.54
8.72
11.47
11.91
12.36
11.7
4.81
3.13
3.21
0.47
9.48
14.85
15.98
10.63
9.03
13.87
16.49
16.64
14.33
8.74
11.58
11.46
10.81
12.41
14.82
12.52
7.67
9.47
14.3
13.07
4.45
8.22
13.28
14.03
14.35
15.73
13.94
13.81
17.83
19.77
19.15
18.19
16.46
12.29
12.38
15.49
9.9
8.9
15.78
15.91
15.63
16.97
18.75
16.46
11
10.59
15.56
15.03
13.33
19.54
16.82
13.4
15.61
13.16
0
3.06
5.24
12.15
15.79
16.82
13.75
14.13
15.27
9.4
6.12
2.57
2.95
13.56
13.44
9.81
-2.19
7.31
3.66
-15.62
11.3
15.63
10.89
-9.62
1.67
1.41
8.46
12
10.56
8.21
6.06
-1.19
10.59
12.58
12.64
13.84
14.29
10.62
14.67
16.26
18.07
19.19
