10.13
12.68
11.78
3.66
-3.13
9.3
12.93
11.51
5.82
5.96
5.72
5.07
8.6
4.67
7.04
8.35
5.64
-6.14
11.5
13.42
5.92
7.6
6.31
8.92
11.07
4.69
8.34
9.97
15.88
13.98
9.51
7.46
7.73
3.4
4.9
6.8
13.64
15.14
14.15
13.8
7.95
9.09
12.57
12.98
13.23
13.74
11.67
6.83
5.11
-11.35
5.79
12.07
14.55
13.78
10.7
10.84
12.58
4.2
3.69
7.22
8.09
8.91
10.22
10.78
9.4
12.35
11.8
3.73
-5.84
7.6
12.1
11.84
12.46
9.85
3.3
3.45
-5.13
7.74
10.27
-0.26
9.86
11.45
7.04
3.09
7
0.55
10.51
12.78
8.22
8.98
5.52
4.77
4.46
4.16
4.57
7.49
14.11
15.38
10.3
8.24
5.18
8.53
11.99
11.84
9.58
9.08
11.75
15.24
11.37
9.37
16.48
16.27
13.41
10.37
10.64
10.02
8.77
12.9
17.4
16.41
11.37
8.61
10.77
11.3
12.11
14.78
16.28
17.06
17.09
13.93
5.66
3.29
10.9
8.01
5.49
6.83
4.04
9.47
14.09
15.87
14.89
-2
12.38
14.77
13.11
10.19
12
15.06
12.64
11.09
9.07
6.74
9.41
12.83
7.04
1.07
4.22
6.47
3.2
3.77
8.2
8.99
13.88
16.37
14.51
-3.86
10.64
13.26
15.97
13.91
7.41
-0.82
11.51
16.27
14.91
13
14.05
13.52
12.62
10.64
10.35
11.97
9.42
-1.44
9.91
11.38
8.28
5.29
2.64
10.75
10.4
9.71
11.67
5.81
0.99
11.66
14.19
13.46
16.26
9.45
17.27
17.02
11.76
14.23
13.44
6.99
0.27
9.94
14.2
-3.55
12.92
10.33
1.09
10.19
10.63
8.19
6.17
11.97
14.01
12.26
5.13
9.46
12.09
11.13
11.26
11.08
13.82
15.32
12.27
7.06
9.1
7.39
14.4
11.38
3.47
5.43
13.13
11.67
8.09
9.66
10.53
8.64
9.81
8.24
-5.43
0.76
12.66
13.74
5.45
3.35
-0.4
7.75
7.31
13.72
15.04
12.35
10.79
12.39
9.99
-0.93
13.11
15.28
15.15
13.18
6.03
9.11
6.71
8.72
7.49
-1.76
6.98
16.42
17.23
12.65
8.85
12.06
10.87
10.7
11.6
11.46
13.42
15.4
13.15
1.32
3.95
3.75
0.01
7.53
12.95
13.77
14.12
9.38
9.49
11
8.56
7.5
2.76
4.89
6.62
7.73
3.76
-2.27
-1.23
8.96
7.29
0.78
2.19
6.91
9.33
12.78
13.96
9.98
2.64
11.66
7.61
7.21
7.23
6.77
9.3
6.8
-7.85
6.48
8.68
0.24
7.55
12.78
9.93
-0.08
8.65
7.03
5.8
-0.42
2.42
6.25
3.82
1.19
6.67
10.72
10.55
10.74
10.56
12.68
12.26
-2.57
11.24
10.01
11.93
13.75
12.83
1.67
2.53
0.33
4.29
7.98
9.76
12.22
10.1
8.38
10.35
6.88
12.29
14.9
14.84
17.56
18.45
14.28
12.43
10.26
7.24
11.99
8.77
5.28
10.94
10.82
13.67
11.21
14.99
13.33
8.65
12.15
13.26
10.88
1.16
5.12
5.6
7.74
9.97
8.58
5.9
3.92
-2.2
-9.42
-4.69
1.77
5.99
-6.89
9.38
11.37
10.16
10.26
6.76
6.09
7.37
10.94
8.47
11.03
15.5
16.67
12.61
5.1
3.72
7.82
12.77
12.67
8.53
7.05
-3.35
-2.3
7.54
13.96
12.66
11.75
5.15
8.53
5.81
7.79
7.52
4.82
9.12
12.79
9.08
8.34
7.8
-7.3
12.66
15
6.52
13.56
16.32
15.11
14.83
15.27
14.59
12.82
8.56
5.03
8.52
6.52
12.05
10.93
11.24
11.33
4.44
10.64
10.6
12.42
11.73
8.83
10.9
10.16
5.06
12.74
9.78
-5.21
3.2
10.32
13.36
12.15
12.81
-28.17
14.92
15.78
9.08
10.85
11.61
4.17
7.37
14.15
15.45
14.34
14.94
13.95
11.55
9.38
9.72
13.87
12.31
2.48
5.61
12.5
13.37
9.81
15.02
18.02
17.81
13.03
2.23
-11.15
5.6
8.46
6.44
-0.25
13.04
13.86
-5.02
7.6
-1.2
10.13
9.53
9.64
11.63
4.22
3.72
1.33
11.99
13.85
8.05
11.34
5.38
3.54
11.85
12.3
5.69
2.68
13.32
17.37
19.2
17.62
13.54
12.12
11.35
5.69
0.77
7.27
8.39
7.54
6.55
7.1
-6.99
3.96
9.1
9.08
8.17
3.95
6.91
8.25
1.72
3.63
6.22
10.59
11.65
5.82
-1.87
9.61
9.58
0.56
8.89
6.17
0.18
-1.22
1.32
-5.24
-4.08
-2.42
0.41
0.74
2.05
9.22
13.51
10.45
6.72
7.37
3.49
4.67
12.68
16.07
13.55
7.33
1.69
9.81
13.57
12.51
9.52
8.23
9.57
7.35
-3.53
-24.02
3.2
4.48
7.13
4.71
15.5
15.72
10.85
9.28
10.99
11.75
2.75
10.95
9.31
6.5
14.94
17.26
13.55
14.32
11.9
10.16
13.26
12.92
13.35
9.15
4.57
4.55
13.4
15.54
11.99
6.55
-0.55
-3.22
8.74
9.81
4.6
9.1
15.38
18.26
15.6
7.07
0.01
-14.65
-0.55
9.31
12.46
11.93
9.89
4.5
-15.69
-2.47
7.27
8.29
1.29
9.53
6.76
-3.72
-4.8
10.48
16.03
13.46
9.87
-0.73
6.67
10.59
11.25
13.37
15.22
17.06
15.56
9.49
6.69
8.66
12.63
13.68
11.25
10.7
8.32
7.38
8.07
9.76
12.5
13.18
14.09
11.58
9.85
13.14
16.29
17.06
13.57
-4.42
7.56
11.36
7.78
-10.31
1.93
5.83
9.33
12.82
6.44
3.25
-3.62
6.95
9.52
7.92
12.79
16.8
14.3
1.18
7.49
12.29
11.7
4.37
4
9.82
11
12.96
8.3
9.35
17.3
19.41
16.28
13.64
15.87
13.17
5.95
-24.02
7.73
14.34
14.73
15.31
16.07
15.76
14.36
13.29
14.72
13.45
6.96
-1
8.09
11.5
3.67
9.78
10.35
-0.8
9.46
11.36
14.95
12.31
4.89
5.28
9.13
7.32
5.85
12.78
9.62
-2.67
9.51
9.98
8.66
12.69
12.04
11.62
11.02
4.97
7.8
7.38
5.1
6.99
2.77
8.43
10.86
14.01
15.69
15.17
16.6
15.1
-1.14
16.69
17.91
13.85
6.45
9.34
14.59
15.27
8.55
3.51
-13.64
10.4
12.43
9.11
9.53
11.99
11.87
12
6.5
-1.42
6.67
8.74
4.42
10.57
14.1
10.41
-0.12
0.78
10.4
13.94
13.56
11.61
10.97
12.26
8.9
5.89
8.16
16.37
13.11
11.67
16.28
15.41
7.92
12.93
11.92
8.47
13.84
23.47
27.92
27.16
21.21
9.47
16.17
4.21
11.9
12.3
18.86
24.86
23.33
10.75
18.15
20.69
13.83
13.23
19.86
21.38
18.57
13.25
13.87
22.64
22.7
13.7
21.68
23.06
24.97
20.5
22.39
17.16
9.05
16.96
16.05
3.48
16.47
20.58
22.7
20.46
22.41
25.18
25.03
25.56
25.71
24.82
27.32
24.91
7.6
7.29
21.37
26.89
24.83
15.8
10.3
12.95
16.42
19.53
18.88
19.22
18.38
20.94
23.22
23.47
23.62
21.43
15.37
13.17
11.62
21.5
24.98
22.38
14.5
24.62
29.87
30.46
26.08
22.25
17.73
13.35
9.54
20.79
22.43
24.75
27.34
25.66
20.64
21.82
26.18
19.15
11.01
12.41
15.59
-3.75
17.1
15.63
19.62
24.96
26.8
23.12
17.18
26.21
27.42
22.11
11.74
17.58
22.29
24.05
22.45
12.31
26.13
26.51
15.35
17.31
21.08
22.91
23.86
22.22
20.67
22.58
13.61
15.97
16.62
19.23
17.55
22.27
28.53
26.67
20.37
16.97
18.89
16.75
10.33
5.58
17.17
15.02
15.97
26.17
31.57
31.55
27.82
21.7
17.33
20.14
22.63
23.1
18.88
16.65
26.42
27.08
22.79
19.88
24.28
22.77
16.42
12.11
26.04
28.61
25.83
22.53
20.44
23.39
22.3
11.5
6.12
10.15
21.62
27.23
27.57
25
19.25
22.62
16.6
12.55
21.35
28.97
29.6
26.53
29.22
30.91
28.92
25.96
22.25
24.32
21.49
12.07
16.7
21.99
24.69
21.14
15.63
13.29
21.19
27.66
28.79
23.39
21.95
24.17
18.13
16.18
17.16
9.38
11.53
9.55
10.76
10.79
23.4
26.96
25.33
15.76
20.32
20.68
13.64
4.79
18.44
18.33
14.14
7.04
9.94
19.8
17.53
23.28
22.9
20.82
20.46
22.85
25.09
24.06
17.75
14.16
21.86
23.12
19.35
16.72
19.77
21.05
19.28
18.46
18.61
24.09
26.99
25.66
19.8
14.71
15.41
14.23
3.71
6.62
9.42
17.81
19.04
13.63
23.91
28.37
20.73
21.69
21.52
16.77
12.91
14.16
14.91
8.44
5.04
9.46
14.74
16.76
23.1
25.28
23.72
17.91
20.07
23.32
19.48
-9.67
20.13
26.07
26.73
25.58
23.35
20.22
13.1
16.94
21.61
15.96
9
20.96
24.72
21.6
14.25
24.11
28.79
26.66
20.22
21.5
22.52
18.01
12.99
17.32
17.21
18.01
18.5
8.55
20.3
26.09
23.86
17.49
18.5
11.58
9.28
16.5
14.52
14.17
19.31
19.87
18.22
13.22
11.35
10.66
6.53
11.69
7.21
18.79
17.26
12.04
10.26
16.14
18
11.59
17.24
20.07
15.34
17.17
15.16
12.14
15.72
17.13
14.53
13.19
11.12
7.13
10.3
15.18
10.35
8.41
3.84
7.5
14.24
14.63
10.95
19
21.68
17.03
8.5
6.63
12.5
18.42
17.32
6.97
4.69
10.07
14.03
14.87
8.76
10.4
14.88
18.85
19.77
16.21
11.61
13.32
1.02
14.48
17.36
12.05
13.82
15.01
13.9
14.29
11.91
11.7
12.67
9.84
-1.95
11.57
11.09
14.88
16.88
14.57
4.01
5.83
12.2
13.57
17.2
21.65
23.19
22.57
22.96
25.67
26.26
24.06
23.4
22.77
19.41
17.6
16.09
21.42
22.87
22.63
21.63
22.69
15.31
20.63
15.82
20.32
25.73
27.34
28.38
27.23
25.15
21.76
7.08
15.65
13.84
7.42
15.18
25.74
27.92
23.18
23.31
27.92
27.84
22.11
12.68
18.64
17.68
10.14
13.64
17.12
16.96
17.16
17.4
16.04
16.19
18.15
18.41
20.09
21.91
23.4
24.75
24.83
23.39
19.76
20.57
19.24
19.48
15.17
21.4
22.94
24.03
23.49
24.16
27.15
28.77
27.6
25.12
24.35
24.41
20.56
18.32
23.14
20.22
22.5
26.82
26.3
25.57
23.22
18.37
18.77
5.36
20.21
13.55
18.7
25.56
26.35
25.03
22.37
21.34
14.39
6.71
13.63
13.63
18.67
15.35
20.25
24.19
23.18
19.89
22.78
24.84
24.72
22.41
18.53
16.8
23.51
23.09
17.2
4.64
4.71
21.39
22.74
21.36
22.68
18.82
17.36
23.51
26.54
25.5
21.35
17.54
1.38
19.08
24.19
23.25
22.32
19.36
19.38
18.31
17.43
17.68
7.09
-12.28
2.01
17.5
22.07
22.93
22.54
23.27
24.16
23.04
23.53
21.86
16.27
11.28
15.75
16.52
16.65
19.23
14.06
11.3
20.1
24.56
20.88
22.47
26.05
22.84
18.34
13.98
16.34
17.57
14.33
11.51
15.97
20.88
22.84
22.71
21.09
19.32
17.02
22.23
22.86
12.88
13.4
8.45
16.01
21.59
24.1
23.51
19.87
16.1
19.88
24.9
24.57
18.61
18.89
22.61
24.05
26.7
24.49
9.77
23.5
25.54
25.74
24.08
25.74
27.5
25.58
18.74
19.41
17.12
1.92
22.09
25.98
25.85
25.83
22.33
1.85
12.39
11.23
1.38
7.72
10.81
17.1
14.25
24.35
25.41
20.47
17.12
17.41
18.07
10.71
14.76
21.28
19.12
2.33
8.84
11.23
17.75
21.71
25.39
26.95
24.76
10.89
21.91
24.8
25.75
25.47
23.6
23.42
23.17
16.02
10.37
18.33
18.99
23.75
24.9
24.91
24.16
23.15
22.08
15.03
14.55
23.41
27.08
27.58
25.14
23.43
22.55
17.24
18.98
26.21
26.99
27.33
26.19
24.98
25.56
22.16
16.69
16.17
17.89
15.99
21.49
22.25
18.45
14.38
20.13
21.47
13.57
10.78
16.73
20.52
20.75
20.95
21.41
21.29
16.74
15.68
23.09
24.77
23.92
20.01
21.51
23.68
20.93
-7.53
14.38
16.35
10.34
-13.86
3.48
19.2
24.91
20.7
7.89
15.51
11.5
10.46
14.06
19.07
19.85
19.59
21.72
24.31
25.25
25.42
25.54
19.43
17.48
19.04
20.65
20.99
17.75
10.21
11.81
18.48
19.75
15.3
10.56
14.42
18.78
13.9
13.41
21.63
23.26
22.74
18.55
10.61
14.65
14.84
15.24
12.88
11.68
12.83
18.12
21.67
21.8
23.58
25.47
24.34
20.69
16.07
4.72
16.35
20.67
20.2
16.66
9.42
18.18
16.37
13.33
20.7
23.7
24.4
22.92
21.25
23.93
21.86
16.22
19.68
22.88
20.38
9.23
18.78
8.99
10.89
11.8
8.59
17.69
21.98
20.67
18.49
19.15
23.65
24.78
20.16
21.09
19.8
14.19
7.92
21.15
22.63
20.59
15.72
19.91
14.66
18.08
15.8
13.15
22.02
24.91
22.09
22.24
20.63
16.47
-1.52
13.15
16.92
17.51
18.58
18.84
15.88
18.8
22.71
21.52
15.48
17.63
21.42
18.02
20.46
15.95
11.63
4.93
8.29
22.95
23.18
12.61
21.67
14.24
9.37
13.9
8.95
15.51
21.68
24.73
24.12
24.39
25.64
23.57
24.38
23.85
20.61
17.25
15.61
12.51
23.64
25.63
26.18
26.72
25.76
26.53
27.36
28.9
29.92
25.54
7.65
16.19
17.03
8.89
15.67
20.05
20.58
13.22
21.58
21.24
17.54
16.93
18.83
11.99
11.88
13.54
22.23
17.12
19.06
6.68
8.24
17.48
21.08
25.46
24.53
18.72
15.01
23.12
24.69
20.29
16.82
19.47
11.03
15.75
15.69
16.48
19.69
20.16
25.49
27.23
24.76
20.14
8.62
13.63
18.72
17.39
18.76
25.15
22.86
20.39
22.81
15.66
7.85
16.62
15.73
9.13
9.34
3.92
17.92
21.95
23.68
23.37
21.17
20.11
17.46
16.69
21.64
22.88
23.3
17.47
20
24.24
14.54
12.52
14.67
18.42
9.41
21.83
18.29
15.24
15.07
23.73
24.04
16.8
14.43
12.05
19.76
22.01
23.2
24.28
27.08
33.15
31.31
25.18
17.47
28.09
28.96
21.73
14.47
8.01
15.63
20.28
17.29
19.79
19.75
20.99
21.28
19.99
18.2
18.74
14.66
19.18
23.62
22.2
15.89
12.84
23.12
39.96
44.87
40.94
25.06
20.08
24.39
27.27
19.82
18.14
15.31
9.89
17.76
23.03
24.8
21.63
18
15.05
15.89
23.64
21.86
18.42
20.72
24.02
24.01
18.71
15.05
21.94
28.73
40.94
45.92
42.6
29.31
19.62
21.7
19.61
16.02
12.05
23.25
25.1
25.06
26.67
24.2
20.4
24.59
23.96
-3.37
23.47
21.52
19.97
27.04
30.76
26.34
21.62
19.85
24.28
28.08
25.57
19.72
18.22
21.01
17.02
21.94
13.99
1.65
6.51
18.35
22.33
20.87
17.87
15.45
16.61
25.48
29.28
29.79
25.92
13.38
20.11
23.16
27.43
38.72
43.38
39.61
28.52
13.42
-0.84
17.26
12.28
18.01
26.68
24.96
24.68
32.97
34.15
32.21
27.73
18.57
14.77
18.32
19.49
22.64
24.8
25.99
25.05
25.02
25.24
24.22
24.32
35.04
46.5
49.39
43.27
21.2
22.43
25.85
25.59
22.74
26.55
28.61
29.38
28.31
28.05
26
17.76
13.34
16.87
10.1
22.46
23.07
23.39
26.48
26.69
27.51
27
22.61
23.48
27.98
26.96
17.2
4.82
13.16
16.34
10.88
24.16
24.79
21.77
22.52
19.46
13.47
18.54
24.53
20.75
23.09
25.81
23.08
14.84
18.64
14.59
12.2
12.57
12.1
26.69
40.79
44.84
38.99
12.33
-0.45
6.06
15.64
24.75
26.54
25.59
23.43
17.08
14.72
17.84
15.61
11.05
16.46
15.87
15.65
20.9
20.33
17.43
25.17
22.47
19.78
22.46
21.89
24.17
21.13
11.7
13.32
17.31
21.56
20.66
24.59
34.56
35.76
26.49
15.97
17.16
21.24
17.61
10.85
19.15
28.04
32.36
29.52
24.05
22.08
16.38
24.28
25.78
20.33
17.7
9.39
6.93
16.19
23.73
24.5
20.44
21.5
18.59
18.39
20.53
23.2
23.84
23.77
21.59
17.46
23.65
27.33
30.51
40.11
43.69
38.82
26.81
30.04
26.06
12.92
12.1
12.35
25.68
31.7
36.73
32.4
17.05
22.76
27.09
24.03
17.9
15.48
23.05
30.46
27.97
28.03
26.33
25.74
26.51
26.21
24.28
26.82
22.74
20.02
23.36
28.44
27.79
29.6
25.81
22.96
26.97
26.69
27.11
29.89
26.47
15.52
23.38
28.55
30.94
29.8
27.19
22.86
27.56
24.29
6.73
4.29
17.87
21.12
19.98
20.48
23.33
21.29
22.3
26.17
25.24
22.97
19.54
24.71
17.49
22.53
24.29
28.11
27.97
22.23
22.23
28.63
26.95
12.52
23.57
22.4
28.7
43.45
49.29
46.09
27.92
27.86
20.91
29.2
30.01
23.18
39.32
48.85
49.03
39.34
14.57
22.1
22.32
21.57
23.23
29.02
31.12
29.74
26.83
21.93
31.43
33.29
27.14
23.04
30.85
32.81
29.49
14.81
22.89
19.09
21.24
26.86
30.63
27.42
23.34
29.97
20.73
24.6
28.87
30.05
27.78
26
28.61
30.04
31.86
31.95
21.69
27.9
32.17
31.78
24.71
11.87
18.56
18.03
20.6
24.21
23.35
9.65
20.8
25.31
28.25
29.55
29.1
31.89
25.39
29.25
31.42
29.46
24.26
26.56
31.91
29.63
18.23
27.8
29.62
27.57
10.89
32.47
33.37
27.35
19.7
24.42
29.8
31.7
31.82
26.92
26.27
26.36
26.67
24.33
16.92
32.3
35.45
32.5
27.98
28.31
31.14
28.15
24.38
26.45
20.6
27.78
25.94
21.74
29.39
33.97
30.17
17.2
19.22
18.1
24.55
25.7
30.74
34.91
32.05
18.36
25.78
29.88
29.1
28.63
22.03
16.43
20.48
23.51
27.09
28.44
28.43
27.68
29.34
33.15
35.7
36.09
31.21
28.51
26.87
18.88
17.99
20.94
23.68
4.65
10.3
14.75
20.98
23.9
28.46
30.94
27.88
18.6
26.17
28.49
28.27
31.58
32.14
33.26
34.4
31.91
30.46
28.81
20.36
27.63
26.09
19.96
25.82
26.08
27.4
28.51
25.29
25.54
22.11
24.33
21.04
17.63
13.54
21.94
27.27
29.51
30.5
29.8
28.37
29.47
25.89
18.33
25.54
23.76
20.44
24.53
20.89
20
19.29
16.3
24.48
25.66
23.08
22.92
14.87
20.38
24.83
23.58
7.06
25.54
30.16
29.85
28.22
25.83
22.31
20.92
23.15
22.94
23.37
25.98
27.42
27.62
25.78
26.35
26.2
26.46
22.86
15.81
19.01
23.28
20.38
22
27.1
26.99
27.1
28.44
26.83
20.84
10.82
19.29
16.13
16.92
22.12
23.58
18.04
21.04
25.55
25.44
24.72
26.94
23.92
21.11
22.18
21.67
19.52
16.23
23.94
23.7
25.97
18.9
23.91
24.89
19.77
14.8
15.23
17.72
6.26
16.61
15.75
21.01
25.61
25.2
26.06
27.36
26.31
24.78
23.71
21.56
20.13
15.84
17.56
20.67
21.41
20.74
18.57
22.92
17.47
20.87
24.69
19.69
13.94
1.58
17.13
19.94
19.13
21.51
20.06
15.58
11.86
14.22
20.75
20.13
18.03
17.02
17.11
11.13
19.38
21.28
24.41
23.24
12.06
7.87
18.54
22.57
18.83
10.73
18.13
25.03
29.97
30.47
28.77
28.31
29.33
28.46
24.55
21.91
28.09
29.31
28.04
25.63
31.01
32.06
27.88
23.71
28.79
30.19
24.5
21.04
22.57
12.93
23.16
29.33
26.99
25.4
24.43
29.46
28.92
24.6
24.03
27.78
26.93
26.65
27.13
16.58
8.88
22.32
28.14
27.81
26.35
28.74
27.66
25.29
7.36
25.07
28.29
25.23
21.46
27.57
29.2
19.72
14.56
25.26
29.83
26.93
23.36
22.36
27.7
29.98
25.58
22.26
27.31
24.95
28.08
25.65
23.95
24.93
21.71
20.21
28.72
26.42
24.21
23.74
17.2
27.16
21.45
28.23
34.62
30.7
22.29
15.79
19.34
25.7
25.56
22.44
19.67
23.4
23.1
11.31
20.09
1.32
22.64
23.12
10.8
13.25
23.6
24.88
17.31
27.29
28.86
23.27
24.94
21.85
15.02
22.13
22.72
17.58
18.84
17.47
25.41
22.41
20.26
20.86
14.38
24.87
26.91
17.33
24.25
18.25
24.02
22.79
25.33
23.22
22.77
25.33
26.72
27.73
20.55
21.68
18.99
16.44
24.47
23.96
26.94
15.03
26.39
26.04
24.26
22.95
19.37
21.9
22.83
24.2
18.62
21.85
26.46
27.87
27
30.35
30.25
24.25
7.71
23.19
18.03
21.62
26.16
19.86
21.45
27.53
25.36
11.98
24.92
21.51
13.55
20.94
26.89
25.28
21.18
21.48
26.23
25.93
19.25
14.27
16.25
15.32
14.15
15.89
24.61
25.74
21.45
17.75
23.16
22.23
17.53
20.71
19.48
15.71
20.06
17.29
17.06
21.84
24.51
23.95
23.3
24.28
20.9
19.53
22.75
21.99
15.04
15.59
14.74
11.99
16.54
18.09
25.52
23.46
23.17
28.4
22.88
18.1
19.05
16.21
21.48
25.71
21.57
20.05
22.9
14.46
21.34
21.16
23.14
23.68
18.82
22.51
18.67
11.57
18.88
15.87
20.12
25.44
24.8
17.99
9.88
20.18
17.27
15.64
21.57
17.97
20.55
22.5
22.95
18.74
12.21
18.39
22.44
24.53
20.18
19.15
22.69
18.1
10.46
10.09
16.43
15.16
10.67
11.16
15.1
13.22
17.42
15.67
6.92
11.42
19.25
15.13
7.98
7.23
14.72
17.41
19.83
16.96
17.42
18.63
22.59
23.47
15.68
1.77
13.98
21.58
22.04
23.54
22.38
21.29
20
19.86
22.88
22.53
16.15
0.1
21.18
22.5
15.93
15.41
21.97
18.06
4.39
12.96
15.23
16.27
9.89
9.43
16.15
17.25
16.91
15.58
13.17
19.98
11.65
21.4
25.99
24.73
22.15
18.07
10.47
19.68
23.73
15.92
16.17
16.17
11.24
13.52
18.6
18.92
18.03
13.08
19.78
26.25
24.73
9.42
6.82
16.96
17.63
18.62
22.96
18.01
12.23
9.59
13.63
19.56
17
1.71
13.53
9.15
10.59
13.12
19.91
23.66
20.38
7.13
19.61
21.82
16.52
17.35
11
6.43
20.39
20.9
18.17
15.37
13.16
21.11
15.02
23.33
22.82
20.2
18.6
20.92
19.93
16.54
15.55
1.32
23.54
26.64
22.62
13.97
17.56
19.89
19.13
16.46
20.39
22.19
22.98
20.72
19.31
21.01
16.81
-9.49
12.31
9.15
17.16
21.41
22.88
19.67
15.75
16.28
17.01
20.15
20.92
21.6
4.46
21.38
25.95
26.46
18.35
7.57
14.25
12.68
17.86
19.17
19.51
20.74
16.48
1.1
-3.25
12.13
19.97
18.92
-1.87
21.41
26.32
25.98
21.34
17.94
20.15
21.37
19.61
14.8
18.41
22.54
21.64
24.17
25.13
17.67
-2.35
12.53
18.77
21.17
19.88
18.12
15.7
17.94
24.66
24.07
21.74
26.33
20.08
18.38
22.58
17.26
10.56
20
18.52
10.53
4.59
14.61
19.8
21.53
20.99
17.09
10.93
22.32
26.07
26.17
28.3
28.68
24.65
12.7
22.54
15.13
-0.47
0.17
6.36
20.11
23.6
21.35
20.26
12.02
16.64
23.67
22.09
17.24
24.02
24.98
24.49
18.85
10.54
17.87
12.62
20.87
26.27
23.77
-9.39
19.88
23.37
20.51
15.74
9.67
23.34
30.28
28.54
16.45
17.11
22.24
22.15
20.27
21.95
18.82
9.6
6.3
17.7
23.19
22.79
11.13
13.89
19.79
21.96
21.4
21.66
18.75
7.06
20.76
17.3
12.55
17.3
18.97
22.42
21.38
19.52
3.38
15.76
9.37
16.34
16.59
20.33
16.44
16.6
22.78
23.83
22.68
20.66
18.13
10.2
21.31
27.3
35.45
32.47
25.56
25.03
23.21
17.92
15.12
16.44
20.23
17.79
22.94
20.95
19.81
21.85
19.23
16.25
7.33
18.17
26.31
26.97
24.51
17.25
12.04
-13.66
15.26
12.95
16.2
22.41
22.21
16.48
-39.14
20.83
23.82
22.82
20.24
16.87
16.39
12.32
15.53
13.93
17.94
20.42
21.62
21.67
19.73
18.13
21.14
23.01
18.38
17.37
23.35
24.14
22.84
20.94
21
16.79
6.16
9.52
12.78
17.6
17.15
19.7
15.69
18.59
23.83
23.23
23.66
23.07
20.39
5.4
18.95
21.22
21.44
20.58
19.85
22.89
24.56
24.13
20.22
18.22
17.12
14.4
9.68
8.89
9.85
15.34
17.84
20.46
21.79
19.69
17.54
22.49
17.71
11.71
14.55
22.54
24.16
23.88
20.91
17.19
20.36
23.21
19.89
17.34
20.26
17.45
11.62
20.56
23.59
20.21
16.4
8.85
13.82
10.9
8.15
-1.87
9.07
14.36
14.85
17.76
22.28
20.24
20.1
18.93
15.15
17.96
18.19
16.13
17.04
18.42
12.86
20.44
16.22
20.4
22.86
17.83
0.59
15.41
15.17
-5.05
17.13
21.74
18.72
2.34
7.1
20.38
24.6
25.39
23.07
18.65
13.54
18.82
24.1
22.54
16.61
9.01
2.37
15.69
19.83
19.69
21.25
24.39
23.62
13.44
11.06
12.53
16.39
17.81
15.36
18.43
21.29
19.73
20.22
20.92
17
0.25
11.82
16.86
17.12
19.2
17.7
19.4
22.11
17.69
18.12
21.83
20.03
16.99
16.06
13.93
17.46
21.6
22.02
21.62
20.34
18.43
16.94
22
22.31
15.27
8.52
21.32
25.92
24.96
19.09
15.09
11.44
10.87
15.63
14
7.99
15.96
17.26
14.14
17.39
12.04
-1.75
6.68
16.89
20.93
20.03
15.46
11.09
15.13
22.08
21.76
19.79
19.33
13.12
-0.03
15.66
19.05
19.58
23.11
21.75
7.43
18.12
22.59
21.11
14.39
18.38
19.88
18.08
16.78
10.47
3.08
10.76
15.7
18.38
12.02
19.18
20.81
10.72
8.29
9.7
0.16
13.05
15.1
8.95
7.88
14.3
16.51
14.04
12.6
12.48
12.23
14.82
9.77
3.68
10.99
11.57
15.13
13.57
7.85
11.22
13.97
11.4
16.39
17.89
7.21
18.23
22.27
19.64
15
13.27
9.32
8.85
10.04
-0.27
14.51
18.68
18.98
19.56
16.23
7.82
6.52
12.06
10.89
7.57
11.67
12.59
14.55
12.53
7.05
10.15
13.09
16.16
18.89
18.82
13.23
2.76
6.06
-3.16
-0.85
11.29
17.86
16.52
15.24
12.62
12.61
14.53
12.37
10.25
18.06
22.11
20.53
12.19
14.95
17.91
20.56
21.56
20.23
21.29
20.58
16.08
12.56
15.05
13.69
4.33
-1.71
11.95
15.73
9.34
7.83
16.1
14.2
9.25
14.98
9.52
15.57
21.06
16.92
6.34
6.55
7.69
11.22
12.5
12.63
6.75
11.68
16.28
7.52
10.32
15.14
14.45
6.43
0.62
9.1
12.05
13.14
18.01
15.13
7.57
10.95
19.08
22.57
19.98
12.93
9.34
13.25
12.49
4.36
6.94
11.14
16.32
11.93
8.84
11.98
7
13.06
14.32
12.86
14.25
13.51
5.84
11.86
16.12
19.03
20.79
20.07
20.79
21.3
15.26
16.54
20.73
15.74
12.13
12.85
17.44
17.96
13.94
2.06
16.96
22.01
20.5
14.97
6.87
17.74
16.45
7.06
-2.03
6.02
16.89
19.54
14.36
15.08
14.66
6.38
6.15
3.79
9.58
8.99
6.4
1.03
11.21
12.19
14.24
19.34
16.3
11.36
13.99
4.97
8.48
6.97
5.6
12.36
12.88
23.11
23.09
17.44
14.39
16.15
14.35
10.03
14.41
12.5
0.94
17.19
20.28
20.76
14.06
12.32
16.07
4.4
11.88
2.99
10.67
5.06
15.13
14.9
2.71
4.89
17.38
17.57
13.31
10.9
8.51
17.75
15.24
15.36
17
16.41
18.38
16.94
8.35
11.21
12.59
13.59
16.67
15.33
8.88
16.42
14.01
14.2
15.76
14.54
8.57
4.7
5.67
16.6
18.69
20.2
14.14
11.89
15.45
21.13
24.83
23.79
21.82
18.6
15.74
14.77
9.35
11.71
19.64
23.31
23.3
19.5
16.7
8.67
15.44
16.69
10.71
13.6
20.6
23.16
18.67
12.25
14.18
11.61
24.24
25.82
23.92
20.6
13.88
6.95
17.46
18.88
12.06
5.35
13.45
20.61
22.09
19.86
22.73
15.8
15.5
19.78
18.58
19.19
22.86
24.2
21.07
11.9
14.51
18.69
24.27
23.99
15.01
12.26
11.74
16.5
20.26
19.95
15.82
14.79
19.09
21.64
24.05
23.86
21.59
18.23
18.17
18.56
6.28
5.45
16.48
21.97
22.16
20.04
17.35
9.58
9.63
17.71
18.99
21.83
23.51
22.71
21.19
19.02
11.49
10.81
8.45
16.32
18.58
10.18
15.64
16.25
13.26
11.76
13.17
13.76
18.49
21.73
25.19
25.45
22.49
20
21.64
20.76
19
18.23
11.75
10.35
18.81
20.5
17.81
15.93
11.84
8.38
5.34
12.64
13.69
12.81
14.85
10.96
12.66
15.96
14.95
13.65
17.82
21.02
20.63
14.24
5.15
2.44
-1.35
14
17.54
19.26
19.64
13.53
13.18
17.72
20.28
17.81
19.68
19.77
13.36
-1.34
15.5
20.41
19.34
11.13
17.92
23.18
22.93
17.64
13.15
18.22
17.74
14.16
19.37
16.23
14.29
16.17
9.33
11.93
19.97
20.81
20.8
17.29
6
14.12
6.67
4.37
11.85
18.29
19.63
20.22
19.55
11.94
15.7
19.29
13.29
9.75
16.2
22.63
23.46
21.41
12.49
6.36
9.4
13.57
15.83
7.04
18.44
18.5
15.09
7.07
13.6
10.12
9.28
14.55
18.12
23.29
18.59
14.91
18.84
15.43
13.3
12.37
12.52
10.67
12.81
20.51
18.24
12.16
4.21
6
14.43
17.59
13.38
7.11
16.33
18.59
19.54
17.8
19.08
18.2
15.44
3.81
16.59
18.01
8.35
8.13
17.82
19.69
15.25
8.65
10.19
9.64
12.74
19
18.89
3.9
16.79
9.54
15.61
19.55
20.39
21.12
19.02
15.08
16.41
19.79
22.83
22.7
18.97
15.49
16.36
12.53
10.33
17.33
12.28
14.85
14.97
15.07
15.53
15.93
9.44
16.48
15.07
9.34
14.63
14.77
12.22
10.49
15.27
13.12
12.29
8.41
15.96
14.6
11.82
7.5
18.25
22.72
20.21
5.61
18.12
12.1
6.16
15.81
18.54
17.4
13.01
2.88
11.17
4.43
12.75
13.02
11.61
4.67
16.39
20.3
20.22
16.4
19.18
19.92
20.4
16.98
16.04
12.21
-3.43
11.5
20.65
23.19
21.33
15.54
15.86
15.34
8
13.34
10.58
-1.62
14.89
18.06
12.12
14.25
16.97
16.66
19.23
20.24
12.5
15.83
18.74
8.21
18.3
19.12
13.45
12.44
17.88
19.74
18.64
12.3
16.63
17.14
17.65
17.62
17.25
15.47
14.05
19.39
20.77
16.9
15.9
17.86
19.76
21.44
20.9
21.19
20.08
10.7
3.52
12.95
13.84
18.09
22.61
21.41
15.9
15.58
18.24
13.78
12.4
15.54
10.95
7.88
5.14
2.14
7.43
14.49
17.51
21.33
23.68
20.57
3.48
16.17
14.34
5.44
16.98
17.37
11.18
18.08
17.9
15.62
10.13
6.31
14.15
18.66
22.5
21.23
11.78
6.32
16.36
18.15
21.66
20.79
13.77
18.75
12.76
0.92
8.42
18.82
18.19
10.91
17.8
8.8
13.97
18.24
16.97
12.43
5.76
15.63
20.83
22.66
21.2
19.31
17.48
11.34
15.76
20.81
21.67
15.28
16.75
15.63
12.98
12.71
11.59
12.1
18.04
19.97
14.93
10.71
19.46
17.02
18.85
19.28
12.29
16.26
18.78
7.69
20.05
17.8
4.13
10.04
7.74
0.29
2.88
12.39
3.95
19.39
24.23
24.03
20.96
17.19
15.33
12.4
16.32
21.69
19.51
9.98
9.05
14.86
4.41
10.28
13.48
16.23
15.81
17.28
16.41
13.29
15.35
5.06
17.08
18.67
7.9
1.04
10.35
9.94
13.46
19.14
21.46
20.91
1.44
21.18
22.33
16.24
11.46
14.47
18.84
23.42
24.34
21.45
18.69
14.59
7.71
11.38
9.23
-5.32
15.11
18.89
20.99
22.16
16.07
8.91
11.43
-3.24
9.6
7.28
19.95
23.82
24.7
22.26
16.14
12.02
17.08
22.59
21.51
14.47
3.72
13.38
15.47
4.08
19.24
18.48
16.98
15.51
16.22
18.25
19.84
20.04
11.36
14.35
13.61
8.87
15.13
12.81
14.7
18.35
15.28
16.3
16.22
13.74
14.92
18.68
13.15
12.57
12.89
20.6
21.46
17.63
13.16
15.03
18.33
16.99
4.84
16.34
21.46
19.8
18.34
16.67
13.16
15.68
17.4
16.48
20.23
17.52
9.41
12.82
0.18
13.5
11.58
3.86
12.24
13.21
11.21
4.93
13.75
17.39
16.02
8.22
11.68
9.24
7.54
13.35
14.3
14.97
11.89
15.01
14.97
9.3
14.99
2.66
12.06
9.93
20.1
15.09
2.33
1.94
5.03
16.16
12.32
11.37
18.73
21.08
21.2
16.67
7.45
10.14
12.69
16.25
17.4
15.16
13.15
9.41
6.85
18.66
21.28
20.83
19.06
14.13
10
11.31
12.99
16.5
14.14
10.55
9.36
13.56
17.57
16.17
15.99
17.21
16.5
12.6
6.57
14.18
10.55
11.83
11.01
9.22
11.66
10.12
6.86
10.9
15.26
19.57
21
15.66
-2.91
8.64
13.8
13.24
9.79
11.52
8.28
4.45
10.21
14.61
16.04
10.05
4.3
11.3
7.63
16.93
19.64
14.75
3
14.35
14.02
17.45
17.65
16.56
14.9
12.93
17.81
15.33
14.63
17.08
13.3
8.28
17.05
17.69
13.91
-2.98
-10.14
10.6
12.44
3.91
3.08
5.99
10.53
14.65
12.54
4.7
14.28
6.74
11.44
13.86
-6.72
14.89
15.4
10.52
10.93
5.1
0.77
7.78
7.8
10.91
11.65
10.82
10.79
11.01
16.79
17.01
10.76
3.6
2.85
1.79
6.71
9.57
9.65
6.88
11.54
2.3
16.46
15.97
15.06
21.44
21.91
17.9
20.81
23.34
18.42
0.56
11.61
0.85
11.01
11.57
16.64
16.96
9.1
7.6
-6.66
8.46
3.15
15.84
13.92
5.73
11.25
15.84
13.74
5.87
12.05
11.68
11.94
9.1
9.84
18.66
17.21
14.18
14.59
13.41
14.5
19.1
15.26
12.58
12.7
5.93
10.05
3.49
15.67
18.39
17.03
12.68
13.12
18.62
18.43
8.24
8.03
3.2
14.15
16.74
16.83
12.59
10.5
7.7
8.46
13.23
11.98
13.54
15.41
14.21
8.49
14.04
18.21
15.62
6.92
9.57
15.43
13.14
12.64
12.14
9.52
12.06
11.9
11.75
10.35
7.9
11.48
14.54
13.89
15.45
11.01
12.36
20.26
16.06
11.52
10.46
8.08
16.28
18.38
15.66
8.97
13.57
16.86
4.36
8.59
6.58
12.32
7.2
14.28
15.24
17.59
16.73
15.1
17.25
14.38
11.64
15.11
-1.5
5.03
12.1
17.46
15.58
2.37
16.36
17.91
16.05
13.05
14.91
12.55
11.9
-7.43
16.67
20.12
16.69
11.07
10.55
9.71
6.69
13.36
17.56
16.38
3.25
13.36
16.61
18.06
20.85
19.45
15.76
13.57
10.46
10.85
12.67
15.06
14.28
16.51
9.9
12.47
12.52
5.04
8.1
13.45
16.03
17.5
14.17
7.39
17.53
14.99
7.9
14.07
11.14
18.7
19.68
19.27
10.93
13.94
17.44
15.75
6.27
2.12
7.76
4.97
0.78
9.45
8.61
5.92
17.06
19.03
13.36
13.59
17.74
9.73
12.35
14.38
-0.1
10.03
10.96
6.3
0.38
13.33
18.01
16.65
13.57
14.19
16.5
11.33
14.67
20.42
17.52
10.76
9.07
11.41
12.88
12.21
8.55
7.45
6.33
17.33
17.95
12.55
15.48
16.43
18.66
16.77
16.36
16.86
11.35
1.84
0.4
14.07
12.64
17.4
19.09
17.36
14.4
13.22
13.39
16.51
18.97
18.86
15.97
8.05
5.9
15.52
17.5
16.82
18.05
15.79
8.37
1.59
-7.3
4.22
14.36
13.42
8.19
14.09
10.85
13.21
13.68
6.44
13.23
19.48
18.29
6.12
9.88
15.03
19.94
21.39
18.5
5.77
15.44
16.9
15.4
14.96
15.44
13.77
8.7
13.42
5.29
15.98
12.49
12.91
14.46
12.04
9.79
3.08
10.05
11.19
13.89
14.3
4.19
11.56
13.43
10.24
11.25
12.02
7.37
11.76
6.44
11.1
16.6
19.65
18.95
15.74
9.79
6.98
12.84
7.26
13.58
13.4
15.81
14.95
8.67
5.99
12.26
8.96
-2.09
12.16
13.19
11.25
11.34
11.31
18.25
21.69
19.39
13.62
15.24
7.23
5.01
8.51
16.63
18.43
14.97
12.66
10.72
11.21
17.69
20.3
19.23
17.07
12.05
8.26
10.93
8.73
16.5
18.44
16.84
15.44
4.18
9.27
8.72
12.03
12.46
14.89
16.47
14.4
9.96
8.22
11.86
9.19
11.16
14.09
14.24
16.11
14.01
12.29
15.36
16.9
14.49
15.99
16.34
3.33
11.15
13.62
4.93
3.84
10.13
14.92
18.62
19.24
16.58
13.7
13.12
17.72
21.8
20.74
13.52
10.88
14
15.74
18.65
18.06
7.41
14.93
11.07
-1.35
16.62
20.65
20.23
19.59
19.52
18.83
15.26
9.9
7.75
8.84
12.67
19.16
21.06
18.65
13.9
7.91
7.22
6.52
7.97
12.69
16.48
12.58
16.13
19.81
18.56
18.87
17.57
1.08
6
1.31
2.23
8.35
8.5
1.22
5.34
12.74
17.37
16.83
10.9
2.49
-1.97
10.61
16.83
15.23
11.36
14.35
18.53
21.43
19.51
10.73
-2.4
10.21
18.51
21.39
19.44
14.97
14.65
8.84
-2.25
10.31
18.56
18.56
15.74
12.23
5.96
16.9
20.52
18.72
15.95
16.06
15.91
15.7
12.27
8.37
11.08
11.82
8.82
11.44
11.73
11.29
-0.6
10.72
15.13
19.87
22.3
20.63
16.78
10.69
-3.66
-10.08
5.33
9.54
5.28
10.54
12.77
10.91
0.39
12.82
15.07
14.1
13.62
12.89
12.49
8.22
6.55
-3.35
11.59
14.28
11.39
6.66
8
15.18
12.67
2.29
4.96
14.92
15.11
11.64
14.39
13.03
15.5
16.8
14.43
9.83
8.33
5.23
15.07
17.52
13.96
5.37
9.99
8.84
9.12
9.23
11.71
4.26
0.02
9.79
15.85
15.41
11.13
6.93
9.69
15.7
17.73
16.51
12.35
10.46
15.38
16.84
9.88
10.33
13.31
13.42
14.56
8.76
10.16
14.23
11.11
4.23
-0.63
-1.48
-9.62
3.58
9.46
11.09
13.37
17.76
16.22
10.63
10.35
3.23
2.41
6.29
10.67
11.2
17.88
20.13
20.36
17.98
14.57
11.72
16.46
16.78
16.31
15.06
12.36
12.23
10.59
0.24
-0.66
-2.91
10.95
14.26
13.08
13.51
14.04
6.87
5.39
7.87
4.78
5.95
4.42
8.23
17.19
15.01
1.4
-0.02
14.74
16.86
15.45
14.15
15.28
17.21
16
13.83
14.99
16.2
19.18
21.2
19.69
17.57
11.43
-15.69
-2.41
8.66
-2.35
10.31
8.76
-0.04
3.39
11.09
14.85
10.57
4.54
13.17
14.9
10.58
6.94
14.55
17.66
20.85
18.6
1.77
13.43
15.53
13.17
11.9
9.77
1.54
4.77
8.37
10.16
11.46
1.83
12.76
11.03
15.37
15.96
15.88
17.6
16.8
17.42
17.35
12.58
4.35
1.86
1.7
9.46
11.77
15.25
15.63
5.27
-14.28
-0.17
4.66
-5.55
-1.39
12.99
17.65
16.9
14.7
10.2
5.55
2.19
14
14.92
17.01
15.18
16.14
17.3
13.32
15.31
19.13
16.26
-1.07
11.14
14.87
17.51
14.47
9.8
10.81
7.49
4.63
9.48
12.95
15.07
10.83
7.18
15.91
14.47
3.93
9.23
16.34
18.61
16.2
11.1
11.83
14.55
16.43
13.96
11.64
7.84
5.53
15.32
17.54
10
11.21
17.32
20.35
19.41
13.58
15.16
10.04
-19.84
6.25
13.79
14.41
9.35
1.87
14.2
15.06
15.04
13.24
-0.71
16.17
17.49
13.59
7.65
8.5
12
14.58
15.29
14.43
12.69
10.68
3.96
16.15
16.89
13.42
9.21
10.8
15.31
14.87
15.61
13.58
19.34
18.28
16.66
12.14
15.02
18.94
17.47
4.76
12.89
15.64
17.39
17.81
13.82
9.77
18.36
18.93
11.98
11.79
19.58
20.01
19.18
11.05
17.88
21.99
18.37
1.61
18.1
21.7
21.08
13.51
11
17.76
20.28
18.97
13.4
14.13
13.07
21.66
25.51
20.39
10.68
18.23
18.62
17.58
20.06
21.32
19.35
15.18
10.23
9.32
16.86
15.27
10.99
10.11
8.34
15.25
11.31
17.19
20.1
17.14
9.11
13.02
16.1
17.05
14.04
7.44
9.79
16.73
18.03
15.82
10.48
6.87
15.18
13.33
10.11
17.71
17.94
14.51
17.2
20.13
17.73
11.52
12.59
16.47
18.55
17.94
9.47
12.55
18.01
16.7
10.34
13.91
17.7
19.88
18.25
10.42
12.43
12.6
10.25
9.05
12.19
9.57
6.36
13.84
13.79
16.29
16.62
15.78
10.91
15.84
18.81
16.96
15.12
14.83
17.61
14.77
7.25
-2.31
12.1
18.27
20.84
15.37
11.41
15.04
9.52
1.51
15.86
18.71
16.7
13.57
11.43
9.44
14.55
16.56
13.43
1.11
9.61
15.42
18.75
15.68
11.75
18.52
19.54
17.11
15.03
9.9
-3.56
3.18
-0.88
9.09
16.73
19.63
20.13
15.6
-5.25
12.01
16.43
13.9
4.79
14.72
17.95
14.89
16.73
19.23
16.91
10.93
9.24
15.86
17.67
16.97
0.81
15.25
16.24
11.55
2.62
6.06
14.28
19.28
15.3
11.38
15.96
15.76
16.02
12.91
6.46
16.41
18.19
17.26
13.53
12.51
14.3
12.59
12.05
13.44
6.36
2.08
16.03
17.7
9.67
15.31
16.7
11.41
9.58
0.15
10.36
12.28
17.38
19.59
17.2
13.21
13.59
13.05
10.24
6.5
12.17
18.7
17.99
13.35
10.54
9.26
0.64
-2.92
-4.9
10.13
12.95
13.31
13.34
14.76
17.77
17.57
10.19
1.77
8.38
10.83
14.1
14.05
9.08
7.04
15.15
17.15
15.34
13.08
10.21
9.95
13.18
16.59
16.28
11.77
11.95
9.99
13.55
14.93
12.24
9.41
5.44
17.72
18.47
12.77
6.7
13.42
9.28
0.76
2.57
1.7
13.32
16.96
17.03
15.02
12.45
7.73
7.65
9.69
10.92
11.75
12.72
10.65
5.07
12.03
12.62
8.79
10.25
12.95
15.45
11.37
10.27
11.86
8.69
13.92
9.88
4.38
13.37
5.44
12.74
14.59
9.19
11.38
16.97
18.32
15
10.12
5.11
10.87
11.86
13.64
15.17
17.66
20.01
12.59
15.12
12.2
5.87
11.93
15.83
14.19
-2.57
-1.06
3.28
-4.55
8.8
12.39
10.68
9.8
8.98
15.66
15.45
13.73
14.64
15.46
15.88
12.68
9.86
13.29
1.89
10.65
14.1
9.76
2.89
-5.72
2.26
9.08
13.75
15.31
18.85
17.58
14.9
15.1
-6.21
7.27
6.87
12.05
10.2
13.61
8.8
7.12
8.97
12.18
12.22
9.78
11.4
14.47
15.11
13.04
14.67
18.33
16.06
1.24
12.69
16.18
14.68
7.51
10.84
-6.14
5.4
12.11
12.98
9.74
9.49
12.43
12.08
7.68
10.54
13.86
10.3
14.49
13.1
12.61
16.38
16.23
14.15
-1
13.35
11.42
16.06
16.18
11.56
7.9
12.75
11.53
14.15
5.52
0.34
9.88
15.16
11.66
8.66
7.69
8.77
7.3
-0.79
2.48
10.75
15.92
13.37
2.48
10.71
14.58
13.92
13.55
16.46
11.26
7.26
12.52
9.45
10.35
4.14
-4.19
13.77
13.68
11.54
15.26
18.28
17.2
11.88
9.25
-0.6
-8.18
9.89
14.73
14.03
8.94
9.17
12.71
17.76
17.67
15.11
10.64
12.65
13.77
14.34
14.08
11.65
11.65
9.79
-10.34
2.84
5.55
7.94
8.08
10.28
10.97
9.9
13.55
15.31
9.23
3.87
1.21
13.16
9.53
9.68
12.23
13.26
15.8
15.43
9.63
1.74
3.34
6.61
8.97
15.27
15.96
10.29
0.67
-6.1
0.46
14.24
17.17
15.55
9.73
10.01
11.41
9.67
12.06
6.66
-1.39
12.16
17.44
5.93
12.68
7.75
3.49
6.15
7.14
12.49
16.43
16.73
15.19
14.15
11.12
7.43
4.2
5.01
10.76
3.06
0.7
4.29
4.83
10.77
13.45
10.84
6.01
11.76
13.15
12.97
17.36
21.21
20
7.99
16.78
20.32
18.3
15.61
13.97
9.79
6.08
-7.19
8.25
11.57
11.58
10.18
15.86
13.41
-2.61
9.33
11.68
11.01
14.73
11.81
13.43
15.43
15.63
11.73
12.45
16.04
13.11
10.46
10.16
4.78
4.9
12.65
12.8
10.29
2.75
4.26
14.75
15.88
8.96
12.55
15.08
8.49
9.5
11.69
11.47
15.03
13.64
9.7
0.65
4.38
3.63
13.28
13.28
9.69
6.91
-11.62
7.41
11.97
1.41
2.1
0.55
-1.92
2.68
4.42
6.57
6.5
9.53
10.24
6.14
9.74
7.39
9.62
14.01
11.89
3.87
3.86
-1.67
3.99
10.92
9.68
3.1
7.57
8.51
10.67
12.16
9.79
9.4
11.16
14.33
12.39
10.82
6.23
-1.66
-1.54
9.6
12.12
10.02
8.26
11.22
12
8.42
14.09
12.26
7.2
-0.63
3.81
7.07
7.89
3.54
11.11
11.96
5.35
5.65
12.81
11.04
7.7
6.37
12.88
12.67
11.2
15.33
11.97
6.45
11.72
13.88
14.02
12.07
5.9
16.08
13.81
13.66
10.1
16.05
10.52
-1.49
6.35
7.47
12.78
14.75
6.68
9.06
16.35
17.66
12.55
5.06
14.2
12.91
10.87
11.11
-1.53
9.64
10.37
7.96
9.24
16.97
19.23
13.46
8.74
9.52
8.63
9.7
7.9
16.14
16.01
10.25
9.74
13.91
15.31
15.48
11.8
9.44
15.56
10.18
4.17
13.75
16.26
15.61
13.75
11.24
5.65
12.11
14.95
15.23
13.1
13.05
13.78
14.58
16.93
17.65
12.66
13.97
12.04
7.74
10.15
14.21
14.35
16.87
18.8
12.01
9.41
11.88
11.24
10.75
15.78
18.11
16.04
13.08
12.05
15.47
14.74
8.96
2.33
7.95
11.71
14.26
16.09
7.94
14.07
14.17
8.7
13.33
16.96
14.91
13.06
16.72
15.78
14.51
15.93
10.71
15.94
17.86
10.67
-2.33
4.64
6.81
9.57
11.36
9.52
8.63
17.47
16.61
7.07
-8.37
7.95
14.99
14.9
8.9
-5.58
7.94
14.53
14.82
16.12
17.9
15.81
17.64
18.52
12.09
8.05
17.03
20.87
19.01
13.61
15.14
12.05
-12.54
9.96
10.05
13.14
14.1
7.2
-10.44
11.47
14.16
16
17.64
14.07
-7.05
9.23
15.76
19.38
16.78
2.05
18.78
20.9
19.15
13.79
4.4
13.24
7.75
7.52
14.71
11.98
-7.48
1.11
10.1
7.22
6.67
13.64
13.34
1.42
4.05
7.69
6.01
3.35
13.59
13.5
7.24
12.68
16.44
11.92
1.29
13.52
18.1
19.26
14.18
10.65
16.38
15.38
11.93
8.35
14.55
16.61
14.97
13.31
10.66
12.89
12.78
12.16
12.14
10.78
16.78
17.46
16.82
10.86
10.89
15.44
6.24
8.25
4.08
8.32
12
10.79
8.1
8.08
10.88
11.7
12.45
13.01
8.37
6.93
14.6
15.2
11.95
7.31
3.53
12.74
16.68
13.83
6.83
10.17
15.35
14.6
10.84
4.78
6.7
7.37
1.28
12.86
12.24
-3.42
9.74
13.89
13.45
6.19
10.65
15.98
16.77
5.32
16.24
18.76
14.55
0.17
14.42
15.76
14.85
13.78
14.6
14.76
16.88
13.92
7.3
11.48
15.11
14.38
6.5
9.69
12.51
12.46
10.54
10.11
4.9
3.41
12.59
13.47
13.81
15.2
9.91
9.28
12.74
10.13
13.78
14.16
6.63
-0.52
-13.62
7.31
12.9
17.33
18.78
15.05
12.91
15.26
14.74
15.12
13.57
8.78
1.96
5.03
13.43
12.11
9.93
16.39
17.26
13.57
13.38
12.71
10.64
4.65
12.38
14.93
10.32
10.11
14.31
4.59
3.75
-1.7
10.57
13.95
6.6
8.66
11.27
12.28
16.14
17.79
19.6
19.55
15.08
-3.35
13.53
14.87
10.51
9.53
17.88
19.09
14.55
13.32
16.52
18.8
18.39
14.71
2.93
8.93
13.28
15.41
10
13.84
14.91
-0.06
3.11
2.55
3.44
11.68
15.36
18.24
17.31
11.95
8.81
10.97
13.05
10.35
1.19
3.84
8.64
16.71
17.37
12.58
10.71
15.28
10.86
2.98
11.54
7.48
9.52
11.99
11.75
6.74
14.31
20.17
20.27
15.95
16.62
19.76
