7.05
9.8
8.75
3.52
6.7
12.5
8.72
5.84
3.34
-7.37
0.41
-23.82
8.59
11.5
8.06
9.39
11.95
6.04
9.12
8.51
10.65
9.02
11.22
6.12
6.26
10.06
4.1
2.56
4.39
14.75
18.7
19.11
15.08
3.37
5.88
8.77
8.59
3.35
-10.2
-3.18
3.7
9.32
1.96
9.85
13.04
8.59
3.85
11.41
7.43
9.96
13.41
10.25
14.09
13.74
-0.14
7.6
7.76
8.5
11.4
13.87
15.77
14.87
13.47
13.62
6.32
8.8
5.76
7.93
9.29
6.8
6.18
1.45
-3.94
4.29
9.22
4.26
8.73
11.37
6.24
0.81
7.01
3.38
8.08
15.8
13.74
9.25
14.23
13.64
13
13.73
13.08
12.69
9.72
1.85
13.34
14.68
11.55
9.79
8.47
9.8
13.22
4.32
1.63
7.92
9.44
0.27
14.77
15.11
14.1
12.74
1.78
16.86
18.16
12.23
5.5
5.86
3.19
4.26
9.23
3.44
6.38
12.5
14.81
12.57
7.67
-1.51
7.78
7.51
2.01
-1.4
11.71
14.86
13.29
12.86
12.09
7.35
4.14
10.14
11.51
-0.5
6.51
2.75
-3.97
-0.35
7.3
6.55
-16.99
1
-0.31
9.95
14.04
12.54
10.6
8.54
7.64
6.48
11.01
10.15
11.49
5.83
5.18
11.66
14.06
11.03
3.79
-1.42
5.59
6.74
4.28
5.3
7.37
12.93
7.71
3.03
0.12
3.32
3.9
-7.6
7.75
6.79
1.59
8.01
11.4
10.31
5.47
7.16
9.76
-0.47
-0.66
-2.19
-1.82
3.07
9.87
9.75
6.19
-3.65
8.12
9.53
11.3
16.97
16.64
15.77
5.94
8.7
4.26
4.4
3.41
8.33
13.17
14.4
12.57
8.34
1.34
-1.71
3.19
3.01
11.61
11.32
14.04
12.37
4.06
-0.77
5.94
-6.26
1.38
0.47
6.66
10.06
11.41
12.15
11.01
12.47
10.02
7.55
5.49
3.72
12.35
16.15
16.01
12.15
6.82
7.18
11.43
11.09
11.48
6.01
4.96
9.64
9.71
9.12
11.27
12.51
10.87
6.29
11.72
4.91
-7.38
6.75
8.19
8.77
11.23
1.54
11.58
14.71
13.85
14.21
15.9
15.26
13.71
13.46
6.81
11.44
2.49
4.24
10.49
7.89
4.32
8.88
8.53
-1.11
3.11
9.09
9.26
-9.06
2.29
3.26
8.35
13.66
17.64
14.24
5.53
14.51
15.58
16.23
13.41
0.52
8.28
-1.49
7.43
11.63
13.22
9.93
9.25
4.39
0.08
10.11
9.04
0.42
9.23
14.01
13.69
10.64
8.69
11.8
15.47
11.28
5.09
9.39
-16.02
-0.26
1.92
7.13
7.33
9.73
8.99
6.15
12.59
9.5
4.64
2.2
6.79
8.67
3.07
3.05
7.88
7.58
4.79
13.29
13.47
14.61
16.52
14.81
10.09
9.32
6.03
2.39
8.39
15.53
14.57
9.7
9.84
7.67
-9.22
1.98
4.82
10.78
11.82
9.6
3.08
9.69
3.01
5.75
4.35
5.04
4.55
9.17
5.81
-4.37
7.28
13.87
14.03
13.23
7.2
5.71
12.86
16.2
14.78
7.58
9.07
13.52
15.11
12.98
10.38
-0.07
12.38
10.22
10.61
13.21
8.28
-4.41
-3.74
3.65
7.33
9.18
2.42
8.07
-2.8
3.59
-1.22
9.81
8.32
7.67
10.64
11.88
9.75
9.6
5.76
10.66
12.73
11.8
10.95
6.03
-4.81
7.31
13.95
14.41
8.47
-1.04
3.18
7.57
8.29
8.56
11.21
9.24
11.12
14.01
12.78
2.96
7.57
12.35
10.39
3.51
-5.64
-5.36
1.88
7.76
2.37
9.51
12.46
12.4
10.65
2.28
1.37
6.4
7.85
8.93
11.5
8.45
11.6
12.13
12.9
12.48
3
-3.41
8.69
12.86
12.72
10.61
-3.47
11.39
11.08
7.17
10.92
8.75
0.56
7.36
10.34
1.72
10.39
-1.48
12.56
11.14
10.55
7.5
5.7
7.3
6.71
-2.17
2.71
6.7
5.28
8.02
3.67
-11.46
0.76
-1.85
-6.56
9.62
13.48
13.38
11.45
5.39
1.46
-1.44
-5.44
13.92
13.59
5.7
14.93
16.11
13.28
3.49
6.85
7.65
7.34
13.02
16.38
17.26
14.77
6.12
14.18
17.26
15.83
14.72
14.3
6.84
11.73
12.6
8.14
1.05
9.16
8.63
2.36
5.91
1.69
-4.28
6.61
12.46
11.83
1.46
5.1
-0.27
6.74
6.06
5.45
8.61
10.9
10.56
8.36
8.62
11.15
8.98
2.84
12.05
7.71
3.38
1.88
3.25
7.74
11.37
12.46
9.46
4.89
2.74
-9.95
10.5
10.83
4.4
6.01
13.2
14.9
11.87
-0.33
10.03
16.49
17.02
13.73
9.36
1.5
4.91
8.25
13.28
12.63
11.99
10.83
7.73
10.91
9.71
6.51
10.31
14.71
14.27
9.69
12.82
12.29
11.53
15.16
13.17
9.04
15.51
16.48
15.85
17.39
14.84
2.99
8.19
8.79
11.31
15.42
17.96
18.14
16.54
13.52
12.39
13.78
11.08
10.75
19.24
19.28
13.61
9.54
10.28
9.17
11.26
10.62
10.21
14.22
11.6
4.38
14.16
16.25
12.82
6.54
3.89
1.84
-1
9.49
13.93
14.89
15.54
12.35
6.26
1.27
6.56
9.66
14.85
12.27
-2.96
3.95
10.74
15.21
14.05
5.58
0.99
11.34
11.96
-7.48
6.75
9.42
6.01
8.9
4.62
-17.48
5.22
-3.54
5.48
6.72
13.75
11.03
0.55
9.51
8.82
6.93
10.6
7.69
5.44
1.85
2.62
7.79
3.7
-3.79
6.59
10.59
8.46
4.87
-1.86
0.85
8.96
6.42
7.24
9.13
5.11
6.26
11.16
11.74
9.31
13.6
11.56
5.88
11.43
7.14
6.12
14.42
16.29
14.29
7.16
4.7
10.25
4.42
-3.83
12.13
17.17
15.58
3.37
14.39
14.2
4.85
8.38
1.3
6.81
13.28
13.27
9.05
2.04
9.77
11.77
9.37
-0.98
-0.95
5.52
10.95
11.5
4.49
-1.35
-19.59
-13.76
0.66
8.3
12.42
10.35
9.18
9.2
10.49
3.8
8.08
8.04
2.43
9.09
11.32
-5.41
7.48
7.11
3.88
8.01
11.55
13.25
12.25
8.68
4.71
14.05
14.03
13
12.53
10.19
10.81
11.95
13.48
11.53
6.27
3.76
10.02
11
11.57
10.13
9.3
14.15
10.94
7.78
4.49
6.89
11.94
14.97
11.78
-6.88
11.71
12.38
9.02
7.7
5.05
-12.88
7.31
8.1
10.21
9.36
-2.61
8.49
14.75
16.44
14.49
11.56
10.45
6.95
8.21
8.11
-1.08
9.69
10.55
11.46
3.68
7.01
6.37
24.15
24.3
21.24
19.91
11.19
18.41
23.13
21.75
19.3
10.69
21.97
25.56
22.51
14.54
-3.13
14.75
17.45
15.79
15.66
18.48
20.89
22.87
21.96
19.68
24.25
21.17
20.78
17.77
8.31
-1.97
14.06
22.67
26.58
24.9
17.84
5.78
16.51
21.42
26.56
25.68
16.42
11.43
14.13
14.31
14.61
22.18
20.19
9.09
14.99
26.97
27.06
20.01
12.8
16.63
29.37
32.14
30.15
22.37
12.44
16.17
17.9
19.11
20.04
15.5
11.82
7.16
16.2
19.04
20.14
20.75
9.39
19.65
21.84
18.41
16.6
22.23
21.96
22.94
25.22
25.38
24.98
23.77
10.73
20.1
22.68
22.73
13.88
6.33
15.61
13.7
18.92
19.27
20.17
15.33
25.29
24.68
19.91
21.78
21.7
12.09
12.09
19.76
20.84
19.67
17.51
12.97
20.68
25.2
26.03
24.06
23.34
19.85
17.19
20.24
20.65
8.08
25.36
25.4
15.23
11.66
14.58
21.78
22.78
12.92
11.66
18.48
14.4
12.03
20.15
25.39
25.72
17.17
19.59
8.81
23.25
29.44
30.18
26.81
18.55
12.4
22.24
23.93
14.84
20.59
25.64
26.94
22.32
20.68
19.3
18.3
12.15
23
25.21
17.55
15.61
21.25
20.78
21.09
20.76
16.04
29.41
30.35
22.39
15.51
20.64
21.86
22.41
17.64
19.15
23.34
23.32
21.87
18.4
20.1
25.84
27.29
25.42
25.28
18.01
9.13
18.04
18.81
14.57
17.68
15.77
13.25
12.47
-0.26
18.65
28.29
31.1
27.3
26.41
22.67
14.33
13.86
11.35
18.11
21.19
21.89
0.13
19.72
20.16
23.48
26.43
26.53
24.05
16.1
19.62
19.95
20.2
15.98
21.84
28.57
28.61
26.95
22.98
12.92
18.83
22.19
18.72
26.13
25.25
21.11
12.38
11.49
13.73
18.83
26.63
25.81
10.25
21.24
20.48
13.16
14.96
23.73
22.57
12.67
8.74
16.54
18.39
15.36
6.99
13.94
23.23
21.95
15.79
16.05
15.4
16.96
22.35
20.57
13.06
15.97
20.56
23.05
20.95
25.1
27.03
24.04
21.48
21.69
23.41
22.87
16.01
14.89
19.21
19.75
16.85
19.28
14.02
16.86
15.86
17.98
23.59
25.49
20.49
17.69
16.55
16.71
22.57
23.9
18.19
14.21
24.52
23.82
3.73
17.93
12.99
4.23
14.82
15.14
4.68
2.78
8.03
22.21
25.06
20.06
16.35
23.07
21.26
23.3
23.38
20.38
11.46
17.1
22.17
18.95
12.52
22.54
25.98
17.01
23.48
23.77
16.43
15.03
12.55
12.06
13.39
15.26
14.34
23.99
21.08
13.15
9.97
-1.05
14.52
22.07
22.89
15.94
16.76
13.31
14.36
16.88
12.83
6.82
9.65
18.7
16.62
8.93
10.85
-5.23
16.45
16.04
4.21
4.28
8.97
13.25
13.93
17.65
22.4
22.25
19.19
16.51
17.38
21.73
20.67
9.13
15.87
19.29
15.95
13.34
11.34
-1.5
9
13.92
18.47
16.99
11.15
7
8.99
10.65
10.03
14.51
12.03
-5.78
8.13
10.5
12.44
9.49
7.41
18.57
19.24
16.26
15.4
8.85
-4.35
5.13
12.14
10.34
-5.3
6.69
5.46
5.62
2.75
9.25
15.13
14.64
8.28
-3.09
16.44
17.27
13.83
22.63
23.39
21.21
20.03
21.25
17.1
7.48
17.61
16.29
9.16
14.95
16.97
13.46
7.92
14.9
17.75
22.25
22.99
15.25
17.31
22.51
20.52
9.19
19.6
19.1
16.26
14.79
13.72
4.45
15.67
18.86
18.82
21.36
20.12
22.82
26.74
26.2
20.57
15.54
20.23
17.94
12.44
19.31
21.19
19.19
18.74
15.69
11.34
17.62
14.73
7.44
7.02
14.51
20.29
21.78
16.48
19.3
21.76
23.75
21.91
15.72
-8.56
-15.66
14.01
20.88
17.74
10.89
10.1
14.48
17.04
13.52
14.22
12.52
18.25
15.29
13.81
17.59
20.81
23.95
21.79
13.25
19.74
14.78
15.97
17.9
12.12
20.1
14.96
18.53
21.01
1.76
15.91
6.72
10.4
17.06
17.27
20.36
24.65
22.36
16.68
17.26
21.21
19.27
18.5
22.32
23.6
12.97
21.89
21.31
9.59
20.91
22.04
14.93
15.88
11.03
16.08
14.69
17.44
14.65
21.2
16.52
10.92
19.18
23.2
18.94
15.89
20.96
23.35
24.41
23.55
16.32
9.18
15.32
18.88
21.1
24.67
27.03
24.77
19.53
20.32
17.24
13.94
24.23
25.94
25.26
20.36
0.71
12.18
19
18.19
18.76
20.34
17.43
8.25
14.73
20.56
22.82
18.95
21.44
26.8
26.49
22.11
15.37
20.16
22.83
20.94
15.35
15.81
15.46
15.72
23.36
25.97
20.06
14.06
20.88
22.55
15.64
15.93
11.42
22.58
23.01
15.34
24.51
22.28
24.38
26.25
19.05
18.49
20.1
15.7
16.79
20.94
16.25
25
26.67
21.7
5.53
15.54
22.94
24.26
21.5
8.03
12.23
16.07
17.12
19.11
25.52
23.43
17.94
7.98
18.47
20.65
21.64
20.44
20.43
23.22
22.22
25.14
22.64
5.39
22.61
19.82
6.3
17.42
19.5
4.87
9.71
14.39
17.98
21.36
21.17
10.42
13.22
18.6
16.67
18.22
18.81
17.24
9.31
17.37
25.63
26.62
22.01
8.01
10.54
21.65
20.44
18.05
15.37
6.4
14.82
2.84
15.94
21.89
23.06
19.72
24.4
17.94
15.91
22.7
17.16
17.63
22.39
8.71
22.28
19.29
9.27
20.84
22.96
15.39
20.72
25.92
22.77
8.43
-8.57
7.3
5.56
3.63
13.37
10.71
22.19
19.77
13.68
20.38
22.14
21.84
22.63
21.34
19.79
20.95
18.65
17.1
21.34
12.56
19.25
17.28
11.82
16.18
19.12
14.17
18.68
8.29
19.85
19.04
3.83
7.54
-0.35
-1.54
17.03
20.59
17.2
14.05
19.91
12.77
13.66
14.5
16.42
13.75
16.41
17.97
24.43
24.93
18.8
17.18
14.39
14.18
12.3
17.36
19.27
17.18
16.63
5.94
17.98
20.66
22.74
20.84
-0.57
12.77
9.76
13.74
18.12
13.89
14.39
15.72
12.13
11.59
9.6
12.4
18.28
18.85
7.94
7.32
11.56
13.04
18.56
20.07
17.59
20.76
22.28
19.72
21.14
24.51
23.67
19.09
14.95
13.4
18.82
10.71
21.03
15.97
9.25
19.79
22.24
18.76
11.92
19.4
19.86
17.61
18.95
22.31
18.26
18.27
12.43
9.2
9.58
12.87
1.29
13.33
21.75
22.67
19.8
16.89
13.44
16.03
17.56
12.62
12.48
18.39
12.03
16.37
23.88
24.97
18.98
14.53
18.7
20.46
20.68
18.09
7.34
14.88
18.83
19.17
19.67
20.52
17.44
6.02
20.23
23.51
23.33
25.13
25.73
23.33
22.28
21.38
13.91
14.09
18.71
19.42
15.91
14.1
18.54
22.69
10.48
17.44
18.2
18.04
20.01
18.5
4.37
13.16
12.36
14.31
23.48
23.76
20.11
20.36
24.2
22.67
11.58
17.45
17.38
19.81
22.14
20.22
9.79
18.46
10.89
7.3
11.11
20.99
24.32
19.52
13.95
14.42
23.91
24.35
23.49
22.46
16.52
16.85
20.18
12.74
11.74
15.56
15.42
-4.28
9.66
17.5
17.33
18.14
18.26
9.37
17.19
19.94
24.82
25.05
21.02
23.03
22.5
18.42
19.32
18.72
9.29
0.27
12.92
18.05
17.95
16.73
18.21
24.86
28.15
25.18
18.39
17.91
20.72
20.97
21.65
19.8
17.29
23.79
24.89
21.47
18.13
19.38
21.1
21.35
17.79
16.42
6.97
15.7
17.21
11.22
8.49
13.14
23.41
26.5
24.55
19.82
22.41
31.9
38.12
38.1
32.58
27.95
24.31
12.18
15.75
10.73
23.68
28.68
30.35
26.97
23.06
22.01
16.29
16.99
23.59
20.66
10.21
21.71
30.11
30.27
22.9
25.23
28.73
25.56
20.75
17.62
13.04
-3.37
3.47
12.34
18.68
15.46
11.7
19.53
24.2
21.32
15.26
25.54
23.67
19.5
19.23
17.36
26.86
39.37
44.38
40.85
27.88
20.18
20.24
20.35
24.68
21.34
18.72
20.95
17.32
13.8
20.62
20.25
18.3
18.37
20.42
25.39
27.9
24.33
13.84
17.4
19.36
20.8
19.91
19.51
24.02
32.92
43.22
44.39
35.73
14.66
19.98
15.43
17.93
15.36
20.57
18.06
12.19
14.41
16.33
19.03
24.21
21.7
20.35
22.58
25.77
26.58
24.78
25.44
29.28
26.66
17.17
8.35
19.02
25.42
27.99
26
19.89
18.26
18.03
21.16
22.27
17.59
16.5
18.32
21.39
11.69
20
22.85
18.21
22.94
26.54
24.18
21.33
17.79
14.38
8.94
18.78
9.75
39.24
45.69
42.94
29.68
14.76
18.03
21.7
26.56
26.5
19.34
19.29
21.64
34.94
33.62
19.58
17.79
13.51
11.87
14.18
13.68
11.9
19.7
22.38
17.03
23.24
24.72
15
17.2
29.68
42.91
44.69
37.79
23.08
15.44
13.81
17.43
17.12
10.79
8.82
18.32
19.07
15.97
16.87
13.41
17.22
19.62
26.4
23.09
12.66
20.84
20.92
16.23
13.17
19
21.83
22.26
22.16
17.09
17.86
22.77
13.41
12.21
12.19
12.57
6.01
17.22
20.52
20.04
19.73
23.02
22.05
15.69
19.74
22.97
20.97
23.08
14.92
17.87
6.94
16.8
35.1
44.89
45
36.07
5.7
1.63
20.6
24.23
25.14
16.83
7.12
21.12
25.34
21.33
15.22
13.62
-1.8
16.4
21.47
20.74
16.76
17.24
19.18
19.78
19.13
20.42
21.43
23.9
22.67
15.32
22.33
23.08
20.89
19
18.09
23.97
32.85
30.89
23.37
20.52
15.18
21.33
26.04
24.27
19.14
20.59
26.02
22.08
15.22
20.44
19.6
16.38
18.18
25.75
27.81
23.09
9.85
20.92
22.3
22.19
18.4
27.89
27.25
26.2
23.01
10.62
20.94
21.14
18.95
18
14.56
23.25
26.93
37.11
41.52
35.34
27.15
29.67
30.42
30.02
26.76
16.46
25.58
36.82
39.38
35.21
28.96
28.57
31.63
29.27
24.55
39.07
40.95
36.83
33.14
33.11
30.1
23.04
14.77
20.25
19.08
22.36
28.09
33.19
35.9
32.12
23.82
21.39
24.5
22.9
5.18
25.24
30.81
31.2
29.89
27.75
24.25
20.29
27.67
30.59
30.33
25.3
22.03
29.03
27.71
15.45
23.81
22.88
26.2
28.75
30.27
29.28
13.86
20.4
21.69
22.83
6.59
25.77
29.9
27.97
26.37
25.39
16.19
20.94
27.3
22.7
18.62
24.02
25.14
25.98
19.94
44.3
48.49
42.89
20.28
21.39
24.51
28.25
28.78
28.52
25.66
13.79
43.2
50.69
48.09
33.56
24.7
21.79
25.58
25.98
28.96
32.38
30.84
26.49
21.05
25.31
30.17
33.38
33.34
31.68
28.68
27.11
27.37
26.54
22.69
27.58
31.53
27.68
21.6
28.63
35
37.77
36.4
29.72
15.61
23.59
24.17
25.21
17.83
10.97
19.29
26.67
31.29
32.2
29.39
23.82
17.96
17.02
24.47
19.57
30.46
31.01
25.96
25.18
26.2
25.82
26.29
32.94
34.17
34.66
34.32
31.66
29.71
30.98
32.87
29.53
22.97
22.67
30.95
29.43
29.66
29.43
25.69
25.11
10.45
27.25
23.3
20.31
26
26.39
23.12
19.87
24.68
20.13
26.57
25.98
25.24
25.08
23.06
28.12
31.69
33.05
29.15
23.78
19.06
18.94
31.53
35.73
34.04
22.44
21.59
19.94
25.14
28.73
31.84
30.78
27.13
24.31
4.09
20.76
23.71
28.41
30.32
27.53
15.99
21.06
23.49
9.58
25.36
29.48
29.4
29.39
30.07
31.46
33.27
32.16
27.73
21.37
22.19
28.9
26.72
-16.43
21.96
16.74
15.59
25.45
28.39
30.3
26.59
19.4
20.23
7.01
26.42
31.87
32.04
27.78
29.29
32.29
29.31
24.24
18.02
22.58
18.46
27.75
32
30.65
28.78
18.28
24.86
28.8
26.34
12.66
8.98
16.28
23.18
24.84
27.67
25.1
23.19
30.52
30.62
30.46
30.61
29.9
27.06
23.88
24.54
29.19
29.25
22.59
19.03
23.11
27.68
29.51
30.07
30.6
30.43
27.95
22.72
20.7
20.44
13.02
27.09
29.47
29.67
28.27
27.35
29.43
28.97
26.7
26.47
28.41
28.21
21.25
12.71
24.4
27.1
21.44
18.73
24.65
27.99
27.91
27.58
26.32
21.9
10.02
10.54
12.34
14.13
19.51
25.82
26.77
26.97
25.59
21.62
21.97
22.02
24.38
26.86
26.09
25.51
21.37
21.51
25.09
15.98
19.32
25.36
30.2
29.36
20.76
14.81
20.9
18.2
19.85
19.91
23.83
23.24
16.49
22.68
15.42
21.84
23.59
20.26
21.24
26.2
27.93
18.53
18.84
23.67
26.42
26.3
22.97
20.67
20.53
21.98
25.58
24.48
26.36
27.74
27.56
25.68
21.25
25.09
26.95
28.5
27.76
26.37
27.98
25
12.74
23.36
25.75
25.35
20.6
18.76
24.29
24.99
24.03
11.77
17.32
19.08
22.13
23.53
19.23
19.74
20.47
16.54
11.2
12.59
21.09
22.04
8.63
25.87
29.93
29.72
25.94
9.18
24.11
20.14
25.11
25.77
20.6
22.56
28.63
29.85
29.46
28.02
27.88
26.96
3.14
25.56
24.6
26.33
21.68
22.98
28.46
21.6
22.5
25.36
19.72
11.7
16.67
23.69
26.41
21.59
24.73
33.32
32.05
25.64
19.5
29.96
26.94
12.43
22.68
18.14
19.3
16.51
25.57
33.01
32.44
24.53
15.86
26.13
29.23
25.67
23.1
23.29
29.67
31.31
30.53
26.2
26.42
26.54
24.93
25.19
26.06
26.24
22
18.88
22.39
29.65
26.15
21.77
27.33
26.55
26.54
22.74
18.17
21.16
30.42
36.52
36.2
31.19
22.58
26.16
30.47
28.22
20.83
26.58
20.23
23.97
25.91
19.85
23.35
28.75
27.8
19.67
23.6
29.84
23.96
20.54
26.37
23.12
23.67
18.36
18.62
8.46
21.2
11.43
18.46
21.29
28.27
27.58
29.18
27.68
25.97
23.73
24.73
26.97
26.95
24.08
20.33
21.15
23.25
23.57
20.6
24.65
28.78
26.96
23.63
24.69
23.5
16.63
25.92
27.42
24.55
19.82
22.02
23.52
25.36
25.02
23.67
25.03
23.12
17.87
20.89
21.24
20.96
19.11
24.72
23.49
22.88
23.79
26.48
23.04
24.61
25.48
23.53
15.65
15.55
17.28
17.64
16.82
24.04
25.84
19.15
26.08
27.58
27.61
22.43
10.17
13.69
22.38
26.13
25.04
24.01
24.84
17.12
22.46
28.73
29.15
26.46
26.2
25.89
24.21
27.01
27.35
24.71
18.17
22.14
20.95
25.35
27.49
23.58
20.66
22.68
25.71
25.44
20.98
24.48
24.4
7.6
20.6
20.74
17.11
19.44
8.9
21.35
26.84
27.16
25.31
17.52
19.56
19.53
21.13
5.85
13.38
17.83
10.04
19.67
21.83
27.33
27.38
24.22
23.24
26.35
27.16
22.95
23.46
23.61
21.22
7.37
18.35
12.14
19.8
23.25
26.95
27.34
24.84
19.11
-1.97
7.4
17.15
18.9
20.23
22.56
18.97
21.96
20.11
6.17
17.76
21.34
16.22
17.86
14.22
15.39
2.04
13.98
19.25
25.33
25.02
12.78
2.84
15.1
15.66
13.92
19.11
20.28
18.78
19.92
14.02
15.81
21.3
20.51
8.04
14.62
17.51
12.56
4.79
7.89
8.25
14.51
13.65
15.04
17.14
16.42
15.17
15.94
13.61
15.36
14.51
15.65
15.36
20.52
19.96
26.23
26.35
22.99
11.63
21.47
21.09
17.82
18.32
18.31
15.21
18.92
20.97
18.61
14.83
21.65
24.54
23.24
21.65
21.3
18.42
13.82
11.6
18.38
19.09
23.83
22.5
11.71
17.56
20.64
22.58
23.2
21.75
16.6
14.35
19.14
16.99
11.14
16.61
14.01
20.77
26.42
27.15
22.13
14.45
7.42
2.39
7.96
5.92
10.6
16.36
13.59
-4.9
10.26
17.24
17.22
16.4
11.04
19.57
12.88
10.05
11.06
11.93
11.54
11.12
20.84
24.43
19.4
10.58
1.88
4.54
14.32
23.34
22.91
16.93
12.33
11.7
23.78
26.54
22.4
13.85
20.06
24.03
22.52
12.84
18.93
19.15
13.11
20.54
22.7
22.05
19.54
14
1.45
16.27
19.98
19
23.93
27.98
27.78
21.21
-7.76
15.11
16.91
11.07
15.49
16.73
13.08
19.9
22.05
25.29
22.48
10.73
14.85
18.67
23.08
25.95
24.26
14.61
13.61
16.52
1.11
21.12
23.68
22.53
22.75
18.47
17.99
21.31
22.77
21.81
18.92
14.8
12.54
17.71
13.75
11.82
20.28
25.2
25.89
25.19
23.01
15.16
8.75
14.99
10.89
8.96
15.69
22.9
23.24
16.38
15.04
20.56
22.58
22.11
18.74
20.45
24.08
20.97
9.36
18.03
19.46
11.19
23.84
24.81
20.28
23.45
22.12
1.36
12.05
5.48
12.87
12.1
5.45
15.66
15.02
2.69
10.68
10.57
19.07
23.43
22.66
18.38
19.93
19.19
19.92
20.91
16.46
8.4
21.27
21.49
20.6
24.55
19.55
22.15
23.45
17.42
22.44
22.7
19.08
15.36
15.81
22.32
19.92
14.31
11.25
25.12
25.01
17.05
18.92
8.54
17.47
9.97
5.2
12.21
13.93
15.76
5.81
17.74
25.38
26.67
22.27
8.92
18.41
14.88
11.84
18.69
19.7
19.8
11.08
20.97
21.47
20.63
13.22
19.69
22.07
13.5
24.16
26.69
23.95
18.51
19.8
20.47
20.78
19.03
20.42
20.71
24.65
20.41
13.48
12.95
20.96
32.37
37.15
34.44
26.64
14.55
16.77
17.69
5.96
17.37
18.34
16.71
24.22
26.47
20.16
24.3
22.67
16.52
14.72
13.07
18.93
22.29
16.69
7.07
15.58
22.88
25.05
23.24
19.41
18.33
16.66
15.54
14.47
20.13
19.31
17.8
17.24
12.34
18.31
9.07
16.5
21.03
20.05
21.86
21.28
14.72
14.4
20.03
21.96
20.76
21.65
25.59
22.65
19.35
14.04
20.39
24.13
21.44
14.42
18.95
21.71
20.87
13.85
16.97
24.04
25.54
21.99
14.58
18.2
16.5
12.36
12.09
10.47
17.58
21.55
18.54
17.75
24.31
26.29
23.39
19.33
10.7
17.21
19.31
4.6
12.4
1.89
17.44
24.54
25.73
23.27
18.84
12.49
21.68
23
21.2
15.51
16.3
19.43
17.54
20.05
19.74
10.04
10.99
12.14
15.77
15.82
17.74
19.25
-0.91
19.87
23.03
20.84
11.66
6.42
2.5
15.11
18.69
20.91
24.99
25.19
21.16
16.94
18.27
16.13
16.32
17.01
16.49
23.05
21.99
2.15
20.37
19.98
19.24
19.82
18.43
21.62
21.72
21.45
21.81
19.02
17.68
10.31
19.85
18.76
16.53
17.95
14.43
20.34
16.74
10.9
-5.02
20.14
21.54
13.49
11.71
19.88
21.8
20.87
20.81
22.58
21.69
14.7
10.93
10.5
10.75
18.79
22.12
19.06
20.04
22.92
21.3
20.52
22.23
18.6
17.26
20.03
20.19
17.76
23.33
21.09
19.82
17.62
21.37
21.82
24.33
26.1
22.66
12.89
13.44
20.92
19.25
7.63
-0.16
14.98
19.74
18.42
18.5
18.38
19.06
5.13
18.88
20.46
21.18
20.18
16.94
6.71
12.35
15.93
15.6
16.38
18.98
19.78
17.39
0.69
19.86
21.04
18.86
21.19
24.2
21.33
15.76
13.49
7.5
12.25
9.34
16.77
20.63
21.24
18.86
17.66
19.23
25.18
24.72
18.55
18.58
19.21
12.19
15.03
15.67
14.15
14.6
20.02
24.87
19.44
12.09
11.33
15.05
20.76
18.19
15.04
19.22
20.55
21.26
9.09
13.25
7.33
16.48
16.86
12.34
12.96
17.15
18.84
21.62
22.53
16.84
2.24
9.82
-1.64
11.43
16.47
18.67
17
10.61
2.21
8.3
3.51
13.2
14.49
14.59
13.89
7.39
14
15.11
7.28
17.99
21.03
16.44
10.08
11.03
18.14
19.05
14.55
13.87
10.93
13.43
17.51
19.86
19.74
18.7
11.74
13.35
15.25
-1.53
14.17
18.27
17.3
10.83
11.53
7.08
14.96
21.19
21.43
17.55
10.12
18.1
22.24
22.55
21.15
18.8
12.26
5.68
11.03
3.76
13.42
17.39
13.91
2.96
13.39
15.13
4.95
14.95
19.58
19.43
16.75
12.12
5.19
6.74
13.11
10.48
11.14
12.44
14.44
11.83
-3.1
8.78
16.97
18.05
12.12
3.43
13.33
17.39
15.46
8.72
1.56
11.77
19.27
15.41
19.66
20.88
15.52
11.53
12.52
16.5
13.76
-0.86
12.45
13.07
9.95
11.96
13.97
13.73
13.63
20.01
19.33
17.36
17.43
15.76
16.14
16.15
12.86
6.3
8.53
7.27
12.96
16.81
16.24
16.33
16.19
15.35
17.65
17.25
8.86
6.66
13.09
15.45
16.88
12.71
12.69
14.14
20.4
19.89
15.73
13.65
17.09
14.58
16.08
18.05
16.31
13.06
19.19
20.7
-0.41
13.69
14.15
14.53
15.67
11.82
10.22
19.52
15.93
4.76
0.67
14.87
19.21
18.19
16.25
15.05
13.1
15.41
16.32
14.98
11.02
-1.08
5.03
8.34
17.24
18.36
19.29
19.18
19.4
18.85
13.9
17.43
17.62
13.84
0.13
13.38
9.3
12.67
15.24
13.7
7.44
15.99
12.03
14.23
10.64
-0.39
11.07
11.97
14.17
17.51
16.64
13.11
-1.25
12.31
14.94
13.01
11.65
15.46
9.31
12.71
19.82
19.17
16.12
11.72
9.9
14.56
18.11
15.98
15.97
15.19
10.55
16.97
18.76
17.36
22.58
19.99
8.92
16.34
16.12
14.89
17.59
12.33
-4.22
8.66
16.92
16.88
2.72
13.85
9.71
6.31
12.73
13.97
15.81
19.88
14.33
4.18
-3.98
3.91
14.76
18.39
16.73
13.15
14.96
18.89
17.82
17.38
11.85
12.33
18.41
19.45
20.08
20.14
19.62
15.85
6.29
14.96
18.78
11.51
8.47
15.81
19.83
23.18
23.18
18.15
5.63
17.09
18.78
10.32
9.33
18
21.48
19.49
19.51
23.9
23.9
19.15
13.97
17.23
17.57
14.31
10.7
2.98
14.8
9.14
11.92
19.8
25.99
23.91
18.41
12.93
16.97
18.52
9.3
10.68
11.02
13.3
15.3
0.97
20.41
21.92
18.32
17.2
20.47
15.8
15.47
19.25
20.85
18.68
8.91
4.4
12.24
13.13
14.71
16.37
13.8
18.58
17.32
11.75
10.95
17.15
16.55
13.32
21.74
23.32
19.93
16.52
13.81
9.16
1.42
15.93
16.91
5.17
9.98
-0.79
16.33
20.29
18.02
16.63
17.85
11.95
-5.05
9.27
8.59
3.65
13.43
16.71
11.57
17.39
13.76
5.35
11.69
16.87
16.73
12.36
12.49
14.53
18.17
20.87
14.88
8.33
3.72
20.37
19.95
13.6
3.6
7.55
14.39
18.22
20.4
16.74
10.7
11.52
12.05
11.74
12.32
14.51
11.02
1.52
11.03
11.38
7.44
12.96
10.09
-5.79
18.06
24.6
21.23
15.88
19.83
15.84
9.79
19.96
19.18
15.36
17.39
14.25
7.47
13.65
15.69
12.26
4.96
12.66
2.55
10.63
0.61
16.68
18.38
22.28
21.98
14.52
13.97
16.58
20.33
21.17
19.87
13.91
17.13
11.09
20.38
18.15
18.09
21.28
16.87
15.13
16.34
14.34
9.05
14.64
21.52
19.76
13.28
21.04
19.35
16.53
8.55
14.12
11.72
13.5
10.26
4.19
15.56
15.47
16.2
15.69
14.68
16.16
17.28
-1.58
15.98
16.01
20.59
23.41
22.55
22.17
21.56
14.96
16.5
17.82
18.32
23.09
22.41
21.66
20.75
18.15
19.61
15.14
11.72
12.31
12.98
15.64
21.88
23.27
20.4
0.71
4.39
8.07
14.55
20.24
17.19
7.41
13.27
16.99
20.23
18.58
13.17
6.69
10.68
14.03
17.09
18.74
17.29
11.34
16.4
19.14
17.47
13.14
18.88
19.61
19.23
21.23
17.88
17.93
17.63
15.39
20.12
19.46
3.91
19.17
18.64
12.82
18.42
23.51
18.63
23.77
24.54
14.68
15.8
13
22.67
22.05
15.73
9.51
14.81
8.69
18.4
14.62
18.72
19.18
18.73
19.79
12.67
13.13
17.84
19.67
19.12
18.05
18.47
16.86
19.97
20.45
20.18
18.26
17.19
19.73
12.12
10.43
13.61
10.14
12.6
19.07
20.27
20.3
21
17.61
12.69
14.8
13.42
10.89
14.69
9.4
13.88
1.06
9.78
14.68
13.94
18.86
21.37
21.45
22.82
22.15
16.07
19.08
25.24
25.19
19.26
9.71
12.23
18.47
19.73
3.53
19.53
24.23
22.19
18.34
3.7
23.23
22.95
15.5
7.25
9.76
12.61
12.78
23.5
22.13
16.29
16.81
22.72
23.24
19.94
21.49
19.98
17.3
21.91
23.46
15.58
15.2
16.51
17.35
21.6
21.76
14.45
8.89
19.58
21.38
19.94
22
17.6
15.07
15.86
14.78
16.93
21.95
17.74
-1.59
13.55
17.75
16.51
12.76
15.74
21.09
20.32
20.03
19.05
14.12
13.83
20.89
19.68
3.96
18.3
19.07
19.33
13.86
13.6
9.88
5.11
7.19
14.98
14.73
7.41
11.59
14.85
21
22.55
16.76
10.94
17.57
18.99
17.99
7.12
4.2
11.36
19.95
20.4
15.55
-5.38
9.63
12.09
11.01
-5.47
13.29
14.23
17.25
17.98
13.73
14.62
14.83
6.42
10.49
16.84
18.66
21.47
23.7
22.25
18.11
16.89
12.36
7.23
14.63
17.25
17.45
13.84
8.17
18.05
19.8
20.1
19.3
11.22
13.81
15.15
12.31
3.64
15.27
20.19
21.92
18.5
7.43
6.93
1.15
9.9
15.68
16.79
12.14
11.3
12.22
14.43
9.96
7.5
10.98
11.11
8.68
8.15
13.51
15.98
16.6
16.62
14.41
15.52
18.58
7.2
19.63
20.25
14.03
1.87
13.72
15.63
14.35
14.56
9.73
12.08
9.81
7.27
11.66
14.45
12.64
17.31
15.97
11.08
11.43
4.15
9.18
8.71
14.43
10.34
11.78
18.61
17.4
9.69
2.19
10.04
7.52
7.11
7.75
10.09
-4.87
12.92
16.95
16.89
13.93
10.7
4.47
6.52
18.08
18.46
14.6
9.47
6.67
14.38
14.21
6.64
7.13
7.24
4.93
8.22
14.82
14.16
9.29
12.06
15.73
16.48
10.58
12.15
16.75
16.98
11.74
12.28
18.53
14.73
12.06
15.2
13.43
6.48
14.79
15.74
15.4
9.76
11.83
0.7
14.25
13.91
14.88
13.06
9.51
14.2
16.13
11.53
7.2
11.87
8.62
10.2
12.97
12.36
11.21
14.45
11.14
10.07
10.73
13.21
10.6
14.22
18.73
16.29
4.38
14.16
7.75
18.38
11.67
6.67
7.68
8.74
8.17
11.46
8.44
10.28
9.33
12.7
11.92
9.79
8.47
6.49
9.29
11.57
8.17
10.21
15.73
7.49
10.33
7.43
14.67
7.46
15.63
11.29
11.35
19.91
15.54
12.1
12.18
18.01
21.3
18.72
20.69
19.25
11.81
13.8
18.16
16.38
14.42
14.36
9.55
8.43
14.33
6.05
-3.67
1.65
2.94
11.03
16.63
9.41
11.93
14.35
16.06
16.97
17.08
5.98
15.92
14.26
15.4
10.65
3.32
6.37
12.46
14.02
9.69
7.08
6.29
12.24
9.87
6.98
13.41
10.93
10.17
10.56
18.44
15.47
3.06
5.48
14.78
18.23
13.79
3.77
9.8
2.96
19.86
20.92
13.05
14.54
19.39
15.91
9.91
1.08
0.63
8.04
15.95
15.92
8.13
0.9
8.42
8.37
-2.13
4.07
12.83
0.35
12.05
14.58
6.54
10.12
13.4
10.33
13.07
2.57
18.95
18.8
17.38
17.79
18.52
19.3
19.45
19.59
15.18
14.88
11.7
14.46
7.79
11.44
7.6
14.26
15.97
13.71
13.96
8.43
10.5
12.65
17.79
19.14
15.31
14.88
19.26
19.57
15.59
21.6
24.77
20.36
11.4
13.33
-0.64
-5.66
11.05
9.34
8.88
13.74
12.29
12.95
17
16.33
6.23
3.25
7.96
6.17
8.31
15.96
15.53
14.89
16.84
14.41
3.42
13.18
14.62
15.23
10.95
16.74
18.9
17.26
10.22
3.32
16.58
19.99
18.42
19.9
20.3
14.76
16.39
18.26
11.2
12.92
13.48
11.63
14.43
17.6
14.9
17.21
4.26
5.22
13.88
18.38
17.6
11.88
9.99
16.79
15.5
12.31
6.64
13.07
12.05
-12.15
4.77
9.83
8.51
11.98
14.16
16.11
9.62
16.49
16.5
20.24
16.56
13.61
11.57
7.66
18.4
20.04
12.11
9.41
12.43
8.73
16.03
18.3
11.56
20.02
16.73
-14.08
8.49
8.51
4.9
-16.02
-5.71
0.05
9.11
10.72
14.88
21.09
22.07
20.23
18.86
19.14
16.62
5.38
9.11
17.98
17.17
18.62
20.69
19.2
15.13
13.16
11.18
12.09
12.17
5.93
13.37
12.78
16.64
17.78
-7.04
13.68
14.57
20.59
18.07
18.37
18.19
18.65
18.08
8.44
8.99
8.86
9.27
9.09
16.83
20.59
18.29
4.17
7.94
15.94
15.7
16.22
17.34
18.27
18.5
16.81
14.07
13.93
14.18
9.54
2.58
10.83
12.21
7.63
6.22
10.99
16.57
13.29
-16.02
10.22
15.2
17.06
13.02
6.85
14.54
12.57
16.03
-1.03
2.19
17.68
19.03
5.47
-6.08
8.57
9.87
-4.24
6.51
-8.52
5.01
9.61
2.41
6.91
11.56
16.86
16.22
13.78
15.11
11.82
9.61
11.3
12.6
2.51
5.77
15.88
14.89
2.97
17.36
18.09
12.1
12.1
13.36
4.09
2.83
12.54
14.78
15.12
14.79
12.83
11.16
4.42
7.03
13.49
12.74
2.71
9.84
13.89
13
11.22
-4.45
9.47
12.74
15.9
15.29
9.12
11.23
15.42
15.35
16.52
16.44
8.29
12.69
15.96
14.52
7.07
6.44
8.03
11.64
9.98
15.11
15.15
15.77
15.4
13.5
8.02
12.45
8.02
8.64
10.54
8.88
16.13
16.27
14.03
15.81
16.93
16.81
13.69
-6.39
10.06
14.45
9.1
0.91
12.23
18.04
18.2
14.49
18.51
20.47
19.03
12.67
6.01
11.79
17.27
15.59
9.82
8.48
11.72
6.86
8.87
15.66
18.18
17.35
14.5
16.97
19.5
14.36
8.23
16.56
19.53
17.2
6.26
3.24
14.11
13.81
7.7
13.66
16.53
0.77
18.05
21.32
19.83
16.48
11.34
18.11
17.34
13.59
14.21
14.16
15.25
16.09
18.71
19.27
12.95
8.81
12.24
9.14
13.77
17.81
18.56
2.84
17.21
16.01
8.44
14.85
13.54
9.84
10.37
4.16
9.1
16.67
19.52
21.95
17.78
9.56
16.51
12.04
4.25
-4.78
8.97
13.11
14.11
14.2
15.34
11.46
8.69
14.9
15.82
14.51
3.54
15.16
14.96
-2.45
11.93
11.02
11.92
17.25
16.37
8.88
0.13
1.81
8.85
8.88
12.02
14.72
16.26
13.03
-14.1
14.48
14.19
13
14.65
13.5
14.2
13.58
12.86
7.25
11.72
15.18
14.56
15.39
13.82
-3.72
5.65
2.36
13.78
14.71
12.74
8.53
18.37
18.25
15.77
12.22
3.1
10.65
14.65
15.07
15.23
10.44
3.44
15.29
18.78
13.86
10.87
15.03
13.93
11.65
13.17
6.11
1.87
8.78
15.77
18.19
16.97
7.54
13.55
15.12
17.28
20.98
21.76
18.55
13.98
9.9
12.11
13
14.23
13.3
10.16
12.14
13.06
17.88
14.79
6.59
0.95
12.65
14.09
15.73
17.43
18.01
11.52
-9.64
6.17
13.17
6.49
11.05
11.62
8.35
13.47
13.58
16.02
12.48
16.04
16.76
12.78
14.5
16.03
13.92
10.42
8.49
11.27
11.18
-1.67
8.57
14.05
4.49
14.47
18.16
17.86
12.34
-1.31
8.14
7.49
2.77
6.61
6.4
7.23
14.38
15.12
9.62
1.73
10.19
13.54
9.86
6.17
5.65
-0.88
15.94
20.35
15.17
10.01
12.07
7.95
1.41
7.8
3.96
6.49
7.83
8.06
-3.64
14.66
16.44
14.45
10.69
11.66
16.85
15.05
11.74
5.22
10.87
14.23
16.15
10.29
-14.19
12.61
17.1
9.3
11.17
14.02
9.61
16.04
16.24
4.62
12.61
14.53
10.47
10.24
15.76
13.41
4.84
10.4
10.24
15.62
12.79
5.84
13.58
16.29
10.67
-0.74
8.48
14.71
13.1
11.15
11.67
9.15
10.78
11.62
12.94
13.68
9.43
-0.51
13.76
15.09
13.09
13.69
17.11
18.53
18.17
16.37
13.42
16.34
13.95
7.14
12.16
12.3
13.33
10.5
6.21
9.27
12.85
-4.62
4.67
8.37
10.12
7.98
-7.02
8.9
7.07
7.51
7.86
11.98
9.52
4.83
-4.25
9.98
13.87
10.76
10.5
13.08
5.46
7.76
-0.25
-16.83
-2.81
5.88
14.28
12.65
6.39
12.7
13.01
0.78
5.69
-1.97
-0.22
1.37
7.33
5.69
11.54
7.07
8.11
7.28
7.38
10.29
12.74
11.94
11.32
15.83
12.79
10.01
10.72
10.39
15.85
18.39
17.32
15.78
13.12
10.83
8
8.33
14.93
12.34
4.95
8.12
-4.83
6.42
8.49
3.69
7.79
12.1
4.6
8.68
-2.7
13.13
10.92
8.02
5.03
8.34
14.53
14.25
7.89
13.1
12.39
3.67
-5.24
1.21
8.68
17.03
18.55
14.8
12.35
14.83
14.87
10.42
3.2
12.46
15.83
12.78
7.41
8.18
6.93
14.61
14.01
8.81
0.93
9.02
7.18
8.49
14.66
17.05
14.83
9.95
9.33
12.76
10.16
4.9
8.59
14.16
10.17
4.1
0.47
-0.35
13.38
18.91
16.31
-4.72
12.85
12.69
10.78
15.21
16.06
14.2
16.33
17.54
14.62
10.09
7.01
-2.75
4.41
11.46
18.36
17.59
11.88
-2.05
-1.28
8.66
14.53
16.64
15.41
11.77
2.42
4.02
8.26
12.46
10.63
11.93
15.22
10.42
5
13.15
14.31
11.1
8.83
10.56
6.38
5.31
11.5
13.41
12.21
4.54
3.58
14.56
17.25
9.79
1.45
3.08
4.31
10.24
6.87
-8.61
9.42
15.07
16.07
8.07
-1.14
4.02
10.06
12.77
1
14.11
14.3
8.69
14.75
17.69
15.41
9.87
11.48
16.04
13.44
5.91
5.92
6.1
13.29
17.16
13.33
4.55
7.47
14.38
14.7
10.64
4.26
-0.06
6.67
7.13
6.47
2.95
11.72
14.38
8.1
1.77
12.92
15.5
14.01
15.32
13.98
12.48
15.63
15.82
16.14
14.21
4.43
5.42
-6.12
5.23
5.63
12.69
11.63
1.16
2.24
10.92
8.06
11.46
10.31
5.68
12.12
15.85
15.79
10.53
4.79
11.68
11.51
7.63
5.83
6.57
13.35
14.19
7.55
10.56
13.79
11.88
-3.67
10.49
9.64
-0.08
8.25
6.65
6.49
5.79
11.26
16.52
11.5
9.86
8.84
4.45
0.72
9.95
11.88
7.08
8.09
8.17
8.37
0.9
10.67
14.54
7.4
8.76
10.49
8.16
12.73
15.03
15.67
14.63
-17.49
10.75
8.97
9.5
1.66
5.1
8.89
15.03
16.46
14.56
8.54
1.01
4.99
7.95
4.74
-1.8
8.24
8.36
10.51
12.38
9.89
9.66
12.17
12.09
13.81
14.3
10.07
11.74
11.62
3.33
5.83
9.63
7.85
12.34
12.74
16.81
16.45
13.15
11.81
13.37
17.07
15.9
14.56
12.37
10.75
10.71
7.71
17.4
19.66
18.56
14.46
12.53
13.45
14.07
10.92
-7.92
10.96
13.97
14.6
12.24
13.73
14.14
10
8.57
12.41
9
-11.71
-1.17
1
0.15
0.44
10.25
13.6
8.01
7.93
8.19
7.91
5.46
9.23
10.69
10.32
11.74
10.06
13.91
15.43
14.67
10.5
12.41
15.47
13.12
-0.35
-2.07
13.1
13.96
9.45
3.73
-6.36
6.24
11.74
7.59
9.14
16.57
14.38
11.53
12.27
11.59
15.34
17.21
8.1
3.44
12.34
0.13
12.58
16.37
16.75
14.46
4.51
4.74
12.12
15.3
16.97
10.61
0.95
9.1
11.66
15.02
18.12
17.29
12.8
4.51
8.7
9.99
14.71
15.67
9.24
-7.2
1.52
6.24
13.15
6.18
7.64
10.61
12.6
7.61
11.45
9.39
14.67
14.05
7.62
10.97
13.72
14.27
13.17
5.95
5.18
3.25
9.43
15.34
15.26
13.87
16.42
17.51
13.88
13.32
19.17
20.17
16.9
10.67
10.65
7.71
13.32
14.11
9.54
-0.6
-1.57
7.27
11.52
9.24
3.25
3.52
11.94
12.72
-0.73
4.41
8.65
10.69
15.35
15.88
15.73
13.3
-7.17
9.2
10.34
0.94
6.43
14.94
20.27
19.28
16.61
12.48
13.2
14.59
12.66
12.38
12.78
12.69
9.45
10.76
15.23
8.59
13.19
7.03
16.68
19.44
19.5
17.4
13.14
4.19
10.94
11.11
15.88
7.91
10.01
11.53
12.26
2.2
11.43
13.53
16.94
17.13
15.93
13.95
17.08
14.85
11.09
13.79
4.55
12.27
10.44
7.53
0.05
8.82
7.2
9.98
16.14
14.46
18.17
16.79
13.8
10.3
11.65
15.3
16.3
12.71
15.34
16.41
8.45
11.04
16.57
17.51
11.95
8.06
7.62
13.62
13.27
15.45
16.98
14.21
5.91
4.09
14.06
17.66
14.15
10.77
13.77
11.1
9.63
7.54
10.05
14.63
13.3
12.24
12.69
8.96
11.92
10.23
13.13
16.86
14.27
10.63
13.3
12.07
4.71
12.5
-4.62
15.82
9
13.53
14.99
10.08
8.63
6.07
8.41
7.8
12.04
19.03
17.47
4.53
10.87
13.73
5.81
11.14
4.99
15.97
15.92
7.9
-11.53
5.1
14.94
15.64
8.83
-3.78
7.99
14.31
13.41
14.2
14.77
10.58
11.49
18.66
18.43
8.14
8.93
13.88
15.72
16.91
19.22
20.67
19.03
14.89
15
19.45
20.99
15.71
9.99
15.87
16.76
13.35
10.32
16.76
16.95
16.75
19.09
15.21
2.95
3.83
9.34
4.63
9.42
6.08
11.91
13.98
11.4
12.67
16
13.47
3.48
4.39
-10.24
14.11
15.13
1.58
12.17
7.92
11.73
8.95
8.99
8.78
8.77
9.29
13.32
10.87
6.06
7.07
11.52
7.79
5.33
13.88
14.61
5.05
11.52
5.17
15.17
18.36
10.21
8.77
14.43
15.07
-1
8.15
-0.5
11.93
14.69
14.89
12.6
0.15
8.75
-1.31
5.53
13.14
15.02
16.35
14.68
14.86
17.46
16.84
15.35
16.5
15.84
13.31
12.68
12.46
14.49
13.88
8.55
14.06
1.94
13.09
13.99
13.34
12.81
1.69
13.28
18.94
20.24
17.18
11.38
13.83
17.58
15.95
12.12
14.11
14.95
12.67
9.8
6.09
1.42
9.96
11.15
8.16
8.03
13.53
9.87
16.68
13.63
16.86
17.07
12.2
11.08
12.35
11.99
7.43
-5.86
9
11.17
-6.07
2.75
7.5
12.91
12.22
9.25
11.4
10.79
17.53
16.49
12.62
14.37
10.09
-3.28
5.55
12.91
11.77
7.11
13.14
14.8
13.57
15.62
18.87
18
8.43
5.69
14.77
19.47
16.73
10.63
10.51
14.95
8.18
8.14
14.82
16.85
16.14
12.44
3.96
1.38
7.72
14.87
14.19
9.27
8.24
6.71
8.8
12.72
12.71
6.36
4.22
10.35
15.17
16.59
6.5
6.69
5.88
15.93
17.92
16.54
9.49
11.96
8.72
6.35
9.84
2.77
-1.35
7.28
5.19
13.59
12.48
12.78
15.87
17.45
16.11
11.3
14
15.22
11.23
1.85
1.11
11.17
13.94
16.75
12.73
-1.44
9.04
10.18
5
-1.96
4.11
-3.23
9.12
8.75
6.77
8
11.48
12.12
12.08
7.25
7.67
3.01
4.15
5.2
8.82
0.98
13.14
15.9
16.13
14.92
10.76
12.16
8.78
15.29
13.98
10.41
7.69
-2.91
0.75
3.03
-35.16
3.33
10.96
15.09
14.75
7.02
2.2
2.32
0.02
-3.05
9.34
8.19
10.14
15.02
16.45
16.01
13.29
16.36
16.97
11.72
10.26
8.02
16.11
15.38
12.16
19.01
16
8.58
14.59
13.95
-5.09
-6.46
-0.08
9.28
7.15
10.61
5.12
-2.16
10.86
8.31
-0.77
4.61
-0.59
8.45
6.47
12.57
12.82
10.42
7.93
14.69
14.96
7.86
4.17
7.2
7.55
3.43
4.85
-10.55
8.54
11.75
10.93
10.3
10.24
11.86
12.33
12.11
9.46
14.53
12.46
8.27
4.22
1.92
11.11
10.93
-7.17
4.87
6.25
13.45
16.73
-3.77
11.05
11.16
7.8
3.53
7.32
13.2
14.4
14.23
14.16
12.52
8.42
13.35
14.99
12.55
8.47
13.43
16.11
17.79
19.64
19.23
15
3.4
5.17
9.28
8.56
9.14
12.29
14.97
13.1
12.21
11.46
7.19
12.01
15.57
15.17
13.48
12.23
15.73
11.37
7.22
10.85
4.25
12.53
15.36
14.85
7.75
3.63
6.42
7.97
0.42
9.59
13.61
11.83
12.23
10.47
4.1
2.46
4.63
9.98
8.93
10.04
9.68
8.32
0.96
8.89
10.95
17.34
16.58
13.37
15.49
9.82
9.52
5.92
10.97
16.88
16.82
13.93
20.94
25.22
24.7
21.33
13.95
5.65
-0.05
6.9
3.56
2.46
9.48
11.58
9.01
6.12
12.6
15.75
11.06
-7.79
10.1
8.48
13.08
12.1
8.85
11.96
15.85
14.51
12.6
15.63
14.6
11.38
6.23
-0.95
9.96
9.07
-2.46
5.62
3.29
7.47
8.13
-0.59
11.53
9.9
8.89
7.29
8.34
8.81
10.18
10.86
11.26
6.11
8.53
11.88
11.47
4.87
7.46
9.03
10.43
5.17
7.01
9.81
6.34
17.73
17.76
19.93
18.79
14.59
9.15
6.45
5.1
1.8
8.7
12.84
16.04
19.29
18.42
14.25
8.53
1.04
-0.77
1.66
-2.1
8.51
5.22
8.82
13.17
13.03
8.24
6.63
8.05
6.13
9.6
3.17
-1.29
10.66
12.69
10.36
12.22
8.54
6.57
11.37
13.66
14.31
8.94
0.59
4.3
4.33
4.84
3.2
8.55
10.67
11.66
12.85
16.81
18.26
14.92
15.51
15.44
6.58
-5.95
11.36
13.19
6.38
9.91
11.82
7.7
-3.51
-11.04
-10.99
-9.04
7.56
12.86
12.32
15.32
13.59
1.94
8.11
14.62
11.82
12.81
15.52
13.54
12.89
5.59
11.8
13.46
7.97
7.25
11.97
11.54
2
7.93
2.45
-1.17
2.33
7.82
8.38
-6.65
9.93
11
11.58
9.35
3.51
1.59
-0.89
4.38
-2.56
6.48
11.77
9.43
7.7
13.21
9.3
15.77
16.83
15.53
10.49
5.07
6.02
-4.17
3.63
8.67
12.97
17.08
