4.79
-0.16
5.4
8.33
9.62
4.81
-6.05
6.86
14.78
16.46
14.76
12.11
10.64
12.3
10.27
12.12
8.09
6.13
12.32
5.85
-1.34
4.15
5.15
8.69
5.75
10.26
13.07
12.11
12.13
14.33
12.97
11.78
13.08
13.48
10.86
6.17
-4.66
6.59
5.57
-4.17
9.62
8.3
3.81
3.06
4.03
5.09
11.48
13.06
10.66
0.72
3.06
12.11
9.27
6.56
7.94
5.84
-4.25
8.64
10.42
6.03
6.34
8.73
10.33
10.08
5.53
1.88
2.63
-6.58
7.54
8.76
7.06
9.6
6.88
6.98
7.9
1.27
-5.81
1.53
9.85
11.55
13.19
9.21
1.83
3.34
-0.28
-11.35
6.13
15.12
12.46
-4.98
9.31
10.36
1.56
-8.09
-0.04
4.33
9.65
10.7
4.77
9.17
12.36
6.22
11.02
14.25
9.64
4.03
10.48
9.95
-2.52
7.82
7.61
7.03
6.42
7.21
16.7
16.4
8.74
6.29
10.36
12.4
10.3
9.65
14.1
13.92
12.01
4
3.84
4.86
4.42
11.15
10.38
5.33
10.31
14.84
13.92
8.43
3.8
13.77
16.06
16.9
16.48
15.18
13.57
8.93
3.9
8.83
9.27
14.13
14.89
10.7
5.37
6.11
10.06
11.94
10.99
4.57
5.9
7.36
6.18
7.72
-10.01
9.02
2.06
11.77
17.04
10.19
5
5.47
-8.89
6.45
13.27
16.21
11.58
8.85
8.27
2.28
8.97
12.27
10.95
5.34
2.24
5.27
1.95
-2.56
5.32
7.1
6.61
8.78
3.03
0.35
-8.21
12.25
16.84
15.25
7.14
3.32
9.9
11.11
12.44
12.2
11.64
15.07
11.48
9.2
11.44
7.61
-3.98
7.11
16.19
17.93
14.59
0.87
6.24
4.47
2.08
7.21
7.66
4.93
-9.97
3.46
3.15
-1.42
7.27
10.31
9.74
10.09
7.98
-1.41
15.73
16.84
13.7
9.22
7.19
12.69
8.02
6.38
15.02
12.57
10.81
12.04
9.13
7.57
6.22
2.28
-7.91
-10.92
8.41
10.13
-5.34
6.15
4.06
4.24
14.86
15.05
8.74
8.91
5.27
10.57
12.76
13.94
14.66
15.29
14.68
12.65
3.01
13.64
14.72
10
0.61
5.88
5.63
8.34
3.97
10.52
9.24
2.44
12.32
13.16
11.83
4.1
3.48
-0.87
3.26
9.5
11.88
15.86
17.4
10.91
7.9
12.82
11.8
8.24
5.3
10.23
5.77
10.51
14.73
12.5
4.76
6.92
10.96
-1.57
9.71
13.4
12.32
9
4.26
6.16
5.87
10.43
11.14
-0.25
7.07
9.88
9.51
8.1
-2.21
6.8
9.62
6.08
5.65
8.03
2.91
-1.54
-10.96
10.86
14.1
11.02
8.16
8.6
8.11
9.06
5.77
-6.34
7.44
2.69
9.54
12.58
10.29
8.2
10.53
11.83
9.56
1.12
10.55
12.23
11.79
7.53
10.09
15.59
12.35
9.09
10.7
12.03
10.48
-4.38
6.23
3.76
5.28
11.11
12.2
6.23
-4.04
-7.27
9.1
13.39
14.99
16.04
16.71
15.44
8.86
8.47
6.55
9.16
4.44
5.3
9.78
11.2
7.61
1.57
-2.64
5.56
7.08
4.63
0.53
9.14
3.54
13.1
12.46
3.87
7.66
11.68
9.35
-6.12
1.17
7.3
10.15
6.28
0.97
2.21
5.57
9.62
0.93
13.55
15.08
15.28
13.52
3.55
3.67
4.04
10.52
13.17
14.73
14.46
11.31
11.45
10.48
6.73
12.71
11.25
6.85
9.47
11.31
11.49
10.72
3.55
-2.54
2.28
8.09
10.26
4.5
6.04
10.9
9.02
10.29
13.98
11.26
-6.43
11
12.84
8.1
9.97
13.06
10.7
2.21
6.82
10.34
7.01
7.28
11.61
0.54
8.06
6.64
13.14
14.75
11.46
12.83
3.86
5.9
7.84
1.32
9.83
15.1
15.43
10.92
6.01
9.34
12.93
8.81
2.82
8.19
9.1
1.8
5.93
11.48
12.99
8
3.84
1.04
6.61
6.96
3.56
4.03
13.36
13.94
9.85
3.02
8.55
8.97
9.18
5.29
13.38
12.54
10.03
4.9
9.67
12.04
10.61
10.9
11.51
11.35
7.67
14.55
16.64
16.61
14.54
8.68
1.33
9.86
12.23
11.68
14.62
9.98
4.58
9.39
13.3
12.94
11.63
13.45
11.79
5.62
0.23
0.03
7.78
12.24
16.55
18.19
17.19
15.52
12.2
-2.11
6.29
10.72
13.91
13.27
11.78
8.85
10.4
10.15
6.18
2.9
3.37
-0.04
9.86
14.35
15.92
12.97
9.01
13.07
10.9
3.57
9.65
11.31
7.07
2.68
5.03
2.87
-4.39
7.33
7.64
-6.35
4.98
10.58
13.01
13.52
13.83
13.83
7.85
4.66
7.79
8.16
11.31
8.58
9.86
6.53
8.43
11.3
9.81
9.12
14.7
11.26
9.14
14.75
13.78
5.89
-0.89
7.93
10.11
4.39
5.01
9.39
15.52
17.75
7.72
11.05
12.67
2.73
6.27
16.97
18.45
12.36
13.27
16.53
10.99
-0.84
1.76
4.04
2.83
16.94
15.29
3.16
0.62
1.13
9.53
6.67
-2.94
3.82
12.62
14.13
11.04
11.99
15.52
10.88
3.73
8.77
4.34
4.81
5.97
6.9
8.84
8.28
9.04
8.77
5.29
9.13
8.27
4.8
8.6
11.37
13.44
13.44
10.48
1.56
-13.31
1.22
6.39
-9.27
9.57
14.05
13
5.12
6.32
12.39
11.25
9.98
13.4
16.19
13.41
6.5
4.01
10.43
13.49
14.56
13.1
8.72
12.22
13.33
12.21
7.49
5.99
5.94
9.05
3.48
2.16
9.91
13.18
3.32
3.54
-0.73
3.64
7.93
10.99
14.74
14.48
12.3
11.44
8.1
-1.12
-0.2
12
9.76
9.55
-1.22
3.64
-3.44
11.44
15.68
15.14
12.04
7.62
9.61
12.03
14.4
14.25
14.61
11.4
5.12
8.25
11.94
11.45
1.92
2.52
5.17
11.18
3.16
3.92
10.07
12.31
10.94
12.98
12.14
9.07
-5.08
3.29
3.88
11.77
12.22
3.25
6.19
10.35
6.87
6.55
5.11
11.51
10.31
11.62
11.78
13.04
13.27
13.31
13.54
7.62
-1.61
9.8
13.84
8.96
10.88
10.59
6.59
0.62
7.55
9.1
0.54
10.55
11.41
9.28
-3.2
10.65
14.15
7.6
10.97
13.39
12.16
4.85
12.19
15.2
8.86
1.61
7.05
4.58
10.27
11.82
8.21
9.92
8.62
8.64
10.64
11
11.28
8.78
5.81
8.93
12.96
7.12
9.24
9.26
6.16
10.64
13.56
9.2
1
1.19
8.32
0.66
10.46
15.25
14.89
12.74
3.97
-6.65
9.63
13.39
19.92
19.48
16.32
13.23
11.54
16.87
21.56
17.29
22.92
21.53
23.56
27.4
23.28
11.01
15.09
14.65
20.2
17.96
21.53
24.44
19.17
18.85
26.57
28.05
27.62
26.16
22.06
19.54
20.84
16.88
6.43
4.05
9.45
20.3
26.68
27.54
17.19
22.09
24.64
20.25
15.81
1.55
17.9
18.18
10.64
19.11
21.13
7.68
23.68
25.63
26.29
25.74
12.85
24
29.85
27.88
18.15
23.05
23.68
21.84
20.67
24.42
23.34
22.07
19.49
23.17
27.5
28.47
25.08
20.79
24.4
25.26
22.75
20.98
20.26
16.9
18.55
-10.94
17.22
21.42
19.93
11.69
21.36
25.23
14.45
20.54
20.43
12.37
17.83
22.88
11.87
19.51
17.57
23.28
27.52
27.23
25.92
21.34
16.57
15.35
17.32
24.44
23.45
21.42
22.11
21.1
16.92
8.7
20.8
23.98
25.39
25.34
21.86
16.19
16.83
20
23.13
19.35
17.56
22.06
2.92
23.72
28.3
28.68
26.59
20.59
14.24
12.47
11.52
14.57
20.18
18.39
15.61
19.88
21.49
18.22
23.41
24.08
22.35
8.4
16.42
13.71
22.37
21.31
18.99
20.29
22.45
26.28
23.3
17.45
18.91
21.1
17.63
17.27
3.58
17.2
18.39
17.63
15.37
22.1
17.82
6.62
22.7
23.3
19.67
19.96
18.09
25.04
28.52
24.01
19.72
18.58
25.47
27.15
26.01
23.27
23.63
17.94
24.4
29.59
30.82
29.2
28.59
25.21
17.28
22.24
29.16
31.86
28.45
24.22
27.27
29.76
28.18
26.62
26.75
27.66
27.55
23.55
15.14
24.73
26.45
21.24
25.6
24.19
24.28
19.94
13.74
14.29
20.13
23.4
20.81
14.83
14.72
25.29
30.81
29.93
23.94
18.86
19.19
19.26
20.32
21.95
22.81
25.57
26.39
23.06
15.6
20.53
22.62
20.1
25.78
28.03
26.66
23.1
21.29
23.07
22.54
16.05
16.91
21.69
20.1
19.09
24.05
24.59
15.95
11.8
21.59
22.96
19.86
21.95
25.06
21.74
18.74
19.27
20.14
18.04
14.67
16.13
19.07
19.76
17.08
19.44
23.76
25.7
25.44
21.7
19.31
22.47
21.32
9.72
19.71
20.54
18.6
22.13
24.61
21.9
8.47
2.68
19.21
27.28
27.19
20.12
10.01
23.48
24.57
15.89
21.79
17.62
18.19
23.35
23.1
17.91
19.35
20.19
20.41
18.39
24.42
21.05
20.79
26.17
21.51
18.47
24.7
19.19
22.3
25.51
24.07
23.3
24.61
24.97
23.92
22.34
23.21
23.32
22.79
23.73
22.48
16.64
12.92
18.88
21.2
20.45
19.71
21.38
24.53
25.57
25.25
24.66
23.59
22.24
19.66
19.65
19.19
17.19
17.57
11.86
12.37
18.6
20.93
22.3
21.89
20.16
21.46
20.54
19.07
20.08
23.64
21.37
13.43
6.72
9.45
21.77
25.54
24.68
21.65
20.88
21.53
22.64
21.72
19.14
17.8
14.35
20.53
23.42
17.73
9.04
17.48
21.64
20.3
15.35
13.98
15.62
14.44
12.53
11.89
9.96
11.71
10.6
3.85
8.52
13.5
8.07
22.85
23.04
17.96
10.68
3.45
15.16
14.83
6.51
11.36
14.33
11.59
14.83
17.39
15.85
16.02
12.35
8.24
22.36
16.25
15.87
14.41
11.48
11.05
8.86
10.04
18.07
20.78
24.51
24.95
22.61
15.99
3.12
-3.95
14.21
21.01
13.21
22.92
26.31
23.11
19.83
22.55
21.55
12.1
11.71
19.72
20.99
16.52
18.7
18.34
19.84
24.53
27.26
24.98
20
20.52
22.96
21.55
6.38
13.76
2.34
13.48
18.95
22.1
24.88
23.75
18.08
12.43
18.02
16.59
15.58
23.66
19.66
17.66
19.36
20.85
19.42
22.54
25.76
22.18
21.2
21.72
18.25
25.81
22.76
13.24
17.74
20.9
21.87
19.29
23.24
23.77
11.79
14.59
14.75
14.91
22.1
23.58
22.03
21.18
23.86
23.41
22.52
24.87
19.61
21.63
18.49
0.91
6.46
4.95
20.12
23.51
20
18.31
17.46
16.49
18.98
26.42
25.22
18.04
13.78
25
24.25
19.64
19.58
14.08
23.47
30.14
29.25
25.18
20.51
19.67
19.73
8.54
21.78
20.71
23.19
26.59
26.65
24.54
16.57
12.79
18.64
4.54
20.62
22.15
23.88
20.39
17.18
21.21
17.98
12.1
4.56
9.81
13.99
17.37
12.75
21.26
10.78
15.76
20.06
26.65
26.96
21.93
22.42
27.22
24.97
20.17
10.15
18.18
14.53
19.03
8.13
18.85
21.62
26.92
26.7
26.57
24.02
24.28
24.91
20.5
19.22
18.17
18.59
23.45
16.44
17.55
18.31
19.59
24.63
26.06
22.85
20.31
21.07
23.75
26.39
25.7
17.51
10.44
12.37
16.18
21.97
22.24
15.54
6.93
13.21
13.65
25.21
26.22
22.67
18.23
2.32
19.86
20.46
21.67
23.01
24.36
25.63
20.15
19.26
17.24
22.13
22.5
22.78
23.84
19.8
23.25
25.62
22.97
25.44
26.69
24.23
14.79
23.23
26.38
21.99
19.07
21.49
21.93
24.45
24.25
26.62
23.82
17.61
25.12
28.12
24.47
17.53
18.24
22.7
22.93
25.66
23.4
25.03
26.23
22.89
14.83
18.63
21.5
19.28
13.61
24.08
24.12
28.16
27.86
26.99
19.31
13.19
18.55
20.76
19.13
13.28
26.91
27.23
15.55
15.59
16.47
16.44
17.28
14.8
8.45
18.89
22.99
23.5
25.67
24.23
8.01
12.62
11.69
18.64
18.12
11.34
11.42
9.19
17.98
15.76
-0.99
21.68
26.2
24.03
17.19
19.57
19.98
15.35
12.94
17.67
13.4
11.26
20.15
22.68
17.43
19.89
20.61
17.89
21.06
22.45
16.19
16.31
18.8
13.47
14.18
19.41
16.38
13.37
14.27
16.56
17.37
19.93
17.44
21.57
19.12
12.87
7.68
8.75
18.33
23.09
21.71
10.31
17.23
17.43
13.2
8.66
13.52
19.31
17.26
16.61
13.32
18.75
16.43
20.31
20.98
3.44
16.75
17.15
20.15
19.71
14.37
4.72
12.67
16.9
20.77
13.75
12.24
18.77
15.89
17.66
16.76
17.81
20.06
20.32
20.33
19.66
21.2
17.29
5.76
9.97
12.64
9.4
12.49
7.24
18.55
14.96
16.34
17.67
14.22
18.49
21.97
22.28
17.74
18.32
19.54
16.04
18.5
19.45
18.44
24.65
24.22
19.14
8.22
18.46
20.35
19.6
19.64
-1.13
18.22
19.57
19.42
16.52
16.13
21.94
20.46
11.92
9.4
14.58
11.82
17.35
19.34
6.44
13.54
21.11
22.86
18.38
11.64
18.21
19.1
16.82
6.67
15.96
19.31
20.55
21.53
17.25
21.12
18.39
18.8
19.35
21.68
25.28
25.57
22.4
17.65
13.54
12.96
17.04
19.18
23.31
24.27
20.72
13.51
6.67
15.4
19.54
20.59
16.66
16.51
21.7
22.31
21.24
17.74
14.5
18.4
20.03
23.1
25.66
26.8
25.84
27.93
28.1
25.54
16.09
16.2
20.58
19.1
24.88
26.29
22.5
22.85
24.53
25.41
23.25
19.69
24.41
22.93
12.05
0.12
13.27
15.56
18.45
14.93
10.12
12.48
14.45
22.3
22.64
20.89
13.81
12.39
11.49
14.84
22.63
27.95
27.34
26.71
28.99
23.97
16.01
20.9
23.29
24.67
22.51
19.94
24
23.59
20.97
17.17
14.92
14.28
19.66
20.99
13.59
18.42
23.6
20.37
13.52
21.69
18.11
11.11
20.09
25.38
25.67
20.37
14.85
7.45
7.17
15.32
20.06
21.3
25.89
26.39
15.54
23.03
24.12
20.14
24.21
24.59
26.01
23.11
24.07
27.28
23.11
28.67
29.89
24.4
21.4
20.26
20.71
23.82
24.01
10
28.59
32.15
28.79
23.57
20.19
17.05
8.47
14.74
18.26
21.22
27
29.96
27.03
15.61
18.71
27.22
29.43
26.88
20.07
16.97
22.01
22.37
27.61
25.68
18.95
10.73
11.18
16.02
23.26
24.71
23.14
15.23
20.32
22.02
26.36
36.45
42.32
38.81
21.27
19.65
16.12
16.74
22.18
17.54
10.69
23.9
23.91
13.33
16.4
22.68
21.13
16.91
21.96
25.38
25.5
23.38
19.45
22
26.35
24.67
4.15
18.6
14.63
26.63
41.95
45.67
39.67
13.67
22.71
17.39
12.8
17.29
19.61
3.93
23.5
24.11
19.68
18.1
19.55
22.76
21.97
20.31
17.08
16.06
23.49
26.66
28.24
35.01
31.95
13.94
20.32
17.14
1.59
14.65
16.37
25.57
27.32
19.27
9.43
19.52
24.44
25.26
21.61
18.89
16.64
14.11
12.16
20.84
26.81
27.85
24.13
18.63
23.15
25.18
21.27
29.84
41.2
44.16
38.3
19.34
14.72
9.02
8.91
15.94
23.12
22.02
21.22
24.03
27.65
28.6
25.39
14.15
13.63
19.93
17.58
11.36
18.25
9
22.27
26.1
25.58
22.65
4.44
19.2
13.16
28.3
40.12
43.9
39.51
27.39
23.89
26.56
28.06
27.74
27.75
28.29
23.32
2.51
17.35
17.21
23.68
24.38
19.93
16.43
15.84
18.56
15.43
19.06
24.31
26.63
24.74
23.68
21.12
17.21
8.09
11.3
15.16
17.33
22.98
23.63
21.47
22.05
12.32
20.61
25.36
26.56
26.5
18.28
17.02
5.71
21.72
23.24
25
25.24
24.82
26.05
25.61
24.97
41.75
45.64
40.9
28
20.61
18.24
21.44
18.8
14.55
24.55
28.63
26.15
16.39
22.4
22.82
21.05
16.14
18.48
21.65
20.84
20.91
20.02
22.68
24.25
20.29
12.57
19.46
13.72
26.91
25.63
18.66
13.11
12.65
7.89
24.07
35.04
36.67
29.98
15.28
-3.42
18.65
24.08
23.35
10.04
29.12
34.08
31.31
22.11
3.01
9.29
15.03
23.91
25.03
21.54
22.87
24.97
23.68
20.76
15.79
17.29
12.06
21.62
18.01
21.49
22.39
25.02
25.11
25.29
24.73
12.55
21.59
31.41
39.5
40.84
35.27
27.54
16.69
23.96
27.36
23.5
20.05
12.01
29.78
37.61
37.18
31.64
25.22
27.51
23.53
23.28
38.65
43.22
40.14
33.02
27.84
24.65
29.89
26.56
20.5
26.84
30.01
30.22
32.95
34.44
29.04
23.27
25.07
26.36
27.55
24.54
22.14
23.32
27.81
27.33
23.2
23.05
3.72
23.47
24.86
26.47
27.42
23.79
17.84
13.18
20.78
20.33
24.42
22.26
28.35
28.68
22.02
19.92
19.05
16.08
20.19
29.03
26.17
7.41
16.5
20.76
21.37
30.01
30.39
21.88
26.42
25.34
17.69
24.79
19.95
31.32
45.1
49.51
45.46
31.18
19.62
18.32
20.7
21.82
19.5
20.75
39.11
47.84
47.1
36.61
12.25
17.65
20.96
22.79
27.46
29.02
23.75
20.44
27.16
29.81
28.2
23.02
20.17
20.86
24.59
28.15
29.07
24.03
14.47
25.57
32.12
34.62
32.25
24.42
25.55
24.48
21.58
11.88
23
26.68
21.2
19.42
19.78
25.94
27.7
26.21
26.17
25.54
24.22
25.41
29.24
27.44
25.99
27.33
23.28
24.57
25.24
25.22
22.18
22.17
27.8
25.67
27.32
22.53
26.46
33
29.99
25.2
24.85
23.31
21.98
15.75
11.56
26.27
31.87
27.8
16.55
9.33
15.45
20.31
26.52
27.08
19.81
21.48
23.42
19.15
23.17
18.96
19.64
27.24
28.34
25.78
19.71
14.95
11.68
17.62
19.03
25.21
22.33
16.67
26.09
28.61
23.69
21.64
21.14
23.29
22.48
23.94
19.47
23.09
24.04
25.54
27.42
29.92
25.04
22.82
10.32
24.24
29.84
27.51
21.27
21.08
22.46
24
25.76
26.2
20.38
19.13
26.74
30.18
24.01
21.09
24.11
21.17
9.05
14.58
13.54
21.19
21.02
23.5
15.12
25.68
21.91
24.12
23.07
24.8
18.66
23.59
23.75
20.19
12.34
16.45
21.93
26.63
20.56
22.9
11.68
17.21
15.02
20.49
22.41
22.97
24.13
19.87
21.27
22.78
21.8
24.25
26.02
25.22
23.33
20.82
15.06
22.34
20.78
21.89
22.98
11.21
9.97
24.82
30.44
27.71
19.45
24.1
24.99
14.7
10.99
16.87
21.1
16.13
15.09
19.85
12.98
22.64
22.05
20.14
26.55
25.77
2.59
9.97
16.86
20.71
14.12
20.99
20.31
15.45
8.28
23.24
24.63
21.85
23.5
21.48
23.52
27.53
22.09
19.7
23.87
20.28
20.17
17.4
9.79
13.33
18.74
22.3
12.97
17.65
23.97
24.63
3.36
15.67
17.63
21.85
16.04
20.37
12.05
22.06
15.92
13.76
24.26
18.34
6.56
16.4
21.08
23.76
22.51
23.68
23.85
19.96
13.62
17.77
21.13
20.49
14.56
17.92
26.32
25.33
14.23
7.78
12.36
13.16
7.32
19.28
19.9
20.86
20.24
15.53
22.29
21.04
17.3
18.99
25.73
23.61
15.35
20.87
23.79
18.28
20.2
20.27
21.06
22.76
26.04
24.46
19.26
15.3
14.71
15.44
24.62
23.32
18.02
14.79
16.48
17.74
20.76
22.29
22.7
20.79
-6.28
6.88
-5.98
6.55
8.53
13.58
13.16
14.94
14.25
7.47
23.62
23.96
20.78
15.62
21.94
25.35
27.46
25.88
24.4
25.4
25.72
30.29
31.28
31.98
32.72
31.14
30.05
30.27
26.39
26.72
28.35
21.65
21.03
26.61
27.51
26.95
26.39
25.79
23.37
18.39
15.74
18.73
21.42
28.18
28.76
25.78
25.05
19.54
21.12
27.66
27.56
25.84
24.38
21.87
17.49
23.05
25.69
23.65
22.6
13.33
26.55
28.23
27.65
28.73
27.05
18.34
20.33
25.93
27.49
24.91
18.79
23.07
31.09
32.89
32.7
31.42
30.83
28.93
27.03
30.79
30.03
26.03
26.06
24.55
11.85
24.86
28.37
26.2
29.61
34.93
31.22
22.46
27.11
29.01
29.4
31.31
29.09
17.67
27.48
28.92
27.94
29.42
27.33
23.18
21.69
17.65
24.34
26.59
26.12
20.59
15.8
19.16
20.59
23.87
25.13
12.26
17.68
15.71
25.52
27.87
22.43
25.38
26.66
25.58
23.18
21.85
26.97
21.26
17.56
20.39
19.51
26.03
30.61
25.74
19.02
17.26
25.46
23.4
22.21
22.05
24.01
21.86
15.86
14.93
17.79
20.35
23.23
17.99
21.41
21.18
23.5
21.21
18.16
1.13
14.74
22.49
24.82
19.81
23.3
24.39
20.33
15.48
9.89
12.79
5.41
16.82
19.74
16.91
-5.42
15.11
26.75
30.34
29.27
22.31
22.72
26.61
24.37
22.97
24.43
20.78
19.75
13.67
26.43
25.51
13.98
19.82
11.6
21.43
16.12
25.48
24.19
20.1
17.54
16.26
19.42
13.95
10.83
12.87
21
21.46
20.51
25.39
27.73
28.64
29.48
29.25
23.92
15.94
15.25
7.32
22.07
23.1
17.94
17.17
21.57
23.77
20.76
16.48
11.51
16.92
23.91
24.31
22
21.07
21.54
20.41
18.85
17.77
25.07
25.62
6.42
20.12
21.58
23.75
25.38
28.46
27.47
20.79
18.23
14.94
21.61
23.98
26.67
25.62
22.79
18.41
15.62
15.93
15.96
15.08
18.73
22.66
8.81
24.51
27.34
25.21
24.95
25.09
20.32
22.77
24.74
22.92
23.51
25.47
24.96
16.17
11.58
18.04
21.18
17.59
18.52
21.9
17.53
9.69
10.3
7.23
19.32
22.67
18.6
19.83
18.16
17.46
23.12
22.18
20.34
19.4
20.66
19.07
16.82
5.12
11.87
15.55
24.67
23.17
18.01
13.98
10.74
17.93
1.78
23.67
20.79
20.31
11.38
8.29
22.17
27.57
26.57
20.19
19.6
23.54
24.18
22.47
18.47
18.72
19.6
15.38
8.42
12.69
7.94
10.27
19.38
25.24
17.9
17.46
21.75
17.27
13.46
19.01
21.16
18.93
8.44
19.37
23.8
26.04
24.1
22.19
20.66
12.89
10.65
19.47
17.18
-2.45
12.56
19.39
13.59
18.16
20.92
16.3
13.1
15.88
16.86
20.5
16.42
17.73
21.29
18.58
21.27
24.59
24.4
15.04
8.9
17.75
23.48
23.07
14.76
8.5
17.15
15.56
13.6
20.64
22.33
22.75
20.82
8.54
21.72
20.61
-0.48
12.83
16.57
13.18
14.67
17.07
23.68
25.07
22.13
20.91
6.84
21.07
23.15
23.5
24.16
23.01
23.67
23.61
18.68
14.77
17.13
19.62
17.7
10.32
12.51
19.96
21.57
18.41
18.17
22.53
23.63
19.41
16.43
21.29
-1.32
25.04
26.38
23.76
21.73
18.35
18.91
17.78
8.34
19.1
18.95
12.44
23.73
22.6
14.12
15.47
22.77
19.73
15.45
21.23
22.85
18.98
16.82
22.72
23.13
19.95
18.92
15.26
7.4
12.97
17.33
19
14.76
15.08
22.66
24.85
23.86
18.74
17.68
22.66
14.13
18.21
8.4
20.08
23.07
23.2
26.49
23.59
14.12
20.86
15.43
10.61
14.31
21.48
22.89
24.55
25.5
18.56
16.3
3.11
17.38
20.9
14.94
19.43
23.59
23.08
21.65
19.66
18.81
19.84
17.89
15.34
19.59
23.24
17.95
17.2
13.31
13.65
19.05
23.02
20.24
10.81
19.61
24.69
20.68
17.51
19.62
23.41
20.41
14.41
21.78
15.75
9.8
18.7
25.19
22.45
16.64
15.56
7.72
17.91
25.39
27.66
24.71
11.5
14.2
15.92
8.34
21.72
25.98
25.79
20.42
12.48
18.18
19.42
20.72
18.12
15.15
11.73
20.97
16.47
18.61
15.17
15.06
17.8
19.93
18.93
18.87
25.17
24.14
17.96
24.04
21.76
16.55
15.93
25.06
26.01
24.69
18.05
14.13
18.77
24.63
23.13
24
23.23
21.14
31.91
35.63
31.71
25.89
26.19
25.26
20.57
7.44
12.66
20.66
18.7
25.97
26.41
20.46
24.48
22.03
16.62
22.75
23.04
18.12
23.37
25.24
19.96
17.21
20.46
23.35
17.8
9.48
19.08
24.4
24.58
25.68
20.25
1.92
10.81
17.9
18.89
20.3
15.81
13.88
20.95
21.83
24.31
25.9
26.73
26.69
22.38
21.77
22.4
19.93
22.45
27.42
24.84
17.46
15.5
19.59
19.96
17.87
20.9
21.81
19.83
19.5
13.63
20.46
25.02
18.74
24.6
28.1
19.73
19.96
13.24
19.63
25.12
23.09
22.05
22.8
16.29
19.1
19.91
15.98
9.01
20.99
19.95
20.1
20.45
10.59
15.94
11.28
11.09
18.63
10.29
22.43
20.68
15.68
25.8
24.34
15.42
13.6
15.38
23.4
23.09
8.46
10.91
24.61
24.33
22.56
21.98
20.08
23.18
17.48
9.54
4.96
20.84
22.76
6.79
12.92
0.19
10.1
20.66
18.93
6.9
19.01
24.72
25.22
19.84
16.4
16.86
13.02
8.3
14.93
12.67
8.02
12.09
-5.17
19.79
20.17
23.25
18.5
23.03
20.12
16.24
21.38
22.45
21.89
18.55
20.84
18.86
11.93
11.11
21.94
22.17
6.81
19.64
16.89
17.12
18.74
15.94
16.01
21.16
21.77
20.17
16.4
21.99
24.38
20.94
8.42
8.14
19.03
18.18
18.53
7.98
14.16
17.77
18.32
20.14
16.28
17.32
21.18
22.45
23.91
21.54
15.21
-3.15
6.28
9.02
5.83
17.53
21.14
12.48
4.39
7.56
8.77
12.16
21.09
19.46
10.12
23.12
24.65
22.64
13.4
3.54
5.89
8.17
15.46
19.46
14.5
9.05
7.66
10.55
13.61
11.52
20.51
19.01
11.48
13.66
12.6
13.06
20.24
18.75
18.18
17.55
17.98
21.89
24.88
24.96
22.52
13.91
5.54
12.99
17.31
12.04
21.44
22.38
17.9
12.41
13.69
12.03
15.17
21.51
16.6
8.29
3.85
9.47
17.11
19.11
15.65
13.74
9.74
10.62
15.71
10.99
15.61
12.76
19.94
17.06
16.35
13.69
18.32
20.22
14.5
4.86
11.71
14.51
15.86
16.96
13.69
-0.51
14.33
18.05
16.6
11.81
18.18
14.37
6.74
12.74
13.58
18.72
19.91
19.28
17.53
16.23
14.3
4.33
3.68
14.36
17.86
13.86
13
14.96
3.38
9.55
19.52
19.72
16.78
18.17
18.68
11.21
-5.03
11.64
14.44
14.57
19.13
20.57
20.51
17.46
-2.23
16.91
20.86
19.46
12.25
11.27
18.43
18.03
12.09
9.19
9.05
16.14
19.7
17.95
16.15
17.23
11.6
8.66
10.21
12.76
18.51
12.64
14.89
19.83
14.22
9.96
15.78
17.4
11.01
15.18
19.88
18.62
14.29
8.64
12.84
10.26
17.98
15.65
1.32
7.9
13.64
17.88
10.8
7.34
1.55
7.03
6.98
8.47
19.49
18.3
3.91
9.02
8.48
5.79
15.87
19.76
19.62
18.59
15.86
15.09
20.52
20.61
13.05
5.87
5.38
12.26
13.64
13.29
13.91
15.66
19.06
20.72
15.17
16.68
18.98
5.88
9.89
6.77
16.32
19.91
14.9
12.14
11.36
14.84
19.94
20.44
16.11
6.02
5.95
10.42
6.26
10.81
8.54
12.44
13.87
12.02
13.34
16.63
12.37
8.64
11.9
11.23
8.89
-6.71
15.21
18.51
15.63
9.01
11.03
16.75
16.91
6.23
-1.52
12.66
16.68
9.91
-1.56
6.02
2.56
2.6
8.02
11.66
7.33
9.61
13.87
17.98
18.77
15.01
13.71
18.69
14.89
7.95
15.76
16.95
8.76
14.28
14.76
9.64
11.7
11.91
13.75
15.08
14.54
15.52
17.11
13.54
13.87
14.03
10.11
18.05
20.85
16.31
14.8
18.11
6.16
14.77
14.67
8.93
12.39
16.22
12.02
10.88
6.53
8.95
15.65
10.73
10.19
3.01
-3.51
14.42
17.03
16.86
18.39
14.9
9.37
15.7
12.64
9.11
5.94
9.61
10.68
16.97
11.86
12.3
17.45
19.41
10.39
13.66
6.1
14.33
15.16
6.38
11.48
2.79
9.75
13.84
16.49
18.86
17.01
0.13
16.13
17.84
19.9
18.83
16.27
19.2
18.82
13.73
13.43
14.7
17.63
9.79
11.46
19.73
19.76
16.62
16.34
15.44
14.2
9.58
6.35
11.56
13.47
6.78
19.78
21.47
20.97
18.15
17.39
20.24
17.39
14.34
14.86
15.66
16.68
13.05
11.91
9.63
12.47
13.48
21.93
21.06
14.21
5.56
3.51
7.86
16.61
17.2
12.2
10.02
15.11
8.8
19.15
16.15
14.87
16.16
17.03
19.27
16.44
7.93
12.77
15.88
12.76
4.41
13.1
16.99
19.52
15.07
5.38
13.81
16.85
11.78
8.06
7.53
4.65
8.35
15.61
19.68
21.22
18.48
14.79
14.95
19.07
20.99
18.41
13.3
3.75
4.78
5.14
6.28
12.29
9.32
6.58
3.3
8.26
12.11
17.62
18.96
19.06
15.76
5.83
8.44
19.21
20.27
15.12
9.06
19.74
20.51
13.89
17.62
13.27
6.44
14.79
10.87
10.2
9.26
3.52
8.17
16.16
19.42
16.9
15.25
16.58
12.16
5.57
12.77
17.32
18.89
17.04
14.87
15.06
10.27
2.81
5.27
-1.63
11.2
8.01
6.86
10.41
10.45
14.82
16.86
14.55
13.38
8.15
6.83
15.28
16.39
8.99
15.32
9.84
10.27
15.39
16.58
15.44
15.18
16.08
18.07
17.62
15.96
14.59
14.35
8.38
17.78
18.61
17.58
17.82
18.99
14.13
15.85
14.89
14.07
10.41
10.16
8.8
5.55
7.06
13.6
8.34
11
18.48
19.13
9.52
17.03
19.97
16.92
15.71
10.96
7.43
13.01
15.58
16.67
17.8
14.21
11.35
17.03
16.33
12.83
14.39
10.92
6.28
16.56
16.28
5.01
4.4
10.16
11.21
14.14
11.38
11.1
18.73
20.06
15.65
3.72
15
12.41
13.53
19.67
20.19
17.46
17.22
16.09
13.55
14.86
13.23
10.1
14.34
13.72
9.07
1.04
9.94
14.25
9.98
18.09
11.92
16.09
21.24
18.25
13.47
12.34
11.57
10.03
7.63
8.46
15.8
20.75
21.11
21.12
19.01
11.57
12.81
16.22
13.22
11.78
13.08
16.53
15.68
14.11
13.14
16.07
13.23
4.04
13.67
8.26
5.56
13.35
14.8
12.69
12.19
12.99
16.84
11.12
5.9
12.92
12.68
10.46
16.11
18.7
19.95
20.82
18.02
19.05
22.66
21.42
16.61
12.23
-1.66
16.71
18.46
16.66
11.08
10.33
13.07
16.98
11.95
15.15
16.09
20.16
21.46
17.18
13.28
12.32
16.32
19.63
19.75
16.51
12.43
11.31
11.76
8.06
10.68
8.32
12.59
19.82
21.65
19.31
11.35
10.3
5.42
7.97
9.55
3.29
17.33
20.17
19.53
16.92
3.8
13.44
17.57
16.51
10.15
10.35
-1.2
14.09
15.04
17.24
7.54
2.81
14.85
19.14
20.89
18.92
10.23
13.99
19.8
22.05
18.56
13.96
14.01
17.4
21.5
19.66
14.24
12.76
19.01
22.06
13.79
9.47
12.42
9.32
7.16
14.61
19.1
17.06
12.28
13.48
12.3
10.28
9.66
19.68
20.29
15.65
6.9
-0.42
6.16
15.4
20.04
17.05
17.05
18.53
21.57
20.12
12.77
-5.21
-7.46
3.5
4.27
14.7
15.87
12.71
10.88
18.26
16.34
7.39
17.42
19.53
22.2
20.96
13.94
4.92
15.08
18.65
19.25
17.77
9.58
9.28
14.54
16.94
14.61
14.79
16.56
17.34
20.26
19.31
13.02
17.26
19.19
17
12.16
12.23
8.42
7.17
15.83
21.73
20.98
11.28
12.39
18.92
20.46
15.33
8.74
10.86
13.56
9.09
7.05
10.35
-0.48
12.97
15.83
9.63
6.92
4.01
11.59
14.17
10.11
10.81
18.15
19.92
17.4
3.25
5.45
7.19
11.09
14.89
12.81
13.2
12.43
12.67
17.29
18.66
15.9
15.79
16.73
14.89
12.32
9.86
13.19
15.57
16.7
9.69
13.57
13.72
13.18
12.12
15.16
16.54
15.84
15.37
17.61
20.05
19.96
18.68
11.18
14.9
15.38
13.98
5.5
12.52
16.26
13.39
11.02
13.21
14.27
13.39
7.34
9.5
8.27
9.27
6.45
15.5
16.98
6.21
16.1
19.87
18.06
13.12
14.09
16.08
6.25
8.47
7.49
11
11.01
13.59
15.97
15.36
8.42
11.18
11.85
11.66
21.12
20.84
9.92
16.41
17.68
9.89
4.34
10.67
8.92
12.13
7.81
16.15
12.12
11.01
12.11
9.79
7
13.69
12.16
19.55
19.95
16.19
17.03
16.89
14.44
14.61
10.79
-1.4
6.96
9.37
14.73
8.33
7.15
5.21
-0.66
9.06
13.87
11.66
5.08
2.92
12.7
10.73
13.05
13.06
10.36
12.2
14.69
15.64
14.68
17.82
15.37
10.71
13.73
17.29
15.26
4.93
9.38
12.57
13.39
9.8
11.41
12.67
7.63
12.9
17.91
16.1
11.85
12.12
4.66
10.02
3.42
-1.03
12.67
9.82
6.16
10.67
1.69
14.57
14.33
13.29
7.36
-2.46
9.52
17.91
15.86
5.57
15.01
15.8
11.6
12.35
12.97
4.07
14.22
21.62
22.12
13.27
15.67
15.38
10.96
5.78
11.72
16.09
8.85
8.12
16.68
16.6
4.57
11.69
6.04
-18.47
5.57
7.09
0.17
10.22
13.91
18.67
19.51
16.67
14.11
8.25
1.24
6.43
0.14
11.25
11.51
19.18
15.78
-6.38
14.37
14
8.11
13.78
18.4
20.51
16.03
13.4
19.54
15.17
13.31
18.59
16.81
14.06
14.45
14.88
13.46
5.95
13.99
14.45
10.67
14.36
8.88
9.04
7.72
15.72
17.06
14.38
-5
17.58
19.94
13.26
-1.5
5.41
-2.65
4.3
6.25
1.94
16.29
22.31
20.65
0.04
16.45
15.9
6.85
11.4
13.04
-0.97
15.97
19.38
17.9
13.57
10.08
10.55
16.06
15.35
0.09
14.72
14.74
12.88
12.24
14.34
14.09
13.98
17.14
15.98
17.87
18.42
17.7
14.39
5.07
10.06
16.57
20.19
19.41
15.94
13.81
14.95
15.51
-0.79
10.06
9.03
9.7
5.82
3.38
12.43
13.59
13.03
13.96
7.79
1.13
5.99
16.37
16.8
11.6
8.94
15.43
17.12
17.56
16.05
13.28
15.01
15.05
13.26
5.3
9.42
9.03
8.47
15.71
14.23
8.29
11.94
17.7
15.88
7.76
11.44
14.7
18.54
20.16
17.28
5.9
7.78
17.01
17.84
4.54
14.23
7.55
12.59
11.16
17.59
15.91
10.71
15.47
23.59
23.92
13.17
13.01
17.06
18.28
15.13
2.22
10.07
9.91
5.58
7.06
10.06
9.16
8.1
5.12
3.9
-1.13
10.78
15.42
16.5
13.63
8.53
10.81
17.02
19.38
14.5
2.64
13.77
2.87
19.61
20.45
16.6
5.36
9.03
7.67
15.65
11.91
11.54
20.48
16.22
11.09
5.58
14.98
6.74
-4.34
11.45
15.21
12.87
14.99
16.77
14.93
13.29
7.4
4.77
5.92
7.07
12.84
9.73
5.13
13.27
15.18
14.05
11.69
12.49
14.02
17.64
12.13
10.3
10.9
-1.11
10.7
5.96
12.46
15.33
10.42
7.73
14.55
16.36
17.6
12.79
11.8
17.38
14.31
12.31
11.58
3.8
13.86
11.84
6.34
2.36
4.83
12.43
15.79
13.86
10.14
15.66
13.85
11.83
12.11
6.25
8.51
2.42
6.09
14.39
13.82
9.87
15.15
14.11
2.51
13.18
6.53
10.13
10.49
5.65
11.2
1.95
15.79
19.15
17.64
1.43
16.72
12.11
9.92
15.99
18.03
12.96
10.83
10.47
13.12
5.72
10.02
14.77
5.83
14.33
15.98
6.84
0.04
8.35
0.91
2.1
8.07
11.91
13.86
11.85
0.09
-7.83
16.74
20.62
17.48
13.09
13.05
12.09
4.53
10.89
14.41
13.76
6.65
15.65
12.74
13.28
19.3
17.49
9.11
-0.65
7.85
12.2
14.14
14.8
11.46
11.44
10.46
9.6
10.61
12.98
12.03
-1.77
7.75
2.52
13.09
9.17
5.37
7.96
8.76
7.39
9.51
15.46
16.65
16.52
16.24
13.51
13.18
12.8
7.68
9.27
11.73
9.85
5.74
6.72
5.4
8.23
14.84
17.36
17.98
15.08
12.07
15.7
14
0.73
8.83
7.62
9.3
12.75
11.78
11.3
10.5
12.2
13.8
11.96
10.75
13.7
16.61
14.39
15.82
15.43
14.05
12.46
6
9.83
4.45
-10.05
10.17
13.44
13.07
9.76
10.87
15.02
16.78
14.93
4.54
6.43
6.17
1.87
6.36
8.02
7.47
8.69
9.24
6.98
3.89
4.53
9.8
7.74
5.95
19.67
20.51
15.13
1.22
7.84
14.81
12.52
1.54
7.7
7.43
2.8
10.28
8.96
7.52
6.4
10.92
11.54
6.25
10.77
14.1
12.73
6.17
9.08
13
7.17
3.89
7.61
6.58
12.14
14.28
14.5
12.92
10.01
12.92
13.53
12
10.61
-2.81
-10.34
6.17
9.58
13.02
10.78
15.67
19.24
18.98
15.33
11.24
8.52
10.44
11.78
10.56
6.25
2.76
10.18
12.66
6.52
-3.59
12.69
13.5
15.04
15.76
13.63
12.25
10.23
9.12
8.48
13.53
14.87
-9.15
15.23
17.49
15.32
8.79
8.49
9.38
5.23
7.37
6.55
-6.44
5.39
6.24
10.73
15.45
15.8
8.76
10.98
14.44
15.42
16.08
11.56
9.91
14.87
15.17
16.59
16.61
9.57
4.05
10.31
13.55
12.75
11.13
15.73
14.18
7.12
7.66
-1.25
7.46
4.64
11.27
8.51
10.7
12.41
9.81
1.29
14.74
16.41
9.56
8.98
11.05
13.67
10.54
3.96
4.76
-0.78
9.81
6.2
1.66
5.35
13.72
12.36
5
15.61
18.1
17.6
8.52
5.57
12.07
12.41
6.89
9.69
16.91
16.89
17
16.46
13.13
8.26
2.33
2.59
9.63
10.19
5.97
5.89
13.17
17.93
17.27
15.72
16.44
15.23
11.05
9.52
6.91
-2.48
8
9.32
4.2
1.09
7.81
12.74
11.95
10.29
9.7
9.82
11.52
-2.33
8.43
3.84
5.33
8.03
14.89
15.03
8.09
-5.26
5.8
16.94
20.71
19.33
16.76
14.75
7.56
10.44
14.76
10.52
9.76
17.77
18.35
11.99
8.92
16.1
14.05
0.6
4.04
9.85
12.3
11.17
11.28
9.5
12.96
18.84
18.46
15.48
10.87
6.58
11.09
8.27
-2.32
7.9
9.76
13.15
11.91
11.16
12.03
11.3
14.14
7.32
2.56
-6.11
5.69
12.6
4.54
3.75
12.56
12.71
12.38
16.27
16.47
16.3
9.64
5.55
9.52
2.91
2.3
3.98
15.89
17.3
17.24
14.49
6.47
11.18
4.81
5.52
6.14
9.97
7.26
3.79
9.03
12.58
8.47
14.41
19.34
16.77
12.23
0.2
5.8
12.29
16.34
16.38
10.04
7.23
11.31
7.16
1.38
9.76
7.81
-2.58
17.28
18.92
10.82
7.93
15.32
16.45
11.14
-7.54
2.33
5.79
14.62
19.23
18.94
14.11
6.68
11.89
12.49
13.59
19.45
20
17.17
11.11
12.01
14.49
13.38
10.74
6.7
-12.1
4.15
6.25
6.58
4.7
11.38
15.89
12.83
-4.13
8.61
8.55
8.48
9.55
5.7
5.43
6.37
8.61
-7.85
3.98
5.76
3.31
7.65
16.07
17.48
10.7
5.88
12.35
15.7
20.54
21.5
16.52
15.06
15.44
11.27
13.27
15.5
14.37
15.04
14.56
10.83
4.64
-14.51
2.36
13.71
18.27
15.62
0.69
4.77
12.92
8.42
0.16
3.42
10.09
15.92
14.33
6.64
10.15
7.52
11.99
9.69
13.34
16.43
17.96
15.72
11.87
13.38
14.93
5.01
14.17
13.31
15.36
15.43
-4.01
14.36
15.43
11.56
13.02
14.84
8.34
10.03
11.56
17.46
15.23
-14.78
11.37
13.55
4.44
16.85
19.58
14.16
13.11
10.4
10.57
12.64
10.73
9.45
14.33
17.16
13.95
9.63
11.36
11.56
4.88
9.89
16.33
13.39
8.61
13.59
16.18
17.05
16.85
7.85
8.33
10.17
9.09
8.72
15.15
11.7
5
3.4
-8.9
6.23
2.45
6.01
11.99
15.3
11.87
5.38
2.83
6.2
7.92
5.38
16.22
13.75
6.55
11.17
-0.38
9.39
8.28
12.54
16.98
14.52
7.17
8.85
10.28
9.09
11.49
14.04
15.28
13.79
8.88
6.21
11.99
13.85
14.89
11.24
1.57
1.82
12.4
19.45
17.66
11.26
13.52
13.05
9.82
0.02
10.7
15.46
13.68
20.61
19.29
14.85
13.37
9.95
11.34
11.78
11.39
13.58
13.6
10.13
0.15
10.22
14.4
10.48
17.67
16.01
9.52
8.2
16.77
18.4
12.29
15.95
22.05
19.68
11.27
8.31
11.99
14.62
12.35
8.29
10.61
10.85
8.21
11.41
11.26
9.37
5.05
2.99
-0.83
3.77
7.61
2.87
11.35
9.68
-3.39
9.91
13.76
10.97
9.85
10.19
11.65
14.36
10.81
6.44
11.13
11.33
10.68
14.97
10.89
-6.28
8.95
11.24
7.38
-5.49
8.49
16.25
14.35
7.44
8.46
6.67
9.95
7.75
12.22
9.61
2.51
2.21
5.77
10.85
6.94
2.2
3.16
8.37
8.02
10.55
16.01
18.31
12.84
12.15
12.87
12.68
13.06
11
2.1
13.77
17.6
17.93
11.58
12.29
13.54
11.07
15.96
16.72
10.94
7.95
1.19
9.89
13.28
4.42
6.18
6.81
-10.41
-0.85
-0.18
0.02
12.74
11.82
10.71
12.62
11.89
0.66
15.65
18.36
15.2
5.19
6.85
8.99
-1.65
13.84
16.89
13.99
12.2
15.56
12.69
8.38
12.29
10.43
2.49
2.89
13.81
11.29
1.64
6.06
9.82
3.69
2.63
11.39
14.92
11.89
5.16
12.25
14.28
9.3
1.56
10.17
13.89
13.19
16.24
15.39
4.12
7.32
7.87
-2.13
8.58
15.67
17.26
13.14
9.58
9.14
2.93
10.7
12.73
5.05
9.46
14.2
3.39
7.63
8.74
14.08
7.52
14.56
19.45
15.49
8.04
11.72
11.15
8.83
4.37
6.83
11.13
12.12
9.56
14.17
16.8
13.69
12.07
12.99
11.39
-5.23
-8.12
11.54
14.08
10.57
12.68
7.17
-0.79
-2.05
15.14
14.2
7.47
11
14.31
12.65
10.19
8.44
4.48
9.33
9.68
4.85
6.09
6.76
14.98
12.96
12.73
9.94
6.77
6.98
12.02
15.41
14.77
15.67
13.93
6.86
2.23
11.09
13.54
7.62
10.96
15.77
13.08
4.7
6.74
5.64
4.48
10.84
11.23
10.17
10.61
6.92
7.48
12.34
10.79
-7.57
10.12
10.84
12.5
13.26
14.46
13.64
0.73
13.42
17.09
14.84
8.11
11.11
14.91
5.47
13.55
14.22
7.58
3.47
12.04
19.01
15.58
10.46
11.95
11.05
4.68
0.34
8.39
13.54
12.43
7.76
10.81
5.66
5.68
7.4
12.95
14.51
8.35
12.02
12.3
4.35
12.1
5.35
0.78
12.7
8.74
6.31
9.32
11.22
8.62
7.11
14.86
16.21
15.26
14.75
14.01
12.76
5.78
12.64
10.97
9.69
17.58
17.63
11.26
4.85
8.44
5.19
11.52
16.15
18.74
14.16
6.74
9.17
9.42
9.2
6.31
13.54
5.62
5.6
3.73
9.97
17.21
17.34
15.55
12.36
10.34
13.19
8.3
7.49
7.46
8.41
9.97
-5.91
6.71
1.31
13.58
15.11
7.94
10.46
14.44
-4.72
12.05
16.06
18.87
15.78
5.82
17.83
19.68
13.66
11.66
16.26
13.61
13.14
13.64
18.19
15.4
3.82
4.48
7.84
14.49
14.52
6.42
15.05
16.18
15.69
15.18
8.96
6.61
11.09
10.29
1.98
14.41
14.48
4.01
1.99
8.13
10.84
14.16
16.6
12.17
8.82
15.66
16.91
14.74
4.37
3.37
1.83
-4.76
3.08
8.81
1.75
0.32
5.2
11.56
12.83
11.49
3.01
0.78
6.85
9.99
9.49
6.55
4.81
5.16
14.34
16.66
12.85
7.33
7.71
13.18
13.25
4.48
16.51
17.82
11.95
-0.64
13.16
1.68
14.88
14.99
10.35
5.78
17.53
19.13
12.12
7.34
10.95
7.39
7.87
15.33
10.95
12.45
10.19
2.14
2.26
6.68
3.61
9.89
12.21
16.01
16.21
14.49
15.13
11.16
8.35
2.43
12.85
15.98
13.84
11.63
11.35
10.88
9.03
12.04
7.92
6.76
13.96
13.23
10.67
7.76
12.15
8.14
7.92
13.6
9.54
13.16
12.34
12.13
13
12.96
1.29
15.02
18.73
18.46
14.08
0.63
7.24
11.72
15.08
12.31
10.84
11.52
10.34
11.78
18.28
19.74
14.81
0.95
-2.96
2.51
8.94
15.27
18.13
15.84
15.1
6.25
13.59
15.55
11.03
11.77
12.6
13.62
15.29
14.11
14.03
15.47
13.56
19.03
17.73
10.45
-2.98
9.62
16.05
15.15
3.87
7.12
7.07
7.3
8.66
12
4.28
5.5
8.02
9.95
12.52
7.83
-8.47
7.49
7.28
12.48
18.24
15.77
9.45
12.13
-6.42
10.14
12.5
-3.78
16.04
17.49
12.91
7.6
12.87
12.46
3.7
-2.9
12.87
12.08
12.08
15.86
15.18
12.62
16.93
20.04
17.19
13.07
10.06
8.3
8.14
10.07
14.88
11.15
9.69
14.85
8.32
9.19
11.07
1.58
5.55
16.81
18.24
6.36
10.88
10.37
10.96
14.5
12.77
10.86
16.3
11.37
1.26
0.91
11.83
15.6
14.37
12.03
8.58
15.12
16.07
13.57
4.1
9.38
-6.97
9.67
11.64
17.43
15.27
12.98
10.04
3.39
5.15
13.13
17.14
5.35
7.72
15.5
15.4
8.21
15.42
15.18
12.63
17.85
18.79
14.04
-18.31
6.26
2.49
8.14
11.58
8.79
9.01
5.06
13.6
-0.53
11.53
6.09
8.25
12.76
13.3
6.98
10.18
12.76
17.2
14.68
9.33
13.91
17.42
15.12
5.27
3.23
-3.66
11.3
1.96
9.87
8.25
13.52
10.21
11.25
11.77
13.51
12.87
11.26
10.12
12.49
12.88
13.65
14.64
12.42
12.21
11.78
11.09
11.74
16.68
18.24
11.84
6.84
12.55
6.43
5.34
-10.24
3.75
6.59
6.75
10.02
12.85
12.83
11.22
16.22
16.53
12.37
9.77
15.68
13.2
11.85
9.76
3.04
11.19
13.35
14.2
15.7
17.35
16.94
15.04
9.31
10.82
6.79
3.19
5.29
3.26
9.8
13.29
12.45
11.51
16.55
10.73
9.17
10.66
-1.2
11.13
2.49
5.31
7.49
6.13
16.51
18.34
15.59
12.25
3.93
14.11
14.57
5.52
7.98
1.37
-5.14
12.31
12.17
7.89
5.81
14.52
19.08
18.96
13.45
-2.75
11.08
15.39
14.76
13.04
14.49
12.63
7.92
15
17.62
15.02
8.07
10.45
16.02
15.41
15.07
17.51
15.88
10.84
6.39
14.18
12.6
8.71
15.3
16.13
12.96
13.78
14.73
15.86
16.86
16.48
16.41
16.7
14.03
7.5
14.38
9.06
-16.83
4.4
12.2
13.37
14.31
17.2
18.09
13.46
7.48
10.75
6.45
3.58
8.77
8.01
2.28
8.66
10.73
5.04
-3.64
-11.66
5.93
13.12
11.31
2.34
11.24
13.65
14.13
16.06
16.9
13.8
12.56
10.82
9.52
13.01
14.44
13.18
11.83
8.74
9.6
10.67
8.97
14.63
16.14
17.31
15.26
14.45
19.43
16.73
11.76
12.55
9.9
11.36
16
17.22
18.61
17.67
14.79
5.42
5.57
3.77
10.66
13.44
13.7
9.47
6.41
13.73
12.41
11.99
15.24
19.15
21.27
19.61
15.67
14.19
15.04
13.2
7.54
7.78
8.62
-2.65
10.79
14.27
12.3
6.74
11.89
15.82
14.46
5.64
15.16
16.6
16.94
19.41
19.64
16.15
14.01
11.77
7.88
5.84
-6.7
2.95
4.92
10.97
13.25
14.87
16
14.16
15.54
14.7
3.16
12.87
12.1
4.55
-0.32
4.63
5.6
9.62
5.22
8.49
12.17
6.18
8.87
13.25
7.23
4.93
4.31
13.14
15.41
10.73
12.51
17.88
13.77
8.55
12.18
12.01
6.93
4.46
10.39
17.48
16.65
10.53
9.05
8.79
13.01
17.11
16.35
14.09
1.16
8.1
4.26
5.55
-5.05
3.98
11.1
7.92
12.81
19.75
21.03
15.58
11.78
7.43
-6.28
2.04
1.66
-12.68
5.24
12.66
15.63
17.74
17.43
13.91
7.94
-0.86
6.67
8.43
13.02
10.99
10.29
15.07
12.95
16.45
19.34
19.15
17.58
13.93
-2.86
9.49
3.67
12.84
12.91
11.98
13.33
12.88
12.98
13.79
2.75
13.13
17.23
15.67
14.84
15.75
10
9.4
10.36
5.31
9.7
15.09
13.46
8.3
13.62
16.46
17.24
9.53
3.82
-3.01
11.73
12.85
5.78
6.27
3.12
6.46
9.25
10.67
7.9
-1.23
8.96
14.78
14.42
13.06
10.07
9.13
11.42
3.74
15.51
17.09
12.91
-5.33
4.72
10.35
9.05
8.05
15.45
17.52
17.55
