9.29
9.36
8.33
9.37
6.85
1.74
15.34
16.93
12.47
11.65
10.96
0.83
-12.6
-5.76
10.67
14.5
13.06
10.71
7.68
-0.43
7.67
10.12
6.98
-4.56
-2.46
8.31
12.6
10.56
1.39
-3.27
6.51
12.79
10.76
11.97
7.36
-3.2
5.92
7.45
-1.33
-1.85
4.48
4.44
8.44
11.88
-14.88
13.53
13.06
2.82
2.32
5.11
-3.96
-0.97
9.11
6.01
-7.69
10.91
14.16
13.73
9.83
1.56
13.66
13.79
9.11
10.21
11.05
10.22
5.41
5.64
13.57
15.35
9.08
-5.2
-0.13
9.56
7.94
5.64
15.97
17.88
14.55
8.58
9.29
8.51
1.52
-1.32
9.79
11.3
8.82
8.07
11.48
12.15
11.04
12.09
9.76
0.37
10.08
11.59
8.07
6.37
5.6
9.62
13.52
12.7
8.79
7.41
-16.87
4.25
2.34
9.87
13.59
11.98
10.09
2.93
7.95
7.54
5.43
13.01
16.14
14.4
5.79
6.69
3.6
0.89
-0.18
-4.94
5.27
10.33
10.06
6.75
2.36
5.88
8.71
10.22
12.39
14.04
15.73
15.17
12.54
12.72
9.91
13.13
10.75
-0.27
12.39
11.18
8.31
7.59
4.63
7.08
3.22
1.5
8.62
7.6
13.38
16.7
14.81
11.17
6.93
0.53
5.71
10.66
8.42
7.61
12.19
14.27
10.12
6.23
2.51
3.15
3.56
9.04
6.91
5.63
8.88
13.71
15.17
14.33
13.85
7.9
3.49
9.56
11.34
9.58
3.84
0.44
8.33
14.2
11.49
2.13
6.51
13.76
13.93
10.73
15.49
15.18
13.52
12.24
11.11
8.69
4.78
14.09
15.54
8.96
-6.92
-2.54
2.72
11.84
14.73
13.45
5.14
9.52
12.28
6.89
-4.4
3.51
9.46
12.89
13.47
9.17
8.06
15.68
17.48
12.99
7.63
7.25
11.99
10.22
9.71
10.94
8.44
2.45
3.63
6.24
3.11
5.09
-9.25
-1.62
7.09
12.41
11.54
8.18
6.96
5.76
-7.54
1.14
2.34
10.81
16.58
18.31
12.63
8.3
12.22
6.06
-7
-11.94
-8.38
8.02
10.85
9.46
13.07
1.68
12.71
14.67
10.34
12.44
11.2
16.32
16.51
11.75
7.92
7.39
4.99
8.52
8.27
11.54
12.07
11.09
9.11
5.71
4.52
4.1
-3.51
11.69
7.21
15.03
17.37
12.42
5.9
7.71
11.1
5.25
8.99
9.48
8.26
7.43
6.22
4.65
-0.27
3.79
5.75
8.12
12.89
13.51
12.02
10.44
4.15
5.43
6.29
10.66
13.36
13.08
9.23
10.81
14.05
9.57
7.95
11.45
8.62
0.78
10.66
8.73
6.29
9.56
14.71
16.83
15.12
5.15
9.32
9.71
3.31
7.78
2.13
13.73
14.94
12.27
9.29
4.41
-0.34
-0.39
9.54
13.17
11.2
3.94
2.57
12.91
16.87
17.04
10.52
5.89
9.91
5.6
3.41
3.44
2.24
-3.62
11.23
9.83
-8.91
5.05
3.93
0.6
6.43
5
-1.09
1.53
5.22
9.53
13.03
12.77
9.5
10.12
9.32
8.46
8.27
10.22
11.71
7.6
-6.92
3.28
6.14
-3.72
2.1
3.97
10.65
9.33
8.19
12.36
8.64
9.22
7.61
-1.92
5.77
4.82
1.71
12.04
15.58
12.7
6.1
2.15
6.31
11.22
10.61
7.19
10.69
14.11
13.9
10.87
-2.27
5.74
9.52
11.99
12.05
12.29
5.35
6.02
8.9
13.43
15.48
9.65
5.39
10.65
0.07
-3.02
6.43
11.38
11.4
10.02
8.77
0.72
1.43
-12.43
1.14
4.26
13.5
12.06
3.51
4.85
9.08
9.43
9.91
11.4
12.02
9.37
10.6
9.74
13.9
9.96
5.98
12.15
11.2
9.94
7.02
3.19
9.86
10.32
2.23
3.54
-0.94
6.53
1.49
8.82
14.05
14.74
13.05
9.25
0.49
-1.14
6.85
4.14
3.33
8.72
10.15
9.39
12.52
14.92
15.71
12.72
3.41
-1.35
-2.44
11.33
8.5
9.44
15.77
16.86
14.78
13.04
14.99
12.71
-6.95
13.85
12.46
9.1
17.68
18.01
16.84
14.91
10.6
12.15
3.02
7.93
6.16
6.08
7.88
-2.71
1.31
-2.69
8.35
14.76
12.95
11.86
15.01
14.95
15.23
10.36
8.73
12.51
11.17
8.66
7.1
-2.6
11.08
8.87
-2.4
7.55
4.13
1.9
12.78
14.07
13.29
12.81
9.31
9.27
11.85
10.16
-13.54
12.56
14.46
14.25
14.67
16.2
16.01
12.19
9.38
7.77
5.63
5.69
6.68
-1.06
9.33
14.34
11.34
5.58
13.63
11.37
5.42
10.23
6.61
2.84
4.66
5.14
2.6
6.53
8.99
11.54
12.27
9.2
-4.7
-0.58
11.09
10.93
5.9
15.22
14.71
13.06
10.05
11.37
16.27
12.95
3.11
8.67
9.26
5.04
9.01
15.98
16.12
10.86
10.23
6.65
8.84
9.99
9.62
8.95
15.41
6.23
9.26
4.67
-1.62
1.58
9.74
15.52
19.72
20.55
17.13
10.16
11.08
9.05
9.41
11.59
-2.87
5.57
5.16
1.78
7.44
4.04
10.78
6.19
13.96
14.92
8.75
4.89
7.49
5.13
-0.65
14.9
17.18
8.1
9.53
14.2
14.45
13.52
10.03
5.56
6.96
5.49
6.27
6.76
7.26
5.27
8.15
7.22
2.43
1.42
6.15
-2.12
9.88
9.4
2.12
-0.07
7.4
1.31
9.56
12.53
9.6
-5.03
8.35
13.32
15.06
13.14
9.14
6.98
13.77
16.9
14.49
9.28
13.35
13.96
-0.21
8.25
10.28
10.36
11.41
14.43
14.3
12.27
9.51
4.59
-1.11
6.17
-9.44
9.78
11.17
3.24
10.44
13.04
14.42
10.4
0.46
3.29
10.77
13.5
15.22
13.68
13.62
13.59
10.3
3.49
-2.72
-1.8
-9.02
-1.61
6.04
5.26
2.57
-4.72
13.05
17.63
16.5
16.22
16.8
7.72
11.07
12.01
-4.1
10.89
13.85
11.5
14.98
15.1
11.35
6.31
14.48
13.73
3.23
2.04
11.54
12.74
12.36
8.67
11.68
12.74
11.86
8.74
7.21
5.95
6.69
6.06
9.06
11.32
6.76
4.38
13.05
12.75
4.57
5.75
7.02
12.18
3.69
8.71
7.61
7.39
12.93
14.15
14.95
13.14
10.76
13.24
13.66
12.77
14.59
12.22
9.81
9.74
9.24
4.81
1.69
6.23
9.86
15.14
17.34
14.46
8.74
1.21
-5.31
8.52
6.84
7.96
13.48
10.78
3.47
1.14
0.5
1.9
-9.84
12.16
13.87
8.24
-10.74
-2.35
3.08
9.96
8.75
11.05
3.73
6.55
3.57
4.2
9.2
9.67
5.79
7.33
12.87
13.78
18.02
15.31
3.88
12.05
18.86
22.69
19.6
20.79
26.42
28.66
27.6
19.77
13.83
3.24
18.64
21.79
19.96
21.11
24.2
26.82
28.42
24.81
13.6
21.06
26.97
25.82
17.23
-4.7
12.76
22.44
18.25
13.28
15
15.32
19.94
20.38
27.92
30.04
25.5
17.61
15.89
21.92
19.46
10.53
9.47
13.55
17.22
23.63
26.93
23.82
12.9
21.31
26.85
30.72
27.31
13.08
18.99
11.29
10.32
-3.37
10.01
12.08
22.54
23.51
19.23
16.23
23.48
22.91
18.23
14.97
10.1
5.53
14.28
21.77
26.21
24.37
11.42
24.9
26.91
28.29
25.87
18.5
18.31
21.31
20.06
16.89
8.53
18.29
24.25
27.01
25.67
22.71
22.6
25.92
25.62
14.6
21.41
19.79
11.93
14.77
17.33
20.22
20.31
19.78
21
18.6
5.49
15.5
17.88
20
18.28
17.96
21.44
16.87
9.35
10.87
20.17
22.57
18.51
26.37
24.32
18.91
14.67
9.64
16.88
20.62
16.84
12.04
20.3
28.99
28.14
23.58
19.11
26.39
31.23
28.99
22.94
17.79
10.43
8.96
15.09
14.79
16.61
15.23
6.4
20.1
25.69
22.97
12.34
1.35
16.79
19.87
11.06
21.14
24.35
18.42
6.24
20.32
27.74
29.72
27.05
21.04
17.86
18.44
11.72
6.11
12.32
23.59
23.03
16.44
18.4
18.88
16.93
14.72
22.35
11.61
23.18
26.48
26.77
22.81
24.21
22.7
19.09
21.16
7.06
15.18
27.02
28.11
26.69
22.63
4.53
18.14
19.34
12.31
20.77
21.09
22.26
24.04
26.21
28.7
28.39
27.39
25.01
26.54
27.42
24.99
20.51
13.48
9.8
5.53
15.28
20.91
22.07
22.18
23.97
23.06
25.18
23.99
18.76
9.84
7.34
21.36
24.73
23.82
24.36
21.06
12.58
17.34
17.13
10.25
22.82
21.57
17.36
14.53
15.23
6.09
14.61
19.54
15.05
21.61
25.76
24.02
18.78
22.25
24.55
20.69
10.82
20.28
20.49
16.74
26.7
23.52
15.16
21.73
22.97
18.83
18.59
16.25
12.47
17.63
12.04
24.06
26.3
23.95
22.04
20.94
18.71
17.89
21.06
24.08
23.95
18.9
15.76
23.98
21.67
7.05
15.04
18.97
15.96
18.61
21.13
12.69
12.66
24.88
28.52
24.47
17.53
15.61
8.07
13.79
19.3
17.78
16.86
13.27
14.58
23.72
25.41
23.21
20.81
22.23
25.83
26.58
25.89
21.53
13.17
-1.65
20.14
23.81
22.77
18.16
-1.56
16.78
24.01
29.08
27.32
19.7
10.07
10.15
11.77
14.11
16.01
14.55
11.17
16.11
16.21
8.84
7.55
16.08
18.88
17.47
15.89
12.18
13.87
19.3
17.87
18.41
17.48
9.57
9.77
10.45
6.62
10.84
2.15
11.61
18.67
20.76
22.47
22.87
18.93
14.86
19.14
19.9
18.99
23.45
22.83
13.36
13.43
16.17
14.21
-9.27
10.9
17.83
15.18
8.65
8.45
13.3
11.9
10.78
11.66
12.2
10.16
11.4
11.81
14.4
10.24
12.57
19.13
18.95
15.66
12.76
16.99
19.21
18.76
6.12
14.33
14.9
8.89
14.9
17.26
16.02
13.18
9.79
-9.47
9.53
13.4
17.42
17.05
10.01
-0.26
13.8
16
18.37
7.97
20.36
25.23
23.78
14.61
17.25
20.21
11.84
17.84
20.09
10.21
16.5
16.06
15.29
11.98
19.64
23.03
20.73
22.33
25.43
26.95
26.81
21.68
11.71
20.5
22.5
20.66
13.16
13.11
16.15
21.22
22.23
21.86
20.58
18.12
19.05
21
25.22
23.35
22.54
20.41
8.84
23.09
24.44
15.71
14.77
17.84
16.62
18.06
16.27
17.01
24.11
21.34
4.92
7.36
12.87
14.27
9.95
12.12
13.71
22.09
22.74
21.1
19.45
20.36
19.25
22.5
24.48
24.42
25.81
23.59
25.55
15.79
23.25
23.71
18.4
18.76
13.82
17.03
23.58
26.04
22.31
17.22
13.21
19.94
17.33
11.32
15.69
24.37
24.13
24.12
29.25
26.14
16.47
21.29
12.23
17.59
18.93
21.36
22.23
21.1
18.86
20.67
16.56
23.66
26.95
26.06
20.7
20.72
25.05
27.03
27.43
24.05
17.22
14.01
20.17
7.63
25.18
27.45
22.83
11.23
20.76
18.37
6.8
16.97
14.53
16.91
24.74
25.72
23.77
8.21
16.94
13.23
12.48
17.07
17.64
12.94
4.3
13.1
12.97
19.93
26.67
22.05
9.45
18.45
21.17
23.29
23.77
22.41
20.57
22.41
20.34
21.8
24.77
25.8
22.66
18.01
21.47
22.92
8.22
23.9
21.6
12.92
15.66
18.32
23.81
23.57
21.55
23.49
26.03
23.5
16.91
7.45
9.53
1.93
22.17
23.31
13.76
15.35
21.43
25.54
23.36
13.59
11.38
16.94
15.4
16.9
22.28
23.05
16.86
15.65
24.96
23.63
9.97
20.34
13.68
-3.2
19.79
21.86
21.86
18.79
11.67
13.85
18.89
19.79
20.91
26.17
24.77
17.53
19.7
20.33
21.44
21.81
21.41
15.31
16.41
17.99
13.82
21.27
23.41
18.82
19.22
14.5
24.75
25.63
22.1
22.17
21.73
17.16
9.37
21.17
21.18
19.22
15.77
16.09
8.91
15.78
18.59
12.76
9.23
20.97
23.78
22.41
22.41
23.63
21.17
12.94
20.16
24.64
22.08
8.57
14.72
16.92
11.3
16.64
19.71
18.85
17.46
11.2
8.79
13.79
15.32
19.31
18.35
11.96
9.61
16.54
15.07
7.87
7.31
14.33
20.68
16.42
16.07
21.03
13.82
14.99
20.88
17.08
22.15
26.3
24.32
15.54
9
15.84
12.24
15.56
7.06
22.69
26.63
24.74
14.09
12.37
13.28
15.79
18.27
17.42
15.88
7.95
5.1
17.2
23.04
20.99
0.52
15.71
21.54
26.39
26.34
22.59
13.96
13.27
7.69
17.23
18.45
18.17
17.51
12.2
10.89
13.24
19.7
20.47
13.33
14.12
18.9
17.7
2.3
14.69
15.45
9.98
2.04
11.38
17.77
18.51
18.65
17.89
14.89
17.31
16.07
2.15
9.48
18.11
21.37
21.16
17.89
17.27
7.84
19.09
19.52
1.08
20.16
21.25
16.05
-6.32
13.41
12.36
3.5
9.6
13.48
15.51
13.86
7.51
20.22
22.02
21.33
21.48
18.58
2.49
20.43
24.04
21.61
18.99
20.59
18.49
16.34
17.92
20.58
18.36
8.83
-0.52
11.98
16.9
8.81
16.77
17.45
14.47
18.75
14.87
5.85
15.34
13.26
14.18
17.58
19.47
4.87
21.4
26.08
25.2
10.53
17.63
17.59
22.09
24.53
20.5
22.48
20.14
3.34
15.14
17.41
22.35
21.32
18.04
22.72
19.14
16.3
15.09
19.16
19.04
13.17
8.23
18.98
22.72
18.54
13.11
21.05
24.39
23.98
19.77
17.96
22.43
19.59
20.36
21.89
20.56
18.75
19.59
20.84
13.11
13.35
4.87
17.62
25.11
26.24
24.1
20.67
16.43
8.07
6.07
10.07
16.76
24.19
25.7
23.53
22.55
22.42
16.48
6.92
16.22
19.92
19.33
22.04
25.32
19.28
21.56
23.82
21.74
19.25
23.35
21.16
11.66
10.55
8.86
13.02
15.05
19.21
19.84
4.35
6.48
19.07
21.01
19.03
17.7
16.52
23.46
25.73
21.47
11.28
20.48
21.97
20.46
12.23
12.68
10.47
17.88
20.75
16.12
16.57
18.34
21.49
25.11
23.94
19.12
18.69
12.08
19.86
18.74
15.24
13.71
7.45
2.59
13.62
8.62
6.57
15.46
16.5
17.84
18.53
18.01
13.16
23.58
24.31
22.67
14.98
18.69
19.23
17.2
18.07
16.33
21.17
25.2
26.9
30.75
27.92
22.67
24.66
24.25
22.12
20.16
19.1
24.32
30.19
31.67
24.66
14.78
21.68
19.06
12.47
15.58
21.77
22.74
25.24
29.35
25.08
17.1
24.95
30.22
26.72
19.83
18.84
20.93
17.15
19.1
17.31
13.8
22.18
23.78
13.48
22.36
20.17
9.98
15.48
21.46
23.35
18.76
15.75
29.13
40.84
43.95
38.02
18.43
19.78
19.63
21.19
24.31
23.1
19.4
10.87
15.38
12.05
12.14
18.17
17.63
6.26
11.93
15.47
17.43
18.79
20.83
20.23
19.5
18.58
10.86
13.05
24.22
40.59
45.53
41.31
21.75
22.04
19.96
22.91
23.74
20.14
22.61
27.82
27.66
23.32
13
19.24
25.5
22.65
15.34
22.74
24.8
26.55
25.96
22.92
23.96
21.97
17.81
15.06
7.99
7.64
15.97
12.78
10.59
-3.65
19.21
19.79
18.41
17.59
16.34
15.77
9.16
13.42
8.33
17.92
18.77
22.18
24.67
20.25
23.85
26.19
23.9
22.62
26.17
36.75
41.9
39.12
27.29
17.08
22.49
14.07
22.74
26.56
29.3
26.93
22.02
26.85
23.05
17.1
-4.31
4.63
16.71
17.55
22.25
27.84
28.46
24.73
16.41
24.15
24.26
21.46
23.28
24.47
21.67
22.3
39.75
45.31
42.16
30.47
24.77
27.42
25.84
8.11
23.44
22.71
22.1
24.03
22.7
18.78
17.47
10.51
22.38
22.85
21.02
19.57
16.66
15.36
17.93
18.38
8.4
7.36
13.45
13.23
11.73
19.01
24.04
28.46
27.42
17.37
19.21
21.81
17
21.91
23.54
24.18
21.66
14.33
18.48
9.66
20.2
25.73
27.96
25.83
20.55
15.33
34.87
44.84
45.17
35.87
12.76
25.18
27.57
28.99
24.18
17.21
20.43
17.64
10.54
14.64
14.42
12.94
12.06
-2.87
12.4
16.92
9.41
23.09
24.99
21.65
11.95
16.78
11.54
20.86
19.13
20.9
22.4
23.8
25.03
22.71
21.23
25.43
28.83
25.6
23.22
25.77
26.01
22.6
18.7
16.34
4.01
23.73
27.29
17.32
17.76
14.16
18.22
20.08
22.39
23.67
22.1
24.67
19.95
14.07
19.5
22.44
27.24
27.72
29.79
17.81
20.26
20.19
28.29
25.48
7.59
11.9
16.23
21.42
27.98
36.58
38.82
33.78
28.7
17.99
27.01
28.55
27.12
29.47
23.61
28.42
37.71
37.69
25.16
26.51
31.52
31.51
14.44
35.66
43.67
42.78
31.29
22.89
23.26
27.08
26.99
24.66
23.54
24.71
23.86
30.11
33.71
32.22
29.86
28.05
28.83
25.83
28.07
22.44
18.12
24.7
26.28
25.73
30.31
28.77
24.3
21.68
19.31
21.8
29.97
29.46
25.89
30.87
27.29
19.79
23
27.15
20.3
15.86
25.03
27.6
20.11
21.79
10.45
24.09
22.72
16.69
19.96
25.13
34.59
29.58
16.97
9.49
24.7
21.94
9.65
31.94
43.2
49.11
47.6
37.18
30.25
30.45
24.11
25.62
29.76
30.62
22.85
39.16
47.77
45.85
33.71
20.8
25.16
19.78
22.07
27.48
33.7
31.18
28.12
26.54
18.1
23.73
28.91
22.99
10.3
21.43
29.87
26.59
23.78
23.81
21.87
17.37
23.13
23.18
27.15
28.64
26.01
23.89
29.49
28.86
21.45
16.68
15.28
14.46
13.98
23.41
26.88
7.12
29.83
32.71
30.7
24
31.37
28.78
21.52
12.02
31.71
33.45
28.93
20.32
31.62
31.33
28.01
30.16
20.57
29.59
28.39
23.13
31.81
27.13
24.2
22.64
28.11
32.22
30.51
20.29
22.34
25.57
24.82
31.33
19.63
28.2
22.33
20.63
23.66
23.32
18.23
19.46
16.24
26.45
29.13
21.95
27.09
22.9
13.25
23.24
17.83
28.29
25.08
20.27
24.14
32.17
33.92
22.47
26.82
25.96
17.07
11.32
22.44
29.42
28.88
17.12
23.33
24.36
26.28
23.79
16.61
13.86
28.39
29.04
10.5
28.59
28.85
25.26
23.91
29.74
32.95
30.62
16.71
20.1
27.42
25.08
16.74
26.51
27.05
26.74
26.53
2.39
24.14
21.78
25.93
19.94
20.87
18.38
15.69
22.05
20.43
25.69
29.88
27.17
25.31
25.5
19.78
21.63
28.3
24.7
16.3
24.87
28.81
12.14
26.77
13.44
25.01
26.59
31.48
30.87
23.08
13.86
17.23
26.86
32.07
27.22
23.03
29.41
25.8
22.88
27.33
23.42
17.41
23.35
26.12
21.29
24.6
24.82
20.15
16.07
24.03
27.7
22.1
20.94
23.78
21.41
24.76
25.4
17.67
19.93
26.41
27.93
27.65
22.1
23.09
17.94
13.49
24.6
23.1
8.77
20.69
22.74
24.37
17.78
-0.52
17.62
24.95
24.96
15.09
16.57
19.88
23.49
26.63
27.05
25.58
25.13
21.6
11.63
4.45
10.11
9.98
18.03
27.38
24.99
13.58
15.78
16.13
11.15
18.7
21.63
24.01
20.61
26.86
26.44
21.89
22.75
11.24
11.77
11.73
6.91
14.35
13.94
13.41
14.7
4.42
11.61
17.68
20.82
24.6
23.58
24.33
25.84
21.48
17.93
24.5
24.03
13.89
19.85
15.79
23.54
24.68
20.24
18.58
13.24
22.89
22.86
23.37
26.12
21.56
21.45
25.42
24.2
19.83
18.5
14.54
21.76
21.55
11.12
21.9
24.36
22.4
20.19
18.95
12.74
16.41
13.5
19.67
18.86
17.09
15.68
6.69
16.27
15.88
10.44
15.18
17.88
13.88
10.04
1.12
14.65
21.16
31.44
31.9
33.02
29.74
20.8
24.46
27.01
26.91
25.6
28.66
28.37
20.35
23.82
31.51
31.32
26.97
26.78
26.8
22.65
27.92
30.71
26.87
28.56
26.23
14.15
21.76
27.22
26.42
27.35
25.75
21.41
28.27
30.37
28.58
21.56
21.84
26.4
26.96
28.09
30.19
30.99
21
24.34
30.98
33.54
33.6
32.81
32.52
26.08
22.46
26.16
28.71
28.79
25.53
22.59
23.63
22.06
22.5
30.56
32.17
29.92
28.67
26.22
22.43
24.94
28.15
27.84
26.77
20.08
24.95
32.27
33.64
32.57
30.51
27.92
21.57
27.1
31.95
28.61
33.98
31.11
27.83
30.2
31.72
33.19
29.91
24.29
31.01
31.11
31.08
31.28
31.11
28.33
21.14
25.34
30.55
31.99
32.56
32.94
31.98
28.86
25.28
29.88
30.38
27.63
29.04
28.45
19.37
29.2
31.6
31.37
29.89
23.9
21.4
29.87
31.13
30.56
29.84
27.21
27.24
28.21
23.97
25.03
20.21
11.21
19.75
17.17
20.03
26.59
29.26
26.8
18.34
24.54
24.48
21.54
29.61
31.82
28.55
23.97
20.31
22.27
25.65
28.57
31.4
30.9
27.69
13.86
24.95
28.72
27.56
24.68
15.67
10.54
5.05
19.17
28.44
30.78
28.96
17.64
25.06
31.31
32.48
30.77
25
14.72
20.49
24.71
25.83
20.24
19.65
24.64
26.14
27.07
27.99
24.58
20.61
13.23
20.34
26.78
27.83
27.06
26.83
24.91
16.88
21.68
30.05
31.61
29.39
27.17
27.42
21.03
20.06
24.37
23.02
16.8
22.54
21.37
25.31
28.86
27.49
20.54
19.96
25.49
26.62
26.24
28.39
27.01
26.98
24.12
16.56
24.55
27.82
27.32
23.02
24.64
27.55
26.49
22.76
13.51
20.97
25.13
22.46
11.34
20.54
24.2
24.09
22.38
18.09
16.88
19.7
21.83
24.33
23.73
22.47
24.82
19.74
11.26
14.81
11.17
20.1
16.34
6.62
23.02
26.72
25.94
23.48
20.5
12.74
21.87
27.95
26.88
24.3
15.7
20.27
24.54
25.17
23.35
26.02
20.75
20.99
26.8
28.37
26.17
23.13
21.41
20.18
20.03
18.14
21.69
21.86
18.88
13.49
19.59
23.19
20.7
17.36
17.78
23.65
22.99
-1.89
24.02
27.81
26.72
23.67
26.07
25.61
22.3
18.48
20.8
24.72
24.67
23.69
18.02
21.5
23.92
21.01
15.03
15.88
18.58
11.56
16.87
14.58
8.57
14.14
14.75
19.72
21.19
19.07
17.3
22.04
23.03
22.41
12.59
18.15
22.12
24.07
25.53
25.84
26.86
25.21
16.7
18.68
22.3
20.71
17.37
12.39
15.27
17.47
19.53
22.3
19.75
17.2
18.28
21.9
21
19
16.83
20.89
20.56
23.04
19.33
5.22
12.7
20.22
21.71
21.12
22.35
20.41
11.93
8.02
16.91
13.91
20.04
19.63
22.09
27.03
26.49
22.78
6.99
18.07
19.18
20.15
22.25
20.11
13.48
22.34
25.35
23.6
21.92
21.98
17.66
22.37
22.29
23.04
23.3
18.04
18.31
16.3
15.14
17.71
15.95
19.42
8.72
15.48
17.71
14.18
13.7
23.68
24.71
25.72
26.92
24.57
15.57
16.62
21.71
21.71
19.91
17.81
18.92
17
11.32
19.74
9.53
21.21
22.63
21.31
22.11
18.04
0.57
15.8
11.68
21.81
22.24
23.89
25.91
25.39
25.89
27.07
22.3
23.13
24.1
21.1
12.93
16.7
18.63
23.61
26.13
20.08
23.23
23.15
20.75
15.77
18.1
23.48
20.56
13.84
21.84
24.54
24.6
21.63
17.78
19.79
22.93
28.32
30.19
27.43
26.75
25
19.74
23.96
22.97
14.75
20.01
20.38
23.84
25.48
25.89
24.51
16.43
25.66
25.47
24.93
24.44
19.99
21.86
20.39
18.56
17.72
14.46
17.77
17.52
20.11
19.45
19.21
5.1
16.19
17.36
6.75
11.25
15.54
23.05
21.68
19.81
23.47
24.46
19.37
19.72
23.04
23.63
17.84
14.81
21.41
25.16
21.07
7.63
15.15
21.31
23.55
25.08
25.06
20.63
17.33
20.48
21.38
20.35
15.67
19.8
22.4
20.69
19.04
20.88
22.63
23.82
24.06
20.18
13.29
13.69
16.72
21.81
24.34
11.97
23.2
26.2
28.83
25.13
20.92
21.23
18.15
21
20.38
11.97
14.72
8.58
14.77
20.9
22.12
19.68
21.3
23.38
22.53
22.43
27.83
29.49
25.01
11.12
29.57
37.03
33.83
16.19
14.54
12.15
20.77
23.62
23.89
20.03
23.54
27.83
26.13
25.46
26.85
25.49
20.89
18.28
19.72
19.72
16.71
21.75
21.66
24.84
27.87
25.12
13.1
22.68
25.24
22.7
25.9
28.99
29.71
26.4
21.12
14.47
6.34
20.58
23.42
21.22
21.62
23.45
21.08
18.14
19.58
21.4
26.85
28.85
25.51
19.37
24.54
28.46
26.58
20.51
17.97
20.19
20.96
24.19
26.01
25.54
27.29
28.53
23.18
15.99
22.64
20.06
8.66
25.91
28.63
25.34
23.22
25.93
25.29
6.41
27.05
27.41
16.85
22.22
22.3
20.41
15.66
16.54
17.6
9.88
21.06
21.84
17.08
16.12
2.28
20.01
18.03
19.13
20.05
13.85
16.8
23.11
23.5
18.75
22.81
25.42
24.67
20.27
16.26
2.99
14.53
19.85
21.77
23.03
24.97
26.63
26.67
25.1
23.88
21.37
17.88
18.46
22.16
22.76
22.33
22.18
20.52
18.02
18.73
18.62
20.2
24.74
23.63
6.73
23.96
24.32
8.25
15.36
21.31
22.43
22.16
23.53
22.35
13.51
9.63
21.6
24.43
12.08
17.31
17.59
21.04
22.48
22.24
21.71
13.59
15.9
11.6
6.37
16.78
20.17
20.11
19.34
20.57
18.67
7.91
19.8
25.49
24.75
17.58
18.51
18.04
8.66
0.95
18.41
22.17
20.69
22.02
21.02
10.94
14.58
19.58
20.01
18.91
21.81
21.56
15.28
17.23
18.47
14.85
18.18
22.35
23.71
21.82
14.62
20.98
25.57
26.26
23.35
15.81
15.31
20.96
20.07
13.05
-6.88
3.97
14.37
21.32
22.29
21.34
23.48
24.41
21.53
17.93
10.76
14.83
15.82
14.03
10.01
13.41
6.68
20.28
19.32
16.12
16.83
20.94
22.48
22.97
20.28
13.22
2.66
13.25
22.73
23.21
1.61
21.48
16.75
17.08
21.39
16.74
17.2
17.66
0.1
16.24
9.64
13.48
14.83
-9.12
19.52
22.93
20.62
20.36
19.23
9.02
18.39
7.72
20.62
17.02
20.88
22.51
20.9
18.73
11.53
12.17
16.04
17.04
7.62
3.77
13.39
14
14.94
20.38
19.24
16.74
13
15.72
6.91
10.4
16.58
19.86
22.18
19.49
11.9
11.9
17.65
14.64
12.44
14.14
15.58
12.15
10.32
13.93
11.93
2.61
6.64
15.16
16.19
13.15
9.48
6.7
14.95
12.27
5.98
11.37
19.96
18.32
9.1
15.1
14.21
2.62
16.87
19.47
16.3
13.45
17.49
12.01
-1.1
13.9
17.02
18.9
17.85
10.62
9.44
15.52
18.47
18.46
18.79
17.54
14.24
16.44
14.35
18.94
17.82
9.59
11.89
18.19
17.74
16.67
16.36
18.27
20.38
15.84
12.65
12.06
17.28
20.55
19.62
18.32
17.75
14.29
13.47
15.27
15.37
14.11
18.54
19
6.64
13.26
16.78
9.54
10.14
17.73
13.52
15.99
18.24
7.95
12.51
14.56
11.48
11.19
10.85
4.74
11.02
11.01
9.58
18.82
19.64
2.45
19.51
19.75
11.15
16.27
18.1
21.03
18.71
13.81
17.99
16.48
7.21
13.72
20.11
17.38
7.45
11.9
15.94
14.98
16.97
19.67
20.71
18.12
10.48
12.64
16.21
17.71
17.27
15.19
10.4
7.56
12.19
13.73
13.23
17.11
19.7
17.56
-0.44
14.68
15.21
12.94
15.23
17.7
19.92
19.74
14.02
6.58
-1.62
9.46
12.73
12.5
-2.7
8.02
8.71
12.57
9.45
20.1
19.69
12.06
11.43
18.46
17.79
4.29
14.93
13.6
1.35
10
14.89
17.85
9.69
16.82
18.83
15.35
13.35
11.42
5.1
11.34
8.42
5.25
8.18
11.33
14.1
17.46
15.93
-2.3
7.69
16.23
14.92
7.1
15.94
17.72
18.49
11.42
9.68
12.42
7.23
4.96
8.28
10.29
13.4
16.99
14.51
11.58
10.91
9.33
9.16
10.5
14.98
16.17
12.6
9.35
14.59
15.94
12.02
1.71
15.32
18.14
18.59
20.94
24.14
23.41
11.86
11.98
12.24
13.49
19.93
18.7
9.5
14.69
18.13
9.62
8.31
11.89
20.56
23.48
22.99
20.48
14.18
14.23
19.67
21.1
20.19
16.95
11.51
17.23
21.41
17.36
12.74
18.61
20.36
18.14
15.48
14.47
13.23
12.9
13.27
3.61
14.28
19.12
18.57
15.3
12.3
13.98
15.9
19.39
18.43
15.43
15.98
20.04
21.88
20.3
19.28
18.61
20.94
19.75
20.62
20.08
6.64
13.7
6.8
13.69
13.89
19.99
21.92
13.54
21.32
25.16
19.64
11.02
17.34
19.45
20.28
20.33
19.72
16.51
17.43
20.38
22.9
22.89
18.5
12.11
18.23
19.5
19.06
14.01
12.29
15.68
16.89
15.83
14.29
17.81
18.9
17.14
18.64
18.13
18.6
20.86
15.82
2.46
12.93
14.73
6.62
13.64
7.83
13.85
15.35
15.88
15.49
14.65
19.95
18.93
15.45
9.5
12.4
18.64
17.34
15.14
13.97
14.92
15.79
15.16
1.05
13.94
14.73
8.38
9.42
17.71
18.91
12.84
2.57
11.72
11.62
7.38
8.44
16.21
13.63
-0.02
16.53
18.5
17.1
13.2
15.3
14.56
12.27
9.69
14.13
17.04
15.02
14.43
-1.89
16.05
9.87
15.36
15.7
9.52
4.82
7.47
16.1
18.83
20.22
19.1
18.41
12.47
7.97
9.73
26.6
28.05
24.37
17.05
18.79
20.69
18.26
13.64
14.45
21.49
25.26
24.86
22.21
15.25
9.75
13.71
17.75
13.52
14.64
17.1
14.75
12.97
6.25
15.87
20.84
21.99
20.9
17.64
7.12
12.12
8.83
16.41
21.53
19.73
20.35
21.71
20.86
19.73
21.37
21.49
19.75
14.24
13.78
13.12
12.62
14.65
14.1
12.04
-1.57
13.58
14.82
15.68
-3.04
18.4
19.28
3.93
10.08
-3.79
7.95
10.56
16.8
10.11
12.69
16.33
15.91
19.95
21.5
14.37
21.28
23.95
21.1
16.54
18.86
19.19
20.86
21.36
21.12
14.66
13.14
17.15
9.01
4.03
9.23
18.33
20.31
19.73
21.83
20.72
15.08
-3.23
11.37
5.87
9.86
8.39
6.3
16.07
16.57
11.45
2.6
7.98
12.8
9.47
-7.35
14.2
16.3
14.12
13.57
14.13
10.91
11.73
20.25
20.39
21.38
16.03
13.98
13.6
15.85
17.09
14.44
14.38
8.4
11.54
18.52
21.76
21.83
20.98
17.46
7.53
-0.33
11.47
19.33
14.89
13.57
19.9
16.81
14.26
11.8
10.64
14.23
18.37
20.18
16.78
10.31
16.94
15.28
15.42
16.6
19.52
9.5
17.09
21.98
20.67
15.49
11.58
16.41
15.95
19.14
18.96
5.32
16.89
20.08
19.24
19.86
21.09
16.71
13.41
11.6
12.92
15.07
15.04
8.05
17.35
20.72
23.3
22.2
16.26
11.09
12.13
18.68
21.65
19.66
14.13
0.27
7.5
17.96
18.42
14.64
9.63
20.32
20.53
14.11
15.07
12.94
17.49
17.9
9.27
8.29
8.57
14.61
18.4
16.64
12.5
9.8
-2.74
17.1
19.28
17.06
15.46
12.71
4.58
12.37
15.77
12.56
4.75
10.13
15.41
17.21
12.86
17.77
18.38
15.44
18.33
14.72
11.5
17.01
14.71
11.94
19.29
21.44
18.11
14.54
8.73
9.9
19.28
16.88
12.42
18.33
15.15
15.1
18.04
20.96
19.2
13.02
16.59
18.57
19.43
16.58
6.61
15.19
12.26
9.52
16.68
17.21
7.19
13.87
15.45
9.64
10.35
12.83
16.32
18.06
18.79
18.76
18.37
11.86
14.64
16.64
11.33
9.63
9.85
3.6
8.91
6.88
15.64
15.73
6.06
13.1
13.94
15.1
13.94
6.85
6.58
9.28
12
13.26
5.07
20.76
22
14.67
15.72
17.76
5.56
11.61
14.86
12.67
11.49
13.94
4.85
11.78
14.98
17.06
18.5
17.33
16.78
20.7
20.69
14.78
15.53
7.85
9.11
16.43
18.29
3.41
15.02
15.36
13.35
11.31
11.51
14.49
14.21
16.34
14.2
6.97
11.8
17.41
12.62
12.22
17.18
16.3
9.61
8.75
13.18
17.69
16.08
18.33
15.32
11.88
10.05
11.09
9.51
9.52
15.86
22.92
25.22
22.13
10.86
18.6
21.12
14.63
18.47
18.7
12.44
9.39
13.9
16.26
10.73
10.95
12.89
0.9
-0.1
11.05
-0.22
13.33
14.03
22.11
22
17.08
12.6
6.33
15.46
19.06
20.02
12.67
8.64
9.17
19.21
19.71
10.86
17.47
22.34
19.54
11.82
14.92
9.08
9.76
17.06
14.03
14.17
18.82
17.34
8.04
11.8
18.13
15.1
13.01
16.08
11.25
21.54
21.56
16.77
15.16
15.14
8.09
-1.23
10.33
11.02
12.43
13.71
5.57
15.48
15.76
-5.92
10.95
8.51
12.2
13.2
11.88
13.22
9.76
7.95
12.13
-4.33
18.77
22.68
21.48
17.45
10.9
15.35
19.62
15.63
9.36
13.14
11.76
3.42
14.67
19.37
18.25
13.1
14.76
16.16
14.61
10.28
8.32
14.47
13.48
11.93
9.82
5.86
11.49
9.03
7.13
1.33
4.4
-1.7
1.75
3.54
3.27
11.4
9.98
9.82
15.04
18.51
16.67
12.24
12.36
12.77
11.33
8.56
9.02
9.01
15.04
8.58
13.77
19.18
15.27
9.64
4.57
4.63
13.55
19.26
15.22
12.4
17.23
15.63
12.21
-11.01
-7.62
4.59
4.76
0.42
8.67
16.37
17.57
8.79
-2.52
10.69
15.91
12.77
1.73
10.11
14.81
15.71
14.89
16.68
15.37
3.4
7.29
14.29
14.39
13.19
11.72
14.23
17.79
16.63
1.67
10.02
10.89
3.93
15
16.74
12.96
9.3
13.56
17.2
9.55
12.9
12.13
7.23
4.74
6.66
9.42
8.52
2.79
15.86
20.62
19.86
20.91
22.74
19.23
6.22
6.05
9.28
10.93
6.3
-0.85
12.84
18.5
14.15
2.31
-6.82
-10.85
10.19
10.05
5.31
0.75
6.12
11.68
9.17
15.35
16.37
18.88
20.58
18.66
12.72
8.26
13.92
10.5
12.18
15.06
13.54
15.97
19
17.45
4.63
6.8
10.25
13.36
15.31
14.08
8.75
17.69
14.42
11.16
6.02
14.98
17.05
18.8
18.35
16.02
19.86
18.36
10.61
10.66
13.62
7.8
8.13
2.01
10.04
17.06
11.93
7.45
16.18
16.93
9.5
6.88
4.29
5.29
5.52
4.84
11.05
8.81
1.07
5.8
10.9
11.96
16.94
15.2
7.64
10.05
14.85
14.57
11.99
16.47
16.24
12.1
12.2
13.71
15.44
19.72
23.09
20.86
12.75
1.18
11.49
12.97
4.01
11.86
9.29
15.48
8.6
3.22
11.57
13.73
13.78
9.55
7.03
10.97
11.64
19.23
18.03
11.47
8.57
13.94
14.24
12
10.28
15.25
16.7
14.37
17.33
8.79
13.7
10.8
13.07
14.61
12.8
6.94
-3.64
12.56
18.79
18.31
15.81
22.92
15.39
17.72
17.24
7.17
13.08
11.23
15.06
17.35
15.32
12.12
8.11
-1.91
8.09
8.45
12
16.14
9.51
3.49
16.27
17.82
9.94
15.39
12.03
14.18
19.46
17.87
18.17
13.72
11.27
16.58
6.46
15.84
17.03
19.89
17.04
14.86
13.65
8.64
9.61
14.99
17.5
14.33
16.31
14.02
4.47
10.82
1.97
12.83
17.75
11.84
15.94
20.86
17.65
-0.12
6.18
8.18
7.66
14
15.28
15.08
13.41
11.8
14.37
9.84
9.81
15.35
14.08
16.67
14
14.45
16.78
11.36
14.87
9.74
3.91
12.13
15.68
9.73
7.51
-5.77
6.99
8.34
16.58
17.47
7.56
8.58
14.77
17.94
11.94
18.14
16.58
18.88
19.75
14.77
11.91
8.3
15
20.65
20.7
12.6
1.67
2.97
13.17
9.1
17.97
18.24
-2.68
17.27
19.23
15.74
11.26
12.68
16.39
17.9
12.63
3.36
-3.02
6.14
11.9
18.02
13.99
16.48
14.91
12.5
15.72
17.66
14.57
5.25
5.04
9.62
0.1
5.66
-2.04
7.02
7.58
14.18
13.92
9.79
5.98
9.14
13.5
16.83
14.55
14.81
11.3
2.52
12.52
14.62
5.14
3.24
9.69
14.08
12.76
13.52
9.74
13.69
15.04
11.26
16.67
16.05
14.21
13.65
17.78
16.89
2.38
11.32
10.57
11.87
1.12
10.02
16.98
19.27
17.85
16.91
16.32
7.96
1.61
10.5
12.61
8.79
-5.5
12.85
16.95
16.5
16.3
14.26
18.01
18.16
10.29
9.39
3.7
12.36
10.7
7.2
-11.35
12.34
12.85
15.49
19.07
16.33
7
7.97
14.74
14.08
-7.01
11.47
13.25
15.56
7.39
11.92
13.52
9.93
7.34
6.66
8.74
10.09
8.25
-16.16
11.25
18.65
20.47
17.08
13.5
4.03
9.44
11.82
-5.81
13.16
12.15
5.57
11.74
11.62
14.05
17.31
12.69
12.49
15.62
7.42
9.85
12.66
10.28
11.56
14.13
16.87
15.46
13.36
14.45
13.6
9.14
9.29
2.49
7.91
6.71
7.24
11.57
12.94
13.04
11.5
8.34
12.18
13.08
12.78
7.88
7.41
12.44
16.93
18.16
15.36
9.69
-2.16
12.91
16.27
15.24
7.28
8.61
11.12
16.09
16.82
14.68
6.34
7.1
15.06
14.24
8.41
14.78
12.42
11.04
11.39
14.82
15.53
9.58
4.08
15.13
17.38
15.32
13.22
13.18
8.93
9.71
9.73
10.75
9.77
11.69
16.99
16.19
11.87
2.8
10.41
14.31
10.5
4.52
2.06
11.53
13.67
15.73
11.14
-4.12
6.35
7.51
4.63
-0.16
-7.95
7.02
7.97
-1.79
6.24
1.52
8.54
4.74
9.36
12.87
7.04
11.02
19
16.85
12.14
13.45
13.97
9.17
9.52
5.29
-5.61
4.29
1
14.18
16.38
14.17
14.83
15.59
12.33
7.73
14.96
15.92
6.88
8.78
8.84
6.28
12.47
15.31
13.15
12.91
12.06
7.4
11.73
12.28
6.57
12.05
15.15
14.15
10.36
10.54
7.97
3.74
4.35
14.43
20.82
20.42
15.63
3.69
7.73
14.39
18.94
17.75
6.84
9.36
13.8
15.96
11
5.12
8.51
16.88
18.1
15.77
15.89
16.16
16.47
17.38
15.94
0.39
13.92
10.31
0.81
5.54
7.06
8.42
10.76
14.84
17.67
15.91
9.68
1.16
9.88
13.17
11.78
12.93
20.41
22.28
18.69
8.89
11.56
5.67
-1.98
3.41
13.84
18.52
19.26
15.65
11.83
8.71
12.37
18.01
18.17
16.23
8.43
11.26
13.82
16.23
10.84
0.77
10.76
14.25
15.19
14.36
9.86
-1.44
0.96
11.56
15.74
5.1
14.63
16.84
12.15
11.37
16.78
15.51
4.61
12.84
14.75
11.12
10.53
9.27
4.47
7.2
14.9
14.44
7.87
12.19
9.09
15.25
16.57
12.18
3.51
6.75
10.88
16.1
17.16
18.53
18.15
15.38
-3.57
11.96
16.28
16.62
10.75
3.49
7.61
6.45
0.86
5.47
13.9
12.42
16.69
19.96
15.19
7.28
12.73
19.52
18.25
12.65
7.87
12.79
16.09
15.37
11.63
11.99
9.98
11.61
6.27
7.67
10.44
5.72
-4.06
4.87
13.57
17.46
16.69
13.88
-1.75
4.37
3.07
2.63
10.61
16.32
17.27
14.91
13.06
11.33
15.05
15.51
16.77
13.66
13.58
13.6
7.82
16.25
17.9
15.73
15.06
16.91
14.37
-5.66
3.21
7.01
13.94
13.81
11.73
8.28
3.66
10.02
6.01
-0.67
7.13
2.34
2.48
7.38
10.12
8.89
3.66
6.81
12.59
14.64
14.53
14.37
14.2
12.47
9.39
17.27
22.75
22.18
14.82
10.89
15.95
17.54
14.48
10.81
6.93
-3.4
11.73
14.9
9.67
11.47
17.75
18.67
16.94
16.87
17.38
12.83
13.89
11.44
4.98
12.74
12.3
13.61
13.41
9.54
8.45
7.79
3.39
6.03
10.3
13.05
13.76
13.88
11.99
8.35
9.03
1.74
8.74
14.06
10.1
10.69
13.52
14.77
17.38
16.42
14.51
7.19
4.93
8.39
8.92
9.85
16.39
17.22
17.22
20.74
21.77
20.67
16.15
13.41
14.43
12.16
15.98
12.28
12.3
19.53
20.69
19.54
17.17
8.74
-0.01
6.07
12.96
7.18
8.93
9.3
7.77
1.83
-4.74
4.33
16.29
18.79
15.59
12.94
14.63
9.93
10.98
17.79
14.64
7.86
15.09
14.75
14.85
16.88
11.42
10.21
18.37
18.64
16.43
14.74
12.93
3.08
10.65
8.37
11.86
11.64
8.41
15.57
13.63
8.47
6.61
7.26
-6.02
3.52
11.46
10.4
3.41
11.21
14.35
16.31
12.68
12.05
9.73
12.46
13.19
5.85
9.11
10.57
13.05
7.68
-1.86
13.39
19.16
21.08
20.94
18.34
14.26
20.3
20.2
16.1
11.19
4.3
5.77
13.66
15.66
13.4
-2.19
8.91
14.87
17.27
16.27
11.46
8.97
13.46
8.4
2.77
4.03
12.72
18.09
15.53
-0.02
12.12
3.3
12.42
15.88
17.72
18.68
13.36
4.4
10.26
16.32
16.03
9.43
-1.49
3.53
11.05
11.91
14.29
1.72
11.42
14.75
15.66
16.34
15.13
13.18
11.99
7.89
4.28
9.08
8.9
9.86
6.96
9.72
11.37
5.74
-2.97
6.61
11.77
11.55
11.78
11.1
9.31
4.73
3.14
10.41
14.87
17.68
14.56
6.02
8.13
11.16
12.87
16.59
13.37
-2.37
4.65
-1.37
3.63
11.39
12.1
10.54
11.9
2.18
2.84
12.45
12.47
11.36
15.64
8.49
7.94
9.88
10.19
12.76
15.98
14.19
5.38
6.15
6.71
7.79
15.23
13.94
5.37
11.11
11.45
8.79
12.9
12.3
12.35
13.94
13.54
11.19
11.53
7.58
4.65
4.15
4.35
15.17
17.41
7.86
13.33
12.59
4.81
9.93
12.6
12.4
10.8
7.6
0.02
12.01
11.86
9.31
6.34
12.02
14.48
13.84
12.81
13.16
15.79
15.42
6
5.35
9.85
15.08
17.03
13.8
9.56
9.82
11.04
11.63
8.64
5.69
8.68
8.42
9.36
10.93
18.31
12.91
12.51
16.54
14.07
9.19
18.02
19.13
12.49
7.76
11.05
0.41
11.96
14.87
13.62
9.33
10.49
15.1
18.14
13.15
13.69
15.8
11.31
-8.86
11.59
9.4
-6.58
4.31
11.45
14.11
11.53
5.78
7.14
12.46
12.42
0.23
4.98
13.94
15.25
13.92
12.51
-16.38
9.66
7.88
10.56
11.53
10.39
6.4
5.95
11.71
15.54
14.72
11.72
13.84
9.9
1.65
8.05
2.22
1.36
-3.58
10.97
16.2
16.49
10.89
11.97
9.92
7.45
3.01
2.39
12.92
13.49
-10.81
6.89
-6.65
5.36
8.99
11.24
13.9
13.37
7.55
0.59
10.66
13.94
15.84
16.26
13.17
5.15
7.06
10
9.08
10.52
2.48
7.67
6.72
10.65
10.16
6.8
13.94
12.57
6.81
15.19
13.7
15.23
17.09
11.63
-10.1
10.13
14.46
12.6
3.97
6.48
5.78
8.78
13.87
15.76
18.55
18.58
13.92
13.81
12.53
10.14
0.78
2
5.27
8.86
2.78
-0.21
-11.08
8.05
8.04
-5.97
5.89
4.04
8.16
9.31
12.04
13.17
6.39
10.22
5.52
10.76
10.09
10.11
12.97
12.12
11.31
12.15
13.66
11.77
8.33
16.91
17.26
15.53
18.79
16.17
4.95
10.84
8.61
-1.24
6.79
4.34
10.47
13.53
11.32
13.48
2.37
16.07
16.73
13.57
9.48
8.36
7.78
7.59
10.12
6.8
4.84
4.82
11.16
15.08
13.91
14
14.03
15.42
12.69
7.76
11.08
8.47
7.81
7.68
9.02
17.83
19.11
11.56
7.13
8.95
12.86
11.92
6.68
-0.93
7.85
7.15
0.42
-1.68
-1.72
3.34
10.11
9.6
9.22
14.35
13.16
6.63
13.95
14.59
9.84
2.46
7.85
12.83
7.86
11.52
13.45
4.63
-2.35
6.75
8.57
12.71
9.8
-5.05
3.26
8.88
9.42
3.09
12.25
10.57
0.1
-4.49
4.16
10.54
8.89
8.37
14.28
15.97
9.43
-0.59
12.2
16.2
15.59
11.31
-3.8
-4.57
9.44
13.06
11.84
8.98
8.26
9.99
12.59
12.95
8.64
6.21
5.69
4.87
9.59
9.32
10.87
11.46
3.1
11.96
2.52
4.92
10.24
14.64
16
9.2
11.49
14.61
10.85
4.57
-6.3
10.21
10.8
-1.86
-7.02
8.05
14.45
16.16
10.45
8.21
15.7
16.53
11.95
8.66
10.77
9.17
11.04
13.87
13.2
9.87
-1.02
7.68
6.73
9.39
12.6
14.68
11.22
9.54
11.91
13.12
14.65
13.54
8.24
5.18
-10.48
9.61
13.95
13.58
2.23
11.65
16.68
13.47
10.82
6.9
13.71
13.39
10.49
-3.32
7.07
10.9
8.2
10.6
10.76
4.77
8.07
12.45
11.23
4.59
6.6
7.46
4.13
9.07
12.9
7.73
10.17
14.18
13.66
14.5
16.45
17.01
17.47
13.35
1.62
-1.7
9.62
15.04
17.93
10.74
10.14
14.23
7.36
4.67
0.75
6.1
2.91
6.21
13.49
12.45
11.79
8.87
16.12
16.61
5.42
7.27
11.7
1.75
16.79
20.33
18.31
12.39
0.1
6.63
11.56
8.94
6.55
-0.56
6.31
6.16
6.8
2.81
-0.13
10.07
6.68
7.75
13.62
13.5
3.59
-7.25
-0.28
2.16
5.74
10.74
13.53
13.06
7.17
1.13
9.61
13.56
13.24
14
11.93
13.51
14.86
11.6
12.45
14.99
12.89
8.81
5.54
-3.87
11.5
13.8
11.66
15.5
15.52
11.54
10.38
13.96
13.28
12.88
9.28
2.88
10.86
14.3
11.78
4.49
11
16.23
15.59
15.92
15.41
10.27
10.87
3.79
4.23
2.81
5.76
13.43
15.64
19.35
22.02
20.88
16.1
-3.97
12.73
15.49
13.62
2.57
5.18
9.55
11.99
9.19
3
7.15
3.98
8.07
1.84
-1.57
5.46
8.76
7.1
-6.7
4.89
16.36
20.15
20.31
18.59
18.54
18.73
12.02
0.83
6.52
1.03
9.03
14.32
11.05
17.03
18.93
18.26
17.2
17.09
15.28
15.69
13.09
0.59
1.43
9.12
5.73
-10.58
11.18
14.51
11.02
10.79
12.28
10.52
4.71
10.72
13.29
18.09
15.22
18.01
15.5
11.68
14.68
12.67
6.02
5.22
12.18
15.39
16.67
15.69
14.09
14.84
13.28
7.6
1.97
9.43
9.53
10.77
12.75
12.95
7.36
14.96
10.39
1.15
-21.28
11.09
15.96
16.84
13.22
-12.94
2.06
12.87
14.06
3.33
12.35
19.69
19.22
17.56
15.72
9.75
9.88
8.84
13.43
17.42
14.89
12.11
12.45
9.04
7.64
9.57
12.49
14.45
16.4
16.68
13.21
13.17
-6.88
16.56
17.21
10.95
5.82
11.01
7.68
8.51
8.22
0.76
8.38
9.87
8.95
7.97
-10.34
12.81
12.45
12.68
18.19
18.81
14.42
11.15
17.34
10.54
6.12
12.52
16.02
14.89
12.57
11.24
9.07
14.21
17.57
17.4
15.57
15.67
16.14
14.39
11.19
13.3
16.39
17.89
18.68
19.67
20.02
14.59
13.13
11.72
10.32
14.08
8.64
5.32
16.34
17.11
11.8
-7.7
5.75
2.9
14.93
18.84
17.8
14.58
12.14
9.81
8.5
5.46
4.28
13.98
13.99
12.72
10.4
3.83
5.05
8.22
2.66
8.97
13.19
2.76
7.57
10.04
0.61
12.58
11.93
4.4
15.26
13.71
5.18
-4.79
13.54
19.65
22.9
22.63
20.33
16.1
6.68
4.46
4.37
12.25
18.18
18.42
14.69
9.65
12.13
8.68
6.98
15.57
18.07
20.16
18.92
12.96
12.34
17.39
17.19
12.24
9.62
13.74
12.73
10.35
12.31
12.64
6.71
12.13
16.68
17.11
16.17
16.34
13.21
7.69
8.72
6.25
5.92
14.32
15.79
11.58
10.52
9.37
1.21
1.26
8.43
9.79
7.88
8.55
17.3
21.18
21.35
15.63
-4.3
4.76
10.83
12.88
6.91
-0.97
7.03
16.07
19.28
19.72
17.61
15.15
15.52
15.45
13
8.29
7.87
15.36
14.05
-1.49
14.04
13.61
6.12
4.55
15.1
14.79
14.74
12.58
8.46
5.48
12.07
15.25
15.92
13.6
15.6
18.01
16.26
10.92
4.54
16.32
16.55
13.7
16.19
18.95
16.88
12.74
8.52
0.84
16.79
20.91
14.92
8.12
12.72
1.19
4.84
6.65
9.22
9.18
7.33
8.41
9.89
5.26
13.77
13.9
6.19
4.76
1.02
11.18
5.4
4.32
7.19
13.17
12.74
11.22
12.56
8.47
11.45
16.13
14.78
13.78
11.29
6.93
9.81
11.84
13.78
16
8.46
13.86
14.91
10.08
7.33
5.97
8.16
11.96
11.61
15.2
16.27
10.74
-0.14
-4.19
8.61
11.58
8.35
4.84
3.06
2.82
-3.63
14.11
19.52
18.36
2.47
14.14
12.23
9.75
9.55
1.14
7.79
11.75
4.41
2.75
10.27
15.45
13.69
7.61
9.48
10.92
11.88
12.76
10.9
8.23
13.01
19.95
21.38
