-3.86
5.57
9.94
10.01
10.98
8.84
5.13
9.2
7
-0.33
1.77
7.13
10.91
8.58
8.32
11.93
10.76
10.22
2.16
1.72
7.22
12.46
14.8
12.01
-8.77
12.32
12.89
10.14
11.96
11.33
8.11
3.44
8.82
6.21
-4.49
5.15
10.82
7.06
3.29
10.46
9.76
1.32
5.08
2.02
8.88
9.95
4.05
6.27
8.99
3.05
7.96
15.25
12.74
1.72
2.12
5.35
6.35
7.98
3.21
7.84
6.99
4.63
8
0.19
7.94
9.83
6.55
3.91
9.68
8.65
11.29
14.06
13.26
12.21
8.91
8.73
12.43
14.85
13.15
7.72
5.79
12.09
15.93
18.23
16.93
11.64
4.92
7.55
9.96
3.48
2.17
11.76
10.81
14.33
15.86
10.55
9.89
17.55
14.42
9.86
14.05
17.58
18.29
15.22
10.24
11.57
12.71
8.69
8.09
12.86
14.85
13.19
5.02
-0.98
1.17
7.97
10.89
7.96
10.81
12.06
10.32
-17.98
10.02
9.74
-4.71
1.06
-3.85
3.43
9.95
7.44
7.95
9.96
9.29
9.78
1.37
2.01
-1.92
5.09
5.42
-21.28
7.89
11.17
2.94
8.03
11.26
14.64
17.22
14.97
12.77
12.25
13.47
13.58
11.97
8.05
7.93
2.22
12.48
12.47
6.62
6.92
10.03
6.73
4.29
-4.33
6.39
10.25
3.31
0.12
9.22
12.8
15
14.22
11.54
11.25
9.11
0.24
5.72
13.53
12.01
2.91
8.63
9.54
-0.3
11.08
10.49
10.99
7.42
-2.27
9.39
7.88
6.49
16.96
19.67
14.78
8.29
14.58
13.34
5.75
6.97
20.3
24.03
20.15
5.88
3.81
11.42
13.37
10.08
16.35
20.05
17.7
8.56
6.2
5.67
2.07
10.2
15.99
14.36
6.89
4.23
8.7
-10.84
9.78
14.73
12.31
0.7
6.26
10.06
10.87
12.7
15.11
16.89
15.62
11.41
4.16
4.64
11.46
8.87
-16.07
6.15
10.7
13.1
13.46
14.07
17.4
17.37
6.71
7.35
3.21
10.98
15.68
15.21
15.14
11.06
11.06
17.86
16.4
11.76
9.91
11.22
12.58
11.14
8.74
3.45
0.62
-3.31
2.43
10.91
13.06
8.59
7.91
10.37
3.25
4.03
-22.85
5.6
6.64
2.87
11.52
12.35
-0.13
8.02
12.13
12.8
10.64
8.07
4.46
2.46
-5.33
4.3
10.19
13.47
11.54
9.77
10.82
10.62
7.4
12.35
16.25
16.91
16.13
14.81
11.89
3.64
14.32
9.76
9.52
14.01
10.91
6.47
8.98
-4.31
1.66
9
5.96
-11.7
3.88
12.81
16.18
15.72
12.74
6.54
9.55
14.56
15.58
11.83
4.79
4.4
8.97
9.93
12.14
10.13
7.67
6.36
0.21
7.67
10.85
9.89
-2.8
9.61
6.14
4.31
-3.06
-2.12
6.56
6.24
5.5
5.17
-7.02
6.08
11.33
9.37
8.37
9.06
-3.3
8.09
11.36
6.72
-2.36
10.57
10.88
0.87
2.79
2.73
5.55
10.15
7.58
7.84
8.2
6.17
2.31
5.99
11.13
13.79
13
13.72
13.19
4.77
9.93
14.51
14.52
12.09
7.6
3.52
2.55
8.55
12.96
12.13
10.31
7.83
12.57
14.36
8.99
-0.4
0.72
-4.58
5.79
9.82
9.05
12.34
10.64
4.79
5.42
10.07
-7.11
-6.42
3.08
6.72
7.43
-5.19
4.81
12.44
12.38
10.51
7.71
10.55
11.86
9.58
7.13
5.78
-2.05
5.68
10.49
14.02
13.47
10.81
15.63
15.78
9.32
13.02
7.43
9.2
6.61
7.66
5.06
6.14
7.27
9.05
8.57
3.88
-1.57
7.16
8.73
9.59
12.94
15.87
14.92
5.14
7.07
5.79
-3.33
6.15
9.27
-2.05
-0.2
5.96
7
4.01
14.54
14.62
8.36
4.14
5.39
5.81
10.39
5.11
8.87
10.99
8.96
10.7
8.72
7.74
7.09
-13.15
4.46
7.66
9.22
9.72
13.88
11.12
-1.11
6.26
5.49
-0.53
9.74
12.03
-1.25
10.87
10.72
8.35
3.24
-3.35
7.84
7.65
5.12
3.57
10.14
14.99
16.19
13.51
13.16
10.97
7.12
6.66
7.81
9.91
9.6
5.53
6.51
2.87
8.17
6.91
6.44
7.06
-6.92
-0.49
3.43
9.94
13.85
15.91
14.99
9.5
6.69
14.6
13.78
8.04
12.23
10.9
-17.52
3.64
8.54
14.09
16.01
14.04
10.51
0.95
9.4
14.06
8.39
-13.37
4.87
6.17
9.3
2.02
6.84
9.81
12.52
14.2
8.38
9.83
17.78
17
10.55
11.99
4.7
9.14
0.18
10.08
7.96
8.35
7.03
9.53
12.35
4.22
5.24
7.84
12.32
10.3
7.8
7.8
9.17
3.12
4
4.33
6.07
8.59
10.79
11.88
13.1
10.24
-14.39
8.38
11.58
13.31
13.31
10.31
5.23
12.58
14.8
16.27
14.45
11.82
8.93
-4.37
10.33
13.5
14.19
4.58
11.18
15.1
17.63
21.95
18.09
14.9
6.07
14.1
14.31
13.66
17.23
18.95
11.83
1.59
9.2
15.25
15.34
14.31
9.1
2.96
9.26
15.59
17.39
10.35
-1.87
10.05
11.92
7.85
5.29
-0.26
-1.03
5.08
9.44
13.29
13.17
8.2
4.14
8.28
12.72
7.02
4.03
9.03
13.53
9.41
6.77
12.57
11.61
12.19
9.98
9.75
4.36
13.22
14.21
13.14
13.1
7.8
8.18
13.65
10.58
14.2
14.44
-2.48
11.39
8.67
8.57
-0.77
1.54
11.08
10.16
10.69
16.01
17.1
15.2
12.09
11.29
13.15
13.24
14.18
12.98
8.66
13.45
14.43
9.91
10.69
13.98
13.96
14.76
13.65
6.7
-1.92
6.85
8.19
7.3
9.52
10.09
-1.48
10.21
13.7
13.82
11.81
8.34
5.47
7.01
11.89
14.68
12.45
12.84
9.09
4.94
11.51
14.12
14.4
13.68
10.12
6.93
6.13
5.8
9.56
5.29
11.69
10.25
11.78
9.8
4.84
-3.94
10.68
14.06
10.6
10.67
9.15
4.32
-1.24
6.21
9.14
6.66
9.25
10.69
13.9
14.68
14.16
14.1
13.88
11.09
5.19
11.53
17.07
16.42
9.22
-8.16
-3.94
-2.85
4.48
9.11
8.99
1.87
6.94
10.04
-3.14
10.22
11.37
9.9
11.24
10.32
9.73
7.31
-14.29
6.32
9.05
10.1
7.77
3.71
8.74
7.24
10.19
6.58
10.34
8.56
15.06
14.46
5.83
6.28
12.62
12.96
10.88
5.43
3.88
5.97
7.21
10.87
12.55
11.87
13.65
14.93
13.74
8.65
7.11
9.89
9.04
10.88
10.82
6.17
1.38
6.65
0.29
20.43
25.62
27.45
25.33
18.27
11.71
20.55
22.6
21.97
23.46
26.77
27.08
25.29
22.55
19.4
22.86
17.5
3.49
6.93
12.01
12.84
12.91
3.15
19.55
0.29
20.01
20.54
21.26
18.46
15.79
19.72
14.89
15.72
22.48
23.31
14.59
19.59
23.91
27.3
26.06
19
0.87
15.41
13.35
11.66
17.25
13.54
16.18
20.27
24.15
22.58
23.92
25.2
23.94
26.82
28.86
25.8
18.08
21.71
18.03
17.08
17.79
12.38
15.42
18.58
20.89
24.76
26.76
24.93
21.99
22.07
17.23
12.09
20.93
20.62
19.12
13.08
18.87
25.3
21.06
21.51
26.02
24.1
21.12
20.64
9.62
-5.95
12.17
18.68
24.89
26.43
26.1
23.98
12.75
27.05
29.97
21.37
24.05
23.56
17.76
14.62
18.11
20.47
11.61
17.77
21.28
19.1
12.44
15.63
17.91
22.52
23.49
20.2
18.79
20.32
16.37
18.62
19.1
14.56
22.59
27.21
27.43
26.14
19.46
18.87
19.98
17.29
4.41
14.97
20.09
23.73
24.6
25.59
23.96
21.77
26.29
23.91
21.91
20.81
15.42
4.73
11.34
12.23
13.9
15.34
9.8
16.26
3.12
25.28
27.91
21.28
21.36
24.85
25.25
20.38
18.79
22.36
19.84
14.38
22.75
22.44
17.91
14.38
23.46
21.13
21.28
23.98
12.47
23.55
25.95
26.75
27.57
26.63
22.49
14.75
18.13
26.39
30.91
29.87
27.73
26.39
25.8
24.36
18.09
18.01
19.63
23.08
31.65
32.66
27.79
19.72
7.35
21.71
19.06
5.86
16.12
21.72
20.66
19
22
28.39
29.18
28.35
29.23
28.16
25.83
27.22
21.3
5.54
10.64
15.74
20.86
24.3
24
20.7
20.89
20.45
24.76
22.67
12.22
18.73
21.88
15.23
-18.31
15.21
19.38
12.6
9.79
13.25
19.93
13.8
20.83
22.9
18.27
14.55
15.79
13.17
-6.99
15.83
11.02
18.72
23.58
20.83
15.96
21.65
23.48
21.92
17.07
4.46
3.52
22.1
24.64
16.2
14.22
12.41
12.45
19.13
19.21
8.56
2.43
22.09
26.76
27.4
24.36
10.55
18.4
21.57
17.86
11.63
15.43
8.71
11.55
14.2
19.22
23.8
20.45
20.91
20.65
14.21
20.58
24
22.2
17.72
14.03
23.17
24.93
13.21
16.53
12.53
18.15
22.32
22.93
15.91
9.86
12.18
18.44
23.21
24.91
24.14
22.55
23.76
25.04
19.94
13.43
15.7
17.79
16.16
12.09
13.68
17.42
9.11
15.42
22.33
24.1
24.56
22.17
8.16
7.78
7.79
10.17
7.02
5.4
13.79
18.98
16.65
9.39
13.89
10.66
18.23
15.75
11.18
16.45
9.1
14.33
16.37
14.62
13.67
13.18
7.51
13.61
17.55
16.87
16.74
20.93
21.77
19.48
22.29
23.79
22.59
18.92
12.61
18.12
21.56
17.61
22.21
22.44
18.37
14.98
3.48
7.43
15.42
15.46
5.72
9.61
11.58
13.13
14.48
4.64
6.97
11.14
14.3
13.5
13.29
12.5
-1.2
10.8
16.27
19.58
17.88
15.16
16.02
17.07
19.16
19.56
13.34
14.53
10.86
12.49
7.42
8.1
14.01
9.77
9.81
13.82
15.54
16.29
16.15
10.57
4.65
4.24
16.33
14.8
19.55
22.02
22.11
22.35
24.65
25.79
20.89
16.82
5.25
20.07
23.12
24.59
23.58
22.68
23.77
24.23
20.06
23.2
24.74
16.55
14.86
20.6
21.98
22.28
23.85
22
24.39
25.8
22.67
22.32
21.96
10.69
26.11
26.68
23.42
20.6
28.11
30.82
28.03
23.1
20.39
15.27
4.01
14.74
18.13
16.24
18.51
24.29
23.29
23.02
20.16
9.07
22.29
24.22
22.31
20.18
18.51
16.13
18.17
13.66
20.78
27.09
24.6
25.81
24.54
16.34
22.58
24.7
21.13
6.94
20.58
20.7
23.96
22.76
21.98
29.39
29.2
27.5
26.69
22.95
13.73
11.58
18.1
24.41
24.24
25.45
24.64
23.41
25.59
28.95
29.99
25.81
19.7
17.87
18.28
24.4
25.62
20.33
13.25
18.66
22.47
17.13
26.12
28.88
27.79
21.69
24.81
26.68
18.81
19.1
20.9
14.83
18.64
17.61
17.28
22.69
23.55
21.06
22.3
24.62
24.66
22.44
17.95
17.44
21.42
18.27
23.03
25.65
22.08
18.11
24.53
22.4
12.59
11.52
21.37
26.32
27.33
26.55
22.42
8.91
17.75
22.88
22.15
16.02
18.59
14.93
17.83
22.94
26.29
24.17
14.03
16.28
18.48
17.13
6.82
18.69
22.72
17.95
25.04
29.52
28.44
23.74
16.69
20.43
24.57
22.74
19.04
16.16
18.94
21.13
23.47
26.6
25.09
17.39
4.71
16.58
13.93
25.67
24.04
16.65
9.81
17.69
23.52
26.57
24.39
22.17
19.01
14.65
20.88
26.84
26.66
25.8
27.01
24.2
21.26
24.65
22.59
19.17
15.74
19.71
23.72
22.24
18.03
14.21
18.53
28.1
27.05
17.57
16.45
9.49
24.14
27.11
27.13
24.28
16.82
16.03
10.25
2.05
19.46
19.82
19.71
26.92
28.18
26.75
23.93
24.61
26.62
26.85
23.58
18.77
24.12
24.01
19.14
23.27
26.63
25.53
21.11
13.25
17.49
20.2
19.48
20.78
12.12
6.85
17.52
23.36
24.97
24.04
21.3
19.63
22.8
19.67
18.34
11.35
20.27
22.38
19.65
18.21
16.1
21.29
21.28
19.03
11.86
9.41
20.56
24.26
25.02
25.75
25.01
22.93
19.17
19.21
16.21
11.27
19.14
21.84
19.89
20.9
21.03
17.85
14.3
11.99
10.67
15.01
17.33
18.97
11.03
16.4
20.03
21.35
23.95
23.44
18.35
15.73
16.67
12.55
24.25
25.48
19.78
14.46
19.79
20.44
14.11
9.59
17.72
22.81
25.06
22.83
10.21
18.21
21.29
19.39
13.56
11.88
-1.61
15.12
21.4
22.58
22.24
20.3
18.39
20.93
24.31
24.21
18.98
10
16.33
21.06
23.22
21.53
19.08
13.31
-12.84
18.45
23.28
22.4
19.87
15.17
13.57
2.38
14.05
19.48
16.05
11.31
16.48
17.16
17.79
17.39
18.72
20.09
17.49
11.85
6.01
8.59
-3.03
9.18
11.79
19.59
19.45
20.54
23.68
25.42
23.58
18.36
8.19
16.64
21.76
24.36
22.13
20.02
16.5
16.31
12.66
14.27
12.06
14.22
13.98
4.03
3.25
-0.55
3.21
11.78
9.94
5.89
12.05
16.46
15.22
10.8
1.9
11.52
13.78
18.19
20.62
19.04
18.24
18.42
5.61
12.56
16.02
21.4
25.49
23.43
19.72
14.46
11.73
15.86
20.09
25.77
23.53
15.03
20.39
16.7
1.4
10.27
18.18
20.94
18.23
19.18
20.99
19.2
20.94
15.26
11.98
16.5
-6.14
11.58
-4.17
13.51
20.76
20.22
18.66
21.56
17.96
5.86
14.99
21.19
20.69
1.54
9.55
18.21
25.86
22.99
19.25
23.27
24.39
17.3
4.29
18.11
24.98
26.4
22.13
16.72
19.05
23.05
19.59
9.01
20.27
25.46
23.67
16.41
12.14
21.66
22.21
14.14
4.84
17.09
25.05
24.56
16.11
15.58
26.19
27.62
22.16
14.61
16.54
16.72
4.9
14.83
17.2
17.99
16.13
5.2
18.1
24.63
25.2
-0.42
17.96
12.44
21.13
16.48
24.13
23.17
11.82
11.22
15.69
20.68
17.32
16.32
12.17
13.91
20.7
24.11
21.4
13.73
2.34
13.87
10.08
18.23
20.71
27.06
27.04
18.53
16.05
18.59
5.16
11.27
12.57
22.51
22.26
17.38
15.04
1.92
14.87
5.71
23.7
23.36
16.81
21.29
25.3
30.37
34.59
33.42
24.92
14.49
21.99
19.75
12.75
15.09
4.31
21.29
26.43
24.56
20.19
21.92
18.66
14.99
11.55
17.29
21.14
16.62
16.97
20.9
20.59
21.88
26.2
27.39
24.73
9.19
20.72
21.29
15.34
8.69
11.64
11.09
15.25
20.93
23.62
23.08
19.73
17.51
18.21
17.81
21.2
21.12
23.55
35.97
41.29
37.86
24.99
23.06
21.18
20.13
17.06
18.64
14.9
15.29
18.27
19
20.22
21.2
19.43
20.32
10.22
4.73
14.99
19.88
25.06
27.69
25.86
18.19
17.8
18.57
16.82
31.31
42.8
44.88
37.95
23.28
14.33
14.13
-11.22
4.78
15.35
22.91
24.22
18.23
8.34
15.42
19.29
21.18
19.62
20.81
22.24
21.21
24.87
24.8
19.37
17.49
17.3
13.99
9.51
18.94
19.23
22.1
23.86
22.85
26.74
22.73
16.78
18.91
22.15
22.07
17.98
24.91
24.33
20.36
17.61
20.24
23.83
21.73
19.69
17.12
13.43
23.99
25.18
24.62
34.55
40.47
37.78
30.85
28.04
26.58
25.25
20.97
27.46
26.26
21.51
19.13
31.23
37.94
35.1
13.8
18.76
1.47
13.7
14.38
16.06
15.02
2.2
19.09
20.49
21.19
24.47
17.12
8.57
27.08
40.75
44.63
39.91
24.69
12.6
17.96
21.81
21.73
10.84
17.32
16.14
19.19
22.16
19.25
15.73
11.18
20.01
27.97
27.21
19.67
21.82
25.96
25.24
22.68
14.61
15.54
21.21
25.82
22.76
14.62
9.55
14.37
22.95
28.27
25.53
15.94
13.11
19.35
22.45
18
13.4
17.91
9.27
24.4
27.76
24.45
19.24
11.15
21.86
21.42
13.4
22.51
30.02
39.95
40.41
30.51
15.77
18.92
19.93
18.61
20.84
19.29
20.7
18.81
19.23
23.49
19.57
14.94
14.24
21.46
24
21.42
16.8
15.79
6.48
18.86
17.88
17.65
22.94
22.92
24.92
24.34
13.13
23.82
24.91
10.65
25.44
28.67
27.32
24.94
26.08
27.55
25.15
24.07
21.72
22.78
26.91
26.44
21.33
22.61
20.96
5.65
18.4
13.57
25.47
30
30.31
27.05
25.47
28.01
25.2
17.96
23.62
22.79
17.92
13.13
2.49
25.25
28.71
23.93
26.05
21.41
19.82
19.23
39.02
42.95
37.72
21.79
20.14
15.83
24.23
28.85
26.28
22.4
34.89
35.59
26.86
24.14
27.21
33.59
35.18
31.04
35.05
43.66
43.88
36.3
31.73
30.22
23.05
25.18
30.57
32.66
32.43
27.13
29.77
36.66
34.02
22.16
31.13
29.97
22.77
15.6
25.82
26.6
8.71
31.62
35.07
30.03
21.78
18.71
22.42
17.07
25.11
29.92
29.15
25.06
16.54
19.91
19.23
24.3
28.95
22.31
24.75
27.14
18.85
25.31
29.84
21.32
23.6
29.68
32.43
33.17
26.58
28.56
31.12
29.85
34.12
35.65
33
28.03
23.61
40.01
48.26
47.28
36.7
17.16
22.58
24.06
26.92
28.35
35.1
46.04
48.82
42.81
19.91
23.07
27.46
31.71
33.64
34.81
35.37
34.64
32.15
21.48
28.4
28.7
27
32.2
35.23
34.15
35.22
36.12
35.99
34.45
30
28.09
31.32
33.44
31.82
29.75
31.49
32.53
30.01
26.59
28.73
30.54
30.11
27.39
24.45
28.2
28.25
16.37
15
15.25
23.91
18.81
29.16
30.94
30.61
31.09
31.21
30.41
28.89
23.87
20.64
26.3
24.92
27.07
25.24
27.88
28.67
22.04
22.13
24.83
11.3
25.02
29.61
29.45
23.52
8.36
17.71
22.01
29.34
30.01
24.64
16.33
28.56
31.41
32.24
29.28
27.67
27.8
26.54
27.86
22.77
22.75
26.85
24.74
27.86
27.1
25.7
29.21
30.23
30.15
30.68
32.32
32.17
32.21
31.91
28.53
26.47
23.15
27.68
30.56
28.11
27.62
30.94
32.75
34.44
35.05
34.98
35.47
32.88
33.38
36.92
32.51
22.53
24.36
26.81
23.61
29.77
33.48
31.54
31.88
31.84
32.76
33.98
31.68
25.05
13.23
6.1
23.14
26.82
30.15
30.97
31.67
32.93
31.68
28.67
22.46
27.57
23.99
23.54
31.41
29.74
24.71
28.11
25.55
22.99
27.97
25.1
22.56
22.72
20.78
26.68
24.67
24.15
23.86
24.74
24.85
22.28
10.37
13.06
20.4
18.8
27.68
28.94
30.54
28.33
23.38
20.56
17.25
23.66
26.82
25.3
22.59
20.47
26.28
25.78
28.27
29.1
25.54
22.52
20.89
19.76
22.85
18.18
21.69
23.13
22.31
6.52
23.48
22.81
22.13
21.49
19.15
16.68
9.22
19.58
21.85
25.2
28.3
28.1
25.78
24.1
21.28
15.42
5.92
12.7
10.43
15.68
26.17
26.64
23.19
20.89
21.11
20.79
19.42
19.94
18.14
20.52
25.13
24.39
12.94
24.59
25.35
26.84
24.67
13.26
16.65
21.59
24.62
24.63
21.58
4.19
22.66
25.73
23.93
26.17
29.95
23.61
12.32
15.37
19.55
19.09
20.55
18.83
17.16
20
13.6
17.68
25.26
25.49
21.93
21.48
20.01
20.11
10.97
15.39
6.7
10.95
12.74
12.51
9.6
20.63
24.76
24.47
20.52
21.89
14.21
6.94
16.65
23.94
24.01
19.39
16.57
21.05
18.72
23.65
25
25.53
21.78
20.16
22.7
22.98
20.45
16.55
14.23
10.95
0.67
11.46
12.87
15
18.94
21.02
19.89
19.49
21.2
16.48
13.86
19.85
19.69
20.45
21.49
27.71
28.37
22.8
23.32
29.15
24.83
25.15
26.88
21.36
21.23
29.56
25.34
16.52
23.95
27.41
24.5
21.68
24.17
21.53
23.31
19.53
14.74
17.92
21.89
16.73
13.01
23.16
26.67
22.31
4.17
18.85
26
23.6
18.33
18.81
22.44
24.86
26.5
24.47
26.69
26.54
25.6
16.38
24.49
22.56
26.6
26.36
24.14
29.44
28.43
19.12
22.09
27.81
24.25
23.91
25.48
24.68
23.62
21.56
17.29
15.23
21.62
23.28
22.94
27.48
24.59
20.15
24.82
2.72
25.75
26.02
22
20.04
7.96
21.59
23.1
28.71
33.99
32.71
22.71
22.27
25.47
23.72
17.16
14.21
20.14
18.99
14.61
23.76
25.31
22.28
22.55
23.53
23.51
15.33
19.27
15.82
21.51
28.5
27.3
23.04
24.34
24.88
20.49
21.42
24.44
22.59
24.08
24.92
21.64
15.94
16.3
22.59
27.83
24.58
10.96
8.63
14.28
19.98
15.71
18.02
18.22
22.2
24.72
25.82
24.46
22.98
26.2
24.05
22.37
17.87
18.8
20.01
22.92
28.44
27.62
9.54
18.87
15.22
20.94
11.69
9.72
19.7
23.71
22.7
24.22
23.48
22.56
22.4
12.08
6.14
19.62
14.97
22.72
26.42
25.23
24.26
27.86
27.09
20.55
20.61
19.11
21.15
20.77
17.33
23.53
20.89
15.81
15.96
14.13
18.24
18.59
20.45
22.48
20.64
21.83
24.09
24.49
24.78
23.88
14.62
18.36
25.51
27.87
27.5
23.22
23.27
20.87
21.4
17.51
15.26
14.13
9.43
27.15
29.57
25.58
17.94
14.73
21.25
22.83
22.96
23.25
13.9
20.23
23.64
23.1
25.62
25.04
17.58
9.84
20.54
21.98
14.43
11.86
22
24.22
17.76
9.23
11.69
20.22
15.51
14.09
16.76
18.97
22.76
26.62
25.27
25.71
26.18
19.89
20.62
22.48
18.22
2.56
14.05
6.95
20.4
24.94
22.54
14.57
18.32
18.21
16.25
14.96
10.8
17.26
17.42
17.01
24.82
23.95
17.67
11.7
18.81
18.75
21.39
21.48
18.03
9.45
14.09
14.23
21.33
19.93
9.09
20.1
24.67
21.33
11.41
14.78
15.15
15.69
21.72
24.06
21.64
24.35
21.85
14.75
19.14
13.99
20.83
21.49
14.6
15.11
17.72
18.44
14.87
12.8
16.23
14.57
8.02
2.82
10.09
12.33
19.03
20.22
15.94
14.07
15.04
18.43
20.17
7.99
5.97
5.97
13.31
7.21
13.88
18.5
20.25
19.51
12.99
7.16
11.57
1.22
15.39
14.32
17.81
18.85
12.67
15.13
13.73
-4.86
18.51
24.68
23.14
12.61
15.77
4.8
17.74
19.69
22.53
25.75
26.5
24.57
20.78
18.43
6.69
0.15
13.59
9.65
17.51
20.29
17.32
16.8
15.13
12.47
13.18
15.66
15.08
17.09
17.29
17.56
13.5
7.43
2.19
12.35
19.16
14.7
12.82
18.88
19.86
19.85
20.28
20.22
2.95
19.03
18.1
19.7
22.16
20.86
7.2
8.28
17.57
18.13
18.01
13.81
19.97
24.52
18.78
17.75
22.84
17.89
4.12
18.63
20.48
14.68
8.69
18.44
22.25
19.11
19.54
10.48
20.52
17.38
10.2
16.88
17.1
22.64
24
22.31
21.11
24.05
21.4
22.24
25.71
22.98
13.52
13.99
19.47
3.26
18.08
13.7
14.21
15.21
8.92
19.93
25.58
26.97
21.01
14.12
14.95
13.64
17.78
15.69
9.81
20.48
25.21
26.87
23.23
19.65
17.44
10.66
22.23
27.6
25.28
19.16
17.12
16.86
17.23
15.33
18.84
19.3
13.97
12.93
13.16
19.92
15.9
16.21
24.35
26.1
24.3
18.9
-4.58
10.6
12.65
13.52
16.17
21.54
12.67
21.29
21.93
20.89
15.22
4.84
12.3
13
16.92
19.84
13.6
21.45
26.23
23.14
11.78
21.97
16.56
16.23
18.07
13.19
18.82
19.78
7.53
17.26
14.18
15.86
20.9
22.42
24.22
22.83
18.3
14.35
16.4
11.55
12.5
11.11
16.15
21.74
18.4
8.19
11.44
6.39
17.24
20.31
11.39
20.76
21.18
17.79
18.08
17.98
13.2
13.62
9.4
15.62
18.56
17.36
22.25
22.33
11.35
19.94
21.33
23.24
25.05
23.59
17.12
20.68
23.12
18.27
15.4
5.52
23.92
25.78
25.47
22.9
23.79
26.85
21.1
17.88
19.71
12.71
20.83
21.41
22.42
19.2
26.03
26.09
20.57
30.52
35.58
30.67
24.69
20.48
14.21
12.19
19.86
21.47
13.34
14.89
17.09
7.98
17.39
14.18
17.36
19.16
16.49
21.08
19
26.02
29.24
30.05
27.7
20.27
15.57
20.28
16.4
12.89
17.18
21.68
26.31
27.11
20.54
11.73
15.47
19.02
22.04
21.85
18.71
16.56
15.63
14.26
8.34
-13.76
13.57
20.04
21.67
19.78
13.58
18.85
18.78
17.56
12.88
15.17
21.21
20.73
18.14
17.61
22.28
21.84
15.2
13.14
13.62
16.13
18.18
20.12
19.51
8.7
21.72
24
19.55
12.45
15.17
14.29
15.27
21.82
23.57
17.73
13.42
17.7
19.65
18.21
-2.6
22.14
25.24
23.32
14.51
22.31
25.8
25.17
18.56
19.19
21.98
19.28
22.75
21.56
1.73
18.62
18.79
22.2
22.04
18.29
20.95
24.54
22.52
16.22
20.15
26.15
26.19
22.21
20.6
16.69
6.95
5.59
15.78
19.09
16.08
19.01
22.16
17.8
10.39
17.81
16.12
-5.91
9.1
-6.14
15.8
19.86
17.26
-7.38
9.19
21.57
24.97
21.55
3.09
8.12
20.3
23.02
16.58
17.81
19.71
22.59
23.6
21.61
18.47
15.31
17.12
18.65
16.62
8.4
17.51
22.72
22.28
15.72
19.29
11.61
12.71
13.07
13.81
11.68
22.48
16.93
5.25
8.1
16.4
18.95
19.44
13.99
13.43
3.76
19.81
20.63
18.25
15.86
12.14
16.99
21.39
23.23
19.82
13.73
15.1
14.16
15.46
21.38
21.43
17.04
19.12
18.51
18.16
21.18
19
15.21
19.4
20.91
20.34
20.12
21.07
17.48
17.73
16.37
19.98
26.59
26.13
10.39
14.15
11.51
11.17
-3.76
15.27
16.17
18.11
19.92
18.6
16.61
17.7
16.44
5.46
10.34
13.58
15.7
12.69
10.73
11.55
8.3
2.82
14.43
21.16
22.48
21.65
21.32
17.84
13.15
16.67
19.14
17.25
17.06
16.3
15.26
14.16
20.26
18.75
16.3
16.98
18.98
15.75
8.66
15.28
14.04
12.49
13.05
15.54
17.79
17.8
18.52
15.8
18.74
19.07
21.3
20.62
14.08
10.4
16.85
15.65
15.01
16.95
16.32
14.89
14.49
12.78
11.92
11.33
-0.94
12.42
21.29
22.95
21.41
18.09
14.75
5.59
14.92
5.28
12
16.55
18.83
17.06
10.69
7.52
13.34
14.68
9.48
9.27
9.56
4.59
1.6
6.3
6.25
2.09
11.35
15.27
13.93
15.96
17.02
14.03
15.52
18.45
13.11
4.47
-0.28
13.23
21.48
23.5
22.13
20.79
18.93
13.6
8.04
14.56
18.61
20.31
19.11
17.63
14.7
8.1
13.54
14.29
14.89
18.88
18.29
14.31
11.27
13.98
4.57
13.27
12.88
8.8
12.06
-10.86
6.58
1.3
4.47
13.57
15.99
12.8
10.64
10.86
10
8.2
6.04
10.77
16.86
18.48
18.49
14.01
3.52
16.2
17.12
11.04
4.7
6.57
8.13
14.76
15.76
13.69
18.1
19.68
15.37
11.71
12.51
15.88
14.61
12.31
10.62
11.84
8.31
12.68
13.16
14.35
17.63
13.86
9.36
7.9
10.31
12.36
12.58
13.78
18.39
18.58
-2.66
15.59
15.39
10.13
12.91
18.84
16.32
-0.55
15.75
17.87
15.87
11.9
14.51
13.53
11.57
9.47
8.98
5.15
-9.16
9.23
11.37
13.9
17.26
18.61
16.24
14.73
17.58
18.57
17.41
18.43
17.42
13.03
17.3
16.91
11.49
12.71
9.9
9.01
18.1
16.97
13.4
3.85
10.4
12.87
1.16
10.06
18.59
18.33
12.5
8.32
10.48
0.22
11.59
15.45
15.98
11.7
-6.16
12.1
17.81
13.01
12.33
15.61
14.76
14.94
19.42
17.38
9.89
9.31
13.94
16.61
19.52
18.06
14.29
16.14
17.97
17.16
15.21
11.19
13.01
12.89
16.44
16.95
17.48
18.97
17.32
17.45
15.83
11.07
21.43
23.19
19.33
15.21
19.71
16.15
6.26
10.2
16.04
17.12
15.9
11.29
17.13
13.94
8.92
17.9
21.62
20.51
13.89
19.13
19.81
18.08
15
5.24
16.85
19.17
20.96
25.92
25.38
17.24
16.71
18.28
8.71
12.63
12.81
6.2
13.46
19.24
18.27
10.44
12.18
16.57
16.98
15.7
8.39
13.39
12.8
12.08
13.55
10.38
15.04
10.31
19.31
23.08
20.62
18.24
19.93
15.19
13.54
21.03
22.03
21.97
19.13
14.36
-17.91
12.66
23.06
23.08
16.56
18.31
23.15
24.79
20.69
13.03
17.56
14.59
9.41
8.76
15.06
17.39
14.61
17.36
18.59
10.99
15.26
20.43
16.28
7.36
10.75
11.68
14.42
20.68
19.29
17.41
18.43
8.6
14.6
9.93
12.96
9.95
7.3
8.1
3.3
10.83
12.83
11.45
7.97
9.22
10.02
9.79
16.09
12.03
7.74
15.36
15.34
17.36
19.27
14.93
7.18
8.94
5.25
11.82
11.18
2.83
6.08
4.17
13.15
11.84
7.57
15.44
16.51
10.04
9.76
16.6
18.22
15.02
10.53
13.94
12.39
10.41
-0.2
15.03
13.29
4.68
16.45
16.36
7.82
8.82
12.36
18.13
21.69
21.71
16.8
18.56
19.92
16.33
12.32
12.52
7.18
18.14
18.91
12.91
11.89
13.24
16.7
16.16
5.25
15.8
14.54
4.15
17.33
19.22
18.51
16.01
14.25
18
18.67
16.15
15.53
16.44
2.91
14.57
15.25
16.78
5.34
3.31
4.2
12.29
15.72
19.01
21.49
21.4
18.37
19.6
20.55
14.35
6.22
13.5
11.25
12.39
18.7
21.13
18.52
13.08
15.69
16.76
16.85
18.27
16.68
15.92
19.09
14.86
5.64
7.74
12.02
-10.44
14.88
13.97
11.59
8.42
10.54
9.81
10.7
9.51
15.54
16.6
12.94
11.52
14.06
15.03
9.61
7.41
17.46
21.82
22.76
18.12
14.49
18.98
18.43
13.6
11.94
13.78
19.29
19.59
15.56
6.74
12.52
17.45
17.35
10.04
11.08
-3.63
20.51
24.8
22.09
8.81
16.09
17.12
16.43
14.91
14.91
9.23
11.13
8.34
18.31
19.62
13.06
9.92
13.7
14.61
10.79
7.59
12.21
15.54
12.92
20.35
22.8
22.28
17.69
15.31
11.37
18.24
19.7
17.24
19.6
19.8
13.15
13.4
21.47
23.87
24.89
24.47
21.32
15.7
18.27
14.3
11.89
20.59
21.44
17.78
4.2
18.05
17.65
12.85
1.97
12.56
8.48
13.25
15.96
12.03
15.53
20.2
20.59
16.79
7.75
9.82
19.12
17.93
7.48
7.27
7.43
19.43
24.86
24.68
18.56
11.68
17.96
15.28
1.73
10.34
14
16.76
18.65
18.38
13.41
0
-6.27
13.52
17.77
18.79
19.53
16.68
16.43
20.84
15.32
13.27
18.22
7.64
14.84
16.5
17.46
13.4
12.24
14.52
11.47
11
-1.57
15.49
23.45
24.55
21.58
23.04
22.9
19.68
16.45
10.19
14.83
18.76
20.82
19.49
14.88
8.58
-1.9
9.31
15.19
20.51
20.78
17.2
8.67
18.78
18.01
13.17
21.52
26.21
25.92
22.87
19.86
17.37
15.98
20.4
22.75
19.04
21.2
19.54
15.67
16.34
22.66
25.79
24.55
21.68
20.87
17.53
16.05
21.07
19.53
21.89
25.16
24.74
22.62
17.84
-4.97
16.57
20.81
21.9
19.68
14.36
18.33
18.95
17.63
17.76
20.84
16.07
14.59
14.98
11.01
9.83
-4.02
15.43
18.64
20.27
22.33
21.68
14.86
8.05
13
12.73
11.65
13.61
17.17
14.59
15.13
14.95
12.82
20.28
21.61
17.69
10.02
14.47
20.59
22.45
23.76
24.34
23.61
19.76
15.27
18.54
21.43
20.12
18.88
18.19
15.19
11.88
14.4
13.62
14.07
17.84
16.75
18.59
20.86
18.82
7.4
21.12
24.83
24.25
23.74
23.16
19.91
15.24
12.76
19
22.68
21.47
17.09
16.45
16.31
10.81
9.53
22.17
26.67
25.46
16.25
19.05
22.04
21.71
17.37
21.87
23.7
20.89
16.82
14.65
11.47
6.16
14.39
13.41
13.98
23.39
25.6
22.18
22.64
27.01
26.3
23.79
25.66
25.19
22.33
18.51
14.27
22.23
23.14
23.46
18.3
17.33
20
17.32
15.78
13.12
12.95
12.55
10.72
17.53
19.73
23.95
24.98
23.95
22.49
21.74
20.36
18.62
19.57
22.4
23.18
23.44
23.31
20.81
14.86
11.88
17.62
20.37
19.2
20.91
22.47
23.67
23.27
21.72
22.64
23.71
22.76
21.64
18.33
17.63
19.77
19.9
17.43
18.68
22.52
22.83
20.39
11.12
-3.67
10.95
8.65
13.24
19.59
18.51
15.79
19.95
24.12
25.35
25.52
15.35
18.7
18.25
15.05
11.26
17.92
17.41
11.17
-2.48
2.38
14.68
14.8
2.08
8.11
15.47
15.74
17.64
17.39
8.75
12.98
14.75
12.7
9.3
0.03
6.4
12.3
13.8
14.74
12.32
13.23
15.25
13.01
13.83
-4.15
11.47
11.22
4.78
12.2
18.99
18.87
16.41
9.27
6.25
5.73
11.45
15.38
16
15.83
14.27
7.5
-4.42
-10.35
9.49
15.76
19.85
18.83
10.26
-0.36
10.3
12.69
9.95
16.68
13.01
12.23
18.33
17.78
7.93
9.99
11.95
7.58
7.46
6.5
13.85
18.52
22.49
24.86
23.69
18.13
11.45
7.89
11.94
11.55
9.01
15.08
14.89
14.55
15.18
13.83
6.78
6.83
15.78
16.02
9.11
7.46
12.57
13.8
17.18
17.19
19.02
20.23
18.39
16.02
16.52
16.73
15.34
-18.7
11.26
12.69
17.76
21.33
21.7
18.89
10.51
14.62
18.52
18.63
11.46
13.06
16.3
2.31
4.57
7.95
13.55
7.63
-1.71
10.8
15.44
15.96
15.48
14.11
11.93
12.91
16.67
18.04
18
7.64
14.22
16.4
12.2
15.34
12.82
10.56
13.78
14.37
11.96
7.18
13.93
18.06
18.55
13.1
13.4
19.47
18.11
14.36
11.17
16
16.85
13.15
7.51
11.75
15.89
14.97
13.24
8.96
16.42
13.67
11.89
16.47
17.91
14.32
-7.82
8.22
15.28
14.49
7.59
3.94
13.26
11.75
9.11
14.31
11.1
3.09
1.45
16.94
19.57
16.51
13.3
14.16
13.8
16.97
17.8
12.45
9.97
16.64
19.25
18.14
16.53
17.06
13.28
2.95
15.43
7.28
8.72
11.38
11.11
6.71
2.45
9.33
8.61
4.05
11.49
14.43
14.37
15.15
17.38
18.9
18.55
16.55
9.19
11.11
17.38
16.62
0.39
-6
10.75
17.95
16.67
10.79
15.06
14.35
12.18
17.66
17.45
9.75
-5.37
10.01
18.15
17.27
13.56
14.37
16.64
15.63
12.46
2.2
14.12
18.86
18.06
16.11
15.71
11.52
5.3
10.34
4.08
14.23
-3.74
14.73
13.82
12.52
13.04
14.56
17.6
17.83
19.41
15.65
11.69
20
19.16
13.79
12.99
18.45
13.98
8.52
16.02
4.57
11.72
11.13
10.19
15.02
15.81
14.46
11.69
14.42
19.21
19.65
13.92
9.93
13.55
9.05
7.47
6.27
15.14
18.21
13.93
6.22
13.59
14.19
18.6
18.06
16.27
12.87
13.46
16.51
14.76
7.08
2.95
13.72
18.03
15.72
10.94
14.12
20.11
20.43
15.1
14.78
17.57
16.29
12.6
11.2
9.71
-1.53
10.97
18.63
20.57
15.53
2.38
10.3
7.25
9
12.88
0.75
11.03
9.92
11.16
14.08
13.42
1.65
9.93
13.01
13.93
12.18
6.36
10.9
16.76
18.17
14.31
0.3
7.41
8.49
12.28
11.76
14.45
16.23
11.5
14.35
12.38
2.56
11.73
11.89
10.75
8.37
9.81
8.36
10.07
13.32
16.35
17.71
11.27
10.19
18.44
17.15
13.72
12.71
15.12
16.91
14.44
10.32
4.01
3.11
7.6
11.87
14.78
14.62
11.7
11.45
11.18
4.87
9.55
2.54
7.28
4.21
10.95
13.62
16.73
11.38
15.56
12.74
7.94
11.8
10.63
4.37
15.22
9.41
8.79
8.06
-7.18
8.23
8.61
9.37
14.17
15.13
16.56
14.91
12.11
4.04
-0.4
7.42
6.97
3.46
1.96
13.59
10.02
7.13
12.4
14.11
14.01
11.4
-1.46
9.3
10.28
14.9
17.56
14.5
2.69
11.89
13.49
7.78
15.55
16.08
7.73
5.5
9.65
3.89
10.78
12.85
2.43
7.94
4.83
2.33
10.32
14.2
3.12
7.52
9.98
5.94
6.82
7.99
2.55
11.79
11.64
13.79
14
11.35
11.95
14.22
5.91
4.66
3.26
11.92
14.99
6.65
7.16
6.5
10.43
7.51
10
15.55
7.05
11.79
8.41
4.15
1.45
10.07
15.3
13.05
-2.72
13.47
17.45
15.38
10.32
13.74
9.15
17.15
19.97
16.48
15.06
15.8
16.51
18.26
13.88
11.53
9.58
4.93
6.79
10.56
11.37
13.56
12.38
13.15
13.98
13.02
10.68
9.47
10.39
15.52
16.03
17.86
19.14
14.11
7.21
15.81
13.04
8.42
11.13
7.72
10.01
9.17
6.22
12.46
17.13
15.86
10.21
-5.31
9.2
12.92
8.77
2.29
7.98
-2.9
5.03
4.54
3.83
8.73
8.08
12.83
15.17
16.35
13.61
-6.52
1.59
14.93
17.39
15.94
14.66
13.86
14.3
16.65
18.53
14.08
4.48
10.35
4.87
16.53
8.52
16.72
17.59
12.43
8.21
10.04
8.68
15.28
16.51
12.71
7.69
8.57
7.02
7.77
8.24
10.54
15.21
16.07
9.83
3.54
15.58
18.38
17.1
13.8
7.9
11.34
7.53
-8.16
-1.3
5.49
5.72
3.49
6.93
10.56
7.11
12.01
5.37
-3.11
-15.75
5.07
6.74
14.18
13.26
8.37
12.56
17.72
11.85
9.27
10.2
2.62
6.79
2.38
15.06
16.24
14.07
11.94
9.42
2.08
4.21
9.02
6.52
12.7
15.54
6.09
9.57
11.2
10.59
8.82
8.23
7.59
11.3
13.48
17.39
16.11
-0.51
8.41
14.47
17.46
7.09
11.14
9.48
11.25
10.4
4.83
15.28
17.04
13.52
1.62
12.99
10.22
2.88
8.49
16.12
16.46
6.06
13.14
5.77
8.88
6.8
-10.19
1.64
8.51
6.23
-2.86
7.88
11.89
14.8
8.87
11.11
11
7.81
9.76
7.46
12.52
13.5
12.74
18
19.93
18.9
9.56
13.48
18.57
18.73
17.35
12.79
16.69
14.12
5.66
5.65
8.09
11.25
7.84
3.32
12.18
12.01
10.85
17.8
18.09
18.29
17.35
14.02
14.37
16.71
16.43
14.86
17.71
18.5
9.09
6.88
13.98
14.58
12.73
15.1
16.64
13.69
11.96
8.88
17.85
18.73
16.07
2.2
7.84
7.76
13.23
17.21
16.43
11.31
11.25
18.03
17.48
11.4
10.47
12.4
13.52
12.67
7.6
10.66
10.11
7.18
13.64
9.33
11.2
7.67
12.91
10.98
8.1
10.8
11.83
12.44
9.85
7.9
10.09
11.02
16.15
13.8
9.94
15.05
16.06
11.76
2.55
7.44
16.67
17.25
13.15
7.12
3.42
9.95
11.24
6.58
14.13
12.27
10.72
10.36
-1.14
2.58
9.63
5.28
5.39
11.22
13.66
4.11
12.89
10.35
9.89
10.85
15.16
15.74
12.08
10.72
9.66
-12.48
9.94
11.85
7.63
11.36
12.87
14.85
16.3
-0.53
7.28
11.93
13.03
13.14
6.19
8.68
5.98
9.88
9.34
4.99
11.91
14.7
13.1
16.64
16.25
12.99
4.02
-1.04
7.92
8.39
2.71
-5.94
12.14
16.56
13.13
11.59
13.49
13.7
12.42
15.4
15.11
11.93
9.32
9.91
11.72
11.16
0.8
6.43
-10.08
10.39
2.41
9.79
15.82
12.36
4.25
10.18
9.14
13.28
15.9
13.46
13.39
16.28
15.63
16
14.62
6.22
8.67
8.5
-1.28
2.88
11.06
13.76
7.96
5.84
10.36
6.14
6.49
15.99
11.87
6.74
12.21
10.88
15.13
17.29
18.36
14.48
9.27
12.66
10.87
3.94
9.38
10.69
12.87
11.73
12.6
15.37
17.79
14.28
16.15
19.58
18.31
12.8
8.36
9.57
4.86
4.08
1.71
4
-6.85
6.8
7.88
6.17
15.26
9.73
2.39
4.49
11.41
13.6
11.73
11.85
10.48
13.09
5.03
-29.14
11.42
9.42
11.38
14.26
15.99
19.24
14.04
14.75
11.76
13.08
12.99
7.65
9.4
15.99
16.59
12.73
11.14
13.69
14.22
8.36
-1.08
7.57
10.49
11.84
14.08
9.39
-1.69
5.08
-1.49
10.17
13.6
7.88
10.54
15.16
13.06
13.39
13.82
10.76
13.15
13.83
15.77
18.17
10.72
15.92
19.37
18.84
15.49
8.39
11.88
16.75
14.48
10.93
2.3
12.14
10.07
3.71
3.96
6.58
13.62
14.38
12.29
18.02
19.43
22.35
24.69
21.86
11.32
12.56
13.65
8.72
5.37
8.93
4.15
9.69
11.89
2.13
8.02
14.07
10.05
9.48
13.26
15.51
17.86
18.11
20.03
20.22
13.54
10.51
12.28
9.16
13.35
12.79
8.54
14.68
9.03
-4.67
13.16
9.72
8.09
8.91
5.71
14.89
15.45
8.91
-4.74
12.76
17.56
13.86
5.26
-3.51
8.35
1.44
5.41
9.96
11.98
6.91
15.25
15.42
10.01
7.97
2.43
6.33
12.1
9.33
10.96
12.45
-5.07
10.46
5.92
7.82
12.57
12.97
12.67
10.08
3.69
11.27
5.66
15.92
15.43
11.92
11.06
11
13.14
15.26
13.58
11.01
7.02
5.88
7.73
10.43
11.6
13.16
10.49
4.45
7.04
15.04
15.58
5.75
3.08
1.17
11.25
16.17
7.36
9.19
13.36
15.43
5.94
13
15.61
9.04
7.11
12.82
10.22
11.66
15.29
16.27
10.41
8.99
4.29
3.95
9.41
11.06
12.78
15.88
14.89
11.4
7.82
11.69
15.41
15.86
11.6
9.74
11.04
15.53
14.37
15.3
15.84
10.11
4.69
15.02
11.97
10.83
12.77
11.64
12.74
7.31
13.61
16.44
15.58
-4.68
11.49
9.31
4.37
10.21
8.31
0.57
6.11
10.95
11.59
4.24
8.71
13.57
16.01
16.39
12.18
-4.43
6.38
11.9
12.38
12.66
15.43
16.87
12.72
11.74
14.69
12.15
13.33
12.72
11.02
13.58
13.96
10.29
2.45
4.44
4.4
0.96
-8.11
7
12.56
6.52
10.1
14.63
9.22
5.13
8.24
10.88
10.92
13.42
14.13
10.04
11.21
12.07
7.87
-11.32
9.79
13.44
8.03
11.54
17.32
18.48
12.2
10.68
5.85
-12.23
9.94
13.53
8.06
6.02
5.33
2.76
2.5
5.19
12.97
10.36
15.54
11.31
13.03
15.04
15.76
14.34
2.62
15.18
10.35
11.01
8.39
8.29
10.78
14.92
15.4
16.72
18.05
14.49
3.3
3.36
3.87
9.57
12.23
12.01
13.06
1.99
6.57
1.79
2.88
0.09
11.06
10.61
9.38
8.3
12.57
14.64
14.23
11.7
1.75
10.92
17
12.44
1.43
12.98
15.67
13.98
11.8
9.5
6.34
6.63
-1.85
9.31
16.83
17.67
14.56
17.27
16.35
7.84
14.3
19.23
18.6
14.27
12.59
13.74
12.87
11.09
10.16
9.2
9.79
16.32
9.79
7.52
13.09
16.15
15.8
11.69
5.1
5.33
8.31
7.85
5.62
12.75
17.24
13.84
12.31
9.93
6.86
15.3
14.09
15.1
14.71
12.51
10.25
10.88
9
11
12.45
14.88
14.89
13.73
11.97
13.27
13.71
6.81
13.9
15.99
15.41
12.88
11.61
11.14
13.3
15.23
16.11
10.25
15.58
11.66
9.34
14.18
12.88
13.54
17.45
15.29
11
9.58
9.58
-0.47
5.67
3.02
4.94
11.81
14.4
14.98
11.97
8.46
4.63
13.88
15.12
12.8
10.67
5.28
6.72
14.09
16.84
10.39
3.16
12.53
13.36
-0.35
4.31
8.28
5.47
12.35
11.94
12.77
15.83
19.67
17.66
8.82
13.44
14.33
15.61
15.81
14.72
9.35
0.07
16.36
19.09
10.95
12.03
17.26
11.29
3.83
14.85
16.75
13.51
10.97
8.66
12.1
12.52
14.65
14.63
11.11
7.06
7.67
9.62
10.15
10.52
9.91
8.06
5.97
12.27
4.56
5.83
6.46
3.41
8.2
12.57
11.54
11.55
22.16
25.15
21.94
11.82
17.96
14.94
13.97
12.97
9.91
6.51
11.86
10.74
3.54
10.91
10.95
9.58
10.64
13.79
11.83
12.79
16.22
13.91
8.03
9.55
12.22
8.81
5.57
2.09
11.19
10.87
3.34
7.29
10.74
5.19
10.25
18.26
13.57
7.02
2.84
13.17
15.88
14.73
15.45
13.61
9.28
14.56
14.42
9.71
1.12
7.33
4.55
4.2
11.22
9.39
14.76
16.62
12.99
4.88
4.29
8.09
13.38
14.13
10.55
12.52
13.12
-0.34
5.72
10.32
9.06
7.79
10.3
10.26
2.94
4.4
-6.02
6.52
9.36
11.19
8.01
7.6
16.32
15.17
1.08
8.12
7.86
8.01
11.04
16.36
17.02
14.06
9.09
5.39
1.5
3.57
6.36
11.04
0.98
7.22
5.33
12.51
13.37
12.49
9.53
8.8
0.23
11.9
13.16
13.69
14.62
12.8
13.64
11.78
12.59
16.22
17.46
15.72
11.67
10.86
2.68
12.75
12.32
4.34
-10.81
3.74
9.26
4.75
3.07
14.49
14.12
7.86
10.69
10.79
3.1
4.58
7.92
8.9
7.11
9.97
10.19
-4
14.05
16.77
15.95
12.86
1.41
14.58
13.98
-1.92
12.7
10.34
5.31
7.53
7.91
9.76
9.23
1.23
8.16
7.1
14.63
16.24
12.42
-8.13
9.7
15.93
16.63
15.15
12.37
9.93
11.37
4.27
7.21
9.32
9.6
10
9.83
12.76
13.95
14.96
16.1
13.39
6.31
4.63
7.27
11
15.01
15.44
12.34
10.02
3.45
0.02
3.43
12.27
14.92
10.95
10.82
13.4
13.81
11.28
8.8
13.08
13.67
12.84
12.19
6.72
9.15
11.57
3.89
11.18
14.88
14.34
11.77
-1.79
13.09
17.41
15.34
12.77
13.03
12.96
11.8
10.45
14.93
14.38
0.05
11.59
12.57
10.74
-15.51
11.69
13.51
16.13
14.75
12.36
17.59
18.47
15.38
9.52
16.3
11
12.75
10.09
15.77
14.35
11.57
11.4
1.7
14.48
16.2
12.08
12.19
16.6
14.94
10.71
9.92
10.61
13.56
10.38
3.04
15.41
19.64
19.53
16.02
3.45
9.57
13.01
15.66
15.1
16.25
16.85
16.2
17.26
17.03
12.94
6.23
10.7
10.53
12.63
14.61
14.93
11.89
13.44
15.68
17.87
18.78
15.66
15.22
18.13
19.16
15.49
3.4
5.29
12.54
15.64
17.07
18.34
17.64
16.13
13.91
14.62
12.6
15.89
18.38
16.27
14.26
15.28
13.09
13.07
18.2
19.27
12.7
11.01
17.56
15.68
9.17
13.43
15.16
14.45
9.28
-2.05
3.23
1.65
13.03
15.4
12.44
8.73
8.9
13.66
16.02
11.24
11.54
17.7
12.79
3.64
12.02
11.63
11.17
11.07
4.61
11.35
16.94
18.12
18.76
16.8
19.41
14.78
9.68
16.9
17.63
13.43
11.52
15.24
15.63
12.29
7.55
13.1
11.37
3.31
10.06
13.49
6.26
-6.24
-6.72
6.33
13.79
16
10.66
13.77
17.91
15.17
14.31
15.88
15.5
12.2
12.97
15.72
13
5.33
6.56
3.64
8.75
13.69
16.83
17.13
13.35
11.92
12.98
8.11
5.72
14.07
17.46
16.47
15.6
12.51
9.5
9.88
3.4
7.45
9.74
5.91
-0.82
6.95
11.76
16.2
20.56
18.44
5.94
2.73
7.36
9.07
6.36
19.19
22.49
21.19
16.57
10
9.27
10.98
11.02
8.3
6.74
16.24
15.51
8.93
8.31
7.54
10.33
4.2
5.96
9.92
12.57
10.44
5
8.41
14.17
10.84
6.48
13.24
12.45
11.31
12.02
15.08
16.93
13.48
-5.97
8.12
8.84
13.79
6.96
14.25
18.3
10.16
14.6
14.92
11.82
11.8
9.64
7.76
9.95
-1.8
15.64
15.13
10.19
-1.66
9.72
13.05
14.66
12.75
1.05
7.49
9.18
7.25
7.87
-8.3
12.25
14.57
12.11
6.45
1.26
-1.2
8.01
8.23
13.61
11.08
9
13.13
14.6
14.02
14.05
14.72
14.07
11.3
-0.78
7.9
8.94
-4.4
9
17.27
18.81
16.29
10.3
9.87
12.44
10.6
9.38
6.22
11.03
8.46
9.06
13.53
15.29
9.45
4.28
12.48
11.35
16.57
17.18
7.33
11.68
15.73
18.39
20.44
19.3
11.4
7.66
1.15
-2.54
12.89
9.92
14.96
19.12
17.55
12.79
12.25
12.96
9
14.15
15.4
4.83
5.59
6.83
7.46
10.22
4.73
7.18
12.77
12.94
7.63
12.17
15.33
14.6
12.17
3.2
12.92
13
16.04
16.7
17.02
17.94
16.9
12.43
4.21
8.94
8.69
12.91
10.32
5.94
5.14
15.96
13.16
11.89
15.79
13.45
8.83
12.23
9.56
7.58
6.86
-0.38
5.82
7.92
12.88
15.96
16.06
