7.28
11.08
12.17
10.12
13.21
14.11
12.4
10.3
10.75
6.67
2.28
-5.92
3.92
5.55
4.11
-7.54
4.51
12.17
15.11
14.54
10.19
10.13
6.14
13.34
15.38
15.75
15.89
16.88
18.9
19.08
17.33
15.45
14.08
14.8
8.57
10.16
13.15
5.03
8.04
9.16
13.12
15.43
11.13
4.47
12.2
14.91
8.1
6.55
7.41
8.59
4.45
2.14
7.13
4.95
8.93
10.02
12.44
13.14
6.79
1.16
0.07
-4.02
3.4
5.28
10.63
16.62
14.03
13.25
11.2
-21.18
5.1
7.55
7.72
3.53
9.97
8.57
-0.41
6.44
12.19
10.33
9.9
12.18
13.96
11.51
0.15
4.3
13.23
12.39
8.08
12.99
14.61
12.76
3.5
-21.98
5.19
4.56
8.69
13.19
6.32
9.6
12.98
15.28
14.04
7.35
8.03
8.15
3.26
13.29
12.61
13.43
15.42
14.46
11.63
7.81
8.14
5.39
3.03
9.4
15.4
17.32
14.4
-8
7.47
3.95
5.47
10.4
13.23
14.01
12.25
7.87
4.03
7
7.97
7.96
10.79
11.37
9.45
11.98
10.74
5.97
11.49
7.74
-12.23
6.37
4.03
3.52
10.24
11.73
-6.93
8.28
8.8
9.91
5.25
12.9
11.57
6.62
7.71
12.78
13.26
8.46
9.57
15.79
14.8
-3.27
9.97
10.66
8.41
4.45
5.85
12.01
14.58
14.09
13.68
13.84
3.82
6.48
8.82
11.2
8.29
5.13
6.22
12.52
9.8
-0.27
6.16
7.25
2.16
10.8
10.3
3.15
4.65
12.34
14.4
10.51
10.09
10.8
16.23
17.55
19.43
22.01
21.78
18.47
14.06
13.1
7.29
7.96
10.16
9.92
11.18
5.05
-2.28
8.73
12.98
10.65
-1.72
9.93
9.75
3.49
11.11
15.27
9.43
10.89
8.1
0.53
7.3
7.5
7.22
12.53
9.26
9.67
11.05
12.35
13.2
10.49
7.15
10.53
8.66
5.54
14.98
13.7
5.55
13.49
15.06
12.07
8.69
8.47
15.18
16.28
11.47
9.32
8.3
5.8
1.8
10.5
9.54
5.2
-0.5
-4.97
8.47
9.69
10.72
4.56
11.78
14.64
11.35
10.3
-4.89
10.77
4.49
-2.44
3.1
12.14
9.55
12.55
13.53
1.82
5.11
3.39
-5.57
2.78
12.49
16.94
16.96
13.62
10.17
5.88
6.42
13.24
15.97
13.95
11.58
8.57
10.08
7.26
6.4
10.79
6.45
10.1
13.13
10.8
9.71
9.56
0.09
11.58
7
5.41
3.05
6.14
8.57
6.91
8.88
11.12
12.56
13.78
12.98
9.71
-2.45
6.39
5.39
0.49
8.35
13.02
15.12
9.89
5.23
14.92
15.81
10.59
-1.66
0.65
-6.34
-2.62
7.75
7.98
13.66
16.23
10.77
2.09
3.65
-0.85
1.73
6.4
11.29
12.24
8.52
1.26
7.92
0.94
11.58
7.15
-1.98
1.19
9.2
8.49
2.37
12.59
12.6
7.47
11
14.38
9.87
10.66
11.49
-1.39
11.35
9.06
4.81
9.58
10.05
14
17.37
18.02
15.19
10.44
11.66
14.82
15.61
14.75
6.29
9.74
6.99
12.59
14.05
11.73
6.07
3.33
5.38
5.22
5.74
8.13
10.24
9.16
3.7
-2.51
6.31
10.88
12.84
8.06
8.2
6.35
-10.36
10.26
5.12
9.34
11.44
14.65
12.04
-4
6.19
8.95
7.91
6.57
8.25
7.04
-1.67
-1.65
1.21
-2.48
-3.14
-1.08
8.97
12.49
8.37
-4.27
5.72
1.17
8.99
12.57
10.01
5.37
14.72
15.34
10.74
8.84
9.17
-16.28
12.89
14.1
10.26
8.43
11.01
13.29
11.74
12.13
15.27
14.8
10.16
6.26
13.23
10.08
-0.06
12.07
16.07
13.33
7.41
-2.11
4.11
11.67
12.33
11.34
9.38
-0.34
2.28
10.72
14.49
14.37
9.26
1.58
-0.71
4.16
12.32
7.14
5.87
12.5
15.94
16.5
13.92
13.44
15.72
11.85
2
5.07
2.17
5.82
3.9
7.03
13.08
14.84
17.1
16.04
12
11.64
8.79
-2.4
-6.7
-2.7
2.52
10.29
11.05
11.35
9.87
9.93
10.65
9.02
11.55
0.67
8.14
-0.32
9.67
16.85
16.52
7.92
9.2
8.81
10.85
14.07
12.13
12.41
7.72
-3.31
-5.54
4.38
4.77
-6.56
-3.5
3.99
11.63
14.87
15.9
10.56
1.87
-6.99
10.95
11.32
4.31
4.04
10.23
6.49
13.51
15.75
17.81
15.89
10.27
10.94
14.31
12.35
10.31
8.73
7.7
8.54
6.69
4.95
3.99
3.91
8.96
4.93
9.75
14.77
15.98
15.52
13.05
10.35
7.28
9.37
15.75
14.99
6.96
4.4
9.07
12.98
12.39
11.6
11.18
9.04
4.37
-17.03
8.36
10.88
12.53
9.4
2.82
1.22
5.95
-8.18
3.74
11.29
7.89
0.42
-12.84
4.88
1.26
14.29
19.18
17.54
8.75
11.42
14.11
14
19.18
17.99
18.1
20.92
21.29
17.43
7.23
-2.72
7.96
15.3
13.98
-2.28
5.95
5.02
3.78
5.19
2.78
7.73
4.21
-9.39
1.37
4.8
10.96
11.51
9.72
1.32
-17.09
3.11
0.95
-3.42
4.85
10.75
13.42
14.71
13.13
13.87
14.41
13.8
17
16.59
14.57
12.33
13.41
15.7
17.54
17
12.65
0.23
8.03
10.52
13.88
12.03
5.75
1.43
4.94
2.26
3.44
9.22
11.99
8.78
7.45
12.61
13.73
10.6
6.58
5.13
12.4
12.41
13.1
15.74
15.64
6.42
3.39
-24.99
2.21
-1.85
0.34
7.42
3.27
2.97
10.22
10.96
8.78
8.14
8.7
10.47
13.09
16.14
14.25
7.84
2.81
8.47
16.29
16.63
10.26
1
10.58
6.3
7.64
6.24
8.93
11.5
10.15
7.53
10.14
12.27
3.79
-0.75
-2.12
-6.48
8.36
12.73
8.64
11.69
15.92
15.49
12.25
4.04
1.51
5.81
-2.71
10.85
9.26
11.37
17.6
15.95
13.58
14.76
14.55
11.88
12.29
9.41
5.13
7.02
7.73
12.75
15.01
16.18
14.47
9.1
3
-11.39
4.98
8.66
11.08
10.38
1.05
5.32
11.86
15.38
16.07
11.36
-1.69
8.76
10.4
3.06
11.29
15.56
15.2
8.01
2.81
11.14
11.91
6.75
4.93
11.26
8.72
2.64
12.77
11.53
10.41
14.24
15.23
10.92
8.34
11.47
11.13
5.93
6.76
7.98
14.65
10.97
-0.04
-3.58
-2.73
0.59
8.97
7.61
7.14
11.06
7.79
4.24
8.17
9.73
10.06
7.1
-5.54
5.61
7.09
10.99
10.21
8.81
11.74
11.51
15.47
17.41
15.51
11.58
17.86
20.34
12.31
17.02
24.13
27.36
26.46
21.17
7.61
8.54
14.52
13.18
8.57
15.78
19.29
21.3
18.39
1.33
15.64
18.12
23.43
22.46
14.14
0.96
15.97
20.76
21.26
21.39
18.62
15.87
16.96
23.71
30.42
31.19
26.91
10.88
20.63
22.37
17.2
13.43
16.73
20.58
15.22
15.38
12.69
21.12
-1.98
21.59
21.94
24.96
12.5
21.55
18.71
15.27
19.17
17.73
15.96
24.78
26.29
21.71
17.2
24.78
24.4
26.09
27.43
23.67
18.34
19.09
16.29
19.98
24.58
20.48
19.88
21.71
15.02
19.23
19.97
13.76
18.51
24.96
21.35
7.48
9.1
21.38
26.55
26.89
23.47
18.17
20.35
25.45
28.58
25.21
9.39
15.64
14.17
11.79
19.29
24.81
23.93
19.56
3.74
21.04
19.62
2.63
14.92
17.03
12.9
12.3
15.78
21.86
21.94
14.54
11.47
19.28
27.55
30
30.08
27.58
22.31
15.55
16.32
11.71
9.28
11.57
9.86
16.49
17.57
16.01
24.32
30.08
31.56
25.67
11.21
9.94
2.77
15.57
16.79
19.82
19.38
16.91
15.22
11.93
20.82
27.67
29.32
23.28
15.67
23.44
22.17
21.97
24.31
20
16.66
21.28
28.72
29.43
21.67
11.81
17.49
20.85
24.81
25.83
20.41
20.53
20.09
10.62
24.62
25.5
25.34
24.63
24.61
25.84
25.38
21.89
21.51
24.37
23.49
24.99
23.94
24.26
22.09
10.71
26.02
26.37
22.24
24.05
21.42
14.78
22.2
12.71
4.73
0.97
19.38
21.68
23.52
30.22
29.28
24.31
12.18
15.81
20.2
19.75
18.72
12.11
10.66
16.58
26.35
30.35
29.64
25.03
17.6
21.52
26.11
24.09
23.15
24.8
20.53
9.51
16.26
10.53
19.25
20.07
21.09
20.63
18.86
19.87
27.13
25.84
18.66
11.42
7.64
16.2
18.6
21.06
19.96
8.05
17.38
9.33
5.63
16.75
20.61
17.18
7.43
14.97
21.23
26.55
26.65
19.03
7.82
3.22
4.03
14.09
19.42
21.75
17.38
12.44
16.09
20.21
23.73
22.61
14.83
15.97
12.46
14.59
18.22
19.44
19.57
19.95
23.08
22.41
18.19
18.97
20.78
22.49
21.23
13.49
12.49
15.49
20.97
21.98
26.53
25.9
19.63
10.36
2.3
17.32
22.99
21.31
16.9
14.59
18.67
22.98
23.65
25.03
23.53
10.39
14.87
13.27
16.95
21.74
20.74
21.38
19.86
8.59
17.05
19.93
19.73
10.59
12.12
22.93
25.28
23.09
16.98
9.42
12.71
18.16
17.53
15.41
16.8
12.96
8.97
15.53
15.51
21.43
20.24
15.5
13.82
7.67
9.2
15.75
16.3
19.7
19.99
19.83
19.76
17.69
17.61
18.46
20.17
20.25
13.28
10.86
11.2
16.09
15.17
19
20.22
13.52
15.39
15.24
18.86
13.19
5.65
12.92
14.34
16.97
15.58
15.51
17.62
18.11
18.11
3.71
17.76
19.52
16.09
9.72
-2.72
9.59
1.04
12.75
16.05
18.43
18.95
15.51
11.62
15.42
19.15
17.84
17.68
15.56
10.9
9.83
-0.09
7.05
10.85
5.47
10.66
14.7
16.02
17.95
18.83
16.73
15.33
7.27
1.58
13.48
14.56
11.28
12.54
20.05
20.44
20.09
22.16
23.19
23.87
21.36
12.47
20.73
24.36
24.1
21.24
19.51
20.15
13.2
17.04
17.69
17.35
21.94
19.73
10.04
17.47
20.88
20.54
19.21
21.15
16.79
13.87
19.06
22.52
20.57
14.18
12.9
20.36
18.92
22.6
24.1
22.76
18.04
19.69
21.62
19.09
18.7
22.24
20.91
22.14
21.61
20.09
21.95
24.79
25.37
22.73
17.91
15.21
14.27
22.11
22.82
14.83
18.4
23.93
23.88
19.84
18.24
17.41
14.39
17.85
24.51
27.55
28.26
28.5
29.83
30.24
26.34
20.37
14.15
21.59
27.61
30.44
29.23
23.84
22.39
17.23
12.63
17.34
18.51
22.73
26.33
25.08
18.28
19.65
24.41
21.9
16.4
12.31
17.04
24.42
26.76
21.43
-4.08
20.26
28.98
30.67
27.66
26.01
28.42
26.55
26.39
28.58
26.12
24.09
26.29
26.01
21.7
10.56
12.64
7.16
9.85
7.09
22.44
20.64
16.07
19.31
16.92
3.42
20.75
24.11
18.93
20.17
22.18
20.83
17.52
11.18
21.83
21.58
9.24
22.53
22.35
17.51
18.37
22.19
17.69
15.24
17.76
22
22.86
16.9
9.07
8.05
17.71
14.38
11.97
6.93
16.47
22.8
22.56
15.99
22.45
20.88
19.08
24.08
20.27
9.24
19.78
22.63
21.04
22.05
17.64
1.85
17.62
24.25
20.9
13.29
15.77
17.85
24.17
22.13
18.72
18.45
17
14.78
23.87
24.75
19.82
4.86
15.41
24.28
25.82
21.86
12.84
14.22
13.36
24.15
22.43
6.99
3.94
9.4
20.9
21.1
2.32
17.4
10.8
21.83
18.27
24.4
22.51
18.68
16.33
22.66
24.93
19.44
15.33
21.45
22.75
24.4
23.1
11.69
24.28
23.63
20.63
26.44
19.94
-0.69
19.19
20.7
5.5
18.1
18.65
20.71
10.27
9.3
15.3
15.4
12.15
-0.18
17.45
19.82
17.76
6.15
17.03
14.64
14.22
11.3
19.74
22.47
25.17
22.31
5.74
14.09
21.39
23.06
21.28
16.2
12.33
18.44
14.32
10.65
-0.73
5.17
-6.29
12.66
13.46
21.39
26.12
24.45
20.95
21.51
24.21
22.78
16.84
12.33
21.77
21.36
25.13
28.03
24.36
7.79
21.33
23.44
20.54
17.91
14.2
-1
19.26
23.98
19.3
-13.02
13.38
10.97
6.84
14.08
20.32
20.41
17.76
18.95
16.38
20.81
18.29
5.32
17.54
19.44
16.96
16.08
-5.61
16.78
22.18
18.38
12.18
18.14
17.65
17.51
19.51
14.47
18.48
23.91
22.29
13.58
11.63
16.98
9.4
19.26
19.11
17.63
24.38
24.81
21.51
19.81
17.44
13.78
17.12
20.8
18.99
13.33
16.22
16.35
9.54
17.12
15.05
14.2
16.3
16.2
15.27
15.3
18.26
22.06
20.84
19.26
17.73
12.33
8.35
14.13
16.27
10.81
10.74
17.64
13.8
16.29
19.91
20.82
22.19
19.84
20.38
12.42
12.16
17.74
18.14
15.21
8.7
3.76
6.58
8.18
15.74
9.98
13.32
16.29
12.14
13.42
9.52
10.57
12.15
20.29
12.63
13.87
15.64
12.25
21.46
21.06
12.3
20.03
19.75
8.1
-0.49
12.33
13.69
7.84
9.62
16.39
21.2
16.83
14.3
14.09
21.09
17.98
21.35
26.03
22.77
15.79
19.19
12.03
16.09
21.82
21.98
18.18
15.33
23.61
25.77
23.88
12.6
-4.13
17.42
25.58
28.22
27.4
25.63
23.7
21.12
13.49
21.48
24.44
25.37
22.6
4.26
23.4
24.57
16.05
13
19.85
20.71
2.72
19.75
23.94
24.63
21.76
13.88
19.54
14.94
18.86
22.26
17.06
17.08
20.65
26.51
26.65
24.2
24.15
24.76
25.28
25.02
24.14
26.01
24.58
16.02
17.3
22.65
18.97
13.02
13.39
10.36
11.58
13.91
13.79
2.22
20.57
25.06
25.7
19.13
16.94
18.85
20.37
24.34
21.96
20.93
20.38
23.06
23.12
25
23.35
21.57
21.52
22.85
23.08
19.11
23.67
25.75
24.62
21.6
15.05
16.24
20.46
15.25
5.49
14.64
19.74
19.94
12.76
14.56
14.54
19.41
23.33
23.26
19.12
8.9
20.12
21.49
21.95
21.81
-1.23
22.25
21.6
21.36
25.57
24.49
21.98
22.34
19.29
16.23
20.58
20.34
22.23
27.37
27.7
19.58
6.41
19.1
15.39
18.42
24.43
20.97
15.2
23.65
26.91
25.83
21.8
20.98
18.03
17.06
20.93
19.35
17.27
25.23
27.55
19.3
27.03
33.18
33.51
29.74
29.82
25.43
10.92
8.78
15.96
18.06
19.13
21.37
14.92
12.42
18.33
23.91
18.79
21.97
25.36
22.93
20.29
13.61
12.79
33.96
44.04
44.4
36.4
26.28
24.6
24.82
20.14
17.94
21.14
26.54
28.41
24.18
6.18
22.63
26.17
27.48
25.29
19.71
20.9
18.09
12.91
12.12
16.31
18.2
25.21
26.75
25.39
24.12
42.37
45.38
39.21
26.43
21.75
19.29
17.5
16.74
13.02
25.52
25.6
13.66
15.3
21.55
23.58
19.5
14.33
17.47
18.8
22.46
26.12
28.39
30.28
26.77
23.76
19.29
20.86
23.02
13.89
20.5
24.88
26.45
27.9
29.89
29.78
24.98
21.31
22.6
21.18
18.04
11.85
22.8
23.73
14.6
20.16
20.62
24.67
16.54
11.4
16.43
29.99
41.68
42.46
35.21
22.26
13.46
13.95
15.78
15.26
17.34
26.99
28.06
17.3
32.19
37.52
33.24
12.96
15
19.83
26.29
24.39
21.35
23.54
23.96
19.46
22.64
21.48
21.01
19.23
19.62
26.9
38.89
42.49
37.28
25.2
20.4
20.78
24.78
25.95
24.02
22.37
12.02
24.74
24.41
18.98
17.67
20.38
18.76
19.75
16.96
11.76
3.7
21.17
26.14
22.2
11.75
17.97
12.82
14.07
15.62
16.06
20.23
20.25
14.49
13.79
14.73
11.49
21.47
23.63
23.29
24.83
23.21
22.41
22.88
26.81
27.9
23.56
25.51
25.75
28.25
30.83
29.08
30.31
40.38
44.01
39.3
25.66
21.08
20.51
7.54
22.93
16.61
23.86
27.76
24.11
14.47
12.33
20.49
20.98
5.62
7.77
19.03
22.75
22.08
23
25.94
26.91
25.57
23.36
22.89
21.44
19.99
20.42
21.84
22.94
16
6.11
22.31
28.12
23.79
12.12
19.77
17.34
26.54
24.68
16.48
17.63
18.65
28.98
29.24
23.03
23.59
20.13
6.1
16.71
17.79
15.88
15.97
23.13
27.81
23.88
8.38
16.48
22.6
25.78
26.64
22.98
29
30.6
30.27
27.54
12.28
20.48
26.95
31.9
39.63
42.99
38.82
27.75
26.07
27.08
23.82
13.72
21.83
19.71
24.63
33.97
31.77
23.22
26.44
29.11
32.41
31.87
23.13
36.25
39.17
34.89
31.34
30.01
29.51
25.2
18.67
19.82
23.19
23.74
25.66
30.34
31.25
22.32
13.56
24.06
22.2
6.96
25.75
28.76
32.07
35.21
32.7
28.15
29.44
24.93
22.38
25.44
23.04
30.94
32.42
28.16
19.65
15.48
20.49
29.54
29.79
20.14
19.71
20.07
32.19
35.63
33.87
29.3
29.42
29.38
18.35
23.56
31.22
31.01
27.06
25.63
30.18
32.66
24.25
24
20.72
36.97
47.43
48.05
38.46
26.06
29.18
31.09
33.08
32.63
31.94
41.26
49.06
48.65
37.09
29.81
27.54
17.69
17.6
27.51
28.12
23.99
31.07
32.74
31.73
28.5
24.64
12.27
23.5
31.88
32.82
25.35
22.13
28.29
24.14
21.09
29.14
32.54
29.17
25.27
24.97
20.25
22.01
23.69
19.84
20.73
25.69
29.25
31.9
29.8
28.03
22.21
21.64
30.04
31.67
29.76
24.01
8.69
24.79
28.82
22.44
9.2
13.11
21.01
26.29
22.97
32.71
29.49
25.93
25.82
27.73
30.79
30.25
26.61
13.61
21.03
25.01
25.16
28.23
31.82
33.62
32.15
29.13
29.05
28.99
27.86
20.6
14.85
19.81
21.03
18.5
28.66
29.3
25.2
22.89
26.51
27.44
22.64
16.97
26.46
29.5
25.6
29.77
31.5
28.3
27.5
26.05
23.73
32.77
31.49
21.24
16.63
23.88
27.98
28.24
27.12
23.69
23.13
30.75
28.48
21.78
20.6
30.14
35.15
34.37
30.59
26.83
27.26
25.91
22.72
25.99
23.82
19.11
22
27.36
29.11
26.46
13.98
22.59
19.12
17.53
2.94
26.24
25.17
21.8
21.01
20.92
27.59
29.93
27.32
14.99
27.41
30.14
32
29.45
18.94
19.36
11.24
20.08
23.82
15.15
11.65
14.56
20.35
21.08
23.32
28.09
28.19
27.41
24.39
19
21.56
28.21
29.86
29.97
32.33
31.23
31.54
31.83
28.31
20.4
12.77
10.33
12.46
21.14
27.33
31.61
30.17
26.06
25.95
30.5
29.03
25.3
23.83
13
19.43
10.96
23.31
21.87
26.77
29
27.84
27.01
19.81
26.47
24.73
23.84
27.04
26.45
27.76
30.71
31.49
31.28
29.22
27.61
26.95
24.79
24.09
23.04
20.09
18.71
25.6
25.9
25.49
23.12
10.81
17.87
15.41
13.09
9.58
16.83
23.18
25.38
25.59
26.08
25.4
27.08
27.36
22.33
22.48
25.18
24.26
24.98
26.61
24.34
19.15
20.12
20.55
24.1
22.09
16.91
12.87
15.85
15.12
15.82
18.32
20.33
21.91
22.86
18.63
20.91
23.95
24.47
23.42
22.39
17.01
17.66
26.7
25.68
20.78
22.55
27.38
28.4
22.41
13.4
22.75
23.36
21.28
20.36
20.26
18.66
0.76
20.5
24.34
26.02
25.33
25.62
24.69
17.23
15.23
20.27
25.04
26.01
24.93
23.62
19.09
16.4
23.18
22.84
21.23
22.93
21.65
21.45
21.03
22.73
22.38
22.46
25.3
25.73
25.87
24.39
22.17
22.93
27.02
27.52
29.9
27.51
21.82
19.48
28.65
30.14
28.12
19.83
20.13
28.47
27.88
25.18
27.28
26.2
26.35
27.89
26.2
19.4
-2.75
15.71
23.3
30.25
30.47
25.91
22.27
20.94
18.97
25.3
28.63
28.3
24.52
22.05
26.73
29.1
26.73
22.54
23.54
24.1
29.83
30.21
24.9
11.98
22.42
25.39
23.38
22.53
25.3
27.38
25.26
23.4
25.88
28.12
28.94
30
31.39
31.05
31.98
32.63
32.18
27.57
16.87
23.77
28.19
26.99
25.54
26.81
28.11
26.05
23.75
31.5
30.97
26.96
28.46
28.8
29.58
35.49
37.46
30.9
16.12
21.82
26.2
30.91
30.46
23.38
3.95
22.94
31.27
32.06
28.7
25.74
26.83
27.39
22.64
18.62
14.25
22.99
28.08
30.16
32.71
31.78
31
28.8
24.21
24
20.19
19.86
-3.2
16.96
7.06
16.34
21.4
28.51
28.46
27.59
29.41
30.01
29.15
27.38
19.99
12.53
13.29
24.86
28.68
26.85
22.3
16.47
13.07
21.11
23.88
27.03
28.86
25.04
20.5
21.36
23.6
19.85
20.01
25.29
23.68
25.72
23.05
24.78
25.58
21.87
11.64
19.94
25.56
22.77
21.48
22.29
11.66
20.69
26.53
29.61
28.58
27.3
28.33
25.57
21.9
20.59
22.24
23.3
15.36
13.68
21.88
23.14
22.31
14.59
17.95
16.63
14.64
17.15
18.46
18.98
21.61
20.66
10.58
18.65
15.22
18.29
23.36
17.9
22.98
26.99
21.46
24.61
20.57
22.48
22.95
22.33
21.12
0.41
21.8
24.71
25.5
24.1
12.2
9.03
19.31
25.11
24.71
19.18
25.77
22.75
0.73
17.42
21.51
23.14
18.99
14.99
18.39
7.69
22.08
13.74
19.24
8.82
22.26
25.44
18.32
16.69
18.06
14.09
10.83
23.13
25.17
22.96
19.33
14.73
19.32
22.16
22.89
24.02
26.01
25.68
26.46
26.12
22.79
20.78
20.39
18.61
15.23
15.43
16.61
18.99
20.58
17.99
19.55
20.26
20.09
19.26
17.73
14.87
-0.34
12.7
16.47
18.36
17.38
16.58
18.27
15.52
16.91
20.06
16.21
16.88
18.75
23.1
19.96
16.18
23.36
23.46
25.78
25.62
23.66
23.35
21.41
17.49
20.45
25.12
23.92
20.14
8.54
21.01
18.37
17.67
20.69
19.77
21.67
22.04
18.57
14.7
11.77
15.1
17.11
11.74
17.37
21.52
20.51
14.94
14.56
17.17
18.12
16.81
14.53
14.33
9.96
14.15
17.5
18.43
21.7
23.92
23.96
23.37
21.42
20.31
19.23
15.59
16.77
19.19
15.62
8.04
11.13
17.28
20.64
18.61
13.88
24.42
23.39
10.06
8.41
15.91
19.72
21.15
21.78
21.59
19.13
20.06
15.04
12.35
9.02
16.55
16.11
20.13
23.39
23.85
19.79
12.9
21.05
17.94
13.38
17.54
21.5
20.15
18.66
15.22
5.93
19.23
19.12
11.42
17.32
9.16
20.1
16.92
16.85
19.68
15.49
17.51
12.91
14.78
18.51
15.02
12.53
4.52
9.11
20.42
26.54
28.98
28.42
23.63
15.62
18.63
22.96
21.35
17.27
12.59
14.47
22.9
25.89
28.22
27.6
21.15
9.46
12.33
19.57
22.06
14.92
19.23
16.49
16.63
19.18
19.32
17.5
16.19
11.92
12.26
14.88
17.55
24.64
25.15
22.8
21.44
22.37
22.65
22.33
22.57
23.48
23.13
20.81
12.68
-0.73
17.87
18.54
16.19
21.73
19.07
15.13
20.64
20.51
21.17
20.87
22.76
24.64
22.7
3.97
21.7
26.84
26.19
22.82
24.17
21.7
21.44
7.93
22.89
21.24
2.7
10.63
9.44
19.9
25.09
24.54
15.84
17.89
20.37
19.7
18.13
16.17
20.08
17.7
21.59
26.64
25.76
20.99
17.66
17.34
17.98
23.33
25.68
24.13
22.85
25.39
27.95
28.65
26.34
23.12
19.72
15.2
15.43
20.19
21.77
17.32
15.68
17.9
13.68
16.49
21.08
15.96
20.19
16.81
12.27
15.69
16.59
23.94
20.51
19.1
21.21
24.16
23
18.3
18.49
22.14
23.64
25.1
24.67
20.15
16.72
13.33
10.79
19.71
22.52
23.04
21.81
20.5
15.3
16.29
21.7
20.99
20.5
20.94
20.41
13.04
15.18
15.64
8.41
0.34
16.37
12.76
21.58
20.56
16.81
2.92
9.66
17.25
11.91
15.03
22.45
25.03
23.38
17.26
23.44
25.76
23.09
16.35
20.77
32.89
36.71
32.07
15.33
16.08
14.12
18.06
9.17
19.3
21.04
12.49
6.19
14.45
12.43
18.69
19.05
3.92
15.42
15.16
15.16
17.12
20.6
16.44
22.46
23.84
19.18
14.04
12.05
10.07
21.07
20.54
13.48
16.52
23.37
21.15
1.66
15.99
18.72
23.73
21.59
1.54
6.73
12.65
17.79
16.49
12.38
20.63
23.69
21.67
17.75
20.81
27.3
27.35
23.31
19.18
13.59
18.16
25.29
25.72
18.82
7.62
12.22
19.79
24.27
26.21
23.64
18.76
13.33
5.31
12.46
4.48
11.61
10.75
16.08
18.53
21.77
20.07
18.64
20.3
20.02
15.4
10.27
7.58
15.62
20.32
18.57
11.31
8.27
19.68
17.52
13.06
18.32
10.58
23.01
25.08
24.42
19.17
13.13
9.23
9.1
7.57
13.55
17.59
19.15
14.59
16.19
17.6
18.99
12.83
15.58
19.5
23.73
23.3
22.12
18.9
10.09
21.33
23.16
23.85
23.46
19.89
16.38
12.04
8.76
2.22
9.23
9.41
17.08
16.55
17.08
6.4
23.03
25.31
16.25
9.47
13.55
13.84
10.3
16.29
24.01
25.31
25.59
23.33
10.27
18.34
14.27
20.12
21.99
16.59
4.39
22.25
25.18
22.52
21.49
21.47
16.61
4.07
8.5
15.45
16.48
13.94
17.96
18.72
19.53
17.52
20.39
23.32
22.09
22.07
18.72
8.7
15.51
19.92
24.04
26
24.79
20.68
17.53
16.73
20.84
25.15
25.53
23.64
21.15
11.62
16.57
21.69
15.18
10.7
17.02
22.32
22.46
21.47
17.5
4.11
18.18
20.41
14.51
11.56
3.89
12.39
17.87
18.57
21.69
20.23
17.76
20.28
19.39
20.27
17.37
14.88
5.6
19.92
23.51
15.52
7.94
6.25
18.3
18.83
19.44
20.61
18.03
18.01
19.06
18.3
19.56
18.55
15.53
18.59
20.76
13.72
16.63
16.81
15.41
18.25
15.59
18.4
15.46
12.3
9.88
19.51
23.39
23.38
21.33
21.8
20.84
16.14
8.01
17.39
18.74
5.56
17.2
16.23
20.86
22.23
6.38
8.87
13.11
13.33
16.94
17.62
13.4
13.93
13.11
10.24
-6.16
7.54
11.7
12.91
14.28
19.29
19.48
14.61
16.38
14.5
20.03
24.35
21.77
1.28
16.24
12.59
13.83
8.04
10.78
2.5
17.69
19.44
16.36
-6.36
14.58
9.73
11.85
6.94
14.77
11.91
1.83
13.41
14.24
14.4
11.87
9.36
6.07
16.31
17.05
13.58
16.65
20.59
19.19
10.47
17.98
22.47
21.18
17.21
19.72
19.16
12.47
9.75
17.58
22.23
21.33
13.08
5.49
6.99
-6.02
13.19
8.01
7.74
8.64
12.47
13.07
12.75
15.16
12.77
6.79
5.28
13.26
18.34
13.86
11.47
17.54
14.63
8.87
8.85
8.71
13.68
14.79
18.58
21.27
22.18
19.11
7.69
5.63
10.22
11.71
10.22
15.36
15.92
12.09
7.65
10.46
8.09
15.06
18.01
14.22
0.56
16.19
13.83
9.9
17.56
21.5
21.41
17.59
13.16
15.49
15.9
-5.27
13.33
12.66
15.84
18.23
17.61
17.88
11.86
14.65
12.12
18.69
13.73
14.93
16.83
12.67
11.09
16.14
15.32
4.64
16.17
16.56
6.07
11.33
2.22
14.5
17.56
11.73
18.3
17.63
13.05
7.95
-0.72
14.53
15.51
10.26
19.33
20.15
18.85
15.66
9.12
17.73
20.2
14.52
7.44
12.76
8.12
15.63
21.69
19.8
14.05
14.01
18.2
15.1
11.07
6.41
4.08
13.09
14.15
3.88
14.83
13.52
6.59
17.13
18.09
15.93
-2.01
15.9
16.05
6.83
12.05
15.02
17.61
7.63
15.55
20.04
14.32
16.22
19.51
19.18
16.46
8.49
14.62
18.48
16.63
12.3
10.01
7.89
12.63
18.72
20.66
17.36
5.21
8.22
12.62
13.82
11.74
14.13
14.76
2.35
1.64
14.69
16.61
10.56
-7.02
9.22
12.54
7.39
11.77
14.34
16.48
17.6
13.57
8.49
4.63
7.32
3.51
2.21
7.2
16.23
16.11
10.56
13.87
17.48
16.89
11.61
-3.54
4.84
7.7
12.73
10.61
12.6
11.26
9.61
16.78
19.14
18.95
15.72
14.06
15.74
13.94
9.69
12.17
15.82
11.21
5.25
12.33
13.43
19.69
20.98
18.55
13.16
8.82
10.51
18.91
20.82
15.59
8.76
12.91
10.04
14.22
19.95
23.43
21.56
15.3
3.36
11.58
5.73
17.26
19.26
10.39
5.8
11.46
7.21
6.54
0.17
6.55
2.15
-2.34
13.37
18.34
18.25
19.25
20.62
21.85
18.4
16.67
16.88
10.43
-0.86
1.27
13.5
15.68
8.12
12.65
20.2
20.32
6.52
19.72
14.05
13.21
15.53
8.59
10.64
16.01
6.09
12.33
14.4
12.02
15.96
19.72
21.55
23.07
19.29
14.32
17.96
15.09
5.83
6.63
17.49
19.79
17.44
15.33
21.57
20.31
13.54
6.77
6.86
4.39
13.31
16.26
18.44
17.27
9.32
14.94
9.53
15.05
19.34
15.34
14.84
14.64
14.48
14.71
12.85
13.38
12.86
12.8
15.38
11.75
8.54
3.5
10.54
11.94
12.29
14.95
12.12
1.54
0.38
-1.77
-0.97
7.26
13.47
9.51
1.77
11.73
11.24
10.03
8.54
0.65
5.68
10.99
12.87
13.66
11.95
10.2
12.2
8.12
10.46
14.1
19.58
20.68
19.77
19.57
16.5
19.09
22.43
20.57
13.45
5.84
15.02
17.26
20.64
20.51
14.56
19.42
22.73
22.17
14.52
9.14
17.25
17.75
11.2
14.01
16.55
6.18
13.04
16.63
-1.54
16.54
18.19
13.26
13.07
12.51
11.8
8.66
15.08
19.18
20.65
19.33
18.57
17.97
9.96
3.79
16.04
20.86
19.15
10.36
13.95
8.95
9.45
15.8
18.99
12.7
12
15.53
10.51
19.13
21.18
18.86
14.25
9.86
15.37
17.73
16.06
10.06
15.22
5.84
17.68
19.09
15.77
13.52
15.65
15.7
8.4
17.4
22.94
21.7
14.73
8.96
16.57
-8.08
21.77
26.07
24.25
16.69
12.07
17.28
19.64
16.82
13.83
17.34
14.19
2.24
-2.7
11
16.82
13.55
-0.45
15.03
15.99
12.85
16.91
17.77
15.64
8.84
5
3.89
8.83
10.4
14.73
17.95
13.52
5.65
16.39
22.24
24.24
21.48
12.52
0.55
14.49
15.38
16.55
8.56
19.19
16.24
9.23
17.65
10.39
15
14.02
7.21
16.09
16.16
9.59
16.82
9.46
8.86
3.07
17.87
22.96
22.66
20.24
14.82
11.88
17.72
15.78
19.44
22.16
18.01
10.1
17.04
17.28
23.31
24.01
20.21
17.95
13.84
8.85
9.27
10.3
3.22
14.68
18.5
13.97
18.45
23.02
18.34
19.64
24.51
21.13
12.58
11.15
17.74
21.6
17.19
11.52
13.08
7.75
20.04
17.77
10.87
11.61
12.66
21.64
23.25
22.94
24.59
19.14
11.84
18.47
16.57
18.61
24.5
22.11
16.42
11.39
13.07
13.86
17.24
21.66
21.84
20.43
17.22
12.86
20.22
23.1
24.06
23.04
22.19
23.23
21.28
19.09
18.74
18.82
20.02
20.9
14.57
13.08
16.13
9.42
18.08
17.6
20.61
19.04
16.21
20.73
21.61
17.7
11.97
10.16
17.88
21.92
18.61
14.56
15.23
15.85
14.49
17.38
18.66
16.43
9.27
-13.27
5.12
0.87
15.53
19.2
16.44
14.25
12.68
15.25
24.51
27.78
23.64
7.29
10.6
18.48
22.71
21.52
19.83
20.23
12.32
20.28
19.99
18.55
17.78
9.32
12.28
11.05
8.45
15.15
15.36
17.22
20.67
17.68
14.91
19.4
18.41
16.34
15.93
13.94
5.93
10.64
19.32
21.98
21.33
19.16
15.66
19.37
19.49
21.82
22.3
21.38
17.79
7.77
8.18
11.93
15.23
15.81
11.67
-0.9
13.7
10.99
19.22
22.84
19.98
12.44
15.86
20.58
20.53
9.12
7.67
8.02
15.63
21.48
20.28
17.19
16.87
19.7
24.2
24.76
18.7
12.16
17.14
16.15
9.1
19.59
16.18
16.43
21.06
20.04
20.22
18.99
14.35
10.07
13.64
21.13
22.22
14.46
14.32
13.52
17.81
16.53
8.73
18.69
14.05
8.7
15.68
16.76
15.81
14.67
13.34
5.06
13.11
19.07
16.36
17.61
20.22
11.88
-13.79
9.88
17.8
18.05
10.33
12.88
8.15
11.16
13.94
13.55
13.7
15.06
19.81
20.38
8.63
18.82
21.99
17.31
17.22
19.85
14.08
13.68
15.64
16.39
16.35
18.62
20.83
21.76
20.05
14.95
12.54
9.3
18.46
17.9
14.58
15.19
14.22
5.11
14.66
14.08
14.57
17.02
13.08
9.64
13.49
14.29
16.83
-0.52
11.74
-2.74
2.95
-11.9
7.14
16.6
15.56
2.69
6.2
-5.97
11.01
18.63
17.88
17.09
11.8
10.1
10.44
21.06
17.89
8.5
12.92
11.08
6.94
17.59
9.31
8.67
5.15
0.48
10.65
12.18
11.72
5.14
14.48
18.45
15.36
9.99
7.84
11.5
15.66
10.78
16.93
5.27
11.7
2.78
12.96
8.93
14.36
6.62
4.08
11.4
16.38
9.81
15.43
4.56
13.02
11.35
9.12
17.53
22.04
18.07
19.39
23.73
20.03
15.96
9.53
19.13
13.29
17.18
15.32
15.86
17.96
17.52
13.13
10.7
16.82
17.71
13.49
14.69
16.4
16.98
14.28
3.06
13.35
10.7
13.48
11.76
6.6
14.55
18.46
16.82
19.95
20.52
16.65
10.99
4.25
21.62
21.86
15.95
23.12
18.65
15.75
17.56
18.02
15.12
17.41
8.2
3.6
17.68
18.12
14.33
12.99
6.83
6.53
17.88
20.17
17.44
12.29
13.05
11.05
8.17
8.49
-9.68
14.49
12.67
10.9
11.51
11.04
11.84
11.38
5.83
0.4
11.35
19.39
17.43
5.96
3.98
16
15.84
14.8
18.16
21.53
16.03
15.01
13.79
14.84
11.29
15.23
12.93
18.03
16.06
13.23
10.27
14.75
7.27
-5.85
11.86
16.16
19.28
12.02
11.26
2.36
18.58
17.47
2.5
8.02
16.03
15.65
21.52
18.17
13.96
10.76
10
12.35
5.83
-9.84
5.77
-0.06
12.17
20.04
19.32
13.26
17.38
12.22
15.54
18.28
16.92
19.1
21.38
18.67
15.31
14.05
16.92
11.73
15.68
18.78
18.97
15.89
-3.97
8.19
7.15
13.29
17.72
11.31
14.43
16.61
17.75
16.22
7.44
11.17
18.27
23.33
21.57
8.07
15.33
14.06
15.14
0.3
11.12
8.49
15.56
9.06
8.02
10.69
22.1
23.33
15.19
17.17
19.03
8.49
11.14
8.6
15.49
20.31
15.93
8.7
13.95
15.3
-0.52
16.41
15.74
12.71
12.04
13.07
3.23
11.87
14.61
11.25
13.31
15.75
18.81
13.59
18.79
11.77
14.24
6.51
16.55
14.02
15.11
19.87
12.84
13.83
14.4
8.93
11.14
6.54
6.73
16.99
18.05
11.56
7.89
9.76
6.85
15.83
15.56
19.61
18.29
14.94
21.2
16.28
15.64
14.72
-0.36
1.97
15.13
18.2
21.01
21.11
13.33
10.29
15.41
13.62
13.27
8.76
19.25
11.05
15.72
14.66
18.83
17.84
17.69
18.96
16.79
8.75
9.54
18.43
14.87
12.54
14.84
-1.72
3.64
14.84
20.94
17.74
15.46
18.46
13.69
18.75
12.46
10.97
8.56
14.5
10.93
5.24
-1.9
3.38
12.5
9.83
19.37
16.53
14.69
14.52
16.31
16.96
14.5
9.98
14.33
8.53
8.71
8.17
14.53
12.53
14.09
12
18.78
17.6
6.92
15.74
16.26
18.59
12.07
17.81
14.08
1.1
-0.16
7.96
9.98
13.1
18.7
10.95
6.12
9.05
14.8
3.05
14.16
12.9
2.99
5.93
4.16
2.97
13.35
13.5
6.66
10.66
14.24
12.74
-2.21
4.68
13.49
17.89
12.07
12.34
4
14.28
15.44
10.84
9.38
12.41
12.77
0.48
13.45
3.95
15.46
17.35
3.82
6.31
7.07
12.57
11.72
4.79
10.16
-8.87
9.38
7.75
9.84
12.29
16.83
16.42
9.78
9.48
9.69
-1.14
9.68
12.11
11.88
15.25
18.28
19.79
18
7.76
11.21
14.75
13.99
5.5
10.52
12.72
12.31
18.42
19.6
18.2
16.41
17.89
12.41
9.29
12.85
16.5
17.3
10
10.11
16.4
15.1
2.64
8.77
12.73
7.76
-4.45
12.73
18.97
16.39
5.12
-2.33
8.04
14.01
15.99
16.27
15.15
14.31
11.55
16.17
19.41
17.52
10.02
8.82
15.44
17.37
18.18
15.37
5.7
4.74
13.38
10.77
5.03
2.79
11.78
7.44
9.57
6.65
6.61
11.61
15
16.34
15.36
5.4
15.69
17.89
14.23
15.49
9.31
-0.76
4.7
13.77
18.89
20.06
15.77
6.9
3.23
-2.56
-11.28
-13.2
3.7
11.16
12.56
13.29
16.52
16.46
15.74
13.92
12.3
-1.07
15.04
14.94
8.37
17.04
14.07
1.99
0.06
3.56
11.41
13.69
14.83
14.95
16.75
16.7
13.17
10.75
13.43
11.39
12.54
14.23
9.26
16.64
21.49
19.14
8.01
12.19
17.38
15.63
8.57
5.78
5.09
10.69
11.11
11.84
11.22
-1.52
12.48
17.79
15.9
7.89
5.06
13.92
17
13.14
7.82
10.11
10.37
17.4
19.14
15.93
11.99
10.5
4.9
12.47
7.78
5
7.16
7.34
10.64
4.17
10.26
6.18
-0.34
7.71
7.32
7.32
8.72
2.57
6.87
12.01
11.42
8.23
11.96
12.8
12.39
6.6
12.27
18.1
17.48
16.3
17.53
17.69
16.67
15.01
16.53
17.51
17.34
17.89
17.94
15.34
13.07
13.11
14.38
13.12
6.88
9.1
8.38
-5.81
10.76
17.79
17.86
13.39
9.13
7.15
4.57
14.52
15.08
13.05
4.79
5.31
10.2
15.95
17.67
13.39
6.12
7.74
15.52
16.51
15.69
7.15
2.03
10.86
14.51
11.74
11.63
8.98
8.07
15.89
16.98
12.57
6.04
12.2
13.58
9.01
11.81
18.04
13.27
2.12
6.82
10.35
12.44
8.84
-16.92
12.47
14.58
2.42
13.89
15.32
7.08
-6.35
3.14
7.71
6.95
17.41
12.87
8.16
6.63
-5.39
10.92
15.62
6.32
16.06
17.38
5.11
11.92
-14.69
11.39
8.59
2.46
13.37
11.06
14.03
15.21
11.34
1.85
13.71
17.91
17.11
8.75
5.7
9.62
13.79
16.43
13.34
15.02
15.95
10.67
-0.7
6.87
13.85
15.82
12.76
8.79
12.69
13.96
15.47
10.92
12.02
16.29
2.66
12.35
10.65
10.58
8.12
11.94
15.97
18.13
15.77
12.59
2.01
1.7
1.57
5.24
11.22
10.63
12.67
14.12
13.5
8.97
10.3
13.26
18.16
17.12
14.19
9.69
11.67
14.52
13.98
15.09
15.59
13.94
11.57
12.38
13.35
13.71
10.87
11.46
16.21
18.66
14.72
4.15
11.55
8.11
7.9
9.09
13.38
14.32
9.07
2.84
11
8.26
15.57
17.38
15.55
12.01
7.87
-9.76
4.62
3.19
14.69
17.28
10.61
14.97
16.28
14.34
12.33
5.61
-1.92
1.22
8.02
10.09
13.15
13.98
13.52
4.32
2.88
1.9
12.03
14.27
9.34
0.74
3.21
7.96
13.91
18.61
18.1
10.6
7.52
8
11.34
10.74
3.59
14.2
13.27
8.08
13.1
9.4
6.54
7.65
10.78
11.31
10.77
11.94
12.59
14.77
15.47
12.85
11.78
14.76
14.55
12.93
16.96
14.87
2.76
6.62
11.29
10.03
8.39
15.89
13.48
-5.94
12.01
14.69
7.31
6.34
15.02
15.96
10.62
7.48
12.05
11.37
5
17.19
14.5
8.67
13.87
11.22
4.08
9.3
15.27
17.03
13.1
5.97
14.81
15.82
14.93
4.85
4.68
1.16
4.39
4.34
1.65
7.84
3.86
12.48
18.88
18.04
15.68
13.66
6.23
9.9
6.01
9.39
14.17
15.43
9.39
5.57
14.14
13.03
8.61
9.16
13.43
13.54
8.85
5.78
8.74
11.55
6.45
4.23
8.65
6.13
12.43
15.45
-7.62
16.9
16.94
6.58
1.42
3.29
7.78
11.89
11.59
13.91
8.43
6.01
3.37
-10.75
-3.36
-9.87
8.78
10.05
8.09
13.95
9.39
-1.07
5.62
6.18
-1.57
9.15
10.76
8.92
11.32
17.53
16.93
13.12
9.49
9.27
8.45
6.83
5.04
12.54
15.58
15.76
16.58
15.59
12.36
11.29
12.58
17.65
19.24
15.36
7.64
13.48
17.62
17.49
13.02
7.02
2.26
12.54
10.91
11.27
14.83
13.3
15.18
19.48
17.06
11.96
11.07
3.72
11.2
12.85
16.01
15.29
4.99
5.8
9.83
2.95
11.2
16.68
15.51
12.56
6.77
7.34
14.13
10.43
15.31
18.74
14.47
0.96
5.83
14.43
16.36
10.92
9
14.42
15.37
13.21
13.34
7.9
1.21
10.02
12.55
16.67
17.44
17.34
14.52
4.49
12.99
9.37
9.45
12.79
7.45
-4.87
2.66
-1.04
1.45
13.19
15.41
8.05
4.71
7.53
8.73
12.13
13.76
12.73
10.36
8.69
13.99
12.47
16.85
17.49
13.52
6.31
7.87
12.9
10.76
17.59
17.53
14.27
2.34
2.74
-1.39
8.95
8.47
9.99
12.67
0.12
11.27
16.07
15.68
8.96
8.24
13.55
17.03
15.33
4.47
7.94
6.24
1.77
4.04
-23.45
8
7.45
3.87
11.64
12.64
11.12
-10.3
13.2
15.68
13.03
6.02
7.64
11.83
9.7
9.65
6.54
9.02
13.29
11.11
12.19
11.42
12.46
13.7
15.28
17.49
17.14
6.9
9.41
11.71
9.08
11.68
15.56
12.12
7.47
3.91
-18.96
-0.44
5.5
5.96
7.04
8.89
14.85
12.69
3.37
5.93
-2.07
-0.05
0.9
6.29
12.3
9.67
1.85
7.79
7.76
9.44
11.74
12.02
11.32
13.83
13.95
7.57
9.45
14.95
14.96
-1.71
12.87
13.33
7.72
-3.91
7.83
8.82
10.74
9.48
8
13.29
17.25
19.56
14.37
-7.95
12.54
16.86
14.96
8.61
5.28
4.22
6.96
11.4
15.88
16.84
16.39
8.54
15.6
16.63
17.03
19.98
19.8
16.26
12.39
16.02
18.25
14.14
11.06
14.36
17.32
18.79
17.59
16.78
12.71
14.11
19.74
16.87
4.23
14.16
15.21
14.04
13.52
12.12
11.45
12.64
14.33
7.21
14.7
19.3
18.9
16.71
8.66
9.49
13.08
3.76
6.64
8.8
14.92
13.72
17.72
19.18
14.13
4.97
15.68
15.66
12.46
8.46
5.02
10.52
10.06
9.22
12.06
9.32
19.76
16.52
11.15
13.92
11.03
8.51
9.61
3.45
1.95
4.05
6.33
11.73
11.54
5.6
13.07
16.36
7.63
1.2
-1.34
3.63
9.82
8.25
9.25
1.31
9.27
14.53
19.3
18.95
14.21
10.36
14.29
16.01
16.76
17.65
14.56
-5.86
10.74
12.04
16.75
16
-1.69
13.82
13.45
13.97
14.08
9.3
10.47
14.3
15.6
15.84
15.26
11.52
14.71
14.56
4.06
14.49
16.5
9.66
8.11
9.37
13.9
16.79
17.41
18.51
19.77
17.48
6.8
10.41
15.6
16.22
11.89
2.83
12.59
9.24
9.3
9.83
5.12
8.48
8.26
11.7
11.35
9.54
13.97
16.04
14.42
10.3
10.48
12.26
12.98
9.41
8.74
15.34
11.02
12.54
8.13
8.52
11.5
-0.59
12.27
6.72
7.33
17.88
20.58
19.77
18.2
18.75
18.34
12.74
11.68
2.61
11.95
10.03
9.24
3.1
7.06
9.26
4.99
6.15
11.41
14.88
11.17
11.84
14.67
13.15
10.9
15.17
18.15
17.69
12.49
2.11
12.27
9.27
13.53
5.85
7.38
-2.57
8.18
9.59
10.05
10.76
12.69
13.59
14.63
15.84
13.25
8.43
9.92
10.08
15.38
17.28
14.39
9.38
5.17
13.23
15.44
18.25
18.81
16.92
12.07
8.74
12.34
-13.71
7.9
10.13
15.7
14.42
3.4
5.44
4.9
-6.66
5.97
5.35
10.71
15.54
15.21
14.1
13.68
5.16
-6.48
5.18
9.56
13.33
14.57
3.08
7.87
14.74
13.12
-0.15
12.96
13.44
12.42
8.28
-3.48
13.23
14.2
13.47
17.32
18.29
16.54
19.7
16.16
8.55
7.41
8.73
5
5.23
7.86
10.64
6.63
6.85
14.33
7.92
8.14
8.74
10.57
14.55
13.64
12.24
13.5
10.85
2.33
11.06
14.12
13.16
9.13
15.41
15.59
1.87
11.56
16.14
14.24
11.97
14.57
14.4
11.4
13.27
13.16
8.99
10.73
11.08
8.84
-0.24
7.71
9.03
13.79
13.48
11.77
15.14
10.82
3.79
8.54
11.13
12.3
4.91
9.77
3.72
8.1
12.95
14.55
10.33
-4.09
11.67
3.22
13.08
13.73
6.28
-6.72
4.83
10.99
15.15
16.69
15.82
15.08
11.92
7.82
10.7
11.79
3.48
12.47
12.92
8.09
9.33
8.28
10.25
12.67
12.95
8.12
9.29
13.16
16.74
16.25
6.16
11.02
14.02
12.47
10.57
0.83
6.96
7.84
10.44
8.07
3.47
8.75
9.02
7.1
3.24
13.58
16.05
15.44
13.19
10.09
11.31
13.72
11.6
7.81
3.55
13.87
14.72
15.24
13.29
4.77
-5.55
3.37
11.38
11.65
12.81
15.69
16.9
17.84
17.36
12.18
6.26
17.3
15.95
12.23
14.01
10.96
9.17
9.16
6.31
13.35
13.17
13.15
13.13
7.55
6.89
6.4
11.43
11.53
0.94
7.22
1.92
11.28
17.41
19.23
16.02
5.89
1.27
5.74
7.18
-5.61
6.14
8.55
12.76
13.96
12.44
-12.6
15.84
17.98
16.83
14.17
7.63
9.89
1.87
3.77
10.57
8.78
-11.56
-15.36
8.52
13.43
14.98
13.45
12.09
8.9
1.17
6.37
3.83
5.18
-5.86
7.45
7.89
5.72
3.82
10.13
5.76
-2.14
0.47
3.61
13.17
14.29
6.19
-7.28
-2.47
4.79
6.14
-11.62
-8.87
8.78
15
14.61
13.96
14.3
11.85
8.82
6.72
9.89
10.86
8.08
5.18
12.63
11.62
12.08
15.98
15.72
0.73
13.03
13.19
14.46
8.2
8.52
5.19
6.36
9.55
13.03
12.5
2.28
5.79
2.61
11.72
17.67
15.34
8.04
9.54
4.46
7.34
5.87
6.03
10.45
15.5
12.49
9.44
11.74
7.87
9.47
9.39
-0.73
7.11
11.12
7.99
10.82
14.54
13.54
15.23
16.43
13.92
5
5.3
8.31
8.22
11.36
8.94
2.22
-4.15
10.7
16.64
15.64
6.21
7.99
5.57
10.43
17.1
16.16
8.04
8.45
4.29
7.46
8.21
3.1
16.32
17.8
17.38
13.94
5.19
13.69
16.84
16.43
15.56
12.1
19.62
20.13
16.87
16.54
12.11
7.34
8.75
4.89
10.7
3.28
8.18
7.68
4.13
11.82
8.52
8.51
17.9
20.88
17.79
9.02
13
18.46
19.44
16.98
17.84
11.49
10.98
12.47
0.98
10.87
12.85
8.21
7.64
-11.35
2.23
5.86
5
2.6
8.86
10.6
7.99
7.98
6.63
0.47
3.16
7.91
9.41
5.34
15.47
14.4
6.93
10.71
14.1
-2.57
8.66
12.83
18.47
19.03
14.48
5.56
7.94
9.82
9.69
6.04
6.01
2.38
8.76
7.79
9.09
-5.81
14.33
18.65
17.6
15.03
13.44
11.66
14.64
17.17
14.88
11.18
16.45
16.56
12.02
7.88
13.67
15.55
15.5
15.93
13.49
4.61
9.02
16.34
14.5
6.71
3.44
-8.17
7.87
19.74
19.76
7
17.5
10.75
5
15.12
15.91
9.89
15.55
20.45
17.07
9.93
13.58
16.1
14.14
14.8
13.66
7.13
1.89
9.59
12.07
11.05
5.35
13.2
15.29
12.49
7.27
7.75
10.13
15.37
15.72
9.85
4.27
3.4
3.15
9.73
14.18
14.28
-4.68
13.01
15.52
14.32
11.61
13.11
14.68
16.18
9.82
12.92
12.46
13.07
14.47
16.42
15.89
4.37
13.12
12.64
-8.81
12.8
12.52
7.02
15.72
14.34
3.67
4.62
7.77
7.29
8.52
10.2
13.57
10.26
5.74
8.24
5.16
-0.37
-0.82
8.84
12.98
7.85
10.3
11.87
9.73
11.45
12.11
12.9
14.36
15.88
15.02
11.41
6.18
13.94
14.57
6.77
2.09
9.48
9.78
14.62
14.24
11.05
13.96
2.54
13.33
16.02
12.55
10.7
15.09
15.83
17.22
17.57
16.07
14.13
9.04
7.7
11.87
0.48
13.34
16.45
12.4
5.73
13.94
16.5
9.32
6.96
8.07
12.26
16.71
14.27
5.83
-4.4
6.55
8.4
8.21
13.24
13.42
8.98
6.34
1.17
5.6
9.66
16.05
13.56
11.24
14.67
4.29
14.02
9.57
8.31
0.39
2.13
4.23
9.52
14.99
13.92
0.55
1.89
7.17
0.26
11.26
14.67
11.89
5
10.79
12.66
13.5
12.51
-10.01
9.86
9.46
7.28
9.24
10.78
0.01
6.08
8.91
13.14
4.26
15.7
18.31
12.08
6.32
14.43
13.83
16.65
