6.3
-6.15
4.1
5.34
4.9
4.52
8.18
12.97
11.52
11.97
10.65
6.68
10.64
11.1
13.19
14.8
9.82
12.9
16.64
15.04
11.13
14.02
11.54
5.23
-1.69
7.27
11.68
11.66
11.19
9.1
-2.2
9.53
1.43
9.62
14.91
11.15
-5.06
-0.98
14.38
15.2
5.6
7.36
8.91
7.98
10.59
-2.41
13.37
15.08
10.57
1.66
1.07
6.4
9
12.8
14.59
14.85
6.13
12.78
15.14
6.37
0.74
12.07
11.95
2.14
0.22
-5.85
8.93
12.58
11.24
3.28
-3.34
8.73
10.98
8.19
1.7
-6.28
5.37
10.4
4.04
14.89
12.72
9.55
2.82
2.13
8.49
15.04
14.28
8.11
9.59
-5.01
10.73
10.46
10.17
15.09
16.08
13.11
7.42
6.72
9.35
12.3
13.29
11.02
3.77
1.59
-0.12
2.06
-0.39
13.89
16.52
12.24
6.42
2.12
1.17
6.99
8.78
5.9
2.28
7.14
12.52
12.95
10.3
11.06
13.94
14.93
13.09
7.96
0.8
6.59
8.53
7.12
7.41
7.48
-2.06
10.52
14.79
14.22
15.3
13.4
3.31
14.13
13.23
8.42
9.63
11.99
10.76
12.52
14.11
10.64
13.18
14.91
11.27
11.68
14.13
13.23
3.09
3.27
7.05
8.98
6.66
15.34
16.68
13.33
11.36
4.9
2.12
4.17
9.68
12.34
1.05
8.98
11.99
10.86
6.7
8.06
7.98
-8.16
8.48
13.2
11.79
3.7
8.65
8.39
14.03
15.07
12.21
11.86
13.29
15.02
16.23
15.74
11.83
7.08
10.28
9.77
12.74
6.42
-2.2
0.28
12.96
19.89
10.79
15.03
11.64
-10.9
7.68
11.67
13.18
14.1
14.16
7.54
6.06
12.99
15.6
16.91
15.27
13.54
16.04
17.86
15.9
11.32
5.68
5.4
11.83
14.56
14.28
9.69
10.43
11.4
7.67
8.54
11.06
9.31
-0.34
4.57
-6.4
-8.11
-6.77
8.83
11.62
12.44
15.68
14.95
13.21
13.87
9.19
3.52
0.81
6.75
12.36
12.86
10.33
10.57
12.44
11.53
15.23
12.07
2.95
8.45
9.39
3.87
9.01
12.88
5.47
10.96
12.6
12.55
15.34
13.55
2.44
11.65
12.8
9.09
8.06
5.56
-0.12
8.16
13.6
14.54
14.03
12.84
10.84
9.49
4.86
3.04
2.73
-17.54
3.58
1.7
3.23
3.37
5.96
13.3
14.74
11.97
3.64
3.43
1.05
7.87
14.24
16.78
15.68
13.56
11.5
9.96
9.14
9.41
11.41
9.99
9.61
14.99
16.07
8.87
4.12
2.84
8.25
14.25
10.06
1.55
-10.28
6.04
10.77
12.49
-1.48
9.08
4.72
2.25
7.02
8.21
8.12
6.93
8.08
11.23
11.15
11.59
8.38
-2.05
7.53
10.25
15.31
14.39
0.36
5.65
15.64
14.29
-1.81
10.2
12.63
9.41
0.97
-1.46
1.09
10.09
9.72
12.36
15.39
12.33
-2.88
1.95
7.35
5.82
3.82
12.48
12.23
-0.48
3.01
-0.44
2.33
5.42
3.88
6.25
2.74
9.86
9.37
7.62
7.99
8.63
6.78
4.4
10.93
12.3
11.8
14.43
15.09
10.74
14.28
16.84
15.09
16.66
14.75
5.82
9.38
10.99
13.32
14.79
11.07
6.71
7.99
9.79
7.39
-0.51
2.14
8.37
13.31
12.96
11.73
11.02
10.17
10.27
9.95
11.51
12.99
7.35
4.75
8.74
6.1
0.47
8.86
13.02
10.54
2.62
7.73
11.9
9.16
11.09
10.79
13.3
12.9
-3.02
9.68
9.45
-1.84
7.57
7.8
3.68
6.47
-2.61
10.74
7.44
0.74
8.2
10.03
7.01
0.07
9.12
8.92
10.95
13.39
11.21
10.27
9.32
8.32
14.11
11.37
3.47
5.9
9.07
6.66
10.94
10.1
8.89
9.75
13.22
14.43
13.4
11.56
9.91
8.71
8.57
12.92
14.38
11.7
10.41
14.32
11.24
4.06
7.8
11.56
11.24
11.29
2.13
6.06
12.69
13.27
12.64
13.27
13.9
11.01
6.41
3.25
8.41
5.83
8.33
9.56
7.26
10.71
9.99
15.99
17.56
13.41
15.03
14.4
14.13
16.39
16.17
12.63
12.26
7.21
7.91
-2.75
12.2
14.5
6.9
4.95
4.89
2.02
13.62
12.79
4.94
4.58
-8.42
5.34
10.85
15.02
13.76
10.92
11.94
10.38
8.35
8.62
-11.5
1.52
4.54
7.94
9.63
8.48
3.43
-11.87
-8.96
6.16
12.3
4.07
6.96
9.76
3.84
5.79
13
14.55
13.9
11.15
-1.55
8.77
13.66
13.33
4.47
11.69
14.83
15.04
13.13
10.65
6.67
12.91
7.76
12.15
14.65
15.23
9.31
6.54
8.07
5.91
3.89
8.09
8.92
5.04
1.02
7.17
11.47
8.81
12.8
16.44
9.49
10.2
10.89
5.89
-0.76
12.91
14.85
5.28
8.7
14.33
16.36
16.11
13.18
9.14
7.79
9.91
12.44
11.39
9.55
11.82
14.63
18.85
15.99
2.42
-2.33
6.12
8.8
10.25
13.14
18.6
17.42
14.46
13.41
10.4
9.69
9.86
14.85
16.29
11.36
5.05
9.16
6.76
2.59
12.6
11.92
3.99
-24.9
2.63
9.99
6.09
6.56
3.31
3.57
0.78
11.86
11.76
13.19
14.02
13.83
12.81
-3.21
9.11
5.45
8.98
12.38
14.11
13.55
10.27
-6.08
11.13
14.56
14.46
6.68
9.75
14.5
15.81
11.47
-9.08
9.75
11.8
7.33
1.77
6.5
9.19
5.78
-5.24
-4.84
6.76
7.77
-0.44
-0.56
9.41
10.72
12.54
12.15
6.15
-5.72
2.89
12.83
15.79
12.72
9.2
8.2
7.42
8.91
13.46
14.9
7.7
5.68
4.44
7.57
14.73
11.61
7.68
6.31
1.6
4.5
2.64
14.27
16.13
13.19
10.15
14.24
11.86
17.72
17.23
15.9
17.39
14.46
9.01
6.51
-0.36
6.31
-3.41
1.67
2.1
9.85
12.19
13.78
13.93
14.73
10.33
10.98
14.13
12.59
9.88
6.14
0.24
9.9
16.6
13.93
1.8
13.22
13.37
13.76
15.71
16.06
15.05
13.82
12.46
10.51
6.94
5.18
4.26
8.38
9.85
11.43
7.49
-2.23
8.01
11.91
7.29
9.27
8.45
10.51
14.62
12.51
5.99
8.16
2.53
6.22
8.33
7.79
-2.89
7.99
10.88
3.49
-8.11
2.86
10.01
12.38
7.57
9.93
11.06
0.27
10.27
11.46
7.3
5.29
-2.06
11.49
9.76
8.84
10.7
10.13
6.87
5.88
4.11
8.19
5.57
6.67
8.72
10.34
11.88
5.12
5.91
1.87
4.93
12.62
14.68
11.98
1.06
13.24
21.99
19.95
17.17
15.46
9.43
20.78
25.71
23.28
21.63
25.18
26.91
27.07
22.62
18.73
19.53
22.9
23.93
19.24
13.19
17.63
26.63
26.34
23.43
22.9
23.51
24.27
20.99
2.25
16.24
20.75
20.98
15.66
8.2
18.77
21.16
17.06
23.38
22.19
28.12
23.63
16.76
23.29
22.21
19.56
19.16
15.17
16.1
29.25
33.4
31.33
20.78
20.34
23.61
30.25
32.82
31.21
27.32
20.57
-1.62
19.29
18.54
16.56
20.85
17.83
16.56
12.23
9.82
4.95
6.36
17.02
22.36
21.21
19.96
18.47
13.35
15.36
19.69
17.69
21.13
22.69
12.75
17.74
20.25
16.69
21.16
25.11
19.93
20.26
21.7
24.56
22.55
22.01
24.55
21.07
17.98
18.53
22.35
19.24
14.13
13.73
17.45
19.93
24.45
23.35
19.46
17.37
21.36
18.07
15.65
19.7
18.71
17.36
22.29
19.69
4.64
15.67
20.97
23.12
26.64
23.17
15.92
18.98
17.16
15.24
21.12
23.06
18.76
14.92
15.91
20.58
18.56
18.02
18.76
24.59
27.68
23.18
16.67
19.24
22.33
21.11
16.07
11.38
14.11
22.99
24.54
21.04
20.48
21.06
14.47
14.58
18.89
13.74
19.64
25.99
23.47
3.58
15.54
10.71
17.84
22.01
21.79
21.41
19.66
15.2
20.12
19.92
16.18
10.08
15.78
20.21
21.18
19.58
20.02
18.14
24.75
27.32
25.72
22.07
13.02
5.96
11.05
14.72
20.43
19.24
9.48
23.65
31.71
33.04
27.59
19.62
22.19
23.89
22.82
18.04
14.84
13.82
13.54
11.06
20.74
1.85
23.08
28.18
29.53
23.14
25.29
26.95
20.91
0.5
14.02
20.92
15.83
10.58
20.64
30.85
34.73
33.78
30.12
26.39
25.01
27.6
26.1
21.01
11.44
17.93
19.84
2.57
17.39
14.29
14.08
24.52
25.8
22.08
18.66
22.82
26.17
26.58
24.63
22.22
22.77
17.78
11.5
16.31
13.29
19.76
23.25
19.57
19.46
25.24
18.57
24.18
26.6
20.83
14.07
7.91
13.8
13.28
10.41
19.46
23.94
25.5
21.53
19.83
19.87
23.71
17.61
19.22
18.38
16.48
20.35
16.33
10.8
5.11
14.91
23.37
24.16
21.64
12.44
13.28
14.13
19.05
21.67
16.78
15.55
24.6
24.49
17.55
13.03
17.23
21.47
23.13
22.14
17.21
16.22
20.03
24.74
20.82
14.43
8.3
18.94
19.44
18.67
25.1
25.23
24.81
24.98
23.11
17.87
19.08
25.17
27.07
24.91
20.69
12.38
16.98
19.87
13.04
15.1
19.76
20.81
23.8
24.73
21.43
21.91
20.88
15.14
14.98
0.75
8.65
19.66
24.22
25.15
23.36
20.96
19.19
11.68
16.46
20.78
18.54
13.8
-2.57
17.22
20.16
20.28
19.93
20.39
15.85
19.96
22.79
21.47
21.56
20.24
15.27
18.39
20.29
14.36
10.86
7.53
1.41
5.71
15.88
20.67
21.2
22.53
22.81
19.64
14.65
7.47
17.73
16.14
1.5
8.3
7.34
15.29
20.86
18.79
7.51
11.72
19.18
19
15.75
10.57
12.05
19.26
20.6
17.14
12.82
14.07
5.4
12.76
12.38
3.38
12.57
12.12
12.31
14.08
7.31
11.04
15.64
12.76
15
19.25
18.34
21.01
25.63
27.64
26.3
25.2
24.27
24.6
25.31
25.7
27.72
28.34
27.55
26.15
25.44
28.31
29.17
27.66
25.93
25.99
26.03
25.2
23.22
22.78
24.1
25.92
26.56
22.94
16.38
18.44
22.67
24.04
25.47
24.25
22.96
19.81
22.68
30.44
31.49
28.27
24.12
21.44
16.29
12.4
19.42
25.5
28.18
27.87
26.52
26.08
27.29
27.6
26.02
24.63
23.3
24.67
26.59
26.36
25.47
25.77
27.72
27.85
25.74
24.5
25.02
26.58
26.86
27.48
27.68
27.23
26.36
23.91
17.72
18.82
20.16
21.4
18.67
22.52
24.58
23.67
27.86
27.6
25.59
23.18
16.22
16.71
21.82
26.15
28.33
27.33
29.63
31.83
30.08
24.32
17.03
20.05
12.03
1.4
17.27
23.15
21.39
19.55
18.52
7.97
6.25
23.01
26.87
25.77
21.22
24.49
22.91
21.26
23.59
24.23
22.42
19.52
19.96
21.5
18.86
20.88
23.56
22.18
19.92
19.27
19.34
20.99
19.69
16.96
18.19
13.15
16.29
18.76
19.01
21.15
21.27
11.81
11.06
11.1
7.51
18.72
18.59
18.17
24.66
24.44
10.78
18.88
22.84
23.39
17.33
17.6
26.02
27.45
25.96
21.37
22.9
23.65
15.98
6.33
8.76
15.78
20.18
19.59
17.08
16.38
20.04
21.82
13.82
-7.25
14
21.08
23.84
21.72
14.54
11.9
11.81
17.3
21.77
21.11
16.51
13.75
18.54
20.85
21.37
21.72
21.04
17.01
11.24
15.34
20.88
14.2
19.93
21.91
26.35
29.48
28.52
25.37
22.72
19.69
11.72
18.68
20.35
10.17
13.11
19.61
22.87
26.32
26.79
23.88
24.63
22.45
10.13
21.37
23.13
20.04
15.73
22.6
20.68
21.48
19.53
21.86
24.23
23.49
22.86
25.18
28.2
28.73
24.4
16.68
26.56
28.95
29.21
27.21
24.27
24.93
27.58
25.7
21.67
18.52
15.25
25.62
25.47
18.51
24.05
23.81
18.28
19.44
23.67
25.42
25.9
26.71
26.69
21.71
22.79
25.71
25.12
18.38
25.03
24.81
19.58
24.14
26.24
25.86
23.64
22.39
26.44
28.18
28
25.44
24.29
21.91
21.38
25.49
25.34
19.41
18.76
21.6
26.11
27.21
23.81
23.78
24.49
19.6
17.17
14.83
18
14.25
17.56
19.96
13.19
15.5
23.97
26.02
24.38
21.48
14.19
6.35
8.33
19.25
26.2
25.85
22.88
23
23.83
25.58
27.43
25.31
19.65
17.22
16.47
16.68
18.42
19.94
17.4
16.75
20.25
22.48
21.33
21.08
11.69
18.36
20.94
23.13
25.33
25.12
22.97
17.82
12.6
17.04
20.34
16.47
5.77
7.13
18.14
25
25
26.16
27.49
25.84
19.55
-0.95
14.32
19.87
20.48
21.56
20.77
19.71
23.16
24.16
20.82
13.21
13.79
20.31
20.97
20.76
21.39
20.28
18.29
16.43
11.93
7.57
15.1
19.37
22.51
24.56
24.72
23.87
22.65
18.64
10.81
16.34
18.84
19.52
18.31
13.02
18.75
14.02
22.61
25.6
23.36
18.97
14.36
20.73
20.12
17.58
15.28
22.06
25.5
25.84
26.52
26.48
21.63
8.58
12.74
13.38
8.79
17.78
21.66
16.3
2.13
16.76
19.88
20.14
18.68
16.81
18.17
21.81
22.81
19.68
18.4
13.72
4.12
22.57
20.31
24.81
28.97
28.61
25.26
23.02
23.6
21.84
20.36
17.01
6.2
20.48
25.08
21.08
14.02
4.64
17.76
18.39
19.42
22.22
23.44
19.1
2.09
12.23
16.6
20.86
19.12
19.26
16.7
19.66
24.78
24.82
21.98
6.62
14.74
11.74
20.13
20.82
22.83
19.85
15.1
18.96
14.19
17.06
23.16
17.47
21.61
22.33
17.45
8.43
17.62
19.19
18.16
16.63
19.56
26.53
28.42
24.9
15.6
7.77
20.28
21.16
2.49
8.79
12.06
15.26
21.06
25.65
20.03
16.1
23.83
20.78
20.54
21.47
19.13
27.21
26.33
18.82
17.28
16.52
17.67
20.21
18.4
16.24
15
19.01
22.61
22.97
23.13
23.09
24.01
23.51
20.85
17.15
17.89
19.8
21.05
22.39
23.05
22.43
24.23
26.44
25.48
19.76
25.26
25.61
20.82
21.94
25.17
24.76
21.7
18.99
14.82
-5.17
13.42
18.64
20.42
20.96
27.01
30.35
26.08
18
14.48
15.73
17.76
4.46
24.19
24.36
23.11
29.56
28.07
23.55
21.25
16.27
19.69
25.22
25.58
24.21
16.69
30.21
27.56
26.91
29.11
25.02
19.42
20.22
17.39
17.32
14.93
16.24
18.05
21.25
24.22
22.7
16.8
18.36
14.64
15.79
10.49
22.83
22.46
15.2
21.75
20.08
11.86
33.67
42.9
41.99
32.12
17.79
17.12
20.85
24.33
25.9
24.32
23.64
25.86
25.88
22
18.53
18.77
22.28
23.52
21.58
19.24
18.61
23.36
24.37
21.97
19.93
20.07
27.59
41.61
46.2
41.38
10.98
29
24.45
19.56
19.65
22.26
23.6
23.42
20.77
16.8
7.69
19.58
24.92
21.76
14.75
12.84
12.64
14.75
4.74
25.14
29.84
25.47
24.11
24.32
24.47
26.99
27.29
24.11
21.48
14.64
18.65
14.47
-7.88
3.89
0
13.79
21.18
20.38
-1.24
15.64
17.03
22.71
22.21
20.9
11.75
14.54
13.72
-2.99
25.15
39.74
44.01
39.51
22.21
24.52
26.38
18.27
18.94
21.15
16.67
25.26
27.58
32.54
36.22
33.68
26.23
17.14
8.6
19.85
22.18
19.58
20.4
19.34
1.04
18.62
7.22
19.71
12.4
21.66
40.8
47.15
44.23
29.98
14.14
17.89
20.88
23.64
20.53
20.06
20.35
17.2
11.18
14.92
19.55
24.38
22.2
5.51
11.1
18.6
19.45
14.29
24.08
25.83
24.99
22.88
22.96
20.72
6.04
20.17
24.79
25.03
18.86
22.2
25.28
19.99
19.32
21.14
22.98
16.73
17.16
13.29
7.95
17.85
22.56
24.45
23.66
20.34
27.69
30.17
25.26
28.58
43.13
47.92
43.83
30.14
15.65
16.56
23.01
20.04
21.81
17.66
11.5
9.96
15.19
19.9
25.16
20.35
10.02
21.35
21.58
15.25
14.25
14.79
6.92
16.28
22.98
21.52
12.64
20.85
22.39
22.34
16.8
14.67
18.9
12.46
21.16
23.39
22.37
19.96
20.46
18.08
6.58
14.54
18.93
18.76
16.77
24.16
26.8
17.29
10.36
20.41
22.35
19.2
22.21
23.67
18.74
8.45
13.22
16.64
11.8
16.81
20.64
23.26
26.52
22.09
17.23
23.71
20.57
21.6
23.82
20.12
19.84
23.66
16.72
36.5
42.28
39.33
28.57
23.68
25.84
26.35
24.19
23.74
27.45
29.87
30.85
26.55
27.74
25.91
23.14
19.53
13.44
39.14
44.41
38.93
20.15
15.05
22.81
27.64
26.63
21.64
8.2
25.18
25.65
30.26
31.64
21.93
16.21
16.26
23.06
26.14
19.25
6.97
19.28
25.18
33.18
31.04
25.01
26.46
27.64
30.6
31.26
28.48
30.7
31.32
29.13
25.57
26.13
22.29
25.18
27.17
22.15
10.9
25.17
25.61
13.86
23.77
28.02
25.51
20.11
25.47
29.47
22.96
32.09
33.88
25.59
24.15
21.08
21.91
21.25
21.33
34.38
47.67
48.7
40.25
19.15
25.24
25.78
16.65
7.32
23.9
41.97
48.77
46.69
36.35
26.39
26.06
29.65
29.95
21.67
23.64
28.74
27.88
22.46
23.38
31.67
37.51
36.6
30.45
25.81
24.47
26.08
30.32
25.82
24.4
26.81
25.08
27.43
25.26
13.68
22.95
24.54
15.4
20.37
21.64
28.28
29.07
22.05
23.75
24.12
16.91
21.17
27.49
30.12
28.67
25.91
27.47
29.75
30.02
25.06
20.91
27.9
23.99
6.73
24.03
29.39
26.94
26.81
24.44
19.28
17.49
17.35
24.19
21.22
14.99
21.3
27.83
28.83
24.38
13.38
20.52
23.6
24.21
18.45
23.23
14.64
20.97
23.18
22.29
23.39
16.19
23.91
25.41
24.87
20.71
20.37
28.49
27.67
22.09
24.22
23.28
19.63
24.07
26.74
25.2
25.4
28.68
29.92
28.42
19.32
26.99
28.26
19.32
17.13
25.52
26.3
23.58
23.84
26.11
23.66
25.19
28.46
30.26
32.79
32.88
30.53
26.08
21.84
25.29
24.1
25.59
27.37
20.92
21.25
18.61
28.69
29.62
22.35
27.47
28.01
23.9
19.34
25.89
24.92
16.67
14.95
16.56
23.86
32.6
33.05
28.94
27.99
22.69
14.77
20.31
20.08
26.3
28.4
26.99
26.7
18.87
22.78
26.12
18.79
7.59
18.01
16.47
7.48
20.89
26.96
24.69
20.78
25.52
22.67
20.07
21.36
24.8
24.42
27.68
25.53
28.63
26.81
14.71
15.5
23.24
26.93
30.74
28.51
26.99
26.37
22.99
25.01
26.02
16.68
21.58
24.07
27.5
30.17
27.87
26.24
24.11
23.5
19.92
23.09
22.94
15.78
25.9
27.11
28.9
28.17
24.35
13.92
11.23
-7.46
20.94
8.6
29.41
31.81
29.52
30.81
28.98
27.09
23.21
16.9
22.18
25.5
25.39
23.01
18.15
15.96
17.18
19.69
21.25
19.97
21.99
21.77
25.84
31.41
30.71
25.39
23.37
21.08
16.31
17.24
3.59
18.18
22.95
20.03
15.79
23.33
22.64
24.15
19.38
17.78
22.2
23.33
25.86
25.12
24.31
21.64
11.88
21.96
23.43
19.1
8.72
18.6
21.22
26.2
26.23
25.25
25.33
23.49
11.11
22.55
26.13
25.73
24.08
23.83
23.39
23.9
26.56
26.96
27.7
21.27
12.31
13.7
26.43
25.54
16.28
24.75
23.75
17.94
23.59
19.69
9.7
23.07
25.19
21.45
20.84
21.05
20.48
22.11
20.75
6.02
19.19
17.09
20.96
22.73
25.09
23.24
15.29
19.71
27.82
30.89
31.43
30.85
27.52
23.16
12.97
17.7
21.9
24.41
28.56
29.15
23.49
13.85
18.92
21.52
28.03
27.76
23.38
25.02
20.15
15.55
20.89
6.8
24.4
22.14
20.3
24.43
25.08
24.46
22.05
19.71
20.66
20
22.52
20.8
5.35
19.83
27.8
28.52
25.01
23.38
24.15
23.95
27.27
30.65
30.81
31.5
29.68
24.67
15.98
17.8
26.26
29.2
25.67
24.5
27.66
28.74
26.91
27.43
29.47
26.62
19.16
22.06
25.46
28.98
31.34
27.7
15.9
20.86
17.89
9.41
20.92
20.04
13.35
21.48
14.36
23.01
21.29
36.93
36.15
24.67
25.09
27.55
29.57
30.16
29.83
27.26
18.76
20.53
22.37
22.91
27.62
27.4
21.46
14.62
23.75
23.67
20.87
23.15
22.03
23.99
22.72
18.81
23.04
28.73
29.84
25.84
20.85
21.21
22.45
27.89
28.16
24.98
21.9
22.26
9.66
22.46
12.1
20.67
16.19
20.04
28.02
29.41
28.47
24.32
19.32
23.13
20.21
21.71
27.22
27.18
25.81
25.8
18.69
21.48
23.68
19.09
25.72
28.9
21.26
24.28
21.26
11.41
19.55
21.65
20.98
20.4
21.8
20.36
24.38
27.5
29.18
27.27
18.87
15.86
21.96
22.25
18.92
22.11
23.58
15.84
6.99
17.33
19.77
18
24.66
24.3
23.33
24.66
24.53
20.44
13.82
19.94
16.37
21.69
24.52
11.43
1.79
24.04
25.31
22.16
27.53
26.27
19.26
11.73
20.29
21.07
23.35
25.82
24.25
21.89
14.59
13.99
19.55
26.64
31.15
29.03
19.24
18.93
15.93
12.99
22
27.26
25.97
19.16
17.35
15.5
19.93
24.8
25.88
25.81
24.02
16.94
17.82
13.38
18.72
20.07
2.34
20.02
19.46
18.4
22.36
25.71
23.75
22.28
18.45
12.65
7.75
18.31
20.15
23.01
25.97
26.58
25.42
17.39
10.36
18.99
21.81
21.35
15.56
12.89
17.92
4.45
14.44
10.96
21.65
24.51
19.93
17.36
16.06
20.65
22.58
6.79
14.05
13.05
17.41
15.55
18.56
10.76
7.19
13.13
14.51
14.32
5.59
14.53
16.15
7.92
2.81
17.37
18.99
13.68
8.98
18.51
17.73
14.37
15.91
21.74
22.47
20.09
19.51
17.13
17.16
10.27
17.52
5.18
10.49
10.39
17.51
19.32
12.62
25.79
25.92
25.64
26.53
24.62
19.83
17.7
17.84
18.78
15.92
16.96
19.36
17.98
11.07
11.78
15.3
13.3
5.64
13.69
10.63
18.8
23.72
24.87
23.13
22.18
23.6
22.65
11.63
16.15
23.77
24.47
20.81
15.08
12.41
10.68
14.15
19.92
21.16
17.11
10.15
8.98
12.03
7.96
13.7
19.8
22.26
23.43
24.04
21.92
16.78
22.66
23.6
21.97
22.44
25.67
27.59
24.54
15.68
15.89
23.44
25.78
24.08
18.98
13.28
15.29
17.62
19.93
18
6.55
14.54
20.46
23.05
24.28
23.06
22.95
24.49
21.43
14.35
16.29
18.15
16.75
18.48
16.57
16.21
15.96
15.73
15.35
11.66
14.15
13.12
20.9
23.4
21.51
20.34
21.12
19.14
15.82
10.13
17.74
22.56
16.6
15.06
15.92
11.55
7.61
18.83
21.4
18.44
18.1
18.34
20.2
24.98
24.88
22.72
10.45
10.85
22.69
27.83
28.68
27.3
24.46
14.51
7.65
7.81
5.31
15.43
21.88
18.95
11.32
14.34
18.19
17.86
20.02
21.55
21.51
22.15
22.68
22.98
23.03
15.24
7.14
18.55
26.29
27.26
21.16
14.12
20.6
20.77
15.74
14.9
18.75
19.78
21.54
22.67
20.6
20.46
8.49
16.33
19.5
3.17
15.98
21.11
19.3
15.17
16.41
8.91
22.72
23.15
14.19
10.99
22.45
28.38
24.66
2.59
13.27
22.63
26.18
21.39
9.81
12.84
1.67
20.17
20.01
22.76
25.76
24.63
22.21
24.7
22.8
20.43
17.85
17.8
14.11
21.88
24.66
21.77
13.01
15.51
22.52
19.95
14.6
7.96
10.48
14.46
20.69
24.71
25.23
21.31
20.69
16.95
19.26
22.79
9.61
18.8
18.2
16.77
15.94
18.54
17.74
15.6
3.38
16.72
15.47
18.15
22.77
23.31
25.22
24.83
22.39
16.21
18.8
17.47
21.88
23.5
23.19
22.06
20.57
18.23
16.94
23.8
25.93
25.38
24.1
23.02
20.45
24
25.38
18.45
15.09
27.16
28.62
23.78
19.46
16.58
32.77
37.41
33.12
18.5
17.58
21.78
19.67
14.9
16.33
20.06
20
22.07
17.59
17.58
17.12
18.75
16.31
21.72
24.19
21.17
21.3
21.74
15.52
13.07
15.46
25.1
25.17
21.38
14.16
19.24
22.15
18.79
14.55
27.54
28.06
19.98
15.85
24.32
22.53
16.85
5.33
17.19
18.63
8.3
23.2
24.2
21.67
10.33
21.16
21.12
16.3
15.79
14.38
22.54
21.99
15.5
14.8
23.84
24.01
13.14
20.76
12.68
15.13
12.56
17.93
18.93
18.64
14.79
17.14
14.8
15.46
19.02
20.56
21.86
19.69
18.74
7.49
17.5
21.44
22.14
24.24
24.56
22.21
19.56
18.89
17.17
23.08
23.15
24.17
26.74
20.38
13.86
21.51
19.05
21.92
26.92
24.64
19.26
12.42
20.16
22.33
16.37
19.96
20.66
21.53
23.14
21.9
0.93
18.6
20.29
19.98
11.1
12.12
8.23
16.98
25.9
26.37
24.94
24.74
22.36
17.78
20.12
19.81
19.2
17.74
21.3
23.03
20.12
14.34
23.9
26.04
22.7
20.88
24.95
23.89
18.6
6.13
22.98
23.83
16.72
13.7
14.69
9.63
20.09
21.54
22.27
24.69
22.21
14.38
21.79
22.17
9.22
22.08
27.15
25.49
20.8
15.97
1.69
11.68
8.26
12.82
4.26
16.3
18.4
21.21
14.74
12.69
3.61
6.66
13.06
12.35
10.31
16.99
8.46
13.47
19.4
21.46
17.64
14.94
8.74
13.06
17.84
14.09
5.39
7.74
20.21
21.42
12.01
16.58
21.85
24.62
23.57
19.41
16.01
22.21
24.18
18.41
18.07
21.93
21.09
22.24
17.9
21.16
24.68
24.6
21.12
11.88
10.74
21.3
17.56
8.42
9.46
12.95
19.17
10.88
-3.56
0.42
10.77
11.13
11.94
12.04
14.91
20.05
21.35
14.45
15.17
20.12
21.7
22.6
19.69
7.31
12
17.02
20.12
19.23
12.55
14.91
21.05
20.13
19.63
20.94
17.95
18.02
9.04
15.85
19.33
19.92
18.38
8.25
10.6
8.83
12.35
16.31
14.8
16.68
19.14
14.36
-5.54
11.25
17.79
15.85
-2.34
12.24
11.17
15.35
14.95
-3.14
9.54
18.78
19.59
13.9
12.08
7.77
18.94
21.55
18.42
14.9
18.9
21.39
21.16
21.06
20.42
19.83
15.04
14.34
15.99
12.32
6.88
15.85
7.37
15.05
19.09
17.31
11.82
10.74
6.11
16.95
19.48
16.77
1.07
7.49
2.13
9.5
10.23
5.99
3.62
12.56
19.03
17.57
14.79
11.55
14.36
16.28
17.65
12.85
8.98
11.87
5.51
-12.47
10.1
15.17
16.4
15.95
14.09
5.84
0.4
-15.04
11.92
12.94
4.89
1.64
7.08
13.6
12.54
10.04
5.35
8.49
1.42
9.47
7.93
15.24
9.53
11.08
9.47
10.77
12.39
6.81
8.16
16.32
19.78
19.6
16.75
16
14.12
12.46
18.27
19.51
17.14
13.94
18.19
18.56
19.33
18.06
14.42
15.13
13.06
2.85
8.81
12.15
10.51
11.75
13.01
12.35
16.12
20.14
21.19
19.94
17.75
15.56
15.24
16.14
18.95
22.22
20.29
13.69
9.54
8.81
1.58
-9.76
9.04
14.7
18.58
23.27
23.37
21.03
14.5
-1.87
14.39
18.14
15.35
4.62
12.55
16.07
15.41
9.19
13
12.78
7.07
13.11
18.2
19.07
17.9
14.14
15.78
17.95
9.99
18.87
19.56
15.35
3
12.97
19.88
19.21
14.21
12.81
9.92
13.48
11.69
10.11
11.46
13.23
11.79
10.72
16.2
13.62
15.93
17.95
10.62
16.42
20.46
18.06
17.63
16.23
14.8
14.13
17.17
15.1
9.48
6.21
8.22
3.55
8.51
7.93
16.99
19.58
18.5
15.3
10.88
16.05
14.86
16.59
11.25
0.26
5.34
8.25
8.01
8.99
16.47
8.8
11.59
5.13
8.25
7.15
19.14
19.11
17.06
16.58
13.46
12.3
13.78
18
21.54
20.06
14.39
16.13
3.71
12.58
13.95
13
15
13.85
11.47
-3.22
5.94
4.62
12.68
18.52
19.51
21.49
21.36
19.05
20.19
15.74
21.84
20.92
9.9
14.64
10.48
10.76
17.67
18.78
14.37
9.02
15.46
15.2
19.81
21.26
16.28
10.44
19.86
20.32
13.65
7.88
2.83
12.34
17.8
19.3
11.71
11.14
11.17
8.27
9.86
8.14
11.58
16.04
9.2
14.52
20.79
19.07
-2.32
7.83
12.59
20.55
21.49
16.52
13.45
9.61
1.64
-0.84
2.24
13.81
13.62
15.11
10.34
18
21.04
19.69
16.64
15.97
15.89
12.91
4.45
11.15
7.87
9.89
10.04
12.58
19.57
19.25
14.51
10.44
14.96
15.75
-1.86
3.71
12.89
16.55
10.1
10.9
10.09
7.34
14.2
20.08
19.08
14.74
8.07
5.74
12.34
17.01
18.81
8.9
14.19
17.82
16.57
15.33
11.94
7.3
7.08
-5.61
8.82
2.62
-1.66
9.23
12.45
18.14
22.17
20.18
10.45
10.08
0.78
14.33
17.44
16.54
18.64
19.52
16.27
16.8
20.28
18.74
4.22
15.12
15.41
15.61
10.06
6.49
8.83
3.16
12.83
7.81
19.73
19.17
13.12
8.33
13.03
8.83
-1.79
7.77
11.48
16.99
12.6
6.6
12.16
14.8
15.47
13.5
-1.5
12.81
0.05
9.76
5.96
9.79
14.13
12.69
13.04
12.17
20.74
22.46
8.31
6.58
3.01
8.76
13.88
16.29
16.45
17.86
21
23.23
24.03
22.61
18.49
13.2
19.37
19.49
17.09
15.65
12
22.08
19.32
12.67
-0.48
17.32
20.19
16.65
13.37
15.35
19.6
20.35
20.27
20.01
16.29
1.25
14.7
13.84
10.8
18.56
18.08
11.69
-2.26
1.17
6.37
9.12
16.92
18.41
20.75
21.85
20.81
-1.54
13.99
15.48
11.82
16.51
24.31
21.58
12.26
17.65
17.51
18.18
18.44
13.83
9.57
11.4
2.09
9.41
13.89
17.26
14.8
14.28
12.6
15.36
17.3
21.55
20.4
17.09
18.24
18.05
16.05
17.25
10.97
17.84
22.01
18.95
20.12
21.28
19.68
18.72
21.73
19.69
11.96
9
4.25
2.77
2.06
1.41
13.19
13.35
19.09
18.27
15.13
8.2
14.27
16.38
20.57
18.74
8.28
6
15.76
17.03
8.55
12.26
7.46
17.48
16.89
10.03
7.35
5.64
12.9
12.74
12.31
16.13
20.33
21.2
21.54
18.73
18.87
17.67
7.71
8.32
17.43
22.59
21.74
14.56
11.55
14.66
16.4
19.66
10.94
8.65
14.82
5.55
18.17
21.5
14.83
7.31
12.18
13.85
16.45
12
10.94
20.48
23.14
20.05
14.89
20.88
19.59
9.34
9.42
14.65
19.25
18.25
18.02
15.67
14.11
18.32
16.15
17.08
19.86
19.56
14.25
3.95
6.02
5.35
5.72
2.15
3.22
5.23
8.59
7.73
12.42
12.08
8.48
16.97
19.79
21.17
23.24
20.55
20.51
19.89
10.18
10.54
9.47
2.59
12.61
13.03
11.25
14.81
17.47
16.08
1.65
12.38
13.11
6.37
-5.48
6.02
14.07
15.32
15.81
19.55
17.98
16.93
8.96
1.62
9.16
14.98
18.63
24.08
24.76
22.44
19.3
17.29
14.7
5.08
5.49
-6.58
14.25
13.97
6.75
17.2
14.35
2.28
-2.5
10.53
7.53
13.74
14.71
14.04
19.1
19.59
16.7
15.18
15.21
17.44
21.28
22.61
21.53
15.14
6.9
10.92
16.44
18.2
18.87
17.66
17.53
20.17
19.98
15.13
13.98
16.18
19.51
19.96
15.42
11.25
14.26
12.28
8.2
11.79
-1.89
9.17
5.61
12.94
14.41
6.22
17.55
18.22
16.56
10.17
14.03
12.62
13.13
16.7
17.48
11.84
6.75
13.94
17.97
15.4
12.28
18.18
18.57
14.93
16.12
18.76
15.45
17.3
16.83
16.95
18.24
14.67
18.53
19.49
18.48
16.68
12.61
15.06
19.21
19.57
16.34
13.86
14.44
13.79
14.09
17.69
16.93
13.57
12.87
15.49
18.67
18.16
16.05
11.82
12.55
9.58
15.61
17.07
13.54
10.8
10.65
6.44
15.02
16.61
15.98
15.09
10.23
10.2
14.89
17.52
18.85
20.45
20.43
15.42
7.47
14.48
16.89
2.95
17.66
17.8
11.91
12.14
12.3
8.4
9.56
11.87
15.88
17
13.71
9.27
4.82
11.59
17.54
13.13
8.47
12.94
13.63
13.14
5.88
13.62
18.62
20.24
18.82
15.57
0.94
10.25
8.27
14.08
14.28
16.01
19.42
19.82
20.17
16.78
8.57
13.02
4.78
8.36
11.91
8
4.82
9.76
2.54
8.72
11.12
4.2
6.7
8.3
6.05
13.26
15.59
17.36
6.26
8.12
4.64
13.65
16.01
18.4
21.44
19.29
10.34
7.89
11.25
13.95
12.38
15
17.59
11.44
14.08
17.37
14.08
8.64
17.07
9.48
9.43
10.64
3.31
7.76
18.02
17.25
11.63
12.13
16.62
13.94
4.76
2.45
10.23
8.81
5.97
7.7
15.21
14.59
14.65
9.62
15.97
13.91
10.71
13.36
9.78
-1.94
15.45
17.92
10.79
2.54
5.89
8.03
7.96
12.56
15.72
14.19
13.09
13.81
12.12
15.91
13.37
13.14
19.68
19.76
18.98
17.3
10.44
9.31
5.22
12.63
15.12
10.26
6.66
12.43
14.49
13.38
11.74
-1.61
13.33
9.86
8.38
15.53
13.39
9.54
10.87
10.67
16.82
16.13
9.48
9.23
2.28
15.45
18.6
15.81
20.47
22.14
14.33
8.7
6.36
10.88
12.16
8.12
9.87
14.47
19.5
19.29
10.65
13.44
16.42
14.94
14.15
14.47
16.72
16.84
13.73
9.78
11.66
17.29
14.88
11.23
14.13
14.82
16.83
18.98
18.81
15.52
0.84
11.1
12.06
4.55
10.76
12.15
11.32
14.38
12.38
1.48
4.99
6.62
5.35
10.5
9.98
10.62
13
14.76
11.81
-1.37
10.56
12.98
17.42
16.87
11.19
6.9
8.68
-0.88
10.81
10.62
13.27
12.67
-4.36
7.95
14.74
16.58
12.45
2.28
-3.53
6.47
12.82
8.99
8.91
-2.56
3.81
13.68
12.82
2.88
2.31
-0.44
3.38
7.55
14.43
13.14
15.32
23.2
23.27
15.28
15.02
19.64
18.32
1.25
12.42
14.47
16.84
14.38
6.34
5.85
11.61
12.51
17.85
19.27
18.5
18.87
18.71
16.29
14.63
14.3
4.76
8.81
9.01
5.24
8.13
9.99
9.69
14.75
15.52
8.53
8.19
6.84
17.06
13.66
0.95
6.61
9.27
14.63
15.75
11.51
13.7
17.06
16.58
9.75
10.37
18.89
22.53
22.08
19.27
13.37
-11.74
10.47
10.77
13.63
18.22
16.06
5.6
2.23
14.58
18.78
11.52
12.48
15.29
18.06
17.73
15.4
12.61
8.71
10.98
8.17
14.06
17.43
15.28
6.78
9.03
14.49
14.01
13.57
10.09
7.53
16.66
20.29
21.48
19.33
14.52
14.55
18.32
13.92
5.22
7.5
12.82
14.83
15.96
8.49
8.83
16.89
14.51
5.85
16.68
18.51
16.87
20.77
20.43
13.81
7.45
17.3
14.5
13.56
17.77
15.73
12.66
19.47
13.46
15.59
20.37
20.52
19.16
12.85
9.14
18.92
17.7
7.41
8.63
14.87
14.94
0.29
5.58
1.38
5.55
11.37
16.01
17.16
10.67
16.05
18.14
16.33
15.7
14.62
15.27
13.62
14.04
18.33
19.8
16.7
8.8
4.6
12.75
7.56
1.89
13.62
19.71
21.34
18.89
20.04
20.96
17.19
17.49
17.51
16.63
15.7
5.24
15.23
19.99
20.41
19.32
15.09
17.68
19.28
11.22
2.24
5.89
8.62
10.47
11.03
1.5
11.05
17.2
20.21
19.79
17.41
13.49
9.72
6.18
8.38
7.89
7.72
15.62
13.82
4.03
6.97
16.34
18.43
10.05
8.58
12.47
8.34
5.13
1.22
15.93
17.4
13.86
14.74
14.66
12.69
15.32
11.53
10.12
15.6
18.18
19.01
15.31
15.52
7.07
12.57
11.72
4.79
10.16
-8.87
9.38
7.75
9.84
12.29
16.83
16.42
9.78
9.48
9.69
-1.14
9.68
12.11
11.88
15.25
18.28
19.79
18
7.76
11.21
14.75
13.99
5.5
10.52
12.72
12.31
18.42
19.6
18.2
16.41
17.89
12.41
9.29
12.85
16.5
17.3
10
10.11
16.4
15.1
2.64
8.77
12.73
7.76
-4.45
12.73
18.97
16.39
5.12
-2.33
8.04
14.01
15.99
16.27
15.15
14.31
11.55
16.17
19.41
17.52
10.02
8.82
15.44
17.37
18.18
15.37
5.7
4.74
13.38
10.77
5.03
2.79
11.78
7.44
9.57
6.65
6.61
11.61
15
16.34
15.36
5.4
15.69
17.89
14.23
15.49
9.31
-0.76
4.7
13.77
18.89
20.06
15.77
6.9
3.23
-2.56
-11.28
-13.2
3.7
11.16
12.56
13.29
16.52
16.46
15.74
13.92
12.3
-1.07
15.04
14.94
8.37
17.04
14.07
1.99
0.06
3.56
11.41
13.69
14.83
14.95
16.75
16.7
13.17
10.75
13.43
11.39
12.54
14.23
9.26
16.64
21.49
19.14
8.01
12.19
17.38
15.63
8.57
5.78
5.09
10.69
11.11
11.84
11.22
-1.52
12.48
17.79
15.9
7.89
5.06
13.92
17
13.14
7.82
10.11
10.37
17.4
19.14
15.93
11.99
10.5
4.9
12.47
7.78
5
7.16
7.34
10.64
4.17
10.26
6.18
-0.34
7.71
7.32
7.32
8.72
2.57
6.87
12.01
11.42
8.23
11.96
12.8
12.39
6.6
12.27
18.1
17.48
16.3
17.53
17.69
16.67
15.01
16.53
17.51
17.34
17.89
17.94
15.34
13.07
13.11
14.38
13.12
6.88
9.1
8.38
-5.81
10.76
17.79
17.86
13.39
9.13
7.15
4.57
14.52
15.08
13.05
4.79
5.31
10.2
15.95
17.67
13.39
6.12
7.74
15.52
16.51
15.69
7.15
2.03
10.86
14.51
11.74
11.63
8.98
8.07
15.89
16.98
12.57
6.04
12.2
13.58
9.01
11.81
18.04
13.27
2.12
6.82
10.35
12.44
8.84
-16.92
12.47
14.58
2.42
13.89
15.32
7.08
-6.35
3.14
7.71
6.95
17.41
12.87
8.16
6.63
-5.39
10.92
15.62
6.32
16.06
17.38
5.11
11.92
-14.69
11.39
8.59
2.46
13.37
11.06
14.03
15.21
11.34
1.85
13.71
17.91
17.11
8.75
5.7
9.62
13.79
16.43
13.34
15.02
15.95
10.67
-0.7
6.87
13.85
15.82
12.76
8.79
12.69
13.96
15.47
10.92
12.02
16.29
2.66
12.35
10.65
10.58
8.12
11.94
15.97
18.13
15.77
12.59
2.01
1.7
1.57
5.24
11.22
10.63
12.67
14.12
13.5
8.97
10.3
13.26
18.16
17.12
14.19
9.69
11.67
14.52
13.98
15.09
15.59
13.94
11.57
12.38
13.35
13.71
10.87
11.46
16.21
18.66
14.72
4.15
11.55
8.11
7.9
9.09
13.38
14.32
9.07
2.84
11
8.26
15.57
17.38
15.55
12.01
7.87
-9.76
4.62
3.19
14.69
17.28
10.61
14.97
16.28
14.34
12.33
5.61
-1.92
1.22
8.02
10.09
13.15
13.98
13.52
4.32
2.88
1.9
12.03
14.27
9.34
0.74
3.21
7.96
13.91
18.61
18.1
10.6
7.52
8
11.34
10.74
3.59
14.2
13.27
8.08
13.1
9.4
6.54
7.65
10.78
11.31
10.77
11.94
12.59
14.77
15.47
12.85
11.78
14.76
14.55
12.93
16.96
14.87
2.76
6.62
11.29
10.03
8.39
15.89
13.48
-5.94
12.01
14.69
7.31
6.34
15.02
15.96
10.62
7.48
12.05
11.37
5
17.19
14.5
8.67
13.87
11.22
4.08
9.3
15.27
17.03
13.1
5.97
14.81
15.82
14.93
4.85
4.68
1.16
4.39
4.34
1.65
7.84
3.86
12.48
18.88
18.04
15.68
13.66
6.23
9.9
6.01
9.39
14.17
15.43
9.39
5.57
14.14
13.03
8.61
9.16
13.43
13.54
8.85
5.78
8.74
11.55
6.45
4.23
8.65
6.13
12.43
15.45
-7.62
16.9
16.94
6.58
1.42
3.29
7.78
11.89
11.59
13.91
8.43
6.01
3.37
-10.75
-3.36
-9.87
8.78
10.05
8.09
13.95
9.39
-1.07
5.62
6.18
-1.57
9.15
10.76
8.92
11.32
17.53
16.93
13.12
9.49
9.27
8.45
6.83
5.04
12.54
15.58
15.76
16.58
15.59
12.36
11.29
12.58
17.65
19.24
15.36
7.64
13.48
17.62
17.49
13.02
7.02
2.26
12.54
10.91
11.27
14.83
13.3
15.18
19.48
17.06
11.96
11.07
3.72
11.2
12.85
16.01
15.29
4.99
5.8
9.83
2.95
11.2
16.68
15.51
12.56
6.77
7.34
14.13
10.43
15.31
18.74
14.47
0.96
5.83
14.43
16.36
10.92
9
14.42
15.37
13.21
13.34
7.9
1.21
10.02
12.55
16.67
17.44
17.34
14.52
4.49
12.99
9.37
9.45
12.79
7.45
-4.87
2.66
-1.04
1.45
13.19
15.41
8.05
4.71
7.53
8.73
12.13
13.76
12.73
10.36
8.69
13.99
12.47
16.85
17.49
13.52
6.31
7.87
12.9
10.76
17.59
17.53
14.27
2.34
2.74
-1.39
8.95
8.47
9.99
12.67
0.12
11.27
16.07
15.68
8.96
8.24
13.55
17.03
15.33
4.47
7.94
6.24
1.77
4.04
-23.45
8
7.45
3.87
11.64
12.64
11.12
-10.3
13.2
15.68
13.03
6.02
7.64
11.83
9.7
9.65
6.54
9.02
13.29
11.11
12.19
11.42
12.46
13.7
15.28
17.49
17.14
6.9
9.41
11.71
9.08
11.68
15.56
12.12
7.47
3.91
-18.96
-0.44
5.5
5.96
7.04
8.89
14.85
12.69
3.37
5.93
-2.07
-0.05
0.9
6.29
12.3
9.67
1.85
7.79
7.76
9.44
11.74
12.02
11.32
13.83
13.95
7.57
9.45
14.95
14.96
-1.71
12.87
13.33
7.72
-3.91
7.83
8.82
10.74
9.48
8
13.29
17.25
19.56
14.37
-7.95
12.54
16.86
14.96
8.61
5.28
4.22
6.96
11.4
15.88
16.84
16.39
8.54
15.6
16.63
17.03
19.98
19.8
16.26
12.39
16.02
18.25
14.14
11.06
14.36
17.32
18.79
17.59
16.78
12.71
14.11
19.74
16.87
4.23
14.16
15.21
14.04
13.52
12.12
11.45
12.64
14.33
7.21
14.7
19.3
18.9
16.71
8.66
9.49
13.08
3.76
6.64
8.8
14.92
13.72
17.72
19.18
14.13
4.97
15.68
15.66
12.46
8.46
5.02
10.52
10.06
9.22
12.06
19.62
19.6
16.16
10.07
2.13
5.46
3.44
9.27
13.36
15.5
14.47
6.07
0.63
8.95
9.62
9.37
11.36
10.68
11.21
9.15
7.11
7.55
13.1
15.42
15.78
11.62
2.38
13.74
17.17
16.82
15.06
14.91
7.64
-0.3
2.74
12.62
16.24
14.97
10.93
11.28
4.34
-1.96
14.91
17.11
11.17
-5.26
-4.22
5.63
13.96
17.48
18.28
14.13
2.9
10.56
13.47
16.02
19.29
17.01
7.25
3.7
10.94
15.57
15.64
10.18
10.75
9.68
10.13
13.85
14.67
15.1
10.5
-11.7
12.38
16.8
8.3
1.87
12.09
11.78
9.06
10.89
7.99
9.85
12.85
5.57
14.44
16.21
16.09
9.14
10.09
13.85
6.03
5.68
15.61
13.89
2.63
14.33
17.86
19.12
18.19
14.23
12.94
9.67
10.06
13.39
11.82
14.57
13.36
5.03
15.08
19.57
18.23
8.32
12.71
18.7
21.25
20.81
20.4
18.16
13.95
12.55
15.95
15.4
15.19
10.36
-1.86
-0.47
0.36
-1.53
10.36
16.03
15.6
14.44
14.1
7.41
7.15
7.21
11.16
15.13
11.9
7.38
7.92
10.83
15.23
17.19
15.36
9.37
8.63
7.44
9.18
12.62
8.93
8.78
5.6
11.92
14
7.55
8.43
14.09
11.68
12.79
15.07
15.53
18.02
18.38
17
13.27
9.19
4.95
8.64
16.1
16.59
11.92
10.46
15.06
13.21
0.33
3.56
5.12
10.31
12.09
15.88
16.3
15.27
14.6
15.15
8.2
10.14
8.97
5.53
11.15
11.29
10.06
3.13
8.62
9.45
11.46
15.15
16.8
14.35
10.27
9.35
6.98
13.1
15.69
12.61
9.46
11.19
11.88
12.08
12.41
12.58
12.46
10.75
10.33
16.1
16.53
16.07
15.9
12.38
0.97
2.5
7.97
9.16
14.8
19.9
20.85
20.13
19.55
18.29
16.66
8.82
0.89
-2.44
11.4
15.5
16.74
16.26
13.63
10.08
15.18
18.13
14.42
-3.1
13.09
16.82
15.59
11.64
12.77
15.86
14.29
13.3
14.6
12.08
-2.9
14.79
12.15
8.65
9.48
12.67
14.79
15.48
18.91
17.85
11.8
1.24
8.3
15.05
14.98
12.36
14.83
14.6
14.34
11.49
5.09
0.83
12.97
15.69
14.57
15.46
16.23
17.21
19.39
19.92
20.48
21.61
19.51
10.79
10.96
17.34
20.24
19.52
17.37
16.8
14.48
11.15
12
7.79
17.35
18.53
14.73
15.06
16.26
15.31
15.96
15.5
15.66
18.51
14.24
12.25
13.5
8.12
7.72
12.18
14.48
14.19
1.56
9.48
13.31
15.88
13.52
11.57
11.21
-4.29
4.11
9.02
11.42
0.81
4.61
16.22
16.73
10.17
5.81
7.44
6.96
12.4
14.88
14.95
15.03
16.07
12.27
11.7
17.13
15.47
7.19
11.41
9.77
10.94
17.29
16
9.83
5.62
8.77
8.42
9.91
17.47
20.45
17.22
11.84
9.94
6.89
3.02
9.42
12.66
12.22
8.69
4.28
10.24
12.59
15.63
18.06
19.08
19.4
17.69
12.2
11.28
16.74
17.05
13.07
5.95
0.81
9.64
14.42
18.47
17.66
13.09
12.2
8.74
5.9
14.35
13.51
11.22
13.76
14.58
8.75
2.56
5.38
9.19
14.05
18.79
20.36
8.04
2.54
10.95
6.57
10.6
6.52
12.44
11.66
6.52
10
9.88
9.05
3.55
14.79
14.99
6.99
1.71
-2.06
4.91
7.95
7.75
10.75
8.41
7.02
12.27
13.57
9.02
8.51
3.7
8.87
2.99
10.46
14.65
12.98
7.62
-0.38
11.77
17.56
15.55
-4.47
9.04
8.92
16.78
16.49
10.93
-2.65
9.91
16.82
18.32
17.17
15.37
13.38
15.35
17.29
16.23
12.14
5.56
10.16
7.58
11.51
13.87
13.26
8.58
-8.79
6.36
3.2
9.53
12.96
16.27
13.05
7.31
5.83
15
16.15
15.24
14.66
12.14
13.9
8.55
6.09
3.44
10.66
16.05
14.2
14.79
6.4
14.6
13.02
0.79
12.18
15.14
14.32
13.89
15.39
16.61
16.88
14.96
15.57
13.03
9.97
11.62
9.52
13.13
16.32
14.04
6.21
3.23
15.34
17.11
16.18
14.45
10.87
12.54
10.52
10.74
12.45
15.84
13.58
12.64
13.78
-1.12
15.76
14.16
9.02
10.01
12.22
12.75
7.82
13.43
11.56
8.87
11.7
5.64
6.45
11.85
9.21
7.45
8.68
2.99
13.26
13.28
4.73
6.66
14.24
13.44
8.05
1.73
7.5
-1.67
4.93
5.51
9.53
8.54
6.59
-11.63
3.98
8.45
16.3
14.74
7.28
3.96
4.59
7.62
6.7
7.31
7.51
7.36
5.63
7.24
10.4
12.41
7.86
8.08
6.34
10.04
12.53
9.61
-10.85
12.6
15.36
14.05
8.57
-1.34
7.4
11.72
8.59
10.37
7.02
-4.32
9.52
-4.65
10.66
13.36
12.77
7.95
13.39
17.12
15.22
9.24
7.68
5.79
9.23
11.15
11.57
10.51
10.11
9.48
13.79
3.63
0.44
6.4
9.95
12.76
13.66
11.18
16.57
18.35
17.66
17.48
15.85
13.74
11.51
8.54
10.5
9.57
8.33
-4.41
8.18
11.69
2.27
8.71
13.71
15.79
9.9
2.9
8.3
12.67
14.76
14.62
12.37
5.19
10.24
14.74
13.46
0.94
7.34
8.53
11.89
-2.79
7.57
6.19
1.15
6.26
8.32
12.41
17.26
15.61
13.17
10.67
4.18
6.76
8.17
5.79
-1.22
9.22
13.24
9.95
9.81
14.51
16.47
15.15
4.84
3.09
10.54
5.13
7.66
15.15
12.44
1.87
12.22
14.54
12.13
9.16
11.96
15.95
15.85
14.15
9.04
5.6
16.11
19
15.41
7.8
7.84
13.74
15.71
14.2
11.82
9.94
13.25
14.47
8.91
10.76
15.49
7.1
13.48
14.15
12.75
16.12
17.85
18.43
17.19
11.54
14.26
18.34
17.06
15.3
11.29
7.18
14.16
9.85
5.78
11.85
15.98
18.23
18.62
15.49
9.93
11.81
19.54
19.47
13.97
3.8
13.55
14.46
13.91
8.52
10.86
13.73
14.64
9.62
2.23
-4.37
11.2
12.34
13.18
16.37
11.7
3.64
12.5
12.09
8.15
10.04
10
11.94
14.34
9.29
10.33
-3.54
13.13
13.37
7.75
-3.43
-2.04
5.17
9.22
9.2
2.96
7.25
7.26
4.36
-1.7
10.74
10.81
9.05
13.64
12.96
8.21
15.68
21.09
