3.53
-1.54
4.16
2.27
3.44
-4.1
6.92
12.32
14.28
11
2.57
-22.65
3.67
11.48
11.24
2.99
6.56
9.93
12.02
14.66
16.66
14.04
4.81
-4.31
7.27
5.32
6.77
9.88
10.48
4.57
4.32
9.52
-0.76
7.6
9.85
3.82
2.4
12.83
11.45
1.94
6.88
9.25
9.95
5.54
11.09
16.12
15.19
10.69
5.56
5.85
3.39
2.83
11.46
14.44
16.06
15.29
9.94
-3.5
5.49
9.35
8.43
-1.17
11.47
16.53
17.12
9.75
5.83
14.53
15.3
9.27
9.54
5.43
5.47
11.62
13.29
12.54
2.74
9.03
13.52
11.38
8.38
9.1
9.92
10.27
14.07
14.13
7.54
8
13.26
14.07
13.73
10.29
4.81
5.25
11.76
7.35
-9.53
5.39
6.32
-9.93
9.28
12.31
5.55
9.84
13.91
9.87
6.64
6.03
1
6.78
8.89
8.29
8.09
-2.83
8.05
7.94
11.51
12.64
8.66
5.42
3.7
12.25
10.93
-0.29
10.8
11.44
-8.17
9.96
8.68
12.12
13.07
10.45
12.63
-9.85
12.1
12.79
-3.56
12.02
11.88
9.31
8.28
12.87
12.22
14.52
14.59
8.77
6.87
-1.97
3.04
6.18
8.03
1.87
11.28
16.1
12.38
9.89
-2.91
5.78
6.69
6.95
-7.69
12.26
15.87
11.46
-0.08
9.67
12.63
7.88
8.44
-1.45
0.29
5.24
9.17
5.82
-0.57
-11.53
7.04
7.88
6.95
9.05
10.49
11.37
8.36
6.56
7.87
10.27
8.74
3.12
8.05
14.25
13.32
14.45
19.68
13.98
9.26
14.72
17.66
17.27
5.35
15.89
13.91
15.67
9.52
14.65
10.86
6.31
5.34
10.2
13.09
7.22
10.73
9.88
8.43
2.6
4.36
9.38
8.12
4.47
8.44
12.55
12.99
10.45
8.85
11.85
5.9
3.24
5.96
8.45
8.94
-0.63
9.9
3.76
7.26
2.57
12.77
9.94
3.63
10.57
13.2
8.21
-4.19
9.24
8.93
3.71
0.85
9.63
4.27
13.08
10.39
2.65
-16.03
-1.68
2.86
3.39
1.37
4.17
14.33
15.19
11.96
11.15
3.94
4.99
4.33
7.73
-1.48
8.54
6.65
6.65
10.06
11.72
11.88
11.24
9.77
7.37
3.5
13.07
12.63
8.48
-0.25
5.77
3.38
9.31
14.55
16.15
11.14
-0.39
3.97
7.44
12.34
13.16
13.21
9.12
0.53
4.22
1.7
0.12
6.38
9.7
15.06
13.69
5.41
-8.93
0.39
4.43
6.98
4.3
7.94
3.72
4
-1.41
8.18
12.95
14.41
13.75
-0.92
11.69
15.5
13.38
12.46
12.78
12.31
12.89
14.21
11.74
-4.31
14
14.93
12.73
9.8
-0.89
2.66
12.82
17.03
15.68
10.27
6.16
14.97
15.81
12.96
6.2
-2.77
8.15
10.66
11.26
13.2
16.82
16.62
12.54
8.83
9.25
6.82
4.21
6.64
10.02
14.27
14.95
11.25
13.21
15.18
12.6
4.26
3.98
13.16
12.33
5.42
5.24
13.58
14.69
9.66
-3.6
2.19
8.67
11.79
12.22
10.02
7.98
6.22
-0.28
3.75
13.26
17.15
17.18
16.11
13.21
8.17
6.86
4.54
3.69
-4.19
-1.51
-9.2
3.82
10.08
9.92
5.37
-6.88
4.37
6.62
6.88
6.75
-3.21
8.93
8.11
5.53
5.35
-1.96
7.03
10.3
8.49
9.26
8.86
-0.65
2.1
3.07
8.11
8.14
-13.76
7.34
3.76
3.58
11.76
9.63
6.22
7.71
10.61
-2.92
8.1
3.76
3.57
10.8
14.14
13.3
11.05
10.86
1.89
8.06
0.61
4.09
7.07
2.18
7.07
11.21
8.75
4.76
11.52
12.22
3.06
7.25
0.69
10.26
13.08
7
11.34
13
12.84
13.42
12.83
11.02
14.43
16.36
13.64
-6.01
9.75
10.15
7.82
8.8
9.75
9.74
11.05
10.6
5.3
9.04
8.31
3.14
7.8
2.57
12.27
14.48
9.71
3.03
3.54
9.83
6.59
7.86
8.09
-4.7
10.89
11.88
-7.4
5.17
2.6
9.84
-0.87
6.87
11.18
14.58
14.85
14.52
13.99
11.67
3.95
6.5
4.92
5.23
7.58
10.29
5.8
8.18
9.02
5.66
-2.11
11.16
14.36
13.06
2.34
5.42
11.37
15.17
15.41
14.49
9.93
1.78
2.04
2.18
-8.79
-0.61
8.74
13.92
11
12.43
13.5
10.45
2.83
14.23
14.95
6.71
9.2
9.42
10.9
5.07
1.54
4.75
12.73
12.03
5.89
3.83
6.28
5.93
15.36
15.92
12.41
6.95
7.64
10.53
11.67
11.88
8.24
6.29
14.82
16.14
13.28
11.99
12.4
11.15
10.41
5.37
-1.87
9.05
13.52
8.01
5.89
5.47
1.93
2.31
12.25
11.86
-5.31
4.62
5.99
10.9
11.31
9.42
9.32
12.59
10.14
4.51
11.16
3.62
5.66
11.91
13.65
8.32
12.22
5.74
4.59
6.87
12.84
13.9
12.74
15.79
17.94
18.15
15.35
13.67
3.08
6.62
7.36
12.51
12.05
12.65
15.89
14.91
14.2
10.81
9.04
-11.48
13.32
14.83
9.21
11.3
10.48
8.26
5.79
-1.37
5.07
14.44
14.75
9.35
-1.63
-1.38
3.99
8.61
13.55
6.36
6.05
-0.38
8.82
13.93
14.15
10.17
9.42
10.91
8.22
5.98
11.58
13.06
12.01
12.17
11.31
7.31
7.16
15.13
14.29
-13.54
11.89
11.33
1.27
9.36
12.74
12.24
12.03
16.15
16.23
7.1
-3.74
12.25
16.5
13.38
3.01
10.68
13.6
11.01
9.38
11.57
9.2
0.42
3.36
-1.33
4.36
1.32
6.73
11.77
14.69
14.25
8.14
-1.19
-9.84
9.5
14.54
13.32
12.68
13.91
12.83
11.15
8.99
8.43
5.53
0.23
9.34
9.74
-4.65
5.66
-10.14
10.1
14.25
13.77
10.86
4.14
4.83
14.53
14.58
8.2
8.84
13.65
13.49
6
6.68
9.74
-4.98
8.79
8.2
8.47
7.12
8.77
7.01
8.17
2.83
6.46
1.97
-0.07
3.63
12.71
14.14
12.93
10.83
8.99
4.84
6.68
11.57
7.16
12.47
15.8
13.33
12.03
12.72
13.83
12.26
9.91
5.02
8.17
11.36
3.2
8.84
8.96
-0.56
10.58
10.48
0.1
8.88
12.87
12.73
8.39
6.61
6.87
-1.88
8.92
-6.6
7.79
-6.48
8.05
8.5
8.28
6.82
4.79
-0.54
3.71
7.32
6.09
-0.34
0.74
10.82
9.57
0.18
9.41
-7.76
4.2
-1.21
-0.1
4.56
5.77
10.81
6.03
6.45
11.02
8.36
-2.08
6.6
11.75
13.03
12.07
8.1
19.81
25.2
23.51
12.82
11.9
11.21
2.18
13.82
24.7
27.84
26.95
23.66
21.18
22.23
21.64
18.86
20.79
22.41
19.58
11.64
18.91
23.54
20
15.59
19.85
24.09
23.82
21.12
14.25
13.43
17.78
20.42
19.45
14.8
17.89
15.26
16.2
25.32
26.48
19.83
14.1
14.41
12.55
5.02
15.92
19.7
19.12
16.85
19.26
16.99
12.83
17.98
23.74
22.98
20.34
12.15
21.31
8.34
18.57
17.52
18.66
18.27
17.06
17.19
17.84
19.61
23.33
26.81
25.17
21.75
22.7
23.41
23.79
22.11
16.94
20.82
20.07
12.64
15.55
14.8
23.35
25.76
21.84
21.77
25.47
19.77
2.27
15.53
21
23.92
23.61
21.49
20.01
19.27
22.94
24.94
19.56
22.25
22.22
11.8
11.43
15.39
21.97
19.18
18.1
18.26
20.71
18.91
17.3
17.31
13.35
2.92
16.68
16.47
17.84
20.39
19.24
16.29
-4.73
24.13
27.9
26.42
23.73
18.22
21.28
19.89
12.95
16.97
18.53
20.44
23.79
23.84
21.03
20.11
24.88
26.39
16.04
17.55
15.78
12.47
11.56
15.46
10.8
17.95
21.65
18.38
9.23
11.16
26.8
26.59
14.85
25.27
25.3
12.86
20.21
21.81
18.59
17.75
21.83
25.96
27.06
21.25
14.75
24.18
25.02
13.36
17.61
15.58
21.62
18.94
25.89
30.97
30.08
24.85
22.31
25.66
18.72
23.51
21.75
19.37
22.16
17.64
16.66
23.2
22.56
10.74
23.1
31.45
32.28
27.35
18.09
19.96
21.87
13.03
13.22
11.26
15.51
17.11
16.26
22.53
25.82
26.24
28.14
29.17
25.3
11.24
23.5
19.75
13.49
15.46
21.42
26.3
27.41
26.43
28.6
32.08
29.45
22.7
21.49
19.77
19.82
19.31
-4.28
17.77
16.52
10.4
9.03
13.07
15.76
15.6
22.17
26.1
23.46
17.63
16.94
12.91
11.53
14.76
18.96
19.4
17.99
14.15
10.67
11.71
11.22
-2.8
18.57
19.39
10.04
18.24
16.7
23.56
17.51
9.1
6.56
13.58
7.1
6.98
11.47
4.06
20.78
20.44
22.7
22.03
9.53
9.98
16.79
12.16
19.81
23.54
22.99
20.09
13.85
16.89
24.6
21.8
19.69
21.04
18.86
15.51
17.53
16.88
16.38
19.17
19.44
20.94
22.38
19.14
17.63
16.72
19.56
23.26
20.4
16.56
17.91
20.59
19.45
21
19.68
14.6
17.5
22
15.96
12.16
13.09
14.24
14.56
10.01
9.7
14.28
16.44
14.83
15.91
7.86
24.69
26.67
21.44
17.58
16.96
19.87
20.69
20.11
17.05
13.13
8.98
7.87
8.13
5.28
7.52
11.92
14.51
18.09
16.83
-5.55
10.01
12.73
15.68
14.28
10.92
5.84
-0.92
-1.04
-0.47
10.77
18.14
22.36
22.77
18.42
13.42
-4.41
15.1
19.81
21.24
19.74
17.97
12.44
6.27
-5.73
13.29
14.17
5.33
9.83
13.22
14.04
17.19
17.59
16.75
16.46
17.96
16.6
13.41
13.62
12.58
14.47
18.49
15.12
2.51
12.56
15.13
12.34
16.04
19.98
21.51
20.57
13.12
4.16
-1.31
8.05
8.53
7.31
7.39
3.21
-3.4
0.35
6.45
9.54
12.3
10.49
11.85
15.84
1.54
8.42
19.51
22.52
19.98
13.54
23.27
26.77
21.91
8.38
13.69
19.76
12.26
2.13
14.39
18.82
10.05
8.88
17.4
21.12
20.16
15.89
16.85
22.25
24.16
25.83
26.15
20.98
13.88
18.86
22.14
22.38
21.98
23.69
24.07
24.24
23.77
22.7
23.69
24.31
23.26
21.69
21.13
20.74
22.96
23.51
19.75
19.55
24.11
23.36
15.45
10.29
12.89
15.92
20.21
20.75
22.51
20.89
18.06
22.43
20.35
15.77
21.42
24.27
21.5
21.22
21.17
20.58
21.93
22.26
20.96
17.22
21.71
25.84
28.1
29.05
25.18
15.32
14.46
16.2
20.04
18.68
16.07
15.04
21.14
24.72
23.31
12.94
13.72
20.93
21.87
19.92
23.59
26
26.04
25.19
23.25
13.21
18.89
22.67
24.9
22.19
1.39
14.77
17.81
20.29
21.44
21.71
19.22
7.57
21.4
18.54
20.08
19.67
16.31
23.4
26.7
27.87
23.81
19.32
19.9
21.54
21.42
15.48
9.65
16.09
20.8
21
19.98
15.17
18.59
17.43
16.43
18.67
18.95
22.76
23.6
20.17
12.55
16.78
19.08
16.8
13.87
15.08
16.65
21.33
23.76
21.91
17.82
5.21
11.55
15.45
7.16
19.44
24.03
26.19
25.32
24.82
26.99
27.87
26.24
24.77
26.89
28.69
28.36
27.1
26.91
28.72
27.25
23.45
17.21
16.55
24.42
20.27
20.67
24.89
20.09
12.3
24.99
26.75
22.85
19.06
19.01
17.52
22.84
23.29
17.61
16.76
20.32
15.57
18.63
22.47
22.17
21.57
27.48
27.69
24.9
23.97
24.69
23.64
22.6
17.54
23.17
11.21
13.63
18.56
21.36
19.24
21.32
21.06
19.71
25
19.86
17.53
15.2
17.73
19.72
12.61
15.13
18.02
24.34
27.01
26.62
26.64
23.13
15.54
20.99
20.19
20.52
20.47
16.65
12.03
15.63
19.04
13.83
9.16
19.67
23.55
15.94
18.44
18.33
21.6
23.65
21.31
17.96
15.27
10.24
17.79
22.64
20.01
20.41
24.66
22.4
18.01
22
21.93
17.63
20.05
22.55
22.65
16.33
14.36
23.82
23.71
21.82
21.72
15.85
22.8
24.15
17.72
16.13
22.36
19.65
14.06
20
21.01
23.72
26.23
25.96
24.93
21.71
9.2
15.88
14.55
15.88
22.33
9.26
24.98
26.87
22.45
18.37
17.07
16.64
25.51
25.22
22.05
19.05
16.59
19.43
23.35
21.42
6.11
13.75
12.02
19.74
23.62
24.11
22.7
17.72
17.58
20.16
15.49
15.34
19.03
17.3
15.01
3.66
7.66
11.5
18.03
20.25
11.96
20.18
23.19
15.27
10.73
-0.48
15.93
18.26
17.82
21.23
21.61
19.04
23.84
23.94
21.85
17.62
8.71
13.7
12.6
16.07
23.72
25.76
23.75
19.92
18.47
16.44
15.08
19.34
21.52
24.18
26.51
26.81
25.5
23.1
15.64
17.09
18.23
17.37
20.17
24.21
22.27
15.67
8.52
10.46
10.58
4.8
18.26
22.34
16
11.81
22.19
25.65
22.77
13.6
7.12
11.22
11.78
16.87
15.21
7.05
16.71
11.28
4.36
14.4
18.31
12.43
11.37
14.67
14.79
18.42
22.49
24.98
22.77
12.53
2.18
12.35
16.39
5.7
13.74
24.64
24.45
20.26
18.97
24.16
19.49
21.95
20.7
17.92
16.26
9.15
17.78
21.88
16.91
15.91
17.06
25.38
27.07
26.15
22
14.98
26.36
25.31
16.65
18.17
24.85
17.26
17.92
19.04
12.39
20.22
23.77
24.63
21.16
15.51
18.31
13.48
21.74
26.28
27.17
25.73
17.84
14.34
21.45
19.15
21.78
26.58
22.6
15.92
22.85
22.67
24.19
20.47
21.32
19.93
20.13
25.77
22.82
13.48
23.7
22.76
10.27
19.73
16.59
19.32
24.11
22.88
19.88
17
17.27
18.95
20.1
22.06
20.51
13.73
11.38
19.71
21.47
14.2
15.73
4.01
21.53
20.09
16.7
23.31
24.05
22.51
23.46
23.89
23.78
22.51
22.84
20.66
23.08
20.54
15.53
17.63
7.52
17.09
18.85
20.71
18.91
16.88
10.98
11.92
21
21.48
14.25
14.52
20.79
23.51
20.74
12.16
23.28
23.54
14.39
15.3
24.95
26.04
18.17
19.25
19.67
17.6
17.71
18.07
19.22
24.58
26.48
28.11
28.09
27.12
26.46
29.81
32.48
28.83
20.67
18.06
13.79
15.47
15.8
21.52
23.63
19.13
29.08
29.64
24.8
24.9
27.58
25.03
17.18
21.67
31.1
34.23
28.95
17.77
17.73
18.62
25.69
28.2
25.76
18.28
20.95
22.17
19.57
16.71
18.61
13.98
11.41
17.95
2.47
12.04
22.01
27.53
26.12
18.64
2.07
2.99
26.54
41.51
44.35
38.38
26.12
21.26
22.77
24.88
21.73
17.7
18.79
18.62
14.16
3.28
15.23
10.44
17.74
20.17
8.09
15.96
16.46
18.75
18.92
13.21
14.67
25.54
26.94
23.29
32.19
43.26
45.47
39.31
26.4
20.86
22.32
21.73
19.23
20.29
0.91
17.61
22.4
20.46
19.1
25.62
26.67
26.98
25.74
25.19
23.26
8.83
22.21
19.24
26.91
29.6
27.54
20.63
6.29
14.7
17.71
12.43
18.15
17.42
20.51
23.65
13.69
20.92
17
20.2
27.14
26.41
26.11
27.78
30.34
30.65
24.2
21.28
26.05
24.99
24.1
14.92
35.35
42.5
40.09
25.41
24.39
24.13
11.56
5.15
15.54
21.43
25.08
24.22
11.94
25.82
28.37
28.66
28.74
23
15.59
12.1
22.06
25.54
20.55
23.22
24.12
17.85
26.82
22.46
15.43
18
24.98
39.52
42.74
36.05
18.73
15.1
16.7
18.48
27.08
29.79
23.64
20.67
16.36
17.04
21.13
18.91
7.34
18.5
24.64
26.1
23.13
26.02
29.1
29.86
27.31
20.63
19.5
16.17
15.95
15.95
21.81
20.5
22.74
25.56
24.92
23.14
16.54
13.78
22.37
21
19.04
11.04
21.67
21.79
14.2
24.98
26.58
21.69
16.28
7.83
22.71
23.65
23.84
36.18
41.9
39.6
27.69
19.02
11.11
22.54
23.83
21.01
22.04
18.98
21.44
20.79
12.57
2.39
16.81
18.03
11.26
4.2
13.64
21.56
26.99
27.51
22.85
3.31
14.01
10.33
22.77
27.08
27.44
25.38
18.25
19.01
21.89
10.14
30.41
32.09
25.38
19.38
14.86
11.91
20.2
19.05
23.84
26.51
31.37
28.3
17.41
18.33
15.78
16.88
24.18
25.29
20.88
25.32
26.38
23.8
25.79
26.07
25.81
17.65
16.95
20.43
23.24
18.23
15.07
21.76
26.6
26.18
26.53
16.84
31.33
41.21
43.4
37.14
17.55
25.21
23.14
27.48
24.86
16.95
24.78
32.83
33.68
26.69
8.58
13.91
19.41
25.55
29.1
36.07
44.75
42.86
32.1
24.81
18.69
15.46
23.8
26.4
26.16
23.2
25.25
30.25
32.71
26.99
22.91
23.99
28.29
29.95
29.46
25
23.03
31.07
29.09
21.2
26.72
26.24
21.61
31.83
34.45
33.09
24.89
24.56
29.46
26.4
23.21
20.38
23.9
18.1
23.55
13.57
22.47
24.62
31.96
31.3
27.93
21.26
23.96
26.49
26.06
29.67
29.46
27.74
13.91
31.27
33.21
28.13
21.13
17.97
33.24
45.96
48.35
40.49
25.05
29.13
29.24
26.97
23.03
13.98
21.1
39.53
47.42
46.43
36.7
24.94
15.07
18.91
19.22
28.83
30.59
19.76
21.79
23.2
27.02
31.49
29.27
22.81
28.41
28.2
10.06
22.59
23.62
20.18
19.47
23.71
30.68
29.78
19.37
26.44
29.11
24.49
22.27
11.46
25.88
24.76
23.55
18.58
20.1
24.97
25.33
25.76
19.94
25.16
28.77
28.89
20.56
21.17
21.28
11.43
25.91
30.25
31.06
29.37
23.17
19.81
27.79
29.54
28.6
27.73
29.91
29.8
13.38
23.29
21.04
23.66
25.88
27.53
23.52
17.28
25.08
30.7
29.36
24.82
17.41
16.81
21.77
20.26
19.93
18.29
21.15
17.87
23.44
23.34
23.32
30.63
31.06
27.23
24.62
24.83
22.76
28.43
22.4
23.06
25.27
21.23
25.55
22.04
16.37
13.9
21.59
22.56
13.62
1.2
22.02
27.65
28.53
26.29
31.24
29.9
25.76
30.31
27.91
17.57
24.03
25.86
29.31
27.77
22.77
18.22
15.38
21.11
27.15
29.66
31.13
21.63
24.62
23.84
24.56
10.8
18.82
10.77
15.63
18.32
15.29
27.66
28.43
26.91
24
21.34
18.36
23
18.63
19.11
29.76
33.27
32.47
29.08
17.71
25
28.13
23.14
16.16
18.78
19.21
26.08
29.03
31.49
30.22
18.86
26.96
28.05
24.81
24.03
22.96
22.17
15.91
20.47
21.1
24.73
22.19
18.1
19.61
13.43
15.19
13.52
18.52
18.82
26.51
27.98
16.97
27.34
30.09
28.45
25.95
27.92
26.2
23.01
14.57
19.65
23.55
24.77
26.28
26.66
22.17
20.95
20.55
14.1
14.13
18.08
12.23
20.13
22.09
26.03
27.13
27.17
26.48
9.76
29.12
31.45
30.75
25.36
7.28
17.49
18.69
14.18
16.43
23.08
26.24
25.43
25.5
25.17
22.5
26.1
26.5
21.06
20.65
23.07
20.17
25.03
28.95
26.28
24.89
28.03
24.53
20.76
20.38
17.8
13.37
15.67
13.04
24.56
27.43
23.64
20.05
8.07
18.84
-4.5
7.9
16.2
20.67
15.6
12.64
12.22
17.16
19.37
19.09
20.4
13.44
18.74
16.96
20.86
20.03
14.55
10.98
12.15
15.12
18.08
25.43
23.04
6.56
14.85
16.15
22.98
21.52
15.15
18.78
4.12
12.57
16.26
13.41
3.38
17.48
21.74
17.33
11.66
13.17
8.42
-1.07
16.26
22.53
25.32
18.19
17.38
9.95
18.48
17.76
13.48
16.03
13.25
12.81
19.05
21.49
18.55
20.23
26.91
28.11
23.94
20.15
22.37
26.59
32.2
34.07
32.41
27.62
18.38
22.58
27.06
29.08
30.32
27.01
24.14
27.28
27.8
26.16
27.38
27.17
14.9
21.27
23.63
26.11
26.82
9.22
26.52
13.77
25.16
18.83
31.39
30.69
24.8
18.37
15.62
15.87
26.97
30.92
31.47
28.4
23.4
9.17
22.6
22.64
27.7
31.2
28.99
12.99
26.48
29.76
26.53
8.83
23.9
24.4
26.29
31.69
30.8
22.85
5.55
5.05
21.73
23.96
25.52
28.56
27.71
22.7
18.75
16.31
26.79
28.4
29.04
24.91
29.97
34.7
27.94
21.26
19.42
21.83
26.33
20.03
24.19
29.24
25.38
27.82
26.63
3.86
24.21
30.83
33.44
30.67
14.41
20.79
16.83
24.75
28.07
28.01
26.65
24.13
3.22
24.66
26.91
26.98
26.88
26
18.55
21.78
25.08
23.88
20.23
21.15
16.09
19.61
10.76
22.22
21.83
21.95
22.89
16.41
20.25
27.92
29.56
27.65
24.04
19.89
6.8
23.94
27.74
24.91
25.26
24.9
21.06
22.88
25.28
22.98
22.54
19.38
22.65
28.6
28.16
24.08
18.81
21.46
19.58
21.74
20.47
18.36
19.01
23.02
23.97
9.65
26.28
29.41
28.43
27.43
25.25
22.37
18.3
17.58
28.81
30.71
27.64
22.39
18.45
16.43
11.89
25.85
26.02
21.83
22.5
24.31
21.52
21.7
24.72
23.47
14.77
21.55
13.97
11.07
18.65
21
24.23
26.71
25.75
27.62
30.58
25.63
12.52
13.43
11.54
12.38
19.25
23.5
19.14
23.17
25.82
25.18
25.17
26.13
25.75
21.16
19.03
22.67
23.77
23.5
24.55
27.06
24.56
21.9
15.13
16.49
17.21
15.05
22.32
25.84
23.91
23.57
23.85
23.01
16.87
18.95
10.79
22.7
26.68
19.42
20.83
20.73
18.23
24.48
26.18
20.64
9.08
22.59
27.05
20.78
23.78
25.88
17.6
5.01
15.98
21.8
25.05
23.66
14.21
14.09
19.9
22.8
22.35
20.4
19.05
19.27
14.7
12.12
13.4
10.76
15.91
19.69
21.49
24.12
22.45
19.38
22.8
23.37
14.96
7.18
10.2
8.12
15.95
19.25
18.78
17.41
14.47
16.94
17.22
4.48
15.37
20.7
20.91
14.26
18.44
19.84
16.8
17.01
20.73
21.86
17.41
9.79
17.94
18.79
25.15
26.08
21.84
17.35
13.57
18.48
22.96
21.75
19.09
18.83
8.81
7.42
9.98
0.14
12.73
18.73
20.72
16.56
11.94
18.26
21.43
13.62
19.47
25.08
21.73
11.48
22.2
24.39
24.05
20.65
18.07
18.72
16.26
12.13
17.91
21.97
21.31
15.52
-6.63
10.28
10.14
12.46
18.9
18.3
9.64
16.43
17.1
14.58
17.17
19.2
18.9
21.05
22.61
17.66
17.34
16.8
17.22
17.46
13.44
8.75
12.22
13.91
4.76
10.78
15.85
15.01
19.47
21.23
10.9
10.05
17.99
23.9
23.16
24.03
20.64
17.56
15.88
20.69
24.41
22.83
14.31
22.54
22.5
19.04
19.58
23.53
20.71
4.74
14.52
21.48
25.95
27.1
26.35
22.58
20.31
18.47
14.77
17.04
13.12
-0.82
4.28
18.33
16.95
16.08
24.66
25.29
15.15
20.3
17.38
22.62
19.16
20.99
20.85
19.52
22.04
26.17
26.38
21.35
13.07
10.13
13.73
22.57
25.86
24.45
17.79
16.48
23.34
24.72
22.63
21.83
22.14
20.29
18.96
22.14
24.44
22.11
18.31
16.66
16.32
26.1
24.53
18.83
16.09
18.96
17.71
12.97
16.46
15.11
11.81
18.37
17.84
22.89
26.33
25.77
20.14
14.51
18.41
22.38
24.11
23.13
21.78
20.43
21.22
26.41
27.52
26.1
27.44
27.26
25.94
18.62
16.24
14.47
13.42
22.03
21.83
20.41
23.77
15.88
11.86
24.64
27.22
26.91
23.07
20.59
20.28
21.83
25.02
21.08
20.65
20.79
16.67
25.82
25.78
20.59
15.95
16.24
15.75
21.75
21.26
10.54
11.13
20.45
21.35
17.62
18.65
19.82
18.08
15.64
19.7
19.82
19.41
21.18
17.66
8.48
19.4
22.62
16.01
25.5
28.89
25.93
24.95
21.5
7.03
15.17
16.08
18.92
15.5
14.43
15.78
17.21
14.58
10.44
7.09
17.65
19.76
18.62
24.75
26.17
23
17.64
14.09
18.23
21.93
18.19
12.47
8.55
12.97
21.95
24.39
18.1
19.52
30.66
34.3
27.26
15.47
19.64
24.32
22.59
17.79
25.37
22.21
19.71
20.06
14.07
16.35
12.61
6.06
14.89
9.63
14.56
14.31
22.5
22.3
17.87
12.34
17.03
20.72
22.46
21.93
18.88
14.16
19.38
14.35
17.93
19.36
19.04
22.22
19.02
19.78
17.15
11.92
21.38
20.94
19.71
22.72
22.66
21.2
16.2
9.28
19.18
13.73
4.99
16.71
18.6
17.67
21.02
22.51
20.52
16.66
8.31
8.77
11.84
4.97
13.68
21.63
21.22
18.15
23.25
16.32
7.77
14.01
19.11
17.11
9.25
14.16
13.88
18.27
25.87
28.19
22.9
23.75
25.04
18.93
19.2
23.46
23.82
18.23
13.1
14.67
13.16
3.34
16.37
16.74
6.25
1.89
12.98
17.69
20.39
21.7
20.09
12.09
17.75
18.46
12.19
18.4
21.72
20.46
19.12
19.17
22.14
10.8
16.77
21.5
19.62
11.68
15.09
14.27
19.19
20.64
23.36
21.98
18.04
6.48
10.9
11.69
15.03
2.31
18.58
17.81
17.17
15.1
2.72
14.8
19.21
19.53
15.47
5.87
14.88
12.25
22.14
21.01
17.65
18.61
18.01
18.15
9.13
20.11
22.32
17.57
16.07
23.7
24.57
19.42
9.93
11.67
4.56
14.3
20.39
18.67
16.07
12.72
14.83
8.81
20.37
23.34
15.8
19.58
22.3
13.2
20.31
26.54
26.87
24.03
16.62
1.69
15.93
10.91
17.31
23.29
17.79
14.56
20.1
21.23
18.91
7.62
18.31
22.54
22.19
16.57
13.52
13.29
9.24
7.07
3.9
14.98
15.92
13.73
3.54
9.5
10.88
12.13
22.77
23.04
23.86
21.39
17.31
16.75
17.59
18.91
14
0.55
18.57
21.26
17.93
19.96
17.81
18.95
23.54
18.55
10.46
5.11
10.12
8.05
18.73
20.69
16.28
-2.4
16.08
21.91
22.18
20.46
18.81
16.77
14.58
13.73
15.91
20.36
18.14
-0.8
16.83
17.62
15.54
15.91
12.67
6.5
15.12
16.19
14.92
17.73
17.9
17.96
13.66
13.34
9.18
16.76
17.5
13.37
-4.47
15.48
11.31
11.36
19.65
22.1
19.44
13.17
17.9
20.01
18.81
19.16
15.52
11.09
5.35
16.18
21.91
20.52
13.32
4.87
15.87
20.93
16.57
11.25
12.28
21
20.4
20.06
17.91
12.24
11.39
15.01
19.07
20.95
19.76
16.92
11.15
1.39
15.24
19.8
16.02
11.47
12.43
14.51
-1.03
15.65
18.46
17.32
6.89
9.33
15.7
17.77
17.06
14.07
10.18
2.16
14.61
12.56
8.62
17.22
21.6
19.19
11.05
9.68
11.04
8.99
7.38
13.38
17.51
18.51
9.77
10.2
8.8
7.53
17.43
12.17
6.29
12.76
6
9.66
15.83
17.28
16.27
9.64
8.29
11.82
16.42
17.4
14.01
10.71
12.73
12.17
-3.36
8.86
6.13
9.66
13.6
14.52
1.14
4.51
3.58
8.33
5.91
-5.98
11.27
17.89
19.89
18.7
17.52
9.77
15.47
14.21
6.03
12.71
17.02
20.07
19.6
15.28
7.16
-27.09
4.26
11.91
13.18
17.29
19.65
19.01
18.43
14.4
3.98
1.51
9.68
14.17
11.94
14.64
18.78
15.73
13.76
12.62
0.28
10.87
6.09
6.64
17.44
19.81
14.59
6.28
10.65
13.08
13.83
0.19
13.58
12.08
11.32
14.45
14.18
4.37
12.2
16.76
14.91
15.03
6.98
12.09
14.63
14.74
11.45
-0.12
12.17
10.65
-7.25
7.98
7.38
-4.19
13.81
15.76
11.02
10.12
8.78
17.07
18.3
17
16.9
15.26
13.28
15.79
13.55
13.65
17.56
14.2
15.12
16.49
11.23
-6.46
5.89
13.48
17.03
17.34
18.2
16.65
10.04
16.21
18.9
17.63
17.12
11.61
-2.91
5.57
4.28
0.55
10.97
15.31
18.12
13.53
9.83
14.95
13.01
4
11.14
13.68
14.93
16.21
9.19
0.7
7.86
5.85
15.26
17.52
7.82
12.32
12.59
5
5.83
7.47
9.64
13.95
16.04
19.55
18.91
6.45
10.76
10.09
4
12.34
8.23
14.73
15.59
11.69
12.58
14.84
13.59
10.57
14.69
19.31
19.5
21.12
21.75
19.21
17.4
16.9
17.5
13.52
8.1
15.06
13.3
13.06
20.58
19.94
14.71
15.66
20.81
20.67
21.89
20.54
12.11
4.05
18.84
20.54
12.6
-2.18
14.03
19.84
19.5
13.95
12.79
13.08
16.08
13.68
11.36
15.18
21.83
23.78
22.11
14
13.42
12.84
8.22
13.85
17.18
16.67
10.15
15.91
15.93
6.56
12.94
16.23
14.48
6.32
8.18
17.42
20.26
18.4
16.88
10.9
5.93
3.34
12.43
10.61
12.22
18.66
15.98
17.14
17.14
10.77
17.63
10.19
11.69
17.65
19.13
19.18
19.39
12.61
14.24
18.47
13.04
7.97
12.05
10.1
5.3
13.78
11.37
3.85
6.94
-3.29
4.91
8.85
3.38
10.11
14.49
13.18
13.21
17.1
15.71
13.4
13.46
6.22
11.26
-8.88
16.45
22.19
20.86
12.59
15.26
8.02
11.01
6.78
12.36
14.61
13.55
16.2
17.96
12.63
-2.51
10.56
13.68
16.33
18.7
10.21
0.73
8.49
10.04
7.54
11.37
12.12
3.23
10.25
16.4
14.18
1.77
-2.08
7.1
14.35
19.89
22.33
20.45
11.73
9.27
15.46
18.17
16.06
15.79
22.44
19.16
17.7
18.12
22.18
17.25
8.57
16.75
24.73
24.6
13.31
7.98
7.95
17.6
22.46
18.68
5.52
-3.05
2.16
8.21
8.75
15.04
19.18
21.75
22.45
20.51
13.99
9.68
5.76
12.49
14.68
8.81
16.27
2
16.26
17.51
17.92
20.46
23.17
23.19
20.29
15.21
13.22
18.82
17.81
4.19
18.68
19.9
18.79
15.36
17.61
11.46
4.11
5.11
16.11
18.49
16.13
6.69
14.16
14.8
2.86
16.13
11.51
19.25
22.37
17.93
10.63
18.29
17.94
14.97
18.41
19.16
8.72
12.37
19.4
22.33
19.78
-12.86
18.78
20.88
19.98
19.23
15.34
7.46
17.76
17.58
14.34
20.77
16.47
11.54
18.7
13.96
13.43
14.06
14.43
7.35
12.47
17.86
16.23
12.63
11.87
13.44
9.72
1.14
10.18
10.57
12.39
20.14
19.37
8.46
19.38
12.71
8.98
3.04
6.07
13.59
16.72
7.82
9.7
15.29
11.5
11.49
18.45
18.09
12.69
11.78
17.5
16.82
13.98
12.54
9.54
21.21
21.12
16.19
18.48
23.23
21.93
8.63
18.88
21.32
20.54
22.7
23.9
17.49
15.9
9.54
15.99
17.35
18.78
20.06
19.72
16.78
18.4
17.55
-2.08
13.45
15.6
11.35
-2.42
13.73
24.73
25.91
23.17
18.61
3.21
20.1
19.07
8.95
13.32
6.33
18.48
21.73
17.73
8.64
12.45
10.29
14.93
17.75
18.85
9.1
15.14
18.71
15.78
16.74
20.11
16.65
11.99
20.97
18.54
0.71
20.97
23.94
12.4
20.85
25.64
23.04
4.91
21.74
19.94
17.06
24.09
22.71
15.27
23.59
20.1
14.5
13.21
17.21
16.39
21.95
22.14
18.73
13.86
20.63
18.63
10.78
20.17
18.71
12.12
18.57
21.43
15.56
18.93
24.23
22.29
15.89
0.46
6.19
10.04
18.56
20.71
17.24
16.66
19.83
17.23
10.73
20.39
19.38
5.63
18.26
12.7
23.03
22.28
15.16
17.15
20.22
18.4
15.1
13.78
18.72
16.6
10.47
14.34
-1.38
20.5
25.11
24.55
20.77
23.4
23.25
15.33
20.42
22.99
14.51
18.38
21.43
17.56
16.78
19.8
19.11
0.11
15.51
16.32
11.8
21.04
24.48
21.9
14.79
18.53
18.55
18.89
19.24
18.26
3.1
21.68
24.18
18.25
16.58
22.54
16.08
8.17
9.63
16.01
16.36
20.27
19.08
18.01
14.16
11.03
1.52
16.96
16.35
12.95
21.63
23.02
16.98
13.09
21.76
18
19
26.11
23.51
13.62
24.61
24.13
19.01
17.93
23.78
21.42
18.71
24.62
24.64
15.2
19.06
18.11
12.91
22.16
23.05
18.86
9.4
21.68
20.29
-1.52
17.39
17.12
9.07
18.61
16.75
16.65
23.49
22.11
20.07
7.07
18.57
15.87
19.36
21.94
13.39
20.65
21.33
14.72
14.16
15.95
18.78
20.14
21.74
22.41
21.05
17.12
21.16
18.39
6.92
15.7
8.58
18.49
22.57
21.06
4.34
22
24.49
20.55
18.19
19.87
16.25
5.87
19.88
19.58
15.6
20.62
21.02
8.16
23.8
23.21
7.13
16.13
17.84
12.38
10.09
19.44
20.94
4.7
21.45
22.92
4.16
21.87
21.09
6.91
22.68
25.44
20.1
18.43
18.38
12.75
8.37
13.15
18
19.88
20.11
20.99
15.65
19.26
23.3
22.73
22.29
22.57
20.71
18.07
17.39
18.8
20.28
16.3
15.05
19.12
18.07
10.31
15.9
18.66
15.77
9.28
9.8
14.01
17.09
16.38
11.64
10.62
13.07
14.4
15.92
18.56
18.39
14.99
20.31
18.5
17.96
20.62
23.14
24.15
20.87
16.33
21.52
20.87
20.17
20.75
19.54
21.31
23.63
21.05
13.67
16.75
17.37
19.51
20.2
16.4
15.73
14.94
10.01
16.81
20.45
18.45
17.21
16.72
12.84
12.07
22.02
18.71
-2.94
10.83
13.8
19.83
22.33
23.21
21.19
18.92
19.11
22.52
21.64
11.49
18.7
21.81
22.56
19.33
18.19
22.2
19.37
19.79
21.44
18.75
13.25
11.34
10.14
15.23
19.97
22.7
23.02
16.8
18.17
21.79
21.57
20.24
15.11
13.5
20.95
22.08
17.93
10.97
14.58
15.45
18.83
22.58
23.9
21.36
22.49
24.44
22.82
20.06
18.43
17.95
16.14
18.72
19.71
19.49
19.01
14.62
5
8.92
11.94
8.6
8.51
11.03
0.11
10.4
-5.44
8.26
3.78
9.69
9.88
12.32
17.22
16.19
15.2
12
16.13
12.72
4.01
6.85
1.36
15.26
20.9
20.77
9.76
16.66
19.84
14.23
13.15
19.58
18.36
10.71
10.46
17.23
19.5
17.11
10.36
20.54
19.05
4.32
8.92
7.9
11.12
9.95
2.4
5.55
9.76
10.63
12.42
13.42
13.35
17.06
15.48
13.36
15.09
16.72
12.2
8.83
17.54
13.78
20.23
22.71
19.26
16.43
17.59
18.89
18.11
22.04
21.32
14.98
9.9
17.15
18.39
18.48
20.07
19.66
15.5
16.19
11.33
15.52
20.13
19.3
13.03
6.67
15.22
14.34
13.43
14.2
14.07
16.41
14.52
14.61
17.16
15.27
13.65
14.2
8.21
13.87
13.39
14.82
20.28
17.7
11.41
16.36
15.05
5.01
16.44
17.99
12.44
14.23
18.97
16.71
7.81
4.31
12.21
17.66
16.58
4.45
12.61
17.67
16.47
19.17
22.83
21.43
15.98
21.91
21.62
4.4
20.32
22.5
17.01
0.02
13.67
6.96
11.25
16.46
14.56
19.45
20.22
19.36
12.73
14.69
16.16
7.68
20.74
21.39
16.39
6.82
18.33
18.31
20.18
23.79
18.91
18.59
22.54
19.97
17.03
20.67
22.16
13.92
16.83
20.06
13.51
14.65
17.68
12.7
16.82
14.53
7.29
11.72
16.27
15.95
10.31
16.6
8.91
10.89
15.92
16.42
11.93
19.8
23.12
22.54
16.07
9.04
14.66
14.73
11.01
14.68
8.89
20.88
20.93
13.43
19.8
21.47
18.56
11.12
20.67
20.81
13.61
7.47
10.47
8.5
14.94
11.51
11.39
17.29
18.01
16.82
9.42
12.34
12.45
8.61
19.5
10.74
16.1
16.29
9.41
17.5
23.34
23.24
15.73
11.62
19.98
18.37
16.02
20.23
16.57
11.8
18.95
20.95
15.73
13.68
16.62
13.12
19.46
19.37
12.93
10.29
14.03
13.07
9.34
10.64
14.56
11.78
20.76
20.73
11.12
8.49
6.15
12.63
16.33
12.44
5.74
17.03
18.67
15.18
16.12
16.8
12.16
7.95
15.68
9.56
13.72
20.29
21.05
12.6
12.7
15.53
15.26
10.99
8.82
9.43
9.79
-0.99
-1.05
3.3
5.55
1.83
9.5
13.57
6.84
0.31
4.44
4.33
4.94
9.62
9.28
13.16
20.57
17.53
10.08
10.06
3.42
10.6
9.52
9.41
12.64
16.03
4.5
14.6
17.84
17.73
11.25
13.87
17.35
12.2
-2.11
9.77
15.53
15.2
13.76
9.35
4.91
-11.52
-10.56
2.13
-1.35
-17.85
13.99
18.06
18.53
14.37
3.59
13.35
12.28
14.01
12.04
0.47
6.59
10.5
12.07
13.69
9.48
5
14.39
14.52
9.63
7.61
10.91
6.49
7.66
10.34
10.26
10.78
10.83
9.01
6.72
6.69
10.32
6.79
8.55
7.59
8.3
16.57
16.96
10.48
-0.51
11.14
14.55
14.96
12.05
8.14
8.26
10.48
17.61
20.86
19.41
18.5
13.84
-1.57
6.88
14.58
14.59
3.85
5.26
4.18
11.41
8.38
3.66
12.01
15.81
12.24
10.68
14.75
16.51
11.92
8.7
13.02
12.57
14.18
19.44
20.04
18.2
13.4
13.92
10.65
7.31
14.34
18.16
17.46
11.58
7.21
12.14
9.24
7.01
15.88
19.5
16.4
0.43
12.84
17.57
17.07
10.77
11.63
12.4
13.25
8.47
10.81
14.19
8.13
8.5
12.57
15.23
16.44
16.44
16.34
16.74
16.48
14.49
15.43
12.42
11.46
12.78
13.68
17.24
14.22
9.94
5.55
4.35
1.92
13.66
14.65
11.79
8.13
3.11
12.61
12.16
5.91
6.29
15.31
17
17.69
17.18
15.94
12.53
10.27
5.65
11.52
19.04
18.09
9.14
10.57
16.83
18.77
17.24
14.56
14.14
12.41
10.55
16.49
18.63
12.95
8.84
4.85
6.94
18.47
22.58
22.36
20.09
18.6
18.72
18.56
17.52
15.92
13.31
10.5
9.87
15.12
7.18
15.13
16.42
13.23
4.89
6.72
14.71
16.17
14.48
14.44
14.31
14.96
10.16
5.09
7.2
12.74
11.3
6.36
3.35
8.17
12.4
13.07
8.37
-5.53
7.82
-3.23
10.22
14.1
13.46
10.62
11.7
11.33
3.59
2.56
13.84
14.3
12.01
10.76
1.78
9.92
11.83
17.04
16.43
11.56
7.16
10.06
7.84
8.23
12.62
12.28
6.32
4.36
7.88
5.96
10.61
12.88
7.76
1.73
0.99
12.29
14.83
12.93
11.56
13.11
7.96
9.99
17.39
18.26
15.31
12.64
14.85
14.77
10.58
1.81
8.87
8.98
-4.89
1.94
10.29
10.27
9.26
4.71
8.42
11.45
11.86
7.95
-1.24
6.44
9.25
9.01
11.96
16.07
15.26
12.64
16.5
14.23
1.31
11.66
4.44
7.39
6.07
8.17
6.7
3.28
5.69
4.09
9.44
5.41
11.63
13.02
12.59
13.34
12.97
12.42
15.66
18.75
19.02
16.27
12.02
11.72
4.29
11.06
3.84
9.45
10.08
13.43
18.55
19.7
15.72
14.14
15.16
7.49
11.04
13.03
12.92
13.96
14.61
15.44
13.07
7.09
2.54
5.55
3.5
-3.7
5.45
15.75
18.78
14.76
12.01
15.03
15.19
11.52
-13.57
9.27
9.77
14
18.62
18.61
15.95
11.12
2.13
11.49
16.81
17.98
15.91
11.4
8.03
9.91
10.48
4.66
8.22
12.15
14.25
15.82
7.57
2.14
1.45
11
11.42
11.77
12.95
13.81
13.51
10.95
7.49
12.73
13.84
8.01
5.25
12.57
17.89
18.38
14.1
9.82
8.31
3.52
2.41
7.39
12.09
11.24
10.02
8.17
10.79
10.31
10.17
5.22
4.8
14.25
12
11.27
18.61
13.84
2.95
11.28
15.15
10.87
13.33
12.32
7.07
8.85
6.76
7.66
16.45
18.72
16.7
-3.06
7.11
6.83
11.86
10.11
15.22
16.66
6.17
7.15
12.45
8.74
5.78
13.18
16.54
14.95
7.5
-3.02
6.99
8.8
14.03
13.52
10.48
10.89
8.83
6.56
8.97
6.2
10.45
10.01
11.77
14.58
14.46
8.3
2.38
13.25
14.38
-17.91
14.15
15.1
12.04
8.84
13.15
16.6
16.13
10.9
9.87
13.47
13.6
13.94
13.5
9.92
11.03
10.82
8.2
9.14
10.51
13.68
14.99
12.26
9.9
15.77
18.31
11.35
15.41
19.26
18.15
15.09
10.8
11.74
15.12
18.53
21.25
18.48
0.66
9.03
15.7
17.12
12.1
-1.79
1.89
8.45
13.41
5.64
10.17
15.74
16.76
12.88
11.8
15.13
15.57
16.67
14.49
6.82
7.07
10.49
13.87
11.83
5.41
6.26
9.95
12.96
14.11
10.64
12.22
14.13
12.35
8.78
-1.07
8.97
14.37
17.21
14.14
7.82
8.1
8.79
13.57
9.66
7.23
-3.97
11.51
15.8
14.68
7.08
0.09
9.55
11.54
4.07
7.9
12.71
8.71
17.66
23.7
22.11
13.96
4.11
10.49
10.21
2.26
11.87
13.83
16.64
18.27
17.4
15.66
15.32
15.8
13.32
5.54
6.95
15.93
17.65
16.48
13.2
8.83
7.9
10.26
12.2
14.7
12.29
2.99
11.17
11.47
9.7
11.16
12.05
14.28
15.42
10.98
-0.01
13.31
17.93
18.79
19.6
18.82
15.91
11.56
10.43
15.92
15.84
16
17.6
16.25
11.42
9.44
16.23
18.09
14.87
4.98
9.29
13.43
14.17
11.47
9.56
12.64
12.51
8.13
-1.01
12.15
18.13
18.81
17.17
17.34
17.86
16.68
14.75
11.6
10.82
12.61
11.77
6.2
7.19
16.06
18
18.52
20.84
22.81
22.58
19.72
14.04
2.72
11.2
7.22
7.07
15.87
18.08
18.18
17.94
12.73
8.87
16.52
15.55
6.5
6.2
11.43
17.28
18.81
17.93
14.7
6.66
-2.96
7.44
13.59
9.07
19.04
21.36
19.42
16.12
14.44
15.66
13.38
-14.78
11.64
11.88
6.69
7.84
9.34
12.52
15.59
16.67
15.95
13.06
4.09
11.71
11.45
11.28
15.73
18.24
18.84
16.86
14.46
11.66
1.17
7.93
16.06
20.25
20.38
19.32
19.65
17.43
9.66
6.92
9.18
12.45
11.19
16.14
16.25
15.14
17.56
19.76
18.18
8.66
8.36
9.99
10.62
15.39
14.81
15.87
18.11
16.14
10.35
16.18
17
13.35
6.14
10.56
16
17.97
19.46
18.82
14.09
5.39
-2.63
8.82
7.99
2.39
8.79
7.52
15.45
18.69
12.41
3.52
7.31
12.74
10.63
8.71
16.3
17.72
17.63
19.94
19.92
15.64
12.22
10.83
4.25
12.49
11.81
6.61
9.99
13.58
14.31
12.47
12.96
16.99
21.19
22.54
20.03
17.07
18.46
17.03
11.75
-5.68
13.15
12.39
6.95
9.06
9.81
10.13
10.66
14.41
19.49
19.06
13
12.89
14.41
11.87
16.44
11.94
13.8
15.62
8.6
-1.04
12.73
15.15
13.08
9.68
7.34
6.34
12.49
11.03
11.01
-3.43
13.55
10.9
15.69
17.37
12.07
10.19
-1.23
7.87
4.49
11.33
9.22
12.28
9.75
11.08
17.55
18.77
17.88
18.99
21.8
20.64
16.88
15.16
10.46
11.41
6.64
-2.51
7.98
13.95
14.01
9.44
8.54
10.81
6.26
-4.62
5.38
5.36
12.24
13.67
15.19
10.12
11.85
13.73
8.7
9.39
14
10.12
3.76
8.36
18.24
19.3
11.53
12.2
8.16
11.04
14.11
13.35
11.7
10.03
8.83
10.36
13.09
17.47
18.49
12.08
10.52
15.3
15.16
11.89
-3.03
15.22
15.28
9.86
14.54
12.59
0.07
-7.2
11.95
11.97
7.82
14.34
12.71
17
12.59
13.63
12.24
7.05
16.01
10.2
8.09
9.53
1.64
11.74
12.96
3.4
8.56
0.83
12.48
18.63
17.18
9.37
15.41
11.41
16.51
19.31
20.02
17.1
6.16
5.35
14.15
18.93
19
15.71
7.16
-1.54
4.62
13.38
10.37
6.91
14.63
5.08
9.66
9.84
7.05
13.63
15.97
14.13
-11.77
13.19
15.84
6.47
11.18
13.66
10.14
5.75
11.1
9.07
6.14
13.69
17.69
10.91
12.83
14.58
-0.04
2.06
9.6
11.91
9.9
11.99
17.08
16.34
11.08
11
12.48
11.89
17.47
17.87
16.46
15.4
16.15
18.2
18.82
17.09
11.96
13.48
7.04
10.18
12.9
18.43
19.15
12.7
7.06
13.95
18.55
20.67
16.43
6.06
12.35
5.27
9.14
12.84
14.82
16.46
16.77
12.02
9.56
10.17
13.91
12.88
8.4
9.97
13.32
11.06
11.47
9.43
10.98
5.29
6.68
-4.22
-0.35
5.71
15.13
14.65
2.28
13.57
12.05
0.6
5.61
3.9
7.02
9.2
6.89
10.81
6.34
0.59
12.59
13.73
7.58
13.62
11.81
-4.93
6.52
9.73
13.91
5.62
6.5
3.72
2.89
4.39
5.48
7.74
9.33
16.92
18.34
12.73
12.66
18.5
16.32
12.28
12.51
6.48
3.98
3.84
13.1
15.52
10.57
12.49
11.25
15.12
15.01
16.67
18.94
15.17
3.02
10.66
12.18
12.97
4.9
4.18
4.2
12.17
14.1
12.13
5.82
10.65
-0.64
10.57
16.66
14.59
8.18
6.07
12.52
16.3
8.16
14.84
15.97
2.7
6.13
4.15
13.03
17.7
19.62
15.8
5.28
-2.89
6.51
-7.65
7.15
8.6
4.59
13.62
13
13.9
13.09
8.1
12.8
16.09
13.88
5.69
6.91
9.83
8.29
-0.4
3.83
-1.93
7.03
12.56
14.78
13.94
9.48
8.04
6.61
3.2
3.93
6.17
12.04
15.35
16.02
12.89
3.43
0.74
-0.49
5.67
15.18
17.47
16.38
13.19
12.83
9.9
11.98
17.94
15.26
10.58
-3.47
9.39
11.75
8.46
4.24
7.36
-5
6.79
7.38
4.52
3.44
6.77
2.53
10.94
4.79
5.69
9.25
15.1
12.78
-4.78
5.44
14.16
13.59
8.94
4.76
6.01
3.16
11.52
18.12
21.28
20.87
17.47
10.12
8.54
-5.37
9.7
12.46
11.69
8.01
0.55
5.74
11.51
13.86
14.17
11.25
-1.94
13.47
15.45
9.86
7.78
15.55
11.1
6.58
14.53
14.79
10.22
6.12
6.82
-0.72
9.45
15.08
15.61
14.31
14.84
6.97
10.25
12.37
11.97
12.51
11.91
12.74
9.23
3.2
5.58
5.92
6.67
-0.57
9.44
11.73
2.96
7.4
11.8
13.54
13.03
15.48
16.79
16.05
17.5
18.67
14.03
11.44
14.36
13.28
9.97
9.46
10.2
17.26
17.09
11.57
16.47
17.44
15.98
16.21
12.94
-8.3
12.61
14.26
12.16
5.66
5.85
11.69
10.49
9
10.51
12.91
15.21
16.66
15.16
9.41
6.43
13.36
14.31
15.54
15.61
8.14
0.14
9.13
12.31
9.05
10.33
14.99
11.1
10.92
13.5
14.98
14.64
12.06
3.14
9.12
12.07
1.6
9.07
13.92
9.12
-0.86
-6.14
7.33
7.53
12.69
16.31
14.65
6.85
5.28
7.01
6.38
7.73
4.03
9.38
9.71
-8.85
2.96
-2.35
6.87
7.37
10.24
13.67
15.27
11.62
6.26
10.43
12.91
10.22
11.67
11.52
15.56
15.19
12.17
16.92
16.82
16.16
14.49
8.89
-4.71
2.25
12.37
17.93
19.75
17.57
7.66
8.37
14.4
14.01
12.8
15.94
17.57
19.42
19.72
17.29
13.08
10.9
4.61
12.66
16.23
15.11
15.67
16.68
14.3
15.21
17.89
16.38
10.4
10.53
8.67
9.43
9.92
15.31
15.13
14.29
15.59
16.9
14.19
10.65
16.15
17.19
13.42
9.94
12.68
12.2
16
17.98
14.59
6.99
8.87
14.72
13.83
6.15
21.14
26.51
27.4
26.37
23.51
15.42
-0.67
1.37
5.77
9.51
12.47
14.24
8.63
5.74
12.54
15.61
16.32
14.8
9.13
10.24
12.16
9.63
7.88
9.61
13.22
18.5
17.34
4.93
3.95
3.22
3.6
6.74
14.7
17.91
16.07
15.79
17.73
15.41
13.85
14.67
13.93
9.36
8.36
13.25
12.46
11.46
9.99
13.86
13.59
13.88
16.18
14.54
9.57
10.48
16.47
18.16
15.4
15.67
14.64
3.54
10.79
17.62
19.02
15.87
0.2
15.81
18.74
12.61
7.07
11.82
9.73
11.74
13.93
12.27
12.64
13.43
15.35
14.13
10.84
9.59
5.28
6.14
14.12
12.31
6.9
11.86
12.67
13.31
13.13
16.44
16.88
16.99
13.45
9.7
13.13
14.02
11.72
13.97
13.33
7.6
13.08
15.76
13.01
4.17
9.12
14.92
14.92
14.44
12.54
5.81
13.37
12.07
12.07
12.25
11.99
14.57
-2.62
9.86
13.79
15.32
14.97
16.34
12.65
10.07
11.62
7.1
-1.78
7.01
6.94
15.75
18.37
16.55
14.86
14.95
6.82
10.88
10.61
1.08
1.59
14.76
18.72
14.72
-5.31
1.33
3.8
9.56
13.11
7.37
10.28
16.08
18.25
19.41
18.4
13.89
17.19
19.99
18.3
15.78
14.2
13.95
14.79
13.11
16.21
14.69
13.06
12.06
2.82
2.48
13.47
17.17
16.65
14.86
13.01
12.05
12.86
13.44
4.92
7.61
13.72
18.23
18.13
0
19.08
