-4.22
-4.76
11.79
12.32
5.94
4.39
11.22
9.42
-1.58
8.51
5.5
9.27
10.09
4.61
4.81
3.84
6.26
7.23
1
7.08
4.64
0.75
12.07
15.55
14.78
13.59
10.51
5.04
-3.67
7.79
9.47
6.91
10.03
12.02
4.94
11.61
12.69
10.86
11.58
8.76
10.59
6.07
14.39
10.89
0.7
7.86
9.19
9.35
13.27
15.63
12.89
0.89
8.95
12.23
7.26
8.5
0.85
14.06
18.58
19.2
17.37
13.39
4.95
10.55
17.46
18.87
15.98
13.16
13.02
11.62
1.95
3.87
5.59
12.92
9.82
-7.05
8.23
12.68
3.45
8.64
11.04
6.1
10.85
13.39
9.69
1.38
4.35
-0.14
7.73
7.34
13.43
12.11
15.5
18.47
14.13
3.32
6.31
4.48
12.63
11.77
5.12
2.95
6.87
5.43
14.19
13.72
11.84
6.86
4.78
2.64
10.92
9.89
10.36
13.94
5.54
11.73
10.16
6.55
10.38
5.45
4.21
11.57
10.77
14.83
15.02
3.97
7.31
10.16
4.25
-22.85
1.98
-0.34
-1.86
5.67
4.02
-4.84
4.71
14.03
15.9
13.88
11.52
12.11
10.47
13.41
5.32
2.16
7.66
13.47
8.97
3.59
-1.05
4.69
2.31
10.04
13.21
13.08
12.33
11.11
4.92
6.06
8.65
7.21
2.42
-1.01
10.21
12.78
11.44
12.95
15.24
13.46
13.65
13.79
12.35
9.22
2.75
6.55
0.38
9.06
13.45
10.58
-5.58
3.1
4.87
6.32
7
9.84
10.39
7.9
8.91
7.81
3.87
8.01
5.89
9.79
-5.29
12.32
12.88
-1.6
12.46
14.16
2.46
9.96
9.23
11.92
11.4
8.41
5.68
9.81
9.37
4.99
-5.93
0.93
5.78
5.44
10.23
13.97
12.43
11.12
10.38
9.46
-2.35
10.01
13.79
11.68
6.87
4.29
-2.63
8.76
10.85
12.23
12.45
12.39
13.1
13.07
15.48
13.72
11.21
7.17
8.38
9.12
5.58
4.04
3.9
-1.61
6.41
11.99
12.03
7.38
5.95
11.35
1.59
0.39
1.35
6.01
0.31
2.84
9.54
9.5
7.14
15.76
14.59
13.92
11.16
0.24
-1.75
-0.95
-8.47
-4.41
-13.51
1.07
-2.44
8.53
10.3
7.92
9.91
9.23
13.08
12.8
12.52
13.27
7.98
-3.83
6.76
7.36
5.49
9.17
11.54
11.06
3.24
7.65
11.25
7.99
8.02
2.5
7.41
12.01
11.03
6.13
15.43
13.64
2.36
10.44
9.24
4.65
8.54
10.09
12.69
18.39
17.23
11.65
9.76
1.7
2.94
6.43
1.93
6.8
11.5
13.91
10.29
10.83
15.59
13.16
8.82
16.65
13.58
-9.84
10.05
11.39
6.55
-6.46
-1.5
10.42
12.39
12.06
14.4
17.32
17.02
12.45
7
11.6
17.06
19.78
19.67
16.84
8.83
4.92
-11.83
6.99
8.99
6.91
11.52
14.08
9.21
0.1
6.55
10.13
10.88
12.12
13.1
9.19
9.28
-0.54
7.86
9.21
5.83
-0.39
12.63
15.18
14.11
7.8
-2.88
-3.48
-19.03
0.88
4.97
0.9
11.83
15.74
13.29
5.04
7.38
3.39
-2.78
-2.01
5.97
9.52
10.03
8.78
12.39
12.97
7.04
2.46
1.53
10.26
12.92
8.93
2.52
9.52
9.08
-6.19
5.71
5.78
11.36
10.94
6.26
6.49
3.79
8.82
9.16
12.86
12.01
7.05
8.32
10.66
7.55
9.05
9.49
11.71
11.2
12.6
12.85
11.84
10.59
11.16
12.27
10.91
5.2
0.44
6.33
4.12
6.07
10
8.58
0.41
6.78
3.2
-6.02
2.21
-4.96
9.16
9.88
-18
11.63
12.32
5.02
9.67
9.73
6.59
2.3
3.75
2.92
2.25
3.69
6.85
-2.81
8.09
9.65
5.93
10.7
10.18
11.48
11.38
6.95
8.65
9.81
11.11
14.75
16.75
16.34
17.18
19.71
18.78
6.07
14.6
14
4.92
12.49
7.26
8.49
7.58
1.53
1.47
8.46
8.26
6.65
7.59
13.18
10.74
9.67
7.93
-5.2
8.72
7.02
0.23
14.58
14.6
11.12
14.04
15.25
15.39
10.07
1.02
7.38
11.07
13.88
11.61
6.1
-4.12
0.92
5.12
6.31
12
14.78
13.62
10.8
12.25
12.99
13.4
10.37
6.32
10.98
10.98
16.07
19.61
18.74
15.29
12.05
9.85
12.9
14.37
11.89
9.76
13.77
14.56
10.07
3.76
0
0.95
4.95
6.3
8.03
12.93
15.04
15.14
14.45
13.97
13.41
6.95
7.36
3.86
-0.51
11.06
13.13
8.45
-0.43
5.15
8.23
2.73
11.2
11.58
-0.34
-9.88
10.56
15.51
13.84
10.88
12.91
10.79
6.29
12.68
10.05
6.85
-0.12
-1.32
-10.9
5.99
10.85
10.45
8.27
9.9
11.8
7.23
9.54
10.3
1.44
14.63
17.15
12.93
6.58
11.09
13.05
11.45
11.67
8.19
7.04
4.69
-1.01
5.65
16.63
20.62
20.89
17.59
12.65
2.38
10.99
8.02
5.52
-2.16
10.88
12.54
11.71
11.82
9.41
13.25
15.11
12.31
-2.94
10.8
11.31
4.78
10.43
6.52
-7.3
1.02
6.74
4.34
-7.75
-11.07
8.21
6.25
4.22
7.35
-4.04
10.09
10.22
8.08
12.78
10.47
6.86
5.97
8.46
8.26
9.76
12
9.52
6.81
3.06
8.88
14.31
12.89
5.19
5.12
3.48
10.93
14.32
15.22
16.19
16.95
15.4
12.56
8.76
6.4
5.24
9.06
9.38
8.07
7.16
8.22
8.73
8.22
11.65
13.75
12.42
10.51
11.18
13.98
19.27
19.95
14.01
7.23
13.19
8.17
1.32
12.05
13.86
14.48
14.13
14.81
13.77
12.67
12.03
5.57
-2.07
0.42
1.98
9.49
15.12
12.28
7.78
5.53
14.03
17.76
16.21
11.58
11.9
16.16
15.23
8.82
-2.22
-0.3
5.43
10.54
11.46
9.45
15.38
13.51
6.77
12.16
12.22
8.69
4.69
1.82
-13.13
-1.4
9.3
6.42
11.66
13.16
3.94
17.58
18.56
16.01
14.89
14.06
12.61
13.84
16
15.94
12.46
11.03
11.16
-6.08
6.08
-3.98
10.13
9.32
-4.25
5.58
5.33
9.12
15.12
13.87
8.26
8.45
12.06
11.68
1.01
10.2
13.29
9.63
5.9
5.16
11.21
10.71
3.17
-5.14
5.48
4.16
2.42
1.44
7
-0.06
7.85
7.88
4.57
12.76
12.3
8.86
8.8
12.62
15.02
14.3
12.92
14.25
13.51
13.89
11.4
9.4
9.36
9.76
10.74
9.09
8.65
11.51
9.96
0.77
5.92
13.06
14.94
12.17
3.09
23.04
21.38
14.11
14.16
13.92
18.13
20.59
10.57
14.8
16.73
11.26
25.03
26.26
21.29
20.16
22.77
21.72
18.36
9.78
20.72
27.81
26.66
21.24
15.84
0.84
15.71
25.18
25.28
15.96
16.9
16.82
19.33
19.68
18.4
23.86
20.6
12.67
20.77
24.53
26.61
13.78
21.11
19.47
11.11
9.74
16.46
13.38
22.95
28.74
30.07
25.86
22.3
27.72
25.9
19.86
26.6
26.75
6.42
18.3
17.49
15.37
15.44
17.25
17.41
15.66
16.94
24.34
19.49
1.36
15.89
19.99
20.63
13.06
19.74
16.2
6.06
8.15
4.39
14.82
19.85
24.25
24.39
21.16
18.02
26.82
27.79
24.33
19.74
13.65
15.49
21.26
21.15
21.78
27.54
29.54
27.64
26.12
25.75
17.71
15.84
17.48
20.38
21.07
18.63
15.76
16.25
24.09
23.64
21.02
21.63
22.41
20.59
20.26
23.39
23.09
17.93
17.47
25.79
27.46
26.8
23.15
21.92
21.09
14.27
11.08
13.96
18.99
13.69
21.29
22.32
23.78
22.47
18.82
9.25
18.84
21.66
-3.04
18.48
2.11
14.26
7.22
10.43
14.49
14.17
13.71
16.44
12.5
12.35
19.77
25.1
21.88
19.51
23.24
23.81
23.29
21.97
20.44
21.35
20.83
16.29
22.14
25.8
21.43
18.59
19.98
17.15
15.61
7.42
19.09
14.93
16.83
19.99
21.55
22.76
20.25
21.19
22.59
10.58
16.26
23.96
22.38
7.52
13.2
10.9
7.81
14.13
18.89
22.31
22.89
25.41
27.08
21.89
21.78
17.01
15.9
13.84
22.33
23.43
13.34
20.17
22.53
21.75
21.41
20.51
20.58
21.06
23.32
22.82
21.13
9.22
16.85
18.51
16.27
19.43
26.25
24.99
24.87
24.59
17.16
23.57
25.28
22.63
12.19
13.38
10.54
6.44
14.9
21.67
23.72
18.66
17.02
22.81
19.26
7.14
3.07
20.31
23.23
14.37
19.73
21.46
0.59
9.51
13.71
20.5
22.57
17.44
16.36
16.9
15.5
25.99
28.7
27.02
22.17
16.8
5.63
21.96
21.21
8.25
8.73
13.96
14.12
18.16
25.75
27
20.23
-2.6
15.98
19.77
18.25
9.88
10.48
6.23
15.98
23.18
22.27
-9.68
18.86
17.15
18.43
22.59
20.75
9.4
12.84
12.2
21.11
23.03
19.78
19.69
18.85
14.81
17.28
20.69
16.81
18.08
20.08
25.34
27.94
27.99
27.59
27.2
20.6
16.87
18.98
13.68
17.1
19.07
18.42
16.65
18.21
16.95
19.53
23.84
26.11
28.18
26.67
14.47
4.17
15.59
17.61
12.91
14.7
24.28
23.56
16.12
11.13
16.15
15.32
19.55
21.66
16.08
7.37
14.57
16.38
10.32
-9.29
7.35
12.38
11.67
8.62
-8.45
-8.05
6.32
8.68
3.32
13.56
3.52
6.96
8.48
12.4
11.83
12.19
15.2
12.46
15.32
13.8
14.53
17.09
3.81
12.68
3.28
7.68
9.71
8.57
8.77
11.68
14.68
13.92
13.44
14.31
12.95
10.65
11.72
15.64
10.76
-2.01
1.42
4.88
10.78
14.05
7.71
6.28
8.92
13.5
17.86
13.99
2.81
-1.19
4.53
3.4
9.99
8.67
7.01
-6.41
7.53
9.38
14.71
11.91
0.17
9.24
14.06
18.27
16.95
22.15
24.32
21.89
20.34
24.2
22.07
13.28
23.59
23.19
9.76
19.95
21.25
15.53
14.2
15.33
15.17
23.53
20.58
12.04
15.61
13.17
19.05
21.97
19.81
7.21
20.67
23.59
21.7
14.16
7.15
14.76
16.08
19.91
23.3
17.15
18
14.56
22.83
24.12
20.7
14.23
10.73
14.71
8.01
16.41
19.23
19.64
7.23
9.13
15.84
21.32
22.43
18.91
16.15
18.34
12.13
17.94
22.66
17.81
22.11
20.18
11.72
20.85
18.81
13.69
13.01
13.57
9.44
19.46
17.64
10.38
14.22
20.15
20.83
16.79
12.19
15.52
21.24
19.59
14.78
21.83
22.08
16.9
14.97
17.75
19.08
19.26
14.07
13.93
23.27
22.88
20.25
23.71
21.08
18.11
18.9
10.79
19.44
21.12
14.96
21.9
25.18
19.7
21.94
21.65
18.6
23.17
20.15
21.79
26.3
24.98
21.98
21.57
24.17
24.97
22.8
18.15
19.87
21.55
24.77
21.8
19.36
21.59
15.26
8.11
17.95
18.26
9.82
13.17
18.99
19.55
3.36
16.12
18.95
21.07
20.19
14.18
18.22
24.79
25.35
18.72
21.55
23.68
19.07
26.09
29.09
29.29
26.73
21.03
20.14
17.85
14.57
18.91
11.58
12.71
17.68
12
11.53
20.48
24.71
20.3
10.43
19.27
19.83
16.66
14.08
18.2
21.04
20.19
22.32
18.62
10.15
6.92
21.29
19.01
20.52
23.81
23.46
22.36
17.4
14.97
21.97
24.52
27.14
22.05
22.05
21.84
14.88
20.54
12.72
20.32
20.9
16.29
4.82
16.71
9.44
17.46
21.3
24.5
20.62
16.84
17.74
18.2
17.64
11.38
19.76
18.64
17.26
27.13
24.37
15.94
22.87
19.99
12.89
20.05
25.71
20.56
17.84
22.22
20.79
16.16
12.67
19.11
18.8
16.83
27.67
26.89
19.19
15.6
12.95
24.93
27.97
26.03
20.98
24.67
25.49
22.86
17.2
2.97
16.69
21.93
19.74
16.14
20.38
23.43
10.12
14.37
13.38
22.3
17.57
9.98
23.94
24.6
-0.56
22.63
22.99
19.04
16.69
18.77
12.98
18.28
24.32
24.76
20.75
21.69
25.32
27.19
25.11
22.82
21.08
18.72
0.99
19.65
24.24
23.69
18.38
11.82
17.5
18.89
21.11
25.06
25.21
18.67
6.09
9.23
15.31
17.05
3.44
16.62
17.05
12.93
-1.78
10
13.3
12.95
15.1
22.61
18.42
18.94
21.33
20.28
18.59
19.99
23.6
21.77
14.3
13.6
20.68
24.29
23.2
17.19
13.01
20.21
20.96
17.43
8.7
7.87
13.97
17.64
10.2
4.38
0.83
3.89
16.36
13.97
17.6
21.15
18.94
13.3
8.34
17.84
23.07
19.54
10.23
13.01
14.23
9.98
-0.14
10.57
19.04
16.86
8.47
16.59
14.26
12.92
16.68
21.79
23.73
18.86
8.86
6.84
10.84
16.36
22.35
21.33
12.49
15.04
10.83
13.68
12.54
10.47
7.19
-2.73
19.26
21.8
19.55
15.44
9.46
18.85
19.52
18.71
17.42
13.74
2.94
1.04
10.83
19.11
19.94
10.49
15.52
16.86
17.08
9.82
17.97
21.97
15.21
9.73
13.18
9.2
-8.5
4.17
11.85
17.57
17.34
17.5
9.65
9.73
11.23
10.71
11.35
16.41
19.13
12.2
18.45
19.62
9.58
15.33
20.91
13.66
18.08
19.29
16.8
9.67
15.69
17.33
17.63
14.58
15.08
21.32
17.44
16.52
16.62
20.35
23.93
23.49
18.14
17.82
17.03
13.97
18.82
22.79
16.86
17.98
16.86
2.71
14.26
19.14
21.74
13.84
16.03
17.59
20.06
21.49
20.09
17.06
21.49
21.79
18.79
20.31
22.14
13.29
2.95
3.28
14.94
15.98
13.21
17.03
22.57
25.03
23.3
17.38
14.79
16.42
13.03
20.49
15.6
16.73
23.06
23.65
19.81
22.03
23.34
21.87
18.87
8.34
15.89
23.06
21.51
15.24
19.87
25.42
24.21
19.98
23.06
20.91
22.77
21.77
0.14
19.06
15.43
10.93
14.02
15.3
15.42
17.48
10.78
20.36
20.05
20.07
20.76
7.9
14.63
17.76
15.1
12.99
12.93
10.39
17.13
16.62
13.61
22.37
22.08
22.57
21.46
16.42
23.27
20.86
19.65
24.29
20.36
6.99
14.93
4.72
9.33
17.05
23.41
21.62
11.5
12.65
14.96
28.38
31.66
23.4
17.38
24.42
22.55
13.77
24.6
25.16
22
24.87
31.96
32.07
24.13
20
21.37
17.46
21.54
17.27
17.59
29.61
33.04
29.21
22.75
20.29
27.11
28.65
22.21
14.85
20.38
23.76
21.03
19.06
17.33
15.27
21.38
24.99
21.39
15.5
23.65
21.11
15.46
9.96
18.81
26.03
36.82
39.95
35.39
24.85
23.18
22.82
17.08
17.21
15.25
16.93
21.08
7.91
14.38
19.66
19.5
18.88
17.21
14.26
20.14
15.33
18.16
21.02
22.92
18.83
16.88
24.05
21.94
22.65
24.6
40.66
45.38
40.86
27.45
13.24
12.82
10.87
11.71
13.75
13.95
13.32
19.21
20.83
17.29
13.04
17.09
7.89
19.98
15.51
11.37
23.05
28.05
33.79
38.03
36.5
29.04
19.35
5
13.5
16.6
19.98
18.94
15.05
18.47
11.46
18.95
20.2
21.58
21.03
16.91
16.72
19.83
24.28
24.22
17.87
-5.97
12.15
10.15
20.21
25.07
25.7
23.51
39.74
42.91
37.59
24.67
20.75
3.05
25.36
27.47
27.67
27
27.13
24.81
16.31
33.36
34.46
25.85
18.03
19.05
21.07
21.5
24.4
26.19
22.19
19.4
22.09
22.69
19.54
2.37
9.98
36.44
45.53
45.17
35.21
10.2
9.26
14.23
19.52
15.9
20.51
27.48
28.92
24.42
20.43
24.73
25.19
18.08
10.86
11.69
16.1
21.71
1.18
19.32
12.56
12.42
20.68
21.97
10.33
20.99
23.82
24.72
24.87
23.2
24.39
24.63
24.31
23.12
22.53
13.67
20.84
23.86
17.51
19.97
24.9
20.81
20.25
22.8
14.03
11.93
19.67
22.43
15.78
32.57
44
45.4
37.08
11.94
20.78
22.39
12.65
20.41
21.02
26.76
27.11
19.06
14.35
15.51
6.86
17.18
21.13
19.27
14.86
10.68
-3.15
7.99
15.63
21.01
15.57
14.37
13.2
22.8
20.7
6.86
18.06
19.06
20.71
21.83
27.34
35.45
36.61
31.5
26.75
26.02
23.6
18.27
17.56
19.14
21.32
28.57
23.84
14.63
21.52
20.61
13.76
19.59
17.27
21.44
20.34
22.95
25.11
23.12
21.79
18.29
20.98
27.35
20.5
24.28
23.21
27.27
29.76
23.39
24.01
19.81
20.32
25.45
34.54
39.08
36.11
29.34
24.05
24
4.53
17.14
-2.11
10.24
29.19
34.63
29.92
21.29
21.07
29.29
29.6
32.06
39.85
41.88
35.39
0.96
29.22
33.53
30.56
19
32.16
30.51
24.1
22.05
30.82
33.12
29.5
13.98
23.6
31.92
31.63
29.96
26.54
27.54
31.57
33
28.08
19.38
24.7
27.26
28.02
27.49
21.76
22.68
20.5
25.84
28.55
25.12
17.62
22.81
19.4
27.48
25.53
29.09
33.08
30.81
27.64
26.5
21.86
2.96
13.49
21.44
27.42
29.36
27.69
29.44
29.45
19.51
30.1
34.26
29.04
31.23
46.07
49.36
43.37
29.21
30.93
18.77
27.94
30.64
19.59
30.95
39.36
47.08
48.88
42.27
22.1
26.36
30.3
31.05
30.1
25.11
25.52
25.32
28.88
29.8
28.12
27.83
30.65
28.42
30.16
29.9
30.13
22.26
30.19
24.6
23.85
20.21
26.14
29.82
33.53
31.43
23.44
25.15
29.94
25.74
27.7
31.13
24.88
30.15
31.31
26.71
28.93
30.69
29.79
19.88
26.92
27.76
20.17
13.99
21.34
26.88
28.87
31.28
31.46
26.51
35.6
35.74
33.72
29.23
22.82
29.49
15.2
22.37
23.97
24.82
22.67
18.13
27.22
23.72
9.61
18.95
11.09
27.88
30.25
24.83
15.26
26.16
29.23
30.26
26.09
19.36
28.62
28.24
23.47
27.72
20.97
24.88
27.35
29.85
31.74
29.82
16.71
24.12
25.16
3.48
28.9
31.21
32.12
28.78
27.97
23.43
28.05
24.08
26.86
26.52
27.28
27.04
16.44
17.19
18.8
23.98
26.6
26.5
24.62
26.11
27.59
20.56
0.59
21.99
21.3
21.69
24.53
22.28
28.05
26.61
17.83
22.56
30.29
29.89
19.03
30.49
23.96
20.76
23.09
22.15
23.41
23.78
16.91
18.55
25.61
27.73
30.43
22.62
28.03
32.68
27.56
19.49
21.23
27.95
26.47
25.3
25.15
24.19
27.29
23.02
15.13
23.97
22.98
26.17
21.57
18.37
20.3
25.36
28.42
23.95
22.21
17.44
23.7
26.37
23.64
24.98
26.3
24.95
16.2
25.41
29.61
27.28
25.01
27.83
22.93
24.65
29.04
28.84
27.97
22.77
22.86
23.27
18.2
14.36
23.46
24.46
19.17
22.68
15.29
21.29
25.97
22.42
21.59
19.09
18.98
19.76
26.81
25.54
30.62
27.27
20.37
26.42
22.43
21.43
27.23
23.33
23.91
27.12
23.01
22.11
23.09
24.63
25.05
21.33
15.82
13.89
22.49
14.43
21.2
24.64
22.95
17.17
18.57
23.94
26.85
25.47
17
23.82
26.55
15.47
19.91
15.26
26.36
25.34
14.61
15.09
18.64
22.25
18.62
11.77
22.66
29.11
28.68
23.85
16.49
-1.88
17.25
23.1
24.31
16.6
22.83
22.85
19
25.45
24.17
20.6
21.16
21.46
-6.45
15.44
22.51
23.07
21.98
16.01
7.18
20.9
21.98
20.96
19.18
18.12
24.47
26.24
24.34
20.66
14.39
8.92
18.73
21.45
18.98
18.6
14.74
24.66
20.9
14.69
18.01
17.51
13.41
17.08
17.78
16.68
24.22
21.94
19.22
18.54
8.24
8.8
21.46
20.77
21.03
24.42
21
22.42
28.7
29.09
31.27
31.15
27.36
27.1
29.18
27.66
24.36
17.33
15.16
16.16
17.64
22.48
16.19
21.19
19.61
20.48
26.89
20.65
15.71
27.19
27.03
22.35
19.81
18.24
23.78
27.75
28.28
26.81
26.76
27.36
24.07
23.54
26.73
27.04
26.86
27.13
28.57
28.15
20.77
27.89
27.86
23.02
17.47
18.29
25.51
26.54
24.7
22.58
24.63
23.32
24.8
25.69
27.43
29.76
27.81
24.74
28.32
28.68
24.38
20.75
26.58
29.15
26.23
16.52
23.51
28.42
24.81
10.28
25.57
29.52
32.22
33.27
27.18
21.16
28.49
28.74
25.59
21.82
18.98
21.18
19.23
17.75
14.87
23.89
29.05
28.59
24.37
22.78
24.84
23.7
21.04
21.2
21.12
16.79
20.66
21.84
20.3
20.45
15.66
11.38
22.31
25.5
24.26
19.34
23.73
26.79
21.86
15.67
20.88
24.71
27.77
25.84
21.73
19.92
23.13
21.96
10.63
0.95
15.18
14.98
21.86
25.43
22.44
11.84
22.06
26.16
23.49
21.02
13.53
22.35
18.99
8.89
15.19
23.27
20.69
23.43
26.57
18.64
18.71
26.31
26.92
23.57
21.17
25.73
26.07
25.77
26.27
24.61
25
22.25
16.8
25.5
25.57
13.7
20.07
13.06
25.1
29.04
26.22
8.94
17.52
11.8
20.26
23.56
18.98
19.25
21.52
10.09
24.17
24.32
17.56
11.92
23.77
28.87
26.99
24.35
24.63
22.2
15.41
22.49
24.95
25.94
26.2
27.03
28.71
23.59
14.95
15.77
16.71
18.39
18.65
19.5
20.63
19.4
11.1
13.52
17.76
14.93
17.4
18.94
22.25
23.02
21.88
18.49
14.21
22.7
22.68
13.34
14.98
20.87
11.63
21.25
23.13
2.01
22.93
25.45
24.77
23.92
22.28
17.53
14.44
9.68
4.78
19.84
23.71
22.87
23.76
18.28
11.68
10.86
10.35
16.81
7.48
16.98
23.58
25.97
23
17.23
19.7
20.28
12.2
14.02
-2.74
22.09
23.63
21.9
21.78
24.83
23.02
21.77
23.94
19.74
2.63
15.64
20.3
19.35
22.41
25.06
24.22
23.62
15.85
19.15
13.72
4.49
18.51
20.04
13.41
25.44
25.45
23.74
22.07
22.92
24.26
24.59
21.08
12.97
20.03
14.49
12.14
17
19.03
20.17
15.8
12.66
18.92
15.77
13.67
13.17
9
15.45
11.19
4.13
-4.63
-9.82
14.53
21.44
21.22
18.26
18.42
17.34
13.84
15.95
18.32
16.53
15.39
8.65
16.49
22.27
24.05
22.16
12.75
14.44
17.34
18.51
22.95
21.98
15.59
17.27
22.36
24.57
22.42
16.42
15.77
12.43
16.01
20.68
22.75
19.28
19.58
22.44
19.49
8.8
4.99
5.91
19.63
23.3
21.21
13.3
22.73
26.47
24.88
19.76
26.07
28.13
25.73
22.08
7.09
10.31
14.75
20.16
21.97
21.6
19.2
19.11
16.6
16.98
19.66
25.62
24.31
15.84
8.66
15.96
15.94
14.12
14.86
23.24
25.74
20.86
10.29
3.37
3.56
20.01
22.95
18.79
15.05
20.31
21.92
20.79
22.39
26.25
24.89
19.28
23.84
28.47
26.74
21.24
20.27
20.75
19
19.37
4.23
10.35
14.13
10.84
18
20.97
20.44
8.31
15.92
16.78
13.22
19.65
15.67
14.53
23.84
21.98
18.42
21.66
21.42
18.72
23.71
26.81
25.6
24.82
18.83
19.06
20.97
18.26
15.33
20.76
17.31
15.94
20.31
24.55
25.5
27.07
20.8
20.02
21.03
16.54
21.82
20.62
20.72
24.96
22.34
21.18
24.91
25.83
23.48
20.7
22.75
14.63
22.22
26.03
22.61
16.51
19.5
9.39
17.29
23.92
25.23
21.66
23.3
19.66
19.75
23.98
24.52
23.7
24.25
25.45
20.11
16.75
23.39
18.73
10.4
23.34
25.76
22.55
24.52
28.01
24.28
18.44
12.23
23.08
25.33
24.22
21.22
24.44
21.88
9.43
8.72
18.44
20.27
20.8
22.6
25.35
21.7
23.54
25.34
22.36
20.98
17.61
6.03
4.6
21.53
23.54
15.87
16.7
16.13
20.42
18.75
17.89
21.37
18.73
19.92
16.79
12.15
8.24
17.84
23.78
25.44
19.95
21.03
14.65
22.06
25.79
25.93
18.52
16.15
13.89
19.51
17.85
15.3
11.45
13.78
22.74
20.21
16.42
24.97
27.45
26.94
21.25
10.55
24.68
25.87
15.05
24.64
34.35
37.01
32.76
15.2
19.2
15.71
7.8
16.01
5.4
20.32
20.18
17.43
11.62
16.26
17.17
11.2
10.52
17.38
19.28
22.54
29.15
27.86
17.96
21.74
17.76
14.74
24.86
26.82
26.26
21.88
22.24
25.33
22.75
22.68
24.57
25.08
15.95
15.25
14.37
21.25
23.95
22.99
21.37
22.52
21
20.64
22.5
24.1
24.07
20.74
16.85
19.06
18.41
21.91
11.23
14.01
17.71
20.66
18.55
17.29
19.14
18.1
9.52
25.41
29.07
28.74
24.36
15.18
19.15
7.78
-1.36
20.25
23.7
24.21
25.11
23.58
21.14
20.87
21.04
20.25
24.26
22.26
19.87
17.88
11.91
18.38
22.45
23.61
21.72
13.44
18.74
18.35
13.08
19.52
17.32
18.52
26.28
26.57
23.13
21.73
23.07
19.14
23.34
21.88
11.29
10.17
3.86
10.66
17.42
20.04
22.51
21.59
19.76
15.98
13.33
18.74
21.31
15.37
18.85
22.54
20.84
20.7
20.48
19.13
21.24
22.41
24.83
26.14
25.06
24.4
22.05
18.6
18.38
20.27
19.13
22.82
20.83
14.76
20.32
23.24
23.14
18.98
9.77
13.59
19.74
23.46
19.05
16.19
15.12
13.65
12.9
10.71
11.59
12.24
14.73
23.44
24.72
22.23
21.55
23.81
24.82
19.86
12.21
17.34
18.35
8.29
15.56
16.74
12.82
18.34
23.33
16.47
17.1
20.97
20.92
18.55
19.35
23.44
24.26
22.5
22.75
24.97
24.07
20.5
16.01
13.68
16.79
16.62
19.39
14.78
15.53
18.56
15.94
13.37
14.62
15.89
6.07
18.08
24.02
24.5
21.83
23.21
25.75
23.61
15.66
11.23
17.96
24
23.61
11.37
5.36
15.58
19.6
13.16
13.62
18.39
18.98
9.89
8.25
9.3
13.52
20.51
21.97
17.58
18.59
20.2
12.91
6.57
12.21
17.61
13.73
16.24
20.33
19.9
16.61
9.99
8.63
14.51
18.15
11.82
5.57
16.3
20.42
18.1
13.02
11.01
7.29
11.1
18.31
17.37
12.71
6.6
9.97
17.56
17.85
17.78
12.6
12.42
21.33
18.95
10.13
6.4
14.06
19.16
21.9
19.39
-0.04
10.17
4.01
4.57
15.13
17.64
13.96
5.76
5.16
9.82
15.62
0.95
19.37
22.17
15.78
16.06
17.18
16.26
11.89
17.68
19.52
17.06
9.67
10.2
11.89
7.43
5.77
3.98
12.78
16.95
10.52
12.33
12.97
-1.7
12.27
19.46
18.23
9.26
20.47
22.02
21.44
16.65
8.81
11.8
9.27
4.12
10.19
16.38
14.76
10.52
19.57
19.5
15.03
13.18
6.24
13.68
17.85
20.8
17.03
12.83
15.81
19.84
17.15
12.56
16.16
15.2
16.17
18.2
14.39
10.28
8.29
12.21
14.91
10.8
3.11
12.19
14.93
15.04
13.56
16.88
7.82
11.28
-4.97
16.68
17.05
17.69
22.99
23.08
21.14
15.94
13.45
17.49
17.74
16.56
14.22
14.67
15.27
16.85
-2.74
15.52
11.26
11.84
15.36
17.51
18.02
18.97
20.24
19.92
-3.67
19.88
16.52
11.59
12.83
11.5
12.55
9.49
7.24
0.67
1.69
6.38
2.65
8.28
12.5
6.28
14.97
17.32
13.3
13.42
13.1
5.27
9.16
13.78
15.93
13.86
12.47
-1.08
7.54
16.93
19.4
17.92
13.66
17.41
17.44
2.38
10.98
13.14
6.22
3.59
8.69
13.07
14.36
15.13
8.43
9.19
12.6
13.01
14.94
17.26
17.53
16.91
14.98
13.3
12.75
19.91
19.22
12.73
15.03
16.3
13.05
10.84
5.15
11.88
16.45
9.09
12.44
13.83
11.72
8.64
11.78
11.86
5.72
11.81
13.73
15.26
14.4
10.58
5.22
8.24
8.1
9.56
13.91
17.45
18.02
14.91
13.46
7.98
7.18
13.71
17.67
20.17
18.35
15.65
7.44
6.21
1.8
13.09
14.12
13.41
10.06
11.66
11.05
1.78
11.41
10.21
13.59
16.07
13.48
0.47
13.4
17.4
17.58
13.03
14.78
16.29
22.35
21.7
13.87
4.23
13.03
16.32
17.78
11.85
8.67
14.16
6.12
17.91
10.03
14.74
8.74
7.78
14.44
11.47
14.24
13
9.89
4.15
8.19
16.7
20.82
20.5
16.53
16.12
17.93
17.59
18.22
17.92
13.65
9.36
6.84
-4.14
4.75
11.52
3.67
11.66
13.16
11.21
22.22
21.8
11.39
18.73
17.02
15.31
14.71
12.29
8.09
15.91
23.04
25.31
21.47
20.75
18.91
17.69
18.67
15.03
15.66
15.14
4.22
14.46
21.88
25.37
24.95
13.81
21.29
23.71
20.14
20.58
21.56
17.94
16.78
18.43
16.96
17.64
18.32
20.86
21.17
14.73
12.7
16.43
14.74
17.9
18.27
14.16
8.21
9.83
18.12
8.62
13.65
14.77
21.48
20.95
15.67
-1.82
13.38
15.01
16.6
16.57
16.45
12.24
5.47
12
14.3
12.22
10.12
15.95
15.11
11.49
16.24
13.63
14.17
20.74
19.2
9.33
-5.32
5.88
8.6
7.52
10.92
12.11
4.21
5.8
8.45
9.83
12.89
13.68
16.1
16.33
9.7
10.35
20
21.92
18
4.85
12.91
7.58
4.7
13.17
12.51
5.92
15.52
13.83
13.69
16.35
14.79
16.44
9.83
8.62
13.21
10.15
8.31
14.43
2.72
13.32
18.23
13.71
-2.01
5.96
15.19
16.96
13.81
18.09
20.99
16.45
19.08
20.26
18.69
19.37
15.22
8.13
17.74
17.74
17.99
20
20.17
19.44
1.49
15.24
-12.1
20.29
22.4
18.83
17.25
20.17
18.59
16.09
15.92
3.74
14.26
14.5
20.96
23.63
21.45
19.32
12.6
13.39
14.22
10.55
-1.46
8.93
13.78
12.09
8.18
12.13
20.87
20.35
19.93
22.74
20.02
18.25
23.48
24.47
19.5
15.98
15.11
9.95
12.72
19.31
23.09
19
8.79
20.19
21.2
14.35
14.36
13.34
8.47
8.84
18.65
19.12
-0.13
14.57
16.32
16.57
15.92
18.23
13.66
10.9
14.77
16.64
21.03
19.67
20.1
20.05
18.32
12.05
20.53
23.2
16.58
12.25
16.55
13.81
12.01
18.89
20.96
15.97
9.73
22.62
24.28
15.97
-0.46
17.59
19.41
13.89
18.05
20.34
22.17
17.76
14.13
21
21.3
20.95
21.78
23.42
23.81
21.4
21.42
20.77
15.22
11.51
16.01
23.65
23.26
12.81
15.82
17.4
14.62
12.46
19.26
18.72
6.53
19.73
20.79
16.43
13.38
22.17
20.61
11.48
18.76
15.61
9.95
13.59
18.96
15.37
11.72
14.73
17.44
21.36
21.79
14.15
16.57
18.2
10.61
-0.05
14.12
20.38
18.97
18.91
21.19
2.1
22.07
22.37
16.1
16.79
15.36
15.67
24.17
22.29
9.96
7.08
11.65
15.51
12.25
23.18
19.62
18.67
22.58
17.04
14.5
19.6
22.6
18.96
19.36
14.44
9.65
16.15
20.39
20.85
7.09
19.86
19.48
10.33
18.61
25.34
25.23
20.44
15.84
16.46
18.34
13.77
9.85
19.03
19.92
11.71
13.29
17.89
17.32
6.69
22.46
25.07
20.33
17.06
22.78
20.84
14.78
-9.49
10.87
12.12
14.61
11.3
11.79
18.3
15.48
5.75
14.87
17.08
1.26
16.45
20.4
18.58
19.67
22.91
19.1
-2.29
2.84
3.03
9.61
18.91
21.21
12.18
14.99
20.49
19.65
21.24
20.96
3.91
19.34
23.23
22.11
18.05
21.18
20.03
5.36
8.88
7.85
15.13
16.59
16.77
19.79
22.52
22.17
13.2
16.71
22.94
20.72
15
21.24
21.38
12.28
23.48
22.06
15.97
12.64
13.78
11.04
18.14
19.26
12.44
7.27
17.22
18.92
16.88
16.63
12.22
14.49
20.52
16.23
13.85
20.47
15.64
15.37
17.64
13.08
5.95
18.72
20.75
17.51
5.08
18.85
17.57
-10.03
17.03
19.78
7.73
19.92
20.04
12.79
8.29
8.61
14.81
19.78
16.66
2.72
5.72
19.12
20.41
11.75
16.23
6.37
15
21.19
22.77
18.04
17.25
21.36
18.74
13.3
3.77
11.35
16.81
21.74
21.09
7.33
14.79
13.26
19.99
18.98
17.44
16.53
16.34
19.71
15.55
14.51
18.06
12.53
5.33
11.29
11.73
9.21
4.12
10.5
18.88
23.5
24.24
16.57
10.25
14.08
15.81
9.97
13.83
15.64
12.89
11.94
17.04
21.74
21.99
18.76
15.22
5.88
12.56
10.15
21.84
23.99
15.57
17.68
22.94
22.4
20.53
16.07
18.68
18.52
15.68
14.21
17.83
19.84
20.32
9.92
15.68
19
12.18
10.93
12.22
9.7
19.31
19.39
13.52
19.1
17.52
7.63
18.2
19.33
17.94
20.07
16.34
13.23
12.71
11.62
16.87
17.36
17.64
18.38
17.09
16.78
18.06
16.55
12.26
13.98
17.08
15.66
17.38
17.22
11.91
1.02
8.63
16.62
17.32
-8.38
14.61
15.95
14.41
12.74
3.27
2.65
13.75
18.01
14.72
13.5
12.15
21.39
24.37
21.12
16.62
18.29
17.1
15.48
16.57
17.73
16.03
10.03
12.87
9.86
13.7
14.91
16.68
16.27
12.2
13.05
16.02
19.79
19.1
19.36
19.05
13.7
18.33
21.44
19.13
18.6
22.57
22.55
15.48
-1.66
13.14
17.44
18.11
16.94
6.35
13.56
12.26
12.24
19.18
17.62
13.67
16.41
16.97
18.99
19.41
19.88
19.06
15.01
7.64
12.55
-9.49
16.35
13.16
13.87
19.68
20.21
18.24
17.56
19.17
19.86
16.56
10
7.97
9.06
13.56
12.37
14.04
13.23
-4.89
7.51
18.34
23.04
22.87
18.41
9.39
6.15
13.49
16.57
13.09
12.74
17.86
20.87
19.97
16.14
13.57
11.61
15.98
19.24
17.89
14.31
10.73
6
11.31
12.13
-9.45
10.75
11.26
-1.68
10.99
19.26
21.5
18.9
14.79
13.67
11.97
9.99
7.88
16.39
19.48
18.63
13.94
16.36
18.51
16.11
19.7
20.98
20.03
19.89
18.27
12.36
11.66
19.62
18.87
11.74
16.46
16.74
10.52
10.44
13.45
15.2
10.76
15.23
16.02
12.63
15.45
14.68
12.69
16.72
17.58
10.49
15.65
-10.48
16.16
20.68
19.88
15.16
11.51
15.74
12.07
14.4
14.63
13.52
15.49
18.21
20.41
18.26
9.02
5.84
10.94
8.97
15.79
15.33
17.34
20.8
19.43
16.35
17.31
19.42
18.47
18.91
16.81
9.53
17.31
17.54
10.28
11.28
16.35
11.87
-8.68
9.35
9.47
5.96
18.05
21.87
19.32
8.57
11.51
15.08
15.61
7.55
9.28
10.43
14.35
13.65
18.73
12.56
17.02
17.97
8.34
8.32
11.67
5.05
9.95
13.47
-0.78
7.72
10.38
11.93
6.82
9.12
0.8
7.61
0.16
9.99
15.69
15.58
6.94
15.2
16.76
13.81
-14.9
3.98
10.63
12.73
12.27
12.65
11.07
11.1
6.61
5.25
11.4
8.79
13.78
12.57
18.74
19.61
15.9
10.21
6.24
15.46
18.94
18.19
11.14
11.6
10.7
12.57
15.62
15.35
9.04
3.73
16.73
20.22
17.42
14.09
9.28
4.7
16.75
17.21
10.05
18.58
17.51
13.32
18.48
21.03
20.36
13.03
-0.08
0.52
10.58
13.82
15.74
17.47
14.24
10.26
14.77
6.51
-5.32
9.96
11.35
5.94
0.24
11.55
16.46
15.8
8.87
-3.29
12.21
11.55
14.76
16.06
11.38
14.36
14.37
13.43
-12.88
15.52
18.07
13.57
-13.49
7.78
16.32
17.88
18.22
18.41
19.04
20.44
17.35
15.51
17.85
13.75
13.74
13.7
12.34
7.13
6.77
9.44
8.25
13.03
16.56
17.87
17.83
17.25
16.9
15.5
11.04
11.89
12.69
11.54
16.91
17.85
12.02
5.85
13.44
14.38
16.1
13.06
14.26
17.32
14.47
10
6.2
8.67
8.53
-0.29
8.63
15.94
18.05
14.48
10.76
8.61
-1.07
11
9.34
9.96
14.19
16.78
11.66
6.68
14.23
12.74
12.68
10.97
8.95
7.37
8.14
9.42
14.17
16.28
16.53
15.44
14.95
13.11
13.43
16.42
13.86
13.12
13.54
10.27
15.42
16.71
15.11
14.92
17.47
17.46
16.43
15.04
14.89
13.65
12.23
14.79
15.18
6.27
9.38
12.25
15.42
16.75
14.24
9.93
12.07
14.03
14.01
15.01
16.65
15.72
12.94
8.23
5.51
14.19
19.3
20.4
17.8
15.51
15.75
17.17
13.78
4.37
10.76
7.78
10.54
16.28
13.64
-14.69
14.74
16.53
14.04
13.83
9.16
10.43
14.64
16.18
16.98
17.77
14.67
15
19.71
21.33
20.45
16.85
-5.27
16.25
20.8
21.07
15.82
6.53
16.86
17.28
16.32
11.68
-13.07
7.03
-2.65
8.43
10.28
6.9
9.9
11.79
14.95
13.25
-3.74
11.49
13.93
5.75
9.34
0.67
10.57
14.19
12.53
11.28
10.94
16.16
18.36
18.01
12
10.36
15.36
13.55
5.23
12.55
3.3
7.73
13.24
15.04
13.65
11.05
-0.29
-3.78
7.15
14.02
13.03
7.48
11.5
8.26
10.94
9.38
10.27
15.91
14.53
8.3
9.63
11.42
-0.48
5.94
11.23
13.52
9.74
1.17
11.89
11.71
8.48
13.05
8.66
13.58
19.32
20.87
17.41
10.34
-1.36
9.71
10.58
13.07
17.41
18.57
16.26
8.6
11.72
15.22
11.35
14.02
17.44
12.5
12.71
18.81
15.51
11.43
12.12
13.52
16.19
17.31
11.75
14.54
17.58
17.3
18.09
16.66
11.33
2.11
14.82
18.89
16.07
7.33
4.3
10.43
0.43
-9.49
9.64
17.26
17.17
7.72
8.36
13.21
1.94
9.31
13.81
14.17
10.75
8.71
10.45
16.18
15.16
-13.82
10.28
8.03
11.4
12.74
14.34
14.42
10.32
7.46
10.3
10.79
11.16
0.08
5.23
10.97
7.67
2.63
11.67
0.23
12.13
13.49
8.48
4.11
4.26
4.97
5.31
10.49
9.58
11.85
9.19
3.72
13.84
13.47
8.44
3.94
4.59
15.65
17.32
14.18
15.15
17.17
14.46
7.07
3.88
11.05
2
2.51
4.56
2.73
-1.8
11.96
14.58
12.58
10.74
7.95
12.57
4.85
13.55
16.22
16.58
14.72
12.67
7.18
12.82
6.09
7.39
14.09
18.26
19.19
17.28
12.19
6.74
14.68
13.27
9.43
11.63
10.59
11.97
9.83
11.76
7.42
-1
8.87
10.32
14.39
15.34
15.86
19.15
13.32
9.82
15.03
18.54
20.33
16.45
10.29
6.42
7.06
-0.01
8.8
9.95
11.46
14.89
12.55
13.04
15.65
16.71
15.64
8.59
13.04
12.94
10.39
8.04
7.66
15.78
18.3
9.28
11.81
17.14
18.01
16.09
15.75
15.5
17.71
18.14
18.13
17.67
12.82
16.04
17.9
15.44
12.24
11.16
17.92
19.43
14.74
7
-0.2
8.77
14.64
12.3
6.5
9.75
8.01
8.81
3.95
9.45
9.77
4.67
7.61
9.99
-3.56
0.69
12.12
16.83
17.84
16.45
15.85
12.89
16.99
15.26
10.13
7.77
13.68
17.18
15.84
12.83
12.38
15.33
15.96
11.23
11.26
2.86
8.56
5.73
-1.46
8.25
11.49
13.32
6.11
2.47
9.77
10.77
15.34
14.4
2.75
10.19
10.24
3.58
7.61
10.04
6.55
12.29
14.64
15.68
15.65
11.48
6.59
3.5
1.83
13.29
17.63
17.63
15.91
13.65
9.56
9.99
2.12
12.15
10.49
-6.23
3.66
0.64
8.52
6.85
9.5
-2.05
7.2
12.79
15.01
15.95
16.43
15.7
12.95
7.27
17.73
19.37
13.92
9.92
12.92
13.23
11.15
12.86
10.68
9.52
10.79
2.5
11.62
13.98
12.17
14.05
9.45
15.94
19.12
17.49
13.67
0.76
12.71
9.34
8.35
16.87
12.39
9.74
0.39
17.78
20.38
20.57
15.77
13.71
13.65
13.36
11.42
12.55
12.37
15.64
16.46
17.32
14.29
-0.55
-4.97
4.2
6
10.87
17.16
17.89
15.91
10.97
9.15
-1.52
3.02
15.01
21.37
19.49
7.96
14.99
14.95
11.27
8.63
14.31
16.62
9.8
10.88
11.12
13.6
11.71
6.65
14.62
13.5
1.5
6.45
11.77
15.37
7.77
17.27
20.11
13.84
5.83
4.62
0.8
8.31
15.29
19.62
19.78
12.46
12.96
17.59
17.44
13.62
10.4
16.05
12.91
17.82
19.32
16.09
1.96
16.59
18.98
16.72
15.19
8.95
12.12
13.53
9.14
3.91
10.35
13.02
0.38
15.11
15.18
13.01
15.7
14.55
14.17
14.12
12.18
11.99
8.76
4.38
8.22
15.84
16.45
14.26
15.08
19.81
22.16
19.9
18.83
16.19
15.27
18.84
9.11
13.11
17.1
18.46
17.44
17.56
17.03
10.73
6.55
9.49
10.71
22.94
21.86
15.51
17.41
14.56
-0.27
7.42
5.16
10.9
15.77
12.04
-8.16
11.94
9.41
4.12
6.47
11.68
15.68
16.64
14.59
5.98
8.6
10.45
9.16
15.06
18.13
16.35
13.24
5.52
4.96
5.02
6.54
8.35
11.85
13.33
7.64
11.16
13.29
14.06
17.91
18.16
15.29
17.56
14.96
0.22
17.66
20.95
18.04
11.24
10.45
1.1
9
13.47
10.81
11.84
14.95
11.82
16.46
19.1
17.9
13.18
4.27
3.42
1.34
10.59
9.64
10.03
11.97
9.34
-13.54
11.73
16.04
18.6
21.04
20.64
12.2
13.74
18.94
16.71
12.16
7.37
-12.35
11.96
15.95
14.67
18.05
18.48
6.15
12.91
16.23
15.47
15.07
13.9
9.84
-4.53
12.37
16.84
17.92
15.77
14.88
15.34
16.38
14.23
13.7
16.53
13.76
4.14
18.32
20.06
13.91
14.17
15.67
15.64
7.53
-1.33
2.9
8.94
11.73
9.23
6.49
0.53
0.44
1.21
10.49
10.53
15.81
18.86
17.87
10.54
16.4
17.59
16.38
13.77
15.29
16.17
11.94
4.07
4.23
12.19
13.11
13.68
14.35
12.67
6.09
9.44
17.07
18.32
17.8
10.39
8.4
8.6
16.23
20.76
18.28
4.1
15.33
17.79
18.39
14.36
5.93
10.51
11.87
7.62
17.86
18.08
6.15
13.34
16.12
15.26
9.8
11.46
16.79
8.61
14.75
15.42
10.85
8.88
7.08
9.89
13.99
11.42
-1.34
5.88
7.85
16.47
19.51
17.75
15.77
9.68
13.14
14.1
13.48
13.5
11.53
3.14
4.67
13.97
11.85
9.1
13.97
14.57
15.31
16.58
14.27
0.61
12.79
12.6
10
14.32
11.88
15.37
13.71
10.79
17.23
18.67
14.32
8.24
10.67
10.87
12
10.71
12.69
10.81
7.04
10.46
14.83
12.27
-0.19
13.39
12.06
6.36
11.18
10.58
11.94
7.95
3.72
7.73
8.64
14.9
15.37
12.14
10.69
6.85
13.54
13.91
11.02
13.19
12.07
12.95
12.91
9.7
11.33
13.76
15.03
14.81
11.24
14.29
13.85
11
-13.76
13.09
13.13
12.48
14.66
15.77
16.43
15.36
15.75
3.57
0.75
13.6
13.58
12.22
8.55
-4.64
5.99
14.07
16.08
15.86
7.16
6.64
4.46
3.91
11.86
15
9.67
12.15
12.93
11.05
-17.66
13.57
11.05
1.29
9.89
12.91
14.25
11.32
-3.76
5.37
2.32
1.08
-1.29
9.07
6.45
7.8
7.02
4.94
2.53
12.67
10.99
-7.88
3.96
9.82
7.46
11.51
1.5
14.24
16.67
10.6
2.62
3.49
13.29
12.53
7.91
7.29
9.82
4.87
12.54
15.6
13.95
8.26
15.12
15.51
9.44
10.63
16.28
9.74
2.3
10.63
12.39
5.36
3.77
-16.38
0.06
7.46
8.11
6.19
9.21
3.26
3.52
3.54
0.38
4.85
10.03
8.34
11.57
7.33
14.53
10.75
12.75
16.77
12.55
-0.37
12.66
10.79
10.39
11.42
9.36
4.8
8.44
2.79
15.7
14.81
7.82
9.48
16.22
16.82
14.66
9.06
4.39
4.71
11
14.78
6.33
5.91
7.43
3.18
-6
8.58
13.43
12.11
9.95
5.17
3.53
9.17
11.87
9.27
5.69
10.86
12.41
15.95
17.76
10.89
7.95
11.78
8.86
4.62
10.29
5.3
-3.88
3.69
0.01
1.21
-5.38
-6.3
8.58
15.58
15.68
12.15
11.31
15.25
15.06
4.84
1.68
6.71
5.31
6.74
11.83
14.28
11.63
9.01
7.27
-5.24
8.64
6.64
0.65
1.89
9.07
16.69
19.32
15.67
15.34
11.57
-0.39
3.18
4.78
4.93
11.88
9.86
9.37
11.83
12.32
5.3
3.73
7.59
12.1
0.19
5.26
12.66
11.52
1.24
8.84
15.42
16.38
14.77
13.55
14.48
17.3
17.34
10.67
0.29
4.56
11.44
15.23
12.19
-2.65
4.85
11.63
7.67
13.16
14.82
9.8
12.88
12.72
11.53
16.18
15.34
13.86
7.86
2.52
8.04
15.35
6.82
13.5
14.42
11.42
8.79
1.64
3.15
3.26
3.22
-1.71
5.05
10.36
11.85
12.12
11.99
11.25
12.58
9.3
8.04
11.18
15.4
15.58
9.38
-0.04
0.68
1.64
14.75
15.74
11.22
11.4
11.36
11.28
11.79
9.7
11.54
5.45
4.18
-0.52
2.18
7.11
11.67
12.97
10.18
6.73
5.12
-0.88
1.96
10.28
12
-2.37
9.16
-5.14
6.68
11.35
13.53
11.38
4.58
3.74
9.27
9.82
12.37
11.39
10.81
14.99
13.04
12.14
10.54
3.08
4.18
8.11
14.64
14.78
9.29
7.08
7.86
9.72
6.6
1.8
-1.93
14.38
16.05
13.14
14.9
15.27
8.74
5.73
10.05
12.67
13.37
13.74
9.52
11.04
14.02
13.16
7.69
15.52
14.15
6.37
4.93
7.89
8.66
11.86
15.97
10.63
10.58
13.28
9.2
4.65
-0.29
12.55
16.11
13.69
4.11
-6.8
7.74
7.81
-0.23
2.85
0.43
3.23
11.83
7.96
4.9
13.33
13.71
7.85
2.81
5.8
1.65
12.15
0.92
2.05
1.29
6.31
4.87
2.38
6.83
8.8
11.37
13.55
12.88
9.3
11.9
15.47
14.74
4.29
9.23
11.5
14.63
15.45
9.71
-1.38
-2.72
1.18
5.57
14.16
14.87
6.55
9.74
14.36
6.87
14.46
13.05
9.04
9.94
8
5.97
13.02
7.01
9.08
-5.49
8.06
8.63
8.72
7.97
10.39
14.06
13.54
9.7
11.39
14.04
9.01
10.05
11.8
16.39
19.61
17.46
14.58
11.57
3.07
3.13
13.52
10.82
5.8
10.17
8.15
15.34
15.92
13.23
17.43
15.79
10.43
6.47
8.72
11.98
3.74
-0.73
8.93
8.3
5.15
10.71
10.82
-9.29
14.36
12.56
9.4
8.06
1.76
14.23
14.87
11.6
5.47
1.18
8.52
8.23
8.32
13.21
12.95
9.86
11.37
9.51
12.28
17.8
19.18
18.37
15.9
9.69
6.69
7.56
13.79
14.42
12.92
11.15
11.78
5.23
0.31
10.49
14.99
14.46
10.39
15.82
18.64
13.19
1.51
9.26
5.9
-2.67
2.85
-5.62
9.71
13.43
13.74
10.71
6.01
11.93
17.41
19.15
16.29
10.72
9.33
15.01
18.6
16.51
7.03
11.19
-1.31
9.27
11.56
11.09
1.89
3.32
13.34
14.86
2.57
16.86
20.08
18.27
15.85
12.2
4.68
12.16
13.11
8.26
1.37
2.23
10.19
14.03
11.63
-2.23
9.42
8.9
4.05
12.67
13.69
12.85
9.82
11.35
15.27
9.27
15.12
17.67
16.99
13.57
6.98
10.16
12.24
11.69
12.15
1.47
10.56
16.25
14.11
15.17
11.27
8.02
12.22
17.1
18.46
16.37
14.48
12.86
7.39
4.46
10.72
13.58
15.82
16.87
9
14.16
17.56
11.92
13.83
18.53
19.83
17.9
14.48
12.64
9.05
11.6
14.19
12.12
5.63
-6.58
7.1
9.91
10.68
13.37
13.14
9.19
8.53
16.08
13.75
6.8
2.76
7.3
4.45
3.6
2.55
1.78
6.75
9.34
4.31
6.89
8.64
-1.12
13.27
13.1
7.97
11.31
12.49
12.64
12.67
6.4
6.8
13.53
12.65
10.34
4.03
-1.7
2.52
7.65
7.76
14.51
15.38
9.44
4.9
16.04
16.2
9.33
-3.95
2.4
10.64
14.56
12.16
16.82
19.24
13.89
12.31
14.33
3.1
13.38
10.59
0.84
9.97
3.31
9.69
7.87
1.28
2.83
11.72
16.2
17.97
18.2
14.38
11.55
7.92
6.73
9.06
4.2
8.55
14.42
16.29
14.63
0.41
12.78
16.62
16.36
14.15
9.65
10.9
13.41
11.6
6.83
15.95
18.24
15.16
1.46
9.39
14.5
12.36
7.98
14.33
20
18.24
10.62
-12.21
-11.01
-2.71
1.18
8.29
13.84
0.22
9.03
10.4
12.02
12.13
11.82
10.72
8.78
1.43
12.06
17.34
19.12
18.07
10.59
-1.07
10.57
9.12
-3.45
8.76
11.17
10.51
10.99
7.29
3.01
11.22
4.79
8.41
12.36
17.01
10.8
11.3
14.54
14.05
2.81
8.72
9.69
-2.6
10.83
14.37
13.86
14.46
12.71
6.58
3.37
-0.98
10.3
15.45
18.78
