9.82
9.64
6.99
5.12
6.58
3.12
2.94
9.01
6.44
3.46
9.68
13.01
7.38
3.28
5.08
3.01
-6.7
3.7
10.04
9.63
7.33
10.15
-3.68
13.95
16.63
14.37
11.61
8.88
2.45
-8.93
5.61
11.35
10.31
4.33
3.11
-4.73
8.41
-13.86
8.98
11.21
9.76
5.84
6.23
10.16
10.89
12.54
11.28
6.55
10.41
13.08
8.29
-2.41
1.01
9.23
13.32
12.67
11.48
5.72
9.57
11.42
4.62
2.06
9.32
12
1.3
13.65
15.47
11.95
13.37
13.83
10.72
9.53
13.85
13.03
2.25
7.3
13.46
15.24
9.72
1.83
2.92
0.97
11.68
16.3
16.36
14.31
11.1
8.25
11.99
6.97
8.96
7.82
3.24
11.2
9.97
13.97
12.82
8.98
9.82
14.29
14.16
9.82
13.2
3.54
9.48
2.65
9.43
7.75
11.19
11.99
9.54
0.86
9.08
13.61
11.98
6.3
3.62
5.08
1.44
-7.09
8.15
10.31
-0.87
3.06
0.79
4.06
5.65
11.08
14.57
13.07
10.07
8.37
6.21
-11.07
2.05
-5.62
1.88
3.33
11.24
12.89
11.29
9.73
14.38
11.7
8.95
7.27
11.54
10.77
14.92
17.34
14.07
10.15
11.33
11.48
14.68
16.48
12.45
3.48
11.96
14.57
14.56
13.24
11.95
12.78
13.85
13.85
12.6
14.87
13.79
6.1
5.19
9.35
10.08
10.03
6.52
-0.6
-4.97
-2.94
5.04
9.9
14.16
11.16
4.33
13.39
15.4
11.89
9.63
5.93
5.91
11.29
12.96
11.12
9.64
13.16
15.06
8.67
3.93
4.59
6.86
16.17
18.23
8.77
11.23
5.86
6.18
10.25
15.1
11.37
2.78
4.43
12.37
10.87
0
-5.79
2.24
10.8
9.01
-2.73
6.89
16.15
17.72
14.78
11.63
6.46
3.18
7.71
8.52
6.83
9.9
13.29
12.62
10.44
12.95
13.86
8.07
6.22
12.75
11.4
9.05
10.16
8.74
5.65
7.71
7.36
7.76
12.38
11.61
13.64
15.24
8.41
13.96
15.43
14.79
13.03
0.98
9.17
13.19
14.64
12.89
4.24
-4.09
8.04
3.38
9.25
8.17
9.15
14.51
9.99
6.41
9.74
10.65
10.08
11.24
8.98
6.15
7.81
6.46
5.86
0.62
12.91
13.19
11.04
9.5
6.43
10.08
9.58
9.87
11.65
11.34
8.72
7.59
12.16
14.48
9.69
7.26
-13.51
8.08
-0.65
1.8
10.97
12.63
7.7
-1.68
3.21
9.26
9.75
4.67
3.87
-2.28
7.13
5.81
7.32
14.61
12.74
9.67
11.47
12.78
14.62
11.59
-1.8
7.33
5.18
11.14
15.86
14.43
9.39
10.58
16.42
16.13
11.36
12.51
15.36
14.78
16.09
18.38
14.48
6.49
13.37
8.42
-5.11
-2.23
11.42
12.27
6.77
10.2
11.67
13.33
8.64
-9.53
-0.51
10.74
13.22
8.76
6.81
10.03
9.17
4.78
3.92
4.23
0.18
12.18
15.65
12.11
5.7
9.31
-6.23
5.05
9.28
12.03
12.25
8.68
5.14
5.89
9.81
10.82
14.26
18.35
17.77
9.78
7.78
1.58
10.82
4.75
7.73
9.08
8.25
6.05
4.1
3.15
12.22
9.19
5.64
11.24
12.13
3.79
5.65
8.31
5.2
4.07
11.92
13.62
9.15
6.4
-2.11
6.39
11.26
3.82
-1.24
-3.95
2.27
10.43
12.4
10.01
7.2
0.18
9.55
12.83
10.67
6.61
0.44
0.87
9.88
10.98
8.42
11.95
15.31
12.81
-0.5
11.66
0.18
13.24
11.26
4.69
8.21
1.32
-2.45
6.86
9.19
0.91
3.3
2.2
11.88
14.43
11.81
11.4
9.35
1.73
6.77
7.77
1.46
8.37
9.58
5.37
-12.07
8.39
10.54
12.54
17.27
15.49
0.71
11.64
14.08
13.69
12.59
2.94
6.77
10.2
7.85
4.36
6.79
8.85
-3.65
6.15
6.97
3.89
7.02
-1.67
14.19
15.59
10.94
9.13
3.73
2.35
7.98
13.31
5.06
11.71
9.77
1.11
-5.16
8.17
11.87
10.28
10.65
5.5
7.18
15.29
16.26
11.98
14
13.02
2.16
8.85
2.7
8.38
14.97
15.87
13.09
10.69
8.8
8.34
8.62
11.65
8.07
10.39
4.34
13.52
16.16
15.82
14.41
6.61
3.72
-0.32
4.57
9.64
13.3
11.9
5.19
0.71
9.47
15.85
17.51
16.17
13.72
11.24
9.35
5.11
8.2
3.7
3.98
-5.91
7.77
4.79
8.46
6.26
6.05
13.81
8.87
5.37
13.77
11.49
6.34
13.19
3.71
10.49
13.06
10.56
4.44
10.25
-3.78
12.86
15.08
9.6
2.1
14.18
14.9
7.78
1.03
-6.38
6.49
9.38
-1.18
5.1
3.31
10.74
12.05
12.1
14.36
12.97
10.26
10.06
13.25
11.2
8.22
-0.49
11.76
17.09
17.97
16.84
8.33
2.6
13.03
18.45
15.8
1.98
7.9
2.79
5.41
19.58
25.41
26.18
24.45
18.61
1.85
2.8
12.1
6.72
13.39
18.93
15.44
-5.43
12
15.7
16.12
17.06
12.6
9.08
12.81
11.35
8.95
9.13
3.7
5.95
14.25
14.07
11.97
12.04
9.94
2.52
-5.15
8.74
10.41
6.79
3.06
-2.24
7.19
7.04
-0.97
5.94
12.96
9.94
5.37
8.72
3.21
9.17
11.71
8.61
-7.73
9.54
3.84
15.48
16.45
7.68
4.4
12.81
11.72
2.14
7.86
8.33
12.21
11.13
13.52
7.35
9.05
14.77
13.19
8.5
8.13
11.47
12.99
11
5.37
-0.71
7.36
14.92
15.12
11.12
13.68
14.68
9.89
7.13
15.72
17.03
15.28
5.64
7.87
8.82
-25.16
10.31
10.1
9.07
12.57
-4.53
3.1
12.6
14.65
13.83
8.48
6.05
4.12
10.02
12.94
14.43
16.82
13.28
-2.42
14.21
13.91
8.9
7.88
8.18
8.44
10.66
11.94
10.18
2.56
12.49
5.95
5.7
9.79
3.86
6.29
12.68
16.04
11.85
7.05
4.66
-3.29
-3.88
11.02
10.15
2.69
11.97
14.04
11.69
0.65
8.21
13.16
11.68
13.45
11.09
9.54
14.92
14.67
9.86
-0.78
1.26
0.86
12.06
14.89
13.42
8.39
2.27
-2.93
-0.99
12.51
15.12
15.89
16.08
12.4
6.81
6.8
6.64
9.27
9.69
8.55
6.8
2.51
12.58
13.47
13.82
2.04
5.32
-3.14
13.04
14.77
11.51
12.26
14.7
9.06
-1.04
-1.14
7.15
10.99
11.92
11.63
11.64
9.83
7.8
14.09
13.98
7.32
-1.11
-0.25
6.99
11.26
-2.81
8.13
13.56
9.99
-1.99
22.26
24.07
18.6
13.3
0.14
13.75
22.25
22.88
21.27
18.22
6.55
13.91
10.18
12.64
12.95
11.69
14.43
17.03
20.07
22.6
27.66
29.41
25.37
20.35
15.75
8.67
5.13
17.8
17.22
18.34
20.61
20.35
16.87
9.96
17.45
14.99
16.1
24.21
30.51
29.3
18.96
6.91
13.55
15.76
21.85
27.22
27.58
26.75
24.55
24.89
23.59
19.92
27.02
27.24
25.56
22.92
19.92
20.66
16.79
21.3
24.97
21.7
21.39
22.72
23.69
26.65
29.86
27.65
18.73
15.19
12.05
14.85
18.94
14.19
7.55
14.65
22.57
22.66
22.57
19.22
16.51
23.64
22.44
10.72
13.26
18.49
17.45
15.54
21.29
22.18
12.18
14.81
19.81
19.47
19.28
23.37
22.51
22.78
12.9
8.16
2.91
10.33
20.22
24.13
19.74
16.8
10.04
12.6
14.86
16.38
15.13
14.95
11.96
8.9
19.67
22.97
14.84
17.18
23.23
24.89
18.9
17.9
15.88
8.91
15.09
21.3
21.64
18.45
19.8
22.89
26
26.69
24.17
15.38
21.67
26.75
24.48
19.34
12.86
3.39
17.35
17.76
18.51
21.42
18.1
20.47
23.98
26.61
28.32
22.95
19.46
22.79
17.92
16.15
25.31
25.79
23.19
22.65
22.68
23.98
28.47
28.63
22.98
17.04
9.36
17.21
20.07
18.31
20.75
14.09
15.63
20
18.85
12.1
13.05
26.93
31.66
29.56
21.39
7.11
9.79
16.49
23.45
27.95
28.64
22.79
8.6
18.69
21.06
23.73
26.37
21.35
22.89
20.92
16.78
19.07
20.97
14.08
17.53
22.5
26.59
24.34
15.1
15.2
24.54
25.74
20.58
16.55
24.16
23.17
24.2
27.05
23.26
11.31
12.89
23.54
24.06
19.05
17.81
24.33
29.44
26.31
14.53
21.31
16.95
22.44
28.16
23.9
25.94
25.02
22.53
27.13
20.13
22.7
25.57
22.56
17.3
17.35
19.69
22.36
19.85
15.37
22.03
15.41
15.89
19.79
23.12
14.17
23.51
25.57
21.45
24.84
24.38
16.59
16.31
7.2
14.07
23.1
27.67
27.61
25.02
20.69
17.82
24.07
26.73
22.04
19.59
9.95
23.83
24.73
15.27
12.8
8.77
19.71
22.76
19.64
20.62
16.67
20.04
25.91
22.96
8.66
18.26
21.32
22.65
26.74
23.59
19.7
17.74
11.45
21.25
20.17
20.32
17.49
12.79
13.66
19.33
13
20.47
20.77
6.16
23.72
27.7
26.17
23.51
14.45
18.09
20.76
20.36
22.46
20.18
15.41
18.47
16.86
9.5
9.75
19.06
18.85
19.36
22.6
19.43
21.82
24.91
22.92
18.27
15.03
13.33
9.77
22.31
24.56
23.8
19.2
11.09
13.18
15.89
13.28
12.06
21.58
18.94
13.54
17.79
15.84
15.37
20.33
18.54
14.22
21.85
23.16
16.61
16.36
19.32
11.04
13.47
12.4
14.74
13.38
5.25
12.81
20.52
21.8
18.28
13.98
17.48
10.8
15.69
18.28
13.82
6.12
1.16
16.95
19.94
19.79
16.68
5.86
3.19
8.91
15.71
18.38
16.42
9.81
9.46
15.62
10.86
4.75
5.35
4.13
17.03
18.48
14.28
15.04
13.76
8.95
7.43
5.8
17.64
19.51
14.97
1.28
1.28
8.47
26.01
21.24
9.14
17.74
19.56
21.5
24.33
25.11
22.34
20.86
21.99
21.44
22.33
21.84
21.84
25.7
26.59
25.75
24.93
22.75
17.18
11.39
14.83
19.25
18.77
17.71
21.25
25.66
27.25
25.4
21.38
14.13
7.97
15.05
19.32
19.4
19.21
13.06
18.82
25.13
26.91
27.11
26.63
24.41
21.96
23.79
25.58
23.74
21.65
22
23.66
26.12
24.44
18.43
17.36
18.74
1.76
21.61
24.41
24.51
27.81
30.24
31.61
31.41
28.8
25.04
20.99
20.34
23.23
23.53
22.49
22.97
25.75
26.92
26.79
26.34
26.66
28.2
27.09
23.66
24.49
25.56
22.07
13.3
22.23
22.61
23.3
24.24
24.89
24.68
22.21
23.53
23.01
22.12
27.61
29.5
27.97
27.29
27.75
27.08
23.5
20.96
19.51
7.91
14.7
9.83
24.21
26.05
22.45
17.6
15.68
15.18
11.78
17
26.85
28.92
28.55
28.29
26.95
25.22
26.01
25.14
24.03
24.08
21.93
23.3
28.54
30.29
28.81
28.63
31.45
32.11
30.54
26.84
17.1
13.3
20.38
23.31
20.53
17.98
17.85
16.84
18.39
19.48
22.69
26.65
28.16
26.63
26.24
25.94
24.22
26.31
28.09
26.47
21.45
17.7
19.58
17.78
23.65
27.97
27.15
26.47
26.46
25.96
27.63
28.72
25.83
20.87
20.11
16.15
12.45
9.85
21.37
27.5
26.65
18.8
20.51
26.74
27.46
21.98
6.98
19.67
23.3
26.58
27.78
27.21
26.76
25.15
24.08
25.42
25.42
23.7
14.06
16.56
21.89
24.99
26.27
25.81
27.73
28.99
27.95
23.68
12.24
17.23
23.76
25.22
23.47
18.57
17.48
15.97
7.19
11.56
22.25
24.23
17.83
24.14
27.73
28.42
27.06
26.11
26.57
26.06
25.23
22.09
24.26
29.96
29.55
22.9
12.37
7.7
13.62
14.48
14.77
15.95
17.36
15.01
20.89
27.38
28.01
25.69
25.86
29.35
31.47
32.58
31.99
28.56
22.96
23.36
27.55
28.55
27.16
25.74
25.35
26.73
29.04
31.02
31.14
29.6
27.49
24.92
24.68
26.27
25.81
21.82
18.27
22.1
23.98
23.95
18.6
10.36
16.74
10.94
11.53
6.53
13.06
15.77
18.6
23.78
25.06
19.31
5.98
18.63
23.82
20.81
-2.36
18.11
21.88
26.32
26.9
22.84
19.14
20.99
26.04
26.92
25.14
19.97
18.76
23.54
24.39
22.11
12.94
4.81
14.55
21.3
19.67
12.77
18.34
22.45
21.49
18.53
11.64
14.09
20.8
16.52
8.73
15.95
17.22
19.05
24.08
25.14
22.88
21.44
19.78
13.42
12.7
15.71
15.47
16.62
23.12
27.1
27.95
25.17
22.28
21.51
17.59
18.7
15.13
5.71
17.75
23.94
23.55
19.19
14.26
15.24
17.32
20.23
19.25
11.31
7.35
5.83
16.36
19.94
13.83
13.69
13.07
10.28
10.07
17.85
20.64
23.24
23.93
21.64
14.87
17.92
23.29
24.19
24.19
24.13
23.05
20.19
14.85
12.27
19.32
20.07
17.88
16.16
10.02
10.89
17.69
20.19
18.68
18.09
22.06
21.98
22.17
23.3
22.58
19.76
10.97
14.13
16.34
13.59
17.67
21.95
20.05
19.71
18.87
16.41
20.5
23.3
19.46
21.45
25.1
25.34
24.23
24.97
24.96
15.48
17.33
7.68
4.01
13.85
15.78
20.37
20.05
11.28
1.35
4.89
3.74
19.55
22.91
17.76
19.68
24.65
21.38
6.11
13.66
22.93
22.94
17.99
17.9
2.85
11.38
8.58
16.92
20.87
3.63
23.21
22.76
17.11
17.84
19.55
16.85
15.62
15.12
7.17
8.17
12.37
18.91
14.94
22.47
23.81
17.89
20.06
12.83
17.64
18.77
4.84
18.17
21.29
9.73
18.02
10.94
8.76
15.05
20.9
19.78
18.12
22.63
25.35
24.6
20.81
13.84
13.57
14.18
17.07
22.8
17.82
18.99
24.23
26.03
26.61
25.03
24.22
22.87
22.75
21.95
19.06
22
20.13
20.83
17.46
7.34
19.14
22.43
17.8
16.02
16.98
6.2
15.78
19.35
16.18
10.24
18.05
15.67
15.72
16.96
20.75
21.24
11.92
18.96
12.28
19.39
18.79
16.66
17.53
16.29
14.59
14.93
16.85
14.27
18.91
23.75
21.83
18.07
17.41
21.02
26.2
28.43
26.9
22.48
24.6
28.52
27.12
20.72
19.36
20.71
23.25
23.21
26.24
26.19
17.48
24.65
29.84
27.51
21.49
16.83
10.3
19.76
19.01
22.49
23.66
26.84
31.41
30.64
22.33
19.38
26.36
17.34
21.19
21.71
20.16
20.98
17.23
18.27
13.3
13.74
23.78
22.39
16.87
12.71
20.34
24.6
21.01
12.63
21.2
25.74
31.04
43.14
45.48
39.66
26.08
12.84
9.77
16.96
14.41
13.8
20.83
21.56
16.81
19.86
19.81
15.88
15.1
-0.75
11.92
24.98
29.19
24.52
14.64
20.42
25.82
27.53
27.19
23.51
16.83
34.82
43.95
43.01
31.45
27.7
18.99
19.02
22.38
19.56
18.52
19.64
14.85
12.99
7.65
20.09
21.44
19.37
21.77
23.54
24.56
27.83
29.53
25.73
24.05
24.65
25.16
23.75
20.33
20.2
18.45
22
17.62
19.94
25.16
25.46
25.33
23.11
6.19
22.86
24.57
19.83
19.29
17.01
20.03
26.45
25.49
21.9
22.67
24.53
21.41
16.85
17.6
35.43
41.93
39.28
25.89
19.15
19.51
26.8
27.31
26.89
25.94
22.68
24.7
32.68
32.53
22.58
18.94
20.33
22.44
25.57
22.61
12.02
20.46
18.91
-1.03
20.89
21.87
16.12
21.88
24.15
23.39
21.74
39.49
43.47
38.81
27.66
17.02
18.77
19.02
20.69
20.04
5.3
23.24
23.52
21.77
23.51
24.19
23.53
13.83
12.39
10.92
18.91
10.57
18.35
21.64
20.92
23.46
17.18
14.62
18.85
18
15.76
15.28
5.96
20.84
21.36
20.24
23.52
25.08
20.48
14.47
21.57
17.22
14.43
18.29
17.29
17.67
14.23
8.39
15.68
20.52
12.5
22.05
36.23
42.42
40.76
31.1
20.74
23.48
24.71
22.39
17.4
19.32
18.67
18.47
21.14
18.16
23.77
24.16
17.35
7.26
14.32
15.06
9.92
20.82
21.9
18.3
16.07
7.25
6.89
13.45
18.28
17.1
9.69
12.67
11.91
18.28
22.09
20.31
23.46
26.26
24.34
20.13
20.19
20.37
21.05
16.7
25.89
30.24
26.18
17.21
17.32
16.98
8.12
1.79
17.79
15.43
14.23
19.69
22.67
24.22
25.72
24.3
24.82
23.4
22.42
23.04
15.74
4
18.57
22.25
13.14
1.27
18.81
25.54
37.52
42.82
39.35
24.49
12.79
18.07
11.9
17.71
21.2
20.77
31.57
33.13
22.52
18.01
24.85
28.88
28.69
18.16
35.67
44.07
42.4
29.13
21.41
14.32
22.95
17.89
21.6
22.55
16.76
20.56
17.84
32.98
31.19
21.06
27.16
25.97
25.87
26.5
25.75
19.2
27.35
30.43
25.04
20.59
4.34
5.33
10.34
12.07
21.79
20.01
25.6
28.16
24.75
19.1
19.69
15.46
20.06
21.24
20.54
22.69
23.42
21.95
25.15
26
23.35
20.96
19.28
23.92
26.86
26.79
17.47
14.06
13.58
17.12
21.8
25.83
22.89
30.13
44.75
49.14
44.64
29.79
16.97
25.53
22.44
27.07
27.53
23.27
37.49
47.39
48.08
39.87
21.68
17.63
19.69
20.37
17.04
21.51
23.92
29.77
33.82
35.01
31.25
23.05
22.76
22.89
28.37
30.15
29.52
23.13
20.94
19.96
24.13
27.99
20.59
29.12
29.63
26.15
22.63
10.99
20.79
23.92
23.83
21.92
27.21
27.47
24.02
24.91
25.08
27.72
31.94
33.9
30.16
25.06
26.52
24.47
20.83
27.99
28.1
26.12
22.24
7.87
13.49
20.34
25.16
28.52
29.31
28.14
25.94
23.66
18.93
18.29
21.06
12.99
18.46
28.72
29.96
24.09
14.17
17.81
11.42
21.62
24.54
19.56
20.77
23
22.29
25.25
26.76
28.35
26.52
21.89
20.1
22.02
19.71
2.79
15.63
16.3
19.84
20.05
7.74
12.4
21.49
21.88
29.43
28.92
28.65
30.65
26.04
18.19
18.97
27.27
27.57
22.62
26.32
29.58
30.31
25.41
23.29
29.2
30.18
27.38
28.99
27.73
22.57
20.15
20.96
21.26
14.67
24.02
29.21
29.6
29.2
31.59
31.43
29.73
29.14
30.61
28.56
24.18
24.32
24.77
19.44
19.74
23.54
19.39
20.25
16.21
10.29
25.85
30.7
31.86
32
29.51
26.74
22.44
10.09
21.6
22.06
5.61
17.25
15.19
22.65
24.88
21.89
25.45
26.35
13.45
18.88
17
18.05
25.12
27.35
24.32
18.26
18.94
20.76
20.26
18.7
18.11
19.35
14.24
15.11
13.36
0.46
-13.2
18.52
26.09
26.36
18.79
17.22
21.18
22.31
20
25.02
25.47
22.15
20.57
20.08
20.24
17.51
19.16
21.71
21.04
21.53
24.05
26.98
26.92
27.05
27.38
24.18
24.01
23.63
18.12
18.47
22.8
24.87
26.99
28.09
26.06
23.99
17.48
13.02
20.03
25.96
25.85
23.68
14.49
10.53
18.85
19.15
16.53
7.99
17.12
20.14
25
27.07
25.13
20.36
20.68
26.55
25.24
24.82
22.79
12.94
14.24
6.51
14.45
13.23
17.06
11.35
3.78
12.51
9.65
15.84
16.79
19.25
23.89
21.42
21.46
18.61
11.2
19.9
21.27
23.19
17.21
6.16
8.63
17.18
22.32
24.94
25.04
22.37
17.24
18.69
19.32
19.52
23.7
23.43
18.78
21.83
17.94
11.2
16.44
19.98
24.46
22.15
20.49
20.86
21.32
20.13
19.05
16.84
7.01
18.61
18.58
19.05
19
18.21
20.84
22.61
21.54
17.92
16.05
16.14
16.27
15.85
16.14
27.09
23.69
22.72
18.59
20.75
27.57
29.24
28.06
27.17
28.83
30.48
32.43
30.5
21.29
23.65
28.06
30.66
30.76
25.17
15.64
20.51
18.6
19.99
17.01
23.59
23.27
11.63
19.78
22.46
21.51
29.78
31.2
24.96
26.01
28.12
26.84
28.72
31.06
30.83
29.61
28.52
28.71
30.54
26.89
21.8
25.17
24.65
23.25
23.52
20.57
18.96
29.37
31.82
28.73
24.91
27.21
30.03
31.24
26.08
26.07
28.04
27.56
29.18
30.66
27.4
23.06
15.92
22.26
27.61
24.8
18.58
16.15
16.12
19.46
22.16
15.1
21.19
27.46
36.13
39.69
35.61
27.84
26.2
21.11
17.61
14.76
10.85
19.39
26.78
20.2
21.01
23.2
22.44
24
-3.83
25.36
25.53
25.26
26.91
23.15
21.49
22.85
25.38
26.39
22.28
22.34
21.91
20.85
22.95
24.84
19.15
18.84
25.26
27.73
23.52
22.66
26.69
17.34
16.45
20.06
19.3
13.81
10.26
13.59
14.85
17.1
9.05
19.97
18.43
-2.3
27.24
27.35
14.87
21.75
27.56
24.91
23.24
26.28
24.81
23.64
10.83
24.19
23.06
11.25
21.74
22.15
16.17
12.15
23.7
25.86
20.31
14.66
23.37
11.57
19.43
22.11
26.48
27.06
25.61
26.04
24.15
14.61
25.09
22.72
18.63
21.71
16.76
22.97
18.29
14.74
3.61
21.05
24.39
26.69
24.75
20.32
24.92
25.38
21.47
25.52
28
26.86
25.72
26.74
22.66
14.86
25.19
29.3
26.23
21.48
25.54
25.05
17.57
27.94
29
21.57
19.1
19.09
22.58
18.8
20.6
7.41
14.93
18.93
17.53
8.79
16.5
23.1
22.74
22.52
27.08
28.03
26.94
26.18
19.63
16.42
19.75
14.94
19.42
26.49
26.68
23.06
20.06
17.67
22.14
25.63
24.53
20.27
19.72
16.68
13.51
14.13
24.7
25.19
22.09
24.75
25.83
23.44
11.3
20.63
23.82
24.69
22.83
24.38
25.55
15.05
14.85
16.14
13.63
15.64
16.68
15.93
11.83
21.08
20.48
21.51
23.64
23.54
26.75
28.43
20.49
20.43
19.94
15.25
21.88
25.07
20.19
17.56
19.78
15.15
15.55
18.47
23.91
24.61
19.58
15.39
11.03
15.05
23.43
24.57
23.65
19.47
14.81
16.01
19.68
19.8
21.95
22.22
17.78
20.07
23.49
23.85
20.06
17.11
20.3
21.57
17.68
16.67
17.65
23.17
27.07
23.94
14.53
22.69
25.84
26.77
24.69
19.84
17.11
10.82
14.59
17.8
19.7
17.27
13.19
12.56
18.43
21.08
14.85
14.33
15.4
18.78
15.06
10.77
19.8
23.31
20.46
20.85
23.1
19.51
20.2
18.2
8.92
7.46
15.33
17.12
-16.72
16.43
18.32
21.94
21.27
16.18
21.29
23.57
17.09
22.55
28.92
28.64
22.73
13.09
20.49
18.58
14.36
5.57
6.77
7.6
18.85
23.38
24.29
22.86
20.05
23.33
19.55
24.03
23.66
22.57
24.07
16.95
7.35
15.72
14.22
21.58
16.44
17.26
14.82
12.26
4.1
16.75
21.78
20.42
16.91
14.71
20.19
22.12
20.52
11.4
7.56
15.25
22.88
23.66
20.38
15.15
7.86
15.3
17.3
8.77
20.21
21.68
18.55
16.65
5.26
11.31
14.88
18.84
23.72
21.53
20.39
20.36
20.75
17.15
14.34
24.74
29.28
28.56
25.03
15.33
18.48
12.53
11.48
21.95
24.75
20.02
17.2
17.96
19.41
23.44
21.75
23.07
24.21
18.93
21.33
24.43
17.91
14.35
14.44
9.3
12.83
14.56
20.6
21.12
20.09
19.38
17.09
29.35
30.38
26.22
21.76
16.21
5.2
16.04
17.49
15.73
16.98
23.88
25.13
23.14
16.93
13.73
17.49
14.13
22.76
23.6
18.4
8.96
19.05
21.39
25.72
25.23
21.19
17.73
19.42
19.68
20.81
8.22
9.37
19.19
18.25
16.03
16.44
10.55
19.37
22.29
25.1
26.17
27.94
28.28
24.45
26.81
26.95
22.5
15.65
19.24
19.89
21.03
22.04
23.44
22.55
18.41
22.12
25.78
20.58
23.88
23.8
19.53
13.65
18.31
15.15
12.26
15.79
17.62
20.83
22.85
21.93
23.08
26.75
27.52
29.44
30.92
29.38
23.33
19.63
13.08
17.44
26.3
28.52
28.64
27.29
22.2
7.9
17.71
21.51
22.1
9.06
17.68
23.7
18.5
17.43
21.8
20.47
21.79
25.46
20.61
22.58
28.53
29.78
33.43
36.06
27.82
21.26
15
6.68
9.59
17.63
23.21
26.06
26.61
22.95
19.28
19.56
21.77
23.27
22.84
21.67
15.59
14.73
19.52
19.21
16.6
10.13
23.98
29.49
27.74
24.97
26.22
26.88
27.11
29.18
28.59
20.67
12.82
15.82
16.48
19.25
19.49
18.96
24.46
26.62
26.18
27.5
27.58
23.6
21.16
22.72
24.52
21.68
15.18
23.62
27.4
28.27
27.04
24.89
21.51
24.29
27.62
26.84
23.65
13.38
11.7
23.79
27.69
25.58
25.39
25.19
22.87
24.08
25.44
26.86
28.06
26.29
23.9
22.73
23.66
26.35
25.65
20.75
22.98
27.58
26.46
23.09
26.9
28.1
26.18
22.62
23.46
24.14
23.37
18.7
18.63
20.94
10.9
13.28
23.12
26.1
24.83
22.94
24.91
26.58
25.94
24.64
21.28
25.91
26.77
8.65
18.63
16.82
19.74
21.08
18.11
24.93
24.73
24.62
26.22
24.05
13.03
5.19
17.13
15.78
18.84
21.99
25.81
26.39
24.09
21.79
21.01
25.5
27.44
27.32
25.05
3.57
21.77
20.76
17.48
20.06
15.27
9.39
15.67
19.67
22.22
22.84
23.91
24.35
26.76
26.2
19.34
18.52
13.96
12.31
20.84
23.12
17.88
10.63
18.53
19.34
19.76
18.94
13.85
10.36
20.81
24.53
23.01
13.49
23.09
26.57
24
20.21
18.21
18.14
18.87
9.96
9.88
-3.13
17.74
21.28
17.13
20.06
22.67
19.18
2.77
19.07
20.21
19.48
22.7
23.31
15.97
18.66
20.95
19.22
12.39
5.7
3.56
10.58
19.08
23.61
24.46
24.93
25.54
25.63
26.82
26.91
24.15
20.93
19.26
15.91
11.93
6.27
5.64
10.46
14.86
16
18.72
23.4
23.56
17.68
15.77
16.49
21.69
21.61
10.71
19.15
23.13
20.34
9.42
25.16
28.47
27.97
25.08
17.82
16.6
19.74
20.55
18.91
17.07
19.18
22.09
19.88
22.39
24.5
22.87
22.94
22.95
15.26
1.57
3.35
16.26
16.18
16.2
22.74
20.46
8.24
10.33
9.83
12.02
16.63
15.97
11
10.65
15.65
18.15
14.96
8.14
9.32
17.27
19.03
16.43
3.21
14.26
5.65
-0.19
5.78
6.82
13.08
15.88
11.4
4.9
10.03
13.01
14.55
16.5
13.67
9.97
15.94
14.62
10.3
15.63
17.36
9.98
10.56
14.88
5.02
8.31
11.75
14.68
13.79
17.35
13.95
7.04
16.34
12.26
3.55
15.98
19.82
15.24
-3.23
10.89
15.38
19.65
20.12
15.38
15.64
8.95
14.93
10.24
15.89
19.27
17.05
6.64
4.56
15.2
18.03
7.88
16.1
17.94
13.96
15.14
17.7
13.55
11.6
16.57
18.38
16.09
8.9
8.69
2.26
11.47
17.07
12.64
15.31
15.39
15.12
16.22
16.6
14.18
13.29
17.26
14.01
13.17
18.72
15.1
13.3
16.15
18.01
17.21
11.55
15.11
15.79
16.3
12.29
11.16
10.05
9.74
13.66
11.48
16.17
15.9
4.06
15.05
17.83
17.91
13.93
10.19
12.2
14.53
17.68
16.47
9.65
7.46
16.33
15.86
6.38
8.81
6.38
13.29
18.75
15.44
8.26
8.04
15.28
17.92
21.11
19.69
14.57
18.82
18.33
13.62
12.94
13.33
12.54
10.73
14.97
14.29
8.45
16.37
16.93
12.23
14.13
13.67
12.33
7.47
-0.91
6.21
9.93
8.92
9.54
12.11
13.9
0.09
15.58
19.34
17.5
3.24
13.81
14.1
10.08
5.27
9.81
14.67
16.97
16.16
15.5
12.9
10.33
4.19
8.46
13.9
20.43
15.16
-8.6
12.66
13.57
12.57
10.89
5.54
12.1
13.34
11.49
20.18
17.69
16.21
19.18
16.83
12.95
20.54
17.48
8.61
5.11
10.07
15.95
8.65
10.36
9.3
2.47
12.34
11.93
8.65
9.69
1.11
14.46
15.9
18.16
21.94
22.57
19.11
11.38
7.59
6.09
-0.2
9.31
16.68
18.45
17.41
18.27
16.88
-0.87
9.84
7.9
15.55
5.36
16.5
16.49
13.97
12.4
10.93
8.29
16.67
19.77
17.08
16.8
21.72
20.76
15.73
7.82
14.17
18.09
18.92
11.85
10.97
18.78
18.65
20.76
23.65
22.59
20.23
15.9
14.88
17.34
14.1
14.68
6.79
6.04
17.01
22.23
23.55
20.33
15.33
17.92
19.27
10.6
21.49
21.7
16.44
19.47
17.73
12.5
11.63
18.1
18.86
18.21
11.97
21.42
22.09
18.01
15.1
17.16
18.53
14.37
11.2
7.13
9.13
13.81
13.18
14.17
19.8
22.65
23.13
20.16
16.2
15.77
8.07
12.65
13.45
16.1
10.84
15.17
21.45
24.78
24.12
18.49
17.53
18.32
7.61
18.17
13.21
8.27
3.55
15.46
20.41
19.52
24.49
24.34
16.64
9.68
14.99
10.87
-2.06
10.82
12.93
13.93
19.03
21.34
20.05
17.95
9.25
4.53
9.43
13.76
8.76
10.78
14.96
18.94
19.04
13.92
9.37
13.12
11.61
12.92
10.9
2.74
4.1
0.71
7.93
5.48
9.14
4.79
11.28
12.22
12.16
15.54
11.19
7.75
14.98
16.19
16.93
14.89
10.9
14.59
13.9
1.26
11.36
13.92
15.15
17.65
16.88
8.79
8.04
12.29
16.49
5.91
10.74
8.87
7.39
9.26
6.64
10.5
12.05
8.73
13.25
11.85
12.8
11.84
8.77
24.07
6.72
10.81
11.85
12.31
6.62
16.09
18.85
14.13
7.64
16.79
20.19
22.1
20.08
15.33
17.02
21.17
22.8
16.78
14.52
13.66
10.97
15.19
6.52
15.25
14.61
13.17
8.75
12.79
14.65
10.66
11.58
21.73
20.78
11.6
12.27
19.28
18.58
14.33
11.35
3.23
10.09
12.33
13.58
12.35
18.88
22.73
16.96
9.2
18.25
20.72
22.25
21.58
16.89
14.78
11.43
13.53
21.81
19
13.17
19.79
20.73
24.26
23.37
15.05
15.14
22.01
21.21
13.62
15.95
18.31
-5.1
15.06
19.46
17.65
15.82
16.78
19.36
17.44
15.43
15.76
7.96
6.31
-0.12
20.41
24.25
19
11.51
16.04
16.62
15.86
13.13
8.64
11.43
17.14
19.89
18.31
5.36
17.19
16.61
17.17
17.05
9.92
14.91
18.46
9.73
14.85
17.8
17.42
18.75
17.05
18.06
20.87
19.38
11.89
14.87
18.13
19.37
16.6
16.58
19.59
21.3
16.79
17.07
20.73
23.73
22.1
9.38
13.74
18.59
22.08
20.26
17.98
20.09
20.28
18.53
17.67
19.15
20.56
21.22
19.12
3.46
21.34
22.49
22.3
21.71
22.26
18.41
5.92
15.38
9.32
9.69
13.39
14.44
9.2
10.78
18.36
13.7
15.67
22.2
21.29
20.35
22.62
21.67
21.2
20.68
18.36
17.26
14.35
6.66
14.41
5.01
19.13
24.5
25.39
21.91
13.5
13.07
19.12
18.26
14.19
12.42
12.77
13.95
11.67
14.61
18.88
20.1
18.5
15.33
12.15
9.6
13.26
19.18
18.68
11.79
7.78
20.37
20.25
17.36
18.11
11.22
18.64
21.05
21.35
20.88
15.01
1.6
13.93
18.69
15.8
7.88
9.74
14.15
12.58
13.89
13.23
22.6
22.62
18.96
16.89
16.27
18.25
19.67
19.29
20.52
19.02
9.38
15.72
20.46
17.97
10.72
16.65
17.64
17.19
6.96
16.48
17.19
14.4
1.31
11.37
12.8
22.01
21.75
16.76
17.01
14.17
4.75
6.59
5.48
8.36
16.96
17.14
15.09
16.25
16.3
19.46
16.71
21.67
22.83
19.27
16.98
15.56
10.91
16.75
20.77
18.84
18.31
21.63
19.34
17.78
17.55
11.57
16.67
22.73
21.7
10.42
10.71
14.48
12.26
13.75
16.4
6.98
7.96
10.86
16.3
13.47
13.7
17.41
17.21
13.99
16.41
19.28
14.98
2.39
4.17
17.52
20.85
20.36
14.3
11.7
17.05
8.44
10.11
15.54
16.29
14.13
7.21
17.59
21.05
20.46
19.35
10.84
15.6
12.96
16.97
13.51
13.58
20.28
20.34
16.43
4.49
20.35
18.11
-9.29
15.94
23.28
25.17
22.03
17.46
19.78
12.62
14.37
-2.95
15.11
18.87
16.7
6.18
10.64
12.09
4.69
15.48
14.38
7.5
19.16
20.65
14.75
6.63
9.39
11.47
9.3
11.23
11.55
2.54
13.22
14.8
16.8
18.23
19.34
20.76
15.35
8.65
19.9
20.1
17.86
14.85
20.24
19.14
15.1
10.05
17.91
19.77
16.75
18.87
20.95
19.96
20.46
19.16
15.38
17.27
6.41
20.65
20.7
3.57
19.28
21.08
21.67
20.2
16.95
19.13
18.41
17.05
13.7
12.26
20.7
23.57
21.44
17.16
15.17
12.75
21.95
21.98
16.9
15.17
18.51
18.07
15.09
12.64
9.09
13.24
21.31
21.78
16.58
17.28
20.53
19.06
13.05
6.13
11.03
-8.99
13.88
18.31
20.66
21.23
19.16
17.88
15.65
15.92
15.13
10.93
1.67
-0.54
8.65
14.39
14.02
0.49
14.89
16.44
8.7
-7.25
0.17
13.84
11.67
10.49
14.4
18.24
18.04
16
15.51
17.54
19.12
19.76
15.41
6.33
3.12
12.65
16.46
17.53
18.62
14.57
8.57
18.86
21.43
20.98
18.86
16.08
16.79
17.88
17.16
8.62
2.8
11.65
20.59
18.28
14.86
14.81
11.55
10.49
14.84
17.92
20.06
20.91
18.64
14.92
14.07
12.58
6.9
6.61
7.49
7.09
16.17
18.39
12.31
15.12
19.68
20.44
19.72
18.89
18.28
14.25
9.84
6.05
19.89
23.36
22.2
22.08
22.69
16.34
10.48
13.18
13.11
8.89
10.27
18.03
20.07
19.53
20.03
18.58
18.56
18.62
11.42
9.9
2.16
15.26
20.32
19.83
18.18
18.71
17.61
10.91
7.11
7.81
14.49
9.77
17.45
21.13
22.46
21.97
21.89
18.18
18.58
20.1
18.67
13.31
12.39
17.53
21.17
20.5
17.69
19.04
22.42
25.14
23.94
19.89
13.35
7.64
9.68
14.5
17.88
17.66
19.66
20.07
15.57
3.45
10.41
14.18
19.59
20.54
19.85
15.52
13.59
9.55
4.62
-0.74
7.06
12.75
17.21
15.17
4.47
9.84
8.79
12.58
16.73
16.21
17.09
21.01
19.39
5.02
18.94
22.3
18.97
15.81
15.9
11.66
-0.16
9.41
10.17
15.07
17.74
12.82
17.77
17.29
13.52
-8.37
12.65
18.66
18.08
10.35
16.54
15.94
16.88
20.39
17.3
6.37
14.39
16.69
14.26
6.04
8.31
-0.8
16.42
18.97
18.27
16.52
11.18
-0.25
9.95
16.29
15.92
17.54
21.5
22.53
24.73
18.24
17.29
16.23
1.75
17.94
19.74
16.31
9.29
12.86
7.4
10.96
17.34
14.61
20.23
23.34
18.1
13.55
18.7
20.43
18.67
13.89
11.88
16.03
21.55
22.91
22.69
19.97
10.85
12.08
16.21
16.87
18.95
20.64
16.24
13.13
15.66
13.15
9.72
14.74
17.54
18.25
16.42
11.68
8.14
3.25
16.04
19.58
16.48
14.1
16.19
11.86
2.82
16.61
18.81
15.8
3.14
15.15
18.44
16.35
14.53
18.38
14.85
18.24
18.64
9.06
16.3
17.08
13.41
16.24
15.98
21.02
22.43
18.43
11.37
6.3
14.74
20.15
20.29
21.14
22.21
19.22
17.36
15.16
-5.85
14.68
18.23
16.35
5.59
17.36
12.93
15
17.8
7.24
11.99
14.46
9.99
2.04
9.69
10.17
8.95
13.53
16.15
18.83
17.99
15.01
10.4
9.89
15.54
11.2
9.87
11.99
13.06
14.21
13.03
14.13
15.3
8.45
16.2
18.04
17.13
15.4
9.78
2
13.67
19.49
19.6
17.87
17.83
21.02
19.58
6.34
16.68
21.06
19.54
17.36
21.38
21.56
20.78
20.85
17.12
1.66
10.65
18.14
18.41
14.75
15.9
14.46
4.64
12.76
17.18
16.54
4.62
-0.29
2.04
7.14
2.91
5.42
6.82
14.79
18.21
18.02
11.87
-3.54
6.04
14.54
13.81
4.06
9.63
11.75
4.29
7.2
6.02
16.32
19.26
17.15
14.71
15.22
15.18
6.28
12.47
14.96
18.23
17.55
10.6
15.81
11.35
5.91
8.87
15.75
16.15
14.45
14.37
16.94
14.85
11.13
9.6
15.68
17
13.15
12.21
13.79
10.89
8.44
14.03
14.19
14.68
15.38
7.78
12.13
18.35
19.46
6.88
11.98
6.37
16.4
16.01
-1.18
-2.51
16.05
16.29
14.89
12.87
17.13
15.38
6.61
17.62
17.53
14.55
12.12
11.86
9.81
5.4
8.68
11.08
7.39
3.28
5.4
10.51
6.95
2.24
12.87
14.96
7.32
9.76
7.96
5.3
9.86
-3.02
10.4
10.97
11.23
14.1
10.34
11.54
18.37
17.07
12.9
13.7
10.01
-2.32
-8.95
11.37
17.71
14.58
10.58
13.88
13.65
16.11
12.52
9.37
12.33
16.89
10.83
6.9
5.54
14.26
13.35
15.66
17.46
16.01
6.86
3.7
7.51
-5.53
9.53
7.29
-1.64
-8.98
7.12
-12.21
15.8
18.53
12.69
-4.39
4.1
13.25
12.74
6.45
14.2
14.68
10.48
12.66
9.75
6.45
10.75
15.68
16.81
17.3
15.57
11.82
5.99
12.65
15.31
9.85
10.82
8.39
-5.22
5.29
13.06
10.57
4.54
10.96
10.65
7.7
4.17
10.91
16.08
13.9
4.26
9.61
5.6
13.38
6.53
9.82
13.02
9.98
3.48
15.96
16.63
18.17
17.84
18.2
18.52
10.71
13.82
8.36
14.62
9.7
7.2
5.83
5.16
5.11
6.45
10.45
10.74
15.53
18.35
15.19
17.68
14.7
13.28
3.95
12.89
11.98
14.58
19.11
18.62
14.15
12.93
14.52
14.63
14.23
11.72
12.04
12.06
7.28
13.71
-1.98
14.29
16.72
15.19
8.51
9.76
14.15
8.84
10.5
16.93
15.07
-1.86
10.44
13.52
17.05
18.03
16.93
15.13
15.22
14.1
7.89
13.99
3.18
5.74
10.73
6.01
7.98
16.59
16.45
14.01
10.84
6.54
-13.01
3.14
7.95
9.56
-1.77
-1.19
12.1
9.47
5.63
14.59
19.84
17.72
13.27
13.08
11.22
10.55
9.61
9.37
12.29
13.87
18.85
18.58
13.26
9.67
-1.29
13.73
16.8
11.74
3.34
-9.64
1.59
9.23
14.7
14.27
5.4
9.21
6.85
9.68
13.24
11.24
3.06
5.82
12.04
14.42
15.99
14.98
15.72
18.96
18.15
13.4
12.83
18.28
19.64
15.47
5.28
2.96
12.64
14.03
8.93
8.78
6.75
15.34
16.38
17.23
15.18
10.1
11.71
14.55
9.53
9.96
10.47
10.97
11.88
8.81
6.09
11.58
9.03
4.19
7.52
-6.11
3.34
7.79
17.62
18.26
14.39
6.47
12.52
15.45
12.9
17.37
19.08
6.86
12.72
13.1
9.13
7.05
8.98
12.95
14.29
3.08
16.08
17.11
11.73
11.13
18.67
18.49
15.4
14.08
2.04
7.4
3.8
1.38
9.82
9.73
8.22
11.79
12.1
8.35
9.2
12.02
11.45
3.95
17.04
16.04
8.25
0.56
7.15
15.54
15.15
-0.76
-1.31
11.76
14.29
6.57
8
4.75
8.58
13.32
7.14
12.91
16.02
8.85
-3.91
1
1.95
12.55
18.21
17.64
11.88
14.48
16.3
17.84
15.18
12.73
10.59
6.96
2.92
4.49
4.44
14.71
16.65
15.68
16.41
15.67
12.15
10.77
14.84
16.31
9.89
6.14
10.55
10.05
17.96
19.9
17.62
10.63
8.43
15.29
15.43
10.33
7.72
14.31
13.69
10.21
9.99
3.89
12.09
16.79
16.93
15.98
17.88
18.94
15.41
6.95
15.84
18.75
16.05
3.82
0.38
-7.66
10.35
12.95
11.03
15.27
16.85
13.88
4.58
7.16
0.38
9.66
17.49
19.66
17.72
16.09
12.74
11.69
-15.29
-13.54
16.47
18.27
15.34
17.96
17.44
15.59
10.93
3.85
14.21
15.52
9.98
10.94
15.99
17.29
17.82
18.01
14.45
7
4.73
8.91
9.68
14.75
14.76
-4.3
7.59
11.82
13.14
12.04
12.14
11.95
10.32
9.22
16.07
16.88
15.09
13.33
14.03
6.11
4.55
4.83
6.68
12.94
11.88
9.17
18.3
21.61
17.81
12.37
11.87
12.49
10.28
12.05
13.99
9.37
9.11
6.19
10.15
6.85
6.95
18.53
21.84
18.94
12.5
14.19
15.41
13.12
6.89
11.79
17.53
17.29
15.52
14.97
16.81
13.49
13.69
17.78
12.6
5.56
9
8.1
3.59
18.83
21.28
14.45
11.46
16.12
17.23
16.32
2.47
13.05
12.57
11.67
10.37
-2.97
4.34
6.37
0.48
6.67
13.28
7.68
10.36
6.35
-8.93
9.35
13.73
4.56
9.01
12.77
13.73
15.95
15.72
8.59
8.98
16.16
19.33
17.45
12.35
7.32
10.13
18.53
17.74
11.51
9.22
11.56
13.3
16.88
18.95
15.88
6.78
9.97
7.88
7.63
6.85
12.46
13.86
13.27
8.26
4.15
14.19
16.34
10.48
-5.54
3.97
-2.22
7.99
11.28
12.89
13.19
7.48
3.67
2.16
5.88
3.68
5.35
-0.82
12.37
8.11
0.97
3.34
7.14
13
15.38
11.3
8.73
15.81
17.84
18.21
12.17
18.65
19.46
17.44
16.13
11.75
6.17
10.43
11.15
13.36
4.17
10.04
10.17
6.79
13.41
12.75
8.28
9.39
6.11
8.99
13.76
14.48
16.84
14.14
15.28
9.98
10.87
15.04
14.13
14.36
6.79
10.72
9.68
-3.7
5.88
8.91
10.85
4.42
9.4
8.48
13.14
5.67
16.36
17.68
16.07
10.9
5.82
4.78
4.03
-6.43
11.03
15.28
13.38
8.3
4.99
8.71
11.55
5.46
6.38
14.15
15.56
14.76
15.16
15.74
14.95
11.44
7
8.95
9.3
15.13
17
18.05
18.12
15.34
9.5
1.47
10.31
15.03
7.48
12.34
18.51
20.09
18.81
16.59
12.53
10.87
15
14.82
16.43
19.99
20.89
16.65
10.44
13.49
13.45
7.75
8.07
14.03
19.15
20.74
19.33
18.06
18.83
15.87
12.31
2.76
13.85
16.88
14.77
12.97
13.71
8.3
12.95
15.56
11.04
9.22
16.95
18.59
14.9
13.39
11.74
5.64
14.21
16.69
16.44
12.88
0.46
9.72
15.64
15.02
14.56
15.05
10.03
3.26
8.53
12.61
16.85
17.26
15.66
14.94
13.98
10.73
1.77
-1.31
12.6
17.17
15.3
12.71
14.94
15.78
13.17
6.79
8.65
4.1
11.49
12.33
9.64
2.91
9.78
14.93
16.04
16.34
17.67
16.42
14.68
13.25
9.67
13.67
12.78
10.1
10.45
11.63
10.77
-5.55
2.56
8.66
8.64
-3.35
10.42
13.76
12.82
14.36
13.33
1.43
5.53
3.5
14.01
14.84
8.95
4.6
2.52
13.15
11.56
-10.55
13.12
16.84
17.36
14.75
7.09
11.74
17.08
18.05
15.22
5.17
4.33
7.53
11.85
10.08
13.48
15.48
12.84
14.43
12.47
10.27
11.13
9.83
15.27
14.31
10.71
11.65
12.01
12.54
13.77
16.58
13.21
15.62
14.42
3.3
9.23
11.92
-4.77
12.19
12.47
10.68
6.79
0.71
10.47
14.62
14.28
11.61
7.9
10.84
18
19.29
13.78
3.66
7.92
7.74
7.95
10.15
11.52
5.39
9.45
4.77
0.38
10.73
13.8
13.64
9.5
13.65
13.84
11.54
0.23
12.8
14.38
-24.02
11.68
11.52
5.75
9.43
4.45
13.5
16.85
15.37
9.91
-6
-2.54
2.72
7.66
14.02
14.83
12.92
-4.31
17.18
18.3
14.11
12.18
8.63
8.7
14.97
13.25
2.96
11.69
14.69
12.25
9.17
18.34
18.84
19.86
17.43
-4.61
10
7.87
9.88
3.03
7.9
15.03
16.32
10.34
13.34
18.39
16.87
13.53
11.32
3.5
3.55
3.81
5.24
7.57
18.52
20.16
17.17
3.39
12.27
14.35
5.94
6.12
10.67
10.95
9.05
15.13
10.51
2.74
7.96
15.23
17.03
11.57
10.48
10.39
6.81
9.74
6.19
8.95
12.22
11.25
7.79
11
14.73
16.06
15.57
6.78
16.5
17.46
12.27
11.12
12.29
-2.05
9.18
9.9
10.47
11.72
15.43
15.54
17.83
20.04
17.94
16.08
10.56
12.12
10.58
7.46
16.08
15.03
11.37
16.66
14.94
2.35
10.44
8.34
2.67
-2.54
11.64
9.1
-5.2
13.49
18.27
14.12
12.13
6.47
12.34
17.28
16.66
8.9
13.1
17.41
16.47
15.08
6.31
11.83
6.17
11.24
15.63
17
14.65
7.57
10.92
6.16
6.31
11.87
13.92
9.99
-0.71
13.41
17.89
16.16
7.11
16.25
15.86
10.76
15.68
12.03
6.46
12.55
10.37
13.04
17.96
16.71
10.06
-9.87
6.64
11.43
13.93
15.5
16.94
12.91
11.82
11.62
14.53
13.98
1.6
3.1
2.43
11.4
9.28
1.17
11.37
16.52
15.18
16.12
16.81
2.71
5.76
12.83
10.95
10.78
18.98
19.14
11.19
9.75
9.93
0.34
10.97
10.97
2.44
11.48
12.41
6.64
7.37
15.43
16.47
14.74
9.15
13.47
18.23
18.15
13.15
9.78
13.3
14.83
16.5
10.68
9.87
13.52
11.55
4.64
10.07
16.79
20.1
21.1
18.88
7.63
10.32
5.13
10.91
14.96
9.5
5.69
9.68
11.9
14.97
14.62
11.76
11.33
15.73
13.06
8.25
14.15
13.63
10.21
0.03
17.52
20.03
13.96
-0.2
9.6
11.57
-0.33
7.92
15.4
14.93
12.93
16.88
12
6.1
14.12
15.75
16.76
13.55
6.08
1.27
7
9.33
14.08
15.87
14.29
11.53
10.22
6.48
13.96
11.88
9.1
14.01
13.05
11.67
13.55
10.92
5.95
16.85
16.74
11.38
-6.5
12.07
15.53
8.72
1.81
10.65
5.79
2.11
15.06
16.18
10.4
6.27
4.84
-5.45
8.37
13.54
15.94
16.56
12.25
7.81
8.87
11.45
13.92
14.22
14.44
15.1
14.18
11.83
11.31
10.19
11.8
10.82
1.75
3.46
13.74
13.41
8.16
3.35
12.33
18.27
19.49
18.7
17.87
14.85
1.62
8.12
16.88
18.74
15.13
10.84
7.13
5.97
12.71
8.52
5.1
12.39
13.08
7.97
5.62
11.68
13.86
17.82
18.31
14.32
11.86
13.34
8.81
9.71
11.1
9.65
12.27
17.5
11.31
4.27
3.16
0
-2.19
7.66
8.12
9.43
13.12
8.58
15.39
16.46
9.66
-1.14
8.21
17.17
20.11
19.58
15.63
14.65
11.65
5.5
13.06
10.63
13.71
12.39
3.1
-1.96
14.09
17.15
15.51
7.6
11.17
16.67
16.08
12.59
11.94
16.91
17
15.24
13.87
10.64
8.15
11.31
2.83
5.45
-3.84
12.89
12.71
6
13.44
14.13
14.64
13.38
12.92
12.9
7.85
4.49
12.06
15.21
10.74
9.08
-2.48
6.25
16.02
17.4
9.68
6.68
2.84
4.05
7.93
10
14.44
14.26
14.8
17.42
14.42
2.12
12.78
13.08
-6.63
7.73
15.2
15.96
6.3
6.63
8.94
8.43
7.55
10.11
9.61
17.39
15.25
10.29
11.21
4.77
-1.06
2
14.09
17.69
16.79
14.38
14.11
10.34
7.48
14.79
15.39
14.86
13.19
-6.14
6.67
12.92
16.27
10.66
6.47
-13.31
8.17
6.89
8.06
10.84
9.43
6.19
-11.94
2.17
7.97
11.95
11.15
8.1
7.22
7.87
14.08
13.21
4.2
13.34
8.79
3.09
9.94
7.38
3.38
8.64
8.95
6.5
3.35
13.63
18.79
17.17
14.01
15.22
16.7
15.84
9.65
11.29
15.46
15.35
12.43
13.62
16.33
17.39
18.33
14.9
3.54
12.64
13.87
10.84
11.37
16.86
17.82
17.68
17.86
10.75
12.81
17.79
13.2
7.08
10.86
13.05
9.88
10.49
11.47
0
9.1
6.7
9.82
8.73
9.54
1.13
3.82
-1
8.48
11.09
12.76
14.05
10.5
16.11
16.35
12.79
13.71
13.77
10.66
1.1
10.4
12.49
4.94
7.17
2.03
8.69
11.44
11.03
12.38
12.44
10.3
7.08
12.35
15.56
13.12
7.54
9.86
12.35
13.51
14.15
16.52
18.13
15.8
6.38
13.36
18.32
17.5
13.09
10.02
6.95
6.01
12.56
14.26
3.79
11.96
13.48
13.79
11.69
11.35
10.83
14.47
12.47
11.53
13.07
12.75
11.2
16.45
12.97
11.12
16.65
18.88
19.54
17.79
12.29
4.12
-2.98
-0.33
8.79
10.04
10.96
5.76
9.41
13.4
12.62
13.8
4.9
12.69
16.88
14.2
6.27
15.45
14.83
8.39
12.39
11.82
16.05
15.47
11.23
12.44
16.17
14.92
4.89
7.91
16.05
18.32
14.6
7.32
6.15
12.17
12.13
7.29
-4.26
9.05
11.46
10.37
14.51
6.57
5.24
11.25
12.22
13.61
12.71
3.98
10.81
8.26
12.79
13.3
13.4
14.41
12.93
15.56
16.81
14.13
11.03
9.73
6.64
-5.57
12.35
11.73
1.34
12.38
5.64
4.77
11.86
13.33
9.13
10.62
14.56
14.5
15.73
17.01
