1.59
0.6
-1.2
-6.6
8.49
15.83
16.02
7.44
0.67
7.86
7.91
7.56
10.69
12.65
10.12
-2.25
10.07
8.56
9.01
3.55
7.38
5.82
10.88
11.32
-0.54
4.14
11.4
12.27
7.78
3.31
5.58
12.96
14.4
13.32
14.52
3.3
10.6
9.3
6.48
-4.19
8.22
6.02
-6.26
6.39
6.53
3.43
6.11
10.42
11.41
13.53
9.94
10.55
11.58
11.91
13.36
14.48
12.98
0.25
0.21
-2.94
3.54
11.43
12.24
8.03
9.91
12.5
13.87
11.59
5.14
14.69
17.48
15.65
10.1
11.78
6.5
6.28
10.38
8.66
-3.37
-7.48
3.24
6.77
15.5
17.23
14.19
9.38
3.71
11.76
12.27
13.49
4.68
2.35
12.43
14.84
10.67
12.35
13.35
13.93
11.23
9.39
13.67
15.65
11.37
3.25
2.48
11.66
11.44
-6.43
7.32
5.14
1.87
-2.37
7.53
12.72
10.16
4.01
9.43
5.6
0.17
8.95
11.3
17.09
14.56
2.44
7.78
4.58
-0.47
7.66
10.34
6.91
14.76
14.9
9.95
-0.44
8.22
7.11
5.18
-1.68
7.84
11.61
9.29
12.23
11.77
12.81
0.29
9.96
8.23
12.96
16.22
15.76
13.72
12.66
6.01
-13.54
8.81
11.74
2.02
11.43
7.98
8.3
13.59
12.46
4.25
5.69
12.08
13.88
12.28
-4.09
13.03
17.72
17.87
15.2
14.06
12.38
7.29
17.46
16.44
7.79
12.43
14.3
13.44
9.17
4.54
7.71
2.81
3.23
10.17
11.23
4.9
0.41
2.07
6.39
13.55
5.19
1.59
6.73
8.94
8.82
16.28
23.06
21.36
20.18
16.73
7.5
2.15
-5.43
5.53
12.98
13.32
4.03
-4.83
-2.33
11.4
16.91
17.46
12.19
5.25
7.27
-2.8
7.76
10.87
14.03
15.91
12.9
8.11
9.28
9.08
14.94
13.55
11.65
14.38
16.44
13.48
-0.69
10.16
11.86
3.83
-10.19
-0.39
6.23
10.32
7.74
-2.68
2.94
4.78
11.6
9.49
3.74
4.35
12.69
12.03
9.89
11.02
9.3
3.59
8.98
4
12.14
12.61
12.07
8.79
2.71
-1.76
7.8
5.52
9.77
8.68
1.82
5.62
13.16
14.97
11.52
9.05
-0.64
4.46
6.77
12.52
1.48
12.59
16.1
11.35
6.89
0.95
7
11.74
10.01
8.84
9.62
4.56
-4.52
7.17
10.9
11.3
-0.83
10.3
11.98
4.86
-3.69
8.35
12.47
10.68
6.24
9.58
11.32
11.66
13.48
13.39
13.97
5.22
6.6
2.53
13.49
12.02
11.61
13.1
3.71
10.02
15.72
13.33
6.22
7.4
7.04
0.77
3.74
-4.78
9.74
11.97
13.83
6.9
17.54
20.29
18.6
12.52
13.81
16.5
15.95
15.99
13.67
12.75
11.86
-1.1
2.96
6.13
8.2
10.69
9.51
8.25
13.1
14.27
13.16
14.18
14.41
6.93
9.2
9.18
7.44
5.4
0.98
-0.26
7.81
7.11
3.42
7.28
3.52
7.8
-5.26
13.71
14.66
15.3
14.97
11.02
7.94
6.59
9.83
9.35
4.78
-8.86
12.59
13.28
8.38
1.33
5.1
11.79
12.33
11.05
8.2
11.95
12.51
7.97
7.14
8.94
8.13
1.04
2.39
14.26
15.13
11.61
7.73
-0.66
-8.63
7.1
2.08
10.81
9.33
-2.7
6.7
7.12
0.12
1.67
8.8
8.5
11.97
12.85
10.22
0.56
10.12
15.27
13.84
9.62
9.01
12.09
14.16
9.12
8.91
13.34
12.4
9.86
10.5
9
-6.29
2.2
6.11
12.03
6.12
9.22
12.24
6.53
2.49
9.52
2.65
8.96
13.82
15.46
14.79
15.26
13.27
10.3
9.6
-7.52
8.84
6.65
9.22
5.21
4.05
5.81
13.81
13.65
12.01
12.64
13.35
10.1
7.26
5.45
0.28
7.2
6.06
1.01
2.44
6.21
6.7
13
5.51
5.89
-5.62
12.59
16.62
16.05
9.38
-6.57
7.26
11.87
9.1
6.54
7.09
6.78
4.09
13.65
15.28
11.58
4.54
14.26
16.85
16.59
3.75
8.75
12.61
14.33
11.05
3.22
2.65
7.7
-1.7
3.67
8.33
4.18
-4.17
4.79
1.68
8.16
11.82
15.21
11.64
13.09
15.81
13.28
4.97
7.31
10.39
4.6
-0.69
6.3
2.76
8.66
14.22
11.61
10.19
14.35
14.54
12.09
14.17
2.2
9.07
8.05
1.8
11.41
12.42
6.34
-2.07
8.99
9.29
4.56
-4.49
6.09
10.97
13.14
6.55
13.34
15.69
15.31
9.45
-1.8
9.48
10.36
-2.45
6.3
-1.1
5.61
8.5
10.22
7.82
3.21
3.7
8.82
9.4
13.42
15.52
12.63
10.55
11.34
11.76
10.07
12.55
5.47
6.93
10.94
13.14
15.15
15.38
13.34
7.87
7.66
9.46
12.82
15.45
14.95
12.13
13.01
12.01
11.43
10.46
10.26
14.29
18.39
15.77
11.22
14.52
16.11
-0.36
18.51
20.45
13.17
19.43
18.27
8.84
-6.29
9.29
13.38
8.57
10.93
11.3
6.64
1.65
6.98
13.33
15.61
14.65
15.97
16.63
11.72
9.8
11
7.39
10.27
15.6
14.95
13.12
10.34
0.26
2.98
11.27
10.06
9.2
6.78
1.51
7.44
12.94
11
5.71
10.93
11.88
7.65
1.67
7.99
3.61
5.88
11.95
10.95
8.84
9.97
8.86
4.18
10.77
14.65
12.25
6.02
-3.92
5.94
4.98
4.82
7.39
8.25
10.43
11.27
4.25
7.57
13.71
14.3
11.78
7.36
-5.26
8.5
12.14
9.15
8.73
9.11
4.93
6.15
12.45
12.63
-6.16
11.64
7.22
8.24
13.39
13.17
11.94
9.05
7.65
4.64
12.63
16.26
7.06
9.44
5
-12.28
8.12
6.71
9.35
8.69
-14.39
-2.1
6.21
14.29
15.94
15.2
13.39
6.65
8.38
16.42
16.26
13.57
9.01
6.93
10.52
12.83
8.64
10.55
14.13
11.37
8.77
11.4
7.69
-0.75
-0.86
13.15
16.13
13.54
14.15
15.09
7.52
12.88
7.11
3.58
10.99
9.09
4.46
8.18
5.05
10.25
11.66
-3.87
13.31
15.17
14.57
13.24
11.5
5.92
4.03
2.54
8.99
7.27
8.7
9.94
14.28
15.47
15.03
14.69
14
14.06
13.23
10.25
3.69
8.17
7.14
12.25
11.2
3.1
6.46
12.41
13.19
11.33
6.4
2.11
0.48
4.87
2.62
5.14
3.84
10.52
15.52
15.57
12
9.77
12.77
13.61
10.61
8.61
7.23
11.3
9.82
4.75
5.63
-7.88
5.78
7.57
-2.12
2.69
8.6
12.45
6.32
12.5
15.55
20.79
16.99
11.34
2.72
11.16
16.81
13.73
-1.92
14.01
23.11
24.61
19.73
9.03
14.25
17.45
15.33
7.35
14.34
16.81
16.3
15.94
15.72
18.34
22.46
26
24.49
13.32
17.8
18.01
5.53
9.18
5.78
12.79
2.86
17.78
20.07
25.06
26.33
23.69
18.76
-3.01
17.4
17.16
4.01
16.92
23.08
24.37
24.99
25.98
25.31
21.24
15.44
2.21
17.61
15.24
13.16
20.32
22.17
21.06
17.37
21.72
25.98
21.29
15.38
8.1
20.1
24.51
18.26
0.69
7.04
6.69
16.69
11.34
15.38
20.8
20
18.55
21.18
16.68
9.89
14.34
10.85
11.7
9.66
14.65
22.77
22.38
16.16
19.29
21.71
22.15
16.51
9.82
14.12
20.32
16.61
21.2
20.7
15.12
15.33
15.91
14.44
18.31
9.55
17.6
21.33
18.68
15.94
10.52
18.92
17.94
20.68
20.42
16.82
23.42
20.67
16.68
17.93
24.35
22.29
26.32
27.28
21.67
20.63
25.06
21.8
10.47
11.16
15.71
25.68
26.38
13.55
9.82
28.86
32.38
29.12
21.74
16.36
11.2
16.49
16.56
20.4
24.11
21.2
13.49
20.36
26.2
28.53
26.42
18.25
18.79
23.05
23.19
21.13
20.22
15.98
14.84
13.2
22.38
25.93
22.66
21.83
26.29
27.83
26.58
23.19
18.66
16.55
15.62
15.03
24.39
26.05
23.9
23.93
28.62
30.57
26.23
20.89
24.24
23.16
5.65
20.4
25.54
27.83
25.34
20.4
23.9
24.77
13.41
16.88
9.85
19.37
16.61
13.7
15.94
16.59
14.86
15.78
23.33
26.85
27.19
24.04
3.59
17.18
13.42
10.46
15.14
15.65
11.14
5.31
18.19
24.09
24.07
20.58
18.94
25.51
26.13
17.04
13.11
18.65
20.95
20.79
16.65
-4.8
17.03
16.18
-10.28
8.75
18.26
26.26
29.07
25.51
12.21
13.24
9.03
11.82
23.36
27.38
26.08
20.66
16.65
9.96
12.61
12.96
16.07
-8.12
15.41
21.03
24.95
27.12
26.18
19.38
14.36
17.18
19.49
18.65
14.25
20.04
23.17
19.99
15.8
20.33
22.88
22.4
15.96
17.6
20.11
17.48
19.16
19.08
18.48
20.21
24.6
27.73
28.05
26.04
21.01
12.53
12.55
5.84
15.08
23.16
22.43
13.91
26.79
28.1
24.12
21.98
13.66
21.49
25.17
19.77
15.26
21.29
25.1
26.53
23.4
20.73
23.6
17.59
16.92
19.22
17.97
24.32
20.89
9.36
3.65
12.16
21.67
20.51
14.31
20.2
15.77
21.31
21.96
13.04
9.79
17.98
19.88
16.97
15.39
22
17.7
3.33
11.87
15.52
18.09
22.24
21.27
12.4
11.98
13.57
15.71
8.6
0.93
9.28
18.1
15.18
2.69
12.43
17.05
9.64
1.16
6
11.72
12.94
3.41
10.1
13.13
9.87
7.82
10.03
10.39
18.09
20.1
14.63
0.69
13.46
11.38
10.82
7.29
12.5
11.33
17.58
18.38
13.68
3.75
8.39
12.59
6.75
1.56
10.91
14.12
11.64
2.53
8.23
0.9
12.84
13.47
10.36
16.99
18.39
14.84
9.47
9.42
8.46
1.8
7.33
13.79
15.63
15.2
12.64
4.17
10.87
16.18
16.02
15.16
14.16
9.09
14.52
15.3
15.68
7.27
12.03
21.07
22.64
19.82
17.06
14.9
16.81
22.34
25.21
23.57
21.18
20.99
22.24
23.34
25.5
22.87
20.04
20.96
22.97
21.3
13.41
21.88
18.89
16.65
23.85
27.2
27.06
25.44
26.25
22.91
16.91
23.21
19.09
7.33
15.23
22.72
23.53
19.1
21.64
17.73
7.67
15.2
17.34
6.3
15.44
20.78
21.2
19.98
20.63
22.18
22.85
21.16
16.83
19.28
19.05
15.61
16.9
19.72
22.73
23.27
20.26
20.94
20.7
15.76
11.54
8.58
5.99
11.98
13.31
16.69
21.18
15.99
6.49
7.08
14.16
16.38
10.48
15.1
18.5
14.1
-0.3
12.98
19.29
17.91
21.88
23.61
21.87
20.05
5.32
6.34
11.89
15.13
16.52
5.69
19.99
22.69
23.01
23.06
14.84
21.23
24.16
18.43
17
17.08
4.86
17.62
23.2
26.18
26.72
23.79
8.72
21.47
26.48
27.59
24.22
17.27
14.65
16.44
12.4
9.74
6.82
13.32
14.09
12.96
11.81
14.13
23.79
26.05
17.92
21.46
26.12
23.22
10.52
14.92
19.48
19.3
21.59
21.76
22.15
25.61
23.36
12.3
14.87
21.97
23.66
20.74
22.15
22.77
20.05
17.35
22.39
26.3
27.46
25.71
11.11
22
23.1
24.01
21.28
18.49
21.13
20.29
19.84
22.96
23.95
20.2
15.2
18.58
26.25
25.32
20.8
21.99
23.79
22.64
18.04
2.25
22.36
27.22
26.13
22.64
18.55
15.06
17.53
18.12
18.52
18.65
17.48
14.44
21.94
24.46
23.95
18.1
8.6
19.95
22.04
19.8
24.44
22.82
20.23
25.91
26.91
23.21
4.92
17.05
23.81
26.28
23.59
19.27
18
18.38
20.64
19.64
17.47
16.69
19.1
19.03
15.46
9.35
10.28
19.12
25.08
26.19
25.25
21.83
16.17
13.02
14.66
17.17
25.91
25.25
20.9
17.96
19.23
19.25
12.35
5.72
18.21
21.93
22.82
27.19
26.83
24.69
22.95
21.43
20.69
18.05
14.59
17.67
19.02
11.79
20.03
14.77
17.96
18.75
20.55
13.56
19.33
14.56
18.28
21.38
18.33
13.51
18.11
18.98
15.63
12.91
10.14
9.84
13.76
6.57
19.11
19.28
7.7
23.46
24.55
17.42
16.19
22.77
21.56
9.57
13.55
-2
13.53
14.65
14.22
15.16
12.16
14.8
23.11
23.26
17.11
18.7
20.36
17.04
11.2
14.92
18.76
19.47
21.17
20.01
15.41
10.84
2.32
5.27
7.98
16.35
19.77
11.07
21.74
22.47
19.71
19.65
18.31
17.59
20.85
18.42
6.35
19.24
21.76
27.05
28.22
26.03
23.51
22.37
20.18
16.38
15.9
14.04
9.43
13.56
21.56
23.35
16.06
14.3
8.7
17.81
20.33
22.17
22.43
20.57
13.57
13.94
18.77
18.55
18.3
14.83
9.94
13.12
11.93
17.17
18.1
18.22
17.04
15.27
17.02
16.1
15.21
13.57
11.62
15.36
14.28
16.43
19.99
23.01
21.5
15.62
5.92
17.51
19.54
20.22
17.57
14.82
0
17.54
16.33
19.96
18.53
3.2
8.66
11.95
12.06
11.61
11.72
8.6
4.21
19.91
25.01
23.99
17.49
10.72
12.25
11.24
13.76
8.09
7.54
16.46
18.49
24.12
25.9
26.51
24.76
19.16
15.5
18.4
23.71
25.7
20.26
8.9
5.88
4.73
15.99
19.34
18.67
15.49
22.85
26.32
25.72
21.59
19.26
19.94
23.53
23.34
20.47
15.35
25.93
26.58
23.88
20.3
14.79
26.07
27.42
25.26
21.51
16.7
15.66
24.15
25.35
20.03
11.03
18.9
23.21
24.99
23.43
17.88
10.74
23.44
25.33
23.95
16.03
17.96
21.44
10.94
7.12
15.42
8.18
22.17
19.16
25.14
28.87
28.73
25.45
22.15
17.68
3.86
13.04
13.89
22.27
23.87
26.72
26.93
20.86
7.63
20.94
24.86
25.76
22.33
22.06
23.56
22.47
25.09
24.61
21.72
18.55
17.07
26.94
24.22
11.62
23.23
21.79
13.07
20.9
21.77
17.71
12.5
16.88
18.14
21.48
17.48
20.47
25.03
27.02
23.19
11.96
22.01
23.28
23.77
25.58
21.41
13.56
12.16
14.75
17.27
14.7
11.45
13.21
12.31
18.09
15.03
15.41
17.66
13.26
13.68
20.98
24.01
22.66
14.25
15.02
16.76
19.78
32.64
33.46
27.51
21.2
13.48
18.08
23.34
24.33
24.64
27.99
28.31
23.51
14.56
8.77
20.94
25.88
22.01
8.32
14.31
29.03
34.75
33.66
27.42
15.03
26.11
25.45
20.93
16.05
13.55
10.45
9.27
8.41
16.25
5.47
12.59
11.46
16.81
18.45
16.54
18.04
21.1
19.24
20.57
18.91
23.91
36.4
44.39
43.82
34.31
15.29
13.6
20.03
20.88
19.93
20.23
14.23
16.14
12.58
10.48
19.26
22.44
24.37
25.05
25.29
20.86
24.8
16.7
11.05
11.87
19.41
19.93
20.16
34.76
44.04
45.56
38.25
23.3
24.39
21.75
19.97
20.92
20.38
18.27
17.19
12.01
16.95
23.4
26.96
27.97
21.6
20.67
23.73
20.52
12.91
3.67
16.37
15.6
25.98
24.6
12.77
17.05
19.38
12.75
10.26
20.5
23.05
21.54
23.59
24.37
18.34
13.62
14.04
21.5
23.85
23.04
23.23
21.27
17.48
16.52
14.22
15.39
15.68
19.48
30.74
41.65
44.2
37.99
21.33
20.71
21.3
19.06
23.71
29.65
28.19
15.6
14.95
20.76
23.69
31.65
36.97
34.06
22.46
15.86
21.99
10.84
10.72
7.92
17.89
22.29
23.55
23.5
24.62
25.32
22.56
26.19
36.75
41.55
36.97
19.77
10.92
7.58
12.91
6.27
16.04
17.29
2.2
17.33
15.63
20.7
21.67
19.43
21.63
24.3
22.13
19.73
15.85
19.38
22.26
20.72
25.64
28.7
26.22
22.34
24.55
25.93
23.96
22.3
20.97
12.52
8.94
19.1
21.88
22.85
24.84
26.13
23.49
17.4
9.71
9.01
18.87
21.33
6.01
24.59
22.78
16.32
22.13
31.19
43.13
44.86
37.67
24.98
21.68
11.5
18.93
12.7
14.6
24.13
23.3
11.56
19.9
20.3
17.47
28.26
28.54
25.48
24.01
23.31
18.62
16.89
18.76
10.83
15.76
21
22.14
14.65
15.44
13.66
19.51
21.89
13.34
12.11
24.18
33.26
32.34
22.56
20.87
18.57
15.28
21.8
24.63
26.89
29.82
30.22
22.63
15.92
20.95
14.91
7.92
20.5
23.25
21.35
12.14
13.68
15.65
13.21
8.4
9.7
20.77
23.34
21.56
15.11
14.55
22.28
23.18
21.72
10.69
22.95
20.09
28.94
40.82
42.43
34.54
21.1
19.9
19.17
22.23
22.74
22.36
21.83
31.17
35.56
33.97
23.87
21.02
28.73
31.03
26.01
35.75
38.88
35.32
29.84
28.26
22.64
21.65
26.19
30.89
31.44
21.16
23.26
30.18
33.51
28.81
17.72
26.36
30.35
27.64
23.42
22.62
22.05
28.57
33.92
30.94
13.26
14
21.79
20.16
19.98
20.81
25.57
27.45
24.3
10.08
-0.24
13.07
20.99
24.3
21.62
25.15
32.01
30.25
19.48
28.77
20.63
18.54
25.65
28.87
27.92
19.17
29.93
35.14
29.88
19.49
13.52
25.42
28.13
27.02
24.3
43.54
49
45.4
32.72
14.95
26.74
32.17
27.35
19.61
19.8
33.9
46.72
48.84
41.97
24.28
7.9
17.24
22.23
20.58
19.15
22.75
26.2
26.43
25.09
29.25
29.86
20.45
4.73
18.11
16.68
23.24
19.21
18.15
26.07
27.74
29.5
25.91
8.44
28.36
31.57
25.6
27.5
31.68
28.81
23.99
25.92
28.98
5.01
26.53
21.75
23.87
29.77
29.34
26.86
31.18
30.96
24.3
29.31
33.26
34.12
34.09
32.53
28.88
27.22
12.28
28.22
32.13
29.86
26.18
28.17
31.05
28.19
24.66
16.43
12.02
24.27
30.17
30.31
20.72
22.06
24.89
21.25
22.44
22.07
26.49
24.93
23.35
30.31
29.17
25.74
31.24
30.38
24.29
31.37
17.37
29.64
28.03
24.25
26.19
25.03
24.53
24.06
20.45
26.9
28.52
28.92
34.24
33.89
31.21
31.56
17.79
31.34
30.3
27.45
23.73
22.46
20.45
22.87
25.07
27.54
32.34
34.24
32.48
29.42
26.7
25.5
18.01
20.84
28.62
30.82
26.93
17.69
16.8
19.93
26.67
31.39
30.24
22.94
21.27
28.84
28.28
21.09
24.23
14.97
26.67
26.08
8.48
26.5
27.43
21.64
16.65
22.2
22.76
16.23
23.94
27.85
25.37
28.92
29.81
24.14
23.28
23.51
18.55
23.86
28.94
24.46
18.2
17.72
21.61
26.36
24.11
15.75
21.88
22.69
30.44
28.4
23.73
26.86
27.92
24.74
18.56
12.99
19.27
27.59
29.56
20.73
23.08
20.43
25.26
20.28
25.93
28.56
23.9
26.05
25.54
11.24
10.67
24.8
29.05
27.52
13.76
28.84
33.4
31.17
20.7
14.21
20.72
18.1
25.01
30.04
32.6
32.25
26.26
6.08
13.05
10.25
12.23
13.76
26.62
27.76
22.99
23.12
27.01
28.28
28.56
28.3
30.83
28.19
11.17
15.87
22.31
28.53
30.31
29.3
27.28
23.11
4.89
23.1
27.04
27.81
24.52
24.5
28.5
28.53
22.07
27.36
29.49
26.57
22.38
22.51
21.27
23.01
25.88
26.33
26.18
23.17
17.21
15.19
20.98
25.49
29.16
30.38
29.54
28.93
28.96
25.66
22.35
25.98
27.77
28.15
25.75
16.22
3.06
18.37
25
28.3
29.67
30.51
30.14
26.25
20.68
20.48
20.19
21.18
24.06
26.16
26.32
27.17
30.32
30.15
24.98
18.48
13.2
13.85
17.77
19.82
23.66
25.04
24.41
25.74
27.81
28.19
26.57
23.91
22.53
23.98
23.62
21.05
19.28
17.7
28.68
32.74
31.95
27.27
28.29
26.25
18.13
23.13
28.63
31.72
34.12
32.83
27.69
24.99
21.65
5.41
21.77
18.37
4.98
20.98
25.69
28.09
34.46
36.32
35.22
31.81
25.42
14.68
17.12
25.32
28.31
29
29.17
28.88
27.16
19.4
10.18
21.49
26.51
26.92
28.29
30.04
30.29
28.36
31.64
32.8
30.05
23.57
22.37
24.67
16.58
11.91
10.74
21.28
29.11
31.23
30.65
27.65
16.63
14.25
18.48
26.49
28.93
31.41
30.57
24.29
18.34
28.21
29.46
26.53
20.47
17.2
18.08
18.56
18.4
24.48
29.47
30.04
34.63
37.85
31.4
15.69
12.02
19.19
19.8
9.7
5.34
3.82
16.23
17.52
20.37
22.63
13.68
17.1
17.38
16.92
16.57
23.04
27.77
29.76
27.87
25.87
27.07
26.67
18.84
13.77
20.52
25.86
24.04
16.41
20.13
2.22
18.28
23.92
17.65
17.27
18.02
14.9
18.46
19.62
20.99
28.82
31.59
28.94
24.21
23.03
22.99
21.62
9.6
11.55
26.5
29.46
23.62
25.18
18.59
13.02
23.04
25.76
25.75
26.97
26.88
22.67
22.48
23.88
21.04
20.17
23.32
22.96
19.45
22.16
24.55
26.66
27.54
25.19
21.17
10.92
20.44
25.74
25.09
19.31
17.04
18.09
28.23
27.82
14.88
21.98
27.01
27.9
25.57
23.25
27.84
29.63
28.77
27
25.45
20.46
17.93
21.75
17.88
8.27
21.68
21.52
12.82
20.94
23.94
26.18
27.23
24.09
13.2
23.7
21.32
12.01
20.64
24.3
26.27
28.9
27.83
23.14
17.1
14.94
12.5
16.94
18.71
9.48
11.97
18.94
22.98
22.31
21.62
21.6
23.67
22.93
18.24
15.58
22.03
23.18
18.97
6.56
15.73
18.02
21.81
23.95
21.96
17.5
20.78
22.04
19.1
20.57
24.88
25.93
19.74
16.3
16.77
19.03
23.78
23.77
22.2
24.43
27.43
28.21
26.31
21.04
23.13
26.84
26.52
21.94
3.85
19.46
15.54
9.74
12.05
13.3
10.07
11.11
11.05
14.18
19.2
20.22
15.54
20.42
22.86
21.66
23.2
25.37
26.81
26.17
22.24
18.02
17.81
18.08
16.09
19.97
16.75
14.33
17.58
19.8
24.65
27.78
26.04
19.15
11.63
16.76
16.56
21.91
21.78
20.11
21.39
22.89
24.57
25.39
23.15
18.92
22.42
23.13
22.77
19.9
12.22
3.93
12.83
19.08
20.76
19.63
9.36
15.53
19.66
21.87
23.04
24.52
25.97
25.71
25.49
25.77
24.44
19.05
10.47
18.18
17.77
14.51
19.4
13.03
8.42
19.2
22.59
23.57
18.69
8.21
13.08
19.05
20.31
19.74
19.24
10.15
7.43
10.48
15.78
21.18
23.26
24.01
21.8
20.55
24.79
25.89
22.36
23.33
24.57
23.64
16.65
12.68
20.09
22.41
18.54
15.41
13.88
17.64
19.61
13.66
12.78
20.63
23.38
22.88
21.68
21.48
20.09
19.63
19.29
14.43
15.38
21.56
23.15
17.51
12.98
20.48
22.18
23.02
18.37
19.92
20.59
19.81
22.18
22.3
18.96
20
22.15
23.19
22.58
14.16
12.42
22.08
24.49
23.57
24.36
24.43
22.26
21.48
21.64
16.04
8.06
12.94
14.15
15.86
17.4
10.18
15.08
19.66
11.25
10.27
9.48
12.32
16.13
9.95
9.34
9.2
8.41
7.48
18.39
22.81
23.03
19.7
17.99
19.63
18.92
21.31
22.1
17.47
17.27
16.88
18.7
18.61
14.05
15.73
14.51
19.44
22.05
22.41
17.56
10.93
10.53
19.84
23.4
25.83
24.87
23.12
27.21
30.85
28.13
22.05
11.86
22.6
21.47
20.11
16.27
7.96
-2.6
17.11
20.46
11.34
21.07
24.52
19.92
-6.19
10.97
14.61
18.81
24.32
20.48
16.24
22.69
24.09
25.75
25.41
25.43
25.4
21.91
22.11
20.59
16.4
18.06
19.02
6.02
20.65
19.75
15.34
17.35
26.84
29.1
25.38
14.38
-1.16
8.1
1.64
13.49
16.71
15.02
11.07
20.32
26.64
23.97
17.25
25.23
25.16
22.36
20.67
16.97
17.03
21.07
20.65
12.33
7.45
13.1
10.4
20.09
11.49
26.73
27.62
23.01
16.4
19.41
17.61
1.42
18.54
24.09
21.62
2.78
12.84
8.31
11.78
16.43
21.9
27.8
26.81
21.55
21.5
19.42
9.2
12.4
15.04
6.96
15.52
18.86
20.36
26.28
25.53
17.32
16.1
12.21
29.3
35.95
32.85
20.81
12.86
18.9
21.12
21.74
20.19
16.59
1.19
18.25
21.14
19.71
16.55
17.98
18.94
11.8
9.13
0.37
17.69
23.35
24.58
21.39
17.28
9.16
15.16
19.04
22.93
22.81
21.57
20.18
19.71
12.75
20.02
18.21
15.85
21.26
22.31
13.14
12.9
12.82
10.81
21.2
23.26
19.84
2.86
22.42
24.2
9.84
23.6
23.13
17.04
19.75
21.73
18.38
15.71
19.18
18.11
13.91
18.41
17.67
14.93
15.67
17.5
16.06
13.26
18.6
13.61
16.81
18.64
5.18
19.04
21.57
25.58
25.81
23.53
21.97
17.14
19.29
21.94
13.98
14.32
11.89
10.99
12.64
12.2
14.55
20.6
21.49
20.43
18.47
19.23
18.22
18.19
19.78
18.42
15.83
15.78
20.16
19.83
20.21
15.22
21.45
15.27
16.34
20.54
20.75
19.63
17.09
14.29
15.68
15.6
10.55
-3.36
20.02
24.82
22.98
20.07
21
22.15
22.31
20.94
13.75
9.92
14.19
23.84
27.93
25.75
21.76
21.13
18.22
13.15
19.68
12.17
16.37
17.88
17.34
17.37
14.26
15.73
19.83
24.74
25.6
22.16
20.44
24.52
21.44
13.07
15.86
18.81
16.28
15.57
23.34
24.8
22.94
19.01
10.69
18.33
21.06
17.97
-2.73
16.21
12
20.55
20.53
18.69
21.46
20.17
19.73
24.45
24.69
19.03
3.64
15.59
16.3
13.17
11.28
20.23
20.8
19.59
22.51
24.41
23.1
17.14
19.51
23.77
24.09
22.66
20.07
17.61
17.13
14.04
17.31
17.9
4.1
18.92
21.78
20
16.07
22.39
23.23
23.11
19.59
4.05
16.16
17.3
16.94
12.98
4.32
9.66
16.47
20.09
17.19
13.06
16.65
8.21
11.34
4.09
11.46
11
15.07
16.03
18.83
15.43
19.33
23.95
25.69
25.76
22.33
14.41
21.14
17.56
17.42
13.67
9.07
15.01
17.72
16.22
11.21
17.54
23.03
24.25
21.41
15.35
5.13
9.44
10.37
17.48
22.3
21.07
16.93
17.55
17.03
8.29
4.44
8.7
15.74
15.82
14.79
12.84
9.91
2.55
6.29
14.7
15.8
3.22
4.4
2.24
7.48
8.35
15.5
8.15
-15.22
-2.89
6.49
11.18
15.1
14.76
15.78
14.01
10.94
3.31
-3.65
5.69
14.27
15.69
14.97
17.41
18.56
19.34
17.93
18.18
18.48
11.99
15.08
14.35
8.45
9.67
12.24
14.78
5.06
11
8.46
14.99
19.57
21.8
22.65
19.5
11.5
9.36
16.01
13.44
5.48
12.05
13.97
14.06
13.16
2.59
8.12
15.86
19.75
19.69
14.68
7.79
12.17
-0.53
-11.61
6.25
10.35
5.8
14.36
-3.08
11.42
8.15
3.48
15.38
13.99
1.69
15.76
14.53
10.29
8.44
13.39
9.6
-0.04
6.86
10.73
11.11
8.37
16.47
21.52
18.67
6.94
20.52
19.94
15.18
14.43
12.68
8.88
4.88
14.47
16.03
10.44
12.83
11.37
10.67
12.13
14.28
12.28
14.87
15.87
11.05
0.23
2.07
0.32
7.36
11.95
9.32
11.29
13.62
11.77
13.17
15.32
4.38
11.71
13.45
13.7
16.34
13.23
0.69
8.32
8.58
4.15
12.2
18.04
18.94
18.14
18.89
18.84
17.57
9.84
11.37
9.35
4.19
3.35
11.39
13.18
10.95
13.56
7.29
11.52
17.36
15.2
11.18
1.93
13.31
18.1
1.62
15.81
8.41
13.19
9
13.07
10.28
8.29
3.96
3.04
4.26
14.56
16.27
15.31
9.17
0.99
12.14
13.37
7.77
16.43
18.62
19.48
18.8
17.36
18.52
13.18
6.21
19.16
20.51
11.66
4.9
10.66
17.1
18.65
14.78
15.71
18.38
19.24
17.87
15.12
10.97
11.77
19.15
20.47
17.56
16.49
17.23
8.01
14.95
15.5
12
8.14
2.3
9.13
12.12
16.5
13.58
9.76
5.18
12.37
11.11
10.73
13.49
9.45
6.71
12.91
12.75
1.85
9.13
16.29
15.9
13.58
9.84
15.03
15.98
15.37
12.23
3.96
13.57
13.67
14.38
8.01
12.19
21.71
24.52
22.2
17.8
13.05
9.68
12.77
18.14
19.17
17.38
16.48
15.38
16.3
10.14
3.09
15.62
15.64
8.5
17.33
15.86
14.55
20.32
15.11
9.14
13.75
14.78
11.77
13.68
-3.93
13.76
12.98
6.93
16.09
19.28
19.11
20.68
16.68
16.55
16.56
11.04
14.65
14.6
19.53
17.08
17.75
22.47
24.06
24.15
21.64
14.61
14.89
16.39
13.87
22.51
20.91
16.36
12.13
21.84
23.94
17.79
15.31
15.84
3.88
9.71
1.76
1.16
11.87
14.27
9.64
8.14
11.41
19.58
19.82
15.63
7.29
7.36
15.95
18.1
20.39
20.72
15.84
8.31
13.8
16.66
18.31
18.59
9.13
4.79
8.3
7.18
15.39
17.42
17.49
16.27
12.94
10.43
5.86
11.7
19.25
18.22
16.02
17.72
15.92
12.44
12.88
11.61
16.1
17.47
17.13
14.7
6.8
13.4
16.63
16.73
17.52
20.04
20
17.36
10.44
1.63
8.4
-2.48
7.17
-0.83
11.69
13.92
17.37
17.73
11.99
2.81
2.95
12.61
18.05
13.69
5.45
2.14
9.3
5.28
19.04
21.77
19.51
14.34
13.31
9.05
-2.44
8.94
-3.45
11.32
13.07
6.12
12.71
18.53
15
2.87
15.81
15.42
15.45
14.2
16.89
19.41
21.5
13.42
12.8
8.2
11.06
18.59
18.09
10.57
0.33
8.94
-3.69
12.41
17.18
20.3
22.42
21.76
14.4
15.17
14.88
15.07
18.68
17.31
-1.21
13.36
12.93
16.41
11.46
14.55
8.5
8.81
19.79
22.02
18.17
19.43
17.91
14.8
18.21
21.4
22.28
20.58
16.8
15.95
16.43
19.2
15.53
11.37
17.99
18.27
17.92
17.39
18.41
19.54
19.21
19.49
13.99
14
18.19
17.26
12.27
15.91
14.1
18.35
21.1
18.13
14.17
14.12
11.77
20.63
12.69
9.94
9.13
17.96
20.77
20.26
18.02
10.55
18.14
17.21
11.15
10.65
4.29
9.84
11.57
17.68
19.2
20.09
17.47
16.28
18.35
17.07
17.1
21.22
8.61
17.58
13.05
15.82
9.41
15.15
17.39
16.14
15.98
7.26
7.2
9.08
20.42
24.52
22.9
13.18
15.34
21.81
22.52
18.91
9.57
18.76
22.49
17.53
15.38
13.15
10.57
10.32
17.85
19.04
14.28
19.03
17.61
4.34
14.05
11.75
17.3
22.05
18.51
4.01
17.11
19.62
15.62
19.61
23.41
21.23
3.74
16.32
14.59
15.25
15.86
23.55
20.38
8.98
21.89
26.55
23.64
5.53
14.23
8.09
10.87
16.62
16.97
14.71
17.61
20.47
18.87
15.3
12.75
10.47
18.83
15.54
0.32
17.08
21.62
20.39
16.9
19.13
22.23
22.84
19.15
19.69
21.67
16.13
15.71
17.8
15.94
17.39
19.1
20.82
21.04
13.22
-3.1
10.88
18.49
19.71
17.3
11.56
15.03
20.39
17.83
5.67
15.48
17.04
2.67
5.88
-0.13
4.01
17.27
18.65
20.82
17.46
12.4
20.8
14.8
10.97
11.9
19.93
20.87
19.22
13.97
7.64
9.84
16.48
20.13
20.41
18.99
20.16
21.8
20.83
17.37
14.95
19.23
15.77
18.45
8.98
16.39
17.32
9.21
12.08
18.16
20.18
14.55
9.84
19.8
20.53
18.43
20.57
19
13.44
-4.76
14.81
18.09
14.15
9.25
15.83
13.62
12.24
15.95
16.19
7.36
17.38
20.26
17.85
5.01
19.48
20.86
18.63
18.39
11.56
15.03
15.61
17.2
19.24
19.01
18.36
17.93
19.56
17.95
13.99
21.87
20.86
14.3
1.15
13.59
19.94
19.88
17.49
16.04
18.75
17.51
15.85
18.98
18.98
11.27
10.9
12.61
5
13.91
15.28
8.7
12.26
17.38
16.97
10.99
16.79
15.53
9.77
18.99
11.98
16.14
16.58
14.37
16.05
13.02
10.42
12.27
10.28
12.12
10.58
0.15
13.34
10.33
-0.39
5.92
14.51
17.85
16.48
5.25
2.01
6.86
16.83
13.12
6.65
12.64
8.23
4.6
13.36
17.57
0.8
11.85
4.1
12.42
16.71
10.06
13.29
17.41
13.5
12.09
13.5
7.57
12.08
17.7
17.61
14.56
19.6
11.78
10.6
17.26
17.19
5.14
11.87
12.41
7.56
8.33
12.58
7.53
15.39
20.11
18.66
12.53
11.16
16.03
14.16
8.83
16.86
20.06
21.19
22.06
18.29
13.06
11.96
10.87
11.33
-6.92
11.57
11.78
6.45
12.73
13.11
15.04
11.15
-2.99
12.42
16.98
9.87
11.12
17.19
15.93
8.07
18.44
15.88
4.99
13.79
12.57
6.34
10.34
9.99
11.07
10.2
8.94
15.18
19.29
16.21
2.81
12.93
-0.42
13.24
15.61
11.55
14.59
15.81
4.81
11.86
17.3
19.85
18.2
9.91
3.93
12.41
15.36
15.92
15.95
11.13
1.62
8.45
11.83
14.54
17.56
16.73
19.22
16.97
3.47
14.2
7.07
10.73
16.41
13.56
-2.23
10.31
11.3
15.21
16.64
12.23
8.01
13.06
17.13
16.29
16.22
15.48
14.41
15.42
15.44
15.19
10.03
15
12.29
8.23
7.09
18.21
20.03
16.63
15.95
15.31
13.87
16.59
16.73
10.6
6.47
13.69
14.42
8.71
10.27
10.03
15.05
18.02
17.5
14.87
17.35
17.17
15.74
14.72
11.96
-4.04
5.65
2.62
11.46
15.46
13.85
14.44
18.52
19.54
15
4.73
8.37
10.2
14.92
15.38
16.11
15.84
11.26
10.69
4.98
10.02
10.28
12.1
17.46
16.33
4.09
11.77
10.07
11
14.46
12.52
10.79
14.1
13.21
13.31
13.7
7.63
7.21
-0.53
2.02
8.38
10.12
12.09
16.48
13.94
3.03
4.67
9.42
4.27
10.22
8.43
5.39
4.36
9.57
2.51
9.64
2.77
13.9
15.52
10.32
11.45
4.14
10.53
12.05
13.62
14.73
15.13
14.42
8.66
10.57
-1.91
14.91
18.47
18.71
17.96
12.47
6.4
12.57
12.18
14.4
16.6
15.39
5.38
6.25
12.03
14.85
16.82
13.26
6.73
4.52
13.32
16.55
10.43
3.51
18.42
18.46
13.81
16.13
16.9
15.88
12.52
17.62
13.82
7.42
2.71
10.61
11.36
9.01
9.94
17.59
18.68
13.26
4.56
0.11
5.25
4.74
7.81
7.16
11.43
15.38
14.95
16.67
11.9
10.37
16.95
15.12
4.94
16.91
15.84
10.57
10.49
5.64
11.72
8.45
9.71
11.35
15.55
16.37
11.93
5.37
3.98
11.17
10.21
14.78
18.41
16.11
15.31
18.88
16.31
-0.39
10.96
11.81
-7.48
3.27
16.5
19
15.08
10.34
13.68
17.82
17.96
14.7
11.35
7.97
16.27
22.19
20.61
13.28
9.59
12.86
6.01
-1.84
10.31
16.47
12.41
-3.23
0.54
1.86
2.16
-4.16
12.85
16.52
16.76
17.54
16.79
14.69
12.19
16.4
18.09
15.44
16.22
16.96
12.8
9.92
16.46
17.18
17.16
16.14
12.91
-2.87
17.09
21.69
20.51
14.37
2.97
8.46
12.59
0.14
12.11
14.05
4.41
-2.63
7.45
9.74
14.92
14.41
10.99
11.15
2.11
18.69
19.41
12.3
2.46
10.57
8.69
2.36
12.48
14.9
14.72
16.29
13.9
15.39
14.64
1.62
11.39
16.37
20.08
19.79
13.98
9.13
13.3
14.03
14.16
13.94
10.38
10.6
12.66
14.92
16.61
16.09
6.61
14.66
14.96
7.95
13.06
10.93
-6.79
5.22
13.45
17.71
20.57
17.89
7.8
9.23
12.05
2.6
-1.4
6.25
16.16
18.36
15.89
10.21
4.68
13.49
13.26
12.37
12.92
5.71
14.06
18.68
15.1
5.14
-1.37
3.1
13.1
9.73
1.78
8.29
-0.95
5.21
10.25
9.21
8.7
15.28
17.46
16.87
15.35
9.9
15.47
11.02
5.81
5.78
8.25
15.47
10.61
11.42
13.81
1.56
13.78
8.07
4.41
-1.91
2.94
4.22
2.88
13.07
9.29
-6.32
0.59
5.91
8.53
3.8
-13.71
15.35
18.78
17.31
11.22
5.31
6.71
5.96
11.08
11.7
9.5
7.51
4.43
7.9
9.47
11.2
10.23
10.7
10.26
13.95
6.6
3.73
6.93
0.34
4.99
7.82
11.41
15.04
15.27
14.11
14.22
10.94
0.77
10.63
15.36
15.32
17.54
13.74
7.42
14.73
14.59
10.51
-21.07
4.86
6.98
4.08
-1.78
5.55
1.42
-1.16
3.75
12.74
11.14
4.51
4.04
8.21
6.75
-8.73
8.84
15.48
13.09
-6.79
5.07
8.96
4.2
9.9
6.73
9.97
-5.07
9.1
7.49
5.77
-6.14
9.72
15.59
16.56
16.86
19.35
16.21
7.89
11.85
8.05
7.08
7.41
2.2
7.02
6.17
7.9
10.86
11.67
10.09
8.84
15.27
12.99
10.79
12.55
3.41
12.47
15.03
8.67
2.05
7.28
12.7
17.74
12.52
13.41
16.7
10.6
10.34
13.72
7.12
8.39
10.86
6.25
10.54
15
9.33
10.4
11.75
11.47
7
9.39
10.37
-0.28
14.07
13.45
9.37
0.28
8.18
10.53
8.06
14.43
13.62
0
6.93
8.6
10.71
9.72
5.04
4.9
6.39
-5.37
13.18
15
12.52
9.76
8.34
8.62
10.57
11.5
8.27
9.41
2.35
11.6
15.35
14.41
13.11
10.48
1.66
0.47
11.76
12.44
13.83
13.45
11.62
12.49
10.46
-3.64
8.3
14.26
6.31
8.43
14.52
16.18
17.87
18.3
14.69
8.36
3.89
9.5
12.11
3.39
10.54
10.75
10.47
13.87
11.92
8.94
13.36
-3.62
8.06
3.03
-0.68
2.64
8.94
12.47
10.21
8.96
8.27
4.7
6.95
5.47
9.89
12.21
9.06
11.71
12.4
13.38
15.62
12.86
7.47
7
9.39
10.35
9.24
13.53
14.72
11.47
7.52
5.29
-1.73
2.25
9.75
13.89
15.3
16.01
17.34
16.11
15.55
17.61
16.74
6.45
7.71
8.94
2.9
-0.14
-4.95
5.07
11.9
9.64
0.55
8.71
12.17
12.42
7.28
5.59
14.11
15.02
10.12
9.33
7.45
2.24
10.92
7.43
6.96
3.42
8.65
12.87
9.28
3.78
10.03
13.17
13.31
5.77
4.27
13.66
17
17.92
14.06
4.28
11.35
8.19
3.77
10.66
14.41
12.93
16.09
19.3
14.22
10.12
13.91
12.97
7.97
8.28
7.17
-5.69
8.36
13.6
12.23
13.33
9.8
6.99
15.73
16
13.82
18.3
15.17
10.17
7.71
2.56
7.9
17.31
18.22
15.16
12.76
10.23
6.9
11.32
14.22
10.76
-3.57
8.93
16.2
15.33
8.39
7.2
-2.42
11.4
4.95
7.8
11.08
5.91
-2.37
8.37
13.43
9.95
3.42
7.3
11.81
13.18
8.51
13.44
17.57
14.72
8.26
3.38
3.87
3.76
-0.54
3.85
9.46
11.4
18.29
10.61
10.66
14.4
11.59
8.06
0.61
1.34
8.8
12.63
16.93
18.59
14.64
2.95
2.5
6.39
7.08
11.64
16.83
15.32
12.75
12.21
14.53
11.33
4.29
7.5
0.12
10.56
14.87
15.87
14.05
7.2
6.64
9.04
12.15
13.5
7.4
-1.64
0.25
2.51
6.67
10.61
7.76
2.67
8.68
2.29
8.62
11.43
2.9
-4.04
6.7
5.02
5.79
11.49
8.84
0.66
11.48
10.73
11.2
13.58
17.1
15.93
10.39
13.8
11.67
7.5
12.27
14.26
13.78
11.37
10.44
7.52
10.81
15.67
12.07
14.64
17.02
13.6
2.42
10.08
14.71
7.65
5.52
-0.4
3.61
16.13
19.64
17.09
12.5
7.18
16.17
13.57
14.07
17.83
17.23
14.32
11.41
11.18
12.07
11.62
14.95
14.16
11.68
8.8
3.89
14.27
16.96
9.98
-0.15
-0.06
7.49
5.31
8.52
15.2
12.5
7.74
14.17
13.2
11.07
2.03
8.7
15.28
19.11
18.57
14.66
16.14
18.4
15.89
13.13
15.19
11.51
10.6
4.18
10.85
11.02
15.58
16.32
13.85
12.53
14.47
12.42
-6.25
6.43
4.19
11.86
10.84
10.48
9.77
11.76
14.25
13.53
9.2
13.85
11.34
10.78
8.14
7.24
15.77
17.03
8.65
6.48
7.29
6.52
7.87
11.74
12.37
10.74
5.47
-7.54
7.77
9.15
3.83
-2.51
1.65
0.16
7.32
11.27
7.45
8.21
7.17
9.66
12.63
2.49
9.23
11.38
12.17
-1.04
3.79
13.09
14.5
0.38
13.77
15.69
7.61
10.66
12.97
6.4
4.71
6.63
11.1
4.16
19.85
21.9
17.1
8.83
1.04
11.06
13.92
9.92
2.02
10.55
-2.87
5.19
4.03
2.99
7.72
4.19
4.23
7.22
1.9
13.95
12.81
4.44
15.43
22.46
22.2
17.7
-13.84
13.34
10.94
3.73
-1.98
9.14
10.56
8.91
12.52
13.74
10.8
17.02
17.48
13.72
10.7
14.69
10.12
-0.32
9.46
9.94
-3.67
9
12.98
8.46
7.44
7.02
10.39
11.46
4.78
9.26
10.44
10.95
9
5.34
9.55
15.77
10.93
4.2
-3.56
3.39
6.6
7.19
5.68
15.2
16.45
16.02
14.51
4.01
-1.05
9.92
8.69
7.65
8.72
14.13
7.36
4.72
-0.25
-7.03
6.57
9.88
2.24
8.33
7.41
-3.23
9.24
15.19
15.79
9.53
7.12
12.01
11.55
6.77
7.89
1.22
-8.11
6.25
13.65
8.58
8.22
8.28
18.81
17.08
5.56
16.5
12.54
-1.14
0.87
9.38
7.61
12.78
16.37
15.75
13.84
12.72
15.49
16.2
16.95
17.98
14.47
12.82
11.96
5.12
8.54
16.19
17
9.44
2.17
5.29
9.3
7.99
7.99
5.87
12.24
14.85
10.04
6.66
13.84
16.94
9.88
11.48
4
10.88
10.04
9
10.97
4.97
6.43
9.78
4.44
-2.35
9.02
14.82
19.08
17.33
12.55
14.71
12.98
-0.74
12.42
13.27
2.82
11.96
12.47
11.37
11.99
13.11
-0.78
14.94
16.77
14.25
12.43
14.44
15.79
13.27
-1.51
5.62
4.13
-3.82
7.93
15.46
16.7
14.09
6.02
7.95
11.79
4.81
11.19
13.76
15.16
16.13
17.57
15.56
8.88
15.04
17.07
15.97
7.53
3.02
2.4
7.88
13.7
14.8
5.48
9.42
12.61
12.89
10.02
5.53
11.03
2.56
2.58
4.39
-7.62
11.88
15.37
11.68
-1.46
9.68
14.01
8.84
9.33
10.18
10.85
8.36
11.38
5.46
3.61
12.29
17.22
12.45
5.74
11.82
14.61
14.1
10.78
8.84
11.52
16.48
1.98
6.71
16.14
20.04
19.49
16.5
12.52
-0.91
7.84
5.49
9.46
14.72
14.07
15.16
17.62
7.26
15.2
14.96
8.16
8.68
14
9.51
6.41
8.31
11.1
13.2
10.71
9.45
13.74
13.37
9.5
10.25
11.66
13.62
12.96
12.51
12.96
4.91
10.82
16.29
11.11
15.14
17.72
19.47
17.14
12.13
9.07
7.52
12.24
12.01
7.93
-6.14
4.99
17.16
15.38
12.65
18.16
15.08
0.57
10.87
13.9
6.74
10.83
13.8
16.3
18.09
15.75
10.89
2.69
8.25
12.84
3.64
-7.17
9.04
8.77
9.2
11.1
11.62
10.45
11.51
5.05
6.95
9.18
-3.89
10.47
12
-0.3
8.21
5.02
4.86
-0.23
-9.6
13.55
19
18.49
13.55
15.15
15.38
15.8
14.06
11.94
11.62
15.44
16.26
14.48
5.85
6.52
7.26
10.37
10.3
11.05
14.17
14.58
3.31
7.92
8.64
7.68
5.12
2.86
10.49
13.46
11.07
-0.63
2.91
12.77
16.13
18.16
17.36
13.36
11.64
13.6
12.59
5.4
13.15
14.46
12.62
5.72
7.26
5.15
11.01
14.48
13.6
13.53
12.41
15.95
16.07
5.78
12.34
15.19
17.32
18.15
17.39
14.28
13.84
14.27
14.9
13.95
10.18
8.49
-1.54
0.47
4.85
5.66
7.54
6.91
9.53
14.09
11.95
13.1
14.26
13.28
13.92
10.84
16.17
17.52
12.85
9.61
4.63
1.87
0.89
6.67
10.73
8.64
10.04
8.18
6.73
12.1
13.91
8.64
5.02
16.89
19.13
14.57
11.04
1.87
10.99
9.12
12.77
20.51
22.37
20.18
15.91
5.12
5.73
12.73
13.4
7.32
5.38
7.94
9.61
11.36
12.73
8.25
6.64
1.77
9.79
10.41
8.22
5.9
8.9
5.24
1.59
-10.36
11.87
16.87
16.5
16.93
14.2
1.61
10.97
15.27
12.46
1.56
8.42
8.57
0.96
8.2
5.52
5.22
4.54
9.61
13.49
17.15
19.29
18.02
13.28
14.35
15.79
16.35
14.37
14.42
14.33
8.27
8.59
11.6
-4.68
14.71
17.11
12.98
9.43
7.94
1.2
7.24
14.29
15.37
14.54
12.34
11.48
9.96
12.7
13.77
10.29
9.58
6.56
7.4
10.54
5.01
0.42
7.81
11.88
15.27
10.89
11.03
17.16
15.28
18.3
19.8
12.13
2.77
6.13
9.33
9.72
9.32
-3.98
14.57
16.81
14.86
13.64
12.43
11.64
7.14
-3.33
1.92
12.49
14.04
4.85
4.53
-10.87
6.75
8.32
12.91
12.79
3.92
10.63
10.73
8.82
11.39
3.59
11.04
14.08
0.65
15.01
13.87
10.71
7.9
10.35
14.52
12.96
8.66
8.38
12.8
11.03
12.57
13.79
3.56
6.01
7.43
9.61
-1.36
14.1
13.56
12.37
14.45
12.15
17.71
17.99
9.78
6.68
13.31
14.5
14.45
11.7
2.8
0.03
7.54
9.61
8.22
6.58
5.5
8.74
15.09
14.92
0.03
-6.24
4.83
6.67
9.63
6.84
2.15
9.93
12.71
13.35
13.74
12.15
12.57
13.24
15.54
16.36
12.86
2.6
10.03
9.98
9.96
13.38
12.93
14.04
14.74
3.61
12.2
13.53
3.95
12.79
12.22
14.53
17.58
16.82
11.34
2.74
9.2
9.75
14.97
15.11
10.73
4.21
2.49
4.29
1.57
7.93
10.66
10.26
8.15
1.18
13.37
14.94
9.48
12.21
15.15
14.54
10.38
13.04
12.13
5.75
11.36
12.39
11.43
5.07
8.53
14.49
13.01
6.25
8.59
12.34
12.42
12.15
-2.63
14.93
19.31
17.69
8.16
8.75
9.69
8.64
9.08
10.95
9.56
7.92
13.13
17.69
17.07
12.24
8.34
11.81
16.45
14.72
3.2
12.71
15.13
15.27
13.43
7.23
10.29
16.66
15.73
7.65
18.76
20.16
17.91
18.01
19.32
15.59
5.11
9.93
9.06
13.83
15.56
15.78
11.76
4.49
12.96
13.86
-5.67
14.86
16.8
11.15
10.05
12.76
11.18
12.69
16.35
12.88
15.37
20.02
18.74
18.14
18.32
13.22
16.87
22.49
20.95
12.28
16.05
16.27
10.67
11.12
12.52
7.73
10.91
6.99
7.06
12.55
16.18
14.01
3.63
-0.7
11.39
15.03
13.56
15.79
16.62
2.84
17.65
18.15
11.74
4.58
9.03
7.1
7.26
1.56
12.51
13.68
10.57
15.35
17.92
13.04
1.09
8.64
14.28
13.71
11.88
12.97
10.96
-6.21
9.86
11.45
5.54
5.3
11.5
9.24
13.65
17.59
15.71
3.16
13.52
8.76
0.84
2.39
0.96
4.33
12.03
16.11
12.66
12.05
5.89
8.51
14.58
13.55
6.86
15.7
17.06
13.42
15.41
10.38
11.4
17.87
17.86
12.7
6.42
13.6
16.32
17.17
15.99
9.62
13.03
19.82
21.18
16.77
7.3
14.12
19.64
20.22
17.55
15.73
12.88
15.33
15.63
14.16
15.05
17.86
13.46
9.06
15.37
9.99
10.1
14.8
13.52
13.86
17.21
17.28
14.54
9.26
3.68
6.73
11.09
11.76
13.84
14.15
11.92
13.79
15.39
12.03
13.41
17.19
10.74
5.73
2.95
-8.73
-8.41
10.11
13.34
13.87
14.87
12.6
7.22
13.46
13.48
10.61
8.36
11.99
9.31
5.9
-0.74
11.07
18.82
19.5
17.21
14.05
13.74
13.6
13.99
16.03
7.6
4.37
7.28
16.48
19.89
18.13
13.33
2.05
8.21
12.61
10.49
4.21
8.15
10.63
8.98
10
4.68
3.76
11.53
17.04
17.22
17.75
16.16
14.23
11.92
2.86
-6.6
12.33
13.54
7.91
18.72
16.38
11.26
8.67
6.63
-1.85
8.29
15.03
15.23
13.7
14.4
4.4
8.83
3.24
3.33
13.4
13.77
11.14
11.96
11.12
10.27
13.96
11.47
15.91
15.73
13.88
17.24
17.4
13
9.45
12.14
17.27
19.64
20.88
18.24
14.02
12.43
9.58
12.15
13.23
0.09
13.75
13.4
9.19
6.95
10.81
14.15
11.46
10.42
16.6
16.96
12.27
1.94
11.07
3.61
13.22
12.49
-8.21
16.06
18.91
16.38
10.44
7.21
9.4
7.24
10.82
11.88
9.89
10.59
-1.63
10.63
17.58
19.66
16.44
9.54
8.55
11.54
15.24
16.25
12.29
14.97
17.9
16.39
5.42
2.63
5.81
12.47
14.69
11.87
7.27
14.27
11.37
3.34
8.76
8.21
5.04
9.07
16.23
14.91
10.09
