1.59
0.6
-1.2
-6.6
8.49
15.83
16.02
7.44
0.67
7.86
7.91
7.56
10.69
12.65
10.12
-2.25
10.07
8.56
9.01
3.55
7.38
5.82
10.88
11.32
-0.54
4.14
11.4
12.27
7.78
3.31
5.58
12.96
14.4
13.32
14.52
3.3
10.6
9.3
6.48
-4.19
8.22
6.02
-6.26
6.39
6.53
3.43
6.11
10.42
11.41
13.53
9.94
10.55
11.58
11.91
13.36
14.48
12.98
0.25
0.21
-2.94
3.54
11.43
12.24
8.03
9.91
12.5
13.87
11.59
5.14
14.69
17.48
15.65
10.1
11.78
6.5
6.28
10.38
8.66
-3.37
-7.48
3.24
6.77
15.5
17.23
14.19
9.38
3.71
11.76
12.27
13.49
4.68
2.35
12.43
14.84
10.67
12.35
13.35
13.93
11.23
9.39
13.67
15.65
11.37
3.25
2.48
11.66
11.44
-6.43
7.32
5.14
1.87
-2.37
7.53
12.72
10.16
4.01
9.43
5.6
0.17
8.95
11.3
17.09
14.56
2.44
7.78
4.58
-0.47
7.66
10.34
6.91
14.76
14.9
9.95
-0.44
8.22
7.11
5.18
-1.68
7.84
11.61
9.29
12.23
11.77
12.81
0.29
9.96
8.23
12.96
16.22
15.76
13.72
12.66
6.01
-13.54
8.81
11.74
2.02
11.43
7.98
8.3
13.59
12.46
4.25
5.69
12.08
13.88
12.28
-4.09
13.03
17.72
17.87
15.2
14.06
12.38
7.29
17.46
16.44
7.79
12.43
14.3
13.44
9.17
4.54
7.71
2.81
3.23
10.17
11.23
4.9
0.41
2.07
6.39
13.55
5.19
1.59
6.73
8.94
8.82
16.28
23.06
21.36
20.18
16.73
7.5
2.15
-5.43
5.53
12.98
13.32
4.03
-4.83
-2.33
11.4
16.91
17.46
12.19
5.25
7.27
-2.8
7.76
10.87
14.03
15.91
12.9
8.11
9.28
9.08
14.94
13.55
11.65
14.38
16.44
13.48
-0.69
10.16
11.86
3.83
-10.19
-0.39
6.23
10.32
7.74
-2.68
2.94
4.78
11.6
9.49
3.74
4.35
12.69
12.03
9.89
11.02
9.3
3.59
8.98
4
12.14
12.61
12.07
8.79
2.71
-1.76
7.8
5.52
9.77
8.68
1.82
5.62
13.16
14.97
11.52
9.05
-0.64
4.46
6.77
12.52
1.48
12.59
16.1
11.35
6.89
0.95
7
11.74
10.01
8.84
9.62
4.56
-4.52
7.17
10.9
11.3
-0.83
10.3
11.98
4.86
-3.69
8.35
12.47
10.68
6.24
9.58
11.32
11.66
13.48
13.39
13.97
5.22
6.6
2.53
13.49
12.02
11.61
13.1
3.71
10.02
15.72
13.33
6.22
7.4
7.04
0.77
3.74
-4.78
9.74
11.97
13.83
6.9
17.54
20.29
18.6
12.52
13.81
16.5
15.95
15.99
13.67
12.75
11.86
-1.1
2.96
6.13
8.2
10.69
9.51
8.25
13.1
14.27
13.16
14.18
14.41
6.93
9.2
9.18
7.44
5.4
0.98
-0.26
7.81
7.11
3.42
7.28
3.52
7.8
-5.26
13.71
14.66
15.3
14.97
11.02
7.94
6.59
9.83
9.35
4.78
-8.86
12.59
13.28
8.38
1.33
5.1
11.79
12.33
11.05
8.2
11.95
12.51
7.97
7.14
8.94
8.13
1.04
2.39
14.26
15.13
11.61
7.73
-0.66
-8.63
7.1
2.08
10.81
9.33
-2.7
6.7
7.12
0.12
1.67
8.8
8.5
11.97
12.85
10.22
0.56
10.12
15.27
13.84
9.62
9.01
12.09
14.16
9.12
8.91
13.34
12.4
9.86
10.5
9
-6.29
2.2
6.11
12.03
6.12
9.22
12.24
6.53
2.49
9.52
2.65
8.96
13.82
15.46
14.79
15.26
13.27
10.3
9.6
-7.52
8.84
6.65
9.22
5.21
4.05
5.81
13.81
13.65
12.01
12.64
13.35
10.1
7.26
5.45
0.28
7.2
6.06
1.01
2.44
6.21
6.7
13
5.51
5.89
-5.62
12.59
16.62
16.05
9.38
-6.57
7.26
11.87
9.1
6.54
7.09
6.78
4.09
13.65
15.28
11.58
4.54
14.26
16.85
16.59
3.75
8.75
12.61
14.33
11.05
3.22
2.65
7.7
-1.7
3.67
8.33
4.18
-4.17
4.79
1.68
8.16
11.82
15.21
11.64
13.09
15.81
13.28
4.97
7.31
10.39
4.6
-0.69
6.3
2.76
8.66
14.22
11.61
10.19
14.35
14.54
12.09
14.17
2.2
9.07
8.05
1.8
11.41
12.42
6.34
-2.07
8.99
9.29
4.56
-4.49
6.09
10.97
13.14
6.55
13.34
15.69
15.31
9.45
-1.8
9.48
10.36
-2.45
6.3
-1.1
5.61
8.5
10.22
7.82
3.21
3.7
8.82
9.4
13.42
15.52
12.63
10.55
11.34
11.76
10.07
12.55
5.47
6.93
10.94
13.14
15.15
15.38
13.34
7.87
7.66
9.46
12.82
15.45
14.95
12.13
13.01
12.01
11.43
10.46
10.26
14.29
18.39
15.77
11.22
14.52
16.11
-0.36
18.51
20.45
13.17
19.43
18.27
8.84
-6.29
9.29
13.38
8.57
10.93
11.3
6.64
1.65
6.98
13.33
15.61
14.65
15.97
16.63
11.72
9.8
11
7.39
10.27
15.6
14.95
13.12
10.34
0.26
2.98
11.27
10.06
9.2
6.78
1.51
7.44
12.94
11
5.71
10.93
11.88
7.65
1.67
7.99
3.61
5.88
11.95
10.95
8.84
9.97
8.86
4.18
10.77
14.65
12.25
6.02
-3.92
5.94
4.98
4.82
7.39
8.25
10.43
11.27
4.25
7.57
13.71
14.3
11.78
7.36
-5.26
8.5
12.14
9.15
8.73
9.11
4.93
6.15
12.45
12.63
-6.16
11.64
7.22
8.24
13.39
13.17
11.94
9.05
7.65
4.64
12.63
16.26
7.06
9.44
5
-12.28
8.12
6.71
9.35
8.69
-14.39
-2.1
6.21
14.29
15.94
15.2
13.39
6.65
8.38
16.42
16.26
13.57
9.01
6.93
10.52
12.83
8.64
10.55
14.13
11.37
8.77
11.4
7.69
-0.75
-0.86
13.15
16.13
13.54
14.15
15.09
7.52
12.88
7.11
3.58
10.99
9.09
4.46
8.18
5.05
10.25
11.66
-3.87
13.31
15.17
14.57
13.24
11.5
5.92
4.03
2.54
8.99
7.27
8.7
9.94
14.28
15.47
15.03
14.69
14
14.06
13.23
10.25
3.69
8.17
7.14
12.25
11.2
3.1
6.46
12.41
13.19
11.33
6.4
2.11
0.48
4.87
2.62
5.14
3.84
10.52
15.52
15.57
12
9.77
12.77
13.61
10.61
8.61
7.23
11.3
9.82
4.75
5.63
-7.88
5.78
7.57
-2.12
2.69
8.6
12.45
6.32
12.5
15.55
20.79
16.99
11.34
2.72
11.16
16.81
13.73
-1.92
14.01
23.11
24.61
19.73
9.03
14.25
17.45
15.33
7.35
14.34
16.81
16.3
15.94
15.72
18.34
22.46
26
24.49
13.32
17.8
18.01
5.53
9.18
5.78
12.79
2.86
17.78
20.07
25.06
26.33
23.69
18.76
-3.01
17.4
17.16
4.01
16.92
23.08
24.37
24.99
25.98
25.31
21.24
15.44
2.21
17.61
15.24
13.16
20.32
22.17
21.06
17.37
21.72
25.98
21.29
15.38
8.1
20.1
24.51
18.26
0.69
7.04
6.69
16.69
11.34
15.38
20.8
20
18.55
21.18
16.68
9.89
14.34
10.85
11.7
9.66
14.65
22.77
22.38
16.16
19.29
21.71
22.15
16.51
9.82
14.12
20.32
16.61
21.2
20.7
15.12
15.33
15.91
14.44
18.31
9.55
17.6
21.33
18.68
15.94
10.52
18.92
17.94
20.68
20.42
16.82
23.42
20.67
16.68
17.93
24.35
22.29
26.32
27.28
21.67
20.63
25.06
21.8
10.47
11.16
15.71
25.68
26.38
13.55
9.82
28.86
32.38
29.12
21.74
16.36
11.2
16.49
16.56
20.4
24.11
21.2
13.49
20.36
26.2
28.53
26.42
18.25
18.79
23.05
23.19
21.13
20.22
15.98
14.84
13.2
22.38
25.93
22.66
21.83
26.29
27.83
26.58
23.19
18.66
16.55
15.62
15.03
24.39
26.05
23.9
23.93
28.62
30.57
26.23
20.89
24.24
23.16
5.65
20.4
25.54
27.83
25.34
20.4
23.9
24.77
13.41
16.88
9.85
19.37
16.61
13.7
15.94
16.59
14.86
15.78
23.33
26.85
27.19
24.04
3.59
17.18
13.42
10.46
15.14
15.65
11.14
5.31
18.19
24.09
24.07
20.58
18.94
25.51
26.13
17.04
13.11
18.65
20.95
20.79
16.65
-4.8
17.03
16.18
-10.28
8.75
18.26
26.26
29.07
25.51
12.21
13.24
9.03
11.82
23.36
27.38
26.08
20.66
16.65
9.96
12.61
12.96
16.07
-8.12
15.41
21.03
24.95
27.12
26.18
19.38
14.36
17.18
19.49
18.65
14.25
20.04
23.17
19.99
15.8
20.33
22.88
22.4
15.96
17.6
20.11
17.48
19.16
19.08
18.48
20.21
24.6
27.73
28.05
26.04
21.01
12.53
12.55
5.84
15.08
23.16
22.43
13.91
26.79
28.1
24.12
21.98
13.66
21.49
25.17
19.77
15.26
21.29
25.1
26.53
23.4
20.73
23.6
17.59
16.92
19.22
17.97
24.32
20.89
9.36
3.65
12.16
21.67
20.51
14.31
20.2
15.77
21.31
21.96
13.04
9.79
17.98
19.88
16.97
15.39
22
17.7
3.33
11.87
15.52
18.09
22.24
21.27
12.4
11.98
13.57
15.71
8.6
0.93
9.28
18.1
15.18
2.69
12.43
17.05
9.64
1.16
6
11.72
12.94
3.41
10.1
13.13
9.87
7.82
10.03
10.39
18.09
20.1
14.63
0.69
13.46
11.38
10.82
7.29
12.5
11.33
17.58
18.38
13.68
3.75
8.39
12.59
6.75
1.56
10.91
14.12
11.64
2.53
8.23
0.9
12.84
13.47
10.36
16.99
18.39
14.84
9.47
9.42
8.46
1.8
7.33
13.79
15.63
15.2
12.64
4.17
10.87
16.18
16.02
15.16
14.16
9.09
14.52
15.3
15.68
7.27
12.03
21.07
22.64
19.82
17.06
14.9
16.81
22.34
25.21
23.57
21.18
20.99
22.24
23.34
25.5
22.87
20.04
20.96
22.97
21.3
13.41
21.88
18.89
16.65
23.85
27.2
27.06
25.44
26.25
22.91
16.91
23.21
19.09
7.33
15.23
22.72
23.53
19.1
21.64
17.73
7.67
15.2
17.34
6.3
15.44
20.78
21.2
19.98
20.63
22.18
22.85
21.16
16.83
19.28
19.05
15.61
16.9
19.72
22.73
23.27
20.26
20.94
20.7
15.76
11.54
8.58
5.99
11.98
13.31
16.69
21.18
15.99
6.49
7.08
14.16
16.38
10.48
15.1
18.5
14.1
-0.3
12.98
19.29
17.91
21.88
23.61
21.87
20.05
5.32
6.34
11.89
15.13
16.52
5.69
19.99
22.69
23.01
23.06
14.84
21.23
24.16
18.43
17
17.08
4.86
17.62
23.2
26.18
26.72
23.79
8.72
21.47
26.48
27.59
24.22
17.27
14.65
16.44
12.4
9.74
6.82
13.32
14.09
12.96
11.81
14.13
23.79
26.05
17.92
21.46
26.12
23.22
10.52
14.92
19.48
19.3
21.59
21.76
22.15
25.61
23.36
12.3
14.87
21.97
23.66
20.74
22.15
22.77
20.05
17.35
22.39
26.3
27.46
25.71
11.11
22
23.1
24.01
21.28
18.49
21.13
20.29
19.84
22.96
23.95
20.2
15.2
18.58
26.25
25.32
20.8
21.99
23.79
22.64
18.04
2.25
22.36
27.22
26.13
22.64
18.55
15.06
17.53
18.12
18.52
18.65
17.48
14.44
21.94
24.46
23.95
18.1
8.6
19.95
22.04
19.8
24.44
22.82
20.23
25.91
26.91
23.21
4.92
17.05
23.81
26.28
23.59
19.27
18
18.38
20.64
19.64
17.47
16.69
19.1
19.03
15.46
9.35
10.28
19.12
25.08
26.19
25.25
21.83
16.17
13.02
14.66
17.17
25.91
25.25
20.9
17.96
19.23
19.25
12.35
5.72
18.21
21.93
22.82
27.19
26.83
24.69
22.95
21.43
20.69
18.05
14.59
17.67
19.02
11.79
20.03
14.77
17.96
18.75
20.55
13.56
19.33
14.56
18.28
21.38
18.33
13.51
18.11
18.98
15.63
12.91
10.14
9.84
13.76
6.57
19.11
19.28
7.7
23.46
24.55
17.42
16.19
22.77
21.56
9.57
13.55
-2
13.53
14.65
14.22
15.16
12.16
14.8
23.11
23.26
17.11
18.7
20.36
17.04
11.2
14.92
18.76
19.47
21.17
20.01
15.41
10.84
2.32
5.27
7.98
16.35
19.77
11.07
21.74
22.47
19.71
19.65
18.31
17.59
20.85
18.42
6.35
19.24
21.76
27.05
28.22
26.03
23.51
22.37
20.18
16.38
15.9
14.04
9.43
13.56
21.56
23.35
16.06
14.3
8.7
17.81
20.33
22.17
22.43
20.57
13.57
13.94
18.77
18.55
18.3
14.83
9.94
13.12
11.93
17.17
18.1
18.22
17.04
15.27
17.02
16.1
15.21
13.57
11.62
15.36
14.28
16.43
19.99
23.01
21.5
15.62
5.92
17.51
19.54
20.22
17.57
14.82
0
17.54
16.33
19.96
18.53
3.2
8.66
11.95
12.06
11.61
11.72
8.6
4.21
19.91
25.01
23.99
17.49
10.72
12.25
11.24
13.76
8.09
7.54
16.46
18.49
24.12
25.9
26.51
24.76
19.16
15.5
18.4
23.71
25.7
20.26
8.9
5.88
4.73
15.99
19.34
18.67
15.49
22.85
26.32
25.72
21.59
19.26
19.94
23.53
23.34
20.47
15.35
25.93
26.58
23.88
20.3
14.79
26.07
27.42
25.26
21.51
16.7
15.66
24.15
25.35
20.03
11.03
18.9
23.21
24.99
23.43
17.88
10.74
23.44
25.33
23.95
16.03
17.96
21.44
10.94
7.12
15.42
8.18
22.17
19.16
25.14
28.87
28.73
25.45
22.15
17.68
3.86
13.04
13.89
22.27
23.87
26.72
26.93
20.86
7.63
20.94
24.86
25.76
22.33
22.06
23.56
22.47
25.09
24.61
21.72
18.55
17.07
26.94
24.22
11.62
23.23
21.79
13.07
20.9
21.77
17.71
12.5
16.88
18.14
21.48
17.48
20.47
25.03
27.02
23.19
11.96
22.01
23.28
23.77
25.58
21.41
13.56
12.16
14.75
17.27
14.7
11.45
13.21
12.31
18.09
15.03
15.41
17.66
13.26
13.68
20.98
24.01
22.66
14.25
15.02
16.76
19.78
32.64
33.46
27.51
21.2
13.48
18.08
23.34
24.33
24.64
27.99
28.31
23.51
14.56
8.77
20.94
25.88
22.01
8.32
14.31
29.03
34.75
33.66
27.42
15.03
26.11
25.45
20.93
16.05
13.55
10.45
9.27
8.41
16.25
5.47
12.59
11.46
16.81
18.45
16.54
18.04
21.1
19.24
20.57
18.91
23.91
36.4
44.39
43.82
34.31
15.29
13.6
20.03
20.88
19.93
20.23
14.23
16.14
12.58
10.48
19.26
22.44
24.37
25.05
25.29
20.86
24.8
16.7
11.05
11.87
19.41
19.93
20.16
34.76
44.04
45.56
38.25
23.3
24.39
21.75
19.97
20.92
20.38
18.27
17.19
12.01
16.95
23.4
26.96
27.97
21.6
20.67
23.73
20.52
12.91
3.67
16.37
15.6
25.98
24.6
12.77
17.05
19.38
12.75
10.26
20.5
23.05
21.54
23.59
24.37
18.34
13.62
14.04
21.5
23.85
23.04
23.23
21.27
17.48
16.52
14.22
15.39
15.68
19.48
30.74
41.65
44.2
37.99
21.33
20.71
21.3
19.06
23.71
29.65
28.19
15.6
14.95
20.76
23.69
31.65
36.97
34.06
22.46
15.86
21.99
10.84
10.72
7.92
17.89
22.29
23.55
23.5
24.62
25.32
22.56
26.19
36.75
41.55
36.97
19.77
10.92
7.58
12.91
6.27
16.04
17.29
2.2
17.33
15.63
20.7
21.67
19.43
21.63
24.3
22.13
19.73
15.85
19.38
22.26
20.72
25.64
28.7
26.22
22.34
24.55
25.93
23.96
22.3
20.97
12.52
8.94
19.1
21.88
22.85
24.84
26.13
23.49
17.4
9.71
9.01
18.87
21.33
6.01
24.59
22.78
16.32
22.13
31.19
43.13
44.86
37.67
24.98
21.68
11.5
18.93
12.7
14.6
24.13
23.3
11.56
19.9
20.3
17.47
28.26
28.54
25.48
24.01
23.31
18.62
16.89
18.76
10.83
15.76
21
22.14
14.65
15.44
13.66
19.51
21.89
13.34
12.11
24.18
33.26
32.34
22.56
20.87
18.57
15.28
21.8
24.63
26.89
29.82
30.22
22.63
15.92
20.95
14.91
7.92
20.5
23.25
21.35
12.14
13.68
15.65
13.21
8.4
9.7
20.77
23.34
21.56
15.11
14.55
22.28
23.18
21.72
10.69
22.95
20.09
28.94
40.82
42.43
34.54
21.1
19.9
19.17
22.23
22.74
22.36
21.83
31.17
35.56
33.97
23.87
21.02
28.73
31.03
26.01
35.75
38.88
35.32
29.84
28.26
22.64
21.65
26.19
30.89
31.44
21.16
23.26
30.18
33.51
28.81
17.72
26.36
30.35
27.64
23.42
22.62
22.05
28.57
33.92
30.94
13.26
14
21.79
20.16
19.98
20.81
25.57
27.45
24.3
10.08
-0.24
13.07
20.99
24.3
21.62
25.15
32.01
30.25
19.48
28.77
20.63
18.54
25.65
28.87
27.92
19.17
29.93
35.14
29.88
19.49
13.52
25.42
28.13
27.02
24.3
43.54
49
45.4
32.72
14.95
26.74
32.17
27.35
19.61
19.8
33.9
46.72
48.84
41.97
24.28
7.9
17.24
22.23
20.58
19.15
22.75
26.2
26.43
25.09
29.25
29.86
20.45
4.73
18.11
16.68
23.24
19.21
18.15
26.07
27.74
29.5
25.91
8.44
28.36
31.57
25.6
27.5
31.68
28.81
23.99
25.92
28.98
5.01
26.53
21.75
23.87
29.77
29.34
26.86
31.18
30.96
24.3
29.31
33.26
34.12
34.09
32.53
28.88
27.22
12.28
28.22
32.13
29.86
26.18
28.17
31.05
28.19
24.66
16.43
12.02
24.27
30.17
30.31
20.72
22.06
24.89
21.25
22.44
22.07
26.49
24.93
23.35
30.31
29.17
25.74
31.24
30.38
24.29
31.37
17.37
29.64
28.03
24.25
26.19
25.03
24.53
24.06
20.45
26.9
28.52
28.92
34.24
33.89
31.21
31.56
17.79
31.34
30.3
27.45
23.73
22.46
20.45
22.87
25.07
27.54
32.34
34.24
32.48
29.42
26.7
25.5
18.01
20.84
28.62
30.82
26.93
17.69
16.8
19.93
26.67
31.39
30.24
22.94
21.27
28.84
28.28
21.09
24.23
14.97
26.67
26.08
8.48
26.5
27.43
21.64
16.65
22.2
22.76
16.23
23.94
27.85
25.37
28.92
29.81
24.14
23.28
23.51
18.55
23.86
28.94
24.46
18.2
17.72
21.61
26.36
24.11
15.75
21.88
22.69
30.44
28.4
23.73
26.86
27.92
24.74
18.56
12.99
19.27
27.59
29.56
20.73
23.08
20.43
25.26
20.28
25.93
28.56
23.9
26.05
25.54
11.24
10.67
24.8
29.05
27.52
13.76
28.84
33.4
31.17
20.7
14.21
20.72
18.1
25.01
30.04
32.6
32.25
26.26
6.08
13.05
10.25
12.23
13.76
26.62
27.76
22.99
23.12
27.01
28.28
28.56
28.3
30.83
28.19
11.17
15.87
22.31
28.53
30.31
29.3
27.28
23.11
4.89
23.1
27.04
27.81
24.52
24.5
28.5
28.53
22.07
27.36
29.49
26.57
22.38
22.51
21.27
23.01
25.88
26.33
26.18
23.17
17.21
15.19
20.98
25.49
29.16
30.38
29.54
28.93
28.96
25.66
22.35
25.98
27.77
28.15
25.75
16.22
3.06
18.37
25
28.3
29.67
30.51
30.14
26.25
20.68
20.48
20.19
21.18
24.06
26.16
26.32
27.17
30.32
30.15
24.98
18.48
13.2
13.85
17.77
19.82
23.66
25.04
24.41
25.74
27.81
28.19
26.57
23.91
22.53
23.98
23.62
21.05
19.28
17.7
28.68
32.74
31.95
27.27
28.29
26.25
18.13
23.13
28.63
31.72
34.12
32.83
27.69
24.99
21.65
5.41
21.77
18.37
4.98
20.98
25.69
28.09
34.46
36.32
35.22
31.81
25.42
14.68
17.12
25.32
28.31
29
29.17
28.88
27.16
19.4
10.18
21.49
26.51
26.92
28.29
30.04
30.29
28.36
31.64
32.8
30.05
23.57
22.37
24.67
16.58
11.91
10.74
21.28
29.11
31.23
30.65
27.65
16.63
14.25
18.48
26.49
28.93
31.41
30.57
24.29
18.34
28.21
29.46
26.53
20.47
17.2
18.08
18.56
18.4
24.48
29.47
30.04
34.63
37.85
31.4
15.69
12.02
19.19
19.8
9.7
5.34
3.82
16.23
17.52
20.37
22.63
13.68
17.1
17.38
16.92
16.57
23.04
27.77
29.76
27.87
25.87
27.07
26.67
18.84
13.77
20.52
25.86
24.04
16.41
20.13
2.22
18.28
23.92
17.65
17.27
18.02
14.9
18.46
19.62
20.99
28.82
31.59
28.94
24.21
23.03
22.99
21.62
9.6
11.55
26.5
29.46
23.62
25.18
18.59
13.02
23.04
25.76
25.75
26.97
26.88
22.67
22.48
23.88
21.04
20.17
23.32
22.96
19.45
22.16
24.55
26.66
27.54
25.19
21.17
10.92
20.44
25.74
25.09
19.31
17.04
18.09
28.23
27.82
14.88
21.98
27.01
27.9
25.57
23.25
27.84
29.63
28.77
27
25.45
20.46
17.93
21.75
17.88
8.27
21.68
21.52
12.82
20.94
23.94
26.18
27.23
24.09
13.2
23.7
21.32
12.01
20.64
24.3
26.27
28.9
27.83
23.14
17.1
14.94
12.5
16.94
18.71
9.48
11.97
18.94
22.98
22.31
21.62
21.6
23.67
22.93
18.24
15.58
22.03
23.18
18.97
6.56
15.73
18.02
21.81
23.95
21.96
17.5
20.78
22.04
19.1
20.57
24.88
25.93
19.74
16.3
16.77
19.03
23.78
23.77
22.2
24.43
27.43
28.21
26.31
21.04
23.13
26.84
26.52
21.94
3.85
19.46
15.54
9.74
12.05
13.3
10.07
11.11
11.05
14.18
19.2
20.22
15.54
20.42
22.86
21.66
23.2
25.37
26.81
26.17
22.24
18.02
17.81
18.08
16.09
19.97
16.75
14.33
17.58
19.8
24.65
27.78
26.04
19.15
11.63
16.76
16.56
21.91
21.78
20.11
21.39
22.89
24.57
25.39
23.15
18.92
22.42
23.13
22.77
19.9
12.22
3.93
12.83
19.08
20.76
19.63
9.36
15.53
19.66
21.87
23.04
24.52
25.97
25.71
25.49
25.77
24.44
19.05
10.47
18.18
17.77
14.51
19.4
13.03
8.42
19.2
22.59
23.57
18.69
8.21
13.08
19.05
20.31
19.74
19.24
10.15
7.43
10.48
15.78
21.18
23.26
24.01
21.8
20.55
24.79
25.89
22.36
23.33
24.57
23.64
16.65
12.68
20.09
22.41
18.54
15.41
13.88
17.64
19.61
13.66
12.78
20.63
23.38
22.88
21.68
21.48
20.09
19.63
19.29
14.43
15.38
21.56
23.15
17.51
12.98
20.48
22.18
23.02
18.37
19.92
20.59
19.81
22.18
22.3
18.96
20
22.15
23.19
22.58
14.16
12.42
22.08
24.49
23.57
24.36
24.43
22.26
21.48
21.64
16.04
8.06
12.94
14.15
15.86
17.4
10.18
15.08
19.66
11.25
10.27
9.48
12.32
16.13
9.95
9.34
9.2
8.41
7.48
18.39
22.81
23.03
19.7
17.99
19.63
18.92
21.31
22.1
17.47
17.27
16.88
18.7
18.61
14.05
15.73
14.51
19.44
22.05
22.41
17.56
10.93
10.53
19.84
23.4
25.83
24.87
23.12
27.21
30.85
28.13
22.05
11.86
22.6
21.47
20.11
16.27
7.96
-2.6
17.11
20.46
11.34
21.07
24.52
19.92
-6.19
10.97
14.61
18.81
24.32
20.48
16.24
22.69
24.09
25.75
25.41
25.43
25.4
21.91
22.11
20.59
16.4
18.06
19.02
6.02
20.65
19.75
15.34
17.35
26.84
29.1
25.38
14.38
-1.16
8.1
1.64
13.49
16.71
15.02
11.07
20.32
26.64
23.97
17.25
25.23
25.16
22.36
20.67
16.97
17.03
21.07
20.65
12.33
7.45
13.1
10.4
20.09
11.49
26.73
27.62
23.01
16.4
19.41
17.61
1.42
18.54
24.09
21.62
2.78
12.84
8.31
11.78
16.43
21.9
27.8
26.81
21.55
21.5
19.42
9.2
12.4
15.04
6.96
15.52
18.86
20.36
26.28
25.53
17.32
16.1
12.21
29.3
35.95
32.85
20.81
12.86
18.9
21.12
21.74
20.19
16.59
1.19
18.25
21.14
19.71
16.55
17.98
18.94
11.8
9.13
0.37
17.69
23.35
24.58
21.39
17.28
9.16
15.16
19.04
22.93
22.81
21.57
20.18
19.71
12.75
20.02
18.21
15.85
21.26
22.31
13.14
12.9
12.82
10.81
21.2
23.26
19.84
2.86
22.42
24.2
9.84
23.6
23.13
17.04
19.75
21.73
18.38
15.71
19.18
18.11
13.91
18.41
17.67
14.93
15.67
17.5
16.06
13.26
18.6
13.61
16.81
18.64
5.18
19.04
21.57
25.58
25.81
23.53
21.97
17.14
19.29
21.94
13.98
14.32
11.89
10.99
12.64
12.2
14.55
20.6
21.49
20.43
18.47
19.23
18.22
18.19
19.78
18.42
15.83
15.78
20.16
19.83
20.21
15.22
21.45
15.27
16.34
20.54
20.75
19.63
17.09
14.29
15.68
15.6
10.55
-3.36
20.02
24.82
22.98
20.07
21
22.15
22.31
20.94
13.75
9.92
14.19
23.84
27.93
25.75
21.76
21.13
18.22
13.15
19.68
12.17
16.37
17.88
17.34
17.37
14.26
15.73
19.83
24.74
25.6
22.16
20.44
24.52
21.44
13.07
15.86
18.81
16.28
15.57
23.34
24.8
22.94
19.01
10.69
18.33
21.06
17.97
-2.73
16.21
12
20.55
20.53
18.69
21.46
20.17
19.73
24.45
24.69
19.03
3.64
15.59
16.3
13.17
11.28
20.23
20.8
19.59
22.51
24.41
23.1
17.14
19.51
23.77
24.09
22.66
20.07
17.61
17.13
14.04
17.31
17.9
4.1
18.92
21.78
20
16.07
22.39
23.23
23.11
19.59
4.05
16.16
17.3
16.94
12.98
4.32
9.66
16.47
20.09
17.19
13.06
16.65
8.21
11.34
4.09
11.46
11
15.07
16.03
18.83
15.43
19.33
23.95
25.69
25.76
22.33
14.41
21.14
17.56
17.42
13.67
9.07
15.01
17.72
16.22
11.21
17.54
23.03
24.25
21.41
15.35
5.13
9.44
10.37
17.48
22.3
21.07
16.93
17.55
17.03
8.29
4.44
8.7
15.74
15.82
14.79
12.84
9.91
2.55
6.29
14.7
15.8
3.22
4.4
2.24
7.48
8.35
15.5
8.15
-15.22
-2.89
6.49
11.18
15.1
14.76
15.78
14.01
10.94
3.31
-3.65
5.69
14.27
15.69
14.97
17.41
18.56
19.34
17.93
18.18
18.48
11.99
15.08
14.35
8.45
9.67
12.24
14.78
5.06
11
8.46
14.99
19.57
21.8
22.65
19.5
11.5
9.36
16.01
13.44
5.48
12.05
13.97
14.06
13.16
2.59
8.12
15.86
19.75
19.69
14.68
7.79
12.17
-0.53
-11.61
6.25
10.35
5.8
14.36
-3.08
11.42
8.15
3.48
15.38
13.99
1.69
15.76
14.53
10.29
8.44
13.39
9.6
-0.04
6.86
10.73
11.11
8.37
16.47
21.52
18.67
6.94
20.52
19.94
15.18
14.43
12.68
8.88
4.88
14.47
16.03
10.44
12.83
11.37
10.67
12.13
14.28
12.28
14.87
15.87
11.05
0.23
2.07
0.32
7.36
11.95
9.32
11.29
13.62
11.77
13.17
15.32
4.38
11.71
13.45
13.7
16.34
13.23
0.69
8.32
8.58
4.15
12.2
18.04
18.94
18.14
18.89
18.84
17.57
9.84
11.37
9.35
4.19
3.35
11.39
13.18
10.95
13.56
7.29
11.52
17.36
15.2
11.18
1.93
13.31
18.1
1.62
15.81
8.41
13.19
9
13.07
10.28
8.29
3.96
3.04
4.26
14.56
16.27
15.31
9.17
0.99
12.14
13.37
7.77
16.43
18.62
19.48
18.8
17.36
18.52
13.18
6.21
19.16
20.51
11.66
4.9
10.66
17.1
18.65
14.78
15.71
18.38
19.24
17.87
15.12
10.97
11.77
19.15
20.47
17.56
16.49
17.23
8.01
14.95
15.5
12
8.14
2.3
9.13
12.12
16.5
13.58
9.76
5.18
12.37
11.11
10.73
13.49
9.45
6.71
12.91
12.75
1.85
9.13
16.29
15.9
13.58
9.84
15.03
15.98
15.37
12.23
3.96
13.57
13.67
14.38
8.01
12.19
21.71
24.52
22.2
17.8
13.05
9.68
12.77
18.14
19.17
17.38
16.48
15.38
16.3
10.14
3.09
15.62
15.64
8.5
17.33
15.86
14.55
20.32
15.11
9.14
13.75
14.78
11.77
13.68
-3.93
13.76
12.98
6.93
16.09
19.28
19.11
20.68
16.68
16.55
16.56
11.04
14.65
14.6
19.53
17.08
17.75
22.47
24.06
24.15
21.64
14.61
14.89
16.39
13.87
22.51
20.91
16.36
12.13
21.84
23.94
17.79
15.31
15.84
3.88
9.71
1.76
1.16
11.87
14.27
9.64
8.14
11.41
19.58
19.82
15.63
7.29
7.36
15.95
18.1
20.39
20.72
15.84
8.31
13.8
16.66
18.31
18.59
9.13
4.79
8.3
7.18
15.39
17.42
17.49
16.27
12.94
10.43
5.86
11.7
19.25
18.22
16.02
17.72
15.92
12.44
12.88
11.61
16.1
17.47
17.13
14.7
6.8
13.4
16.63
16.73
17.52
20.04
20
17.36
10.44
1.63
8.4
-2.48
7.17
-0.83
11.69
13.92
17.37
17.73
11.99
2.81
2.95
12.61
18.05
13.69
5.45
2.14
9.3
5.28
19.04
21.77
19.51
14.34
13.31
9.05
-2.44
8.94
-3.45
11.32
13.07
6.12
12.71
18.53
15
2.87
15.81
15.42
15.45
14.2
16.89
19.41
21.5
13.42
12.8
8.2
11.06
18.59
18.09
10.57
0.33
8.94
-3.69
12.41
17.18
20.3
22.42
21.76
14.4
15.17
14.88
15.07
18.68
17.31
-1.21
13.36
12.93
16.41
11.46
14.55
8.5
8.81
19.79
22.02
18.17
19.43
17.91
14.8
18.21
21.4
22.28
20.58
16.8
15.95
16.43
19.2
15.53
11.37
17.99
18.27
17.92
17.39
18.41
19.54
19.21
19.49
13.99
14
18.19
17.26
12.27
15.91
14.1
18.35
21.1
18.13
14.17
14.12
11.77
20.63
12.69
9.94
9.13
17.96
20.77
20.26
18.02
10.55
18.14
17.21
11.15
10.65
4.29
9.84
11.57
17.68
19.2
20.09
17.47
16.28
18.35
17.07
17.1
21.22
8.61
17.58
13.05
15.82
9.41
15.15
17.39
16.14
15.98
7.26
7.2
9.08
20.42
24.52
22.9
13.18
15.34
21.81
22.52
18.91
9.57
18.76
22.49
17.53
15.38
13.15
10.57
10.32
17.85
19.04
14.28
19.03
17.61
4.34
14.05
11.75
17.3
22.05
18.51
4.01
17.11
19.62
15.62
19.61
23.41
21.23
3.74
16.32
14.59
15.25
15.86
23.55
20.38
8.98
21.89
26.55
23.64
5.53
14.23
8.09
10.87
16.62
16.97
14.71
17.61
20.47
18.87
15.3
12.75
10.47
18.83
15.54
0.32
17.08
21.62
20.39
16.9
19.13
22.23
22.84
19.15
19.69
21.67
16.13
15.71
17.8
15.94
17.39
19.1
20.82
21.04
13.22
-3.1
10.88
18.49
19.71
17.3
11.56
15.03
20.39
17.83
5.67
15.48
17.04
2.67
5.88
-0.13
4.01
17.27
18.65
20.82
17.46
12.4
20.8
14.8
10.97
11.9
19.93
20.87
19.22
13.97
7.64
9.84
16.48
20.13
20.41
18.99
20.16
21.8
20.83
17.37
14.95
19.23
15.77
18.45
8.98
16.39
17.32
9.21
12.08
18.16
20.18
14.55
9.84
19.8
20.53
18.43
20.57
19
13.44
-4.76
14.81
18.09
14.15
9.25
15.83
13.62
12.24
15.95
16.19
7.36
17.38
20.26
17.85
5.01
19.48
20.86
18.63
18.39
11.56
15.03
15.61
17.2
19.24
19.01
18.36
17.93
19.56
17.95
13.99
21.87
20.86
14.3
1.15
13.59
19.94
19.88
17.49
16.04
18.75
17.51
15.85
18.98
18.98
11.27
10.9
12.61
5
13.91
15.28
8.7
12.26
17.38
16.97
10.99
16.79
15.53
9.77
18.99
11.98
16.14
16.58
14.37
16.05
13.02
10.42
12.27
10.28
12.12
10.58
0.15
13.34
10.33
-0.39
5.92
14.51
17.85
16.48
5.25
2.01
6.86
16.83
13.12
6.65
12.64
8.23
4.6
13.36
17.57
0.8
11.85
4.1
12.42
16.71
10.06
13.29
17.41
13.5
12.09
13.5
7.57
12.08
17.7
17.61
14.56
19.6
11.78
10.6
17.26
17.19
5.14
11.87
12.41
7.56
8.33
12.58
7.53
15.39
20.11
18.66
12.53
11.16
16.03
14.16
8.83
16.86
20.06
21.19
22.06
18.29
13.06
11.96
10.87
11.33
-6.92
11.57
11.78
6.45
12.73
13.11
15.04
11.15
-2.99
12.42
16.98
9.87
11.12
17.19
15.93
8.07
18.44
15.88
18.75
21.88
18.44
10.14
8.4
12.37
7.17
12.91
16.45
16.92
23.17
22.66
5.89
17.65
17.97
15.43
16.32
18.23
17.14
6.61
10.37
8.79
12.61
19.86
15.06
8.23
15.1
4.06
14.2
20.06
17.27
2.11
15.83
15.39
16.07
15.57
12.51
6.6
19.86
19.44
15.32
10.84
18.4
21.62
21.02
18.32
15.9
9.51
17.61
16.19
16.67
16.67
10.85
15.2
16.41
13.68
3.5
9.34
14.47
9.54
15.91
21.18
15.3
15.27
22.07
21.48
15.67
4.66
4.39
16.41
19.74
16.38
8.42
17.23
21.3
20.46
14.66
9.83
15.58
17.45
19.07
15.89
2.7
12.23
15.73
13.08
13.37
7.34
13.48
9.17
2.46
1.75
11.95
17.91
13.92
9.33
13.64
9.71
15.22
15.69
12.74
16.79
23.09
21.79
14.45
8.21
7.92
15.04
17.98
15.44
18.6
11.22
11.87
15.3
10.07
19.53
19.27
16.75
10.96
20.85
18.22
13.64
16.32
14.6
12.57
7.34
8.07
10.11
8.95
8.71
14.63
13.68
19.04
13.17
16.26
19.08
12.04
16.44
16.99
16.18
13.99
8.63
8.68
13.78
11.17
15.41
16.78
7.52
6.98
19.45
21.59
11.48
20.5
14.39
13.31
11.59
5.18
10.21
14.52
19.02
13.48
3.54
-3.95
2.11
17.73
21.77
18.42
1.69
3.26
13.87
17.57
15.99
6.18
16.57
17.87
13.84
11.5
11.09
10.92
15.14
19.86
19.26
4.55
19.17
18.08
18.32
18.97
8.17
14.69
11.59
14.06
13.24
11.45
4.37
12.43
10.31
9.78
12.26
16.75
7.31
21.25
18.36
14.55
20.75
16.89
11.88
16.2
18.57
15.35
16.22
18.25
13.98
-6.01
4.36
11.52
5.47
15.73
15.47
13.03
15.93
17.62
11.17
10.19
9.41
10.38
6.63
18.31
17.25
18.93
20.28
12.96
14.49
8.88
11.35
14.24
2.38
11.53
10.26
15.39
19.53
19.65
21.93
21.05
10.56
17.2
10.55
12.64
17.59
21.84
19.58
-5.2
11.48
6.99
15.98
14.87
16.96
21.53
17.51
12.06
11.35
15.7
21.1
17.83
9
4.56
15.14
18.72
18.26
15.38
4.87
16.47
16.42
15.83
17.12
20.84
21.01
16.38
6.44
13.99
16.23
16.87
9.01
12.3
13.62
10.99
15.61
1.53
20.01
17.94
9.84
12.17
16.36
17.28
14.07
18.05
16.17
10.82
10.72
8.52
0.35
18.3
21.54
20.83
10.17
16.91
16.25
6.72
12.19
14.6
15.64
9.62
19.51
11.18
18.37
18.23
11.06
18.28
5.48
9.46
6.51
11.42
13.53
12.65
9.61
9.76
12.12
6.95
15.82
13.76
3.65
7.52
6.49
16.07
21.72
19.08
22.71
20.47
3.49
14.55
15.83
16.09
14.42
5.48
10.61
16.87
15.86
13.68
9.86
8.24
10.16
4.26
14.11
8.59
15.66
9.49
16.44
17.47
11.38
9.93
6.57
14.82
4.57
8.3
11.5
17.39
14.62
14.98
17.14
13.26
-2.79
14.82
18.61
13.17
2.65
10.07
3.94
10.7
12.73
1.3
16.05
17.4
11.83
15.91
13.56
12.64
-1.99
16.74
14.47
13.94
17.5
8.89
6.88
14.85
16.04
6.31
6.85
4.01
16.31
7.93
14.21
11.99
12.46
19.08
20.46
19.22
11.98
18.09
17.5
20.94
21.32
17.67
12.95
10.48
4.01
14.85
18.13
18.71
16.9
18.52
19.98
17.5
13.98
9.66
7.47
9.02
14.88
15.29
11.57
16.82
18.13
11.49
16.48
21.28
20.18
15.85
13.53
3.12
15.13
12.18
5.98
14.9
19.85
20.77
19.11
17.17
15.31
15.22
13.44
14.59
17.82
15.94
12.06
5.88
12.32
13.9
15.61
6.16
10.58
11.86
8.6
10.97
14.7
20.2
19.33
9.26
1.37
11.56
16.01
19.9
21.71
21.07
13.68
12.92
13.17
14.95
18.68
12.92
10.48
12.68
12.57
10.43
9.13
13.24
3.49
14.72
17.91
14.17
15.33
17.05
13.98
3.71
8.91
13.29
14
8.17
8.92
11.93
15.58
17.93
16.27
17.21
15.28
7.72
11.21
13.35
12.76
5.62
10.9
11.43
3.13
13.64
12.79
6.54
2.18
2.37
4.67
12.42
14.28
12.47
12.56
10.9
16.93
19.84
17.52
12.15
8.4
6.32
8.65
0.27
13.24
15.79
11.1
11.63
14.65
17.38
17.06
12.21
-0.61
9.04
12.7
15.53
20.16
19.83
13.03
10.63
9.22
12.1
16.23
13.25
5.3
9.39
14.04
12.41
11.97
9.64
12.4
10.48
5.71
12.32
14.65
11.19
14.82
17.97
13.31
11.43
16.6
14.87
12.63
7.22
17.74
20.07
15.62
8.58
10.64
11.46
8.46
3.66
-4.84
-24.51
7.77
10.55
-8.13
11.86
7.07
16.34
20.75
14.45
11.87
14.34
2.61
12.37
12.27
12.47
11.11
10.73
15.68
16.56
14.25
12.96
8.32
11.56
16.33
11.72
11.73
8.51
-12.6
5.24
10.53
16.07
17.34
17.04
15.47
13.46
13.16
10.89
2.1
1.01
7.82
9.91
6.31
11.74
16.2
15.91
9.92
13.76
12.97
14.02
6.37
0.9
1.77
11.9
16.6
13.83
6.72
0.33
-1.84
-5.22
10.48
13.58
13.9
13.94
12.98
4.06
5.35
-5.07
11.52
12.18
13.43
13.33
6.83
12.51
-10.67
14.6
14.8
9.52
12.15
18.24
17.62
14.53
11.87
8.4
1.66
3.22
12.1
13.19
8.78
9.33
8.42
-2.94
10.92
14.99
12.07
12.07
17.56
18.09
17.62
19.08
15
8.27
13.05
10.71
12.16
9.86
9.92
8.82
6.57
13.68
15.81
13.45
6.1
13.33
10.07
6.69
9.98
4.53
9.17
8.47
7.74
-8.24
11.05
13.67
11.94
7.7
10.14
14.14
14.05
11.09
-23.01
3.05
4.48
10.07
11.62
8.08
15.71
11.66
4.09
9.75
5.5
8.98
7.82
17.37
17.65
11.04
12.05
14.18
19.41
20.32
1.82
18.47
19.4
12.39
8.56
5.42
6.24
12.46
16.2
15.98
14.7
13.39
10.11
12.25
12.54
11.79
9.38
-5.38
11.73
13.65
13.78
7.75
7.27
0.44
3.91
9.21
7.65
2.89
-7.62
7.57
11.35
10.87
14.33
15.99
17.32
13.33
0.28
10.04
9.28
11.4
13.52
8.17
-1.16
7.18
6.91
14.01
12.08
2.74
8.88
13.23
11.48
1.65
4.67
6.23
6.59
15.23
14.58
11.87
9.69
-0.02
6.27
5.06
10.76
10.1
16.01
17.95
13.53
-7.94
9.71
14.13
17.22
15.53
7.95
-3.7
0.09
11.08
15.22
9.3
-6.04
11.35
13.75
5.88
5.11
10.34
12.73
10.63
4.92
1.73
10.37
8.01
-0.9
7.48
5.09
8.78
12.11
13.18
16.81
14.97
4.29
12.82
9.31
11.02
12.31
13.75
14.34
9.11
-0.03
6.38
5.52
2.84
-1.01
7.46
4.84
12.85
13.31
11.83
11.23
6.89
9.98
12.53
14.3
15.21
9.11
11.48
13.55
5.51
10.25
5.04
13.44
14.67
9.82
0.1
6.27
12.02
10.11
15.33
15.4
10.84
8.58
14.01
19.61
21.69
20.24
17.65
13.46
3.66
12.29
19.52
19.95
11.04
10.39
11.83
8.48
6.12
14.6
16.31
13.45
5.39
6.77
13.2
15.52
10.42
0.95
-4.67
9.29
12.57
10.49
10.92
12.61
15.81
15.97
9.81
9.05
10.77
12.23
11.77
12.99
18.68
19.99
19.03
17.06
12.78
9.67
5.07
12.91
16.93
11.59
3.7
9.72
14.01
9.55
5.7
15.29
17.94
18.28
17.15
15.11
11.77
8.55
-1.97
12.4
10.53
7.24
12.74
11.28
8.1
12.13
13.07
14.43
17.4
17.12
14.64
13.74
12.75
8.94
2.41
10.64
6.06
16.24
12.57
-3.74
14.86
16.32
8
-3.14
3.96
-0.64
1.23
9.32
15.39
12.23
8.92
-5.64
8.08
12.74
13.87
9.06
-8.23
3.74
12.21
12.66
12.8
10.9
12.03
16.96
15.75
6.34
7.38
1.17
-5.23
9.93
15.76
21.53
20.27
15.15
11.43
3.16
7.52
8.26
6.69
12.15
12.43
7.83
10.11
11.59
6.8
8.19
8
12.3
13.91
14.5
18.18
17.39
14.25
14
17.11
17.88
13.15
1.26
6.44
2.89
-1.36
11.74
18.43
19.55
18.22
16.69
12.84
-5.56
8.77
8.03
6.52
7.24
-5.45
0.33
-1.9
5.03
13.4
14.46
12.34
12.48
13.41
6.98
-2.73
9.15
8.32
7.66
13.33
15.26
13.4
13.08
12.22
5.05
6.99
10.64
11.8
-2.38
13.2
15.35
15.09
13.67
14.8
18.24
14.62
9.04
10.98
10.6
1.72
15.75
13.71
8.49
8.81
9.84
7.88
-3.24
11.67
12.22
7.99
6.77
3.51
-0.45
11.31
8.84
1.79
8.34
14.98
12.66
7.61
12.43
8.67
7.19
13.08
15.91
15.92
11.2
2.39
-2.07
10.79
13.37
15.54
16.96
14.54
7.98
7.65
11.4
16.11
17.23
16.58
13.66
14.71
18.01
19.85
18.67
10.41
10.02
0.67
3.91
0.74
11.4
9.86
9.56
11.67
11
5.05
11.33
15.85
13.9
6.21
8.79
14.13
16.53
16.6
13.94
15.76
18.8
15.75
7.51
13.1
12.43
14
15.22
15.62
16.24
15.11
12.9
12.34
10.84
7.94
15.4
17.39
15.63
13.95
14.2
12.14
8.78
17.82
20.83
19.3
14.28
15.28
18.96
18.03
14.54
12.1
13.33
14.19
14.88
11.17
5.82
11.74
13.63
7.77
-6.43
9.95
7.14
13.92
14.6
14.33
15.42
16.94
18.57
19.33
16.09
11.15
9.58
11.96
11.63
8.33
5.02
3.43
3.37
9.7
15.53
18.62
18.74
16.66
12.92
7.65
1.79
5.96
14.84
17.23
14.2
11.99
17.1
16.84
13.46
9.58
7.19
5
2.93
14.01
15.28
14.3
7.09
0.52
7.93
10.66
13.75
14.84
11.35
9.67
11.11
4.51
5.68
9.54
6.63
-2.05
2.6
6.38
12.45
13.5
14.74
14.14
7.56
8.16
13.23
15.37
13.81
13.45
11.28
-8.95
12.76
15.98
14.13
11.88
16.75
18.52
18.39
13.49
11.24
9.19
-11.77
13.71
19.36
19.67
18.35
17.95
18.77
17.8
3.29
13.39
12.75
-2.2
15.11
18.4
18.84
18.37
15.67
11.61
11.32
10.32
10.82
13.82
13.04
14.39
16.4
10.94
5.88
10.61
11.51
4.01
1.6
4.39
13.52
11.74
4.04
8.42
15.86
17.97
16.46
0.2
11.63
15.18
16.6
18.11
17.72
15.38
12.16
6.46
4.94
6.95
-2.48
-2.23
8.14
8.83
10.74
13.46
14.74
11.87
9.3
12.78
16.87
16.66
8.25
6.19
17.69
19.21
14.41
12.48
15.12
11.06
10.28
14.31
14.06
11.25
12.04
15.53
17.37
15.39
4.74
0.94
12.15
15.89
14.54
13.16
2.9
13.41
8.73
-7.62
-2.48
6.67
11.41
5.98
-0.94
11.58
17.58
20.73
16.9
2.55
15.35
17.42
13.18
5.35
16.72
19.88
21.06
18.6
15.42
15.97
10.14
11.63
15.4
11.7
11.39
3.22
15.95
17.1
12.55
5.55
4.17
9.5
11.47
11.56
12.06
7.43
6.34
4.02
6.31
13.68
15.03
3.31
12.86
17.78
17.44
15.2
12.47
17.39
19.99
17.65
13.9
14.29
15.78
7.26
6.51
11.87
18.04
21.35
20.98
18.06
13.04
9.66
1.93
7.79
6.89
4.52
12.16
11.09
9.99
11.73
1.39
8.2
15.54
15.68
11.02
7.22
14.34
16.15
13.93
16.3
15.96
3.99
4.16
-11.52
12.26
12.85
10.99
15.62
12.64
8.71
16.1
13.79
6.74
9.3
11.65
4.01
-6.41
6.54
17.65
19.7
16.51
9.35
9.23
13.94
14.36
8.7
13.95
19.55
18.53
14
12.92
18.62
17.52
10.69
15.42
11.03
8.95
14.61
16.78
16.96
18.97
13.94
2.19
9.05
10.21
5.65
13.47
16.77
12.17
10.98
17.17
16.43
16.19
11.42
13.62
19.98
18.2
13.92
14.88
18
20.01
19.78
14.95
4.75
13.17
16.66
5.81
11.44
13.66
11.65
12.75
12.77
4.25
-5.57
4.06
12.16
13.3
14.85
8.71
15.9
14.94
12.62
16.37
17.33
15.21
8.07
8.17
3.59
9.03
17.28
15.22
10.97
18.02
18.84
19.71
17.46
12.7
5.75
-2.09
4.16
8.74
6.2
-6.58
12.44
13.9
8.99
10.55
12.75
9.96
13.32
12.47
-10.73
12.78
11.4
7.76
13.87
12.59
14.93
16.46
16.16
12.14
-5.6
10.93
15.34
15.6
12.06
8.85
12.61
9.81
7.53
5.46
12.73
12.35
-17.03
10.41
6.42
5.17
13.46
13.23
8.94
15.2
13.38
-0.76
9.22
12.69
13
11.33
12.96
10.86
9.69
6.31
6.86
14.97
13.75
2.45
8.7
15.88
14.99
5.8
6.11
12.54
14.1
13.22
8.18
6.98
10.58
10.12
-5.38
8.47
13.66
16.08
11.22
-2.21
12.21
16.04
16.16
13.51
15.78
13.95
14.31
15.67
15.25
13.83
13.68
17
18.41
15.39
1.92
7.46
12.31
7.09
9.84
12.72
17.54
13.64
9.26
12.88
12.04
0.89
17.19
15.35
12.24
18.07
16.35
13.33
4.58
4.52
1.35
14.03
12.93
11.83
13.59
6.65
2.63
2.05
-11.63
8.97
13.48
10.72
8.76
7.21
-9.33
8.52
9.8
0.47
9.77
13.39
13.11
10.4
1.2
10.92
-4.1
5.59
3.44
12.87
14.55
7.79
11.79
14.78
15.23
12.1
14.41
9.36
8.62
2.91
8.92
6.13
8.79
12.12
10.87
12.61
8.24
4.43
12.7
13.68
14.87
15.84
12.5
10.15
7.94
12.06
16.35
18.23
17.02
17.18
19.25
10.07
14.75
14.96
13.27
15.62
12.83
9.32
8.05
8.27
9.51
10.17
14.95
17.59
14.25
-5.42
1.77
9.18
16.6
15.11
9.66
10.8
16.99
13.38
8.47
15.97
15.72
6.06
8.17
10.78
8.34
3.94
14.52
16.09
15.61
12.41
12.9
12.15
1.04
5.51
12.9
12.15
3.59
6.42
16.78
18.86
9.69
13.59
15.68
17.71
22.83
22.06
14.14
10.61
15.31
15.37
16.91
16.91
13.41
11.17
5.58
10.04
15.08
15.54
8.06
4.24
-11.61
1.66
11.13
10.81
-18.25
8.23
14.4
16.51
14.49
7.8
5.17
9.11
15.93
16.24
8.33
7.02
9.77
11.43
6.64
8.23
6.49
1.78
3.7
2.29
-13.54
7.76
12.09
16.64
16.4
10.93
7.46
0.86
0.73
2.45
11.2
17.35
18.78
15.85
12.99
2.66
13.88
18.5
14.89
5.18
9.86
12.03
16.25
17.71
12.93
4.53
14.08
18.17
19.37
20.22
17.4
7.36
0.38
2.71
13.71
16.35
23.43
24.19
18.09
14.24
13.65
7.16
3.84
6.97
17.65
19.65
14.55
4.62
-9.02
1.9
9.13
6.29
-4.31
-5.42
7.86
-0.59
11.76
14.84
10.68
5.59
-9.16
1.03
6.48
6.13
14.41
15.18
13.13
9.22
-3.81
11.39
17.1
17.35
12.24
5.2
10.35
12.16
2.57
12.12
12.72
8.54
10.76
4.9
4.37
-0.66
10.08
16
15.19
8.39
2.78
4.49
4.5
10.56
13
14.98
13.73
6.49
13.06
12.06
11.46
14.67
10.73
12.82
13.88
3.22
14.02
13.58
8.81
10.29
11.04
8.78
7.03
10.87
17.05
19.99
19.82
16.65
13.24
13.15
11.34
4.23
11.48
10.31
6.27
4.49
6
5.73
10.66
15.26
14.66
14.4
15.5
11.4
3.38
9.61
8.33
7.54
-2.06
9.06
15.72
14.59
7.95
16.52
15.48
13.08
10.82
14.9
18.34
16.36
16.86
20.21
16.84
10.99
8.71
6.93
11.68
13.2
14.31
16.93
15.14
6.87
10.3
14.56
10.81
11.97
14.22
9.25
20.5
24.08
21.74
16.85
16.57
16.99
14.53
18
19.17
15.82
6.81
9.58
10.75
6.53
14.27
15.32
7.07
6.01
-2.65
8.37
9.11
4.43
12.65
13.46
7.67
7.82
12.44
11.49
9.52
9.87
0.02
14.73
15.21
9.48
10.22
13.33
13.56
11.41
-0.26
7.52
9.5
10.37
9.84
12.41
14.01
6.1
6.6
12.38
15.71
10.83
14.07
21.42
