8.02
8.48
2.96
8.88
12.03
11.49
11.91
6.94
-1.64
3.6
7.58
0.41
-2.57
4.22
11.09
11.99
7.2
7.63
5.82
11.05
13.9
13.14
13.67
14.12
8.19
-17.72
8.15
5.76
-0.86
0.23
11.22
16.39
13.3
8.5
11.06
12.46
10.95
2.85
2.72
11.85
14.13
11.21
3.73
-2.81
5.28
10.06
10.74
11.78
12.71
13.25
12.4
15.07
13.36
-6.4
6.37
7.27
0.04
3.62
9.23
11.61
8.6
10.18
8.29
3.11
6.44
9.59
6.18
9.89
12.54
11.23
8.79
-2.81
10.42
13.82
13.75
13.01
13.03
11.37
13.68
17
18.42
15.76
3.66
13.09
11.67
-0.58
9.07
9.6
13.44
16.84
16.19
16.06
9.83
5.93
7.94
-0.73
2.58
2.57
10.03
14.45
12.28
4.48
4.94
12.63
15.36
13.66
0.68
8.58
5.68
4.18
-3.3
1.58
5
14.47
10.76
-1.37
5.97
1.1
11.79
7.1
12.15
14.6
14.83
17.63
16.2
7.48
6.53
5.37
5.99
7.14
13.22
8.6
-3.51
3.4
10.97
9.1
1.2
8.16
-1.99
13.93
12.45
6.41
8.81
4.39
9.66
11.63
10.41
11.71
7.82
10.55
9.43
-5.05
4.54
0.89
-0.07
9.44
13.43
14.99
14.76
12.38
5.39
5.7
9.4
11.9
10.42
12.44
15.19
10.88
13.4
16.49
15.37
14.28
9.06
-7.62
7.84
14.31
15.13
7.85
7.43
13.83
15.11
13.03
3.92
3.98
9.97
7.8
-4.4
3.75
6.71
2.34
8.75
10.94
9.58
5.71
6.66
7.03
12.72
5.67
11.41
16.6
18.53
15.83
13.91
4.51
8.55
4.35
7.01
11.59
8.16
-8.38
4.01
9.12
4.63
5.92
8.39
9.15
4.24
-8.62
6.64
12.63
13.55
11.14
6.8
2.89
15.54
16.49
10.67
-7.41
4.01
11.61
14.87
18.5
16.39
12.66
14.34
11.63
4.01
2.17
6.1
8.13
10.98
12.68
12.86
10.37
5.75
5.33
9.29
5.83
-3.34
7.81
14.58
16.62
15.47
13.04
11.45
12.11
4.49
8.26
10.15
10
14.35
15.68
10.39
-4.08
-7.98
10.8
12.33
6
2.05
7.74
12.66
10.38
9.6
12.38
12.08
4.5
9.91
16.01
15.94
16.7
15.54
2.25
11.43
11.09
7.02
3.64
8.24
9.09
10.11
12.87
2.88
4.79
-0.48
8.17
0.27
10.96
13.42
12.93
10.29
6.74
12.53
15.22
11.28
-4.03
2.53
1.43
5.26
3.57
-7.18
7.48
12.61
15.86
9.33
-2.22
8.39
11.6
8.53
12.59
10.47
16.7
17.06
14.97
12.03
6.34
10.58
6.42
11.62
12.11
6.45
8.64
14.05
14.53
13.66
9.99
6.22
12.46
13.56
6.71
2.47
6.68
-1.49
7.29
9.11
7.41
-0.47
4.93
10.85
4.93
12.67
14.83
12.53
13.11
8.04
2.89
8.16
13.44
12.73
12.69
13.46
11.9
10.68
11.49
8.07
-7.94
6.32
8.48
7.43
6.02
12.73
15.45
9.8
2.57
1.69
2.92
-8.96
-7.64
-3.59
6.15
12.68
15.22
16.29
14.66
11.33
10.19
2.13
11.14
10.43
-1.4
-0.49
7.31
12.37
12.17
4.24
-3.92
9.43
12.15
12.08
3.61
9.5
10.96
5.89
17.02
17.27
13.27
8.12
3.5
-14.47
2.05
2.73
-11.46
2.98
16.73
17.74
12.2
10.44
13.09
7
2.44
0.74
2.61
-5.64
-3.53
12.11
14.17
9.29
7.52
10.3
8.37
2.52
-2.02
8.24
7.72
-7.99
-0.66
1.29
11.97
11.92
8.13
10.32
11.12
15.06
16.66
7.7
11.33
14.39
12.36
12.96
10.97
6.71
10.75
6.29
11.3
10.07
6.67
11.36
7.56
3.17
9.89
9.36
7.07
-0.78
12.71
15.41
10.8
-4.21
11.3
13.38
12.72
11.02
11.18
8.07
3.96
6.78
5.78
1.37
13.95
16.36
11.26
6.6
12.18
11.57
7.02
7.71
6.57
10.36
-2.41
2.8
7.05
7.99
-0.69
15.5
18.92
17.49
11.8
0.6
-7.06
5.64
3.52
-2.94
-2.05
8.66
8.86
2.88
2.35
-10.67
4.58
12.72
10.62
5.69
4.74
1.02
6.78
-8.3
9.04
14.04
14.98
9.43
3.69
7.68
-5.71
10.65
15.39
12.47
7.32
11.96
15.03
10.29
7.4
-1.96
-1.55
5.92
7.77
-4.17
7.31
-0.53
-5.44
3.99
8.98
11.91
10.55
3.87
7.36
2.56
12.31
13.88
10.67
6.44
7.49
-0.8
1.22
12.88
18.75
18.07
11.41
7.02
10.61
11.09
6.76
1.23
6.99
3.56
-4.1
8.98
10.97
8.64
5.77
0.09
2.18
-7.06
10.45
14.72
11.01
2.76
3.58
6.67
5.09
-6.68
10.69
15
16.08
12.93
13.19
17.54
12.7
5.29
2.64
1.93
9.29
8.23
9.08
12.12
9.39
11
13.13
8.71
6.84
9.58
8.1
9.6
17.25
19.63
17.69
12.68
3.85
1.84
5.81
-1.76
7.3
12.92
14.87
11.16
9.5
11.81
7.19
-7.05
6.29
9.18
2.84
11.96
10.56
12.64
15.74
15.42
11.58
7
5.71
4.52
3.36
-1.35
11.16
12.99
4.01
3.73
8.15
-0.15
-8.73
10.97
13.16
7.64
-2.59
6.68
6.82
11.63
4.49
8.26
13.01
13.29
12.56
15.85
16.3
11.96
8.91
5.05
9.48
7.18
8.98
8.9
2.83
-0.57
0.13
3.46
10.64
9.15
10.8
6.76
0.64
3.44
-8.37
-5.68
5.9
8.69
6.63
9.43
12.99
7.2
14.54
13.3
5.08
5.78
12.23
9.25
-1.33
4.74
9.53
13
13
10.47
9.63
4.49
-2.58
-20
8.63
6.91
7.12
8.86
3
10.41
10.03
8.87
10.78
7.15
0.45
3
-0.77
-2.55
5.55
11.38
14.21
14.76
15.08
13.9
1.97
7.01
-2.57
1.95
-0.06
6.92
11.92
11.31
-0.16
9.78
11.96
10.58
12.32
17.51
17.11
11.11
11.65
10.67
9.35
12.52
13.91
9.55
11.91
12.79
13.55
4.52
8.02
9.18
10.95
5.38
4.8
2.65
1.8
9
-3.22
13.19
13.16
10.4
10.65
7.21
5.82
-1.36
3.67
6.39
7.62
11.8
10.47
-6.82
12.39
13.31
11.58
10.14
6.93
12.86
13.66
4.44
-5.58
-0.23
4.11
10.36
12.14
12.75
12.97
8.28
-1
8.02
13.03
10.59
4.43
5.14
8.64
7.19
2.63
3.07
11.47
12.18
9.62
8.88
7.24
-0.3
8.53
11.5
-2.8
3.96
7.76
4.65
11.92
15.43
16.58
14.44
23.65
27.25
25.44
18.38
-2.07
17.88
17.71
17.68
16.37
18.42
15.87
20.93
26.13
24.83
16
16.96
13.4
10.7
17.81
19.88
22.19
18.47
15.41
20.96
19.91
10.03
18.84
17.94
15.56
-6.55
22.99
24.69
17.68
19.77
25.99
27.47
25.43
22.15
1.48
15.1
14.12
10.22
4.94
10.85
18.63
25.13
25.41
18.96
9.43
20.86
26.08
24.87
21.84
8.98
25.44
30.87
29.37
23.09
17.66
16.45
21.84
23.17
19.29
7.31
5.98
9.4
20.97
23.75
20.62
13.21
21.82
22.48
22.66
21.46
10.9
14.96
19.62
23.2
23.92
15.18
17.5
21.02
19.76
18.61
22.19
16.35
11.24
15.44
15.56
17.7
24.66
24.73
23.74
13.03
15.6
21.09
20.79
22.37
23.32
18.37
6.98
8.42
16.82
19.03
14.66
10.36
17.59
19.37
18.13
17.37
7.3
5.65
12.21
18.52
15.38
16.49
13.18
12.5
23.04
27.63
26.3
15.53
19.69
20.02
19.18
18.83
17.4
12.68
14.74
22.97
26.31
22.7
11.08
19.83
6.73
23.8
23.89
19.88
20.52
17.66
2.64
18.1
19.93
13.61
9.13
9.74
19.82
20.22
20.77
19.22
14.08
17.41
17.39
19.78
18.06
17.93
13.16
14.66
15.36
23.15
27.61
25.22
18.12
18.05
25.7
25.54
21.57
13.4
20.9
23.53
21.95
22.26
22.25
23.22
21.46
25.96
28.63
27.5
23.32
10.49
21.69
27.47
28.57
28.4
25.02
19.93
20.76
26.69
28.48
23.09
22.66
19.16
18.23
21
22.59
20.55
16.38
15.92
21.57
26.94
28.93
21.91
14.51
21.29
24.8
27.18
26.33
21.9
16.75
15.03
10.5
-0.24
18.59
23.19
17.35
24.62
22.73
20.4
12.07
20.83
17.49
13.63
17.86
21.44
21.36
18.35
12.2
18.18
19.09
24.41
22.56
18.4
20.31
22.22
19.44
14.02
9.28
10.27
23
26.07
23.05
15.47
9.25
2.1
16.31
20.15
18.62
10.54
7.9
20.05
23.83
25.57
22.92
17.67
20.97
22.52
22.23
21.9
19
9.08
19.86
23.73
25.35
21.59
15.59
22.23
22.57
19.81
21.22
16.43
11.33
13.18
15.43
16.67
21.83
19.55
15.23
18.4
22.59
25.82
26.46
23.74
8.91
13.64
19.86
27.57
25.34
17.57
12.77
5.84
18.17
21.76
23.18
23.03
21.38
23.29
21.65
21.64
19.92
14.22
24.23
20.43
17.31
23.3
21.85
14.79
15.88
13.35
14.34
20.29
23.75
23.61
22.49
20.93
23.19
25.11
21.54
11.85
14.12
15.25
8.83
14.19
17.42
18.97
15.95
17.35
15.17
-3.61
9.95
15.66
9.29
12.52
11.39
6.51
9.64
12.4
16.59
17.16
14.74
16.03
17.2
11.85
-0.96
10.91
8.32
10.48
14.5
12.22
9.89
17.88
16.71
15.8
21.7
23.67
21.6
17.49
5.08
3.8
0.69
14.87
18.7
17.15
11.78
13.17
17.52
12.63
18.37
14.57
5.78
9.74
12.2
11.86
11.49
12.41
13.34
3.53
13.78
14.9
10.96
11.08
11.75
12.8
1.53
18.1
19.48
16.04
13.95
13.16
11.66
13.32
6.25
9.85
3.09
-1.58
5.12
-2.13
7.76
8.7
3.61
6.78
20.01
17.81
11.43
2.96
15.15
18.78
11.93
15.74
18.42
18.98
9.89
16.04
16.72
21.3
23.31
26.07
24.93
22.61
23.18
20.75
14.4
20.17
20.77
20.14
17.39
20.07
21.26
21.65
22.63
24.09
20.19
10.45
18.16
16.63
16.68
17.86
13.25
22.1
23.25
21.81
18.9
7.42
18.34
24.76
25.59
25.75
26.01
25.7
21.97
18.88
19.57
23.98
26.32
22.84
20.07
23.58
23.4
17.27
17.17
21.11
1.47
26.15
24.15
19.84
26.55
25.92
22.56
15.22
15.42
13.53
14.88
22.46
26.65
29.78
30.66
27.82
23.55
27.42
24.32
21.85
27.54
25.27
25.33
25.13
20.75
24.15
24.92
23.19
17.49
0.09
11.05
23.63
24.23
14.37
27.12
27.16
19.43
18.88
15.65
18.17
24.48
21.66
16.45
21.58
27.75
27.21
23.68
16.89
15.08
13.67
10.12
18.35
21.2
23.89
20.8
17.82
24.23
8.95
22.56
26.25
24.13
18.45
26.71
24.26
16.5
10.65
14.64
11.75
16.57
19.8
20.87
26.46
20.4
13.45
17.39
17.27
9.57
11.45
16.42
23.18
20.8
16.19
17.87
11.75
16.9
16.54
7.98
10.65
11.13
17.5
18.63
8.46
20.13
21.49
19.37
8.03
20.74
24.78
24.28
21.42
27.19
24.05
21.21
26.25
25.88
23.53
22.73
21.13
21.96
17.43
11.15
13.8
13.66
24.82
25.01
17.65
-5.44
22.34
25.86
23.12
15.23
5.48
19.14
19.86
20.03
3.46
20.54
21.03
20.95
23.24
24.96
21.78
7.72
8.47
20.74
25.81
24.49
21.78
18.48
18.17
21.24
25.51
25.13
21.73
25.87
24.77
9.58
21.3
18.99
10.75
16.33
15.78
23.03
26.65
23.62
19.51
23.48
26.97
26.15
20.63
13.01
20.85
26.74
27.42
21.56
23.5
22.25
10.05
-4.47
18.09
23.88
20.13
14.65
17.91
23.34
26.09
22.41
16.08
20.79
19.42
20.58
14.5
17.12
22.89
22.74
22.32
21.77
18.94
7.62
5.5
6.65
16.34
20.46
15.02
19.35
21.75
23.1
20.82
22.72
21.64
14.16
14.88
15.53
16.34
22.49
25.32
24.01
22.81
23.89
19.31
22.4
22.4
18.88
20.81
24.91
23.44
10.58
10.06
0.46
15.53
24.45
25.76
22.76
20.16
17.06
7.04
2.1
5.95
19.74
22.91
19.99
4.22
17.98
13.88
18.58
16.01
16.23
20.35
20.45
15.64
-3.41
14.11
16.19
17.25
21.9
23.02
15.29
7.18
15.71
19.65
20.69
20.25
19.76
18.68
16.66
14.91
10.01
11.58
15.52
14.2
9.87
12.33
21.64
23.24
21.94
18.61
16.34
15.74
21.78
18.66
-6.48
18.28
16.43
5.57
11.3
22.01
23.75
21.04
13.78
18.82
17.5
17.93
17.13
19
10.29
15.67
14.2
13.38
16.07
15.58
20.55
24.2
19.7
5.57
20.38
21.99
14.5
11.81
14.31
4.9
17.47
17.93
13.66
4.59
15.94
17.69
12.01
19.35
16.6
19
23.73
22.95
24.02
25.69
21.86
9.91
17.91
21.45
19.27
7.43
21.38
20.43
19.26
16.69
12.35
12.73
3.55
-8.49
14.6
21.42
17.36
21.47
22.61
16.75
17.24
19.6
14.22
12.04
20.41
20.44
10.75
20.11
24.72
26.31
25.87
21.17
18.23
22.39
24.31
19.1
8.77
10.59
14.43
17.57
20.4
23.11
21.02
20.87
15.83
11.57
17.67
19.43
19.05
0.28
21.23
22.75
15.41
0.78
18.47
19.35
10.56
21.45
18.7
20.87
22.68
13.6
15.35
20.18
18.53
17.23
14.68
15.69
12.45
19.96
9.56
20.24
23.95
23.46
20.64
25.04
19.99
21.45
18.6
21.45
25.75
26.14
19.82
18.85
23.43
23.06
19.93
16.68
18.14
24.63
22.13
20.59
19.88
13.97
12.97
15.7
24.35
25.89
23.23
19.49
19.88
19.26
20.46
15.77
23.68
25.66
23.35
16.71
22.48
10.56
23.54
20.93
15.31
9.32
21.09
20.67
6.89
17.29
24.85
23.76
21.66
21.9
6.83
8.43
14.32
26.86
29.21
24.25
-3.79
17.25
20.79
16.64
18.26
20.79
20.21
18.96
18.12
17.74
21.86
16.51
16.93
16.42
17.88
21.9
23.94
19.71
13.46
22.24
26.68
22.46
11.26
17.14
16.33
17.11
20.96
21.4
2.62
18.82
25.31
30.09
21.26
15.87
20.85
23.01
14.64
18.62
18.72
22.84
30.51
33.65
28.77
20.96
24.04
15.58
21.12
20.15
21.86
25.58
22.58
28.25
27.88
12.72
27.37
32.46
31.53
27.74
22.82
16.85
3.06
11.82
6.21
18.15
2.23
20.72
22.3
20.55
24.44
23.15
19.83
22.86
16.78
20.97
27.06
36.86
38.49
29.25
21.15
21.38
22.14
23.71
24.7
18.96
8.03
20.27
24.55
24.65
22.29
15.2
9.55
18.09
23.25
21.42
17.76
22.97
25.22
21.25
14.75
15.24
20.85
15.93
12.63
27.81
42.56
46.25
40.71
17.55
26.34
18.36
15.92
17.79
17.07
23.59
25.41
16.89
22.06
26.12
23.9
20.73
24.39
22.13
16.85
20.55
27.91
32.99
34.94
29.22
23.56
25.71
24.29
24.52
21.94
14.73
17.08
15.95
16.19
21
23.24
22.27
13.64
19.73
21.15
22.04
19.34
23.91
23.39
21.63
24.25
26.47
23.11
14.07
16
18
23.65
26.5
36.42
43.34
42.88
35.81
30.04
25.64
15.9
21.79
14.19
19.58
21.5
24.76
31.81
30.32
24.08
24.28
21.33
19.83
21.05
20.49
14.4
27.94
29.4
24.73
24.74
28.59
28.78
25.29
23.37
22.06
38.95
44.54
40.47
26.88
23.2
25.17
26.66
29.05
29.94
27.81
20.44
19.39
20.54
21.05
20.04
17.51
25.59
29.24
28.01
24.49
25.54
20.13
17.88
19.9
11.46
18.66
17.42
18.25
21.65
19.57
19.58
21.68
20.05
24.09
26.65
26.17
21.26
17.31
14.89
15.4
17.53
13.76
14.3
6.21
21.43
23.5
18.99
24.49
24.59
23.68
20.76
26.42
40.68
44.76
40.08
25.33
9.85
18.09
25.62
24.93
13.42
23.83
20.04
18.17
23.03
21.81
19.16
24.02
23.52
16.86
17.05
9.55
7.25
10.34
12.76
8.35
14.76
15.87
23.48
24.78
12.29
18.64
12.14
18.52
6.49
19.13
23.93
25.22
22.23
23.13
22.44
23.46
25.26
20.68
16.07
18.43
24.19
23.7
13.74
20.15
23.91
22.72
20.49
22.96
20.01
18.42
23.71
14.32
20.42
16.96
8.01
21.47
20.98
21.99
11.24
18.57
19.81
21.61
22.14
22.58
23.8
24.9
25.27
19.98
29.95
38.21
35.87
26.37
19.85
9.36
14.98
27.76
28.87
17.89
26.05
32.13
34.38
28.21
11
27.55
32.83
27.85
19.62
32.22
32.09
17.22
29.87
28.71
22.2
25.29
27.59
25.95
22.99
22.04
26.53
33.76
32.71
27.81
25.6
21.99
17.36
14.58
8.5
17.59
23.44
32.42
30.35
23.33
21.63
21.42
16.65
15.89
24.35
24.18
23.02
17.55
14.84
24.18
25.46
21.41
19.95
17.47
24.46
22.03
25.12
26.08
22.88
19.21
20.43
13.88
12.05
18.1
24.02
36.66
37.01
27.36
10.18
18.65
19.64
19.77
16.68
28.8
45.15
49.23
44.5
30.29
14.2
21.84
24.57
23.76
26.14
43.21
48.44
44.92
33.03
23.27
22.01
19.65
18.29
22.88
31.13
32.86
29.03
17.75
29.24
33.16
34.68
28.21
24.15
17.2
27.7
22.41
28.51
28.32
17.49
18.41
19.25
30.05
30.62
27.97
25.87
20.62
23.92
30.44
31.7
27.79
20.78
22.86
23.99
29.89
27.74
23.23
25.92
23.01
29.87
30.07
20.35
8.47
17.62
19.48
28.37
28.41
17.34
24.69
27.61
23.67
27.43
29.38
25.05
24.15
26.69
22.88
25.83
29.51
25.69
16.17
19.09
16.35
17.54
25.67
29.21
22.88
22.57
21.44
24.05
30.69
30.49
27.51
27.45
21.66
6.33
23.22
20.96
20.94
23.93
24.43
25.85
30.48
28.98
21.85
14.42
24.63
25.3
23.52
21.2
13.29
21.04
28.8
31.13
30.98
28.34
26.33
25.85
24.67
21.58
26
27.77
20.58
16.05
23.75
19.58
19.29
29.7
29.49
16.78
23.54
27.07
27.29
25.14
24.15
2.28
25.9
27.91
27.67
20.03
28.5
31.56
29.59
23.98
25.99
12.49
21.9
21.02
24.93
25.75
25.76
22.8
22.18
23.23
10.45
27.25
28.38
25.7
26.89
28.56
27.16
22
27.12
25.65
19.63
-6.87
20.63
26.75
18.57
25.59
27.28
15.67
20.64
18.85
10.86
23.26
27.75
25.54
16.81
22.45
27.43
23.65
16.78
27.66
29.15
22.18
14.66
14.27
19.94
20.41
23.4
27.1
25.78
12.81
23.78
23.58
14.69
14.1
19.57
19.7
17.3
10.81
11.49
10.86
16.06
22.67
22.71
17.06
7.36
17.79
24.61
25.12
21.86
12.12
18.43
14.01
19.78
26.95
26.51
15.54
23.38
28.67
22.11
20.94
26.32
22.42
13.97
21.25
14.41
12.23
17.72
7.2
24.11
25.48
23.3
22.99
21.72
26.93
28.32
23.27
24.84
15.01
23.89
24.83
20.15
11.47
22.51
19.28
14.2
14.5
18.91
22.5
23.61
14.56
26.22
26.86
20.18
14.89
22.28
26.83
22.33
26.27
28.52
26.2
24.99
27.67
27.46
17.96
29.24
27.54
20.88
22.29
4.68
17.53
6.98
21.94
23.99
21.52
19.36
-3.89
17.86
17.28
16.35
25.56
26.93
26.06
24.14
23.7
14.52
19.69
24.99
21.99
10.89
19.67
20.52
21.57
13.8
15.39
20.12
20.29
9.6
17.98
18.39
17.69
20.5
23.54
24.83
17.86
18.01
22.8
23.4
24.23
21.17
17.75
16.56
15.02
16.4
23.49
23
22.04
29.02
27.21
15.99
25.96
27.19
20.75
20.06
25.75
29.63
29.37
24.36
18
15.15
27.77
30.91
27.11
18.76
20.88
14.48
25.72
24.53
16.65
21.35
15.8
17.61
19.7
27.7
21.24
20.38
19.03
18.08
20.69
27.49
27.6
10.03
28.08
25.63
21.18
16.32
21.95
19.94
21.73
24.81
11.35
22.02
21.77
29.09
27.27
21.17
29.94
23.49
26.53
27.83
23.11
22.64
16.09
12.02
16.33
11.2
-6.27
4.76
0.78
18.5
26.41
27.61
26.86
27.18
24.97
25.95
26.54
12.55
22.86
24.67
26.54
26.17
33.95
37.98
35.23
29.09
24.58
20.56
20.11
18.04
27.56
28.31
24.23
25.78
27.71
25.19
16.81
26.92
11.03
27.62
26.39
27.3
29.28
22.41
25.79
19.85
20.74
19.49
27.58
26.05
21.93
20
18.7
24.98
17
22.3
23.71
26.8
28.25
22.71
22.93
22.1
19.4
22.98
23.94
20.72
21.24
20.78
18.03
18.85
22.43
19.92
22.57
25.65
26.53
24.73
23.08
23.4
19.28
19.48
25.47
20.69
7.77
16.7
-1.39
21.56
20.78
27.41
31.69
27.18
13.9
14.79
25.69
26.08
21.48
23.85
23.48
23.27
28.29
30.79
26.13
21.79
23.25
17.58
24.77
20.74
16.78
19.08
25.01
27.13
28.3
26.52
21.05
18.08
12.54
21.87
26.46
25.28
25.7
27.18
24.94
20.21
16.56
23.68
27.59
28.16
26.73
25.45
25.46
24.27
20.49
22.71
21.99
19.05
14.17
16.79
22.17
21.55
11.59
19.51
22.77
21.77
21.42
22.91
24.84
23.87
15.67
11.56
13.36
21.08
24.12
19.23
25.54
28.01
24.46
16.39
16.49
14.17
23.93
26.43
18.9
18.14
23.87
20.8
8.7
23.94
25.69
22.98
23.05
23.8
22.37
22.28
21.65
22.69
27.04
27.09
19.93
8.76
18.32
19.75
12.46
16.04
-3.33
10.19
22.79
19.56
14.53
23.1
21.05
14.26
23.74
25.35
22.3
18.88
21.18
21.21
22.85
22.75
19.7
21.78
21.24
17.27
12.53
18.3
20.23
16.61
20.21
21.32
21.48
19.45
14.15
22.64
22.71
19.54
20.21
19.51
17.06
21.6
22.57
15.74
15.54
23.84
23.13
9.29
15.2
18.98
16.14
16.08
23.75
22.17
20.93
21.46
12.78
11.42
-0.1
11.53
11.31
18.74
23.35
23.12
17.07
14.38
15.42
17.79
23.09
22.9
20.53
17.83
10.85
14.06
20.29
16.51
18.25
20.83
14.6
18.42
21.12
17.24
10.27
8.14
22.73
24.77
21.03
10.02
19.29
22.02
21.16
19.6
12.43
-1.24
2.31
16.55
23.63
25.57
20.5
13.05
13.43
18.2
13.8
10.1
17.38
14.62
10.81
17.12
24.11
26.1
22.34
17.45
13.82
8.36
19.05
23.17
22.84
19.86
18.08
19.9
20.47
17.83
16.08
22.47
24.02
22.94
25.85
22.77
20.32
19.1
18.85
25.64
26.37
20.97
19.7
20.55
24.27
25.52
18.01
16.54
14.02
20.01
21.77
22.53
20.61
13.83
20.49
22.67
21.24
22.14
22.21
20.64
20.66
18.21
17.62
14.73
14.58
11.02
19.79
23.58
19.07
6.05
13.31
17.47
19.24
18.39
11.14
9.58
11.94
16.19
20.86
22.05
21.52
11.02
20.28
22.25
21.8
21.76
23.23
23.71
16.72
13.35
19.8
20.53
25.51
20.27
14.05
19.68
17.3
14.29
20.56
19.27
8.82
20.01
20.34
21.07
21.16
17.51
17.6
17.16
21.61
26.38
24.29
10.4
24.99
25.5
24.52
19.87
12.32
6.84
18.07
25.57
27.09
22.15
-1.54
2.73
14.32
14.83
17.56
17.67
21.57
20.51
18.43
20.29
16.86
17.59
20.98
18.75
21.59
21.03
18.2
20.87
22.85
25.32
24.62
21.05
21.35
20.75
22.07
24.55
22.15
16.36
18.18
21.15
20.56
17.48
10.22
19.06
19.87
13.87
11.59
25.61
26.16
9.94
17.17
13.6
9.86
19.55
19.67
18.61
16.93
12.94
19.11
25.18
26.35
25.2
23.38
20.73
15.08
20.45
25.31
25.61
21.14
19.94
22.28
22.83
22.03
15.29
6.26
18.1
20.15
17.18
16.25
15.5
20.74
23.09
18.61
18.63
23.38
18.12
12.9
21.5
18.13
17.14
23.18
22.78
24.02
27.63
28.56
25.72
21.69
19.89
18.4
12.66
20.76
19.49
20.27
24.35
25.06
12.65
19.15
16.68
25.04
33.83
36.55
30.88
17.4
23.02
18.22
19.2
15.11
19.25
21.3
15.21
16.38
18.6
12.18
13.62
22.8
27.12
26.69
23.28
11.51
12.62
15.44
22.4
18.89
19.15
23.98
23.88
19.19
12.94
14.35
16.55
8.66
14.23
17.72
17.03
16.62
16.07
21.4
24.94
22.4
13.7
0.7
-18.6
17.08
22.44
19.82
17.88
21.23
19.65
18.82
25.09
24.58
22.17
21.9
18.38
4.42
12.9
12.3
19.55
17.94
10.57
20.63
24.22
24.29
25.44
23.9
23.92
24.38
21.38
21.44
19.96
19.77
14.78
17.55
14.11
15.74
18.78
16.36
15.6
15.07
23.17
23.31
16.91
12.92
12.12
17.2
20.39
14.69
15.48
15.04
10.46
14.56
11.44
12.33
20.41
22.79
22.78
19.43
13.99
14.42
16.99
21.64
16.16
12.89
16.17
-0.38
13.5
10.11
-4.83
2.06
3.66
9.04
0.38
11.58
18.37
16.69
7.04
16.23
22.22
24.03
23.03
25.6
23.12
14.9
1.82
15.32
19.61
18.22
15.33
19.22
25.55
23.08
9.28
20.12
21.85
22.23
19.74
18.3
21.69
22.76
20.91
11.46
12.91
11.2
-4.98
15.19
23.86
26.39
24.6
20.79
18.65
17.68
3.76
17.27
16.54
19.18
16.14
12.36
10.19
8.55
10.67
14.35
-8.23
7.23
12.86
7.35
18.8
18.94
17.82
7.14
5.22
14.78
21.57
21.68
18.82
16.85
20.13
21.7
22.31
18.26
11.78
17.42
17.65
9.71
13.35
18.62
19.26
19.61
19.21
14.19
19.08
21.11
24.58
25.37
22.39
19.25
16.5
19.18
22.04
21.23
21.29
16.79
10.21
10.31
19.9
25.29
22.49
16.86
12.45
16.08
16.11
14.49
10.85
13.65
7.81
21.55
25.21
22.62
13.83
16.15
12.97
15.05
16.28
12.98
19.83
24.18
24.67
20.84
12.74
18.99
20.03
18.99
14.05
15.85
19.01
14.52
15.71
11.61
14.52
15.65
13.66
16.04
8.43
16.07
21.04
17.47
15.32
19.59
19.7
16.59
15.68
21.21
22.18
19
21.02
18.21
18.79
20.05
21.36
19.6
16.34
14.48
17.53
18.78
18.69
18.9
16.67
11.48
-11.29
8.5
13.36
15
6.84
20.4
20.99
18.35
17.94
18.21
17.32
14.61
2.57
10.44
13.76
15.01
19.13
18.36
13.61
13.13
11.09
14.08
11.94
7.14
9.26
8.79
15.14
19.65
19.87
17.33
13.63
11.77
3.59
14.13
19.75
15.61
6.39
14.28
16.95
13.46
11.95
18.79
16.99
12.94
17.72
16.55
17.79
15.01
3.4
13.46
14.91
14.43
15.22
13.67
3.29
12.98
9.88
10.22
15.34
15.47
3.22
13.44
18.44
19.25
9.36
17.14
17.97
15.58
19.69
21.27
18.35
14.5
12.52
15.14
16.36
10.73
12.69
16.76
11.84
13.88
14.11
11.57
13.72
16.32
19
17.95
6.87
10.55
3.2
-2.66
6.21
12.13
13.05
-0.13
14.71
17.29
12.13
9.15
8.93
10.08
5.41
7.13
11.54
-17.91
3.05
-0.79
15.22
19.08
17.78
15.44
14.4
11.27
12.62
11.56
0.37
5.16
14.83
13.11
10.29
18.81
20.03
9.46
4.41
13.52
17.08
15.9
15.34
13.9
11.69
4.66
11.61
11.55
16.39
17.12
14.32
11.04
17.3
19.24
17.42
10.35
7.48
10.51
7.32
13.49
15.65
14.39
7.4
6.84
7.67
12.01
13.05
0.81
7.57
18.3
19.1
13.82
11.56
15.69
14.82
1.65
12.01
17.73
17.04
19.9
17.81
13.59
19.5
11.38
4.79
3.86
6.09
15.42
19.14
13.91
-5.08
2.19
10.07
3.45
11.65
8.72
17.71
18.23
16.47
13.17
11.15
18.39
17.16
1.41
10.23
10.75
10.45
13.16
12.18
17.22
17.34
12.52
13.99
-1.13
13.7
16.16
13.86
1.17
13.48
15.49
19.9
24.89
26.4
23.27
19.65
18.76
17.09
17.56
20.14
18.34
14.57
17.99
19.83
15.29
13.29
16.22
13.31
4.19
8.92
12.22
-3.2
0.32
12.09
11.15
3.78
6.53
15.37
17.15
10.09
16.13
20.63
19.77
19.4
19.26
18
16.85
12.92
4.4
-0.14
14.28
15.98
17.28
16.16
16.41
16.53
9.43
6.22
12.03
11.67
17.39
19.6
19.56
20.79
18.51
11.88
11.58
18.91
20.78
17.64
10.52
17.72
19.6
18.62
14.51
16.92
16.69
12.33
12.55
11.77
10.61
13.72
17.38
14.84
12.24
19.56
19.71
16.4
15.76
16.65
17.16
14.38
13.73
19.46
17.34
10.38
18.14
22.3
14.92
9.32
15.74
15.61
3.03
1.38
18.13
21.32
19.27
20.68
19.94
15.88
18.41
21.12
19.81
13.52
4.93
15.62
20.47
18.82
10.89
14.08
11.01
13.71
18.98
17.36
14.85
13.59
14.03
18.49
17.73
15.34
13.1
10.36
8.04
9.17
15.49
13.22
8.06
9.63
9.63
8.42
11.96
13.41
10.9
16.54
18.04
14.86
12.53
9.98
14.54
19.71
20.76
17.79
15.8
16.92
12.33
15.24
16.4
17.25
14.92
3.95
8.87
5.86
11.54
16.51
15.16
3.39
3.51
7.83
16.44
14.59
15.53
12.93
7.09
7.67
14.16
12.53
14.25
18.47
18.89
13.66
15.71
12.29
10.92
12.31
-0.03
15.67
15.64
14.03
15.92
17.45
17.23
15.94
14.75
14.06
15.4
14.63
17.49
19.44
17.97
7.58
12.91
11.96
-5.06
5.76
14.46
16.52
20.34
19.28
19.85
20.45
14.33
8.46
17.1
15.59
15.41
19.35
17.59
15.96
13.55
10.26
18.98
13.64
3.39
-23.01
15.42
18.99
18.96
15.3
5.64
17.31
22.05
18.73
4.3
6.02
12.46
11.64
7.91
7.1
6.17
10.58
14.74
14.89
16.69
15.33
18.26
19.43
20.9
23.38
19.13
14.45
18.51
7.99
9.72
16.6
18.51
16.15
19.31
18.18
12.5
10.19
12.79
6.37
15.37
13.42
18.99
19.89
14.82
-0.43
10.89
3.6
11.85
7.25
12.74
12.07
15.45
4.16
16.18
8
14.72
16.19
14.59
9.11
9.7
13.69
13.31
16.59
16.14
17.95
19.67
16.8
9.03
14.85
20.36
19.31
19.96
19.83
19.05
18.64
20.02
18.36
13.5
17.94
15.8
18.3
19.31
19.91
22.59
22.28
18.59
17.59
15.38
8.73
11.63
11.96
20.46
19.65
0.24
7.29
-2.93
9.67
13.6
10.59
12.16
16.84
12.02
10.98
3.01
13.7
18.94
20.75
17.02
13.47
18.81
18.65
15.11
17.48
20.2
20.56
18.13
13.75
19.97
16.04
20.86
17.19
8.43
7.54
17.05
18.32
19.73
14.99
16.28
16.99
15
20.01
4.93
14.95
15.65
9.87
14.85
15.14
13.24
15.52
16.46
9.71
15.37
14.74
17.17
18.73
16.25
13.67
15.93
16.38
5.86
9.11
10.57
11.85
9.66
3.8
14.74
15.81
12.95
8.87
15.07
14.74
6.13
18.69
18.82
18.47
20.84
19.29
17.82
21.25
17.1
14.28
18.04
17.48
13.43
5.94
6.58
19.75
21.06
14.13
12.5
12.23
14.49
10.79
16.48
2.91
14.67
15.92
18.35
16.19
17.76
22.5
23.15
17.38
7.26
7.72
17.45
19.18
19.26
20.21
13.12
13.85
19.36
17.94
18.46
12.51
19.22
22.09
13.32
15.96
18.92
3.38
13.26
11.75
5.45
-2.03
13.07
3.04
17.86
19.02
12.58
6.89
18.21
14.77
14.27
22.23
20.06
9.33
16.73
12.21
18.66
20.98
13.1
20.98
22.67
21.22
21.41
12.06
18.86
16.33
15.18
20.07
19.43
14
6.16
0.78
5.63
4.51
17.09
16.7
10.59
22.22
22.76
16.6
9.3
16.51
-2.19
16.33
5.63
23.37
25.17
19.17
7.75
20.1
19.59
21.24
24.3
20.02
11.12
8.41
14.06
22.4
23.66
15.83
13.09
18.62
16.75
19.85
21.98
17.1
18.21
18.67
20.16
18.89
19.87
23.59
24.8
21.33
14.25
5.49
9.92
12.34
18.72
19.13
16.59
3.46
11.28
20.29
20.77
19.47
9.14
9.01
1.41
19.67
21.25
16.33
13.29
18.11
0.88
21.9
25.41
22.59
10.94
15.57
6.47
10.99
11.63
5.14
18.33
21.22
12.82
14.15
14.99
12.23
17.33
17.74
3.09
16.9
9.3
17.09
18.61
18.15
15.13
20.84
17.54
8
14.18
14.59
7.71
9.52
15.16
13.29
19.41
17.48
13.83
9.52
19.01
24.19
26.1
22.67
11.74
15.75
13.95
17.37
18.64
9.42
20.87
20.85
13.62
14.93
16.83
8.58
18.38
19.86
16.67
17.51
19.98
14.73
9.23
10.42
8.06
18.32
3.59
15.58
19.28
20.89
17.81
7.17
11.84
18.53
22.27
23.64
19.26
2.03
17.83
19.24
20.49
20.18
19.34
15.6
2.84
11.76
16.91
20.8
17.65
-4.06
9.96
13.35
14.42
15.67
19.59
17.77
12.87
19.44
19.4
19.78
18
13.93
14.52
11.78
2.46
-6.68
14.97
21.75
19.63
6.49
10.01
9.91
13.18
14.56
8.75
20.53
21.24
17.13
12.22
8.72
13.75
20.18
17.62
13.01
19.41
20.25
15.33
6.17
15.09
14.67
6.92
16.49
21.4
20.42
14.92
18.48
18.54
20.56
22.32
18.41
20.04
22.64
17.04
5.7
12.7
15.62
13.39
10.82
11.65
12.7
5.36
17.2
19.51
14.87
16.92
16.98
19
18.85
11.6
3.92
11.17
16.32
15.22
0.59
13.56
15.88
10.77
8.08
17.77
19.68
15.85
10.67
7.79
-0.48
11.09
2.21
12.62
15.61
16.05
13.27
12.32
9.03
3.21
12.83
16.69
18.29
18.37
10.91
10.76
14.62
10.24
16.75
15.19
14.5
18.42
16.79
2.75
15.26
18.98
17.02
14.47
4.56
16.11
20.16
17.29
0.99
9.36
9.97
15.48
15.44
9.46
13.12
9.1
12.96
14.1
16.34
21.05
11.29
19.63
15.3
1.77
8.01
16.26
12.42
10.03
10.11
14.52
19.22
16.36
15.53
15.86
12.22
3.46
9.7
13.99
15.12
16.96
16.49
14.77
14.23
17.54
13.32
14.32
16.16
7.43
15.13
13.12
13.64
16.55
10.97
9.1
17.49
18.57
11.45
18.25
15.81
5.79
11.35
8.77
11.52
5.47
-2.28
9.17
13.71
13.58
4.58
13.37
11.39
19.32
12.4
9.69
1.73
8.91
13
14.46
15.23
12.22
8.94
19.1
19.06
9.84
20.29
21.54
20.05
14.66
16.47
18.88
15.21
4.04
10.58
-4.47
7.06
4.51
11.8
9.12
5.68
3.84
-9.56
10.89
16.48
17.7
14.54
14.12
13.89
12.96
13.17
8.23
9.3
18.48
19.74
15.25
16.3
17.15
6.87
8.79
14.62
19.27
21.67
19.2
8.43
14.43
18.39
13.09
-7.87
4.91
9.49
13.34
14.13
17.73
17.45
9.23
5.79
14.18
16.23
8.98
5.27
0.13
7.31
17.56
20.25
16.61
12.29
14.68
8.87
1.57
11.96
18.87
16.19
7.92
10.09
10.75
15.15
13.28
7.27
16.97
15.44
19.08
16.72
14.06
3.4
9.92
21.13
21.98
15.71
8.44
-2.98
4.81
15.22
17.48
11.6
7.68
16.52
13.25
15.64
15.13
7.32
-1.25
8.51
15.67
17.81
17.29
19.42
17.16
6.73
9.44
17.77
22.72
17.21
18.94
15.68
14.55
19.48
19.35
13.64
14.04
15.94
14.64
15.26
8.97
10.73
11.53
5.64
15.42
19.95
15.92
1.66
6.26
7.95
-4.07
7.94
9.66
15.7
14.83
2.66
12.98
14.78
11.52
9
18.24
19.13
19.47
17.07
6.07
0.62
1.67
13.49
14.13
15.02
4.5
12.68
6.07
19.41
23.05
22.15
19.68
11.03
19.1
18.32
14.73
16.04
13.38
9.71
14.08
11.05
-0.5
9.68
3.73
14.66
14.88
18.26
17.53
12.67
4.44
13.43
9.96
18
19.6
18.61
16.88
14.33
-12.1
3.48
2.67
12.83
14.34
13.62
10.15
14.41
12.06
7.11
9.09
5.68
5.03
15.3
19.89
17.97
12.35
10.19
11.29
13.24
18.26
14.09
3.72
-4.32
8.07
11.6
13.09
16.59
16.22
15.29
18.22
15.69
7.05
6.29
11.17
3.57
3.25
10.1
16.6
16.85
5.6
13.17
16.59
15.4
6.59
12.34
6.5
3.58
4.28
10.43
5.14
6.9
16.83
12.12
16.74
18.7
10.29
14.77
20.13
17.84
8.21
-5.07
5.06
13.93
16.51
15.97
10.47
13.9
11.17
7.69
9.73
1.61
1.32
13.26
19.42
17.35
11.76
16.84
15.69
17.04
15.17
4.03
11.25
12.4
7.96
4.1
14.01
18.91
17.7
11.09
4.72
15.7
13.23
6.86
16.99
21.06
21.17
15.87
14.78
21.9
20.26
8.11
9.41
9.73
17.86
19.94
18.91
10.84
14.05
4.96
9.35
14.18
9.87
8.38
13.63
16.11
15.87
14.51
14.72
4.22
7.03
10.97
14.84
12.86
5.34
13.54
7.18
3.66
-0.7
12.08
12
9.21
14.37
10.2
11.06
12.52
12.72
7.95
8.96
11.69
5.68
-2.13
6.61
13.1
14.87
12.41
5.5
8.52
11.45
7.32
15.01
17.02
16.33
17.07
14.78
1.36
10.24
5.63
4.51
10.61
7.02
3.15
9.39
9.69
15.63
18.46
20.98
21.77
21.09
17.29
11.96
12.36
3.45
4.43
12.28
14.83
18.48
21.73
20.53
18.04
13.3
-4.17
6.73
13.2
16.96
17.05
16.06
17.39
19.45
17.01
13.43
15.69
11.97
13.16
15.52
15.16
12.06
12.1
7.54
-1.38
9.4
15.95
17.92
18.21
15.65
9.85
12.39
17.42
17.16
7.99
10.42
16.11
16.07
9.43
14.68
16.47
17.04
16.99
0.3
5.84
11.66
18.1
14.93
15.16
13.18
9.68
12.16
14.5
11.29
8.67
17.63
18.52
16.62
13.3
0.24
10.29
17.04
18.32
10.53
10.99
15.63
16.49
15.72
13.03
10.46
10.51
13.29
13.12
13.87
16.6
10.67
0.76
8.62
10.78
9.2
15.79
19.98
21.11
19.52
17.39
14.06
8.3
13.83
15.8
16.25
16.94
16.93
18.36
15.45
9.22
4.46
6.94
7.58
-1.91
9.8
15.98
17.88
14.54
4.87
7.04
8.98
11.88
9.23
10.27
12.29
13.4
15.33
12.36
6.47
9.4
11.6
7.64
4.27
13.87
17.8
16.04
6.36
15.07
12.55
6.82
16
17.43
15.46
13.42
9.91
9.72
10.13
7.63
12.37
17.79
19.94
16.88
5.64
18
19.48
17.41
8.78
12.5
19.34
18.7
14.53
15.66
16.36
8.98
6.56
12.53
14.37
12.26
9.88
5.58
6.76
10.75
9.98
6.73
-0.03
6.19
7.13
8.54
5.51
2.16
10.64
14.2
12.39
12.19
8.13
12.13
17.05
19.2
16.86
11.65
10.98
11.81
13.51
2.72
9.66
15.21
18.02
17.64
11.73
-5.31
5.36
4.26
5.12
-8.26
12.47
12.77
1.87
8.24
12.95
14.47
13.13
10.74
13.39
11.59
12.62
17.26
17.94
16.66
15.73
10.6
5.86
13.5
13.77
12.76
8.7
-6.36
8.4
11.96
13.72
12.85
11.86
11.45
5.86
7.4
7.13
1.7
4.25
2.31
4.86
-1.82
7.97
0.98
-1.38
14.29
17.37
14.99
3.15
14.11
11.57
-0.29
-0.68
11.59
14.04
4.9
12.16
14.17
8.27
-1.75
6.14
1.34
2.91
6.53
14.53
13.23
15.07
15.96
18.03
19.2
17.48
17.69
17.26
11.99
12.13
13.72
14.24
11.06
6.4
14.65
12.59
2.67
13.24
14.12
11.74
12.41
11.84
15.32
13.23
12.22
12.44
13.75
13.09
4.16
7.81
12.86
11.26
14.53
15.08
12.74
14.89
17.36
17.63
11.6
1.96
7.38
10.4
6.42
12.9
6.68
12.88
7.6
6
8.19
14.23
18.74
19.22
18.24
15.14
7.42
5.76
7.97
9.79
14.39
17.33
13.19
10.11
16.4
13.95
11.2
20.78
19.91
-6.52
17.56
17.22
13.37
14.49
16.11
18.43
17.77
12.5
6.39
14.9
16.19
16.09
18.2
17.89
11.81
5.07
2.12
11.36
14.5
12.19
10.5
6.72
5.89
12.35
14.53
19.08
20.52
16.28
3.31
14.62
17.69
13.78
5.23
7.61
12.41
10.89
11.44
12.21
12.29
11.89
15.23
13.94
11.69
12.65
13.72
8.58
-4.85
6.13
12.5
15.36
14.65
8.04
2.52
10
5.71
-5.51
5.5
14.61
14
15.95
19.51
16.83
2.15
11.03
16.47
14.3
11.07
13.2
16.39
19.26
18.84
11.08
6.8
16.13
18.79
14.7
5.49
10.31
14.16
15.85
14.26
13.8
6.09
17.92
19.61
19.99
18.91
19.37
16.74
5.99
10.18
9.45
7.42
9.08
17.5
14.98
0.22
10.99
14.63
12.33
11.07
14.71
15.23
15.36
12.6
13.08
14.58
6.64
0.88
6.73
3.99
14.08
15.51
13.14
9.75
3.8
2.03
7.44
10.84
14.62
16.18
12.65
-1.56
8.22
7.46
5.31
2.1
13.58
14.7
11.46
13.5
15.02
13.02
8.58
13.73
16.35
15.04
12.14
14.06
11.39
12.01
9.23
8.69
13.64
10.63
8.02
4.31
1.01
-1.27
3.98
6.81
12.11
12.35
8.25
12.86
12.92
13.59
13.58
13.73
11.11
10.01
11.02
11.42
4.51
9.14
7.18
15.49
21.13
19.74
8.2
1.42
12.38
16.32
15.54
14.14
7.94
0.15
11.4
15.92
19.56
19.98
17.59
13.89
14.88
16.12
13.09
7.56
15.54
18.08
12.72
19.11
21.66
21.65
18.31
12.83
15.49
18.4
19.85
19.66
16.17
12.52
14.39
19.51
20.52
17.84
17.08
17.31
13.74
12.93
13.1
11.08
13.22
15.55
15.3
16.9
18.48
18.21
14.94
11.82
3.57
11.09
15.88
14.33
11.29
10.78
11.34
10.07
8.23
10.01
13.07
14.18
16.66
17.6
14.65
11.52
14.42
11.49
8.22
12.1
2.87
-9.57
2.89
11.02
16.09
15.6
9.58
13.05
17.97
15.53
9.48
5.39
6.11
6.4
13.01
7.7
1.46
9.2
14.86
9.77
-3.08
8.83
11.16
8.4
16.72
17.79
14.91
15.21
16.33
11.76
10.35
16.13
15.72
10.64
3.03
-8.96
10.14
18.15
18.55
16.2
15.27
17.34
18.75
17.68
16.13
15.35
15.81
14.84
14.12
7.55
9.13
11.32
7.18
0.42
8.94
13.3
16.67
17.68
17.61
18.91
18.81
14.66
8.36
10.77
15.1
16.15
15.58
10.24
6.4
6.73
8.81
9.07
11.67
15.21
13.4
-2.04
12
15.23
14.9
15.2
13.95
8.32
11.84
13.59
13.09
10.71
7.56
-2.73
-0.64
7.49
9.97
8.57
11.18
14.76
14.17
14.29
10.15
9.17
7.75
11.93
7.61
-8.45
-0.6
1.83
2.42
11.63
3.83
7.82
9.9
4.44
0.65
10.51
8.08
0
8.76
13.77
12.35
6.35
15.92
17.09
16.66
17.36
15.95
5.47
11.92
16.17
16.67
14.53
0.19
5.73
9.46
13.96
15.08
16.85
14.59
12.18
11.2
14.19
10.93
-4.57
10.66
15.78
16.59
5.59
13.07
12.89
16.35
20.52
20.2
13.21
13.7
15.39
18.08
18.22
16.01
12.26
9.84
11.23
13.16
14.41
17.52
18.98
15.63
2.28
4.68
12.66
4.17
14.16
17.14
13.46
13.7
18.6
15.55
12.72
14.4
5.14
11.67
17.77
22.06
21.7
14.6
-4.94
6.98
11.96
14.12
18.79
21.74
20.44
18.19
16.2
14.1
15.76
18.82
17.25
9.46
11.09
14.68
12.32
-1.19
14.1
20.86
19.85
11.03
-5.43
10.98
13.63
9.83
15.26
17.43
11.97
4.16
11.66
16.42
19.78
18.65
16.85
17.79
12.79
16.98
20.06
20.84
19.76
14.34
-12.74
13.57
17.01
16.68
11.64
-7.77
10.19
10.39
6.09
14.96
13.7
11.09
10.19
10.69
13.46
12.83
9.35
11.75
17.48
15.19
6.19
5.79
8.14
6.2
4.21
9.82
13.96
9.53
4.88
2.5
5.46
12.72
14
14.01
15.77
16.83
17.44
18.61
17.06
11.42
9.08
6.53
-6.09
14.9
18.31
17.72
15.06
12.2
14.47
18.06
18.88
19.58
12.25
12.23
13.37
9.56
5.53
3.02
-0.89
7.52
9.91
2.78
0.25
13.16
16.18
4.08
16.16
18.69
17.78
14.55
12.12
14.54
14.54
12.01
7.41
10.81
12.67
9.43
12.41
13.04
13.93
11.39
8.36
10.34
13.66
11.94
14.81
15.92
12.06
4.66
-7.44
11.23
17.04
15.25
7.88
14.65
16.33
10.8
7.3
11.63
13.51
15.25
13.35
8.98
1.29
10.42
16.29
16.72
18.66
16.26
-4
9.71
9.71
7.57
7.68
9.06
11.67
13.83
-6.55
13.02
14.36
11.44
3.78
-0.85
8.17
8.87
13.21
17.51
16.97
15.16
17.37
19.96
16.81
5.25
5.81
11.5
9.28
1.05
9.84
16.12
19.66
21.1
20.53
14.43
1.18
7.92
7.92
5.85
0.67
5.9
12.03
14.23
13.2
9.34
11.55
14.55
17.42
16.29
12.42
15.93
16.32
13.63
16.42
16.63
9.19
11.76
17.73
18.24
16.58
13.04
2.33
12.45
14.41
15.29
12.65
11.86
15.58
16.35
5.88
15.36
17.05
15.89
13.29
11.08
2.28
12.71
5.09
9.09
4.77
-5.61
5.13
11.27
11.83
8.2
12.8
14.01
16.61
16.16
15.15
16.34
19.4
19.24
17.39
13.08
0.76
10.35
13.13
12.05
14.68
17.44
15.45
11.97
16
14.03
0.25
-3.55
4.23
8.81
10.29
13.3
12.16
-1.04
8.34
1.08
8.56
14.39
11.72
3.14
7.56
7.23
1.8
7.89
15.96
14.31
11.43
12.25
12.12
10.03
13.5
15.81
15.2
12.76
10.89
9.47
7.74
0.92
12.59
13.85
10.08
10.81
16.18
14.19
11.34
3.68
7.08
8.18
8.11
14.33
16.54
12.65
14.98
12.93
10.7
7.47
10.3
9.62
12.34
13.34
11.8
8.4
0.97
3.79
10.89
10.52
12.19
11.52
-3.45
10.61
12
7.98
8.97
15.07
12.01
10.53
16.77
16.84
8.78
7.89
5.12
9.86
6.17
-10.53
4.47
4.57
4.04
2.51
11.13
7.36
11.02
13.26
6.48
5.24
9.65
7.39
1.75
2.7
-6.58
7.06
1.67
7.55
5.63
7.79
10.54
4.39
11.49
-0.2
17.41
16.64
11
6.74
11.29
13
7.76
14.41
13.81
14.66
14.69
7.13
14.41
17.55
10.85
8.6
13.9
5.49
2.12
13.29
15.59
10.18
6.53
10.51
9.74
7.87
14.17
13.91
-6.5
12.33
14.07
14.62
3.97
10.03
11.84
15.85
16.24
14.77
12.41
6.48
4.34
0.47
15.92
17.52
13.81
12.47
8.73
12.62
6.67
6.51
8.61
5.85
12.43
10.03
4.76
-0.21
11.57
16.15
11.39
2.85
13.06
15.45
17.07
17.31
15.89
10.48
12.64
16.61
13.93
-2.1
6.9
1.64
10.62
7.97
-1.34
4.23
13.56
11.89
14.56
19.29
16.73
2.76
7.03
11.32
13.97
12.06
9.49
12.27
14.81
13.52
8.82
15.94
17.15
16.59
9.83
13.94
11.28
9.18
13.96
13.67
7.23
-3.77
12.84
10.71
1.55
9.11
4.33
2.38
5.32
1.81
4.24
8.35
7.59
3.18
4.09
4.2
8.6
8.34
12.68
12.78
15.11
2.61
10.29
8.85
8.98
11.37
10.09
14.39
12.03
9.02
5.18
8.8
12.78
5.09
-2.05
8.9
15.07
16.77
12.02
5.96
8.36
2.52
-2.78
7.68
15.83
14.81
10.48
11.23
0.55
7.2
9.29
10.28
2.7
3.85
12.11
12.79
10.85
10.34
10.1
7.45
8.46
5.42
12
1.22
2.29
5.02
-7.98
11.27
14.23
14.04
8.71
-3.06
4.6
10.51
10.85
11.11
8.26
-13.76
8.07
13.46
15.69
14.21
15.03
16.05
15.68
13.01
-1.03
7.49
13.12
11.5
4.91
13.09
15.57
14.91
-1.7
9.2
8.33
13.16
14.43
12.94
2.21
11.18
7.5
1.38
13.66
14.42
-1.75
12.74
16.15
17.23
17.18
16.61
15.88
8.61
-7.39
4.9
6.6
1.26
10.7
7.07
3.94
10.76
11.37
9.28
1.02
-3.31
13.51
-1.24
17.53
18.37
15.2
16.08
6.11
1.13
-23.11
5.86
13.61
13.88
7.33
5.8
7.09
4.92
11.33
9.12
7.19
10.25
13.68
11.8
9.67
10.7
1.73
6.08
6.18
4.34
7
17.16
20.68
18.71
8.28
13.48
15.67
13.97
11.89
2.28
9.01
14.23
7.33
9.13
9.69
5.38
4.58
11.51
12.09
1.24
10.33
9.62
4.44
13.65
10.13
12.55
12.28
11.79
13.64
9.76
4
-0.8
-0.22
0.47
4.79
2.71
4.44
6.5
14.4
14.03
-7.77
6.79
-16.52
14.99
18.95
12.86
2.24
12.63
14.68
14.48
8.57
3.6
10.03
6.65
8.99
14.63
14.67
9.02
6.44
4.86
6.83
13.56
17.04
