8.46
11.96
12.49
11.03
9.28
6.6
0.32
3.17
6.9
10.07
12.02
11
9.68
8.69
8.69
8.8
4.58
4.14
6.95
9.14
9.37
-2.29
4.35
11.02
10.8
1.8
3.57
8.24
9.33
11.01
12.63
5.1
8.45
8.72
7.3
-2.3
5.79
3.86
0.84
-9.44
11.3
15.58
8.07
8.57
11.8
11.74
2.39
7.58
8.04
8.58
10.77
8.46
8.02
9.33
14.29
15.11
11.29
10.91
15.26
17.05
14.61
10.79
5.39
6.69
-2.45
9.22
7.76
11.17
14.71
10.16
-14.17
6.22
6.24
6.63
5.71
14.13
17.91
16.41
11.59
7.74
10.38
9.89
4.49
9.92
12.91
11.34
10.48
12.31
12.84
5.8
13.52
15.08
8.92
7.97
-4.32
9.78
11.95
10.53
5.65
3.65
7.53
11.02
10.1
9.16
9.65
6.5
8.27
11.57
4
9.17
14.32
15.27
15.05
14.32
13.47
9.81
6.96
15.15
14.58
7.78
-0.1
6.04
9.35
8.51
7.6
8.77
11.71
13.55
11.87
5.93
8.72
15.49
14.48
14.17
13.19
9.18
6.94
10.04
14.43
13.03
-1.87
-4.53
0.02
6.22
1.55
-1.8
10.71
13.78
13.92
14.2
15.85
12.07
-7.09
3.32
1.31
8.63
10.85
11.36
14.4
14.01
6.12
4.03
9.14
10.52
12.08
11.25
9.98
-3.13
8.1
8.3
8.78
11.61
3.44
-2.48
7.45
9.7
4.05
-5.97
5.97
11.77
12.87
10.82
14.9
17.91
15.78
10.13
8.68
7.74
2.73
10.97
15.76
7.78
14.61
12.12
-8.09
0.5
9.47
11.36
12.49
18.07
21.54
20.51
17.34
14.07
5.68
0.72
0.26
0.37
8.82
14.37
15.37
9.09
7.11
7.73
4.85
4.21
12.74
16.24
13.22
7.4
12.55
13.35
9.38
3.32
11.71
13.41
7.89
1.26
9.41
11.38
10.1
15.97
15.73
9.17
3.48
7.53
8.14
6.2
11.42
10.47
11.32
12.98
11.57
8.67
7.4
5.73
9.56
10.45
7.31
8.58
15.21
14.54
15.56
13.88
9.92
6.92
10.46
9.63
6.72
5.3
7.79
15.23
16.03
7.39
7.84
14.74
16.49
13.66
10.66
14.13
10.62
7.49
12.8
12.92
10.42
10.86
8.92
5.11
7.67
9.58
7.51
5.92
10.22
11.59
5.04
7.48
11.04
11.96
11.4
12.19
13.19
11.2
4.56
11.79
10.81
3.05
5.33
8.83
9.96
10.96
8.48
7.09
10.77
13.52
13.88
12.44
6.18
1.37
1.88
3.32
5.95
3.03
10.48
13.1
10.62
10.02
13.38
10.95
-0.46
8.69
12.09
6.9
4.35
12.28
13.69
13.68
13.12
10.6
3.97
2.96
6.8
11.29
8.68
-2.21
12.98
12.84
1.65
4.18
8.3
10.6
15.78
17.81
15.43
4.64
10.24
16.03
13.87
8.31
8.34
10.25
13.87
12.55
5.27
2.96
-0.97
3
-2.92
-4.94
10.36
17.11
16.13
9.19
-4.61
6.65
10.3
9.78
3.78
5.85
5.91
7.22
9.65
10.56
11.03
10.55
8.06
6.48
9.35
10.49
9.54
6.74
6.95
6.53
6.6
3.14
1.88
3.46
4.54
6.64
5.54
9.46
13.5
13.82
14.26
15.59
13.38
2.52
3.24
11.76
15.11
14.15
10.67
7.25
11.85
14.07
12.9
9.96
9.6
13.66
15.07
15.24
11.65
9.89
10.91
6.13
9.23
7.93
7.13
6.28
-0.29
13.68
15.65
11.94
7.52
5.68
4.37
11.15
6.44
5.51
8.83
11.04
11.57
10.68
4.85
10.14
7.75
7.42
3.96
6.99
13.29
12.05
4.96
3.74
7.43
9.39
11.56
12.23
10.09
1.43
13.22
9.22
-2.02
3.58
-5.19
0.91
2.16
7.52
1.9
8.55
15.26
16.48
15.43
10.95
11.71
11.91
9.12
5.97
8.49
10.31
14.97
14.68
11.86
2.8
3.2
-1.86
8.37
12.18
12.42
10.63
5.17
9.51
11.25
2.62
4.15
8
7.92
9.44
10.65
3.26
2.57
-6.09
7.2
11.17
6.7
9.51
13.55
0.41
12.33
15.84
14.07
7.61
7.35
14.2
15.79
15.79
14.07
12.15
7.6
4.88
8.39
10.99
9.79
11.1
11.16
6.81
2.77
6.96
12.06
10.01
7.52
4.3
1.04
6.39
6.66
10.5
9.56
2.73
13.82
15.68
13.7
12.52
12.84
7.45
9.21
15.19
11.56
-2
-5.27
-4.95
3.2
-0.54
2.7
8.5
10.75
12.73
16.56
17.84
15.07
11.82
6.97
1.18
3.83
4.36
-1.97
-6.13
-11.96
8.58
14.05
14.28
10.17
-7.66
3.7
9.94
15.28
13.68
13.3
14.06
14.33
14.25
12.01
5.01
7.15
8.6
12.09
12.77
13.98
16.06
14.35
14.97
15.14
12.88
7.34
8.35
8.76
5.48
-5.36
8.52
10.3
8.39
7.19
11.31
10.85
14.57
14.7
11.37
11.81
11.28
-9.1
9.48
-3.66
11.49
10.81
-8.54
-1.78
9.92
-0.5
13.26
14.47
11.97
8.85
-0.38
2.66
9.58
2.57
1.6
6.21
7.18
2.67
2.1
3.39
0.66
-2.6
8.66
13.64
12.43
11.85
11.05
11.63
6.12
5.92
7.48
8.42
8.88
10.22
6.59
-5.48
-19.87
2.2
3.63
8.17
3.77
5.63
7.49
9.41
12.82
12.4
10.58
11.66
11.26
5.62
8.22
11
10.86
12.96
12.88
17.36
19.66
16.56
9.98
2.13
6.23
9.8
7.89
5.85
3.58
-0.55
-1.01
11.23
13.9
9.54
12.16
15.13
15.4
15.94
15.42
10.66
6.48
4.15
-4.42
-1.31
-6.13
-11.25
1.54
2.69
10.4
14.16
8.22
1.47
12.42
15.73
13.45
7.18
8.87
9.63
8.97
11.18
8.82
7.26
14.74
17.44
14.33
3.08
11.72
13.62
14.86
12.66
9.05
13.51
3.52
10.2
11.99
2.98
5.57
2.28
6.58
10.9
8.98
8.96
6.82
-4.97
7.99
10.58
8.15
3.91
-10.58
0.98
5.65
6.08
-1.19
-7.34
6.97
11.99
13.85
12.29
5.14
7.43
6.19
8.71
11
14.14
14.54
14.37
15.75
14.96
8.32
4.39
-4.12
7.44
9.85
5.56
6.09
-6.05
8.91
11.61
1
7.16
9.1
10.88
8.64
7.38
3.54
7.72
13.11
12.72
10.4
3.29
7.58
1.04
3.24
5.03
9.08
4.59
1.62
8.68
6.87
7.16
11.95
5.8
3.35
7.05
0.37
8.91
0.93
9.03
11.12
5.05
9.08
13.6
7.73
6.81
3.02
5.65
11.85
11.95
12.47
12.48
11.81
9.28
9.29
7.91
5.79
12.41
21.48
16.01
16.3
23.22
21.05
8.89
10.61
-5.75
19.03
25.95
28.76
27.78
21.63
4.92
14.73
17.23
17.94
16.85
11.08
-2.16
18.27
19.95
11.5
17.53
4.16
20.08
22.76
20.28
19.92
22.04
22.01
19.65
10.68
6.24
20.69
19.58
23
30.4
29.73
23.82
8.5
20.77
24.75
14.9
18.66
18.64
16.48
18.87
19.54
10.83
16.2
21.4
24
23.46
24.99
18.61
18.16
7.08
14.65
17.3
23.38
23.34
23.43
23.91
20.94
16.38
23.32
25.94
21.49
10.81
13.22
20.94
23.62
26.95
26.73
23.68
18.5
10.81
14.65
22
28.71
29.35
25.29
21.7
19.67
11.13
18.08
21.84
18.91
10.11
18.98
22.79
22.44
20.61
23.11
24.07
23.53
22.82
19.44
11.4
-2.14
6.91
14.71
11.45
11.67
22.57
25.1
19.35
13.16
3.51
17.43
19.21
8.12
16.67
15.62
2.44
13.53
15.12
11.87
27.09
29.59
26.92
22.15
10.6
12.58
17.85
19.92
20.38
20.06
15.08
28.1
30.05
26.12
11.66
19.87
20.5
15.01
6.89
19.79
17.78
9.87
15.13
11.51
13.66
14.59
15.48
17.69
14.27
29.28
29.01
18.73
21.13
20.26
14.49
22.81
24.5
12.81
22.99
25.15
25.75
23.89
8.62
1.03
22.37
22.49
3.42
17.74
17.82
23.99
25.84
27.05
25.2
22.22
25.61
24.51
23.71
25.8
26.06
22.6
22.08
27.2
28.05
25.17
21.4
24.01
18.82
21.37
29.87
29.97
25
23.79
21.33
22.56
20.97
16.28
16.38
17.62
21.6
14.99
20.51
29.36
31.62
29.41
24.65
18.64
21.38
24.99
20.64
10.61
12.94
13.35
23.86
28.69
28.23
25.88
25.04
26.67
28.67
27.28
24.96
25.06
24.24
13.89
11.49
5.92
20.43
22.63
19.77
14.5
14.18
22.5
26.13
24.75
20.9
15.62
5.58
14.01
19.85
24.87
21.5
13.78
20.46
19.3
16.02
20.51
21.16
15.71
7.2
9.91
8.86
23.86
25.78
17.99
11.08
13.66
18.62
17.05
18.06
10.72
-2.68
18.96
19.84
21.22
21.79
20.03
21.29
19.62
19.16
22.87
24.82
18.13
14.74
9.61
16.94
21.38
12.21
19.66
20.15
10.2
17.41
19.36
15.84
-1.97
18.6
20.04
22.06
26.34
24.82
20.78
15.4
16.1
8.25
10.36
9.2
8.73
20.12
27.15
25.3
16.45
17.52
22.07
25.94
21.63
16.3
16.23
8.14
15.14
14.88
17.17
10.61
14.13
19.6
17.01
21.25
28.59
26.65
20.05
18.31
12.04
14.93
16.92
12.4
10.78
4.6
14.9
14.44
11.16
13.44
14.49
13.96
4.37
20.39
21.29
15.93
9.99
5.5
12.88
16.77
9.3
9.47
14.99
9.4
8.53
1.97
16.24
20.33
19.16
18.82
20.74
12.87
9.24
15.52
15.79
18.04
16.18
15.14
9.03
11.97
7.79
16.08
18.07
11.28
7.46
6.51
12.58
17.64
14.24
18.11
20.47
18.22
14.13
15.77
19.7
17.96
9.85
15.18
19.07
20.35
19.84
13.8
7.48
17.36
16.37
6.64
6.99
13.35
11.33
9.32
7.17
8.54
11.77
6.65
2.69
-0.8
13.33
16.72
16.55
11.44
5.72
11.86
6.76
13.62
18.2
18.64
20.31
23.85
18.35
8.48
11.99
19.71
21.74
21.86
22.73
18.09
13.66
12.27
16.29
22.8
24.78
23.55
24.17
23.65
25.73
28.87
28.27
20.32
18.28
25.34
26.13
25.18
22.84
18.97
20.95
26.68
29.66
29
25.84
23.49
22.42
25.97
24.91
21.06
22.51
20.07
19.39
21.22
22.54
19.07
17.72
9.18
9.73
16.35
24.14
24.73
21.91
21.9
23.1
21.86
20.86
25.41
26.14
23.55
21.79
26.77
23.88
19.42
22.34
20.12
18.87
15.97
5.42
9.87
13.46
14.98
10.56
21.98
25.82
22.24
15.12
17.92
12.57
18.86
24.65
24.94
20.79
16.09
5.7
7.79
8.85
23.48
29.48
31.22
26.09
14.39
18.31
-0.32
11.98
6.12
15.99
22.86
25.41
26.22
24.5
24.24
23.22
18.64
18.37
22.73
22.49
15.04
20.2
19.6
15.33
8.25
4.7
7.75
18.04
19.25
14.16
25.3
23.15
24.65
25.82
21.22
22.13
19.51
21.27
23.69
18.89
10.54
6.43
20.72
22.19
16.72
6.4
16.83
22.49
23
17.36
15.55
15.97
17.01
19.72
21.16
21.98
16.43
19.66
22.54
18.69
18.85
20.91
16.06
15.06
19.41
20.9
22.82
14.8
20.94
19.96
18.19
18.53
16.4
7.37
16.93
17.36
17.84
20.01
5.58
13.23
13.54
-9.69
18.1
20.83
17.48
21.92
26.31
25.51
19.68
11.76
18.2
14.95
12.54
5.99
17.32
15.28
8.78
21.37
20.37
23.8
27.62
23.52
21.93
19.42
17.44
20.6
22.77
24.67
22.9
19.66
20.85
21.93
21.4
14.16
20.82
17.41
16.71
16.06
16.26
17.19
11.11
18.37
16.47
17.79
21.6
12.45
19.62
23.89
20
14.04
19.99
8.99
16.93
0.49
18.63
16.29
22.16
26.17
24.17
16.82
12.45
16.93
19.9
18.89
19.22
16.52
18.04
16.82
24.17
21.54
27.65
26.78
21.97
13.8
21.95
18.43
11.77
23.16
23.73
19.42
20.32
19.53
2.08
21.73
26.76
22.7
14.4
11.62
22.41
23.03
21.9
21.02
20.59
20.92
23.63
22.3
20.4
17.64
18.63
25.16
23.28
8.56
15.36
19.29
21.19
16.59
10.6
11.11
13.81
13.52
13.68
15.41
21.71
21.83
17.81
17.44
19.84
21.51
12.76
13.58
9.55
13.66
20.18
23.85
17.98
21.85
23.08
7.17
18.21
15.55
15.96
12.09
22.32
22.27
22.75
21.01
15.05
12.28
12.86
19.24
19.72
21.21
20.45
15.58
14.21
7.42
12.11
18.1
16.78
12.09
7.32
15.76
17.86
18
16.78
14.69
10.44
7.71
5.94
5.18
14.88
13.32
13.62
18.8
16.35
12.3
16.15
14.71
14.77
20.84
19.2
8.17
16.46
14.77
11.37
8.25
4.59
3.57
10.15
16.73
8.18
17.27
16.39
15.44
17.36
15.5
11.75
-1.53
18.45
18.52
10.08
16.59
16.66
15.99
14.82
15.98
12.5
14.15
17.93
13.83
4.66
13.92
15.72
9.51
11.87
16.17
6.95
20.89
19.33
15.28
22.4
22.98
22.08
24.43
17.05
3.31
16.78
19.4
18.84
13.13
11.32
16.84
23.44
26.47
22.91
14.26
8.27
23.81
27.75
28.2
26.26
23.72
22.15
19.46
16.13
14.42
21.57
23.53
-1.71
22.4
22.12
16.41
24.47
27.16
24.53
22.25
23.03
22.1
21.01
19.78
20.46
20.95
23.37
22.38
20.76
25
27.59
27.74
24.19
18.28
5.49
18.56
20.04
23.29
22.88
16.53
22.15
26.75
28.62
26.52
18.27
15.6
16.5
17.4
15.1
17.02
14.73
18.34
19.62
12.24
15.15
20.05
24.32
24.87
21.59
8.66
14.8
16.8
20.44
19.59
23.77
22.82
26.7
27.35
21.5
20.63
22.54
23.08
23.1
22.58
25.83
26.5
25.2
22.76
13.89
20.53
19.88
20.66
20.33
9.63
15.92
21.54
24.26
22.93
22.09
22.57
15.68
20.61
23.59
14.57
16.2
19.02
20.61
20.25
19.61
19.93
15.13
11.14
7.64
14.56
22.75
24.65
20.3
19.05
21.26
18.63
15.41
16.61
21.2
19.8
23.45
26.63
26.23
25.03
22.88
19.11
19.72
12.63
20.93
24.08
23.99
16.4
18.29
18.49
10.47
22.37
26.12
22.5
19.68
27.27
27.73
21.37
22.96
21.51
36.84
41.8
38.3
29
16.69
22.24
24.96
16.89
23.72
29.22
30.68
19.87
24.34
21.9
22.86
26.67
25.46
19.48
17.28
28.78
32.7
27.86
1.03
25.58
29.02
24.78
13.17
23.12
25.81
22.86
16.58
8.46
19.96
23.62
25.48
24.48
19.37
15.8
21.35
26.88
20.66
17.6
16.71
16.01
26.37
41.35
43.92
36.65
3.03
10.27
12.34
16.58
12.35
16.97
23.96
24.37
20.57
21.17
26.73
28.04
25.06
19.77
3.84
19.03
17.88
25.92
25.46
18.41
23.48
19.17
20.73
23.98
23.5
40.26
46.2
43.23
30.84
23.43
21
13.51
18.68
9.43
27.72
30
27.89
26.16
24.8
24.11
22.74
16.17
12.34
17.48
15.15
18.68
22.48
24.36
29.55
25.9
18.45
24.48
18.87
23.13
25.89
20.69
21.18
18.95
12.62
13.3
14.69
22.04
23.87
23.85
22.87
22.77
19.29
17.78
13.63
13.49
16.91
24.22
25.92
24.89
23.51
24.64
36.25
43.76
43.36
35.45
24.02
17.42
22.53
25.02
18.19
9.57
19.79
18.43
22.24
30.03
33.73
31.78
25.88
11.33
12.52
24.64
22.87
11.02
21.45
24.04
19.68
18.75
22.44
23.51
19.18
18.59
22.73
32.16
41.29
42.89
36.56
26.79
20.03
10.22
21.26
23.36
24.07
21.24
8.16
17.01
10.78
6.91
12.94
10.65
19.67
21.82
0.54
17.93
18.75
16.28
19.77
23.79
21.93
17.81
10.96
20.63
22.26
19.26
27.65
25.09
19.47
14.36
17.35
16.19
19.37
18.37
23.98
26.1
23.55
7.29
11.8
7.95
14.84
15.49
27.47
26.68
24.9
25.73
32.82
43.39
45.44
38.72
22.78
18.73
22.24
16.39
19.65
19.28
23.05
23.01
-0.43
18.38
17.84
17.84
16.54
11.16
4.99
17.09
26.6
27.89
21.15
10.9
0.7
18.71
23.89
21.56
23.21
22.91
22.4
24.87
21.69
13.27
24.4
29.6
28.12
16.59
18.82
21.42
21.49
24.82
27.07
25.94
22.59
25.14
27.24
23.11
26.9
29.74
27.54
21.08
20.14
26.22
24.28
20.78
17.11
21.24
20.26
21.07
21.36
23.52
20.71
21.19
29.52
30.16
28.35
28.62
28.62
24.21
14.38
23.36
27.43
38.95
44.07
40.93
28.53
16.9
19.86
14.53
11.85
18.79
29.2
35.58
34.19
23.99
17.99
23.07
34.97
34.32
18.62
8.68
27.7
28.08
26.91
28.96
29.25
26.15
22.8
26.73
30.65
32.9
30.39
25.57
34.92
32.22
24.96
27.92
29.8
26.9
26.63
29.13
27.88
20.87
24.03
27.82
20.31
24.74
29.74
27.48
19.61
23.87
29.52
30.13
30.49
30.85
26.69
19.35
23.46
26.57
26.16
25.27
19.97
24.67
26.81
24.86
21.22
24.3
19.02
21.48
25.83
33.63
33.51
22.44
23.21
20.47
21
24.18
25.09
25.03
31.88
44.73
48.66
43.87
32.8
29.69
19.1
31.51
33.31
29.51
35.39
46.37
48.51
42.43
31.38
30.12
26.79
24.61
28.9
31.12
27.24
20.61
32.08
34.85
35.76
36.95
34.16
32.1
31.93
29.71
18.71
22.18
26.34
23.06
20.08
18.78
30.51
30.12
19.66
21.33
28.47
30.61
27.97
21.26
24.91
30.13
32.36
34.47
32.6
25.71
22.78
25.05
20.56
27.51
32.41
31.42
29.62
27.33
28.62
30.52
32.46
31.48
28.5
25.75
24.25
34.08
36.14
34.18
32.34
28.43
30.58
33.85
34.23
34.52
33.22
31.02
27.61
25.09
19.08
19.44
23.64
28.43
30.89
25.46
23.89
28.12
23.45
13.11
25.73
30.96
31.33
31.03
22.5
21.55
28.18
31.1
29.5
15.52
27.44
31.92
28.97
14.01
32.12
34.06
26.97
28.78
34.94
34.74
29.85
22.47
24.01
9.78
26.13
29.63
25.63
22
28.04
29.43
27.43
22.49
29.62
32.91
32.38
31.17
30.53
28.39
27.54
23.84
26.35
26.86
27.65
29.73
28.36
13.5
26.62
25.07
31.98
33.26
28.87
30.15
27.9
24.07
25.37
27.88
28.08
28.43
24.72
24.31
28.64
27.61
24.95
24.33
29.19
28.5
27.07
14.39
31.64
32.74
29.52
21.79
28.87
34.28
32.09
26.76
19.2
26.03
28.46
25.03
21.08
22.61
27.64
30.21
29.04
21.26
31.01
32.19
29.11
25.68
23.67
23.79
24.12
25.98
25.9
12.79
8
21.7
25.42
17.46
28.38
27.15
22.18
17.67
18.95
27.59
27.08
18.45
21.89
29.8
29.21
14.69
16.99
23.83
26.6
19.29
24.38
22.22
22.55
22.13
22.78
26.45
20.81
28.68
25.84
11.1
18.93
21.85
20.22
18.91
12.57
24.37
24.08
16.35
20.55
22.94
26.96
26.53
22.41
23.96
27.2
29.87
24.77
13.54
26.6
29.39
28.43
23.64
15.61
19.57
22.66
26.06
20.64
23.78
18.75
17.34
19.41
24.96
28.08
29.33
28.19
26.1
26.18
30.32
32.4
29.2
19.76
22.39
29.85
28.71
13.41
26.06
29.54
31.89
29.34
12.11
20.05
27.88
30.62
26.7
23.75
28.61
26.87
23.54
25.89
29.07
31.25
30.16
26.13
18.44
21.42
24.96
19.33
5.76
20
25.25
28.34
26.75
25.16
24.73
26.3
28.48
26.61
23.99
22.2
23.73
23.71
18.09
24.46
27.66
26.33
24
22.23
19.8
21.61
24.04
23.16
22.26
25.25
22.35
19.68
18.99
15.31
27.38
29.89
26.25
21.82
21.48
21.38
22.59
28.6
29.7
28.48
25.76
23.12
21.52
24.13
28.25
25.38
26.03
24.7
12.85
25.13
23.85
21.58
10.86
18.5
15.25
24.48
27.33
27.46
30.36
26.16
21.71
25.61
21.07
24.79
25.08
30.48
30.29
22.82
19.22
23.11
22.05
21.46
26.22
29.58
30.13
28.54
20.67
27.28
24.68
16.04
22.34
24.05
20.62
23.04
30.7
33.49
30.94
22.74
24.42
31.13
28.28
12.77
21.59
28.18
32.85
33
24.92
25.64
23.82
26.03
29.09
26.12
22.11
24.66
24.99
20.72
19.86
26.11
33.64
37.01
35.64
31.23
18.12
28.39
29.26
28.06
29.01
24.71
20.45
16.97
1.79
11.77
-1.56
20.13
25.25
22.71
25.67
29.99
34.38
34.8
30.45
27.71
28.5
29.23
26.98
19.65
12.67
21.31
16.59
21.77
25.7
27.2
26.64
19.62
19.06
20.98
5.55
20.27
22.53
20.04
15.8
22.24
29.02
30.97
26.04
13.74
17.43
20.33
11.8
25.83
28.99
24.88
23.81
28.58
30.67
27.91
21.49
29.03
32.39
31.45
28.63
23.5
19.06
25.52
22.66
17.22
24.17
24.29
26.27
25.03
24.3
29.26
29.07
26.42
14.72
21.41
27.56
29.25
29.16
26.14
14.31
24.46
27.47
26.19
23
6.25
18.68
24.54
27.41
27.78
23.82
21.15
14.44
21.26
21.82
19.28
20.91
23.65
23.69
25.28
26.42
19.09
23.13
19.02
21.66
22.01
22.49
14.96
19.49
11.53
5.06
15.99
17.83
19.65
23.23
14.3
3.33
13.21
18.56
17.52
17.93
22.81
25.03
24.35
23.88
18.82
10.79
4.34
9.64
18.8
21.74
18.72
12.07
17.85
14.38
23.4
19.39
19.81
24.56
25.04
21.51
18.76
19.41
18.66
28.13
28.56
27.38
28.16
21.3
21.7
16.92
9.27
22.8
24.75
23.2
20.24
20.2
18.68
12.02
13.51
17.79
19.23
9.81
21.11
27.46
27.91
24.67
14.38
12.77
16.92
16.2
21.67
23.36
23.84
17.53
18.79
21.46
20.21
18.67
15.12
4.03
21.96
24.19
17.24
21.17
24.08
26.87
27.36
24.89
20.8
14.63
13.58
22.46
25.03
22.44
19.83
26.6
21.47
17.5
21.03
19.95
14.36
21.94
20.76
10.55
22.61
17.27
19.38
23.59
20.96
18.98
13.13
18.84
22.59
22.51
13.49
18.19
20.99
17.48
13.68
19.9
20.23
19.25
18.07
10.43
22.24
22.76
20.22
20.73
20.02
21.46
21.77
20.72
19.46
20.5
18.48
20.84
25.47
19.53
19.46
21.36
13.09
19.23
23.08
22.06
19.6
16.66
12.01
15.26
14.2
8.67
19.07
20.42
17.45
15.49
18.24
8.99
23.67
23.84
17.11
23.64
23.11
13.81
14.77
19.15
18.24
23.49
26.12
27.33
25.29
16.29
15.07
22.21
22.12
17.63
15.61
13.21
17.37
23.21
20.02
16.03
19.47
27.29
27.82
25.18
22.91
20.64
22.6
24.05
22.1
10.94
23.21
22.12
9.59
19.03
24.34
22.81
11.97
18.1
15.39
21.97
24.23
14.26
21.65
24.26
16.68
16.54
18.52
7.66
17.61
22.38
17
20.59
20.88
16
17.05
22.4
21.68
23.18
13.19
14.08
13.78
19.14
22.56
23.54
19.25
18.59
18.41
14.97
21.65
23.3
21.19
19.9
16.9
17.64
9.75
22.72
28.44
28.91
26.04
21.05
18.53
19.82
21.57
23.15
24.55
25.86
24.81
19.96
19.47
17.2
17.84
22.85
23.08
10.8
20.07
22.28
23.09
21.49
17.15
11.9
15.3
15.81
13.5
13.21
22.31
20.89
24.78
27.24
25.04
23.97
20.28
11.64
13.56
16.55
17.79
13.44
16.11
13.84
19.5
18.39
2.35
6.58
17.29
18.13
10.99
3.21
18.39
24.15
20.06
12.24
19.14
21.47
21.98
19.34
11.95
21.37
24.6
23.83
22.29
17.84
9.21
10.07
25.32
28.91
25.18
23.22
21.25
21.14
19.53
19.6
21.38
20.43
20.43
14.98
17.91
7.41
12.05
18.94
23.34
23.02
15.82
19.22
24.41
22.51
18.57
18.38
18.17
19
18.94
18.81
18.97
20.58
20.34
6.55
13.4
0.62
16.05
16.52
3.31
13.27
5.91
9.26
6.9
10.92
17.33
10.95
17.28
21.14
18.82
21.84
22.63
20.37
18.05
21.5
24.15
25.81
23.73
8.65
19.19
28.1
24.54
18.73
24.53
15.89
32.41
37.64
34.68
25.15
13.8
13.25
16.77
12.31
16.57
18.15
18.47
20.91
20.35
21.91
18.49
18.38
20.12
17.97
12.79
20.72
23.63
23.07
18.38
18.13
22.62
22.33
19.52
9.46
10.07
14.25
16.78
11.9
21.63
21.38
23.96
23.77
20.97
17.3
9.05
18.26
23.69
25.59
21.69
17.11
22.93
19.37
15.83
8.13
17.79
13.67
19.49
19.51
20.49
16.87
19.94
24.2
22.36
20.66
15.92
-3.29
1.8
17.88
23.21
24.84
19.74
13.48
14.88
14
15.55
18.38
21.02
21.15
20.64
16.07
15.04
15.1
11.02
8
10.9
17.25
21.48
22.81
20.06
4.03
13.73
9.01
20.01
22.38
24.82
22.01
15.98
19.18
9.55
19.88
21.09
8.39
23.25
23.16
17.58
17.88
19.9
15.58
17.69
25.75
27.16
24.31
-0.7
23.58
21.14
17.17
8.13
18.97
20.91
16.82
15.18
21.98
24.42
18.78
2.72
14.81
11.2
8.63
9.27
10.4
16.49
17.86
12.61
17.13
8.38
14.92
20.49
22.39
19.35
21.09
19.18
8.84
17.39
13.1
8.55
14.2
3.72
6.67
12.54
10.62
19.5
20.35
21.95
19.38
18.32
20.66
18.94
16.33
24.01
22.51
22.89
14.38
16.13
21.1
24.71
18.65
18.38
23.93
23.56
17.94
5.45
9.37
12.01
18.05
16.21
21.29
21.25
15.45
1.76
5.43
11.78
14.41
7.46
19.56
23.4
21.7
16.88
14.62
11.56
-3.42
7.81
14.1
16.67
11.31
13.17
14.95
1.05
12.24
16.16
14.47
2
1.57
17.1
22.83
24.24
18.01
16.94
19.77
12.91
16.93
22.19
22.75
20.56
19.32
17.95
14.64
11.84
11.59
16.23
20.1
19.72
10.46
12.57
10.42
6.01
9.54
6.61
7.74
12.25
10.67
-5.84
16.27
14.57
15.01
11.58
21.97
17.12
9.36
9.66
10.86
12.7
14.49
13.83
10.52
16.84
21.23
23.08
24.02
20.44
21.23
21.05
17.57
15.26
15.35
13.44
15.54
19.02
17.43
15.03
9.3
-3.44
17.07
18.21
10.44
10.33
16.3
19.35
14.25
-2.12
12.41
19
19.53
14.44
10.53
10.29
12.4
-2.17
11.76
17.54
18.87
16.95
12.7
-6.52
14.7
21.63
19.45
14.68
17.25
10
11.26
1.99
11.67
6.66
-0.99
6.77
11.29
-13.1
15.42
5.04
16.31
19.3
21.16
20.69
16.21
17.95
20.04
12.35
7.09
0.26
6.63
15.5
21.28
19.84
15.26
11.8
16.77
18.71
13.06
8.59
4.01
11.97
17.18
17.1
13.65
9.47
-1.29
18.41
22.02
21.88
17.6
10.26
14.04
17.34
19.6
19.95
18.82
20.23
19.05
18.59
18.86
14.74
2.31
11.52
14.41
11.86
15.27
18.07
16.86
-3.64
14.3
17.69
17.01
11.55
-4.52
7.93
8.11
4.45
15.34
8.68
17
21.78
20.11
17.93
17.86
16.67
9.05
10.59
17.7
17.4
-1.78
15.77
17.52
14.25
13.97
16.21
14.25
4.71
6.53
-0.24
8.94
10.43
14.94
13.61
5.57
6.65
11.7
9.41
14.76
-0.42
15.45
17.2
6.91
12.87
17
14.28
19.62
22.7
19.28
7.74
16.71
12.87
12.96
16.05
17.61
17.87
14.99
7.84
10.31
16.14
19.33
21.59
21.64
15.05
10.09
13.26
17.34
20.24
18.33
14.22
5.21
14.01
16.14
15.92
13.99
11.54
0.87
12.89
19.12
20.62
20.12
18.85
17.54
16.42
10.32
5.08
15.3
17.9
14.15
13.09
19.11
20.88
19.4
18.2
18.98
21.55
21.01
16.73
11.99
13.53
15.53
17.84
19.94
16.34
12.43
8.66
-16.02
2.95
12.78
17.08
16.13
15.56
13.86
7.62
15.62
19.16
19.06
21.68
23.14
21.24
18.55
20.28
17.06
10.71
1.6
15.89
18.31
16.7
15.63
13.94
17.7
22.03
20.95
14.39
14.1
12.73
5.09
7.58
12.18
10.14
11.61
6.58
8.03
10.7
13.2
10.88
10.06
14.42
8.69
12.45
16.67
17.23
20.28
18.66
13.57
18.23
19.51
13.96
13.23
13.51
17.1
21.1
21.41
20.35
19.73
18.37
21.39
22.69
20.16
14.09
4.62
16
17.07
15.05
14.95
15.89
6.95
4.69
-2.74
12.16
21.11
22.87
22.01
18.49
9.94
19.94
17.79
-2.04
12.39
14.17
0.23
18.99
15.94
11.29
11.45
19.01
20.66
19.33
22.17
23.92
23.23
18.94
10.81
19.67
20.2
11.08
3.58
11.15
19.33
23.41
22.04
16.56
3.66
19.32
21.94
20.58
14.99
16.26
18.21
14.62
11.23
12.9
12.71
7.94
15.63
15.51
17.55
21.18
24.22
26.32
22.12
18.28
21.35
16.45
14.19
19.48
22.24
20.51
17.55
19.76
19.96
12.46
11.48
15.89
11.82
9.86
15.43
16.24
11.21
10.59
13.67
9.18
13.39
17.83
15.65
11.5
15.01
3.06
19.36
21.56
15.64
10.38
10.99
13.78
17.91
18.36
17.37
13.2
16.07
19.56
16.64
13.94
14.14
5.85
7.96
7.98
2.84
0.93
8.05
3.44
9.89
9.03
4.9
8.34
9.74
11.41
2.8
-0.53
11.34
15.83
19.01
19.06
12.92
5.09
8.74
9.65
9.39
-0.77
10.58
11.02
17.1
13.95
12.12
15.86
14
8.13
11.41
12.7
14.03
15.78
17.25
15.96
16.82
15.97
-0.74
9.77
18.06
17.73
14.83
4.78
9.64
16.04
13.3
7.85
16.68
20.55
21.26
15.93
5.87
11.78
11.88
12.19
13.98
14.84
11.35
13.42
16.44
18.84
12.76
14.15
20.6
16.7
12.58
12.49
6.93
16.84
18.78
16.38
17.97
12.17
8.47
11.24
10.52
10.51
10.9
7.29
16.61
17.59
15
11.77
9.31
10.62
7.66
7.96
12.22
12.73
18.27
16.38
14.26
15.75
17.56
19.67
16.4
9.49
13.73
18.87
19.56
16.57
13.14
14.81
18.89
19.08
15.27
18.66
13.23
5.5
12.3
22.47
22.48
16.51
13.62
8.01
2.28
12.03
14.25
4.83
10
12.9
11.52
13.43
5.44
-4.99
9.4
7.1
15.89
15.41
13.11
13.86
11.06
-5.1
11.5
15.84
16.08
19.92
17.69
6.56
11.35
14.47
18.35
14.97
11.18
7.72
12.44
15.81
15.82
16.86
18.75
13.55
17.66
17.88
15.79
20.87
19.22
16.45
18.27
15.97
20.25
22.12
20.07
20.15
20.31
15.82
10.29
10.1
13.16
17.26
15.06
19.92
21
18.11
16.75
12.37
1.6
11.61
11.09
8.62
-1.39
5.72
15.33
17.78
11.49
8.77
6.01
13.56
8.83
14.59
15.08
3.2
1
7.28
-4.71
13.14
19.87
18.3
10.84
19.04
15.89
13.17
19.77
19.62
12.39
15.9
16.38
7.75
1.07
5.9
16.98
15.01
12.42
17.88
18.81
14.63
18.48
20.07
22.31
22.42
18.55
15.43
15.34
8.59
17.2
9.11
13.64
16.12
12.36
9.56
9.33
19.72
24
22.08
17.79
15.77
12.69
-0.19
-5.3
8.68
17.48
21.22
16.35
12.37
18.54
21.67
19.01
15.91
17.21
15.3
14.53
10.69
13.18
18.23
17.31
18.53
15.83
15.83
13.13
17.83
22.07
19.29
6.76
11
19.48
15.99
5.22
15.51
18.39
14.84
18.75
19.2
18.92
20.73
22.77
18.84
12.21
15
18.02
18.04
15.02
11.67
9.86
16.96
20.36
19.27
6.08
16.87
17.65
13.03
14.06
14.11
17.97
15.53
1.69
9.97
17.83
16.62
8.9
6.09
14.9
16.82
11.39
15.28
20.87
19.82
13.41
12.07
4.55
19.04
17.15
15.49
16.6
6.69
5.88
16.58
19.21
7.35
12.28
17.2
21.39
22.4
20.33
16.02
18.12
15.92
17.55
11.27
5.69
9.56
4.71
15.07
12.47
15.65
12.04
16.03
17.48
14.76
2.88
19.08
17.85
14.96
17.86
6.44
8.99
16.2
20.16
12.68
1.02
16.24
20.62
15.99
23.16
23.56
19.01
20.97
17.85
4.9
7.19
11.69
-3.57
14.22
14.14
19.11
14.64
9.27
8.08
16.72
-0.02
18.65
20.36
16.44
14.63
19.7
16.19
14.62
18.53
7.45
14.95
17.07
18.53
19.71
19.7
17.94
11.61
9.56
13.65
14.17
-0.35
0.61
10.95
18.96
15.69
3.04
9.02
18.23
17.09
13.57
17.41
16.27
12.21
15.66
22.03
22.98
23.01
21.1
15.85
10.12
19.2
16.7
12.44
16.05
7.26
13.83
16.25
20
13.38
13.58
15.49
13.98
14.74
9.94
10.11
10.74
6.22
16.04
13.67
20.18
20.26
9.1
13.02
10.14
10.07
5.06
17.29
18.14
19.95
16.37
12.23
4.8
11.98
19.83
19.82
14.05
12.58
5.65
14.36
11.54
10.86
16.39
16.61
20.66
21.31
19.71
12.01
11.24
17.88
19.07
19.52
14.49
12.19
19.36
21.06
21.02
18.23
15.93
17.12
16.1
18.88
17.9
9.97
9.12
15.39
19.95
20.29
15.35
12.98
10.24
5.83
16.4
14.63
8.3
9.46
15.13
11.46
6.68
5.34
14.82
16.06
14.82
15.72
16.69
12.98
10.02
11.05
10.66
13.56
12.35
0.71
6.32
3.91
15.03
18.31
14.33
13.23
15.36
11.51
11.66
16.36
19.09
18.91
17.45
11.75
12.1
19.3
15.78
11.13
9.87
8.52
18.33
12.98
17.45
18.47
17.33
16.42
14.56
18.28
17.51
15.48
12.49
13.29
10.73
15.91
16.64
15.13
7.76
4.13
12.24
-2.89
12.51
11.04
2.94
12.29
17.41
18.6
14.99
18.46
18.6
15.86
-8.15
14.65
18.34
19.07
14.45
15.08
10.38
15.75
18.68
8.92
9.03
7.73
-2.94
14.54
19.23
15.45
10.1
9.11
4.95
6.43
17.72
21.87
19.28
17.46
20.57
18.32
11.13
12.18
2.95
7.87
8.43
-2.81
2.02
13.3
17.01
15.95
17.8
18.58
8.27
12
16.98
17.97
17.77
8.04
13.03
10.63
-1.02
8.67
11.19
-4.55
9.6
5.42
-3.21
11.48
17.1
16.39
3.25
13.73
17.54
15.93
11.83
18.09
18.98
9.75
14.44
18.44
12.84
3.88
10.86
-0.76
11.39
8.83
13.85
14.07
7.93
8.97
15.36
16.1
14.31
13.68
11.16
11.09
13.38
8.69
15.23
18.06
16.65
16.91
12.61
6.55
13.39
15.59
9.45
9.84
14.63
12.22
7.21
8.53
14.12
15.91
1.26
17.22
18.4
7.44
12.32
14.59
10.15
1.56
-1.71
10.76
15.84
19.67
20.16
17.17
18.64
17.27
8.05
8.6
17.2
17.97
12.58
19.96
15.55
0.59
10.19
14.96
17.91
7.78
6.5
13.16
15.47
12.24
4.98
12.28
15.68
5.48
11.32
1.32
11.08
6.96
14.9
16.33
11.93
0.25
5.27
14.98
14.49
15.41
16.21
16.38
15.62
18.88
18.52
17.43
12.41
1.73
10.16
9.55
5.77
10.66
5.79
1.61
8.09
3.48
15.64
18.62
14.39
10.68
10.11
12.95
13.57
17.35
13.18
17.1
17.11
15.26
17.38
19.89
14.12
13.59
12.64
10.57
12.7
14.38
19.15
15.54
11.81
14.17
7.24
9.68
15.04
12.89
14.31
15.93
19.3
16.7
4.84
10.82
13.87
17.15
13.69
11.25
21.75
20.49
8.36
2.33
12.63
13.77
9.31
12.49
11.69
8.82
4.62
13.35
11.8
3.49
5.24
0.23
13.29
19.26
15.68
15
12.34
13.5
19.29
15.56
9.8
7.64
12.84
11.35
13.95
11.7
2.85
7.68
8.4
3.82
12.84
15.59
12.98
4.95
14.99
15.9
16.03
13.81
11.35
16.91
9.91
17.23
14.83
14.67
5.39
10.38
16.51
20.63
19.63
13.87
5.26
10.97
7.98
17.7
17.64
11.84
9.59
4.79
15.53
12.5
12.7
10.3
10.91
14.37
10
13.05
16.92
15.72
12.98
-2.16
4.09
0.55
10.11
14.69
13.48
12.72
13.16
4.75
3.71
16.01
18.12
10.81
11.4
8.39
14.3
11.97
8.75
9.51
-6.46
7.29
11.42
8.61
-2.12
12.34
17.23
13.32
11.49
6.69
3.26
2.86
-10.35
13.16
13.07
0.38
9.56
6.66
5.02
11.62
12.77
13.78
13.62
14.23
7.26
-3.55
11.09
7.03
9.96
11.78
13.38
5.43
3.89
6.26
7.45
10.65
10.02
8.47
12.46
4.24
11.92
14.83
13.26
13.84
9.89
8.87
13.68
13.41
-6.79
9.25
8.37
10.21
12.19
13.08
17.89
14.25
10.43
6.69
7.4
13.82
4.37
6.95
13.23
13.95
12.19
9.91
-8.73
9.75
-5.22
8.35
7.85
7.87
12.17
14.68
14.37
14.01
14.89
14.6
10.68
11.81
9.18
4.12
10.36
12.57
19.04
20.7
13.72
11.59
19.37
18.91
17.55
18.15
14.48
5.06
14.3
15.76
7.64
6.12
7.18
9.16
13.28
12.06
16.09
17.49
12.71
4.02
14.56
19.84
18.99
13.18
9.49
8.99
8.39
15.23
17.56
14.5
2.72
7.62
10.99
9.97
9.73
12.65
17.27
17.07
14.76
12.33
10.16
11.32
12.82
7.91
12.19
12.77
-1.52
14.7
13.01
6.66
3.59
11.97
10.46
9.58
16.2
20.58
20.52
16.13
8.3
11.62
15.52
9.01
13.59
9.94
13.25
18.39
17.55
14.45
8.92
10.78
17.13
13.77
12.35
16.79
13.19
5.17
6.39
14.82
17.56
17.72
16.72
3.95
14.17
14.97
9.6
-0.23
15.82
17.1
10.92
4.59
15.78
17.6
11.26
13.14
13.57
5.16
4.69
11.42
12.02
14.56
12.57
2.31
10.63
15.66
9.85
10.62
4.59
8.66
8.35
13.79
15.34
10.92
15.3
18.49
15.3
6.23
9.62
15.1
15.32
11.08
14.12
18.56
17.18
10.31
11.13
15.87
17.01
15.69
17.36
16.54
8.47
6.98
14.86
17.99
18.19
16.12
11.78
5.78
10.4
15.83
10.21
12.72
16.67
10.07
9.03
8.07
2.12
2.52
-2.54
11.24
15.35
13.92
11.08
-0.57
3.54
9.24
17.04
17.84
12.46
4.48
15.21
11.6
2.66
13.62
14.82
7.87
3.46
11.71
7.92
5.19
11.14
-1.78
7.08
12.29
16.01
15.76
12.73
4.62
9.33
9.64
8.54
10.81
15.96
17.56
15.79
15.99
13.77
-3.5
5.77
14.72
17.05
16.69
11.96
3.26
7.33
14.54
17.18
19.31
16.78
13.25
11.37
8.36
7.84
13.64
9.11
12.8
15.65
10.68
14.25
17.58
17.87
13.54
14.87
17.12
12.19
15.81
18.29
16.39
9.27
3.18
4.55
7.33
6.19
12.3
0.89
9.45
-7.29
11.8
10.01
10.11
8.78
4.77
7.2
9.13
8.59
5.81
3.8
10.8
15.3
11.95
13.16
14.96
13.93
13.89
14.07
9.11
6.43
-0.19
10.81
12.55
3.97
8.09
10.06
8.05
9.64
10.53
12.96
16.85
14.72
-5.05
14.14
13.55
13.05
11.31
6.27
8.23
3.49
-3.91
10.24
13.08
13.52
12.82
10.36
5.8
-1.8
-9.49
-15.04
5.42
13.51
14.95
1.73
4.84
10.04
11.16
6.96
14.57
13.58
10.01
8.34
11.8
11.09
3.87
13.9
13.64
8.8
9.07
7
3.05
8.7
7
6.78
9.27
13.42
19.15
19.88
15.65
-9.47
8.75
15.35
15.46
17.32
16.3
7.69
5.51
12.3
13.38
8.82
9.76
1.47
5.44
-14.99
9.77
13.56
15
14.15
8.38
4.91
1.47
5.46
11.81
7.04
0.57
-3.27
4.78
11.14
13.12
9.91
18.04
19.24
18.2
14.86
7.24
10.08
4.29
10.1
14.71
10.37
3.53
5.37
1.77
-5.31
-0.2
8.63
14.99
12.73
9.53
5.02
13.52
8.78
10.95
5.17
1.24
5.48
8.39
-6.87
9.42
5.57
-5.72
11.22
17.09
14.6
2.78
10.96
13.87
12.46
14.26
8.04
13.33
16.31
14.38
11.89
5.96
11.61
15.29
14.28
11.08
6.06
18.65
20.64
18.34
15.3
10.91
11.38
8.11
10.95
15.14
17.8
19.68
15.89
8.04
5.34
4.13
8.52
16.01
21.53
22.08
18.69
13.14
11.08
6.77
16.07
20.52
18.74
14.69
15.31
7.43
9.25
10.23
-4.07
11.12
14.13
12.41
0.7
5.3
10.34
10.29
8.45
13.73
9.2
5.62
9.44
14.14
16.5
17.94
13.62
9.49
-2.16
8.34
1.05
8.62
13.2
17.62
14.46
8.52
15.17
12.05
12.89
13.83
10.65
14.42
15.77
11.21
-3.69
13.43
11.77
10.91
9.92
10.99
12.53
11.09
15.24
15.62
11.11
11.8
16.07
16.62
9.77
8.7
12.14
12.07
15.66
13.85
13.2
17.78
11.96
14.56
15.25
14.75
11.95
7.65
5.07
9.05
-4.57
9.7
0.55
13.93
16.16
12.28
10.02
15.98
11.16
13.44
11.63
11.03
7.43
0.43
0.3
10.04
11.73
10.45
9.52
4.22
11.43
13.47
14.27
11.95
1.2
13.84
13.76
7.45
6.51
11.97
8.94
12.84
16.37
13.76
3.2
11.47
9.99
8.95
8.62
12.45
9.51
15.99
17.06
13.72
8.89
13.11
11.17
-2.06
-1.68
9.78
13.76
13.48
14.17
20.68
21.36
19.39
10.98
17.14
19.45
16.11
12.03
14.06
12.56
7.05
10.07
12.71
8.94
9.02
9.28
11.88
12.38
3.05
16.74
18.09
10.43
14.85
17.98
16.81
17.8
12.57
7.77
6.38
5.65
-2.26
9.51
16.81
19.42
16.66
16.37
18.62
18.29
13.06
6.21
14.38
13.93
17.85
15.68
8.34
6.52
2.38
7
9.15
13.59
10.52
13.08
10.33
7.7
13.75
13.55
8.67
5.16
8.59
10.64
2.57
-1.55
6.28
10.1
11.8
15.02
16.16
8.1
13.95
15.78
12.48
4.92
8.05
14.42
12.34
7.55
16.21
14.07
8.75
5.82
11.86
12.92
9.85
-2.82
14.95
18.66
18.28
15.84
3.1
13.8
17.89
9.3
13.21
18.1
17.32
11.83
3.64
-0.47
9.94
17.21
16.92
8.34
1.55
11.39
12.23
8.11
-6.29
4.13
15.69
16.07
5.72
-5.2
-2.36
3.77
13.65
10.6
8.81
14.88
15.96
16.08
19.12
17.19
12.45
10.34
9.8
5.79
5.19
4
10.45
11.63
8.49
7.63
11.49
11.49
14.31
18.43
15.55
10.34
13
12.72
5.61
4.49
11.63
11.27
-1.64
12.92
16.08
16.91
14.57
8.3
13.39
9.31
10.06
13.98
16.78
17.33
13.52
14.67
14.54
12.08
8.05
8.59
15.57
20.1
17.61
7.38
14.77
16.02
10.4
8.89
4.33
10.73
4.67
12.44
14.66
14.31
13.21
10.8
15.29
18.79
18.26
14.45
6.27
6.4
10.19
14.19
15.27
9.58
0.94
12.66
14.73
8.47
-2.23
0.71
6.65
7.22
7.37
13.86
15.09
11.52
-12.28
11.81
17.58
18.53
15.91
10.23
13.24
16.14
13.59
14.11
13.16
15.16
16.22
8.42
13.09
16.57
14.83
12.37
13.73
5.36
11.21
17.64
17.07
13.41
14.22
13.9
14.08
8.73
11.56
6.34
5.8
11.41
12.1
13.88
8.85
0.39
7.11
13.26
18.99
19.1
14.55
12.84
4.88
14.12
9.41
3.59
8.54
14.74
17.7
14.41
8.68
5.59
8.39
9.96
11.47
9.3
12.27
6.79
13.92
17.67
14.67
8.74
3.65
7.09
13.9
17.02
12.07
8.13
7.88
13.32
14.76
13.26
16.32
17.7
12.73
1.61
15.09
14.96
0.22
0.28
15.39
16.77
15.34
13.66
13.77
15.02
15.66
16.62
15.84
16.85
15.28
13.11
13.54
12.88
13.78
10.57
6.54
14.97
16.79
12.49
0.37
7.74
13
10.24
4.47
6.12
6.04
13.24
12.17
10.92
10.17
15.65
17.67
13.22
9.19
9.7
16.93
14.73
10.38
10.4
12.76
11.24
8.7
13.25
7.08
14.11
13.32
12.02
15.03
11.22
18.24
17.6
11.27
6.21
6.62
12.72
10.15
13.21
16.3
13.25
3.67
8.8
12.35
10.03
-2.55
10.26
16.33
17.12
19.2
17.34
3.69
12.87
11.08
5.5
9.74
12.38
-2.04
12.42
17.54
17.24
12.4
10.53
8.13
1.33
-3.48
1.59
7.52
7.21
16.17
18.95
18.19
13.6
14.93
5.38
13.83
17.38
12.69
13
17.44
13.03
4.27
13.64
17.13
16.73
14.21
11.29
10.89
8.31
2.42
9.79
5.06
1.91
7.59
3.74
2.03
5.04
6.24
8.8
4.52
-0.89
11.63
16.95
12.28
7.78
9.37
4.62
11.65
11.48
14.01
16.52
8.93
12.84
14.87
10.63
12.99
8.67
1.77
11.91
13.49
5
17.86
16.85
3.77
-2.28
6.88
15.33
15.59
8.49
4.16
9.34
-8.63
11.36
16.4
15.53
5.89
7.49
13.84
12.01
6.46
8.24
-6.19
10.22
14.77
16.34
13.08
9.44
5.66
12.42
16.83
16.7
11.51
13.57
14.01
14.46
13.02
-5.99
13.35
14.51
14.15
11.93
10.63
12.84
16.23
15.9
18.09
17.69
-0.54
13.86
12.01
3.26
9.01
16.23
18.52
16.04
6.39
10.53
14.17
9
10.46
5.83
11.9
14.35
10.23
13.06
0.81
9.84
12.68
11.62
7.61
8.84
-11.51
11.75
10.99
8.49
7.45
0.37
8.72
13.37
14.37
6.31
13.3
14.84
7.29
5.05
12.18
13.35
12.85
14.03
12.77
8.48
4.09
8.71
5.36
15.9
15.58
12.37
3.61
12.7
10.64
-3.52
6.32
6.56
-0.72
5.33
2.96
12.94
18.89
16.27
7.25
13.93
13.87
12.11
8.93
-2.33
11.43
4.83
11.49
15.77
15.19
14.09
9.77
2.61
11.73
13.41
13.31
9.52
9.65
6.3
0.24
-0.16
7.54
7.53
7.38
5.36
10.3
5.97
13.09
13.27
11
6.62
5.3
9.27
11.17
10.14
9.51
12.25
11.54
7.36
6.66
10.64
15.68
14.4
4.71
8.35
-5.09
13.47
15.16
13.32
14.84
13.39
11.4
11.26
13.27
13.77
8.15
12
15.8
13.62
15.9
14.02
5.89
3.26
0.12
8.28
11.22
4.3
7.12
12.83
15.6
16.46
10.42
-3.33
3.89
8.22
7.71
9.54
8.58
12
14.34
5.83
12.01
15.67
12.94
7.22
15.47
15.24
15.09
13.95
11.23
8.7
15.27
16.38
13.56
11.71
14.18
16
12.67
7.8
4.22
11.51
15.63
15.28
4.18
13.73
16.31
11.08
15.63
14.84
8.88
-0.1
1.94
11.08
16.54
12.9
12.12
15.98
13.38
6.67
3.35
-13.35
2.62
9.78
14.93
14.16
12.23
4.01
-11.84
5.36
14.02
15.8
9.26
11.91
13.17
3.09
13.13
13.49
9.79
15.14
15.42
9.59
3.02
3.95
7.71
4.58
13.79
14.02
13.87
12.54
4.3
8.89
11.57
8.1
2.29
-0.73
8.23
13.53
12.8
-0.06
12.1
8.82
13.18
9.46
1.75
9.31
6.11
16
18.8
17.07
11.14
10.84
16.05
17.58
14.42
5.91
-6.38
6.15
9.94
12.53
7.11
6.52
7.13
9.65
6.88
0.54
9.33
15.51
13.55
12.32
11.37
15.3
12.11
10.31
13.52
6.41
-3.41
6.37
11.65
9.73
2.69
12.84
14.96
15.98
14.06
15.86
20.24
18.49
15.87
13.3
7.32
5.05
4.29
2.36
12.81
10.96
11.15
13.34
16.05
14.84
12.99
11.85
11.11
7.23
8.14
16.57
14.8
10.51
13.59
15.48
12.37
12.45
16.29
16.15
9.82
6.05
6.84
15.86
14.51
11.5
10.01
15.83
15.5
6
15.68
12.53
7.47
9.06
11.1
18.16
15.43
15.19
18.11
14.67
8.5
5.99
7.21
13.7
15.79
14.38
11.74
12.47
11.65
10.75
14.91
14.15
1.87
7.61
13.57
15.03
11.24
6.73
-2.92
10.55
11.72
10.56
9.26
7.18
12.61
15.65
20.03
18.88
13.01
11.05
8.05
6.16
10.3
14.99
16.42
13.22
4.26
10.1
13.13
12.97
6.96
13.18
9.83
-6.24
8.46
11.02
11.41
9.95
-5.59
9.31
7.34
5.62
6.43
1.4
7.12
9.33
5.53
11.3
17.33
19.2
17.79
11.65
14.4
9.8
11.41
15.62
14.52
12.75
13.6
5.22
13.42
18.38
14.9
12.01
19.31
20.57
17.58
8.89
2.38
-6.88
-0.46
6.61
-3.08
13.62
15.67
15.96
17.24
14.36
10.92
10.38
10.37
11.56
14.45
14.81
3.92
10.42
8.5
11.67
11.79
10.63
7.38
14.75
19.06
18.66
5.5
4.45
9.68
9.48
16.42
16.8
17.01
13.92
-0.44
4.58
13.31
13.54
9.82
14.31
17.24
9.46
5.25
12.03
8.35
12.81
13.13
3.52
11.48
10.79
-4.27
3.67
5.24
12.29
1.02
12.22
15.77
10.89
5.45
14.32
17.88
17.88
16.26
14.43
6.8
11.06
5.3
3.14
-3.91
-7.32
-4.19
2.28
10.24
16.26
20.16
19.08
16
17.62
17.9
14.18
-0.35
6.55
3.65
12.38
13.92
9.89
5.83
12.57
12.66
14.11
19.46
20.53
