9.47
0.55
10.95
12.98
7.32
8.23
13.4
11.87
15.45
13.43
0.67
6.12
6.97
11.6
12.28
3.76
13.36
11.56
9.88
6.17
-3.73
-2.86
5.45
4.98
6.32
5.21
6.91
7.89
6.52
3.3
4.16
7.23
7.1
-3.06
10.86
13.6
12.87
11.33
7.06
-2.45
8.17
11.67
12.15
15.86
14.97
11.66
14.81
14.31
12.61
11.29
6.44
0.52
6.69
3.23
4.15
1.29
2.89
9.63
11.41
11.14
10.35
7.48
9.77
11.59
5.58
1.66
4.56
8.56
11.22
3.27
10.3
6.06
5.66
3.26
12.38
11.36
-4.42
1.82
10.03
13.51
15.32
11.44
8.17
9.9
12.65
13.26
8.95
8.55
9.81
-6.21
10.4
10.71
7.56
4.7
9.97
13.09
9.44
9.74
12.25
13.87
10.58
0.01
10.04
11.71
12.17
14.32
15.75
13.69
14.44
18.64
18.67
13.19
-5.55
0.5
6.81
10.39
10.97
10.11
10.29
11.85
5.09
-3.28
10.78
14.08
7.16
5.67
5.54
5.63
15.42
12.34
6.23
13.21
15.54
11.31
11.33
13.03
12.08
10.61
10.57
11.77
5.85
0.77
7.46
7.34
13.38
12.54
0.01
8.97
7.52
5.22
6.49
8.09
11.55
12.37
13.83
11.93
11.94
14.12
7.8
12.32
9.79
7.27
3.85
9.35
13.16
15.02
15.61
9.95
-5.95
-4.49
0.48
2.88
8.13
13.87
14.68
10.1
5.95
8.35
6.49
8.15
7.17
0.88
4.13
5.39
-5.34
8.87
7.55
1.84
4.54
12.65
13.5
6.4
4.34
9.93
13.03
14.33
10.23
7.83
9.3
18.48
20.69
20.38
20.6
19.04
17.43
16.35
13.54
-0.2
7.74
9.8
10.81
10.09
5.9
11.31
9.97
8.69
10.31
7.42
5.81
0.95
7.79
12.59
14.95
14.03
6.84
-2.36
4.65
-2.61
0.53
-4.72
6.72
8.21
-0.31
8.22
11.78
8.63
2.4
2.41
6.47
5.63
3.16
12.26
13.35
15.08
11.33
3.82
9.13
14.16
15.62
12.93
7.85
1.97
11.71
12.56
3.95
7.38
10.02
5.02
10.13
9.15
8.99
8.56
2.05
8.02
11.19
14.05
14.5
12.04
11.54
11
-2.96
6.28
11.71
4.25
4.98
2.41
9.01
13.37
11.86
5.43
-6.55
5.61
8.81
-3.51
12.91
11.14
4.44
2.1
-6.36
8.42
14.66
16.11
12.52
12.52
14.24
12.84
8.18
-0.27
-10.65
4.03
14.22
14.83
8.02
5.05
10.74
14.98
15.51
8.09
11.26
14.66
11.36
7.48
14.67
13.64
7.23
11.15
11.3
3.15
6.01
10.19
11.87
4.22
12.35
13.68
10.17
9.19
14.36
12.63
11.63
13.37
14.67
12.06
6.55
-3.78
7.26
-1.65
8.66
12.51
10.45
5.06
4.01
9.45
11.55
10.13
11.77
11.71
2.49
8.22
9.96
1.37
5.29
7.81
9.15
15.18
16.61
13.83
12.17
10.38
10.45
12.31
2.74
6.28
13.89
14.97
13.64
12.94
11.87
7.53
8.37
4.63
9.16
10.52
4.81
1.49
9.1
11.39
9.74
2.57
2.72
1.88
-1.37
7.37
9.92
12.83
14.99
10.25
7.44
9.59
-1.04
-2.37
1.94
9.67
9.52
7.84
13.78
11.49
11.82
15
12.9
8.16
13.57
13.64
12.39
10.3
3.17
3.98
7.3
4.42
0.45
4.98
13.61
8.94
14.73
16.31
12.56
4.9
8.41
4.96
4.78
1.39
5.82
-0.61
6.85
12.22
11.97
11.13
7.21
7.13
11.87
10.03
7.58
11.59
7.39
3.42
12.74
14.06
12.43
15.14
16.7
14.16
6.83
9.83
15.64
14.79
11.31
14.42
14.94
16.29
18.15
15.38
11.8
10.27
9.16
9.62
10.91
11.42
9.14
7.26
8.57
8.26
11.35
11.28
10.85
11.73
4.94
0.31
-1.6
-8.03
-11.51
-0.49
7.58
9.11
11.04
14.78
13.4
9.96
8.76
0.73
8.12
13.48
16.39
18.65
14.83
7.85
9.54
7.86
6.39
4.72
4.62
5.41
2.23
-5.77
1.03
9.61
6.18
3.72
10.48
12.29
16.6
15.02
8.74
6.91
1.95
6.75
13.19
14.09
11.4
13.11
15.22
11.54
-8.55
3.63
3.81
-8.77
8.77
14.24
12.08
6.79
12.87
11.82
7.89
3.42
1.97
6.89
7.58
9.43
11.5
12.28
11.55
3.47
-6.02
4.95
10.27
12.73
12.36
-4.36
9.12
10.77
8.31
8.31
12.67
8.22
9.64
11.7
14.34
11.34
9.25
13.17
12.34
9.51
5.49
-4.73
2.7
-10.44
7.09
9.94
9.72
4.17
3.41
3.09
1.09
5.56
11.68
12.77
7.96
3.54
3.79
-4.97
0.1
5.56
0.35
2.94
10.25
11.44
12.11
9.53
0.53
7.7
10.65
8.02
4.14
7.65
7.71
9.2
8.89
8.94
10.49
8.7
7.37
10.91
14.79
11.24
11.95
16.73
15.35
14.69
15.43
11.16
-0.18
8.83
11.46
7.62
-24.9
11.49
17.22
18.73
18.44
15.76
11.01
15.01
12.01
7.33
4.75
-3.02
10.33
12.18
11.45
9.44
9.41
9.97
4.78
5.14
8.03
7.89
4.46
-1.67
-2
-0.34
6.2
4.44
0.63
2.04
1.69
-1.61
7.89
13.66
14.47
14.12
12.92
10.75
8.28
8.17
6.18
4.93
5.59
10.28
7.31
-5.54
7.61
8.04
8.95
10.55
12.61
12.21
3.01
-16.11
7.34
4.73
8.05
1.67
2.76
0.85
3.95
2.33
8.61
2.35
8.49
8.9
2.56
-4.08
6.08
10.94
15.01
13.18
13.28
11.69
-0.06
8.96
7.74
-2.17
-1.32
8.32
11.26
10.83
15.48
18.17
15
7.52
4.46
2.52
0.39
11.3
13.28
13.89
7.76
13.03
12.71
0.37
7.85
10.38
5.6
10.05
12.67
9.71
10.45
7.95
9.36
12.31
12.93
11.42
7.3
2.99
5.91
8.38
-0.35
6.71
11.74
12.91
11.74
15.87
13.4
11.69
9.15
-17.91
8.74
13.61
13.35
13.33
5.7
2.48
9.05
6.57
0.24
-5.34
-2.75
-7.54
5.49
9.84
9.19
8.28
5.03
-11.86
-3.7
3.31
8.34
7.29
7.49
10.73
8.57
5.95
11.53
15.9
17.55
14.29
12.68
13.19
13.88
14.83
12.94
10.04
3.14
12.31
14.14
7.07
3.41
-2.21
8.51
6.99
8.26
8.9
2.46
7
11.2
4.99
7.4
12.35
15.25
12.68
8.62
3.79
4.34
6.41
5.26
9.01
10.77
-3.16
12.44
16.42
11.97
8.95
14.07
10.34
8.26
4.24
8.62
8.54
9.27
11.02
10.61
13.61
14.5
24.14
21.41
16.92
15.21
19.26
22.94
24.23
20.78
11.45
15.73
15.18
14.36
21.29
16.14
8.49
18.28
18.95
14.55
-9.85
15.96
21.1
21.7
20.85
10.95
17.92
22.17
22.83
20.04
17.35
20.05
19.44
-16.26
19.61
19.08
16.3
14.03
15.45
18.57
10.14
18.31
14.87
15.61
22.73
23.34
18.57
17.43
17.92
17.78
21.3
24.59
21.94
10.67
19.17
18.59
20.45
29.03
29.48
25.57
23.94
24.41
24.77
20.19
12.75
10.8
9.14
15.28
19.04
22.65
22.76
21.71
18.16
15.52
15.5
5.28
8.99
12.76
15.49
18.15
16.79
22.64
26.92
26.8
21.92
20.01
22.11
19.77
14.93
25.19
25.5
24.57
25.8
24.99
23.89
23.13
24.52
23.86
22.5
24.78
22.04
12.4
13.35
20.12
22.33
18.27
7.43
19.51
23.62
19
14.89
20.39
23.18
22.1
9.95
19.31
18.87
16.41
17.54
12.19
13.71
9.31
17.58
22.38
22.63
17.24
11.23
18.66
15.19
11.97
15.17
17.49
21.93
23.64
23.36
22.17
26.76
29.08
26.1
17.41
12.9
17.01
20.96
18.62
20.99
19.89
15.65
14.62
20.46
28.43
27.75
15.48
3.35
18.17
21.81
12.77
21.66
22.41
6.87
20.41
24.47
23.78
24.11
29.26
25.58
17.14
22.77
26.65
26.56
16.91
14.47
17.89
19.38
21.6
22.37
20.26
24.38
28.98
29.93
27.62
17.87
6.82
19.49
26.49
26.15
17.25
25.28
24.41
20.5
16.91
21.15
24.99
25.31
24.36
22.93
19.85
18.09
19.16
18.21
15.49
18.85
20.71
23.92
23.53
22.69
20.04
24.52
26
20.38
12.89
16.92
15.79
10.73
15.89
22.67
25.78
23.46
10.07
16.75
14.1
18.39
19.73
18.14
21.19
2.78
19.63
23.05
23.47
21.31
18.01
18.89
22.8
21.5
24.01
24.94
22.25
20.09
15.66
7.53
11.46
2.91
13.9
2.89
13.69
14.67
17.44
21.22
20.31
10.8
15.39
16.08
16.7
20.9
18.71
19.39
15.37
12.79
21.17
13.72
25.88
25.84
18.72
15.37
24.87
26.05
20.65
10.11
12.33
15.55
17.9
23.24
23.57
17.27
15.86
15.78
19.14
14.64
20.11
13.49
14.37
21.14
13.48
18.04
17.06
14.76
15.91
17.24
8.16
22.92
23.22
9.79
17.08
17.73
15.24
9.01
0.44
-4.29
11
21.39
24.77
24.74
21.52
11.77
22
22.13
15.56
14.81
11.5
18.17
18.19
21.71
24.63
27.23
26.52
23.53
15.11
21.67
23.65
14.75
12.11
18.14
14.92
19.21
22.22
15.71
0.99
5.61
7.13
13.24
17.48
18.22
15.64
12.97
16.95
11.37
8.13
13.12
13.73
19.04
17.29
10.21
18.4
16.01
11.98
17.06
21.37
22.53
21.67
21.59
21.05
18.66
16.96
18
16.87
7.95
5.9
17.61
20.02
16.58
11.43
11.8
13.55
13.55
12.69
15.68
16.34
7.28
6.32
7.34
9.45
14.09
12.72
11.12
7.36
9.04
10.46
1.98
10.84
15.88
14.9
9.47
12.15
5.46
-3.25
-8.47
8.62
15.97
15.72
9.37
7.46
11.72
13.42
11.72
7.48
3.35
9.96
11.48
5.06
-1.67
9.35
12.83
4.92
16.52
6.34
10.49
2.28
14.91
20.19
20.88
19.89
9.89
16.3
20.61
21.32
16
16
19.17
9.4
17.08
19.61
10.39
20.45
21.51
14.61
21.92
25.87
25.41
20.49
5.73
16.96
22.27
20.08
14.6
11.37
12.92
22.41
26.86
25.55
18.17
17.55
22.89
21.38
18.93
23.33
21.79
15.26
2.46
1.46
13.69
21.75
23.31
22.36
22.16
21.95
17.62
22.93
24
21.8
13.11
18.2
20.07
10.23
22.47
26.83
24.28
19.09
21.51
10.88
18.27
20.1
15.73
10.72
21.79
26.59
26.17
21.59
20.52
23.36
23.74
25.13
24.65
24.43
24.62
23.01
24.81
24.47
24.62
22.76
10.67
15.81
7.86
15
19.84
24.87
28.4
28.05
18.72
21.26
21.4
10.73
18.66
16.14
19.63
18.21
19.67
22.55
23.41
27.46
28.16
24.93
22.74
24.45
26.22
28.12
28.23
25.99
23.02
27.1
24.45
9.25
4.05
18.01
15.62
5.6
21.21
21.19
14.78
17.6
6.87
22.33
22.85
16.56
12.33
8.5
16.37
21.39
16.57
0.84
9.44
17.9
19.31
22.84
23.6
19.76
20.76
24.87
25.41
21.87
19.95
22.29
20.61
14.59
15.57
15.76
16.11
16.5
9.53
10.2
17.83
19.14
23.74
23.98
21.47
21.17
21.74
19.43
21.09
8.94
8.79
17.02
19.15
13.32
14.23
17.89
23.92
26.72
25.16
22.19
20.13
3.94
0.29
20.45
19.06
5.76
15.71
16.09
18.12
19.91
21.87
18.82
17.83
21.37
21.05
3.21
15.86
22.55
25.46
13.89
23.49
19.33
22.87
23.66
18.63
10.45
9.25
17.12
19.1
16.56
13.61
8.66
19.6
23.92
23.52
12.16
19.44
22.75
24.37
22.63
12.34
21.34
21.63
15.25
17.71
13.96
11.29
24.56
29.19
28.07
26.63
27.43
21.13
15.66
14.8
18.23
22.58
22.73
18.4
16.17
23.27
27.29
27.84
27.07
23.46
13.75
17.81
21.61
19.74
26.55
26.43
21.08
16.74
-6.29
15.94
15.18
10.07
8.21
19.74
25.63
21.62
20.87
25.02
25.36
25.61
21.1
12.83
21.05
20.35
15.23
21.67
24.03
17.99
5.35
15.2
19.37
16.75
21.93
20.2
22.34
22.03
19.85
16.34
13.84
14.88
2.51
11.57
14.14
17.14
21.8
24.46
26.64
25.43
20.45
8.86
7.45
22.38
23.93
18.54
16.55
20.25
22.93
23.05
19.73
14.96
18.93
20.35
13.69
10.63
16.38
19.39
21.48
22.48
24.79
24.08
22.4
16.78
3.58
8.91
15.38
16.9
20.09
20.37
17.63
21.06
22.77
22.89
23.85
23.73
23.44
22.48
20.64
13.88
15.42
15.14
16.07
24.39
25.1
18.67
8.26
18.42
16.05
18.23
24.58
24.46
23.69
19.36
11.59
17.83
8.7
13.98
11.76
16.35
20.04
13.49
14.14
15.46
12.06
15.47
19.01
19.34
16.11
11.51
11.87
21.75
24.06
19.45
12.16
12.93
19.06
15.46
18.61
18.96
18.69
21.36
20.14
16.54
22.39
23.29
21.37
20.67
22.08
22.17
18.69
19.35
17.35
13.92
14.28
18.63
20.62
14.28
16.33
15.05
13.43
8.95
8.16
9.89
11
10.69
12.31
19.22
16.03
6.18
12.8
16.67
17.68
12.94
17.01
19.17
17.4
18.82
17.89
15.19
25.24
23.18
17.66
20.45
22.42
24.46
23.26
15.21
23.17
21.72
16.64
20.75
20.48
16.84
10.92
16.23
21.36
22.82
19.81
15.52
13.16
1.14
5.27
18.55
16.27
22.27
24.3
17.51
20.6
23.46
23.22
21.89
13.71
21.15
20.63
24.82
20.58
21.9
20.28
11.42
25.85
27.91
24.06
19.85
18.78
21.19
19.32
-1.34
19.24
22.3
25.03
26.04
24.36
21.25
23.46
24.36
19.63
14.35
13.45
20.7
21.62
19.47
23.63
21.97
18.48
14.5
18.2
24.27
25.7
21.87
13.66
16.8
24.03
23.22
18.17
12.03
19.07
19.16
19.07
24.81
27.35
27.47
24.38
14.82
16.18
20.69
26
24.5
21.32
21.76
21.7
24.52
22.28
20.9
18.3
19.27
23.85
30.09
30.53
25.56
18.21
14.03
20.01
18.97
23.12
16.93
10.42
8.17
20.43
21.89
23.49
20.53
8.24
10.88
8.02
19.72
23.55
18.71
23.69
24.94
21.73
18.7
20.02
17.81
23.92
17.54
24.05
11.01
25.4
24.7
-1.69
20.76
18.2
23.89
26.59
23.5
-5.05
23.12
24.79
17.86
22.37
24.72
18.11
30.66
32.05
24.14
15.27
18.57
22.1
18.95
10.57
16.21
24.37
24.66
19.89
20.36
22.79
19.5
14.78
15.25
19.94
19.93
23.07
23.24
19.87
24.81
27.64
24.51
29.74
42.55
45.78
39.94
20.09
23.41
20.47
16.95
13.89
22.38
21.52
14.98
15.14
15.82
10.11
14.58
8.14
15.49
23.09
25.82
26.36
25.2
20.75
19.01
13.51
20.55
19.2
15.51
26.73
40.18
44.93
40.39
19.73
21
19.34
15.78
15.26
4.84
20.64
15.78
21.27
23.27
20.15
15.79
18.4
16.13
11.26
10.97
16.18
17.47
23.95
29.13
37.36
37.3
26.01
19.25
22.94
25.85
27.85
25.66
21.72
24.1
23.97
19.25
21.48
25.33
23.43
19.25
20.75
20.06
12.17
23.75
29.36
27.99
17.58
20.54
22.59
22.73
18.05
10.87
26.92
40.91
44.17
38.84
26.94
21.59
18.72
18.34
16.63
24.85
22.57
-0.66
14.04
32.31
36.46
33.11
25.56
18.43
23.19
22.14
21.37
21.16
14.29
5.47
16.4
21.01
21.81
15.45
21.31
20.59
1.61
31.16
42
42.1
31.51
10.34
11.5
19.83
20.25
20.27
27.87
25.44
17.39
12.46
13.68
22.56
25.71
24.93
24.93
23.05
27.18
22.26
17.27
10.27
22.65
24.71
11.55
20.62
22.38
23.69
26.5
20.5
14.66
11.3
24
24.1
18.71
23.67
20.17
19.22
24.31
28.21
27.03
14.88
23.62
25.04
19.89
19.64
27.63
26.25
14.64
21.38
31.95
44.8
46.28
38.47
18.13
20.9
19.76
13.49
9.99
2.28
13.89
9.75
21.71
24.17
13.27
24.49
27.63
22.59
20.88
24.87
24.99
19.92
21.09
22.98
23.19
12.38
23.16
24.55
18.49
21.74
18.76
20.55
24.16
19.8
15.54
27
33.46
30.63
23.5
19.95
12.99
19.46
19.24
16.18
17.54
25.5
21.98
19.15
16.31
16.39
21.05
20.07
9.72
21.76
21.4
20.21
23.28
18.53
21.01
23.8
18.96
25.42
25.89
22.28
16.41
19.44
22.19
18.62
19.87
22.68
15.02
11.45
22.29
30.52
32.4
25.24
6.89
15.32
17.76
21.74
21.14
24.47
29.68
35.52
36.49
31.81
23.73
27.11
33.23
33.82
34.62
39.9
40.51
33.29
22.48
27.66
27.6
22.67
25.76
26.51
28.21
24.72
17.92
30.24
33.84
32.59
28.85
22.45
19.92
20.78
19.76
21.49
15.42
31.28
32.56
28.46
27.96
29.97
26.36
29.42
31.74
31.19
26.85
26.22
27.31
27.49
30.21
29.46
30.05
30.39
30.2
28.98
24.11
24.42
19.86
25.52
20.68
24.7
28.7
26.11
28.13
31.26
27.03
16.33
21.33
30.04
29.81
22.63
23.75
28.53
32.95
45.35
50.3
46.31
31.13
23.59
28.15
27.01
24.06
26.16
25.91
45.31
48.34
41.44
23.47
23.53
27.16
25.01
23.42
19.69
26.75
27.38
24.54
34.3
34.15
34.35
31.46
29.55
29.15
29.13
25.82
25.17
28.06
27.1
22.08
17.72
19.06
24.34
31.56
35.86
32.9
26.81
18.74
29.29
33.06
28.7
21.67
27.63
35.07
35.39
34.22
32.98
28.03
31.69
28.34
7.75
24.11
28.31
25.69
15.75
25.68
22.77
26.45
27.62
21.38
29.17
32.42
32.3
31.53
28.24
18.46
24.43
20.93
30.08
29.55
31.32
32.48
30.1
27.82
27.7
15.23
32.35
30.76
23.45
17.54
25.74
33.97
35.53
33.98
28.2
22.29
27.48
27.89
26.63
26.03
28.76
31.32
29.96
27.18
24.94
24.81
28.39
26.38
11.82
29.14
31.04
8.68
32.26
34.49
36.47
36.26
28.78
17.22
26.61
32.15
33.41
32.94
30.68
29.86
29.46
30.9
20.27
31.59
35.06
30.87
26.95
24.44
22.48
25.24
25.4
27.48
27.23
29.03
31.6
28
27.7
31.42
32.62
33.46
26.89
7.62
20.24
25.99
29.12
30.55
20.88
25.85
29.52
20.48
24.82
27.35
30.54
31.99
31.18
27.11
18.03
8.26
8.98
24.4
23.8
26.34
31.53
30.17
27.66
16.11
21.68
26.3
29.76
30.83
29.4
27.51
19.04
13.02
18.02
16.14
20.66
28.5
29.53
27.03
24.76
26.1
27.27
26.89
21.73
21.26
27.84
28.8
26.52
25.02
24.54
17.22
15.54
20.43
27.39
29.7
27.86
25.34
16.44
15.24
26.48
30.24
27.41
26.99
29.98
32.02
31.68
28.05
22.19
19.78
25.69
29.15
28
26.14
23.3
22.33
23.33
28.69
30.23
26.54
22.51
19.63
20
20.44
12.72
10.6
19.72
27.09
28.86
26.99
26.16
24.74
21.69
25.67
15.75
21.43
16.17
21.92
25.63
28.7
30.11
28.77
25.48
19.38
7.62
6.11
14.03
17.76
21.77
24.34
23.55
24.1
24.47
7.05
22.96
20.73
19.53
20.78
18.32
22.97
25.3
22.14
22.42
28.09
28.24
29.29
28.27
19.21
17.52
20.52
24.24
26.44
26.29
25.7
20.59
16.25
24.6
27.61
27.4
26.34
25.13
20.64
19.23
17.35
11.39
12.36
21.73
24.15
22.88
20
18.5
21.37
22.21
22.42
23.11
20.1
18.8
24.23
24.11
15.82
9.94
18.55
23.11
25.49
26.68
27.11
26.06
24.65
22.23
20.39
23.03
22.67
24.5
1.35
23.62
27.64
18.65
20.94
30.04
32.05
31.35
29.68
22.91
15.56
6.14
17.5
17.99
28.78
31.84
29.03
29.23
32.18
28.44
11.3
28.26
33.36
29.85
29.66
29.27
10.75
24.34
23.96
32.57
32.23
30.95
29.8
26.46
27.91
31.63
30.95
28.05
28.92
21.32
23.92
14.56
28.9
30.31
29.86
32.98
35.5
31.65
19.08
20.92
27.36
29.3
24.25
25.93
22.29
20.8
27.48
29.03
28.77
32.29
30.82
27.08
29.55
31.63
24.31
11.65
22.12
32.17
30.94
26.94
29.13
20.01
21.84
28.15
32.58
30.24
27.08
31.8
36.94
32.52
30.35
32.11
30.07
30.38
30.46
20.16
20.96
22.32
25.13
23.82
21.22
11.67
25.17
21.3
24.6
30.4
31.77
31.91
26.27
17.42
23.52
25.9
17.28
16.78
17.54
26.72
25.11
23.24
22.16
19.1
19.81
23.15
22.63
18.62
20.73
18.38
23.38
26.35
25.91
16.28
21.69
26.82
28.84
22.23
12.17
28.15
29.73
23.5
18.65
13.68
25.2
28.13
26.2
17.3
21.78
24.73
15.55
19.68
7.91
24.93
22.65
18.37
23.93
21.39
18.41
12.59
11.56
14.81
2.22
24.93
27.56
23.37
13.23
5.05
3.05
17.96
18.59
9.01
21.87
26.35
25.29
21.31
22.09
26.82
26.45
23.4
27.22
25.9
22.97
20.73
21.59
22.72
16.93
23.49
23.96
18.87
22.39
17.76
18.54
13.55
19.45
5.44
22.5
26.77
24.22
22.34
3.64
20.52
19.95
25.76
27.83
23.49
24.38
25.09
22.89
12.88
22.65
22.62
12.81
18.44
18.35
19.68
13.22
18.46
21.63
16.17
24.26
25.75
26.51
24.59
15.85
22.91
19.57
16.49
19.13
19.67
12.84
21.05
26.04
20.72
21.89
25.06
20.45
17.36
17.71
19.75
24.17
27.04
27.71
26.93
24.91
26.93
26.58
22.88
24.37
27.76
23.41
16.89
18.5
24.53
24.05
25.38
25.88
24.07
22.45
25.84
26.26
26.6
26.42
25.5
20.71
17.8
24.18
22.29
20.95
24.94
26.41
23
16.22
17.09
11.28
17.43
13.86
12.31
18.13
19.93
18.06
20.07
24.11
25.25
21.76
11.03
15.95
18.74
15.09
18.2
24.06
26.13
24.34
18.77
20.46
19.74
21.34
22.28
19.54
17.93
22.88
22.28
18.93
22.28
20.5
21.49
17.97
17.79
17.21
14.62
26.19
28.17
22.08
10.02
14.87
16.68
22.84
20.16
22.5
25.45
23.02
13.33
-11.87
13.55
18.35
19.8
17.51
8.44
6.77
16.21
21.33
22.61
22.17
19.46
20.13
23.13
21.86
17.49
20.32
21.01
19.83
20.49
18.96
10.29
6.62
16.8
10.9
22.99
25.34
23.67
23.12
20.27
12.31
16.85
20.05
16.04
6.55
7.38
0.72
11.75
21.22
21.62
15.08
17.5
21.33
22.04
15.23
13.81
22.56
25.18
24.34
19.01
6.72
14.92
3.68
17.36
21.38
25.23
25.44
23.78
17.2
13.48
6.73
23.75
26.03
19.93
10.14
10.39
14.95
19.12
18.68
17.07
10.48
16.13
18.96
18.39
16.98
19.46
14.23
10.41
18.59
16.96
15.19
2.79
18.02
18.35
15.41
21.52
14.66
18.81
21.54
21.91
20.2
18.45
22.47
26.51
24.03
6.48
20.39
19.34
12.43
21.01
21.93
22.2
21.91
25.3
25.24
19.21
9.79
18.66
13.64
17.47
18.72
22.28
23.18
14.28
21.2
24.19
18.4
15.87
16.78
19.38
26.23
28.56
25.96
24.08
23.49
8.24
23.91
24.82
22.19
18.38
23.35
22.24
7.74
23.01
21.48
16.2
23.68
27.45
24.05
17.96
19.65
22.42
23.47
20.18
15.99
17.82
15.18
12.91
17.34
18.58
20.36
23.47
20.26
15.95
20.91
21.38
21.23
20.42
16.46
13.78
23.31
25.11
22.18
21.38
22.4
15.77
22.02
22.88
21.6
23.33
25.89
27.27
26.25
22.46
10.16
13.83
10.14
12.91
13.86
19.96
23.37
23.03
23.49
26.45
28.59
27.08
23.97
22.62
17.91
8.06
4.85
14.66
15.03
17.8
21.71
20.56
19.83
17.25
-1.29
10.38
23.13
25.89
22.58
28.37
29.14
24.26
19.38
26.23
27.44
24.4
21.96
23.85
23.15
17.87
18.03
21.36
27.08
27.95
25.72
19.02
16.92
25.22
24.71
24.67
27.69
28.88
24.31
16.13
20.13
17
24.58
27.74
27.46
29.1
25.67
17.58
27.91
34.34
31.16
18.05
13.85
11.17
10.77
-6.55
16.72
19.8
18.08
24.84
23.88
12.87
7.88
18.33
21.83
21.44
14.01
14.9
22.58
25.57
20.84
15.51
15.62
23.35
23.41
21.52
19.34
16.71
21.3
22.7
27.01
30.12
29.98
27.07
24.22
23.37
23.51
19.87
9.97
15.09
20.86
21.63
11.54
18.97
16.87
15.64
24.98
28.39
29.84
29.84
27.92
23.05
18.69
21.85
21.65
14.13
11.33
21.33
17.67
16.28
20.41
16.93
19.55
22.82
22.71
19.16
5.64
17.79
11.42
16.8
23.65
24.48
19.66
13.16
19.32
24.11
24.14
20.48
18.8
24.29
25.87
24.25
22.54
22.55
23.08
22.09
19.94
19.32
24.34
23.4
19.44
24.92
28.14
25.11
19.82
21.38
24.64
26.72
26.6
23.84
25.65
26.86
23.98
7.33
18.23
20.53
22.72
12.78
17.15
19.81
7.95
16.12
17.9
23.19
23.31
15.17
18.58
21.59
20.1
21.51
17.9
17.5
16.95
13.23
20.64
19.79
16.58
18.83
18.31
21.06
20.32
21.84
20.09
16.01
21.07
23.62
22.03
18.56
20.93
24.08
22.6
19.97
20.7
22.28
21.27
16.91
21.36
25.12
22.84
14.56
8.29
19.75
24.84
23.24
21.74
25.16
27.23
25.85
21.06
18.36
19.15
21.15
15.19
9.29
6.48
19.06
17.41
15.22
20.2
15.46
18.25
21.6
17.38
14.72
17.82
19.97
18.08
24.24
23.65
18.44
20.68
20.92
19.52
18.61
15.71
8.39
5.03
11.21
12.82
10.59
16.76
10.69
14.35
20.77
22.96
19.65
18.09
18.19
8.94
13.29
16.06
16.42
14.65
13.49
16.43
17
21.72
22.58
21.74
23.76
23.17
20.17
16.31
17.03
18.34
17.73
17.6
18.32
14
14.76
15.17
19.72
26.41
23.87
16.27
18.72
21.82
23.27
23.53
21.65
20.46
17.9
16.54
17.3
14.2
3.79
15.37
11.72
-3.87
9.07
13.78
21.43
24.55
23.69
21.38
11.58
16.99
20.11
18.66
17.23
21.87
22.8
18.98
13.86
12.55
18.97
12.54
10.12
10.76
16.35
19.5
19.63
19.55
14.24
11.29
18.03
18.62
19.21
19.43
15.72
15.07
16.33
19.72
18.28
11.83
10.38
4.92
12.36
19.39
20.63
14
7.81
9.75
10.32
13.49
3.51
0.81
14.92
17.82
8.43
9.23
13.5
12.68
10.66
7.31
4.71
10.55
10.75
7
19.05
18.02
-1.38
13.87
11.5
17.47
21.96
18.89
3.73
4.08
10.09
11.71
11.39
9.84
13.39
15.05
17.91
19.67
11.89
11.32
15.04
9.83
5.78
11.94
10.52
12.88
10.38
12.15
12.67
14.3
12.93
12.28
16.33
15.38
13.33
12.34
13.75
13.4
19.27
18.61
16.79
14.72
-0.18
14.72
17.48
17.97
17.19
15.92
12.55
13.76
16.2
19.13
19.77
17.8
11.32
18.88
18.59
14.6
8.31
11.82
9.5
18.11
16.23
11.82
12.45
17.19
17.43
17.85
15.62
6.82
4.65
6.18
15.66
12.88
11.01
13.73
10.1
1.17
9.32
17.71
17.78
18.15
16.97
16.09
17.03
14.65
13.56
16.71
18.71
19.4
17.73
19.97
19.75
10.62
9.22
10.65
3.34
16.91
18.66
3.96
16.57
15.01
14.87
18.67
20.53
20.16
16.98
17.62
18.95
18.16
18.67
20.41
17.59
13.12
17.19
9.11
8.97
9.9
9.37
16.78
13.58
-6.17
9.54
5.23
9.22
17.68
19
16.96
11.98
15.36
15.2
15.94
18.58
24.09
24.94
19.12
11.85
16.06
13.05
7.08
10.18
17.66
13.58
14.08
18.8
19.4
13.68
10.39
4.91
10.9
5.08
9.93
8.26
-3.58
12.99
13.55
16.62
16.43
5.48
15.39
18.36
19.1
18.32
14.55
13.34
13.42
16.72
21.12
21.87
18.21
-1.8
18.59
23.16
22.92
18.9
14.94
14.55
10.66
11.71
14.67
7.57
14.49
17.26
17.78
16.19
12.94
12.68
11.85
13.42
20.44
13.7
14.07
18.77
20.59
19.19
10.26
-2.35
13.59
18.08
13.31
17.87
17.76
9.67
17.96
18.92
17.41
16.63
13.87
16.3
16.48
17.02
12.23
15.32
22.5
21.62
18.36
17.61
19.07
21.85
21.41
17.63
12.67
16.38
21.81
23.28
19.03
11.78
8.98
6.21
15.25
18.72
20.12
16.7
10.26
4.97
4.14
9.76
16.5
7.69
16.83
17.46
13.37
14.43
20.13
11.38
18.65
21.8
17.95
14.12
16.25
19.9
21.99
24.26
24.13
22.28
20.78
18.73
20.57
17.99
14.27
20.63
21.85
20.64
16.36
14.22
13.25
21.13
22.21
20.84
22.51
20.83
17.19
19.51
19.8
17.83
14.97
16.6
19.88
17.71
7.69
11.16
17.36
19.03
14.78
4.81
17.12
15.83
6.02
-0.74
-1.51
11.36
15.85
13.98
14.94
15.23
19.37
17.08
13.33
12.6
13.99
17.74
14.68
11.07
3.08
15.38
19.04
17.02
17.09
14.11
9.52
11.35
12.37
12.37
12.91
10.64
12.42
21.23
20.43
16.18
15.18
18.67
17.27
10.23
15.43
18.03
21.99
20.75
20.27
24.14
23.21
13.37
10.39
8.42
13.76
20.47
20.63
13.87
17.36
20.58
20.55
16.77
8.1
6.08
7.67
18.28
21.2
15.44
14.07
20.1
19.25
19.27
18.96
11.94
13.76
13.04
11.53
12.81
16.11
-8.56
8.91
7.88
2.02
16.5
19.64
14.04
-10.1
18.07
21.92
22.71
19.31
18.53
21.89
20
21.11
22.38
19.51
11.75
12.78
19.42
18.88
16.66
15.27
19.5
19.04
14.09
21.71
19.07
11.33
11.28
17.91
17.87
11.68
13.54
19.34
20.02
16.67
14.43
12.61
12.18
15.61
21.19
22.47
16.16
12.26
17.51
18.67
17.71
16.22
16.49
13.05
10.32
19.08
16.83
1.37
9.89
-1.21
14.67
16.32
19.12
17.15
19.16
22.46
18.77
15.12
4.66
17
20.2
17.34
18.18
17.52
7.48
21.81
24.05
21.46
19.8
20.79
21.57
19.56
17.17
16.13
17.41
19.09
20.4
19.75
19.1
11.74
13.83
16.95
-17.19
18.7
13.22
10.76
16.35
21.95
23.29
23.51
21.28
10.9
10.01
17.51
18.9
10.09
16.85
12.18
8.2
10.68
15.81
17.4
13.08
14.27
8.78
11.2
11.24
-2.04
3.15
10.97
16.27
17.07
17.15
9.91
17.85
14.06
10.76
19.55
21.78
15.96
9.26
4.58
15.13
20.49
20.8
15.78
16.21
17.37
11.9
17.46
20.03
16.85
21.55
15.3
14.38
23.24
23.71
20.61
19.04
17.78
12.64
16.74
21.48
21.54
22.63
24.1
18.88
8.19
15.64
17.07
12.91
1.49
15.23
16.23
15.39
11.44
17.77
22.09
21.21
17.16
20.7
19.32
20.56
22.38
20.94
16.92
19.32
17.63
6.2
-3.95
15.11
4.13
12.84
-3.78
8.08
-2.02
9.8
20.25
19.51
10.43
12.95
12.17
21.23
20.37
16.36
14.07
15.24
16.09
13.73
7.63
11.46
13.34
11.49
20.8
21.62
22.89
21.66
13.45
19.69
25.53
26.1
21.98
21.09
19.49
12.48
17.73
23.35
22.25
18.29
11.72
17.69
16.43
10.36
12.57
16.02
22.82
20.91
15.71
20.85
20.11
13.11
20.42
21.65
22.7
22.53
19.15
22.14
22.93
20.65
17.3
17.9
19.7
14.46
15.8
17.92
13.05
3.99
14.39
18
16.34
16.52
20.83
18.07
10.73
17.43
14.52
11.93
-10.28
16.89
15.62
9.7
15.01
13.11
18.46
23.54
22.15
21.92
22.27
18.84
17.06
18.93
21.49
21.27
14.01
18.08
22.7
19.64
8.56
7.28
15.58
12.82
8.36
17.72
19.39
18.81
16.23
17.6
14.14
13.11
22.55
23.4
21.37
19.82
18.97
21.19
20.01
14.87
12.66
13.02
12.46
14.88
11.22
9.2
15.11
11.85
15
21.02
21.01
20.28
19.64
17.75
20.28
24.02
21.12
6.5
12.54
15.43
17.96
11.89
4.22
9.16
13.09
13.35
4.9
11.49
23.23
24.48
19.73
16.77
11.87
17.18
17.98
11.66
13.81
13.18
17.61
19.57
19.93
21.85
21.18
21.33
21.02
15.96
5.69
13.17
16.32
14.38
16.29
21.7
18.8
18.75
19.71
16.56
20.95
21.17
15.16
11.68
10.1
8.55
14.48
16.74
18.37
15.25
16.6
14.81
17.38
20.82
17.7
14.75
12.02
-0.28
16.95
18.7
14.77
4.25
12.35
19.51
21.18
18.05
16.67
20.14
18.07
14.93
19.98
18.08
1.09
19.6
20.14
17.65
13.71
13.09
15.36
6.41
13.92
19.86
19.8
13.29
4.55
11.87
9.64
16.29
16.07
19.01
21.06
17.8
6.77
5.73
-1.24
12.63
14.09
10.92
8.24
9.48
12.05
14.31
15.11
14.1
2.58
4.02
15.88
20.33
19.2
17.45
12.44
11.59
17.84
13.91
10.16
8.33
10.66
11.07
7.86
8.53
6.49
-4.74
10.73
14.52
11.33
8.03
18.68
17.72
18.2
17.69
16.72
19.42
16.16
14.74
12.69
14.17
17.78
16.69
15.27
10.68
6.07
9.4
13.73
12.71
5.61
12.61
11.67
-0.02
3.66
12.23
17.34
15.72
15
15.53
3.97
5.46
9.94
9.54
15.92
12.2
12.79
13.71
6.59
11.7
13.11
14.81
15.79
16.75
15.45
11.19
7.37
10.27
13.27
11.98
9.58
8.63
9.65
12.94
14.78
8.54
7.22
15.11
14.29
10.85
14.76
9.8
-0.26
10.79
19.02
18.24
15.2
16.58
13.46
12.39
18.01
19.56
15.98
12.1
9.41
9.05
13.82
16.92
15.05
10.8
11.83
14.63
10.83
12.84
16.74
13
14.75
10.38
14.57
15.65
12.88
16.39
20.46
22.32
20.27
19.7
18.78
8.17
15.25
12.96
7.62
8.97
11.92
16.6
18.99
17.5
10.39
12.57
14.09
12.22
2.94
8.04
-8.45
-4.65
-5
3.54
12.21
11.92
6.07
14.62
15.24
13.73
8.75
10.6
14.24
17.44
15.84
16.99
18.11
16.85
10.99
9.83
12.76
17.69
18.47
15.84
6.63
11.1
13.91
10.84
5.69
13.46
15.58
16.4
18.78
17.49
15.19
13.27
12.3
18.5
20.59
18.47
19.65
14.04
3.31
6.53
7.21
14.61
14.63
16.29
14.74
18.55
13.82
6.15
0.87
6.77
-0.97
-2.63
6.38
12.17
9.71
3.58
5.01
12.19
13.98
10.28
15.69
17.84
13.29
5.6
-0.23
-0.43
7.12
5.59
17.26
17.54
14.89
14.02
11.84
9.5
11.18
11.7
13.91
14.06
9.24
9.19
14.49
17.47
18.08
17.5
9.98
14.25
20
17.21
6.99
13.96
15.36
18.92
21.3
19.96
13.86
13.14
13.27
16.7
17.5
15.9
16.11
13.26
11.55
7.89
12.19
15.36
11.86
12.64
20.23
20.28
19.95
21.74
22.42
19.4
14.08
16.62
14.03
4.86
13.23
14.79
15.2
7.17
5.92
8.13
6.4
0.32
9.95
7.86
12.14
16.84
15.79
18.3
16.06
8.57
3.52
-2.96
14.17
17.71
18.11
18.91
13.99
8.47
16.99
18.11
16.95
6.99
11.77
9.16
-5.69
7.35
13.74
13.88
3.83
7.36
17.73
19.2
13.38
18.82
19.11
17.81
18.17
15.71
11.1
8.89
11.11
7.11
15.84
15.93
14.23
15.13
16.89
17.5
13.82
6.27
12.08
7.16
14.28
15.37
13.35
17.73
18.53
14.03
11.36
17.34
18.07
17.34
10.79
5.79
11.94
11.06
3.38
10.67
16.62
18.8
18.79
18.86
15.76
0.92
11.3
16.55
19.22
18.24
14.89
15.88
14.37
11.61
13.13
14.75
16.37
11.34
2.93
8.68
9.6
11.25
11.66
3.78
11.86
16.29
11.44
3.62
7.78
8.9
10.37
9.83
13.74
18.85
19.46
14.96
8.72
8.46
11.12
8.68
12.85
17.35
18.91
18
16.46
16.03
16.98
17.69
13.73
7.47
6.73
5.41
6.85
6.04
12.24
19.34
18.18
14.87
13.08
1.82
1.48
0.73
5.11
14.1
14.59
6.18
0.61
13.84
16.55
10.45
6.83
-0.34
9.64
15.85
13.07
2.39
6.09
12.4
7.38
14.05
10.83
6.5
8.85
13.84
4.7
12.87
9.48
5.92
7.04
9.91
9.58
9.85
5.65
11.43
16.02
10.68
7.17
6.45
13.82
14.88
16.63
18.48
17.52
14.9
3.96
13.46
15
11.09
14.33
13.45
-3.9
11.75
18.18
13.8
13.74
14.17
-2.15
10
16.67
10.59
8.7
14.88
12.51
16.89
17.11
12.27
15.54
10.5
1.7
10.59
12.99
8.57
9.25
11.17
9.95
3.06
-1.51
-7.49
11.72
13.46
7.99
12.5
12.34
16.03
2.65
13.44
8.31
20.53
18.47
8.45
18.51
14.45
10.42
11.66
6.77
11.41
14.55
-0.19
15.92
18.9
14.07
9.9
-0.5
13.25
3.22
12.39
15.2
13.85
19.01
18.09
15.16
15.84
11.7
13.42
6
13.6
14.62
11.97
9.02
10.54
9.59
4.59
9.19
15.14
1.57
15.57
18.02
11.7
14.44
10.41
-2.51
15.22
17.97
9.66
14.35
16.52
10.96
11.09
13.72
18.84
16.45
15.96
11.93
8.25
10.87
12.13
8.2
13.59
13.29
3.83
-6.87
9.41
11.42
10.18
10.95
9.98
18.18
15.9
5.27
9.47
12.54
6.62
10.86
16.89
14.58
11.83
9.54
5.66
12.13
0.11
11.9
11.39
14.68
15.52
17.78
17.46
16.23
15.14
9.11
7.94
17.67
14.4
-3.33
10.58
16.35
14.95
4.68
4.45
15.99
17.5
8.49
11.36
14.77
15.2
15.19
11.96
11
14.84
1.33
11.84
1.55
10.69
1.57
10.54
2.78
14.14
7.96
16.18
16.25
12.21
2.87
15.85
18.45
17.13
15.08
15.29
18.76
17.71
10.42
9.94
16.79
18.8
10.27
4.67
-2.72
-4.68
-0.41
9.18
12.37
8.06
12.92
11.66
15.8
16.86
7.28
-1.39
12.28
13.84
12.08
7.56
3.85
13.88
17.84
15.84
8.67
-0.27
12.12
13.81
1.96
-4.49
11.12
11.54
8.3
11.05
8.62
5.1
6.67
10.15
3.16
11.18
6.11
6.25
12.32
14.44
16.04
14.8
4.92
1.79
0.12
8.5
11.01
11.66
4.77
14.74
18.56
19.32
17.91
9.92
13.88
14.59
9.99
10.73
10.82
5.79
11.46
13.88
11.38
9.47
7.06
10
12.34
11.29
9.52
18.46
16.79
11.75
12.93
15.05
15.64
13.64
7.01
-0.31
2.97
6.16
7.68
2.58
2.49
7.6
11.45
6.73
11.53
4.06
14.17
11.84
11.43
12.95
-1.19
9.27
15.11
15.84
15.31
11.63
7.1
6.4
-2.64
-9.52
8.1
8.23
6.9
3.51
-6.42
13.14
17.27
18.75
18
17.84
19.22
17.6
12.53
8.17
11.68
15.14
15.48
13.15
10.36
10.87
14.08
8.57
7.88
8.82
10.34
4.69
7.24
13.26
9.74
8.44
5.02
12.39
6.03
4.2
0.89
9.61
11.49
13.29
6.5
12.99
11.88
-1.54
-1.99
9.47
6.11
2.65
9.74
7.6
4.62
3.14
7.1
13.25
14.17
8.15
3.76
6.16
6.62
4.33
-2.42
-0.46
5.25
11.06
14.94
17.32
15.88
15.73
13.87
10.99
-3.82
12.05
13.42
9.83
11.87
0.65
11.76
15.46
13.36
7.8
10.84
9.23
-6.83
10.11
16.24
14.82
-4.57
12.21
16.18
14.66
12.5
11.69
7.89
-10.41
-1.61
2.9
9.86
13
10.58
8.32
13.62
13.38
6.38
8.62
10.42
9.71
9.25
17.7
17.2
11.02
10.94
10.78
6.7
4.92
3.53
15.68
11.29
5.87
10.3
3.5
-23.57
5.27
13.97
15.29
16.3
14.35
12.85
14.65
15.52
8.56
-11.89
0.63
2.43
8.81
0.96
10.95
15.22
15.87
15.19
14.65
12.97
11.87
6.73
0.62
-9.14
-8.2
6.37
14.06
14.45
13.02
10.88
9.61
12.4
10.72
10.08
12.02
9.16
13.42
12.29
15.96
13.82
6.57
14.92
16.64
15.86
12.07
8.85
8.17
6.69
10.52
15.01
16.63
16.22
15.64
7.78
7.99
12.72
14.65
2.15
2.61
5.16
9.08
13.36
9.16
8.49
15.25
17.49
15.17
14.84
14.69
3.06
10.67
4.64
14.56
18.59
16.64
18.72
18.79
15.32
15.9
15.27
9.8
-1.52
7.89
7.61
16.97
14.64
2.41
-0.06
4.9
13.37
19.56
21.07
18
10.05
14.1
15.35
10.24
9.5
11.42
9.15
8.07
14.94
15.77
8.15
9.36
16.76
19.19
15.34
8.52
8.9
3.84
5.07
5.63
12.12
12.79
7.41
13.88
13.14
8.53
5.41
10.27
7
7.03
15.45
15.92
12.85
10.24
15.22
13.33
13.73
14.77
12.63
13.98
16.53
15.78
8.57
7.79
11.81
-7.02
13.83
10.71
-2.53
-0.03
7.66
15.87
16.18
8.53
9.29
4.3
13.63
14.15
13.4
14.6
10.48
11.24
16.75
8.31
12.57
13.47
5.55
13.55
13.02
12.32
9.56
12.74
15.66
17.23
17.68
16.86
12.58
16.51
18.13
11.78
-3.67
6.55
9.05
6.48
-1
13.22
12.11
3.41
11.71
10.12
13.32
10.17
13.61
11.33
14.31
15.44
13.72
15.27
18.16
17.56
2.65
6.38
3.56
5.38
4.84
12.93
12.38
17.98
13.52
16.2
19.78
15.78
7.68
-0.5
2.98
13.03
17.11
19.84
19
15.2
14.36
8.85
12.78
14.9
15.31
16.24
15.81
15.14
15.92
13.23
5.18
12.33
2.37
9.63
4.45
4.61
9.31
9.6
-4.52
3.38
8.7
11.6
1.97
6.8
10.41
13.72
14.09
7.37
10.67
10.7
4.72
10.71
15.55
10.85
15.44
19.68
17.77
12.4
8.81
10.75
5.68
2.08
7.47
5.97
15.95
20.5
15.46
3.56
7.16
16.12
20.52
18.31
6.08
15.29
12.46
8.4
2.55
11.09
1.75
10.09
11.34
14.38
13.6
11.5
14.41
18.35
19.83
18.78
14.63
3.75
11.39
12.46
11.84
11.27
11.68
9.57
0.97
15.4
16.44
12.4
6.81
5.98
2.44
6.58
0.29
6.49
14.3
18.52
15.85
14.62
14.49
10.92
13.87
13.78
15.91
19.53
14.37
7.47
15.74
12
-0.02
-5.49
9.66
6.48
9.4
11.68
11.81
15.63
11.09
17.82
20.61
18.74
16.75
16.58
16.95
13.8
-6.1
12.96
16.75
15.79
9.9
11.58
16.19
12.02
8.55
2.27
11.33
1.94
11.08
6.66
15.78
16.97
16.96
17.55
7.67
11.5
16.47
11.28
-1.56
11.43
11.68
6.27
5.66
4.01
2.16
11.39
16.26
18.13
15.04
14.16
16.41
11.74
13.97
15.93
16.52
8.46
12.83
13.61
16.07
16.56
16.86
10.69
7.93
10.45
1.54
13.46
12.98
10.69
8.67
14.77
15.5
19.4
15.46
11.78
13.02
16.7
14.22
13.71
15.17
16.64
14.56
11.13
11.89
10.96
-4
14.44
15.14
16.48
18.95
19.53
16.35
6.67
10.72
9.61
15.01
18.25
15.73
10.73
8.6
11.69
14.26
15.17
17.04
16.17
11.44
13.76
11.89
16.66
12.8
7.88
11.15
12.28
10.89
7.45
6.92
-11.98
3.96
0.22
-2.32
10.15
12.01
15.03
16.88
8.22
13.94
13.34
4.67
14.18
11
16.17
21.35
20.67
15.92
13.56
10.52
10.13
13.99
17.65
14.38
9.36
18.57
20.89
13.87
7.59
15.39
14.89
12.13
14.79
12.82
-0.86
12.79
8.87
8.19
16.99
18.57
12.26
8.38
17.63
15.08
-9.57
9.89
10.61
4.77
12.92
11.73
11.36
13.35
5.81
8.28
2.65
7.43
12.03
11.25
10.05
5.32
2.84
11.31
-2.21
16.68
17.77
13.97
8.39
2.62
14.43
17.5
17.18
14.99
11.74
11.36
14.82
11.43
-0.96
5.77
11.19
0.64
16.27
15.93
-1.97
7.04
11.27
-5.64
16.93
16.32
-2.75
10.03
9.26
13.54
13.85
15.71
14.62
8.02
13.83
16.88
12.88
-5.22
6.07
5.88
12.7
12.76
9.83
6.91
14.23
14.06
-13.55
11.77
-3.02
13.92
7.21
10.67
17.65
15.86
-2.73
16.54
20.64
21.82
20.86
16.25
-3.16
10.08
15.77
16.87
14.8
12.69
9.54
7.46
12.04
18.61
17.99
14.51
12.13
11.61
12.08
6.22
5.83
5.19
7.31
-3.66
5.89
8.16
9.8
10.71
10.04
13.41
17.61
16.41
15.43
14.91
14
11.62
8.87
12.53
14.07
11.69
10.49
4.24
3.92
0.92
6.6
8.45
5.56
9.93
11.43
9.27
9.74
12.63
12.78
8.42
-12.07
-4.04
8.66
14.93
12.99
5.5
7.34
15.31
18.54
16.17
11.43
11.55
9.37
5.95
12.47
14.72
15.57
14.64
11.32
7.44
10.92
18.48
18.84
15.59
15.08
12.46
11.91
12.47
9.59
7.31
7.32
4.04
5.04
10.03
9.81
11.95
16.72
17.89
15.59
11.85
2.73
6.46
8.12
6.27
12.12
11.82
13.09
14.28
14.71
15.41
17.93
18.84
14.71
6.88
15.91
13.31
-6.84
0.37
13.48
19.15
18.64
15.77
14.02
14.31
12.7
11.62
8.71
8.29
12.7
13.85
11.06
-6.7
2.19
11.41
17.23
14.76
-2.01
11.19
12.06
9.08
7.91
10.99
11.98
8.74
4.24
9.21
17.72
20
18.63
15.64
13.32
13.86
13.4
9.29
-2.56
10.82
12.86
13.68
9.53
6.42
12.85
16.58
17.56
18.36
16.62
12.39
13.11
14.99
12.35
9.8
11.69
-0.09
1.22
4.45
3.92
9.43
11.03
9.38
4.91
-4.43
10.59
11.91
7.74
9.61
11.63
9.27
11.64
10.9
11.67
15.54
16.41
17.28
17.66
14.66
2.76
3.43
5.05
-3.38
5.86
9.59
4.68
6.04
7.82
6.1
5.63
10.01
6.24
10.43
11.32
9.67
3.29
3.22
10.83
14.1
15.82
16.12
12.52
6.98
4.95
1.98
10.04
12.1
3.67
8.82
0.07
-7.79
0.25
8.65
9.64
10.04
12.16
8.37
-3.37
6.04
-3.27
-11.46
-0.08
0.61
12.33
14.71
11.41
10.15
12.31
15.08
14.96
10.94
8.56
9.41
15.29
14.83
6.84
10.36
12.27
13.26
16.33
14.1
6.37
12.23
11.09
11.41
10.37
11.55
10.27
2.92
5.51
11.83
4.88
12.21
16.62
11.63
5.35
8.49
-3.78
-18.76
12.17
14.01
10.73
4.82
11.73
13.74
12.39
11.05
1.28
12.21
10.53
18.71
20.3
14.62
0.54
2.39
4.23
1.6
-4.42
-10.87
5.97
4.21
9.99
13.81
15.62
9.11
3.36
9.59
11.7
5.62
13.8
11.98
15.37
16.99
11
8.69
13.94
14.39
15.92
16.8
11.48
12.43
13.86
10.08
10.66
10.96
9.1
11.2
1.98
13.43
8.5
6.34
7.03
1.58
2.6
16.41
16.04
5.25
12.07
5.92
11.13
7.73
8.13
15.02
17.12
21.3
20.32
14.3
15.19
14.88
11.08
17.11
17.56
6.66
14.11
4.11
8.1
8.51
2.39
2.95
13.13
17.32
15.51
8.58
3.51
10.54
10.77
4.67
-7.09
13.7
16.3
7.57
14.96
17.73
14.39
11.61
18.61
15.77
4.57
5.72
-4.97
7.67
5.42
2.77
9.62
16.19
14.47
1.69
1.06
14.74
17.13
15.2
5.57
8.51
8.52
11.68
15
11.2
2.88
7.21
8.43
7.55
4.82
4.19
14.64
15.53
5.45
14.41
17.43
6.91
14.7
3.77
15.4
17.31
18.33
1.08
12.37
18.03
15.02
16.99
18.26
15.22
13.44
14.79
13.58
13
9.09
9.88
15.01
14.76
12.62
10.26
13.03
8.78
5.15
7.57
9.84
14.4
11.15
8.19
15.15
15.25
9.07
2.97
-1.09
9.88
13.6
13.67
11.29
10.41
12.86
2.04
13.96
6.67
9.09
10.74
12.88
16.97
14.01
14.58
13.31
6.58
8.99
8.84
9.37
16.19
18.65
18.31
14.66
12.8
5.92
13.5
15.91
8.49
19.04
17.58
10.39
14.43
18.75
18.13
18.83
19.77
17.9
10.82
6.73
6.86
-6.07
7.01
13.68
15.03
15.8
12.13
-0.42
3.11
12.62
10.28
6.37
15.09
17.22
15.01
11.65
6.98
9.17
7.69
10.29
9.25
16.91
15.76
14.68
13.25
7.64
4.89
9.29
7.45
1.81
3.04
10.45
9.43
9.84
12.19
6.84
14.27
17.3
16.96
16.13
10.86
8.86
18.54
18.59
13.59
8.05
0.37
4.47
11.76
14.41
9.22
7.9
12.86
12.93
13.5
11.85
12.79
13.07
11.15
11.17
13.1
14.57
12.06
-8.52
9.07
14.41
18.53
17.75
13.14
17.55
13.91
2.22
11.33
14.65
14.21
13.74
13.85
11.87
9.34
2.75
10.33
15.8
13.72
7.63
7.89
0.47
6.49
12.96
15.3
15.69
13.72
8.88
5.59
9.12
11.87
8.72
2.89
10.13
15.99
12.2
3.58
6.92
10.78
5.06
8.32
3.53
6.06
13.85
14.78
