2.35
9.72
13.84
13.04
13.47
14.58
11.15
7.16
6.52
2.91
-3.16
1.98
8.18
-3.56
2.49
4.86
13.04
13.95
12.93
11.94
6.28
3.89
11.89
10.57
12.48
11.35
7.65
11.78
12.64
5.08
9.21
11.51
12.64
9.99
14.39
14.27
3.62
4.04
-3.56
-0.35
3.08
-5.13
8.94
14.65
10.79
14.71
13.73
9.09
1.54
1.79
6.65
10.27
10.89
12.09
13.11
5.72
8.56
4.4
8.38
12.5
11.79
9.77
9.43
12.93
12.25
-13.98
9.47
1.89
5.69
13.34
14.39
12.11
12.36
8
-9.29
5.06
5.57
-9.46
10.63
14.15
13.27
7.58
6.31
8.31
4.69
5.96
10.48
4.87
7.8
8.31
11.25
13.09
9.57
10.72
10.44
6.52
4.77
3.72
13.16
12.46
8.98
12.88
11
6.18
5.89
6.3
12.13
6.32
11.39
10.02
3.36
11.1
6.27
-4.25
9.51
9.41
6.19
7.52
13.47
12.76
-1.33
7.09
3.73
-2.98
3.66
6.96
10.89
14.06
17.13
16.3
9.66
-4.08
1.46
3.54
5.01
-10.2
0.79
-1.64
5.38
10.63
3.98
6.27
9.86
15.25
14.63
6.45
11.71
10.94
0.15
11.88
15.97
15.52
7.54
1.68
10.27
12.96
12.91
5.99
5.79
1.26
-8.03
4.26
12.58
11.22
8.26
9.53
11.73
4.18
1.76
-1.56
5.1
9.15
8.9
10.49
9.62
6.86
-4.31
7.09
0.44
-1.68
-5.91
4.95
9.35
9.57
7.55
9.78
13.99
14.66
13.12
10.81
7.43
6.26
10.96
11.17
5.18
13.05
16.81
12.11
9.18
13.39
10.01
22.25
20.77
18
18.71
15.57
2.34
12.07
14.54
11.09
2.79
11.23
12.93
11.74
10.3
9.06
11.92
11.75
12.54
6.95
2.05
2.08
1.7
6.42
-3.6
6.45
10.92
11.61
10.26
9.79
9.45
12.62
13.27
1.44
10.6
11.44
4.12
10.16
13.15
3.28
4.31
-11.29
1.7
7.32
12.69
12.9
11.73
9.21
6.19
13.14
13.59
6.09
-0.48
9.9
10.72
-3.87
8.49
9.27
10.29
14.4
14.35
12.68
3.19
10.32
10.85
5.17
-2.16
2.58
6.88
-0.15
13.12
19.83
19.58
14.33
10.63
7.56
-10
1.02
2.75
2.77
5.32
13.71
11.1
1.03
5.24
-1.07
-1.56
1.07
5.75
8.71
-2.4
11.98
15.64
9.76
9.4
9.26
6.28
13.51
13.34
11.31
2.59
10.32
10.74
-1.13
-3.48
5.22
10.97
12.06
12.72
13.99
13.5
9.07
-0.63
4.51
11.99
3.58
6.72
9.96
11.53
5.39
9.19
9.68
9.8
7.18
-0.14
6.93
6.8
8.25
12.59
12.81
16.23
15.86
11.4
9.56
11.57
-0.54
10.69
13.61
13.49
10.97
7.27
9.19
7.23
2.63
1.48
3.18
7.39
2.09
2.95
-2.06
1.03
-0.27
5.49
7.06
11.08
13.92
6.23
11.3
12.18
10.09
6.24
-0.39
1.24
-3.52
-3.1
9.8
10.26
8.86
9.82
12.03
9.65
14.17
17.08
13.62
-0.36
7.77
10.4
9.9
8.04
-7.19
8.38
10.18
11.24
13.39
10.29
3.1
3.21
-11.26
-2.77
-9.56
-2.32
-17.72
6.52
12.43
14.12
16.3
16.54
15.32
15.08
12.6
11.44
9.47
-5.95
8.13
12.84
11.7
2.21
-6.4
5.96
8.76
11.14
10.25
9.59
9.23
9.73
8.79
7.77
-11.34
5.36
0.81
7.37
8.26
-6.25
5.88
8.25
10.68
13.46
10.34
0.78
11.93
16.34
16.42
12.67
8.68
8.71
-3.35
9.23
6.5
8.52
14.16
6.74
3.74
4.58
3.56
5.09
7.06
9.48
10.46
9.01
13.53
11.31
8.81
11.71
13.55
13.4
9.34
5.48
4.13
5.45
10.02
8.39
0.02
9.77
8.76
6.78
9.5
9.15
12.58
10.93
4.61
14.89
12.3
1.58
4.94
13.1
12.66
5.49
5.01
13.12
12.46
1.94
16.09
13.95
11.62
15.14
14.69
11.35
13.1
15.32
15.24
0.85
2.21
6.72
12.53
10.79
11.35
13.76
12.97
13.19
12.86
9.9
-2.23
0.97
5.45
9.91
8.61
9.84
10.95
10.29
7.45
8.53
12.89
13.84
13.29
15.63
15.6
10.06
-0.34
-5.82
-7.75
8.27
11.15
9.64
10.69
14.29
15.64
10.09
4.2
6.5
7.73
6.54
1.93
-6.72
-4.65
6.37
8.96
5.74
1.25
3.79
4.93
8.18
9.95
14.23
14.8
11.37
12.4
16.37
13.85
9.32
13.09
9.19
-0.91
-4.55
8.98
10.93
3.22
6.34
13.81
14.9
10.75
-10.94
10.54
7.37
-21.28
5.42
9.95
11.98
7.86
4.8
14.93
18.77
15.97
7.95
-1.95
-0.28
3.61
10.78
12.36
14.26
11.71
7.72
12.01
13.56
6.8
0.55
8.43
7.58
5.02
6.74
12.34
4.32
13.04
13.96
12.07
13.82
14.89
11.83
5.79
-0.96
1.33
12.59
9.01
2.84
2.23
2
9.42
11.36
12.03
13.7
13.16
10.08
14.42
9.48
-10.1
5.85
6.33
10.1
10.96
11.18
14.37
13.89
3.29
8.79
5.07
13.81
14.92
4.58
2.89
-2.41
14.06
16.42
9.77
-6.8
8.85
13.83
9.29
2.16
-1.92
4.22
9.76
9.62
14.01
16.9
11.79
4.66
13.1
13.35
11.58
3.83
5.77
10.75
12.83
12.09
9.46
9.41
9.5
13.59
17.07
13.08
6.86
8.21
13.14
14.85
13.22
6.52
-3.7
0.71
-6.6
1
7.3
10.46
13.81
9.41
5.79
6.64
7.54
7
-3.76
4.17
1.3
5.29
-6.15
5.56
7.45
10.52
15.6
15.66
11.84
15.85
15.3
8.02
-4.86
-6.6
0.38
5.55
7.51
4.95
-1.7
7.33
8.2
-5.11
8.02
13.49
11.93
8.14
-2.85
7.54
13.19
10.2
3.39
10.61
17
16.51
14.67
13.51
12.98
14.9
14.93
15.12
15.41
1.94
14.06
13.63
0.24
-5.85
11
11.64
7.16
10.24
8.45
4.61
4.76
10.11
2.91
-3.93
7.84
9.37
8.4
8.13
-3.55
11.35
11.97
7.47
7.7
9.4
11.78
15.28
16.11
12.84
11.38
9.11
7.54
9.11
12.66
9.54
-7.42
0.18
-5.33
-5.48
-1.53
6.38
12.23
8.74
-9.2
4.63
-3.08
3.02
1.65
10.77
16.09
14.58
7.77
6.51
11.6
12.92
12.43
12.29
12.47
8.07
12.63
13.23
2.29
7.99
0.05
8.6
12.42
9.78
-1.84
6.1
-13.56
8.67
12.5
8.25
-3.72
7.89
12.12
13.82
11.91
2.06
10.11
11.37
25.57
26.31
20.86
14.37
19.5
9.1
6.12
15.23
21.12
23.72
26.15
24.35
16.69
5.37
15.86
15.7
14.76
15.3
-2.75
12.09
24.72
25.39
17.89
20.06
17.32
21.82
23.88
18.39
13.33
3.37
15.12
21.74
23.38
18.52
7.82
14.6
25.05
31.52
33.16
28.91
15.77
15.2
19.21
18.78
13.82
6.16
11.96
17.17
19.94
6.88
22
23.91
26.82
16.9
27.25
27.05
20.69
19.03
18.96
15.39
2.38
2.73
15.29
20.52
22.29
15.32
23.9
23.5
7.88
17.93
3.67
13.4
18.5
18.84
15.95
13.41
20.72
23.91
24.9
26.26
27.44
25.04
20.48
17.08
19.05
17.68
12.25
20.83
17.47
11.28
13.09
19.99
22.46
25.43
27.78
28.42
24.14
17.34
19.62
15.28
12.44
11.17
15.68
18.16
17.52
10.53
12.58
14.45
-0.57
11.4
9.37
12.15
16.54
14.13
13
22.66
21.13
18.37
21.22
24.2
24.15
24.69
21.98
20.15
15.95
11.72
6.66
18.54
13.29
17.7
27.07
28.33
23.6
18.18
22.82
28.65
26.82
13.6
21.1
20.32
17.25
21.27
18.25
11.2
22.91
22.81
16.31
9.96
19.05
22.43
24.31
22.94
21.38
22.97
19.04
20.4
18.62
20.38
21.67
28.21
29.42
21.07
12.1
16.9
16.77
18.08
21.01
16.23
23.3
25.11
22.9
22.93
25.44
24.02
13.44
22.55
27.14
24.23
9.66
18.29
13.74
18.41
20.54
15.96
21.08
21.22
27.1
29.41
26.81
4.06
15.53
18.79
15.41
11.49
6.33
23.52
25.9
26.03
26.54
9.44
27.55
30.13
26.5
21.33
20.71
17.07
21.05
21.38
19.63
20.24
16.83
18.81
25.92
26.35
25.19
25.17
27.92
28.75
23.16
18.9
19.32
20.74
18.83
16.74
11.84
11.49
18.91
21.07
26.19
24.57
24.11
27.11
24.38
17.22
19.27
23.39
17.72
9.25
11.34
6.8
11.69
20.65
25.37
24.39
21.57
21.43
13.79
16.43
18.09
18.72
18.74
21.2
20.94
15.06
13.83
19
16.77
10.72
15.19
15.02
23.9
24.21
21.96
19.25
15.13
15.87
19.4
17.53
15.67
11.22
10.97
15.82
16.68
24.43
26.31
20.75
18.47
16.8
15.43
20.01
21.34
17.73
14.81
21.22
23.71
27.98
27.68
20.16
6.64
11.58
22.63
24.52
18.79
14.71
16.27
14.19
21.82
21.45
20.52
23.83
18.9
20.31
22.55
15.04
20.94
17.47
11.35
18.52
12.31
15.22
17.29
19.99
21.87
21.61
26.69
21.73
8.51
6.09
9.88
12.94
6.21
17.32
19.89
19.39
16.19
10.22
4.19
-2.9
14.56
12.91
13.36
16.61
13.84
10.1
14.13
18.83
22.89
21.55
12.39
14.4
12.03
8.74
4.85
16.39
20.58
20.38
17.41
12.25
8.97
4.47
13.42
19.22
18.81
16.56
12.99
7.73
13.26
16.56
13.83
16.24
18.02
17.07
16.19
11.02
13.05
16.38
14.95
14.06
12.7
10.06
-1.28
8.16
14.65
15.18
13.53
13.51
17.76
16.25
14.8
14.7
14.48
15.21
12.9
13.51
2.11
10.06
11.17
11.56
7.5
3.67
5.79
6.77
-12.25
-7.98
-3.89
7.9
14.6
16.42
15.98
16.16
18.26
17.93
16.03
14.54
15.97
13.42
17.14
18.78
20.41
18.16
17.65
19.1
17.14
14.8
8.37
9.72
8.46
8.37
18.01
15.57
8.52
4.86
10.48
15.98
19.18
20.39
11.96
6.17
13.02
19.56
21.3
15.27
-2.83
15.91
18.54
17.62
3.33
21.76
24.99
24.84
21.05
13.75
16.48
13.35
11.07
12.17
16.3
15.07
16.85
20.53
14.49
17.89
21.33
17.71
10.74
8.19
8.14
6.31
0.2
16.16
15.43
14.06
10.11
16.62
18.87
15.39
10.97
-0.77
10.3
13.73
12.27
15.46
16.74
11.8
18.05
17.42
19.74
24.2
21.13
16.91
15.29
18.47
14.52
9.17
11
5.03
18.41
24.16
25.1
24.28
22.12
23.31
24.36
20.78
13.45
7.95
17.39
12.56
10.68
8.67
15.96
7.57
18.83
19.84
18.2
20.78
24.52
24.88
21.73
16.35
18.2
20.97
23.17
21.9
18.21
16.67
21.09
16.17
18.86
14.93
13.54
21.08
24.13
24.73
24.24
25.3
26.37
24.24
20.71
23.05
24.55
21.88
-6.12
19.9
17.53
9.86
10.35
13.04
3.07
18.1
21.1
22.21
24.77
24.41
18.02
24.87
25.15
23.24
21.67
14.04
8.38
18.5
18.87
12.03
9.24
16.85
17.53
12.97
22.76
21.85
20.86
29.35
30.36
26.85
22.22
22.91
24.48
22.29
17.81
8.21
12.11
12.18
1.49
17.95
21.3
20.93
18.79
8.99
17.02
14.24
19.07
20.73
23.25
26.61
27.01
21.72
11.25
17.87
22.03
25.1
22.52
15.22
17.84
13.35
20.02
26.19
26.22
21.76
17.39
12.36
19.19
24.99
25.44
22.83
20.45
20.51
17.23
17.48
20.86
19.31
9.77
18.88
22.93
25.44
24.08
18.29
20.75
16.84
9.25
13.49
16.03
14.45
9.89
19.34
14.75
14.73
22.86
23.16
18.6
9.19
14.1
16.88
20.86
22.63
24.32
23.61
20.41
19.05
18.48
21.15
25.64
27.55
22.46
21.03
25.07
23.85
21.34
19.32
13.88
15.41
20.11
18.72
23.68
22.14
11.33
17.9
18.12
24.67
23.97
20.22
15.66
15.63
16.48
16.21
16.98
21.37
22.94
19.94
12.17
19.24
18.42
14.24
11.3
16.18
18.77
9.94
1.28
18.4
18.62
16.63
19.52
19.76
14.57
10.29
12.09
9.84
11.78
10.49
13.17
17.89
20.09
21.23
24.74
24.72
20.09
13.82
15.21
18.72
23.32
24.51
19.47
14.22
13.63
7.46
6.6
18.48
22.53
21.04
17.97
20.53
16.27
18.72
19.48
16.21
18.14
15.07
9.07
12.26
7.08
12.97
6.5
15.85
8.3
24.61
25.67
23.74
20.83
14.95
17.99
19.07
19.66
17.37
12.66
5.18
14.28
13.7
10.33
15.02
19.89
22.47
18.29
12.89
9.12
13.08
10.45
1.83
12.15
15.65
14.77
7.55
19.8
24.13
22.23
14.95
11.31
19.35
21.18
20.03
19.43
18.04
18.74
15.02
18.64
22.73
23.08
17.65
4.6
5.24
5.89
-3.13
10.01
14.98
16.96
21.27
19.07
16.03
20.12
17.37
20.13
21.5
18.84
11.62
19.22
15.6
1.07
8.43
15.19
18.81
18.43
18.16
18.6
18.09
15.69
12.06
18.56
21.86
19.88
1.96
15.83
16.01
16.01
7.63
16.7
18.47
18.37
21.47
26.73
27
22.37
4.64
-2.13
16.16
20.57
20.33
21.19
22.53
18.29
19.89
21.33
12.14
17.33
21.14
15.25
11.12
12.96
15.41
12.73
5.17
9.9
23.33
25.07
24.95
27.82
23.67
13.8
21.03
19.57
22.46
24.33
24.35
21.22
18.96
14.43
7.94
12.51
11.45
15.57
24.25
24.24
19.89
16.65
18.06
19.43
14.49
13.48
13.74
24.36
25.33
16.4
13.37
15.13
18.66
17.65
17.17
22.75
21.9
19.24
15.66
8.37
12.39
20.91
22.14
22.54
23.74
25.13
26.21
23.67
12.83
9.15
9.09
16.51
20.92
18.62
20.52
19.56
21.44
23.45
22.6
17.53
14.94
20.9
24.27
23.72
20.76
20.65
18.2
18.62
19.69
20.58
19.41
24.21
25.25
22.75
21.9
20.96
16.79
15.6
22.25
20.29
21.56
10.99
24.27
24.88
11.02
19.35
23.95
22.65
17.73
19.9
14.45
18.26
12.51
14.69
16.32
17.79
20.7
17.85
21.17
24.69
24.39
19.29
15.86
27.19
33.69
28.98
16.49
15.51
23.13
24.85
17.9
19.01
25.57
30.1
32.52
27.11
23.75
20.41
13.83
18.3
22.27
23.03
28.92
33.71
30.14
4.49
15.18
11.21
15.56
24.75
23.9
9.73
18.43
19.91
24.42
22.96
22.97
19.28
22.23
16.7
12.89
22.99
25.38
25.45
21.03
23.5
28.09
26.64
30.88
41.81
44.7
38.84
22.43
10.1
14.23
3.01
24.51
26.77
18.69
21.29
24.58
20.33
21.47
22.03
18.47
17.74
21.07
19.46
17.32
13.04
12.69
21.57
22.32
22.38
19.62
13.17
18.1
30.25
41.91
44.21
37.6
21.78
22.24
23.86
15.15
15.89
-4.88
22.96
22.16
16.99
13.81
20.31
21.69
19.97
6.07
18.69
23.26
25.39
16.34
30.01
30.85
20.71
14.74
14.54
16.49
19.63
25.44
21.8
9.83
14.28
10.3
10.78
10.44
13.09
18.96
22.61
19.16
19.66
20.87
19.29
12.77
11.39
18.79
22.4
9.79
21.13
18.22
11.86
16.88
33.37
42.47
41.07
28.11
11.08
16.51
22.81
23.93
20.31
18.86
25.04
23.2
30.72
30.51
19.95
9.76
12.79
11.84
11.12
19.9
25.49
26.35
25.17
21.51
23.58
25.3
21.04
8.25
16.67
29.78
41.13
44.17
38.05
23.32
20.76
8.3
19.87
13.45
21.61
19.31
17.53
23.17
18.13
18.87
20.88
19.39
17.94
22.33
25.83
24.58
7.78
18.12
20.4
21.76
3.44
20.21
14.78
10.45
-11.52
6.78
15.63
23.58
24.85
20.07
18.08
24.32
24.74
26.46
24.78
20.41
17.99
12.69
23.56
22.32
12.98
10.72
16.94
17.14
13.1
12.95
18.61
16.6
14.39
36.31
44.4
43.04
33.42
21.22
13.63
21.61
24.78
26.97
27.61
23.97
18.84
16.1
-3.52
18.17
20.62
21.9
21.22
15.08
22.25
24.81
26.09
24.27
17.36
-2.09
10.86
13.25
15.53
17.65
24.69
23.63
-3.75
18.99
23.43
32.08
29.97
19.89
14.84
20.34
21.86
13.4
17.4
25.1
30.32
31.43
24.7
18.42
21.22
10.41
13.48
15.18
19.36
16.03
3.79
14.89
18.51
12.95
8.14
16.06
24.39
27.97
29.83
27.4
19.98
17.08
22.49
20.22
22.02
27.68
29.51
28.36
34.65
38.86
34.4
27.93
26.14
26.82
26.17
21.87
25.1
25.16
33.72
36.7
28.15
26.91
31.85
34.82
37.11
33.91
34.88
44.86
43.09
30.95
31.03
33.57
30.77
26.48
25.03
17.39
22.57
28.84
29.88
33.15
33.2
30.72
30.17
30.05
30.26
24.8
24.94
31.32
31.39
27.21
31.88
30.87
29.27
21.05
32.39
30.69
28.41
31
30.35
28.55
29.52
34.09
34.42
32.47
24.98
23.06
30.94
31.87
31.06
34.46
36.2
34.66
31.48
28.98
22.67
14.31
15.1
27.55
30.33
22.77
21.38
27.05
29.91
35.72
37.91
41.33
48.96
48.46
41.19
36.28
29.15
11.71
23.32
28.47
28.39
37.47
48.4
49.17
39.77
28.17
30.03
33.73
34.56
36.08
36.4
30.61
14.56
28.39
31.23
30.8
31.64
30.99
25.52
26.82
29.79
32.89
32.45
32.23
34.51
35.3
33.27
30.85
25.74
12.43
24.05
26.54
26.5
27.08
28.49
30.39
33.64
34.16
30.88
26.29
29.2
35.81
36.55
30.11
28.48
33.14
33.27
31.58
32.47
30.83
32.11
34.13
32.93
30.34
28.03
27.67
36.67
38.48
34.61
27.54
25.14
28.86
31.06
34.41
33.63
33.26
35.72
35.14
33.23
32.48
33.5
30.32
11.1
26.61
24.84
21.35
20.51
24.19
30.84
30.89
27.94
26.06
29.9
32.33
30.64
30.44
31.51
27.85
6.21
24.87
24.43
28.53
31.97
32.83
29.25
29.31
33.86
37.18
36.88
33.33
28.36
22.12
27
30.46
26.98
24.99
23.67
18.97
18.62
23.94
27.68
32.25
36.67
30.88
30.48
32.83
29.88
27.12
12.65
23.25
27.56
27.69
27.99
23.69
26.62
23.61
26.2
23.74
20.42
20.72
23.19
26.66
29.93
29.4
25.56
16.92
24.12
31.36
33.26
30.04
23.99
26.79
23.09
20.08
29.59
29.08
27.41
26.73
30.7
32.76
27.14
30.13
30.45
27.02
21.22
27.18
27.79
26.23
25.38
28.1
28.56
26.64
27.13
28.48
27.98
29.49
29.7
28.61
23.68
15.64
25.15
27.48
21.44
14.05
20.05
21.82
27.62
28.38
26.5
27.39
27.97
21.11
18.78
24.07
22.19
17.41
23.63
24.99
25.93
25.19
23.25
20.16
6.38
23.32
25.19
23.07
20.21
26.07
23.2
0.36
21.62
23.82
24.15
20.8
21.87
19.36
26.91
27.86
23.43
21.09
16.57
23.22
17.24
19
23.48
18.69
23.44
21.29
22.98
21.43
19.26
16.81
21.97
16.13
25.88
25.39
18.76
23.79
25.89
23.2
14.14
14.94
19.6
24.42
26.63
25.52
20.12
14.26
24.95
27.98
25.87
23.33
23.52
23.1
21.9
19.98
17.05
17.38
22.5
25.39
26.22
24.73
23.41
18.12
12.33
21.75
24.43
24.57
21.56
15.18
24.18
26.28
24.58
28.23
28.04
22.28
22.89
22.31
24.35
24.46
26.18
28.78
27.44
24.84
23.3
16.3
13.29
17.18
18.38
17.1
21.2
20.55
20.92
23.14
16.08
13.28
15.75
20.13
24.89
23.66
17.96
20.47
22.71
23.39
22.92
20.41
18.08
12.2
6.25
18.06
23.66
23.05
23.25
22.85
22.86
19.88
17.92
6.49
14.58
17.93
21.04
20.79
28.14
28.11
24.77
23.93
24.28
23.29
26.41
28.63
25.91
24.58
28.04
27.63
24.32
25.32
28.96
26.9
22.67
28.86
30.82
29.53
29.6
30.11
29.7
28.62
30.17
30.66
28.97
28.97
25.67
13.71
21.05
28.84
31.4
30.49
30.08
28.87
24.57
18.85
27.13
26.82
22.34
22.91
26.51
23.18
25.99
27.67
14.36
15.4
23.38
26.6
21.12
10.97
14.6
22.68
20.44
15.39
18.87
22.53
20.78
25.13
20.16
10.63
-10.78
18.83
21.11
19.51
9.03
24.44
30.94
35.67
32.3
24.5
23.27
22.11
24.19
19.95
18.16
22.45
25.31
27.14
25.32
21.81
21.19
19.28
16.76
23.67
29.33
30.02
28.71
26.62
17.39
8.96
14.09
23.87
24.29
21.56
23.3
21.91
17.96
16.62
8.1
25.54
24
23.49
26.82
23.51
13.94
22.67
28.33
25.54
20.09
23.9
25.04
22.88
22.95
25.45
26.47
24.94
19.24
15.19
9.41
20.76
28.31
30.56
26.21
23.2
25.55
21.7
26.02
31.18
29.41
0.59
19.51
17.83
23.41
22.26
13.96
18.96
22.14
16.23
21
13.94
10.69
19.16
23.85
13.57
22.02
13.71
22.87
23.89
17.33
16.94
9.12
17.42
17.53
3.06
20.9
21.37
20.24
23.26
24.66
18.23
19.04
21.54
19.03
15.55
8.83
17.14
20.14
20.78
22.38
18.82
12.41
20.8
21.95
17.41
4.93
18.64
22.98
20.95
21.16
21.47
12.22
14.92
21.26
25.38
17.07
18.26
15.8
18.1
9.81
13.17
11.42
11.53
23.06
29.05
25.78
21.84
11.41
21.05
25.7
26.24
23.01
17.93
17.49
22
24.44
25.32
18.12
23.28
23.53
10.43
21.69
20.33
12.7
20.89
22.74
22.37
21.48
11.63
21.9
22.03
19.88
15.37
12.97
17.78
16.63
23.66
22.42
15.36
13.49
12.66
14.22
21.22
15.09
6.79
10.82
20.2
21.78
25.75
22.03
15.43
19.36
19.24
24.81
23.71
18.38
-4.88
13.59
15.11
18.54
8.7
18.65
20.99
17.26
20.14
22.6
22.33
17.68
-5.57
10.48
17.08
24.19
26.51
22.2
14.52
18.55
12.65
17.84
23.03
21.49
21.13
17.85
10.79
16.24
20.15
19.62
14.7
13.54
11.42
19.54
22.54
19.9
17.32
14.25
11.42
20.65
21.35
17.76
13.41
12.22
13.78
15.63
11.05
9.73
11.85
7.31
15.53
16.2
13.82
19.01
20.15
22.03
23.58
21.43
20.09
22.9
21.24
18.73
14.95
10.82
2.3
8.27
9.94
9.32
9.08
13.74
16.68
10.3
18.27
13.61
13.11
18.25
14.74
14.24
17.08
21.34
21.03
21.7
21.76
20.65
22.46
23.17
20.99
17.24
16.07
15.67
20.66
24.83
21.29
9.36
7.55
14.2
18.73
21.69
19.61
18.91
18.24
23.16
22.73
20.57
14.49
18.57
25.54
26.03
25.29
25.44
24.17
17.78
15.74
19.5
15.6
11.35
2.45
14.45
20.3
12.08
15.89
18.28
17.09
16.17
19.71
12.32
14.93
22.8
24.2
19.74
17.53
9.22
18.89
21
15.91
7.44
20.08
24.94
24.09
20.43
16.67
11.72
17.7
22.6
18.94
14.79
15.87
13.32
15.87
23.49
26.58
25.77
16.66
19.53
24.16
15.38
17.14
22.83
20.54
3.27
11.72
23.87
27.36
25.46
16.58
18.42
21.27
22.5
19.08
17.21
18.05
11.37
12.73
22.36
22.79
17.49
18.9
22.18
19.48
13.83
16.4
18.82
11.57
10.06
18.88
20.53
11.25
9.09
20.55
25.04
27.43
26.83
22.86
15.99
16.43
13.75
11.4
1.37
21.44
21.04
18.6
18.93
10.85
5.05
21.07
27.53
24.57
15.09
20.67
5.21
16.24
10.95
9.5
15.39
22.67
26.15
29.6
30.74
26.39
13.63
17.18
18.7
19.06
13.52
12.78
18.61
24.34
27.12
21.06
20.08
20.43
18.33
17.27
19.1
20.61
17.95
16.02
22.84
25.31
22.89
28.56
29.64
27.28
23.51
14.51
5.83
12.3
19.41
23.29
24.69
25.9
24.97
23.04
19.73
12.53
-1.54
10.44
15.82
3.22
18.83
14.71
23.23
23.08
19.75
19.79
23.13
24.33
22.26
22.87
23.4
24.15
28.13
25.39
18.82
19.24
17.02
12.8
11.66
24.73
24.33
9.23
19.32
12.92
23.07
23.14
23.94
27.14
26.9
27.07
35.3
31.62
13.01
26.3
23.04
16.16
24.14
21.16
14.7
13.24
13.69
13.87
18.23
20.48
24.41
25.47
23.94
23.2
19.16
15.98
5.58
16.71
14.72
18.71
20.64
17.95
15.67
17.67
20.37
23.94
25.65
22.98
7.34
19.4
13.19
12.09
13.74
20.58
19.16
6.97
16.25
19.47
19.77
22.56
20.81
20.19
18.49
14.48
20.04
20.75
19.1
16.28
12.8
17.55
20.83
25.01
23.62
19.87
21.23
24.16
24.6
15.75
20.74
25.65
24.46
21.38
22.3
24.41
20.45
12.94
18.36
16.92
19.91
24
24.14
18.79
23.17
21.51
22.93
22.66
23.65
23.26
20.81
23.57
20.12
10.8
18.21
23.17
25.02
23.55
21.49
19.98
18.09
0.3
22.19
22.74
12.52
20.36
21.89
23.98
23.61
21.41
19.47
8.79
16.53
16.11
14.71
21.11
22.3
19.66
18.75
21.03
20.27
16.17
17.2
22.66
25.21
22.8
21.75
10.17
20.01
18.77
18.89
23.66
24.83
23.33
20.3
14.98
12.58
8.91
-1.71
18.99
20.39
21.88
24.37
21.59
17.39
20.8
22.52
13.07
16.85
21.02
20.85
14.01
14.17
19.91
19.09
14.1
13.6
17.29
17.24
17.35
17.1
18.8
20.56
19.19
13.17
14.92
18.64
16.07
9.96
9.79
18.71
21.94
22.64
22.89
19.61
19.14
25
26.1
20.56
19.83
17.29
19.8
17.47
10.51
13.67
15.85
21.19
22.62
22.66
20.5
17.72
15.36
15.56
23.83
25.05
18.41
12.64
20.03
22.94
17.91
10.32
16.87
12.07
14.44
18.07
15.73
10.58
-2.03
8.25
10.09
8.26
2.98
4.31
-8.09
16.14
17.38
16.27
18.35
22.29
21.81
16.96
14.38
20.67
21.39
20.89
18.51
5.16
11.93
16.08
20.09
13.9
14.19
15.53
13.62
15.8
21.89
23.67
18.16
-1.98
6.27
8.11
17.35
19.57
22.7
23.94
19.72
15.85
20.7
19.48
12.71
19.2
9.88
16.35
20.45
19.6
8.61
21.67
22.63
13.81
19.14
15.1
17.86
18.47
18.19
18.25
15.82
9.35
17.94
13.45
6.02
6.91
8.18
13.5
15.95
13.82
8.23
-8.91
12.31
17.84
13.03
2.79
-0.48
1.41
12.21
7.38
7.45
-0.98
8.09
14.36
4.44
-10.81
13.65
17.15
5.5
15.34
16.65
13.45
12.59
18.74
19.79
15.01
7.78
16.53
15.45
9.17
19.58
20.83
15.64
8.63
17.57
20.26
17.37
16.45
10.7
9.43
13.36
6.79
15.9
16.34
17
19.93
21.01
20.83
21.31
19.69
15.02
11.42
13.16
17.46
9.53
20.65
18.93
7.58
15.89
17.95
17.8
14.95
13.41
-3.72
15.39
15.83
16.66
15.72
16.34
16.38
18.14
19.99
18.83
15.02
16.19
20.58
17.41
13.08
17.28
18.14
19.8
21.11
19.05
14.62
16.47
19.18
20.06
18.88
18.86
18.07
14.95
15.83
20.42
14.99
3.13
11.97
8.16
2.66
9.94
18.35
18.25
12.26
14.55
15.97
11.92
5.99
12.38
14.09
5.36
16.17
17.24
18.39
20.52
19.28
17.93
11.14
12.08
11.07
6.12
11.64
1.12
14.24
14.16
8.26
4.66
9.68
10.17
12.57
10.27
4.97
10.36
16.6
18.64
18.02
16.04
10.27
-5.29
7.31
8.06
3.87
13.06
18.95
19.79
20.69
19.14
11.43
14.49
19.15
18.15
14.11
8.4
9.62
14.61
17.24
17.38
19.78
20.67
19.76
18.47
14.72
14.7
15.05
19.12
16.59
17.2
20.41
18.93
17.86
21.63
22.15
15.58
21.04
21.14
14.31
11.98
19.05
15.63
7.79
17.79
20.15
16.71
9.87
18.96
18.73
3.55
21.83
22.26
8.31
17.26
16.76
11.94
6.46
15.37
16.26
16.31
17.17
15.04
17.54
18.63
16.14
15.23
16.88
10.44
10.55
16.77
21.08
22.04
14.93
14.68
13.22
13.84
16.82
17
10.66
3.27
17
18.56
13.99
15.49
15.19
7.76
13.78
20.21
18.66
14.97
16.24
19.28
18.94
15.96
9.94
11.21
17.36
21.33
20.37
14.68
17.52
22.26
22.92
19.48
14.23
-1.79
8.2
11.21
17.61
21.04
21.4
20.59
19.63
17.36
10.3
17.83
18.34
13.48
13.85
14.65
12.42
16.91
19.97
17.81
1.77
17.28
20.79
23.78
21.81
17.72
22.33
23.91
21.67
13.09
16.08
15.09
9.63
14.49
13.75
9.16
14.17
-4.76
7.38
-3.26
13.86
19.6
11.04
12.04
11.11
1.73
8.25
14.84
14.41
16.52
18.57
21.06
19.16
1.59
17.19
14.89
15.09
15.97
14.97
14.33
15.47
18.29
22.56
21.73
22.22
23.17
19.3
10.37
11.24
20.59
19.8
9.72
15.47
18.45
19.51
21.6
22.08
16.25
3.39
7.52
10.78
14.07
16.33
17.05
15.31
18.18
20.6
18.28
17.71
19.59
16.34
5.19
20.89
23.78
20.39
16.05
15.37
17
19.28
17.44
15.62
14
-5.18
11.09
14.47
9.39
18.14
16.59
10.91
16.45
20.41
18.04
11.42
13.72
18.66
18.29
17.5
18.52
16.43
14.43
14.21
11.4
11.73
4.76
8.28
9.85
9.33
11.16
3.7
5.54
5.89
6.09
11.27
19.3
21.39
18.6
14.44
13.64
17.55
19.1
13.21
16.39
9.26
10.23
-2.97
17.33
20.08
18.82
26.44
25.59
20.22
15.34
13.66
17.44
23.81
20.73
11.93
19.74
13.81
12.87
17.34
17.04
20.15
19.17
10.91
20.19
21.43
21.49
20.66
21.65
20.09
17.79
14.11
13.01
10.37
9.79
8.39
8.15
18.5
18.88
12.68
-0.78
15.34
11.81
4.3
10.15
-3.37
14.93
17.66
10.26
17.71
18.8
18.05
16.32
13.97
19.96
21.75
20.07
15.83
11.24
14.64
14.91
14.65
14.74
20.03
20.47
18.83
17.77
11.46
9.49
19.22
17.87
19.89
19.9
9.93
18.18
18.98
17.81
20.84
22.43
19.61
17.47
20.66
19.98
10.35
10.26
11.98
9.24
4.28
9.73
10.08
18.9
17.86
13.24
15
12.6
15.34
17.89
15.56
16.68
10.6
-0.61
12.68
7.85
9.13
11.57
15.32
8.61
12.18
18.86
20.39
20.12
22.35
21.87
14.68
14.44
13.57
9.05
8.9
-28.17
7.4
11.01
17.5
19.62
19.2
13.15
9.78
19
20.19
18.59
13.76
15.64
8.65
11.96
0.09
12.48
12.21
13.68
18.22
17.52
9.72
12.65
11.53
14.48
19.63
16.49
5.8
11.25
11.74
18.22
16.09
5.17
4.5
13.03
19.03
17.4
14.31
16.04
20.4
21.35
21.55
21.21
18.88
16.21
16.47
17.94
17.64
18.23
20.24
19
15.24
14.13
16.5
22.6
23.73
13.56
16.06
17.29
12.86
7.17
18.89
20.44
14.88
15.19
16.76
10.46
18.92
18.67
2.38
15.65
21.15
24.02
24.88
22.73
20.05
16.21
12.71
14.8
14.84
7.43
14.3
17.39
13.04
15.68
18.39
18.18
20.66
19.72
15.2
15.7
20.71
21.5
22.48
20.33
15.76
15.33
5.91
2.35
11.07
16.17
22.19
20.26
14.46
20.48
22.49
17.78
18.42
23.7
22.72
19.2
19.94
21.29
21.81
22.79
19.27
19.6
24.27
23.22
20.42
20.34
15.3
12.95
15.83
17.55
19.2
18.73
18.14
16.34
5.29
22.35
25.31
23.7
20.85
15.22
12.23
16.51
19.87
19.62
16.67
14.08
10.31
6.02
19.78
19.43
14.15
17.53
19.68
13.99
14.09
16.18
14.48
2.81
17.9
20.69
19.63
15.33
13.4
16.99
14.03
13.22
13.46
13
15.86
16.79
15.89
-0.97
14.07
17.45
15.93
6.85
8.63
19.55
23.36
21.01
10.36
17.42
19.06
18.5
2.59
13.04
17.6
22.54
24.86
25.13
23.07
16.43
7.47
16.11
18.12
14.66
2.49
16.62
21.26
21.34
13.82
17.05
22.91
20.49
2.99
14.12
14.19
-12.58
8.43
12.18
12.32
17.2
16.48
10.36
4.04
4.88
7.89
0
18.15
20.08
14.87
8.72
13.07
8.92
12.3
9.54
17.64
15.4
15.6
19.24
18.64
11.82
7.75
11.9
12
11.34
13.82
15.67
5.92
4.49
1.89
12.6
9.95
6.85
19.49
22.65
20.6
13.03
20.57
22.03
11.69
16.93
19.9
17.03
3.28
0.11
9.43
10.7
13.07
12.88
12.3
14.32
12.63
5.8
6.96
15.82
17.17
15.48
5.59
12.69
18.63
18.28
14.05
11.61
9.25
16.73
11.53
16.2
19.61
21.6
21.54
18.13
12.95
10.5
1.48
7.9
9.58
12.59
14.52
6.79
13.13
13.65
14.41
13.28
6.63
3.84
-0.51
2.88
10.62
18.45
21.07
21.49
19.55
12.29
14.27
18.84
17.24
12.9
16.08
11.51
3.91
4.3
11.81
17.83
17.95
17.04
5.49
19.3
18.61
15.43
15.53
15.66
14.89
7.32
-2.09
11.35
16.22
15.31
12.49
15.74
9.75
10.89
16.32
15.46
21.41
20.45
11.49
10.33
16.86
15.46
18.55
18.82
17.02
18.94
18.04
15.15
15.11
9.39
0.26
8.52
10.94
14.81
15.08
14.58
14.88
8.03
11.79
14.6
13.1
16.17
20.44
21.34
15.53
9.75
17.43
17.44
15.22
12.86
18.54
18.36
12.03
10.26
-28
11.91
14.9
12.84
15.13
13.29
14.63
13.79
11.6
8.83
18.52
17.52
8.73
17.4
21.51
17.75
11.1
2.3
6.02
13.35
12.45
2.1
11.21
10.43
2.8
17.23
18.87
17.33
17.48
13.57
15.64
17.14
14.45
8.89
6.27
14.53
17.83
18.22
19.34
19.51
19.35
20.66
19.23
10.41
9.96
16.51
17.7
12.78
1.99
2.39
11.01
7.57
1.62
14.31
20.93
19.96
12.64
15.28
18.56
21.39
20.43
11.14
11.8
16.29
17.95
14.63
7.74
4.56
9.34
13.9
17.27
16.92
15.5
15.58
18.44
18.53
14.53
1.45
10.1
9.32
3.94
9.91
13.92
9.48
6.47
14.66
16.02
15.92
15.51
14.41
4.67
12.24
15.37
15.07
19.68
18.42
14.48
16.62
21.75
21.84
17
4.01
7.54
13.04
17.61
15.59
10.79
19.33
19.57
14.66
5.01
20.63
19.17
-0.29
11.96
15.01
12.74
9.46
16.1
13.48
10.59
9.52
12.51
17.39
18.23
16.64
13.65
10.92
12.92
12.18
17.09
21.59
20.96
15.56
19.68
20.19
17.89
12.89
9.01
14.92
13.73
12.35
11.09
9.79
4.73
6.85
6.69
4.89
15.15
17.16
18.34
15.96
13.49
13.58
15.42
16.46
9.89
14.67
17.86
16.17
12.24
10.25
14.89
9.69
11.24
12.53
9.23
6.5
14.28
17.18
18.61
14.18
8.51
16
16.79
14.77
14.57
19.15
19.91
9.99
11.36
13.89
19.06
19.58
18.66
15.34
12.99
14.33
16.38
16.24
15
12.37
11.17
16.18
17.75
5.14
12.85
14.79
9.9
7.52
14.37
10.46
4.28
14.9
13.6
1.15
8.29
-0.77
11.36
6.82
7.38
12.71
8.77
14.22
16.75
13.39
6.68
6.59
4.64
9.13
11.58
12.28
7.55
5.21
11.82
12.66
11.43
11.02
5.09
15.09
17.41
14.97
7.35
-1.44
11.9
12.3
3.67
8.82
12.66
10.91
15.76
17.62
14.91
13.67
15.21
16.73
16.49
12.6
11.06
10.37
2.08
0.88
13.56
14.38
7.87
9.84
13.27
13.35
11.52
8.64
12.38
16.15
20.47
20.59
19.15
13.27
13.53
10.64
10.89
10.23
14.27
15.91
16.96
14.61
7.62
3.54
10.64
6.23
4.36
15.05
19.28
16.25
7.81
11.84
10.62
10.25
7.18
10.11
13.15
16.07
19.64
18.75
16.38
10.33
1.97
12.56
12.09
8.91
5.62
12.49
14.89
7.97
9.36
13.07
6.36
8.68
7.64
0.7
12.21
14.08
8.59
9.85
15.85
18.4
17.11
10.81
13.63
14.01
10.97
4.51
-6.05
-4.15
11.55
5.33
7.87
5.52
9.65
14.9
14.62
14.31
19.3
18.66
10.54
5.76
5.88
4.6
11.37
-1.85
11.28
10.07
1.99
9.37
11.3
5.78
10.4
16.72
17.6
7.42
-3.07
13.69
14.79
11.13
12.93
6.29
8.09
10.76
5.16
6.06
14.28
18.43
18.95
17.89
17.67
18.29
16.52
10.78
10.7
12.5
-4.08
7.74
14.5
17.92
18.36
19
15.66
11.61
8.73
-7.24
13.45
13.33
7.6
13.03
6.08
2.8
8.58
13.83
10.39
-6.32
8.03
13.02
11.83
11.95
17.17
12.35
4.48
3.54
6.69
10.27
15.66
15.12
11.93
9.79
16.19
18.48
19.32
21.73
21.24
15.49
7.07
8.65
9.82
14.09
11.65
12.51
13.07
9.04
7.05
9.23
13
15.73
17.25
13.33
6.38
11.93
10.89
3.06
0.32
5.77
11.25
13.45
13.93
7.04
-0.43
9.09
13.14
13.14
15.49
17.33
13
9.71
13.92
9.46
7.29
7.54
7.68
13.73
10.45
11.73
15.36
18.18
17.08
10
0.89
11.54
5.57
-4.62
3.36
9.11
10.78
5.63
9.37
16.47
15.31
4.12
10.32
13.9
16.7
19.3
17.16
5.97
15.63
18.86
16.54
17.3
12.6
5.61
7.43
14.36
13.93
13.29
10.72
14.81
16.61
14.24
8.84
7.83
13.96
15.44
15.39
14.49
15.31
16.74
17.83
12.19
12.33
17.88
17.98
18.04
15.38
1.62
9.38
6.64
13.82
15.24
13.73
16.26
15.18
10.05
13.05
18.2
17.97
14.75
12.02
12.8
15.6
12.24
8.94
16.2
17.45
15.35
12.01
4.14
4.38
3.13
12.53
12.14
15.75
19.1
16.23
11.26
14.02
13.24
-2.75
9.27
7.7
9.1
10.09
14.08
18.52
21.84
20.98
8.39
15.82
12.35
3.34
9.27
11.05
8.54
7
19.12
21.9
19.44
12.3
12.16
16.35
10.84
9.03
6.68
-1.84
5.17
8.29
7.14
16.62
22.13
22.43
21.09
19.9
19.19
15.99
16.19
18.52
20.5
17.79
15.24
13.12
10.4
1.3
9.39
10.88
6.63
7.84
10.77
10.78
15.98
15.82
12.61
10.89
5.58
11.33
13.91
12.73
8.55
5.18
6.03
11.97
11.59
4.74
19.07
20.28
16.57
13.81
1.78
11.37
10.76
15.91
16.93
11.35
14.04
12.84
13.02
16.8
14.76
-7.03
15.9
14.98
6.13
14.14
13.58
13.22
15.73
15.96
14.05
-0.96
16.49
16.74
12.16
12.12
12.01
12.71
11.39
9.74
15.07
9.58
4.89
9.6
14.87
17.71
20.45
20.27
12.51
9.68
13.29
11.12
12.71
12.04
15.21
17
13.59
13.77
18.11
17.84
15.04
10.63
15.61
16.41
13.39
16.93
17.91
16.43
18.52
17.54
15.84
12.57
12.47
11.92
-1.23
14.3
18.95
17.85
15.94
13.5
10.41
7.38
13.29
13.79
9.3
10.55
12.59
12.32
11.2
11.66
15.92
15.63
11.71
8.87
7.93
16.5
18.85
17.71
16.37
9.56
6.87
12.79
15.53
16.96
18.14
18.02
16.72
11.14
10.7
18.93
18.01
13.68
9.84
7.65
15.14
13.62
11.58
11.33
12.81
16.8
20.17
19.1
15.81
14.41
7.62
8.85
6.93
5.14
10.33
11.66
12.83
16.34
12.78
0.84
11.88
10.43
9.33
8.43
2.09
11.11
12.55
6.11
12.57
14.9
15.81
8.54
12.51
17.79
16.58
16.27
13.54
8.32
10.24
4.51
13.71
15.7
13.39
6.61
10.84
6.14
-3.35
13.35
16.63
14.03
6.35
0.97
2.27
6.29
14.3
15.27
14.48
7.07
8.85
6.89
6.77
9.03
-0.83
5.68
6.04
7.93
16.72
19.58
16.18
11.99
13.44
12.34
14.14
14.93
6.54
12.16
15.32
9.82
8.23
-11.42
12.65
11.29
9.45
18
17.39
16.35
16.87
10.17
9.17
14.68
13.02
16.41
19.39
16.22
11.1
16.79
18.38
17.78
10.41
1.82
3.62
4.58
9.09
10.09
6.17
7.71
9.08
9.73
9.64
-2.48
10.43
8.5
-4.25
7.57
13.82
10.46
10.05
2.84
14.96
14.68
12.37
15.1
20.95
18.96
9.38
1.85
2.77
5.82
5.05
6.61
12.49
12.2
3.37
5.47
9.57
15.44
10.25
12.06
14.26
-5.26
14.54
16.65
16.54
15.57
14.18
15.23
16.24
17.94
16.86
0.35
13.91
15.92
13.83
2.79
6.95
-11.39
11.31
5.92
9.26
9.55
2.16
1.87
-10.05
7.46
14.73
17.09
18.72
12.24
11.25
15.47
14.94
13.18
11.33
14.22
11.99
10.51
2.73
7.12
11.78
9.14
0.07
10.5
13.42
7.15
3.01
8.12
13.59
8.46
10.54
13.53
4.45
6.37
13.82
16.08
12.51
12.6
17.42
16.02
11.47
9.31
9.74
6.21
8.73
12.75
10.96
15.69
16.76
14.85
2.97
15.54
19.51
17.86
12.2
9.96
9.47
-11.39
6.95
1.28
12.48
15.97
16.32
9.01
8.31
11.77
2.22
1.34
9.09
12.4
16.56
14.69
13.22
18.44
17.42
9.1
15.3
20.22
16.83
12.93
13.73
7.42
10.24
15.41
17.01
8.47
7.48
2.22
3.93
13.97
13.94
1.1
7.64
-0.49
-8.03
8.78
13.92
8.96
13.54
11.25
10.48
3.73
10.92
10.58
12.57
18.78
17.95
16.4
10.63
10.18
18.32
18.4
10.72
14.86
16.21
11.53
6.15
16.45
14.39
7.37
2.31
4.56
6.56
11.84
15.5
7.45
14.1
17.96
12.1
10.99
19.03
17.7
10
5.35
13.27
8.84
10.47
12.54
6.67
6.09
9.47
8.64
12.65
17.11
11.64
10.14
17.2
16.61
14.19
14.94
4.53
17.44
19.21
12.97
6.5
12.85
11.76
16.97
17.46
14.48
7.03
11.56
18.33
14.61
7.49
12.9
7.76
12
14.13
10.91
5.73
5.11
7.55
8.25
6.41
12.14
11.49
11.9
15.11
14.52
8.04
9.01
16.42
17.6
15.33
6.56
3.57
9.73
15.18
14.14
10.31
16.86
16.53
-5.89
11.26
12.48
14.33
7.22
9.19
10.09
9.02
-1.17
11.16
12.31
9.24
6.24
5.47
16.02
18.97
19.58
18.26
11.62
0.18
6.27
15.09
14.4
11.1
-6.15
9.52
14.03
16.22
15.74
10.36
3.12
4.78
6.93
13.84
14.42
13.3
-0.83
3.29
4.9
-1.87
-1.72
3.91
1.47
8.29
-0.21
1.24
8.58
10.63
8.25
-6.77
11.69
13.71
8.88
7.46
10.23
8.6
5.86
0.04
4.39
0.23
11.28
19.22
20.62
16.9
8.45
9.04
11.83
-4.02
10.57
11.01
4.59
6.11
8.7
0
0.38
8.12
5.57
-1.82
6.83
8.09
6.04
13.28
11.86
-0.84
9.52
14.78
12.1
10.4
11.95
13.11
12.6
3.92
14.9
18.72
16.31
18
20.18
17.78
8.62
14.45
13.13
12.74
12.29
4.37
3.97
4.18
10.82
7.99
13.42
14.81
13.6
8.76
6.13
9.92
0.65
5.66
10.73
17.59
13.59
6.63
14.76
14.09
13.23
9.17
-1.02
4.52
7.4
13.76
12.85
16.37
15.99
9.24
5.2
7.26
15.42
13.59
5.63
8.78
12.39
15.26
18.47
15.3
15.44
17.63
17.06
17.51
17.69
15.26
3.28
10.01
15.9
14.68
19.26
18.57
13.82
3.2
14.29
12.01
6.76
12.86
10.68
10.8
10.62
1.37
1.1
5.62
8.34
-6.85
11.17
6.88
9.69
7.74
8.98
12.3
13.25
12.75
6.96
2.51
4.77
8.84
15.86
15.98
15.95
14.03
14.38
15.23
10.54
10.57
17.91
16.73
11.22
8.55
7.45
8.83
7.7
8.93
11.43
12.91
7.63
12.01
16.01
16.32
15.43
14.44
15.11
15.29
13.42
11.03
0.62
8.99
11.91
11.39
9.31
7.1
12.87
10.62
13.21
15.77
12.92
11.35
10.5
9.47
13.93
12.66
12.72
5.53
4.54
11.19
17.07
17.09
14.12
13.71
9.86
-0.28
7.38
16.39
18.67
15.01
12.1
16.07
15.24
9.44
15.25
15.07
0.07
11.83
4.41
9.32
11.88
13.97
17.75
16.66
-1.83
13.37
15.72
13.19
11.19
0.87
10.73
11.77
8.36
8.65
10.53
7.91
13.32
16.11
10.38
10.94
10.76
13.83
16.87
12.5
8.54
12.3
11.78
0.9
0.31
-4.18
3.61
10.44
8.88
9.44
9.75
7.4
7.1
10.91
14.83
18.23
14.85
10.2
13.56
9.75
16.25
17.18
11.37
-5.97
4.8
-5.22
-13.54
7.84
15.69
16.45
9.45
12.4
12.81
8.04
13.12
14.78
16.64
14.05
9.19
14.08
16.72
17.89
15.17
7.2
-2.89
-3.49
7.12
14.61
14.48
9.61
12.68
13.44
18.31
19.7
14.96
11.67
15.23
18.01
16.79
7.24
14.99
15.88
10.17
9.81
0.38
7.38
7.38
5.4
11.21
9.25
4.79
5.69
-0.5
-3.82
11.18
16.71
16.61
11.21
5.4
8.56
12.3
12.57
10.87
14.97
13.81
-11.63
7.72
9.19
4.33
7.53
5.75
11.52
12.88
10.5
10.89
10.56
10.92
9.58
0.31
3.83
10.32
15.79
15.06
13.43
13.9
15.43
16.85
12.59
6.05
12.18
13.28
5.18
-1.13
6.91
13.32
16.66
16.14
15.62
18.31
18.43
15.28
7.76
10.04
11.56
12.65
8.55
6.05
12.42
16.97
14.7
8.63
7.73
6.27
4.05
9.58
-4.87
8.77
5.88
0.28
-4.22
7.61
11.43
5.6
0.3
-14.76
7.56
0.15
13.76
16.5
16.86
15.55
8.54
-0.95
8.48
4.73
-7.46
1.03
4.29
7.77
14.52
10.64
4.58
14.36
15.71
14.06
14.33
12.69
9.79
13.85
14.26
14.16
13.39
3.75
-3.79
3.47
8.88
3.22
1.05
4.57
8.15
8.35
2.05
5.88
8.77
13.77
12.17
-3.58
10.89
15.35
16.78
14.36
6.44
-1.34
12.19
8.96
9.48
14.32
13.88
8.42
9.58
7.57
10.71
15.25
15.11
10.46
5.36
4.56
11.22
8.74
6.45
0.97
7.5
8.46
12.11
11.64
7.19
11.6
6.15
-1.49
4.18
-2.92
10.49
11.12
10.56
13.81
9.61
4.68
9.72
12.43
11.24
-2.63
10.41
11.73
0.28
-1.81
12.32
14.39
13.06
14.38
14.16
7.03
6.89
12.68
11.37
-3.08
12.29
16.76
15.92
6.81
9.55
10.9
14.68
17.08
16.44
12.59
15.53
17.94
15.34
13.86
14.63
12.93
16.31
17.25
15.76
13.26
-0.55
13.25
16.71
14.4
7.63
4.8
14.4
11.92
6.93
16.16
15.52
17.91
19.82
17.68
14.21
13.12
15.89
18.62
13.12
2.23
7.71
10.03
9.01
12.22
14.82
13.22
12.72
9.31
10.06
12.48
11.05
14.47
13.2
2.13
7.39
12.16
14.58
15.35
15.85
16.45
15.27
12.31
9.66
9.03
8.75
15.87
17.32
14.25
12.2
8.85
9.65
10.28
12.14
13.18
2.71
12.31
16.66
16.86
16.62
14.2
10.42
13.65
15.18
14.35
13.11
12.66
14.17
13.99
11.43
9.5
7.82
12.47
12.45
13.91
17.77
17.98
17.74
17.57
13.67
-2.89
-1.18
4.66
15.29
17.02
12.67
10.01
17.89
15.32
13.99
14.17
9.87
-2.03
8.2
3.69
3.47
13.34
12.65
-1.08
7.06
-1.8
9.29
3.96
9.54
10.98
12.52
14.51
16.4
14.64
14.32
7.94
14.89
16.95
10.89
9.99
14.14
15.07
20.35
19.06
8.5
11.91
15.83
18.2
17.83
15.12
14.2
12.28
12.75
14.53
15.25
10.05
10.87
7.94
7.18
11.81
13.89
6.54
9.12
10.7
10.91
14.75
16.83
9.7
9.06
10.46
4.39
15.62
15.58
12.34
16.73
17.44
12.09
0.31
9.05
8.57
9.94
9.47
4.87
12.32
13.6
13.7
15.62
12.08
-1.9
7.24
11.48
4.9
7.05
11.47
3.25
13.51
17.41
10.47
6.58
10.62
10.07
8.22
10.09
7.88
14.97
12.92
12
12.64
8.18
13.07
16.83
16.72
12.19
11.68
14.53
10.29
7.47
5.84
5.83
2.31
8.76
10.92
4.53
2.76
2.83
13.93
13.34
7.85
7.45
10.24
5.11
4.66
-0.63
9.45
10.08
5.92
7.92
3.11
-11.06
9.4
9.65
15.32
17.84
14.59
-5.48
10.48
7.58
13.97
16.14
17.35
17.59
15.47
15.56
14.02
7.63
14.64
17.75
16.87
12.31
2.31
9.06
-13.1
10.39
9.55
10.21
14.58
6.18
8.31
3.12
6.19
13.69
17.09
19.21
21.05
18.98
14.64
15.23
10.34
8.51
1.79
3.8
-4.1
4.06
9.05
13.13
7.81
5.22
7.72
14.14
10.85
7.95
-2.84
11.53
11.17
14.56
18.15
14.15
7.46
8.42
3.18
14.11
14.98
10.01
9.82
12.71
10.79
10.18
12.18
9.49
7.08
9.01
7.37
10.78
9.72
11.96
12.1
12.98
15.91
12.49
-7.18
7.75
11.01
17.88
21.19
18.47
10.74
3.15
-0.65
2.7
12.7
10.74
10.78
8.23
13.95
16.61
