5.99
6.87
14.07
12.98
9.55
8.39
12.92
13.44
8.75
1.65
6.16
12.49
8.12
6.42
10.6
5.19
-2.43
6.85
1.26
2.87
7.64
7.27
9.91
13.55
13.25
12.73
12.79
11.45
2.61
1.83
6.37
5.58
9.7
13.2
11.08
6.41
7.46
10.55
10.51
8.34
6.97
5.19
11.36
2.58
1.09
6
1.14
3.67
11.29
12.54
10.03
3.67
7.46
13.12
12.09
7.82
4.5
9.19
15.86
16.84
16.78
14.8
6.72
8.83
15.32
13.91
8.11
6.59
6.44
6.65
-3.06
-2.48
-3.14
7.47
9.06
-0.17
7.27
13.07
11.15
5.17
9.47
6.45
11.19
13.58
9.22
4.7
1.75
5.25
-2.62
-5.62
6.51
12.37
16.64
17.3
13.18
-0.14
-4.61
6.13
11.91
12.64
7.31
7.06
9.12
2.67
14.34
13.17
4.77
3.9
1.95
9.96
7.21
-4.89
7.55
7.01
-1.1
10.64
13.27
6.98
-4.74
-4
7.48
11.38
10.74
14.49
15.95
6.89
6.83
4.02
7.16
3.21
2.51
7.74
8.41
7.17
-4.75
-3.74
7.51
15.29
17.1
15.63
11.28
13.2
13.98
11.31
3.82
3.88
11.17
13.74
10.23
8.21
13.35
10.73
7.72
9.37
3.73
1.88
4.45
-1.69
5.24
8.77
11.46
11.72
11.39
3.9
6.83
7.78
13.41
15.26
14.43
12.74
10.63
9.03
11.17
11.49
1.42
7.78
1.62
12.2
15.35
13.08
-5.59
0.81
-2.35
-6.83
8.73
10.71
9.69
4.58
-4.79
7.97
12.86
9.96
12.2
15.45
9.79
6.78
6.96
7.12
13.03
6.01
5.37
10.85
1.1
7.5
12.65
15.96
14.84
9.56
6.4
10.78
10.43
6.9
-16.92
8.48
13.03
9.24
1.44
4.3
1.95
3.43
6.68
13.62
15.37
10.68
7.95
13.08
-2.13
10.23
10.67
11.67
11.22
11.54
14.47
9.74
9.93
11.95
11.19
1.54
-2.48
-0.21
-0.15
-23.11
6.4
7.98
11.4
10.2
13.66
12.31
-0.74
7.57
9.75
6.83
7.04
14.08
13.3
6.87
3.64
11.17
12.88
13.84
11.93
15.92
18.54
14.29
3.96
9.98
0.36
2.12
6.02
8.94
6.15
5.83
-3.47
-0.49
8.65
4.61
10.16
12.9
11.65
11.51
2.23
3.77
-0.8
10.29
13.06
6.61
8.71
13.27
11.58
0.14
9.67
4.89
0.95
0.93
1.86
9.63
12.65
7.35
9.03
3.96
-0.28
8.07
7.31
-8.78
4.58
3.97
12.76
17.21
15.33
11.39
11.79
4.42
-3.15
7.39
5.64
3.71
2.08
10.73
5.41
12.93
13.91
10.38
10.14
11.65
5.96
-7.18
5.4
9.3
6.38
8.91
0.68
11.29
14.15
10.4
11.56
14.57
14.12
10.35
6.39
12.42
17.85
19.09
17.43
12.39
2.27
-0.6
7.78
12.69
4.46
6.99
13.77
15.04
12.74
7.48
6.06
5.36
3.49
3.52
10.57
4.47
7.67
-0.52
4.24
-1.07
10.11
4.12
9.57
13.52
11.78
5.19
1.03
4.87
4.35
2.78
4.08
10.08
15.7
18.72
16.56
4.33
7.41
6.75
7.14
9.94
1
6.29
10.13
-2.8
12.46
11.78
-0.98
6.26
-4.46
11.83
16.32
15.6
13.71
13.49
10.52
-0.01
1.97
-3.36
9.17
2.71
2.69
-8.61
0
4.05
9.18
10.79
10.88
8.28
11.03
10.88
13.79
14.35
12.58
-3.71
4.12
2.48
8.23
-0.05
8.89
14.57
11.36
2.63
3.98
4.29
8.69
11.78
10.15
2.12
1.75
6.96
0.65
7.84
3.44
3.25
3.36
7.41
1.92
9.86
13.65
12.15
10.63
13.98
15.38
12.58
16.58
14.88
-5.22
8.54
3.7
1.12
7.37
6.03
5.69
0.1
5.56
6.87
5.22
-2.5
11.47
10.39
5.65
4.03
1.75
6.94
9.65
0.53
8.37
6.68
5.28
6.06
12.2
12.66
-0.76
9.52
13.06
8.7
11.66
10.04
1.98
7.41
6.77
9.09
8.46
7.68
5
-1.72
6.75
4.75
11.09
9.59
3.86
8.88
14.58
15.57
15.62
15.75
7.58
4.67
8
3.32
1.28
-0.92
2.36
1.94
4.44
10.36
11.98
13.96
6.61
9.8
15.57
17
15.76
12.39
11.5
12.49
10.54
10.43
10.92
9.19
8.66
10.19
7.71
3.18
3.16
-16.38
9.16
10.24
10.9
13.19
15.84
14.7
13.25
12.75
13.31
15
14.25
7.4
1.05
7.23
9.98
9.23
-2.06
14.02
11.5
14.16
14
9.02
10.04
3.27
11.41
14.48
12.77
9.73
10.11
0.69
-14.08
8.17
13.66
13.41
7.99
8.77
8.07
6.85
10.94
11.17
11.83
7.03
9.37
10.5
9.65
8.87
3.58
-0.95
4.88
8
2.24
-2.48
1.49
11.99
16
12.23
3.39
5.47
7.99
6.3
15.06
12.82
8.04
11.2
12.92
12.19
17.21
17.16
13.31
11.12
10.32
6.43
14.69
15.87
18.28
17.87
16.84
17.65
17.51
17.15
15.37
10.19
4.68
3.31
-10.03
5.08
10.52
1.87
6.39
2.85
3.11
9.53
12.07
11.7
6.36
1.16
9.36
12.41
12.23
9.13
11.22
11.18
10.11
4.21
4.84
7.49
6.05
13.26
13.77
4.31
2.95
6.47
8.86
7.34
4.88
8.65
8.68
7.75
10.11
12.52
14.12
8.53
14.28
14.09
-0.18
2.87
3.87
7.45
6.5
6.7
10.44
12.35
12.24
9.21
9.46
12.11
16.31
16.02
14.25
10.86
7.84
6.89
10.67
5.48
4.96
12.27
13.8
13.62
12.33
10.1
5.31
3.84
8.12
10.05
13.46
13.5
9.22
2.28
1.27
6.93
7.11
10
11.38
11.18
5.22
6.17
9.12
11.86
11.23
11.51
3.8
16.11
16.2
12.23
11.67
8.9
6.02
9.57
12.24
3.6
9.92
6.15
-7.52
-6.07
-8.93
0.8
-1.07
-5.33
-6.09
9.59
11.2
8.73
10.6
7.86
-0.72
10.61
12.27
11.82
10.36
3.05
2.93
5.03
10.63
7.75
5.19
3.08
6.53
11.76
8.27
2.77
10.89
10.08
4.24
9.09
15
14.94
7.2
-1.33
5.39
7.66
-7.34
14.56
18.57
15.61
14.88
10.61
6.91
13.3
13.21
2.96
9.41
13.22
10.57
6.89
-2.19
6.56
-0.69
2.27
1.62
-4.17
1.51
7.2
7.86
-13.15
4.38
7.91
11.94
11.98
7.91
0.09
3.02
-3.12
3.19
2.76
2.39
7.03
11.88
10.98
11.11
8.68
12.74
13.82
11.66
8.85
10.95
7.11
1.66
8.64
9.67
4.98
8.93
16.83
2.31
9.88
-15.24
15.51
21.75
23.59
18.17
8.43
19.14
25.04
24.52
17.21
12.06
20.45
21.49
17.09
17.97
19.42
21.75
25.7
23.36
10.54
16.72
22.17
23.59
22.05
19.35
10.97
2.92
15.57
17.27
20.8
18.47
14.36
23.12
17.42
20.74
28.08
26.26
5.28
11.18
13.82
15.18
-1.14
17.16
18.33
14.76
23.18
24.8
18.7
10.74
20.92
14.89
29.03
31.3
28.21
22.26
19.92
23.8
25.42
23.19
19.6
17.45
19.25
24.82
26.77
19.32
22.21
22.92
10.47
7.58
10.91
19.28
23.78
23.36
17.37
19.5
21.44
22.93
21.55
17.63
8.15
22.27
18.3
19.87
18
20.01
20.31
19.79
26.22
23.95
19.28
9.52
10.14
22.36
24.52
20.01
1.75
16.41
20.75
22.95
23.67
23.55
22.44
24.92
25.89
25.31
21.33
17.82
20.77
20.25
22.65
24.32
19.86
15.89
22.78
18.62
3.58
14.75
25.22
27.02
26.89
25.66
25.16
26.98
24.52
17.63
21.73
25.82
27.13
23.39
25.42
22.02
23.81
30.84
29.52
23.56
12.76
16.36
19.16
17.71
19.66
25.28
26.16
23.06
14.69
23.24
21.16
20.69
22.89
24.58
21.15
17.8
26.32
26.36
18.29
5.05
10.47
17.05
20.81
21.2
20.38
21.15
23.78
25.77
24.86
16.62
16.9
23.89
24.26
21.55
14.56
13.13
20.8
22.48
20.1
23.63
17.48
17.91
26.7
27.71
23.5
20.01
21.66
-0.95
19.07
18.07
22.44
25.15
28.72
27.13
25.49
23.51
22.71
21.06
18.02
18.59
17.89
19.48
15.36
14.59
19.47
22.82
25.05
18.68
2.83
12.86
13.62
13.84
13.61
17.8
10.74
17.05
10.89
26.04
27.86
26.12
21.27
20.02
21.3
22.71
14.54
17.05
21.38
22.07
22.48
15.99
18.8
23.48
10.97
25.79
27.51
19.73
-3.74
14.92
17.51
15.74
1.65
19.98
22.27
19.87
13.35
4.19
13.08
14
18.83
21.75
18.43
16.54
22.78
24.29
20.79
9.04
17.81
25.21
26.96
28.78
27.91
23.39
21.17
24.84
29.22
29.08
22.89
15.6
20.51
17.42
11.14
19.96
20.57
17.77
20.35
23.1
19.59
20.33
18.16
14.17
15.76
17.77
18.75
11.9
16.3
17.09
17.66
14.5
11.61
14.54
11.14
11
8.45
15.41
18.56
16.08
0.13
15.41
18.68
12.34
21.66
26
24.02
21.13
16.99
10.67
8.38
3.33
-0.6
9.97
14.85
21.9
24.14
19.64
16.96
18.44
17.32
16.4
15.71
14.3
16.77
11.6
14.36
22.39
21.66
15.16
-5.16
15.31
15.39
18.69
19.48
19.3
17.97
6.54
8.82
16.45
16.95
14.79
16.79
15.19
9.01
7.89
11.64
16.16
13.76
15.29
17.48
17.46
8.64
17.55
22.38
23.36
22.86
19
11.97
19.34
15.99
18.72
16.98
11.5
-6.01
13.73
15.84
13.55
9.05
6.66
15.57
16.14
20.34
20.43
15.13
8.41
9.18
11.2
17.7
20.43
17.34
-7.31
9.6
7.59
3.83
4.23
10.71
11
0.99
5.69
3.58
5.89
4.77
13.43
9.38
5.04
6.88
8.06
9.61
-2.89
11.49
14.42
14.99
13.71
10.63
14.47
18.61
12.08
11.17
12.47
16.79
19.21
4.53
15.65
15.25
12.96
15.75
13.61
17.65
18.49
13.73
12.35
8.81
16.97
24.73
23.14
22.34
20.58
15.62
19.31
20.94
13.77
16.78
22.94
22.81
19.1
14.86
17.17
21.9
23.37
21.49
16.51
18.28
13.37
15.53
10.9
16.5
18.92
19.64
20.32
13.94
15.26
16.82
8.39
16.04
19.99
14.06
23.01
27.07
24.29
21.46
24.48
26.23
23.81
21.89
17.79
22.75
24.11
21.72
13.79
-9.04
15.32
19.28
15.64
16.05
7.4
2.87
11.7
15.11
22.78
25.29
25.32
24.57
23.35
20.58
21.86
21.59
17.51
26.37
26.72
18.44
17.95
22.85
21.84
20.2
23.94
22.16
20.76
21.13
15.28
21.83
24.06
21.46
22.97
24.51
13.41
23.39
27.07
25.82
26.2
23.78
5.57
15.36
26.16
28.88
27.82
25.37
23.23
17.88
3.99
15.48
19.16
19.49
21.63
24.33
25.21
25.67
26.77
26.78
23.81
17.71
15.54
15.8
14.14
21.74
19.46
18.1
22.27
22.56
15.1
11.8
23.5
27.4
24.41
10.63
19.57
18.71
14.94
11.93
16.05
21.65
21.42
19.07
17.78
21.11
23.15
21.32
11.36
8.25
12.65
17.15
12.86
14.25
19.34
12.09
13.54
13.6
22.23
19.71
5.51
6.72
-10
9.42
17.19
21.6
19.41
18.01
9.1
-0.78
15.27
18.65
13.12
24.05
26.17
25.96
23.61
22.11
24.85
22.7
22.55
23.09
19.89
17.33
18.12
18.47
23.32
22.63
20.01
16.89
16.29
21.63
21.1
19.56
19.97
18.81
16.18
23.27
24.18
16.64
13.42
14.77
-1.29
17.36
22
20.89
8.16
22.83
20.97
17.18
18.58
22.01
19.51
24.53
25.15
22.91
20.56
21.49
22.76
18.28
19.61
19.27
5.74
19.62
17.81
13.45
19.88
15.5
23.4
13.6
18.17
16.66
18.74
20.51
15.02
22.4
26.25
22.44
18.55
26.4
28.02
26.31
17.5
23.23
26.4
20.62
5.21
20.23
24.76
27.69
26.28
16.49
18.8
18.27
12.13
16.18
25.22
25.2
12.86
22.38
23.09
17.7
15.63
19.08
16.15
13.96
21.64
24.29
22.65
10.9
17.93
22.92
24.99
23.69
20.13
19.62
21.37
14.71
21.33
26.64
23.74
18.7
15.48
14.86
18.56
19.83
21.2
21.14
21.48
22.93
16.04
18.98
20.43
9.26
19.91
24.36
23.2
18.96
20.14
21.83
21.53
21.16
17.42
8.21
2.98
12.24
19.71
27.96
27.99
20.79
11.33
11.46
19.79
19.52
16.96
18.77
17.17
19.38
22.11
23.93
24.57
20.55
14.82
15.3
23.1
19.34
10.54
17.63
16.9
15.57
18.07
20.44
22.13
17.58
12.76
11.72
17.4
12.97
12.21
9.22
19.45
23.51
19.77
7.66
1.19
15.18
16.76
11.82
15.4
17.88
16.45
18.62
19.83
17.47
21.95
17.97
12.29
17.29
11.5
14.14
14.41
16.93
20.25
13.68
15.77
21.66
20.31
17.75
21.18
19.89
8.6
-0.02
14.25
12.7
16.92
21.46
21.73
20.33
15.97
6.41
15.53
15.02
6.26
4.64
13.11
18.41
20.22
19.73
18.79
17.78
16.21
17.43
15.01
14.19
19.64
19.11
17.76
24.02
20.43
22.85
22.16
18.24
13.09
17.62
24.2
27.32
27.07
20.72
12.98
13.63
18.96
22.66
26.73
23.84
19.27
20.67
24.29
25.71
20.46
12.93
17.51
17.72
22.52
25
24.53
21.67
23.52
16.06
19.01
10.32
17.5
21.75
22.36
17.08
21.4
23.25
21.87
16.88
17.39
13.73
15.37
14.78
22.3
25.1
23.02
17.18
23.12
23
16.55
12.02
19.6
20.33
9.73
14.83
18.03
18.11
24.75
24.64
22.16
10.35
14.51
18.16
25.38
16.43
24.29
23.02
20.2
22.99
25.69
26.41
22.98
14.41
-3.21
13.34
10.78
23.09
27.59
25.57
21.02
8.57
14.86
14.07
19.62
20.31
15.76
5.95
16.03
21.8
22.86
25.39
27.14
24.71
20.83
18.51
21.37
25.25
23.77
18.92
24.84
27.45
27.01
26.44
21.69
15.59
22.11
26.62
26.03
25.62
27.87
27.65
22.08
16.23
20.34
24.48
23.43
9.95
22.98
23.71
23.69
26.93
27.71
27
25.86
25.14
23.53
19.67
15.72
14.37
23.18
27.51
28.61
23.56
19.92
20.33
13.19
17.31
20.81
16.01
21.99
19.39
16.57
23.4
14.75
19.58
27.01
26.71
18.45
9.45
3.05
20.28
31.03
34.14
29.21
20.75
26.2
26.79
22.75
16.32
12.13
20.51
22.65
22.44
20.3
12.62
15.95
20.66
16.48
8.92
20.68
19.29
16.81
21.14
21.22
18.42
33.78
43.31
43.67
35.27
22.46
21.68
23.29
22.24
13.9
20.6
22
22.76
22
18.2
-10.05
9.32
15.21
15.75
12.63
13.52
23.12
24.18
22.77
18.3
11.54
1.88
16.39
22.58
33
43.93
45.17
36.89
21.38
25.56
27.57
22.68
8.39
17.97
20.98
11.01
19.69
25.57
24.41
21.32
24.24
28.13
26.14
21.85
20.15
25.75
28.07
30.93
26.14
16.93
21.76
25.56
28.24
29.29
26.27
17.12
18.46
25.53
25.69
20.9
11.67
7.74
14.64
21.4
21.8
17.73
17.68
20.11
21.42
23.13
23.72
24.75
24.47
23.1
20.71
14.79
14.36
32.36
42.14
42.17
29.19
28.29
27.05
22.61
22.68
23.51
21.82
24.39
27.94
34.53
38.05
34.52
24.23
15.17
20.35
23.97
24.1
21.6
17.68
17.63
19.47
22.43
23.69
21.53
20.11
21.26
22.54
32.8
41.84
40.59
29.61
25.56
27.88
24.87
18.5
24.3
13.81
23.29
26.38
26.73
28.09
27.36
23.05
24.1
28.02
24.98
16.12
18.61
19.42
20.89
19.99
3.72
22.28
20.07
23.03
22.75
19.68
21.14
10.94
11.17
13.69
18.3
22.71
24.95
24.26
18.49
5.29
-4.52
16.56
19.3
21.41
23.35
24.8
24.02
21.38
22.04
16.46
23.02
40.7
46.31
43.1
28.51
16.94
18.39
22.32
15.8
23.7
26.85
21.52
19.98
26.54
27.2
22.63
17.87
21.94
23.9
21.77
21.97
22.22
17.35
16.28
22.2
20.27
23.09
25.22
24.45
21.38
22.13
21.89
13.54
18
19.83
9.72
28.23
32.22
28.91
21.97
12.05
13.78
19.56
24.59
25.42
19.92
26.09
31.18
26.32
15.53
11.51
17.34
21.2
18.07
20.59
25.06
22.98
13.85
20.01
24.9
17.68
16.82
27.12
11.37
20.96
17.54
19.33
24.31
12.07
19.28
17.59
15.82
22.62
24.78
36.05
42.12
39.5
26.2
18.86
23.12
27.06
20.33
25.16
27.45
33.29
34.25
27.71
18.24
21.7
27.6
29.73
31.12
35.68
40.51
40.21
30.78
23.77
27.89
28.57
17.97
24.02
24.71
20.86
26.29
32.86
35.37
30.28
12.46
15.95
20.77
28.87
26.72
20.57
21.27
27.17
29.97
29.41
27.95
26.09
22.17
22.57
27.98
30.08
24.83
16.66
18.68
21.52
28.6
29.56
24.88
23.95
26.56
25.53
23.33
14.08
18.35
19.69
23.8
27.1
26.16
17.81
21.25
29.52
33.75
34.1
28.24
17.62
18.17
28.6
25.72
22.57
21.87
35.25
46.47
48.09
40.26
23.67
27.33
29.13
20.47
23.56
40.52
48.83
48.73
38.59
22.66
23.7
14.99
22.02
26.42
16.5
20.09
20.73
18.15
17.97
25.05
28.88
25.28
23.28
26.58
27.05
29.13
27.74
26.84
26.71
23.84
29.44
35.59
35.11
32.21
31.18
28.81
29.79
31.14
22.78
27.89
22.62
16.92
24.69
26.48
24.97
21.56
10.52
8.36
24.48
15.63
24.24
25.15
27.98
24.54
17.4
25.76
26.43
16.71
24.94
22.33
27.15
31.99
31.36
24.74
20.55
19.09
19.57
24.84
14.03
28
25.49
18.7
21.01
24.66
23.82
26.63
30.63
26.9
19.95
21.01
28.95
23.44
19.73
14.82
15.7
20.06
23.18
19.08
19.78
24.11
17.71
24.76
23.3
20.63
19.99
22.1
28.16
29.53
29.62
28.7
21.92
24.71
29.15
27.44
27.4
26.44
27.52
27.39
30.45
28.78
25.08
14.11
25.25
28.68
24.01
30.75
27.88
19.08
6.4
23.83
28.23
26.47
23.86
18.6
20.85
19.04
14.35
25.8
29.71
27.61
20.97
21.06
29.35
28.56
22.56
20.82
19
19.99
9.1
22.85
24.44
29.99
26.92
25.77
19.49
17.64
21.85
22.44
24.79
25.21
30.25
31.86
26.6
19.54
17.87
23.19
21.61
26.8
27.65
25.22
4.64
18.72
20.79
18.13
21.49
23.72
21.47
20.69
23.81
28.15
23.15
20.61
20.16
22.26
23.19
24.73
23.95
25.49
21.21
22.5
23.93
25.81
26.21
26.66
21.55
22.74
26.51
22.57
25
25.11
5.59
13.42
8.66
19.22
25.28
23.84
9.66
24.07
26.1
24.16
19.47
22.46
21.69
20.9
18.72
25.87
26.91
27.23
27.59
23.83
26.3
25.52
18.93
16.43
20.63
21.7
22.63
10.63
21
21.71
27.69
27.99
24.95
18.3
23.36
29.12
31.85
29.9
25.89
25.44
22.82
8.67
15.19
22.45
24.24
22.62
18.69
13.03
13.72
7.15
13.57
17.18
22.77
22.31
9.73
12.31
21.14
20.75
21.75
18.05
16.74
20.64
13.02
12.87
23.86
24.88
18.82
15.33
16.29
23.74
22.38
22.92
22.39
21.03
14.68
15.55
14.98
20.03
23.63
22.98
13.93
20.6
23.22
24.88
18.19
-4.95
11.22
16.06
15.31
22.87
25.05
22.09
13.67
17.62
13.31
21.39
1.95
24.44
22.68
-7.66
6.68
18
23.72
25.17
22.37
19.46
18.63
19.63
21.56
19.34
17.4
24.42
25.17
21.08
14
6.63
26.95
21.54
24.81
23.93
26.5
32.5
31.33
29.32
26.91
21.75
21.05
24.85
28.48
28.27
26.1
29.36
28.96
21.18
20.24
20.89
14.01
25.16
29.34
23
29.2
25.01
23.58
27.92
21.34
30.52
29.64
29.82
30.18
25.59
24.16
28.67
26.28
26.86
30.52
30.79
31.53
31.33
27.71
27.82
23.13
19.67
29.9
28.38
20.86
18.95
18.81
27.45
22.57
26.71
27.73
26.64
26.39
25.22
13.82
31.13
29.45
27.44
31.36
31.53
33.24
31.68
28.38
30.86
31.85
30.93
32.82
29.38
24.95
30.05
30.95
23.84
13.26
18.63
23.68
27.14
23.51
25.41
23.71
28.18
25.17
20.79
28.28
30.59
28.77
25.31
23.25
24.71
26.58
31.9
34.24
33.32
30.42
29.9
29.07
26.15
30.43
31.66
28.72
30.75
31.06
29.18
29.42
29.5
26.79
18.58
29.59
29.59
28.47
24.79
18.72
22.42
22.41
21.19
19.51
23.45
27.13
20.3
21.2
29.12
31.8
32.21
30.3
29.43
25.71
21.33
22.93
23.74
28.43
28.9
31.63
31.86
28.69
28.71
27.09
24.08
17.64
22.32
20.88
21.05
25.4
26.85
26.49
23.02
17.66
25.71
31.15
31.6
28.41
23.75
25.92
21.72
23.5
28.2
26.8
26.42
27.6
30.01
30.3
29.86
27.84
28.02
27.6
29.84
26.72
16.29
18.52
19.52
16.34
17.71
17.61
13.61
18.24
20.26
21.4
21.32
1.55
18.51
25.03
22.36
20.94
22.96
21.4
23.06
26.71
27.13
27.82
30.62
26.63
8.99
20.02
16.81
15.44
17.85
9.56
4.04
18.1
24.9
26.35
22.43
11.91
19.98
20.62
19.29
20.1
12.78
14.71
21.39
21.41
23.88
27.53
28.55
28.11
27.63
26.3
24.01
26.98
25.71
8.95
22.96
23.15
24.61
27.68
25.49
20.44
16.93
21.12
19.26
24.03
23
18.91
24.2
25.5
14.14
15.48
13.85
21.38
19.09
19.31
22.16
24.47
25.51
24.86
22.31
22.94
24.38
14.5
16.73
15.54
12.76
9.88
19.38
20.86
16.97
21.91
22.83
20.6
9.58
14.72
17.5
24.71
28.22
26.71
24.08
20.91
18.71
17.27
2.99
17.17
20.9
14.55
13.42
20.77
24.28
25.38
24.67
22.6
21.37
12.05
16.65
14.35
15.01
22.95
24.04
24.73
21.62
10.77
10.82
16.9
20.02
20.27
14.03
8.56
18.98
21.87
20.66
21.97
18.3
18.26
18.14
13.66
14.57
20.08
20.93
17.62
21.2
23.24
21.88
17.85
15.45
22.71
17.19
13.75
21.79
22.18
17.46
17.94
22.99
26.45
25.64
19.69
5.58
13.01
19.36
21.85
23.01
19.95
19.62
23.33
23.89
21.18
8.26
21.22
20.14
17.85
19.57
20.61
21.13
19.19
15.87
13.3
24.98
28.19
25.55
21.03
10.42
15.35
17.56
5.95
11.68
17.36
16.39
11.39
15.32
13.85
21.36
24.22
19.37
20.36
24.32
19.34
19.55
24.86
20.53
21.69
17.92
15.75
19.94
21.08
27.11
28.4
26.16
23.06
19.06
9.47
10.39
9.74
8.45
18.02
21.82
23.11
22.71
22.19
21.83
17.41
13.9
9.93
13.8
17.64
13.24
11.51
10.69
6.37
15.26
13.73
12.25
22.6
18.94
14.79
15.87
13.32
15.87
23.49
26.58
25.77
16.66
19.53
24.16
15.38
17.14
22.83
20.54
3.27
11.72
23.87
27.36
25.46
16.58
18.42
21.27
22.5
19.08
17.21
18.05
11.37
12.73
22.36
22.79
17.49
18.9
22.18
19.48
13.83
16.4
18.82
11.57
10.06
18.88
20.53
11.25
9.09
20.55
25.04
27.43
26.83
22.86
15.99
16.43
13.75
11.4
1.37
21.44
21.04
18.6
18.93
10.85
5.05
21.07
27.53
24.57
15.09
20.67
5.21
16.24
10.95
9.5
15.39
22.67
26.15
29.6
30.74
26.39
13.63
17.18
18.7
19.06
13.52
12.78
18.61
24.34
27.12
21.06
20.08
20.43
18.33
17.27
19.1
20.61
17.95
16.02
22.84
25.31
22.89
28.56
29.64
27.28
23.51
14.51
5.83
12.3
19.41
23.29
24.69
25.9
24.97
23.04
19.73
12.53
-1.54
10.44
15.82
3.22
18.83
14.71
23.23
23.08
19.75
19.79
23.13
24.33
22.26
22.87
23.4
24.15
28.13
25.39
18.82
19.24
17.02
12.8
11.66
24.73
24.33
9.23
19.32
12.92
23.07
23.14
23.94
27.14
26.9
27.07
35.3
31.62
13.01
26.3
23.04
16.16
24.14
21.16
14.7
13.24
13.69
13.87
18.23
20.48
24.41
25.47
23.94
23.2
19.16
15.98
5.58
16.71
14.72
18.71
20.64
17.95
15.67
17.67
20.37
23.94
25.65
22.98
7.34
19.4
13.19
12.09
13.74
20.58
19.16
6.97
16.25
19.47
19.77
22.56
20.81
20.19
18.49
14.48
20.04
20.75
19.1
16.28
12.8
17.55
20.83
25.01
23.62
19.87
21.23
24.16
24.6
15.75
20.74
25.65
24.46
21.38
22.3
24.41
20.45
12.94
18.36
16.92
19.91
24
24.14
18.79
23.17
21.51
22.93
22.66
23.65
23.26
20.81
23.57
20.12
10.8
18.21
23.17
25.02
23.55
21.49
19.98
18.09
0.3
22.19
22.74
12.52
20.36
21.89
23.98
23.61
21.41
19.47
8.79
16.53
16.11
14.71
21.11
22.3
19.66
18.75
21.03
20.27
16.17
17.2
22.66
25.21
22.8
21.75
10.17
20.01
18.77
18.89
23.66
24.83
23.33
20.3
14.98
12.58
8.91
-1.71
18.99
20.39
21.88
24.37
21.59
17.39
20.8
22.52
13.07
16.85
21.02
20.85
14.01
14.17
19.91
19.09
14.1
13.6
17.29
17.24
17.35
17.1
18.8
20.56
19.19
13.17
14.92
18.64
16.07
9.96
9.79
18.71
21.94
22.64
22.89
19.61
19.14
25
26.1
20.56
19.83
17.29
19.8
17.47
10.51
13.67
15.85
21.19
22.62
22.66
20.5
17.72
15.36
15.56
23.83
25.05
18.41
12.64
20.03
22.94
17.91
10.32
16.87
12.07
14.44
18.07
15.73
10.58
-2.03
8.25
10.09
8.26
2.98
4.31
-8.09
16.14
17.38
16.27
18.35
22.29
21.81
16.96
14.38
20.67
21.39
20.89
18.51
5.16
11.93
16.08
20.09
13.9
14.19
15.53
13.62
15.8
21.89
23.67
18.16
-1.98
6.27
8.11
17.35
19.57
22.7
23.94
19.72
15.85
20.7
19.48
12.71
19.2
9.88
16.35
20.45
19.6
8.61
21.67
22.63
13.81
19.14
15.1
17.86
18.47
18.19
18.25
15.82
9.35
17.94
13.45
6.02
6.91
8.18
13.5
15.95
13.82
8.23
-8.91
12.31
17.84
13.03
2.79
-0.48
1.41
12.21
7.38
7.45
-0.98
8.09
14.36
4.44
-10.81
13.65
17.15
5.5
15.34
16.65
13.45
12.59
18.74
19.79
15.01
7.78
16.53
15.45
9.17
19.58
20.83
15.64
8.63
17.57
20.26
17.37
16.45
10.7
9.43
13.36
6.79
15.9
16.34
17
19.93
21.01
20.83
21.31
19.69
15.02
11.42
13.16
17.46
9.53
20.65
18.93
7.58
15.89
17.95
17.8
14.95
13.41
-3.72
15.39
15.83
16.66
15.72
16.34
16.38
18.14
19.99
18.83
15.02
16.19
20.58
17.41
13.08
17.28
18.14
19.8
21.11
19.05
14.62
16.47
19.18
20.06
18.88
18.86
18.07
14.95
15.83
20.42
14.99
3.13
11.97
8.16
2.66
9.94
18.35
18.25
12.26
14.55
15.97
11.92
5.99
12.38
14.09
5.36
16.17
17.24
18.39
20.52
19.28
17.93
11.14
12.08
11.07
6.12
11.64
1.12
14.24
14.16
8.26
4.66
9.68
10.17
12.57
10.27
4.97
10.36
16.6
18.64
18.02
16.04
10.27
-5.29
7.31
8.06
3.87
13.06
18.95
19.79
20.69
19.14
11.43
14.49
19.15
18.15
14.11
8.4
9.62
14.61
17.24
17.38
19.78
20.67
19.76
18.47
14.72
14.7
15.05
19.12
16.59
17.2
20.41
18.93
17.86
21.63
22.15
15.58
21.04
21.14
14.31
11.98
19.05
15.63
7.79
17.79
20.15
16.71
9.87
18.96
18.73
3.55
21.83
22.26
8.31
17.26
16.76
11.94
6.46
15.37
16.26
16.31
17.17
15.04
17.54
18.63
16.14
15.23
16.88
10.44
10.55
16.77
21.08
22.04
14.93
14.68
13.22
13.84
16.82
17
10.66
3.27
17
18.56
13.99
15.49
15.19
7.76
13.78
20.21
18.66
14.97
16.24
19.28
18.94
15.96
9.94
11.21
17.36
21.33
20.37
14.68
17.52
22.26
22.92
19.48
14.23
-1.79
8.2
11.21
17.61
21.04
21.4
20.59
19.63
17.36
10.3
17.83
18.34
13.48
13.85
14.65
12.42
16.91
19.97
17.81
1.77
17.28
20.79
23.78
21.81
17.72
22.33
23.91
21.67
13.09
16.08
15.09
9.63
14.49
13.75
9.16
14.17
-4.76
7.38
-3.26
13.86
19.6
11.04
12.04
11.11
1.73
8.25
14.84
14.41
16.52
18.57
21.06
19.16
1.59
17.19
14.89
15.09
15.97
14.97
14.33
15.47
18.29
22.56
21.73
22.22
23.17
19.3
10.37
11.24
20.59
19.8
9.72
15.47
18.45
19.51
21.6
22.08
16.25
3.39
7.52
10.78
14.07
16.33
17.05
15.31
18.18
20.6
18.28
17.71
19.59
16.34
5.19
20.89
23.78
20.39
16.05
15.37
17
19.28
17.44
15.62
14
-5.18
11.09
14.47
9.39
18.14
16.59
10.91
16.45
20.41
18.04
11.42
13.72
18.66
18.29
17.5
18.52
16.43
14.43
14.21
11.4
11.73
4.76
8.28
9.85
9.33
11.16
3.7
5.54
5.89
6.09
11.27
19.3
21.39
18.6
14.44
13.64
17.55
19.1
13.21
16.39
9.26
10.23
-2.97
17.33
20.08
18.82
26.44
25.59
20.22
15.34
13.66
17.44
23.81
20.73
11.93
19.74
13.81
12.87
17.34
17.04
20.15
19.17
10.91
20.19
21.43
21.49
20.66
21.65
20.09
17.79
14.11
13.01
10.37
9.79
8.39
8.15
18.5
18.88
12.68
-0.78
15.34
11.81
4.3
10.15
-3.37
14.93
17.66
10.26
17.71
18.8
18.05
16.32
13.97
19.96
21.75
20.07
15.83
11.24
14.64
14.91
14.65
14.74
20.03
20.47
18.83
17.77
11.46
9.49
19.22
17.87
19.89
19.9
9.93
18.18
18.98
17.81
20.84
22.43
19.61
17.47
20.66
19.98
10.35
10.26
11.98
9.24
4.28
9.73
10.08
18.9
17.86
13.24
15
12.6
15.34
17.89
15.56
16.68
10.6
-0.61
12.68
7.85
9.13
11.57
15.32
8.61
12.18
18.86
20.39
20.12
22.35
21.87
14.68
14.44
13.57
9.05
8.9
-28.17
7.4
11.01
17.5
19.62
19.2
13.15
9.78
19
20.19
18.59
13.76
15.64
8.65
11.96
0.09
12.48
12.21
13.68
18.22
17.52
9.72
12.65
11.53
14.48
19.63
16.49
5.8
11.25
11.74
18.22
16.09
5.17
4.5
13.03
19.03
17.4
14.31
16.04
20.4
21.35
21.55
21.21
18.88
16.21
16.47
17.94
17.64
18.23
20.24
19
15.24
14.13
16.5
22.6
23.73
13.56
16.06
17.29
12.86
7.17
18.89
20.44
14.88
15.19
16.76
10.46
18.92
18.67
2.38
15.65
21.15
24.02
24.88
22.73
20.05
16.21
12.71
14.8
14.84
7.43
14.3
17.39
13.04
15.68
18.39
18.18
20.66
19.72
15.2
15.7
20.71
21.5
22.48
20.33
15.76
15.33
5.91
2.35
11.07
16.17
22.19
20.26
14.46
20.48
22.49
17.78
18.42
23.7
22.72
19.2
19.94
21.29
21.81
22.79
19.27
19.6
24.27
23.22
20.42
20.34
15.3
12.95
15.83
17.55
19.2
18.73
18.14
16.34
5.29
22.35
25.31
23.7
20.85
15.22
12.23
16.51
19.87
19.62
16.67
14.08
10.31
6.02
19.78
19.43
14.15
17.53
19.68
13.99
14.09
16.18
14.48
2.81
17.9
20.69
19.63
15.33
13.4
16.99
14.03
13.22
13.46
13
15.86
16.79
15.89
-0.97
14.07
17.45
15.93
6.85
8.63
19.55
23.36
21.01
10.36
17.42
19.06
18.5
2.59
13.04
17.6
22.54
24.86
25.13
23.07
16.43
7.47
16.11
18.12
14.66
2.49
16.62
21.26
21.34
13.82
17.05
22.91
20.49
2.99
14.12
14.19
-12.58
8.43
12.18
12.32
17.2
16.48
10.36
4.04
4.88
7.89
0
18.15
20.08
14.87
8.72
13.07
8.92
12.3
9.54
17.64
15.4
15.6
19.24
18.64
11.82
7.75
11.9
12
11.34
13.82
15.67
5.92
4.49
1.89
12.6
9.95
6.85
19.49
22.65
20.6
13.03
20.57
22.03
11.69
16.93
19.9
17.03
3.28
0.11
9.43
10.7
13.07
12.88
12.3
14.32
12.63
5.8
6.96
15.82
17.17
15.48
5.59
12.69
18.63
18.28
14.05
11.61
9.25
16.73
11.53
16.2
19.61
21.6
21.54
18.13
12.95
10.5
1.48
7.9
9.58
12.59
14.52
6.79
13.13
13.65
14.41
13.28
6.63
3.84
-0.51
2.88
10.62
18.45
21.07
21.49
19.55
12.29
14.27
18.84
17.24
12.9
16.08
11.51
3.91
4.3
11.81
17.83
17.95
17.04
5.49
19.3
18.61
15.43
15.53
15.66
14.89
7.32
-2.09
11.35
16.22
15.31
12.49
15.74
9.75
10.89
16.32
15.46
21.41
20.45
11.49
10.33
16.86
15.46
18.55
18.82
17.02
18.94
18.04
15.15
15.11
9.39
0.26
8.52
10.94
14.81
15.08
14.58
14.88
8.03
11.79
14.6
13.1
16.17
20.44
21.34
15.53
9.75
17.43
17.44
15.22
12.86
18.54
18.36
12.03
10.26
-28
11.91
14.9
12.84
15.13
13.29
14.63
13.79
11.6
8.83
18.52
17.52
8.73
17.4
21.51
17.75
11.1
2.3
6.02
13.35
12.45
2.1
11.21
10.43
2.8
17.23
18.87
17.33
17.48
13.57
15.64
17.14
14.45
8.89
6.27
14.53
17.83
18.22
19.34
19.51
19.35
20.66
19.23
10.41
9.96
16.51
17.7
12.78
1.99
2.39
11.01
7.57
1.62
14.31
20.93
19.96
12.64
15.28
18.56
21.39
20.43
11.14
11.8
16.29
17.95
14.63
7.74
4.56
9.34
13.9
17.27
16.92
15.5
15.58
18.44
18.53
14.53
1.45
10.1
9.32
3.94
9.91
13.92
9.48
6.47
14.66
16.02
15.92
15.51
14.41
4.67
12.24
15.37
15.07
19.68
18.42
14.48
16.62
21.75
21.84
17
4.01
7.54
13.04
17.61
15.59
10.79
19.33
19.57
14.66
5.01
20.63
19.17
-0.29
11.96
15.01
12.74
9.46
16.1
13.48
10.59
9.52
12.51
17.39
18.23
16.64
13.65
10.92
12.92
12.18
17.09
21.59
20.96
15.56
19.68
20.19
17.89
12.89
9.01
14.92
13.73
12.35
11.09
9.79
4.73
6.85
6.69
4.89
15.15
17.16
18.34
15.96
13.49
13.58
15.42
16.46
9.89
14.67
17.86
16.17
12.24
10.25
14.89
9.69
11.24
12.53
9.23
6.5
14.28
17.18
18.61
14.18
8.51
16
16.79
14.77
14.57
19.15
19.91
9.99
11.36
13.89
19.06
19.58
18.66
15.34
12.99
14.33
16.38
16.24
15
12.37
11.17
16.18
17.75
5.14
12.85
14.79
9.9
7.52
14.37
10.46
4.28
14.9
13.6
1.15
8.29
-0.77
11.36
6.82
7.38
12.71
8.77
14.22
16.75
13.39
6.68
6.59
4.64
9.13
11.58
12.28
7.55
5.21
11.82
12.66
11.43
11.02
5.09
15.09
17.41
14.97
7.35
-1.44
11.9
12.3
3.67
8.82
12.66
10.91
15.76
17.62
14.91
13.67
15.21
16.73
16.49
12.6
11.06
10.37
2.08
0.88
13.56
14.38
7.87
9.84
13.27
13.35
11.52
8.64
12.38
16.15
20.47
20.59
19.15
13.27
13.53
10.64
10.89
10.23
14.27
15.91
16.96
14.61
7.62
3.54
10.64
6.23
4.36
15.05
19.28
16.25
7.81
11.84
10.62
10.25
7.18
10.11
13.15
16.07
19.64
18.75
16.38
10.33
1.97
12.56
12.09
8.91
5.62
12.49
14.89
7.97
9.36
13.07
6.36
8.68
7.64
0.7
12.21
14.08
8.59
9.85
15.85
18.4
17.11
10.81
13.63
14.01
10.97
4.51
-6.05
-4.15
11.55
5.33
7.87
5.52
9.65
14.9
14.62
14.31
19.3
18.66
10.54
5.76
5.88
4.6
11.37
-1.85
11.28
10.07
1.99
9.37
11.3
5.78
10.4
16.72
17.6
7.42
-3.07
13.69
14.79
11.13
12.93
6.29
8.09
10.76
5.16
6.06
14.28
18.43
18.95
17.89
17.67
18.29
16.52
10.78
10.7
12.5
-4.08
7.74
14.5
17.92
18.36
19
15.66
11.61
8.73
-7.24
13.45
13.33
7.6
13.03
6.08
2.8
8.58
13.83
10.39
-6.32
8.03
13.02
11.83
11.95
17.17
12.35
4.48
3.54
6.69
10.27
15.66
15.12
11.93
9.79
16.19
18.48
19.32
21.73
21.24
15.49
7.07
8.65
9.82
14.09
11.65
12.51
13.07
9.04
7.05
9.23
13
15.73
17.25
13.33
6.38
11.93
10.89
3.06
0.32
5.77
11.25
13.45
13.93
7.04
-0.43
9.09
13.14
13.14
15.49
17.33
13
9.71
13.92
9.46
7.29
7.54
7.68
13.73
10.45
11.73
15.36
18.18
17.08
10
0.89
11.54
5.57
-4.62
3.36
9.11
10.78
5.63
9.37
16.47
15.31
4.12
10.32
13.9
16.7
19.3
17.16
5.97
15.63
18.86
16.54
17.3
12.6
5.61
7.43
14.36
13.93
13.29
10.72
14.81
16.61
14.24
8.84
7.83
13.96
15.44
15.39
14.49
15.31
16.74
17.83
12.19
12.33
17.88
17.98
18.04
15.38
1.62
9.38
6.64
13.82
15.24
13.73
16.26
15.18
10.05
13.05
18.2
17.97
14.75
12.02
12.8
15.6
12.24
8.94
16.2
17.45
15.35
12.01
4.14
4.38
3.13
12.53
12.14
15.75
19.1
16.23
11.26
14.02
13.24
-2.75
9.27
7.7
9.1
10.09
14.08
18.52
21.84
20.98
8.39
15.82
12.35
3.34
9.27
11.05
8.54
7
19.12
21.9
19.44
12.3
12.16
16.35
10.84
9.03
6.68
-1.84
5.17
8.29
7.14
16.62
22.13
22.43
21.09
19.9
19.19
15.99
16.19
18.52
20.5
17.79
15.24
13.12
10.4
1.3
9.39
10.88
6.63
7.84
10.77
10.78
15.98
15.82
12.61
10.89
5.58
11.33
13.91
12.73
8.55
5.18
6.03
11.97
11.59
4.74
19.07
20.28
16.57
13.81
1.78
11.37
10.76
15.91
16.93
11.35
14.04
12.84
13.02
16.8
14.76
-7.03
15.9
14.98
6.13
14.14
13.58
13.22
15.73
15.96
14.05
-0.96
16.49
16.74
12.16
12.12
12.01
12.71
11.39
9.74
15.07
9.58
4.89
9.6
14.87
17.71
20.45
20.27
12.51
9.68
13.29
11.12
12.71
12.04
15.21
17
13.59
13.77
18.11
17.84
15.04
10.63
15.61
16.41
13.39
16.93
17.91
16.43
18.52
17.54
15.84
12.57
12.47
11.92
-1.23
14.3
18.95
17.85
15.94
13.5
10.41
7.38
13.29
13.79
9.3
10.55
12.59
12.32
11.2
11.66
15.92
15.63
11.71
8.87
7.93
16.5
18.85
17.71
16.37
9.56
6.87
12.79
15.53
16.96
18.14
18.02
16.72
11.14
10.7
18.93
18.01
13.68
9.84
7.65
15.14
13.62
11.58
11.33
12.81
16.8
20.17
19.1
15.81
14.41
7.62
8.85
6.93
5.14
10.33
11.66
12.83
16.34
12.78
0.84
11.88
10.43
9.33
8.43
2.09
11.11
12.55
6.11
12.57
14.9
15.81
8.54
12.51
17.79
16.58
16.27
13.54
8.32
10.24
4.51
13.71
15.7
13.39
6.61
10.84
6.14
-3.35
13.35
16.63
14.03
6.35
0.97
2.27
6.29
14.3
15.27
14.48
7.07
8.85
6.89
6.77
9.03
-0.83
5.68
6.04
7.93
16.72
19.58
16.18
11.99
13.44
12.34
14.14
14.93
6.54
12.16
15.32
9.82
8.23
-11.42
12.65
11.29
9.45
18
17.39
16.35
16.87
10.17
9.17
14.68
13.02
16.41
19.39
16.22
11.1
16.79
18.38
17.78
10.41
1.82
3.62
4.58
9.09
10.09
6.17
7.71
9.08
9.73
9.64
-2.48
10.43
8.5
-4.25
7.57
13.82
10.46
10.05
2.84
14.96
14.68
12.37
15.1
20.95
18.96
9.38
1.85
2.77
5.82
5.05
6.61
12.49
12.2
3.37
5.47
9.57
15.44
10.25
12.06
14.26
-5.26
14.54
16.65
16.54
15.57
14.18
15.23
16.24
17.94
16.86
0.35
13.91
15.92
13.83
2.79
6.95
-11.39
11.31
5.92
9.26
9.55
2.16
1.87
-10.05
7.46
14.73
17.09
18.72
12.24
11.25
15.47
14.94
13.18
11.33
14.22
11.99
10.51
2.73
7.12
11.78
9.14
0.07
10.5
13.42
7.15
3.01
8.12
13.59
8.46
10.54
13.53
4.45
6.37
13.82
16.08
12.51
12.6
17.42
16.02
11.47
9.31
9.74
6.21
8.73
12.75
10.96
15.69
16.76
14.85
2.97
15.54
19.51
17.86
12.2
9.96
9.47
-11.39
6.95
1.28
12.48
15.97
16.32
9.01
8.31
11.77
2.22
1.34
9.09
12.4
16.56
14.69
13.22
18.44
17.42
9.1
15.3
20.22
16.83
12.93
13.73
7.42
10.24
15.41
17.01
8.47
7.48
2.22
3.93
13.97
13.94
1.1
7.64
-0.49
-8.03
8.78
13.92
8.96
13.54
11.25
10.48
3.73
10.92
10.58
12.57
18.78
17.95
16.4
10.63
10.18
18.32
18.4
10.72
14.86
16.21
11.53
6.15
16.45
14.39
7.37
2.31
4.56
6.56
11.84
15.5
7.45
14.1
17.96
12.1
10.99
19.03
17.7
10
5.35
13.27
8.84
10.47
12.54
6.67
6.09
9.47
8.64
12.65
17.11
11.64
10.14
17.2
16.61
14.19
14.94
4.53
17.44
19.21
12.97
6.5
12.85
11.76
16.97
17.46
14.48
7.03
11.56
18.33
14.61
7.49
12.9
7.76
12
14.13
10.91
5.73
5.11
7.55
8.25
6.41
12.14
11.49
11.9
15.11
14.52
8.04
9.01
16.42
17.6
15.33
6.56
3.57
9.73
15.18
14.14
10.31
16.86
16.53
-5.89
11.26
12.48
14.33
7.22
9.19
10.09
9.02
-1.17
11.16
12.31
9.24
6.24
5.47
16.02
18.97
19.58
18.26
11.62
0.18
6.27
15.09
14.4
11.1
-6.15
9.52
14.03
16.22
15.74
10.36
3.12
4.78
6.93
13.84
14.42
13.3
-0.83
3.29
4.9
-1.87
-1.72
3.91
1.47
8.29
-0.21
1.24
8.58
10.63
8.25
-6.77
11.69
13.71
8.88
7.46
10.23
8.6
5.86
0.04
4.39
0.23
11.28
19.22
20.62
16.9
8.45
9.04
11.83
-4.02
10.57
11.01
4.59
6.11
8.7
0
0.38
8.12
5.57
-1.82
6.83
8.09
6.04
13.28
11.86
-0.84
9.52
14.78
12.1
10.4
11.95
13.11
12.6
3.92
14.9
18.72
16.31
18
20.18
17.78
8.62
14.45
13.13
12.74
12.29
4.37
3.97
4.18
10.82
7.99
13.42
14.81
13.6
8.76
6.13
9.92
0.65
5.66
10.73
17.59
13.59
6.63
14.76
14.09
13.23
9.17
-1.02
4.52
7.4
13.76
12.85
16.37
15.99
9.24
5.2
7.26
15.42
13.59
5.63
8.78
12.39
15.26
18.47
15.3
15.44
17.63
17.06
17.51
17.69
15.26
3.28
10.01
15.9
14.68
19.26
18.57
13.82
3.2
14.29
12.01
6.76
12.86
10.68
10.8
10.62
1.37
1.1
5.62
8.34
-6.85
11.17
6.88
9.69
7.74
8.98
12.3
13.25
12.75
6.96
2.51
4.77
8.84
15.86
15.98
15.95
14.03
14.38
15.23
10.54
10.57
17.91
16.73
11.22
8.55
7.45
8.83
7.7
8.93
11.43
12.91
7.63
12.01
16.01
16.32
15.43
14.44
15.11
15.29
13.42
11.03
0.62
8.99
11.91
11.39
9.31
7.1
12.87
10.62
13.21
15.77
12.92
11.35
10.5
9.47
13.93
12.66
12.72
5.53
4.54
11.19
17.07
17.09
14.12
13.71
9.86
-0.28
7.38
16.39
18.67
15.01
12.1
16.07
15.24
9.44
15.25
15.07
0.07
11.83
4.41
9.32
11.88
13.97
17.75
16.66
-1.83
13.37
15.72
13.19
11.19
0.87
10.73
11.77
8.36
8.65
10.53
7.91
13.32
16.11
10.38
10.94
10.76
13.83
16.87
12.5
8.54
12.3
11.78
0.9
0.31
-4.18
3.61
10.44
8.88
9.44
9.75
7.4
7.1
10.91
14.83
18.23
14.85
10.2
13.56
9.75
16.25
17.18
11.37
-5.97
4.8
-5.22
-13.54
7.84
15.69
16.45
9.45
12.4
12.81
8.04
13.12
14.78
16.64
14.05
9.19
14.08
16.72
17.89
15.17
7.2
-2.89
-3.49
7.12
14.61
14.48
9.61
12.68
13.44
18.31
19.7
14.96
11.67
15.23
18.01
16.79
7.24
14.99
15.88
10.17
9.81
0.38
7.38
7.38
5.4
11.21
9.25
4.79
5.69
-0.5
-3.82
11.18
16.71
16.61
11.21
5.4
8.56
12.3
12.57
10.87
14.97
13.81
-11.63
7.72
9.19
4.33
7.53
5.75
11.52
12.88
10.5
10.89
10.56
10.92
9.58
0.31
3.83
10.32
15.79
15.06
13.43
13.9
15.43
16.85
12.59
6.05
12.18
13.28
5.18
-1.13
6.91
13.32
16.66
16.14
15.62
18.31
18.43
15.28
7.76
10.04
11.56
12.65
8.55
6.05
12.42
16.97
14.7
8.63
7.73
6.27
4.05
9.58
-4.87
8.77
5.88
0.28
-4.22
7.61
11.43
5.6
0.3
-14.76
7.56
0.15
13.76
16.5
16.86
15.55
8.54
-0.95
8.48
4.73
-7.46
1.03
4.29
7.77
14.52
10.64
4.58
14.36
15.71
14.06
14.33
12.69
9.79
13.85
14.26
14.16
13.39
3.75
-3.79
3.47
8.88
3.22
1.05
4.57
8.15
8.35
2.05
5.88
8.77
13.77
12.17
-3.58
10.89
15.35
16.78
14.36
6.44
-1.34
12.19
8.96
9.48
14.32
13.88
8.42
9.58
7.57
10.71
15.25
15.11
10.46
5.36
4.56
11.22
8.74
6.45
0.97
7.5
8.46
12.11
11.64
7.19
11.6
6.15
-1.49
4.18
-2.92
10.49
11.12
10.56
13.81
9.61
4.68
9.72
12.43
11.24
-2.63
10.41
11.73
0.28
-1.81
12.32
14.39
13.06
14.38
14.16
7.03
6.89
12.68
11.37
-3.08
12.29
16.76
15.92
6.81
9.55
10.9
14.68
17.08
16.44
12.59
15.53
17.94
15.34
13.86
14.63
12.93
16.31
17.25
15.76
13.26
-0.55
13.25
16.71
14.4
7.63
4.8
14.4
11.92
6.93
16.16
15.52
17.91
19.82
17.68
14.21
13.12
15.89
18.62
13.12
2.23
7.71
10.03
9.01
12.22
14.82
13.22
12.72
9.31
10.06
12.48
11.05
14.47
13.2
2.13
7.39
12.16
14.58
15.35
15.85
16.45
15.27
12.31
9.66
9.03
8.75
15.87
17.32
14.25
12.2
8.85
9.65
10.28
12.14
13.18
2.71
12.31
16.66
16.86
16.62
14.2
10.42
13.65
15.18
14.35
13.11
12.66
14.17
13.99
11.43
9.5
7.82
12.47
12.45
13.91
17.77
17.98
17.74
17.57
13.67
-2.89
-1.18
4.66
15.29
17.02
12.67
10.01
17.89
15.32
13.99
14.17
9.87
-2.03
8.2
3.69
3.47
13.34
12.65
-1.08
7.06
-1.8
9.29
3.96
9.54
10.98
12.52
14.51
16.4
14.64
14.32
7.94
14.89
16.95
10.89
9.99
14.14
15.07
20.35
19.06
8.5
11.91
15.83
18.2
17.83
15.12
14.2
12.28
12.75
14.53
15.25
10.05
10.87
7.94
7.18
11.81
13.89
6.54
9.12
10.7
10.91
14.75
16.83
9.7
9.06
10.46
4.39
15.62
15.58
12.34
16.73
17.44
12.09
0.31
9.05
8.57
9.94
9.47
4.87
12.32
13.6
13.7
15.62
12.08
-1.9
7.24
11.48
4.9
7.05
11.47
3.25
13.51
17.41
10.47
6.58
10.62
10.07
8.22
10.09
7.88
14.97
12.92
12
12.64
8.18
13.07
16.83
16.72
12.19
11.68
14.53
10.29
7.47
5.84
5.83
2.31
8.76
10.92
4.53
2.76
2.83
13.93
13.34
7.85
7.45
10.24
5.11
4.66
-0.63
9.45
10.08
5.92
7.92
3.11
-11.06
9.4
9.65
15.32
17.84
14.59
-5.48
10.48
7.58
13.97
16.14
17.35
17.59
15.47
15.56
14.02
7.63
14.64
17.75
16.87
12.31
2.31
9.06
-13.1
10.39
9.55
10.21
14.58
6.18
8.31
3.12
6.19
13.69
17.09
19.21
21.05
18.98
14.64
15.23
10.34
8.51
1.79
3.8
-4.1
4.06
9.05
13.13
7.81
5.22
7.72
14.14
10.85
7.95
-2.84
11.53
11.17
14.56
18.15
14.15
7.46
8.42
3.18
14.11
14.98
10.01
9.82
12.71
10.79
10.18
12.18
9.49
7.08
9.01
7.37
10.78
9.72
11.96
12.1
12.98
15.91
12.49
-7.18
7.75
11.01
17.88
21.19
18.47
10.74
3.15
-0.65
2.7
12.7
10.74
10.78
8.23
13.95
16.61
