6.86
10.35
6
7.21
13.83
16.7
13.58
2.38
11.02
10.32
6.09
-0.06
2.6
5.6
5.16
6.47
8.66
6.44
13.15
14.55
11.25
7.16
4.13
6.23
3.72
0.55
-2.25
-7.33
-5.73
-3.65
-3.45
-1.13
1.15
6.07
3.01
7.88
9.32
-14.18
8.07
10.51
5.6
6.06
11.63
6
5.01
12.54
14.58
13.87
8.93
6.13
9.77
9.98
9.93
10.76
11.64
10.34
12.7
14.26
13.39
7.02
7.13
13.51
12.26
7.01
9.59
10.37
10.07
9.21
6.33
-1.08
5.13
5.85
11.58
3.26
4.84
9.45
8.47
7.85
6.23
3.93
-2.01
6.47
3.89
9.34
6.79
11.87
17.39
12.15
-3.2
10.59
14.3
11.81
9.03
12.22
11.22
10.53
10.57
6.46
2.08
5.18
5.54
-3.04
-1.98
4.33
6.13
6.61
11.56
13.14
9.32
12.2
13.6
11.68
16.83
19.91
14.63
0.55
5.8
7.16
7.58
11.01
11.63
5.8
-3.32
-1.69
4.28
-7.19
4.93
6.95
6.95
4.81
2.72
10.76
9.54
5.17
0.59
9.98
11.38
8.76
13.56
13.94
12.89
11.51
7.96
7.32
7.02
11.88
16.53
14.69
8.45
9.35
10.33
2.74
9.96
12.97
9.94
11.36
11
2.72
7.88
10.89
11.84
15.11
13.71
-2.01
10
12.64
10.08
9.52
10.28
16.95
17.56
14.9
9.36
6.41
4.25
-5.73
12.35
16.59
12.81
4.04
3.41
9.84
12.74
13.01
8.67
-9.88
9.49
14.22
12.26
10.2
8.39
12.59
14.79
12.38
12.77
14.93
15.79
12.44
8.12
4.96
9.34
16.58
16.22
14.14
15.81
14.16
6.1
2.94
7.88
0.19
2.88
2.03
1.31
6.64
-1.86
8.05
9.1
15.47
17.2
13.89
11.15
11.75
13.89
16.32
12.11
1.08
7.23
11.18
12.09
12.45
14.88
16.39
14.08
12.15
9.87
4.79
8.01
4.92
10.35
13.53
12.57
11.71
8.6
1.95
10.68
13.19
11.3
10.23
-14.03
10.01
11.92
12.16
10.22
13.43
15.19
11.32
10.72
13.14
11.53
3.29
3.66
8.53
8.86
9.75
2.17
3.61
1.44
0.47
7.67
11.53
6.12
9.34
9.51
7.77
3.44
1.25
10.04
11.85
8.36
11.19
14.76
13.63
7.32
-1.09
7.84
10.76
14.23
15.91
10.14
3.66
6.17
7.05
9.96
14.29
14.27
10.9
10.01
8.42
7.46
6.44
7.96
7.03
1.43
10.63
9.74
4.64
10.14
11.63
8.39
9.59
16.05
13.84
5.48
4.91
14.98
12.93
-3.55
-0.96
6.6
11.76
7.19
-0.02
4.01
7.69
7.91
8.8
9.63
0.55
6.03
2.76
-5.05
-0.53
11.83
14.72
13.14
9.3
10.54
10.48
6.04
-0.29
-10.78
7.67
12.13
11.56
11.06
9.84
6.26
3.88
7.6
7.01
5.44
4.47
9.46
13.51
15.05
15.26
11.58
3.02
9.82
8.99
-2.48
11.81
11.23
1.09
9.6
5.3
7.87
8.48
1.24
4.16
4.81
6.18
7.4
4.59
7.78
4.31
5.39
7.22
6.92
-2.12
-4.68
11.32
14.48
7.72
5.19
6.99
11.96
12.12
5.16
-3.55
10.69
15.43
13.16
10.46
12.97
14.68
13.26
9.75
5
4.96
4.86
9.64
12.04
1.85
0.15
7.36
12.39
14.45
13.88
11.46
14.69
11.48
8.38
8.39
7.21
7.81
6.2
13.83
12.71
0.3
0.27
-1.56
11.34
12.95
6.56
-6.76
-0.73
9.07
11.43
10.82
4.74
4.29
1.88
0.38
10.95
12.84
2.95
-6.63
7.33
6.71
7.12
12.8
5.9
6.28
12.87
11.17
6.91
2.56
10.98
14.68
15.42
12.67
12.33
10.01
7.09
13.95
14.52
14.46
14.98
14.5
9.68
4.6
13.2
9.84
4.93
7.33
7.89
10.06
7.5
11.44
15.72
13.62
7.87
1.44
-7.63
10.65
11.87
8.6
11.51
5.09
5.47
3.96
10
-1.67
7.64
3.96
7.89
17.66
20.4
17.42
13.5
10.6
12.2
16.13
13.4
-1.58
2.57
2.67
1.94
6.92
5.43
9.49
11.49
6.14
-6.96
6.91
10
10.83
11.29
6.73
6.92
9.19
11.29
14.66
10.43
9.85
14.7
10.26
7.43
3.95
11.8
14.83
13.12
5.52
2.12
10.6
16.19
16.04
7.52
-9.73
-3.7
7.02
11.56
8.92
7.69
12.2
10.76
-4.22
8.15
7.24
1.91
13.22
11.73
4.09
12.21
-8.47
8.83
6.1
-4.22
2.96
6.17
-5.4
3.09
6.76
9.3
10.03
8.25
10.91
6.67
10.88
14.47
13.19
8.12
0.4
4.69
6.89
5.99
6.43
6.28
7.6
8.38
8.12
4.5
6.6
9.8
9.9
8.8
5.5
9.54
13.58
14.09
10.35
2.27
2.82
11.26
13.66
9.12
7.86
-10.84
6.23
7.34
13.91
13.86
-3.59
6.27
6
7.91
11.91
15.47
12.73
12.82
8.32
11.67
11.66
11.35
10.79
7.87
7.52
6.34
-4.76
-0.6
8.34
8.11
10.02
13.98
13.51
3.08
-10.99
-8.06
8.59
13.03
11.98
7.55
2.82
3.03
9.57
9.81
-0.95
1.1
8.96
8.93
1.64
0.78
9.94
12.79
12.53
10.05
0.22
8.9
14.66
16.3
12.71
-2.58
9.41
2.65
6.68
11.96
10.04
2.38
1.89
9.45
6.51
4.21
7.95
2.08
10.15
13.87
-10.84
14.83
14.95
6.98
3.41
9.96
6.91
9.87
12.37
4.46
11.85
11.67
11.04
8.76
0.89
4.06
15.46
16.83
12.49
-3.03
10.18
14.85
15.55
13.58
-5.69
9.43
10.04
14.47
11.13
8.05
13.3
12.77
12.64
12.79
13.11
17.05
14.96
8.99
4.39
-8.18
10.22
16.77
16.2
13.62
9.84
-0.49
6.87
5.36
2.28
11.13
15.43
12.9
12.89
13.5
17.2
19.39
16.3
10.39
11.3
10.44
6.11
11.96
4.43
5.95
-14.59
7.36
4.37
6.37
-1.11
11.49
13.75
1.74
7.15
13.01
7.28
9.93
12.11
11.56
3.83
5.42
-4.82
7.34
6.61
10.15
15.24
13.85
10.79
12.83
14.76
6.98
11.42
13.77
11.62
14.57
9.41
0.01
-3.35
9.88
9.97
9.46
4.89
3.93
13.17
12.61
10.11
11.02
6.92
2.52
11.07
9.72
4.6
-10.55
2.29
10.5
12.51
12.31
12.33
8.09
-4.16
2.4
10.13
8.85
9.18
9.96
2.46
10.74
9.64
-11.46
-11.5
1.88
4.4
4.05
4.81
11.25
10.56
14.23
16.19
15.23
10.75
2.1
6.59
14.53
14.39
10.84
20.31
25.54
23.99
18.92
8.37
17.76
16.89
18.36
18.8
13.51
10.6
19.26
23.62
21.64
20.92
23.2
22.14
14.79
16.34
21.84
12.95
22.77
25.17
22.78
25.23
26.53
24.17
18.41
-4.98
16.66
23.31
22.48
17.28
21.07
23.47
23.79
14.15
26.11
31.4
29.3
19
16.5
21.54
20.58
18.27
16.04
-9.41
17.44
16.81
21.81
20.21
18.06
17.66
19.89
27.48
27.1
26.77
23.59
18.67
17.4
16.64
11.53
18.49
19.63
18.37
14.16
12.49
20.36
21.99
14
17.93
20.53
22.7
19.44
19.39
23.74
20.59
19.08
21.48
21.93
26.69
25.35
18.36
19.89
17.65
15.59
19.92
16.63
10.9
23.91
28.07
21.93
16.99
13.37
23.89
30.49
30.72
29.2
25.51
16.72
13.86
23.07
26.01
21.66
7.59
14.65
11.4
17.68
10.99
17.94
21.57
16.52
13.35
14.01
15.4
19.69
15.08
17
22.64
27.8
28.06
22.18
26.53
25.23
17.41
17.8
16.02
22.62
22.94
20.92
19.22
18.14
22.75
19.16
22.13
29.4
26.28
18.16
19.32
16.9
13.63
6.86
13.82
21.54
19.56
16.76
22.37
25.91
25.45
19.48
21.12
23.98
23.75
18.34
20.07
22.28
17.08
10.31
14.44
24.11
20.51
23.88
22.56
16.58
18.46
19.07
19.29
20.12
23.16
25.17
16.29
26.51
27.04
14.21
14.2
19.04
26.2
28.18
21.89
16.49
20.25
27.13
28.11
26.13
17.11
14.32
10.38
24.21
29.46
25.65
22.34
27.47
25.55
19.21
15.35
20.32
23.17
20.62
7.05
15.37
12.93
27.66
26.1
18.19
26.52
27.14
28.39
24.05
12.62
17.03
24.37
26.28
21.82
15.56
18.21
18.36
18.9
17.09
13.31
11.03
10.78
7.99
9.94
11.6
14.15
11.42
15.24
17.49
21.84
23.59
24
26.02
22.08
16.68
23.26
18.05
14.51
15.31
19.89
22.01
18.54
18.12
23.39
22.87
20.47
23.4
24.4
23.65
23.58
23.12
25.38
26.98
21.51
12.98
10.26
12.75
16.83
19.46
20.64
20.86
22.69
25.43
25.99
23.7
20.8
22.8
21.52
10.09
9.14
12.69
6.17
6.46
9.02
14.66
20.54
21.88
18.87
16.12
18.58
13.07
16.97
18.11
6.62
16.98
25.43
25.68
14.54
14.35
16.04
15.79
21.66
22.75
16.07
10.77
12.84
20.29
20.66
12.29
18.67
9.56
24.04
26.05
21.6
16.82
17.98
14.2
-1.35
14.96
17.47
17.22
13.61
13.95
15.27
19.04
26.6
25.81
18.76
13.98
15.63
12.35
8.53
4.6
13.11
16.59
16.43
12.38
4.71
10.71
16.45
16.19
17.5
11.78
-5.11
12.02
18.15
18.15
13.61
12.87
-0.41
-3.74
13.93
14.2
17.98
20.06
14.38
0.5
11.32
18.7
16.66
17.67
16.85
13.84
19.14
22.87
21.32
15.5
9.68
6.77
7.63
13.73
13.93
7.97
9
13.73
15.76
4.91
14.95
16.94
16.27
14.71
14.23
12.44
4.75
3.98
6.24
11.41
11.2
15.04
12.99
-5.11
5.96
3.24
8.83
15.07
16.99
16.22
11.58
12.26
13.42
4.2
9.44
8.3
9.89
9.6
7.98
11.11
4.74
1.61
7.8
10.55
12.74
14.46
13.88
20.07
20.08
18.3
16.49
16.51
2.15
20.73
24.54
22.6
15.05
8.15
13.42
15.86
12.5
12.5
2.95
20.13
23.01
21.92
23
22.35
20.06
19.7
22.13
22.01
15.43
5.47
15.78
20.24
18.48
11.92
20.14
23.69
18.28
17.07
23.88
21.82
5.56
16.84
22.3
25.26
24.84
19.07
17.75
22.79
20.76
18.79
22.72
25.26
26.67
25.56
17.84
21.88
19.63
17.01
18.25
22.57
22.05
22.58
25.01
25.35
20.39
4.74
14.12
6.71
18.11
21.1
13.82
13.25
20.46
22.11
15.22
21.75
24.97
22.81
23.95
20.08
24.6
27.91
24.69
11.99
14.36
15.63
5.11
14.91
19.83
21.55
20.93
17.81
20
20.54
19.31
19.56
20.25
16.78
18.98
20.6
17.9
17.98
20.02
23.86
22.64
20.47
22.46
14.68
12.57
17.8
15.89
17.63
20.11
14.44
21.47
17.11
21.02
18.45
12.45
14.87
19.19
20
19.28
17.39
22.31
20.2
20.1
16.42
16.95
11.42
17.5
19.92
16.87
15.62
21.49
23.59
23.18
19.27
18.57
18.6
18.91
17.13
20.89
21.98
25.15
24.86
20.81
15.73
18.37
20.78
18.52
16.92
13.51
-1.16
17.03
21.17
24.14
25.06
12.33
21.93
25.73
26.48
24.05
23.53
22.02
18.35
7.37
23.9
26.7
25.02
20.29
1.18
24.27
29.57
27.67
19.62
8.97
16.37
18.27
26.45
24.42
16.64
15.06
23.49
21.68
20.93
24.46
22.75
24.03
25.16
19.7
15.58
19.12
18.8
10.63
15.84
21.42
16.27
10.88
12.59
17.75
25.22
25.54
23.08
19.14
16.71
14.84
-1.41
17.26
21.43
17.74
20.53
18.56
6.38
14.96
19.56
24.72
26.9
20.36
13.27
20.86
17.14
22.68
27.12
26.12
25.44
22.99
16.38
15.22
23.28
21.01
15.61
12.64
18.94
16.31
18.91
23.61
22.25
17.66
18.69
21.08
21.05
18.8
10.59
19.24
23.51
25.28
19.68
15.83
22.74
15.93
16.99
19.03
8.28
17.37
22.16
22.19
20.35
19.57
12.5
13.33
12.26
23.34
24.57
22.16
18.72
18.36
21.47
23.31
22.83
20.26
24.93
23.34
16.12
16.53
16.45
-2.34
18.14
20.86
21.76
18.92
18.44
21.91
20.84
19.73
20.83
21.1
21.29
23.59
22.97
20.34
19.03
16.68
3.25
17.51
20.3
23.15
22.29
20.97
8.33
17.48
16.65
7.06
14.99
11.51
13.83
16.54
5.28
5.66
19.26
19.31
15.01
18.22
19.97
18.84
12.57
14.07
19.19
18.06
15.18
5.61
7.93
14.25
14.29
6.14
18.25
19.67
17.98
16.34
16.85
10.98
15.07
14.29
15.71
21.71
21.28
16.36
15.43
16.56
16.58
4.48
14.75
23.14
23.71
18.77
10.15
0.53
1.95
-4.55
8.47
9.75
2.45
7.85
12.04
8.28
9.29
15.73
14.68
13.54
19.01
18.15
16.91
20.75
25.06
24.36
18.68
11.79
16.11
22.2
24.35
23.97
22.69
21.48
5.93
17.17
22.16
25.83
25.5
20.14
15.8
16.71
17.47
18.89
20.97
18.5
12.08
10
19.03
18.67
6.17
18.36
21.41
18.86
8.74
4.66
7.06
14.65
19.51
12.92
-1.57
24.99
24.3
24.04
22
19.05
19.26
21.86
19.38
19.55
23.03
24
16.04
20.28
26.84
28.45
24.69
20.05
20.87
21.46
24.03
25.25
16.72
24.07
26.66
16.66
20.77
19.72
22.63
20.26
18.74
9.95
7.93
15.68
13.36
21.82
20.88
9.21
12.88
3.18
20.72
19.12
12.13
-0.24
14.99
11.29
20.31
23.39
21
21.69
19.22
13.64
7.63
4.39
14.02
11.37
20.3
23.22
21.65
21.72
13.87
23.3
25.65
24.11
21.35
22.56
20.87
16.26
23.75
24.24
22.01
21.07
20.58
20.53
24.05
26.42
23.24
20.4
23.02
22.79
15.67
15.09
21.35
18.89
22.24
25.88
27.7
26.51
21.48
22.57
26.7
26.49
22.85
25.41
21.89
9.76
22.03
23.24
22.17
27.65
30.52
30.55
29.09
27.44
24.65
21.72
14.72
15.36
20.39
27.27
27.82
21.76
21.78
19.73
15.35
20.47
22.18
24.98
24.33
23.56
23.98
23.08
17.26
4.42
14.73
21.95
23.89
21.74
14.56
19.14
24.73
20.83
19.82
22.67
29.85
29.98
22.57
18.53
24.11
27.18
25.16
20.73
20.34
26.8
30.33
25.81
23.78
29.14
29.21
24.16
24.84
25.28
18.06
33.53
34.16
26.09
22.22
26.24
26.87
16.72
17.66
19.75
21.23
25.79
24.42
19.7
18.02
22.56
27.67
28.55
23.37
21.48
24.39
18.33
17.3
24.9
28.2
24.89
32.82
44.21
45.22
37.33
24.08
17.05
20.74
26.8
28.7
31.03
31.66
26.81
23.13
28.03
25.26
17.91
14.58
20.41
23.05
17.5
21.39
18.84
18.03
20.97
13.6
16.39
18.71
22.6
23.52
37.36
45.13
44.13
32.88
9
11.37
20.1
20.82
22.45
22.93
13.87
26.47
24.79
18.85
23.94
28.75
27.88
26.17
26.36
22.45
18.49
22.07
23.9
27.82
20.99
27.9
26.26
19.56
17.9
14.7
19.76
24.47
26.24
27.71
27.01
26.29
25.88
18.31
24.71
29.92
27.33
20.79
20.21
12.75
23.39
24.49
25.71
22.04
19.82
21.21
19.27
21.97
34.85
43.4
43.51
35.19
24.41
22.29
16.55
16.52
12.44
18.96
22.05
27.42
34.13
34.57
28.85
21.3
17.26
8.15
14.28
-2.96
14.66
15.06
17.24
21.48
19.53
17.44
11.66
21.08
24.09
20.29
30.14
42.71
45.48
38.49
19.38
24.92
19.18
23.32
22.14
21.12
22.85
25.85
27.75
25.04
11.6
17.21
20.58
25.61
26.81
23.6
25.21
28.46
30.65
30.33
27.42
19.59
10.83
20.89
27.87
29.27
26.12
26.65
29.34
30.03
30.29
26.48
16.44
27.5
28.72
26.48
23.04
21.4
21.35
23.93
20.25
12.28
12.3
19.88
22.09
19.49
20.92
25.11
41.51
44.78
38.52
14.22
15.15
14.72
19.36
21.94
23.41
25.22
25.57
26.51
23
21.32
22
26.04
27.59
17.53
21.61
16.5
20.72
24.26
18.45
20.1
21.76
19.39
20.61
24.91
24.67
23.31
20.66
17.55
21.3
21.4
19.54
25.98
25.51
18.36
23.73
23.57
21.07
23.23
20.01
11.97
26.86
31.91
28.57
20.35
17.02
19.74
21.75
23.99
26.73
27.64
24.71
19.52
15.3
18.74
16.66
19.7
24.49
26.67
25.96
27.37
22.69
20.32
29.56
32.02
26.35
11.73
14.91
29.6
39.84
42.13
35.88
22.07
26.68
27.62
18.72
25.18
32.22
36.73
36.64
32.54
29.93
23.46
28.1
31.15
30.21
29.18
23.75
33.5
35.96
26.39
20.56
21.06
20.77
21.83
15.69
24.46
24.57
31.65
34.97
32.42
8.58
26.03
16.48
24.41
9.59
28.69
29.35
13.84
29.82
31.71
25.71
23.41
27.2
26.08
29.77
30.98
28.65
24.19
20.46
21.29
22.9
27.54
25.98
4.17
25.4
25.98
27.5
30.39
30.72
30.04
28.37
30.73
27.56
22.99
30.9
31.24
34.14
36.58
34.13
26.01
19.48
21.21
28.98
28.94
18.56
28.32
43.98
49.01
44.97
31.42
26.87
19.24
22.77
25.25
26.93
26
29.38
45.95
49.91
44.51
29.26
27.96
27.32
26.2
30.31
25.66
19.19
25.53
33.31
34.91
31.6
28.65
27.51
26.39
5.57
30.23
32.88
30.52
25.54
24.44
27.2
32.21
31.4
28.56
28.51
30.44
29.16
27.3
28.17
26.89
29.55
30.47
30.07
28.98
27.21
24.42
5.93
23.41
28.98
30.81
27.86
20.84
23.12
26.89
27.66
27.21
27.03
17.32
24.14
20.11
22.34
28.85
31.85
25.38
21.91
27.24
26.53
28.69
34.97
34.59
26.92
14.21
24.93
24.96
23.48
25.37
29.71
32.42
30.47
25.25
23.12
9.22
23
30.11
34.35
32.41
20.96
9.41
17.1
22.38
23.77
20.95
9.97
23.95
16.43
22.36
28.86
31.2
30.63
29.28
30.5
28.14
30.44
26.26
29.62
30.65
20.41
27.54
29.26
25.38
19.16
30.34
27.24
25.1
26.9
21.86
30.97
35.51
33.6
26.13
21.1
25.81
22.74
21.89
18.58
22.51
26.11
22.88
29.25
32.35
33.5
33.29
30.99
25.04
17.05
13.79
14.6
16.88
25.12
23.8
27.6
27.25
16.42
13.72
26.4
27.55
29.39
33.98
32.61
28.56
29.14
23.08
20.95
22.18
21.56
21.91
22.06
19.81
20.52
22.98
23.67
25.19
25.19
15.94
20.34
18.69
26.5
30.34
27.67
14.4
26.48
26.48
23.16
17.36
21.67
18.39
28.51
30.05
28.56
24.8
22.34
24.46
22.78
29.89
32.51
30.36
23.38
16.47
22.22
24.1
19.8
20.6
9.28
28.03
31.4
29.9
29.34
30.51
25.57
10.52
20.27
25.56
26.2
21.39
-0.7
21.26
27.06
28.12
21.83
18.24
27.01
27.47
13.56
24.94
26.63
23.76
14.02
15.32
23.12
21.73
23
21.62
20.87
25.76
25.03
23.8
19.22
25.7
25.13
21.35
26.01
25.03
22.88
19.85
20.51
14.53
26.06
21.88
10.68
21.9
27.31
20.79
21.32
25.53
21.59
17.94
23.36
25.95
27.23
28.14
23.25
18.48
23.8
22.74
23.26
23.06
15.92
23.68
25.83
26.36
27.45
24.85
9.9
28.62
30.54
24.15
19.42
17.38
9.61
13.16
18.46
20.51
19.91
17.48
14.99
11.32
11.36
17.24
14.85
17.49
23.78
23.24
14.37
17.56
11.92
22.91
23.47
23.8
22.13
11.69
20.98
19.9
21.68
24.76
24.26
19.13
14.53
20.47
21.33
19.49
22.97
24.32
21.85
20.49
10.82
19.39
29.85
25.16
19.82
19.7
24.88
19.59
22.93
31.03
32.65
33.1
30.73
17.4
16.21
20.01
19.07
15.75
16.53
28.64
29.95
23.07
-2.02
17.68
12.87
22.68
26.5
26.71
24.44
25.57
25.97
29.57
31.72
27.89
24.86
27.85
29.12
28.57
26.8
22.12
19.06
25.92
27.2
28.41
26.66
20.21
27.16
25.29
18.07
20.95
25.89
26.02
25.14
28.55
28.11
25.46
16.98
19.98
24.4
28.52
30.38
26.68
21.1
27.03
24.86
19.01
13.92
19.21
16.74
17.23
19.34
8.93
21.14
25.56
25.79
26.41
29.36
27.12
21.25
26.03
33.81
35.98
22.56
30.91
31.91
25
6.61
-1.39
20.76
23.94
20.68
14.32
23.49
25.66
25.38
24.72
28.94
27.17
27.01
29.99
26.57
14.44
12.84
13.57
22.64
24.27
27.12
28.28
28.69
27.68
25.35
17.64
21.19
20.54
21.45
17.65
20.08
21.24
11.47
21.25
22.77
17.97
17.06
28.12
29.47
28.38
26.18
22.27
7.8
18.51
23.15
25.31
29.56
32.41
29.12
19.87
20.62
23.84
21.1
20
18.64
10.33
22.53
24.53
16.83
18.84
21.36
21.52
18.56
26.78
27.7
22.94
24.2
25.19
23.73
16.01
25.48
29.55
28.24
27
22.67
19.79
20.42
19.66
26.06
26.2
19.45
-4.49
20.66
23.94
19.21
26.3
23.88
15.63
14.58
19.06
26.45
24.36
14.76
21.2
22.78
15.71
20.5
21.96
19.51
17.94
17.82
21.94
24.54
23.49
19.37
-7.85
25.71
25.68
15.94
21.8
21.34
22.78
16.53
21.82
19.4
16.89
20.79
22.23
21.46
27.56
27.23
22.59
23.97
21.8
16.44
21.69
18.2
16.19
21.21
3.14
4.62
22.05
20.13
15.21
18.82
19.95
21.02
12.04
7.88
19.22
26.17
29.04
27.19
22.04
20.25
22.47
20.84
19.83
24.52
26.07
20.23
13.87
8.42
19.44
24.61
21.04
21.03
17.21
10.3
14.19
11.82
16.57
19.22
19.19
16.56
20.43
21.23
21.29
19.51
18.58
22.8
20.65
25.78
26.21
15.5
8.08
4.96
13.16
20.45
17.63
20.2
23.23
22.34
20.17
20.61
12.54
15.8
20.6
24.37
25.67
24.22
20.63
18.73
17.08
16.05
15.06
24.03
24.36
20.36
13.95
14.31
20.56
21.24
20.59
21.61
20.51
19.22
19.34
7.75
19.04
25.2
25.24
20.22
8.13
10.47
16.26
21.05
21.47
20.8
22.33
14.48
15.16
20.65
20.37
19.81
18.21
18.33
20.34
19.19
11.56
17.43
24.7
21.2
12.59
20.19
21.96
22.12
17.58
21.16
21.19
13.2
11.23
17.52
11.89
17.08
19.79
16.13
16.35
18.62
16.07
16.03
19.76
20.65
17.83
13.89
13.93
16.42
2.29
16.88
16.03
5.75
20.84
23.95
22.92
19.98
16.69
16.29
18.1
18.59
16.27
18.82
17.82
14.78
15.42
-2.65
15.46
10.54
13.46
13.99
20.36
22.91
21.35
21.57
21.11
12.19
16.64
18.45
17.4
21.65
24.3
21.91
18.34
22.08
21.36
12.76
10.11
8.37
14.99
17.55
19.64
20.68
14.11
-5.02
1.83
5.92
13.8
9.99
13.74
15.12
5.17
7.7
8.1
16.41
20.36
18.19
16.71
16.38
19.49
24.81
29.09
27.78
17.61
11.29
17.38
21.46
18.71
13.93
12.58
7.19
4.04
16.6
20.53
24.39
20.76
13.01
17.24
21.07
22.85
22.73
22.76
20.44
13.2
23.79
21.51
18.27
14.49
13.46
7.87
9.48
15.58
14.96
7.01
11.09
9.54
6.96
8.68
5.52
12.58
10.64
24.98
27.98
24.57
24.17
22.7
17.21
21.59
23.31
21.27
18.55
13.5
18.44
15.8
14.35
20.28
23.5
22.71
21.69
14.66
17.86
20.55
16.31
18.49
20.42
18.38
14.33
15.36
11.47
8.87
11.16
18.67
16.16
3.16
17.87
22.81
22.14
11.76
11.15
13.44
16.24
22.2
24.77
25.28
25.85
22.14
15.97
20.32
18.12
12.23
7.76
16.93
14.96
9.55
16.66
17.26
15.92
22.6
20.2
19.48
19.31
21.26
18.86
18.47
10.58
11.91
14.28
25.16
27.08
25.24
24.17
18.22
13.29
22.18
19.91
20.71
15.75
9.93
3.63
19.56
19.12
18.01
12.66
11.29
17.86
22.96
22.38
18.19
5.93
21.37
20.82
18.97
23.71
24.69
20.11
17.74
23.32
24.22
25.76
28.33
28.06
25.48
22.79
32.84
36.85
31.05
21.67
25.08
18.11
9.53
8.57
12.62
18.83
17
14.46
14.54
10.05
15.74
16.47
17.73
17.83
1.29
15
20.17
19.95
14.7
19.9
20.49
22.18
20.93
14.81
2.26
17.06
13.4
19.24
24.88
25.16
22.84
17.59
11.37
13.33
17.33
13.84
4.87
13.85
15.44
16.74
16.17
17.37
21.26
24.35
24.69
20.73
15.98
21.25
24.4
20.23
15.39
21.04
21.86
22.57
23.89
19.9
14.36
21.44
20.87
26.3
27.47
24.16
20.5
11.23
7.15
14.2
18.77
19.18
19.55
18.19
10.4
16.23
20.85
22.55
15.88
11.47
18.31
21.25
22.38
21.75
20.01
17.15
11.74
22.51
23.47
15.46
14.03
7.7
13.24
9.45
16.39
15.65
21.74
23.47
23.23
21.03
18.84
15.98
18.62
24.71
23.8
17.62
13.11
6.34
11.36
20.63
22.73
23.22
23.32
18.9
6.39
13.34
25.12
27.34
23.11
16.34
15.7
22.55
24.48
22.64
15.74
15.55
18.26
22.5
20.3
18.16
16.54
3.98
15.39
23.05
23.82
19.58
16.69
18.75
18.84
21.47
21.58
16.83
11.91
18.98
19.91
18.21
2.74
19.32
21.48
19.33
19.12
8.09
20.66
22.06
2.86
20.49
16.26
21.09
23.7
22.11
22.2
23.66
24.3
24.86
21.7
17.67
23.99
22.83
18.44
17.14
19.29
19.93
18.2
16.8
10.43
14.81
12.02
14.03
15.53
11.82
11.05
19.49
13.37
12.6
18.03
21.09
22.79
23
18.86
16.49
15.12
9.57
19.14
15.7
11.78
17.55
18.62
22.14
22.91
22.08
23.51
23.72
23.71
24.29
21.82
16.22
10.87
15.23
19.45
15.97
4.24
11.17
11.59
18.4
22.18
22.74
20.56
22.11
25.15
24.86
20.99
8.7
16.63
19.96
20.77
22.06
18.74
9.56
14.31
10.01
14.62
5.93
12.2
16.79
12.69
18.54
19.3
14.38
17.01
13.9
18.27
19.85
21.46
20.07
10.45
18.83
21.93
19.51
20.73
19.81
17.76
14.91
8.34
12.55
15.61
16.45
18.47
20.46
16.6
11.78
9.05
5.24
11.85
11.72
5.96
12.42
17.75
18.95
16.93
17.6
13.08
15.08
17.97
14.71
-4.53
0.81
15.03
10.29
13.8
13.32
17.37
20.62
18.61
12.2
10.32
13.98
14.87
11.85
8.41
7.69
6.28
6.27
13.69
17.86
11.79
4.56
2.95
10.79
8.04
16.76
19.75
20.89
18.18
8.52
13.42
11.99
10.15
10.82
17.2
17.73
20.68
18.55
16.83
16.2
10.68
17.96
15.83
11.1
17.62
13.23
17.79
18
19.68
21.6
18.45
15.53
17.13
18.29
13.98
-0.14
10.16
18.73
18.37
9.94
12.7
11.05
10.36
14.84
15.28
11.35
12.43
12.23
4.45
12.71
8.76
5.95
9.77
12.43
11.23
18.26
18.85
15.75
13.99
10.82
10.79
13.67
16.72
16.31
11.67
14.14
15.77
13.17
8.4
10.32
1.86
-7.43
2.44
8.78
12.83
4.4
12.04
17.27
15.19
11.74
11.53
8.1
12.87
15.87
16.89
19.38
21.65
22.14
21.75
18.31
5.83
12.22
16.4
9.8
13.18
19.71
19.68
15.09
2.91
5.95
5.46
7.54
2.92
5.19
14.84
15.35
13.53
14.72
14.42
3.61
17.54
21.01
19.62
17.38
17.48
18.14
15.62
10
5.64
6.48
10.41
8.66
1.62
14.18
13.05
11.45
5.66
11.26
11.29
16.95
16.68
13.79
10.12
6
1.44
8.54
10.33
11.43
12.54
11.54
10
15.07
6
-27.09
4.2
5.12
4.93
11.98
15.11
18.26
17.49
13.88
4.64
16.31
17.77
18.2
20.35
10.21
-3.95
15.64
19.38
20.78
18.27
19.36
20.34
17.1
2.16
10.46
3.28
2.08
8.09
13.29
14.7
6.29
14.89
16.87
14.69
12.23
12
13.7
3.65
7.05
0.82
8.85
13.37
11.88
12.3
14.34
11.22
10.3
18.01
11.75
15.25
21.19
21.78
19.32
17.62
20.38
20
16.88
18.42
19.89
18.12
11.12
13.11
17.64
13.45
3.07
14.66
12.76
16.74
21.93
20.6
18.16
15.26
9.72
0.9
11.48
13.44
10.15
14.57
17.43
18.22
17.12
15.66
11.28
5.07
0.87
15.59
17.78
11.93
6.84
13.91
3.71
20.56
23.57
17.23
5.49
16.46
17.67
17.22
17.36
8.2
15.07
15.63
20.61
21.98
-2.45
24.21
24.76
15.6
8.49
14.56
15.55
8.1
9.76
-9.26
5.38
-2.06
9.42
0.54
-3.21
17.69
19.1
18.45
20.18
17.48
8.06
2.48
8.96
15.19
18.38
15.88
-3.17
12.5
14.25
16.95
13.91
13.96
18.55
17.84
18.18
20.24
16.81
-1.77
8.71
4.66
8.31
11.58
12.03
12.27
13.95
17.21
18.3
16.57
4.84
2.38
-0.65
9.25
18.03
20.76
19.23
12.96
6.15
14.02
14.78
14.1
13.86
15.55
13.61
6.58
12.49
16.52
9.8
7.36
17.39
18.78
9.85
-0.38
9.45
9.75
9.91
10.94
11.23
11.07
15.04
16.35
9.14
11.53
12.86
14.96
8.87
12.02
15.93
15.42
12.13
13.55
14.02
16.19
12.96
16.4
14.17
6.21
4.24
5.97
8.91
13.67
18.06
15.88
7.02
11.41
11.3
8.06
9.28
8.36
8.45
13.65
11.32
1.46
13.88
17.58
19.56
19.56
24.91
24.13
20.05
22.56
19.79
16.42
18.24
21.46
19.75
10.33
17.34
14.52
25.25
22.29
14.04
-3.88
12.67
8.85
14.53
24.34
26.82
20.12
11.1
12.13
12.7
18.89
18.99
16.81
12.84
13.91
16.98
21.56
20.07
17.56
22.19
9.09
18.97
20.51
17.06
12.98
15.54
22.7
21.44
14.89
7.55
14.04
13.37
5.96
17.85
20.79
20.61
18.91
20.31
16.85
21.71
20.52
16.34
19.2
20.67
12.76
14.3
7.17
11.1
20.34
19.39
19.03
17.34
10.04
9.91
18.36
19.9
18.63
10.97
10.87
18.52
17.38
4.64
3.91
8.73
13.74
18.48
21.49
17.82
22.1
19.97
14.94
14.03
15.16
0.07
17.54
12.15
14.4
10.02
8.05
12.05
17.01
19.4
20.51
13.27
16.64
22.1
19.26
17.46
19.94
23.24
20
12.9
17.33
12.81
20.4
24.23
18.09
13.45
14.48
16.32
10.5
12.57
12.78
10.15
7.62
6.88
8.85
17.47
19.95
15.77
14.13
22.7
21.18
14.47
-1.69
11.63
7.18
8.85
14.44
17.93
12.15
19.18
21.64
10.03
13.86
1.59
9.27
18.4
23.98
16.57
14.88
14.46
6.16
12.43
14.93
17.94
12.07
16.73
5.8
18.99
18.14
14.02
8.4
7.02
17.78
22.27
20.14
12.57
17.29
6.48
17.66
20.45
17.83
9.32
15.57
15.72
15.99
16.81
16.12
17.74
4.67
14.22
19.49
20.07
9.43
20.45
21.01
19.74
11.81
10.62
3.25
1.91
3.87
20.86
21.81
10.84
8.5
18.97
15.69
11.28
19.73
22.72
15.96
14.81
15.07
18.85
18.52
18.43
17.75
18.26
16.84
20.75
22.49
15.93
11.41
17.58
12.7
19.48
16.99
13.29
16.66
18.79
19.09
15.17
9.72
9.43
13.9
21.21
16.33
8.59
16.68
12.24
11.71
17.29
22.15
22.19
19.64
13.6
18.06
6.03
19.75
17.19
6.72
10.1
13.75
10.07
10.22
15.14
14.8
14.04
20.23
15.02
15.99
20.7
17.67
5.05
14.16
14.28
14.19
13.22
14.52
7.53
18.4
16.26
9.4
4.55
4.77
11.76
18.46
16.88
13.07
12.9
13.41
10.56
11.16
12.97
16.22
16.18
16.91
15.72
14.88
15.94
20.57
19.79
14.22
13.31
17.78
12.24
11.04
20.37
17.82
17.8
18.86
16.3
9.71
3.24
12.23
15.95
13.47
18.65
10.05
12
16.74
9.38
18.5
17.33
9.97
9.29
16.29
16.42
8.03
8.15
11.59
12.24
9.74
2.32
15.4
19.78
18.19
13.29
11.85
7.63
15.34
14.07
12.26
13.57
11.86
11.72
18.95
18.05
12.3
12.88
3.64
0.81
8.83
0.5
14.76
16.6
12.5
1.58
15.96
19.17
16.47
10.92
18.68
19.09
12.53
16.84
15.46
-6.83
10.11
10.06
8.89
14.79
18.35
21.64
19.43
8.77
16.45
16.96
15.04
19.39
20
13.61
6.77
9.62
9.22
6.26
6.17
12.65
-20.44
13.31
12.51
18.82
18.9
13.02
19.56
18.23
9.65
4.59
13.04
16.14
16.05
10.56
14.24
4.27
8.33
14.64
15.52
9.22
10.54
16.35
1.63
12.22
5.44
10.76
18.37
19.93
12.36
14.71
14.21
5.63
5.58
11.87
9.64
16.29
16.07
19.01
21.06
17.8
6.77
5.73
-1.24
12.63
14.09
10.92
8.24
9.48
12.05
14.31
15.11
14.1
2.58
4.02
15.88
20.33
19.2
17.45
12.44
11.59
17.84
13.91
10.16
8.33
10.66
11.07
7.86
8.53
6.49
-4.74
10.73
14.52
11.33
8.03
18.68
17.72
18.2
17.69
16.72
19.42
16.16
14.74
12.69
14.17
17.78
16.69
15.27
10.68
6.07
9.4
13.73
12.71
5.61
12.61
11.67
-0.02
3.66
12.23
17.34
15.72
15
15.53
3.97
5.46
9.94
9.54
15.92
12.2
12.79
13.71
6.59
11.7
13.11
14.81
15.79
16.75
15.45
11.19
7.37
10.27
13.27
11.98
9.58
8.63
9.65
12.94
14.78
8.54
7.22
15.11
14.29
10.85
14.76
9.8
-0.26
10.79
19.02
18.24
15.2
16.58
13.46
12.39
18.01
19.56
15.98
12.1
9.41
9.05
13.82
16.92
15.05
10.8
11.83
14.63
10.83
12.84
16.74
13
14.75
10.38
14.57
15.65
12.88
16.39
20.46
22.32
20.27
19.7
18.78
8.17
15.25
12.96
7.62
8.97
11.92
16.6
18.99
17.5
10.39
12.57
14.09
12.22
2.94
8.04
-8.45
-4.65
-5
3.54
12.21
11.92
6.07
14.62
15.24
13.73
8.75
10.6
14.24
17.44
15.84
16.99
18.11
16.85
10.99
9.83
12.76
17.69
18.47
15.84
6.63
11.1
13.91
10.84
5.69
13.46
15.58
16.4
18.78
17.49
15.19
13.27
12.3
18.5
20.59
18.47
19.65
14.04
3.31
6.53
7.21
14.61
14.63
16.29
14.74
18.55
13.82
6.15
0.87
6.77
-0.97
-2.63
6.38
12.17
9.71
3.58
5.01
12.19
13.98
10.28
15.69
17.84
13.29
5.6
-0.23
-0.43
7.12
5.59
17.26
17.54
14.89
14.02
11.84
9.5
11.18
11.7
13.91
14.06
9.24
9.19
14.49
17.47
18.08
17.5
9.98
14.25
20
17.21
6.99
13.96
15.36
18.92
21.3
19.96
13.86
13.14
13.27
16.7
17.5
15.9
16.11
13.26
11.55
7.89
12.19
15.36
11.86
12.64
20.23
20.28
19.95
21.74
22.42
19.4
14.08
16.62
14.03
4.86
13.23
14.79
15.2
7.17
5.92
8.13
6.4
0.32
9.95
7.86
12.14
16.84
15.79
18.3
16.06
8.57
3.52
-2.96
14.17
17.71
18.11
18.91
13.99
8.47
16.99
18.11
16.95
6.99
11.77
9.16
-5.69
7.35
13.74
13.88
3.83
7.36
17.73
19.2
13.38
18.82
19.11
17.81
18.17
15.71
11.1
8.89
11.11
7.11
15.84
15.93
14.23
15.13
16.89
17.5
13.82
6.27
12.08
7.16
14.28
15.37
13.35
17.73
18.53
14.03
11.36
17.34
18.07
17.34
10.79
5.79
11.94
11.06
3.38
10.67
16.62
18.8
18.79
18.86
15.76
0.92
11.3
16.55
19.22
18.24
14.89
15.88
14.37
11.61
13.13
14.75
16.37
11.34
2.93
8.68
9.6
11.25
11.66
3.78
11.86
16.29
11.44
3.62
7.78
8.9
10.37
9.83
13.74
18.85
19.46
14.96
8.72
8.46
11.12
8.68
12.85
17.35
18.91
18
16.46
16.03
16.98
17.69
13.73
7.47
6.73
5.41
6.85
6.04
12.24
19.34
18.18
14.87
13.08
1.82
1.48
0.73
5.11
14.1
14.59
6.18
0.61
13.84
16.55
10.45
6.83
-0.34
9.64
15.85
13.07
2.39
6.09
12.4
7.38
14.05
10.83
6.5
8.85
13.84
4.7
12.87
9.48
5.92
7.04
9.91
9.58
9.85
5.65
11.43
16.02
10.68
7.17
6.45
13.82
14.88
16.63
18.48
17.52
14.9
3.96
13.46
15
11.09
14.33
13.45
-3.9
11.75
18.18
13.8
13.74
14.17
-2.15
10
16.67
10.59
8.7
14.88
12.51
16.89
17.11
12.27
15.54
10.5
1.7
10.59
12.99
8.57
9.25
11.17
9.95
3.06
-1.51
-7.49
11.72
13.46
7.99
12.5
12.34
16.03
2.65
13.44
8.31
20.53
18.47
8.45
18.51
14.45
10.42
11.66
6.77
11.41
14.55
-0.19
15.92
18.9
14.07
9.9
-0.5
13.25
3.22
12.39
15.2
13.85
19.01
18.09
15.16
15.84
11.7
13.42
6
13.6
14.62
11.97
9.02
10.54
9.59
4.59
9.19
15.14
1.57
15.57
18.02
11.7
14.44
10.41
-2.51
15.22
17.97
9.66
14.35
16.52
10.96
11.09
13.72
18.84
16.45
15.96
11.93
8.25
10.87
12.13
8.2
13.59
13.29
3.83
-6.87
9.41
11.42
10.18
10.95
9.98
18.18
15.9
5.27
9.47
12.54
6.62
10.86
16.89
14.58
11.83
9.54
5.66
12.13
0.11
11.9
11.39
14.68
15.52
17.78
17.46
16.23
15.14
9.11
7.94
17.67
14.4
-3.33
10.58
16.35
14.95
4.68
4.45
15.99
17.5
8.49
11.36
14.77
15.2
15.19
11.96
11
14.84
1.33
11.84
1.55
10.69
1.57
10.54
2.78
14.14
7.96
16.18
16.25
12.21
2.87
15.85
18.45
17.13
15.08
15.29
18.76
17.71
10.42
9.94
16.79
18.8
10.27
4.67
-2.72
-4.68
-0.41
9.18
12.37
8.06
12.92
11.66
15.8
16.86
7.28
-1.39
12.28
13.84
12.08
7.56
3.85
13.88
17.84
15.84
8.67
-0.27
12.12
13.81
1.96
-4.49
11.12
11.54
8.3
11.05
8.62
5.1
6.67
10.15
3.16
11.18
6.11
6.25
12.32
14.44
16.04
14.8
4.92
1.79
0.12
8.5
11.01
11.66
4.77
14.74
18.56
19.32
17.91
9.92
13.88
14.59
9.99
10.73
10.82
5.79
11.46
13.88
11.38
9.47
7.06
10
12.34
11.29
9.52
18.46
16.79
11.75
12.93
15.05
15.64
13.64
7.01
-0.31
2.97
6.16
7.68
2.58
2.49
7.6
11.45
6.73
11.53
4.06
14.17
11.84
11.43
12.95
-1.19
9.27
15.11
15.84
15.31
11.63
7.1
6.4
-2.64
-9.52
8.1
8.23
6.9
3.51
-6.42
13.14
17.27
18.75
18
17.84
19.22
17.6
12.53
8.17
11.68
15.14
15.48
13.15
10.36
10.87
14.08
8.57
7.88
8.82
10.34
4.69
7.24
13.26
9.74
8.44
5.02
12.39
6.03
4.2
0.89
9.61
11.49
13.29
6.5
12.99
11.88
-1.54
-1.99
9.47
6.11
2.65
9.74
7.6
4.62
3.14
7.1
13.25
14.17
8.15
3.76
6.16
6.62
4.33
-2.42
-0.46
5.25
11.06
14.94
17.32
15.88
15.73
13.87
10.99
-3.82
12.05
13.42
9.83
11.87
0.65
11.76
15.46
13.36
7.8
10.84
9.23
-6.83
10.11
16.24
14.82
-4.57
12.21
16.18
14.66
12.5
11.69
7.89
-10.41
-1.61
2.9
9.86
13
10.58
8.32
13.62
13.38
6.38
8.62
10.42
9.71
9.25
17.7
17.2
11.02
10.94
10.78
6.7
4.92
3.53
15.68
11.29
5.87
10.3
3.5
-23.57
5.27
13.97
15.29
16.3
14.35
12.85
14.65
15.52
8.56
-11.89
0.63
2.43
8.81
0.96
10.95
15.22
15.87
15.19
14.65
12.97
11.87
6.73
0.62
-9.14
-8.2
6.37
14.06
14.45
13.02
10.88
9.61
12.4
10.72
10.08
12.02
9.16
13.42
12.29
15.96
13.82
6.57
14.92
16.64
15.86
12.07
8.85
8.17
6.69
10.52
15.01
16.63
16.22
15.64
7.78
7.99
12.72
14.65
2.15
2.61
5.16
9.08
13.36
9.16
8.49
15.25
17.49
15.17
14.84
14.69
3.06
10.67
4.64
14.56
18.59
16.64
18.72
18.79
15.32
15.9
15.27
9.8
-1.52
7.89
7.61
16.97
14.64
2.41
-0.06
4.9
13.37
19.56
21.07
18
10.05
14.1
15.35
10.24
9.5
11.42
9.15
8.07
14.94
15.77
8.15
9.36
16.76
19.19
15.34
8.52
8.9
3.84
5.07
5.63
12.12
12.79
7.41
13.88
13.14
8.53
5.41
10.27
7
7.03
15.45
15.92
12.85
10.24
15.22
13.33
13.73
14.77
12.63
13.98
16.53
15.78
8.57
7.79
11.81
-7.02
13.83
10.71
-2.53
-0.03
7.66
15.87
16.18
8.53
9.29
4.3
13.63
14.15
13.4
14.6
10.48
11.24
16.75
8.31
12.57
13.47
5.55
13.55
13.02
12.32
9.56
12.74
15.66
17.23
17.68
16.86
12.58
16.51
18.13
11.78
-3.67
6.55
9.05
6.48
-1
13.22
12.11
3.41
11.71
10.12
13.32
10.17
13.61
11.33
14.31
15.44
13.72
15.27
18.16
17.56
2.65
6.38
3.56
5.38
4.84
12.93
12.38
17.98
13.52
16.2
19.78
15.78
7.68
-0.5
2.98
13.03
17.11
19.84
19
15.2
14.36
8.85
12.78
14.9
15.31
16.24
15.81
15.14
15.92
13.23
5.18
12.33
2.37
9.63
4.45
4.61
9.31
9.6
-4.52
3.38
8.7
11.6
1.97
6.8
10.41
13.72
14.09
7.37
10.67
10.7
4.72
10.71
15.55
10.85
15.44
19.68
17.77
12.4
8.81
10.75
5.68
2.08
7.47
5.97
15.95
20.5
15.46
3.56
7.16
16.12
20.52
18.31
6.08
15.29
12.46
8.4
2.55
11.09
1.75
10.09
11.34
14.38
13.6
11.5
14.41
18.35
19.83
18.78
14.63
3.75
11.39
12.46
11.84
11.27
11.68
9.57
0.97
15.4
16.44
12.4
6.81
5.98
2.44
6.58
0.29
6.49
14.3
18.52
15.85
14.62
14.49
10.92
13.87
13.78
15.91
19.53
14.37
7.47
15.74
12
-0.02
-5.49
9.66
6.48
9.4
11.68
11.81
15.63
11.09
17.82
20.61
18.74
16.75
16.58
16.95
13.8
-6.1
12.96
16.75
15.79
9.9
11.58
16.19
12.02
8.55
2.27
11.33
1.94
11.08
6.66
15.78
16.97
16.96
17.55
7.67
11.5
16.47
11.28
-1.56
11.43
11.68
6.27
5.66
4.01
2.16
11.39
16.26
18.13
15.04
14.16
16.41
11.74
13.97
15.93
16.52
8.46
12.83
13.61
16.07
16.56
16.86
10.69
7.93
10.45
1.54
13.46
12.98
10.69
8.67
14.77
15.5
19.4
15.46
11.78
13.02
16.7
14.22
13.71
15.17
16.64
14.56
11.13
11.89
10.96
-4
14.44
15.14
16.48
18.95
19.53
16.35
6.67
10.72
9.61
15.01
18.25
15.73
10.73
8.6
11.69
14.26
15.17
17.04
16.17
11.44
13.76
11.89
16.66
12.8
7.88
11.15
12.28
10.89
7.45
6.92
-11.98
3.96
0.22
-2.32
10.15
12.01
15.03
16.88
8.22
13.94
13.34
4.67
14.18
11
16.17
21.35
20.67
15.92
13.56
10.52
10.13
13.99
17.65
14.38
9.36
18.57
20.89
13.87
7.59
15.39
14.89
12.13
14.79
12.82
-0.86
12.79
8.87
8.19
16.99
18.57
12.26
8.38
17.63
15.08
-9.57
9.89
10.61
4.77
12.92
11.73
11.36
13.35
5.81
8.28
2.65
7.43
12.03
11.25
10.05
5.32
2.84
11.31
-2.21
16.68
17.77
13.97
8.39
2.62
14.43
17.5
17.18
14.99
11.74
11.36
14.82
11.43
-0.96
5.77
11.19
0.64
16.27
15.93
-1.97
7.04
11.27
-5.64
16.93
16.32
-2.75
10.03
9.26
13.54
13.85
15.71
14.62
8.02
13.83
16.88
12.88
-5.22
6.07
5.88
12.7
12.76
9.83
6.91
14.23
14.06
-13.55
11.77
-3.02
13.92
7.21
10.67
17.65
15.86
-2.73
16.54
20.64
21.82
20.86
16.25
-3.16
10.08
15.77
16.87
14.8
12.69
9.54
7.46
12.04
18.61
17.99
14.51
12.13
11.61
12.08
6.22
5.83
5.19
7.31
-3.66
5.89
8.16
9.8
10.71
10.04
13.41
17.61
16.41
15.43
14.91
14
11.62
8.87
12.53
14.07
11.69
10.49
4.24
3.92
0.92
6.6
8.45
5.56
9.93
11.43
9.27
9.74
12.63
12.78
8.42
-12.07
-4.04
8.66
14.93
12.99
5.5
7.34
15.31
18.54
16.17
11.43
11.55
9.37
5.95
12.47
14.72
15.57
14.64
11.32
7.44
10.92
18.48
18.84
15.59
15.08
12.46
11.91
12.47
9.59
7.31
7.32
4.04
5.04
10.03
9.81
11.95
16.72
17.89
15.59
11.85
2.73
6.46
8.12
6.27
12.12
11.82
13.09
14.28
14.71
15.41
17.93
18.84
14.71
6.88
15.91
13.31
-6.84
0.37
13.48
19.15
18.64
15.77
14.02
14.31
12.7
11.62
8.71
8.29
12.7
13.85
11.06
-6.7
2.19
11.41
17.23
14.76
-2.01
11.19
12.06
9.08
7.91
10.99
11.98
8.74
4.24
9.21
17.72
20
18.63
15.64
13.32
13.86
13.4
9.29
-2.56
10.82
12.86
13.68
9.53
6.42
12.85
16.58
17.56
18.36
16.62
12.39
13.11
14.99
12.35
9.8
11.69
-0.09
1.22
4.45
3.92
9.43
11.03
9.38
4.91
-4.43
10.59
11.91
7.74
9.61
11.63
9.27
11.64
10.9
11.67
15.54
16.41
17.28
17.66
14.66
2.76
3.43
5.05
-3.38
5.86
9.59
4.68
6.04
7.82
6.1
5.63
10.01
6.24
10.43
11.32
9.67
3.29
3.22
10.83
14.1
15.82
16.12
12.52
6.98
4.95
1.98
10.04
12.1
3.67
8.82
0.07
-7.79
0.25
8.65
9.64
10.04
12.16
8.37
-3.37
6.04
-3.27
-11.46
-0.08
0.61
12.33
14.71
11.41
10.15
12.31
15.08
14.96
10.94
8.56
9.41
15.29
14.83
6.84
10.36
12.27
13.26
16.33
14.1
6.37
12.23
11.09
11.41
10.37
11.55
10.27
2.92
5.51
11.83
4.88
12.21
16.62
11.63
5.35
8.49
-3.78
-18.76
12.17
14.01
10.73
4.82
11.73
13.74
12.39
11.05
1.28
12.21
10.53
18.71
20.3
14.62
0.54
2.39
4.23
1.6
-4.42
-10.87
5.97
4.21
9.99
13.81
15.62
9.11
3.36
9.59
11.7
5.62
13.8
11.98
15.37
16.99
11
8.69
13.94
14.39
15.92
16.8
11.48
12.43
13.86
10.08
10.66
10.96
9.1
11.2
1.98
13.43
8.5
6.34
7.03
1.58
2.6
16.41
16.04
5.25
12.07
5.92
11.13
7.73
8.13
15.02
17.12
21.3
20.32
14.3
15.19
14.88
11.08
17.11
17.56
6.66
14.11
4.11
8.1
8.51
2.39
2.95
13.13
17.32
15.51
8.58
3.51
10.54
10.77
4.67
-7.09
13.7
16.3
7.57
14.96
17.73
14.39
11.61
18.61
15.77
4.57
5.72
-4.97
7.67
5.42
2.77
9.62
16.19
14.47
1.69
1.06
14.74
17.13
15.2
5.57
8.51
8.52
11.68
15
11.2
2.88
7.21
8.43
7.55
4.82
4.19
14.64
15.53
5.45
14.41
17.43
6.91
14.7
3.77
15.4
17.31
18.33
1.08
12.37
18.03
15.02
16.99
18.26
15.22
13.44
14.79
13.58
13
9.09
9.88
15.01
14.76
12.62
10.26
13.03
8.78
5.15
7.57
9.84
14.4
11.15
8.19
15.15
15.25
9.07
2.97
-1.09
9.88
13.6
13.67
11.29
10.41
12.86
2.04
13.96
6.67
9.09
10.74
12.88
16.97
14.01
14.58
13.31
6.58
8.99
8.84
9.37
16.19
18.65
18.31
14.66
12.8
5.92
13.5
15.91
8.49
19.04
17.58
10.39
14.43
18.75
18.13
18.83
19.77
17.9
10.82
6.73
6.86
-6.07
7.01
13.68
15.03
15.8
12.13
-0.42
3.11
12.62
10.28
6.37
15.09
17.22
15.01
11.65
6.98
9.17
7.69
10.29
9.25
16.91
15.76
14.68
13.25
7.64
4.89
9.29
7.45
1.81
3.04
10.45
9.43
9.84
12.19
6.84
14.27
17.3
16.96
16.13
10.86
8.86
18.54
18.59
13.59
8.05
0.37
4.47
11.76
14.41
9.22
7.9
12.86
12.93
13.5
11.85
12.79
13.07
11.15
11.17
13.1
14.57
12.06
-8.52
9.07
14.41
18.53
17.75
13.14
17.55
13.91
2.22
11.33
14.65
14.21
13.74
13.85
11.87
9.34
2.75
10.33
15.8
13.72
7.63
7.89
0.47
6.49
12.96
15.3
15.69
13.72
8.88
5.59
9.12
11.87
8.72
2.89
10.13
15.99
12.2
3.58
6.92
10.78
5.06
8.32
3.53
6.06
13.85
14.78
