13.95
16.36
13
14.31
13.64
-0.54
5.42
4.31
10.16
10.06
7.73
6.2
7.98
12.56
10.71
8.9
10.52
11.12
13.06
11.57
11.24
11.82
13.36
14.86
14.48
9.7
9.94
11.8
8.38
8.24
8.82
1.11
5.4
10.96
15.99
16.23
9.5
3.87
7.16
6.3
3.58
14.04
14.63
3.86
8.54
11.76
12.44
5.39
4.1
8.86
8.11
5.27
6.21
12.37
15.69
14.49
11.08
8.85
6.84
3.29
4.04
10.79
15.79
15.5
14.89
12.46
-8.87
9.22
3.69
14.4
14.56
10.8
1.88
6.67
2.06
9.63
15.3
8.74
6.85
6.18
5.52
11.02
12.11
15.85
14.86
10.01
8.69
9.35
10.33
14.31
14.45
8.7
-8.88
8.72
7.62
-4.18
9.63
9.73
-4.01
5.42
8.19
13.26
7.11
2.09
1.13
3.6
5.57
5.74
0.73
-3.14
6.43
9.13
6.14
-3.97
-2.63
7.18
12.03
10.8
12.66
4.21
12.03
15.05
11.74
10.88
11.79
14.01
15.52
14.27
5.64
8.69
8.84
8.53
6.78
3.42
3.2
6.05
5.56
6.46
11.42
14.79
12.49
7.2
2.4
2.3
10.84
10.25
5.33
10.6
12.98
9.72
10.78
15.6
11.87
15.64
11.99
0.84
11.01
13.02
12.81
10.56
8.71
9.39
11.58
14.09
12.6
6.77
6.58
2.63
7.11
12.26
12.79
6.82
2.42
4.61
0.4
4.89
11.73
13.02
9.01
8.7
8.74
12.21
14.76
14.36
11.7
2
8.87
11.97
10.34
4.8
8.99
13.83
14.26
10.27
14.8
15.22
9.65
9.01
11.82
20.3
22.41
19.37
6.75
13.36
16.31
13.08
9.44
-5.08
12.56
9.76
6.16
3.16
11.21
11.21
4.29
1.92
8.53
11.99
12.12
6.84
-3.48
6.03
2.88
3.46
0.23
-1.28
10.06
12.4
6.6
2.8
9.88
6.94
-0.45
5.47
11.05
12.27
11.56
8.27
1.36
1.5
7.73
6.41
1.16
-2.45
-0.12
1.83
9.93
13.98
12.15
16.11
7.57
9.42
12.5
11.62
9.83
10.52
6.23
1.22
4.99
6.61
9.65
10.85
9.44
11.37
11.34
6.12
7.76
4.12
-4.08
6.35
6.94
7.14
2.49
14.19
15.62
13.36
8.43
11.22
14.07
14.22
10.15
-18.33
8.28
8.75
0.7
2.64
6.89
4.24
6.44
5.18
3.73
-6.03
3.33
2.52
9.86
10.31
10.57
8.92
10.3
14.55
11.57
9.85
6.38
9.85
12.53
2.65
4.63
8.78
8.87
4.12
14.91
13.78
12.15
8.08
-5.62
-9.67
11.14
16.41
14.55
11.9
7.74
10
10.21
10.11
13.09
-0.78
12.51
12.95
5.14
6.91
13.78
15.04
7.22
-3.16
4.25
13.74
15.54
16.41
15.17
5.22
5.32
4.82
1.43
5.82
8.36
12.46
16.92
15.26
9.86
7.11
9.43
8.62
-1.24
5.59
10.81
12.9
11.64
2.9
12.58
14.1
8.4
6.11
5.5
4.97
11.81
17.26
16.28
8.74
7.07
-0.04
5.09
7.89
7.63
9.91
8.38
6.12
13.13
12.9
8.48
5.34
8.53
11.84
10.8
10.01
10.67
6.17
10.92
8
10.68
9.53
8.72
0.03
4.95
10.38
10.09
10.28
12.34
14.27
13.73
13.37
13.18
10.11
4.16
7.75
11.69
9.93
7.55
5.83
4.09
10.34
6.82
-0.39
7.83
12.17
8.91
4.95
9.77
1.22
10.19
14.24
16.92
15.85
11.04
6.11
-6.49
2.54
7.63
11.18
8.14
3.2
5.27
7.87
12.15
15.18
10.02
8.16
3.38
7.78
6.31
11.39
12.99
9.23
7.45
15.61
14.58
12.76
9.08
1.57
2.64
-1.79
-1.68
8.58
15.62
12.18
2.52
7.37
8.71
8.15
7.42
6.86
6.23
9.24
6.11
-16.07
0.42
12.09
13.91
5.33
7.51
6.32
12.96
4.11
13.05
10.62
-2.22
5.93
2.22
8.41
6.03
11.36
12.38
12.08
14.6
13.63
11.86
11.67
14.6
16.09
12.97
8.69
4.55
-3.05
9.49
1.22
8.96
4.04
10.19
5.27
2.8
13.53
14.95
4.4
10.79
10.33
9.47
11.36
4.31
12.69
11.14
8.04
7.63
-4.93
4.92
5.72
8.41
7
13.31
17.77
12.17
7.93
7.57
2.06
5.99
5.29
13.62
16.12
13.92
10.22
15.23
19.1
15.61
-2.18
5.28
-0.6
0.72
-0.71
0.48
5.99
12.52
8.18
11.61
14.16
10.18
4.24
4.33
6.56
9.33
7.4
7.92
10.25
7.82
1.44
5.93
11.9
12.04
5.24
11.83
13.37
13.49
13.77
12.69
10.37
2.21
5.52
3.32
12.04
12.72
6.52
11.62
12.22
8.81
11.29
15.74
8.79
8.04
9.22
3.85
-2.44
13.11
12.15
-0.83
7.22
8.17
13.14
14.73
13.32
12.9
12.6
8.77
10.29
9.55
12.49
15.54
10.35
3.66
6.87
8.64
12.21
17.84
19.61
16.88
9.97
11.91
11.29
14.06
15.02
12.86
8.85
13.96
9.57
11.11
16.21
11.86
4.69
6.67
9.29
10.51
7.77
-1.08
6.47
10.64
7.39
7.75
-1.55
-11.71
3.83
9.91
-4.07
11.33
6.28
8.98
12.01
14.87
12.69
-6.35
8.74
12.46
11.75
6.52
1.3
9.79
11.69
12.14
12.08
8.49
8.01
14.59
13.14
10.93
7.51
10.03
9.14
3.76
5.69
10.09
4.18
5.04
5.78
13.37
14.74
4.34
12.23
15.54
12.6
11
4.28
-3.1
8.34
11.09
2.79
13.93
18.47
15.1
9.84
14.17
14.99
11.35
5.45
3.29
5.08
6.93
7.66
13.27
16.14
10.13
-2.81
9.63
9.73
9.15
7.05
5.38
1.09
5.66
12.8
6.54
11.12
10.21
5.57
-0.07
7.03
14.97
16.42
12.64
4.35
8.56
4.39
7.45
9.42
11.78
1.8
3.82
3.18
7.76
14.42
12.43
-26.46
5.3
8.37
10.68
8.01
12.25
12.04
8.81
8.35
9.45
11.32
9.51
10.86
13.06
7.04
13.29
9.68
-1.4
8.25
11.42
11.42
4.83
-1.69
7.52
10.23
6.62
8.09
9.5
8.41
6.68
-8.93
7.03
14.66
15.68
9.98
4.96
-5.32
-0.1
2.52
9.3
10.7
13.31
14.8
8.04
8.94
13.79
12.7
6.43
4.6
7.46
11.35
9.77
13.61
9.88
5.16
4.79
7.88
6.07
13.57
13.2
5.9
11.73
8.44
9.86
14.85
16.28
12.9
0.22
10.12
10.44
7.07
12.53
13.05
6.46
-7.08
5.35
10.03
3.9
2.3
8.26
8.71
10.31
12
4.66
9.53
12.47
22.16
21.2
18.29
21.13
15.89
14.17
17.46
19.6
16.86
9.72
24.73
27.48
24.21
13.6
6.77
16.54
15.4
8.7
16.71
10.86
4.94
9.49
18.37
21.83
18.47
12.84
11.38
18.43
18.05
14.91
14.1
22.47
24.39
19.55
17.68
23.79
26.56
23.28
17.55
23.37
13.33
14.83
17.6
12.47
7.95
13.82
11.21
20.59
24.82
28.81
28.64
25.02
23.12
8.44
26.3
30.24
26.49
22.02
21.88
13.19
21.4
23.98
25.89
24.61
16.9
18.54
20.68
20.67
20.38
13.75
15.66
20.82
22.58
23.66
19.48
15.61
12.78
15.58
21.02
21.57
20.72
17.6
16.76
24.32
27.39
26.31
22.56
11.62
7.31
12.18
15.77
12.34
21.99
25.5
27.46
25.27
22.12
27.13
21
12.16
16.51
15.38
13.31
19.74
12.81
14.13
8.76
20.12
21.46
16.95
22.25
22.55
22.85
23.7
18.38
13.64
24.11
26.86
23.62
16.16
8.18
20.16
25.28
25.04
23.74
23.83
19.31
14.56
19.4
9.66
24.25
22.55
16.32
20.99
25.47
26.92
24.58
23.08
21.32
18.51
14.89
17.98
15.3
20.37
22.44
18.92
12.53
21.51
20.82
20.36
21.63
24.33
26.64
25.26
16.25
16.77
14.04
13.99
23.3
26.18
26.65
24.35
22.22
16.21
15.5
23.63
25.6
22.93
23.33
24
25.9
27.88
25.83
21.74
21.93
23.43
25.23
24.48
22.31
17.93
12.37
18.27
20.33
12.23
23.77
24.08
22.89
25.15
27.89
29.24
28.35
24.47
23.75
23.62
19.86
6.48
19.45
21.56
16.23
23
24.67
4.31
27.39
28.34
19.54
21.87
22.11
13.03
-5.95
13.85
20.54
18.98
12.05
15.02
24.26
27.36
29.77
29.92
23.1
20.23
23.66
22.18
21.94
24.22
24.31
21.39
11.46
15.29
21.51
19.96
22.74
24.73
22.87
19.59
18.79
19.62
16.55
18.04
26.41
26.91
22.01
14.84
8.67
15.95
12.95
10.9
19.4
18.24
6.06
16.73
23.19
22.3
16.03
8.88
-4.75
20.16
18.04
20
22.03
15.86
14.84
4.33
17.8
11.16
12.34
4.23
6.86
19.31
25.99
25
13.7
11.53
17.23
20.38
21.39
15.2
10.54
13.59
16.96
21.25
22.16
19.86
14.03
14.08
21.13
23.44
25.59
21.76
16.24
18.48
14.6
20.75
15.29
10.77
17.54
23.8
27.47
27.61
26.11
24.69
21.21
17.81
16.13
5.28
12.36
12.63
15.9
12.45
6.53
20.2
23.63
24.72
24.77
13.05
16.02
12.07
4.48
9.78
13.66
-1.64
18.3
20.3
14.43
-3.68
7.14
17.01
17.92
13.48
10.91
14.37
18.03
14.62
9.38
9.02
11.72
11.32
10.79
6.39
-8.3
4.77
6.98
10.16
14.53
19.11
21.9
20.02
16.57
18.16
15.91
12.88
14.08
14.86
14.83
10.63
11.08
17
11.08
8.91
16.06
18.22
18.53
16.92
14.25
10.22
13.73
12.91
4.36
4.18
12.14
15.3
16.88
12.11
11.19
9.91
-7.15
4.56
14.56
19.5
16.68
4.35
14.54
8.35
18.14
19.96
17.01
5.27
7.17
1.16
7.47
10.32
8.88
13.15
13.98
1.21
11.43
15.29
16.17
15.43
12.51
8.57
22.11
20.75
17.13
14.57
10
15.09
19.28
18.07
19.37
18.99
15.22
16.89
18.43
17.08
5.43
16.23
15.47
19.73
18.58
14.28
15.56
15.9
13.35
13.85
22.84
24.98
21.08
17.48
23.97
26.43
27.15
24.12
16.39
14.89
20.98
23.94
23.36
25.04
25.84
24.3
19.12
12.54
20.24
21.81
19.97
17.45
2.8
18.83
20.69
16.99
-4.55
18.85
18.4
17.86
20.74
18.19
14.32
22.07
24.61
21.2
19.58
21.63
15.3
20.06
19.75
14.94
15.11
15.73
22.78
24.71
25.46
24.99
21.82
22.86
22.05
15.55
10.15
12.73
20.16
17.4
15.69
17.21
5.27
13.06
11
13.38
16.94
22.63
23.73
19.93
17.6
22.46
23.74
26.25
27.34
27.01
24.56
18.06
17.48
19.52
21.76
17.62
25.19
28.55
25.29
16.92
20.36
21.44
19.98
24.71
23.98
23.46
26.7
27.73
25.66
22.19
22.47
27.46
25.98
2.69
19.42
25.33
21.87
12.55
7.59
3.59
10.79
15.83
15.95
9.09
21.02
22.45
17.83
14.76
9.39
18.31
22.56
23.44
20.57
1.71
8.17
-1.74
11.88
20.11
23.5
22.02
12.9
23.09
28.71
28.3
26.24
18.15
17.44
19.74
18.31
17.35
5.94
20.68
24.47
25.15
21.66
22.52
10.1
18.54
20.26
12.03
11.98
4.01
11.7
11
16.51
20.25
16.09
22.33
22.66
14.03
12.18
12.3
14.35
19.7
13.34
14.04
21.21
23.94
20.65
18.87
17.21
11.63
13.93
21.82
23.93
20.2
10.77
10.45
23.51
26.55
24.71
25.11
24.22
23.63
22.5
20.4
23.59
20.76
18.52
23.39
26.14
25.51
23.13
21.68
21.81
13.16
11.79
13.11
8.92
14.72
21.48
22.89
18.22
11.87
22.38
23.03
16.63
8.82
20.9
23.28
23.66
20.82
19.45
19.12
16.7
18.27
19.29
13.88
9.67
11.98
11.29
17.12
17.6
18.58
20.17
18.85
23.55
25.17
19.41
11.21
17.75
20.94
25.06
24.51
19.68
10.18
16.82
22.82
24.05
21.38
20.5
23.04
21.3
19.74
25.15
24.43
18.73
15.51
13.75
9.87
5.59
15.02
20.26
18.42
13.66
15.64
18.42
13.88
15.3
18.86
22.67
26.15
24.69
18.83
19.69
21.62
21.66
23.68
20.95
12.47
13
10.92
11.72
18.5
20.42
18.53
13.52
12.81
12.76
16.88
8.32
15.55
16.76
11.7
10.22
14.56
19.61
22.24
17.84
19.49
21.17
19.31
19.53
20.29
23.32
24.61
20.38
16.48
19.66
16.39
11.06
17.1
13.2
10.64
13.49
14.87
12.56
21.66
17.69
6.97
11.75
5.54
18.18
14.73
5.37
6.4
8.63
7.94
20.23
25.08
22
9.28
9.21
16.75
20.75
21.57
23.17
19.38
5
18.18
20.31
19.64
21.13
23.72
21.91
17.42
18.65
16.07
11.07
14.65
18.61
19.44
18.59
16.25
9.26
17.34
19.88
22.43
22.9
16.29
16.48
24.33
24.91
20.98
19.53
13.73
14.36
14.45
11.03
18.11
21.13
21.89
23.16
20.17
15.08
9.6
12.86
18.86
16.05
6.59
9.1
8.25
15.76
18.14
21.48
22.23
19.22
7.99
21.41
23.6
13.85
11.81
13.52
19.11
24.98
23.36
22.43
18.68
8.58
8.17
12.4
20.79
25.38
21.27
21.19
23.85
19.77
16.24
23.53
23.25
18.42
17.93
24.73
27.91
24.55
19.13
13.35
17.18
16.37
9.49
12.64
19.14
24.84
26.23
26.83
27.01
20.46
22.23
25.18
22.88
15.9
16.64
10.51
14.06
21.7
20.83
16.81
22.51
28.22
26.71
18.28
3.88
14.55
12.69
10.15
18.19
17.76
9.66
17.62
20.06
17.19
11.29
20.6
21.62
14.17
21.55
26.54
25.19
20.91
22.92
24.81
23.24
24.56
18.55
21.05
27.11
27.09
20.52
14.41
14.84
21.69
20.4
10.62
17.65
19.31
17.33
19.07
20.82
22.48
12.98
21.22
22.78
7.55
24.43
20.16
15.35
13.32
0.78
7.92
15.17
20.33
24.2
24.11
17.21
22.74
25.03
20.09
-9.97
21.71
23.53
23.62
23.84
12.04
20.1
23.51
23.45
14.36
18.09
20.62
6.4
18.21
22.1
23.26
17.76
11.3
22.55
21.43
15.63
15.17
6.24
19.73
25.87
25.05
21.73
25.97
22.14
12.79
19.97
16.65
4.22
20.59
25.22
25.22
24.66
25.9
25.57
28.88
32.51
26.88
21.54
24.55
24.29
25.32
22.65
20.85
24.15
26.2
31.98
31.18
29.09
28.94
28.57
26.24
22.25
21.66
23.05
17.59
14.1
18.09
21.65
15.44
9.48
0.15
15.32
15.97
18.03
15.43
18.71
21.5
17.32
18.9
36.95
42.75
40.1
29.46
23.25
21.04
17.48
23.18
26.89
28.94
24.69
14.88
11.59
16.26
13.09
20.83
21
23.86
19.4
16.03
23.01
22.95
18.79
18.83
18.46
15.72
18.87
19.8
13.53
32.64
43.72
44.65
36.13
13.92
21.37
20.08
15.37
26.22
25.59
24.31
25.83
25.45
23.98
24.94
24.88
23.3
24.06
15.5
13.7
24.18
27.37
25.33
22.64
16.09
19.18
23.39
25.13
21.92
22.97
24.54
23.69
25.07
21.03
19.68
23.91
21.84
18.93
16.35
19.79
24.73
23.83
17.32
16.47
26.54
26.16
23.07
14.2
21.67
19.73
24.56
30.69
41.48
45.05
40.23
22.29
21.39
23.88
22.02
20.73
24.32
28.72
29.5
27.57
32.25
38.52
35.61
19.69
16.16
21.31
21.22
28.99
28.55
20.23
8.48
22.26
27.96
27.39
21.51
23.02
12.28
29.6
42.32
44.43
36.09
25.29
28.13
19.83
23.03
27.73
29.92
27.55
22.25
19.87
24.05
23.07
18.19
14.38
0.18
10.25
16.43
14.31
18.7
27.04
28.45
24.51
19.14
19.3
23.19
26.61
25.57
15.69
17.13
16.53
3.02
18.7
25.36
26.69
23.52
18.38
22.67
26.79
24.05
-2.55
24.58
27.35
27.26
26.67
24.37
18.47
18.46
22.36
20.52
17.99
33.5
42.02
40.78
31.49
24.43
28.48
29.3
28.61
27.73
28.08
27.57
23.99
23.72
27.11
27.32
24.61
16.11
19.62
23.46
19.6
17.38
27.79
28.06
20.13
18.84
20.58
22.8
24.35
21.18
23.24
19.4
17.68
23.78
25.69
28.92
30.74
27.19
11.16
11.68
15.34
17.37
22.43
23.72
15.27
21.65
30.5
29.52
22.24
24.37
27.64
26.94
19.54
21.09
26.37
24.32
24.01
23.35
16.36
14.64
3.51
9.59
21.86
28.24
31.34
26.89
15.35
27.07
24.99
23.82
26.22
22.59
21.33
30.87
36
36.59
33.92
25.94
25.08
29.04
26.96
19.27
24.75
33.82
34.92
28.07
26.94
30.41
25.43
26.89
27.17
27.52
35.62
33.87
28.33
22.57
20.33
22.41
24.56
23.47
19.81
29.23
32.19
31.77
32.33
29.8
32.92
32.36
23.5
25.46
22.52
18.32
26.55
32.52
32.85
30.89
30.92
27.86
28.71
28.82
30.51
30.65
26.23
28.76
32.33
21.37
29.79
31.48
24.03
18.64
20.23
26.12
29.78
28.07
21.57
28.43
24.11
25.43
23.83
9.89
18.46
18.77
29.4
29.3
20.38
28.49
29.57
25.9
3.97
17
30.68
45.09
48.29
41.7
23.26
29.47
29.8
30.06
23.85
24.99
42.08
50.19
48.84
38.2
24.44
23.44
27.56
30.51
29.51
30.66
31.65
26.12
28.36
25.35
20.38
25.39
29
28.8
33.89
35.95
32.96
24.72
25.29
29.92
29.77
26.61
27.57
26.36
24.25
23
22.81
27.46
28.65
26.63
24.22
28.14
27.84
26.67
31.87
31.5
29.4
29.78
26.17
23.31
25.25
24.19
27.34
29.54
28.5
28.1
28.73
29.66
30.66
28.01
27.06
30.63
31.03
31.85
25.77
24.96
27.98
27.37
25.38
28.3
29.24
25.53
27.59
19.63
32.69
33.78
26.99
15.42
25.06
30.52
25.28
20.64
11.9
13.62
24.85
25.46
10.48
22.04
23.41
27.51
25.04
17.3
17.26
23.29
27.68
30.85
31.77
24.9
24.18
10.82
19.14
25.38
30.26
23.54
28.96
29.44
29.77
28.57
20.98
6.78
27.84
31.98
28.47
27.9
28.87
24.68
20.07
27.62
27.41
1.97
31.28
32.55
26.94
28.61
24.53
16.15
22.36
28.29
32.14
32.11
29.85
24.58
16.17
23.81
30.05
27.01
17.88
25.77
22.82
20.37
27.81
29.35
31.4
32.11
25.31
29.08
34.62
29.25
29.51
31.06
12.09
28.86
32.37
29.7
17.94
27.87
28.57
13.86
24.59
29.42
23.48
24.39
29.04
25.96
22.96
23.22
26.68
24.72
16.13
25.67
33.82
33.06
21.96
26.36
27.77
22.41
19.93
26.75
25.08
17
19.99
25.08
25.22
23.77
25.88
29.71
30.57
28.44
26.51
28.67
27.98
26.04
23.95
20.56
23.88
27.16
27.08
24.23
18.69
21.15
19.71
22.69
22.32
22.44
5.27
23.58
27.27
27.25
24.96
22.47
18.63
22.7
29.01
32.3
33.29
28.64
23.86
26.46
17.97
20.77
17.13
21.52
20
19.17
26.01
27.78
27.23
26.23
30.25
23.06
20.99
-0.14
24.7
22.9
21.97
26.76
24.74
18.92
14.99
23.09
24.59
26.61
21.18
24.03
27.28
17.27
18.81
18.65
19.8
21
24.91
25.93
21.62
9.3
14.78
19.25
18.04
20.6
21.49
20.26
18.71
2.58
16.13
12.29
16.74
15.9
17.5
16.72
23.69
20.39
8.65
10.04
17.74
20.43
19.28
14.84
23.31
21.26
16.75
20.28
19.97
14.17
17.6
25.93
24.8
18.09
-3.19
14.81
14.82
19.17
14.01
13.12
18.33
14.44
11.62
12.24
8.38
11
16.94
18.16
25.33
25.77
15.66
16.47
-1.01
20.32
19.82
26.34
26.2
17.67
24.29
21.92
17.67
25.1
29.73
28.37
26.19
28.71
27.98
27.34
26.87
24.4
24.38
22.61
24.26
20.55
20.37
22.39
22.45
26.82
26.37
14.39
22.45
28.64
28.81
24.91
17.88
17.03
29.08
25.16
22.25
23.4
14.91
25.33
21.3
29.24
31.95
28.96
16.3
28.88
28.07
26.08
30.89
30.34
27.34
24.85
16.28
25.49
31.53
28.69
27.31
27.3
18.7
17.29
19.53
12.46
23.34
20.53
23.2
31.41
32.83
32.07
33.81
33.44
27.73
12.7
19.81
22.06
19.81
20.85
27.35
30.61
30.13
27.41
30.35
34.06
34.79
30.53
28.9
30.17
25.44
20.13
24.2
27.96
24.58
21.84
25.84
23.53
20.37
24.95
27.28
30.37
30.5
22.38
30.24
31.83
26.26
23.38
26.14
18.93
19.43
24.57
22.22
20.95
20.98
12.57
24.56
25.77
24.88
27.61
21.98
26.34
30.01
27.1
23.18
24.62
27.56
25.69
21.44
19.45
22.12
21.88
13.11
23.19
20.48
25.53
27.82
29.78
25.05
11.22
18.58
18.91
20.41
22.28
21.91
24.04
27.63
27.97
27.09
24.13
17.42
14.71
14.3
22.46
25
24.58
28.25
27.07
16.47
17.08
21.43
26.74
28.29
24.38
22.36
22.05
19.37
13.74
21.63
26.01
27.28
25.98
25.46
26.23
25.97
19.9
21.91
21.69
25.58
27.92
22.16
18.32
13.27
19.92
21
21.35
23.36
23.8
20.17
21.27
12.5
20.44
24.31
23.63
18.41
22.76
24.49
11.91
18.35
22.67
13.11
21.06
25.87
27.47
21.17
24.9
28.72
25.29
23.34
24.67
14.07
10.13
6.82
19.07
24.44
25.97
24.64
18.4
4.69
9.52
18.07
19.18
22.87
23.51
22.49
29.6
30.26
27.26
23.04
23.85
24.73
21.05
16.68
15.77
17.62
13.1
17.44
19.51
8.27
21.65
25.63
17.61
23.9
27.7
24.61
15.21
21.32
23.5
16.86
19.46
21.64
13.47
18.99
23.95
25.65
23.7
19.88
23.74
24.47
15.76
15.77
16.18
16.85
22.83
21.92
16.97
14.36
19.57
22.18
20.11
10.48
11.88
19.3
21.88
21.67
20.47
18.24
12.25
18.97
16.82
14.99
17.25
20.31
20.99
20.36
21.24
13.62
18.25
26.65
28.42
23.77
5.75
17.78
20.68
17.62
15.92
21.34
18.98
9.56
14.06
9.58
6.38
12.03
9.61
5.15
14.96
20.77
22.76
18.47
-0.71
16.02
25.16
25.21
18.28
15.26
21.51
24.55
23.06
21.26
22.77
17.11
20.22
21.8
15.88
12.76
22.05
24.45
20.88
14.48
18.44
21.78
19.76
16.23
16.89
14.16
11.98
18.92
19.33
18.75
19.4
23.94
25.27
23.76
3.29
22.88
17.13
19.33
16.21
9.61
14.64
15.08
9.46
14.32
16.97
17.19
20.53
18.91
13.02
20.71
24.39
24.7
23.84
26.31
27.14
20.6
11.86
14.64
19.81
25.77
23.78
15.06
9.52
18.43
21.41
18.87
7.91
10.36
7.86
16.94
18.98
7.22
20.42
19.2
15.57
16.82
18.86
19.48
-5.64
20.32
22.45
22.64
20.32
3.28
19.17
19.06
13.56
20.74
24.5
26.59
22.25
4.12
10.48
16.46
18.64
12.7
19.27
23.11
15.62
21.37
25.25
25.14
22.35
20.6
20.94
19.64
17.48
19.32
3.43
10.27
9.35
14.34
19.19
21.07
17.75
21.88
21.83
22.41
21.27
19.5
4.48
14.79
13.74
21.82
18.91
16.96
18.65
15
20.66
21.25
20.68
25.44
23.44
15.59
13.93
18.16
16.35
11.85
20.4
22.27
18.69
22.83
26.63
25.57
22.08
18.07
20.78
22.08
20.44
21.4
19.34
13.65
9.62
12.68
15.46
11.19
11.87
16.47
7.47
16.03
20.28
14.1
5
19.32
20.15
10.88
14.72
17.66
15.8
14.02
21.63
25.04
21.68
-2.63
19.85
24.75
24.88
25.54
24.45
13.88
12.61
11.78
18.45
23.18
26.81
23.15
20.07
20.85
17.5
18.95
17.06
17.67
18.01
17.45
19.88
18.16
13.63
17.45
23.46
26.44
23.2
16.51
15.59
11.36
14.16
21.4
21.08
18.33
18.84
22.21
23.76
20.36
7.26
16.69
17.33
22.16
20.01
8.13
18.95
19.98
21.96
19.57
16.04
18.79
19.94
18.45
4.77
18.34
20.18
14.66
13.24
17.77
17.07
17.02
14.04
21.95
26.59
26.64
26.93
25.76
23.03
18.4
19.24
33.93
38.37
35.4
23.99
1.61
0.56
16.6
23.38
24.81
23.87
18.12
18.2
21.71
23.69
22.71
7.79
18.87
22.21
22.55
13.76
20.69
25.47
22.49
23.02
21.21
19.18
10
10.32
15.51
21.73
20.83
10.2
11.68
14.4
21.37
25.03
24.52
21.41
18.51
16.93
8.69
17.81
15.24
11.8
12.42
15.76
22.17
25.95
25.78
20.83
14.23
12.22
19.02
17.25
14.95
20.89
20.22
21.58
23.51
23.32
18.33
9.27
14.84
21.15
20.83
13.78
23.56
25.13
20.98
14.14
11.5
19.88
20.23
17.79
17.36
12.05
18.59
23
25.97
25.01
22.56
20.69
18.72
17.81
17.14
15.38
16.54
15.16
9.91
12.13
17.47
12.42
10.59
18.3
15.98
8.89
13.94
17.53
16.74
14.39
21.34
21.46
18.32
16.31
17.09
21.45
24.92
25.19
23.36
17.73
0.46
9.22
18.65
19.34
16.64
17.4
23.18
25.54
24.04
17.58
13.16
18.63
18.83
10.35
10.84
21.18
21.03
16.35
15.52
17.74
10.27
18.74
20.26
22.2
24.44
25.15
21.75
13.4
5.28
15.68
19.34
22.2
20.35
18.72
16.88
19.32
17.18
11.76
17.32
19
15.89
14.71
19.45
13.79
12.11
16
21.55
16.95
9.32
18.75
18.1
19.8
23.28
22.89
18.91
22.43
22.91
22.42
12.08
22.04
25.87
24.12
19.08
11.56
14.01
14.98
9.8
12.17
13.47
16.23
22.77
21.38
18.45
22.31
23.37
23.72
25.99
24.43
17.72
7.01
6.98
14.43
9.79
18.25
22.4
16.82
13.89
20.19
17.64
11.1
13.26
19.38
20.33
19.28
21.46
22.95
22.96
19.3
13.44
14.57
15.86
7.64
10.51
18.91
21.88
21.31
9.01
11.78
13.87
20.24
23.36
20
7.16
13.29
13.09
17.89
18.46
18.53
15.06
15.68
14.64
6.53
15.45
18.69
21.05
21.68
14.84
-3.3
-0.19
7.87
11.05
15.99
19.31
18.85
20.11
22.78
19.64
-0.26
15.85
15.22
17.67
15.79
7.49
19.22
20.56
15.92
14.59
12.26
3.06
3.95
10.97
12.89
1.79
8.22
10.74
13.71
3.83
14.19
11.91
16.14
19.47
20.65
16.34
-2.32
16.22
16.52
12.53
19.05
18.66
16.61
13.85
0.5
7.58
9.68
14.88
14.43
14.16
1.75
14.06
17.86
15.09
11.48
14
9.18
0.05
4.24
-1.14
12.68
12.17
16.11
20.79
18.89
16.85
16.54
-0.42
15.62
17.06
15.47
10.4
0.08
10.67
4.28
15.76
18.32
17.98
16.49
11.38
4.71
20.03
21.98
20.01
13.87
11.62
16.62
16.48
19.44
17.3
14.69
20.52
20.92
18.48
11.27
12.89
19.43
21.45
20.77
15.22
-11.71
2.77
10.33
19.82
21.25
16.65
15.8
20.57
18.48
12.78
14.15
17.5
13.44
12.31
18.12
9.72
15.52
19.67
17.67
15.58
15.63
15.96
10.3
13.07
17.34
15.73
7.58
15.31
19.17
9.71
18.22
17.42
19.25
17.57
12.26
12.41
7.05
14.56
14.99
14.64
16.01
16.24
12.45
14.42
13.24
-9.42
12.01
14.33
13.01
5.31
10.5
17.03
12.58
7.06
5.34
12.95
16.38
15.82
14.69
12.51
7.88
3.47
-3.84
8.12
3.74
15.99
15.06
5.66
11.56
14.78
8.07
6.04
20.32
21.68
12.95
12.47
15.69
19.33
9.36
19.39
15.98
10.21
18.74
20.34
18.42
16.6
12.84
7
14.77
15.43
13.59
14.92
19.35
19.32
13.89
11.06
18.48
18.7
9.59
9.07
16.48
18.32
16.61
7.08
16.71
18.44
8.42
11.34
15.65
14.53
7.79
3.97
12.31
18.13
13.74
-2.21
3.25
9.35
3.33
13.74
10.45
12.1
15.61
17.05
20.27
19.29
13.49
11.26
14.32
12.07
-8.77
14.26
18.77
17.12
7.15
13.27
16.35
18.97
19.79
16.59
7.11
10.3
15.37
15.11
11.33
8.71
15.13
17.66
18.69
14.64
4.92
-3.08
9.01
19.92
20.05
11.99
7.93
5.44
18.01
19.04
7.25
16.78
14.51
7.73
15.41
13.04
14.11
17.58
13.67
4.85
8.63
-3.62
18.41
20.26
16.48
15.48
17.79
19.08
18.69
15.25
6.98
12.33
15.65
20.55
18.88
20.28
23.64
20.36
18.43
13.85
11.61
17.71
16.83
20.28
21.35
17.04
20.22
16.38
18.24
12.38
5.35
1.82
15.37
17.38
16.15
16.7
15.73
-0.82
14.98
13.85
5.85
9.28
12.84
19.18
18.73
5.79
7.34
7.29
15.56
16.44
19.01
15.05
2.44
11.16
16.2
15.39
4.61
8.49
11.81
-0.29
14.74
13.06
14.18
9.04
19.71
19.54
-13.45
13.5
10.74
9.5
12.38
13.93
19.38
17.6
4.58
3.83
13.12
16.94
17.44
18.86
18.32
12.46
13.1
16.52
17.67
18.83
18.27
11.91
14.65
19.1
15.52
13.82
18.94
16.71
8.89
10.94
12.5
9.64
15.21
10.07
6.64
13.43
8.29
16.07
12.23
12.31
19.88
22.55
20.12
18.26
18.13
16.35
14.99
14.63
12.99
-0.47
13.52
16.18
13.87
16.46
18.49
10.84
12.57
13.01
9.81
15.17
20.74
22.78
21.54
17.13
10.92
11.11
10.48
10.65
14.37
9.92
-0.24
4.72
10.33
10.68
14.11
14.49
12.25
16.19
15.98
8.68
16.82
14.71
21.8
19.81
15.53
14.26
11.4
17.02
20.29
19.27
12.95
17.63
24.4
24.45
21.2
18.02
12.88
11.24
17.12
19.42
18.75
19.31
14.91
10.31
2.52
2.47
11.09
19.47
16.85
21.76
24.36
21.39
17.91
15.95
9.64
15.5
13.58
18.77
19.92
15.5
6.19
14.97
17.92
20.19
21.85
20.43
14.45
13.64
12.8
8.02
16.43
20.46
13.53
8.16
9.5
18.06
15.67
7
5.01
8.29
13.04
14.65
13.44
16.99
20.32
19.77
20.76
19.44
11.61
5.53
-0.61
16.53
18.56
12.3
0.46
11.56
18.9
21.98
19.65
11.83
11.71
9.29
13.26
9.91
12.13
10.23
8.92
17.26
17.61
16.27
18.5
15.43
15.32
17.43
15.29
16.25
17.64
11.09
13.7
-18.33
16.22
14.87
13.72
16.17
17.45
12.72
11.33
12.98
14.61
12.81
8.44
17.27
19.77
11.77
12.75
15.96
10.99
16.08
15.82
6.9
-5.69
9.13
-12.16
10.21
15.17
13.56
15.64
14.72
-0.64
13.15
16.19
12.18
8.88
10.16
17.06
20.29
17.21
13.43
9.44
4.62
11.61
12.12
12.65
5.19
11.87
13.72
0.37
-2.39
13.22
10.24
14.58
20.11
20.85
17.55
12.52
16.99
20.38
16.95
11.52
13.77
14.1
12.7
13.9
16.53
14.5
13.31
7.43
11.41
4.46
9.5
5.31
18.58
19.37
17.91
10.21
12.72
14.21
22.2
22.01
19.26
14.44
7.96
-5.95
7.11
9.02
9.58
11.35
11.99
4.91
11.33
20.04
19.1
11.25
2.03
10.07
13.2
14.39
14.89
12.64
7.15
8.56
12.6
17.41
18.89
18.62
12.86
14.6
17.77
15.16
9.06
10.08
17.88
20.67
16.76
5.07
12.65
9.32
13.17
10.22
10.25
5.99
2.91
11.14
17.92
16.25
15.46
16.31
0.07
15.78
14.46
8.54
13.85
16.75
6.52
10.57
8.74
10.68
16.16
15.62
10.28
12.67
17.95
13.08
2.42
13.54
12.92
14.46
17.56
12.58
8.32
15.91
10.77
1.61
12.5
20.77
22.85
19.22
11.61
15.81
17.57
17.58
13.94
19.31
19.94
5.13
19.83
18.48
11.69
15.95
21.5
22.5
17.23
2.21
15.28
18.77
17.18
19.18
17.3
5.32
22.5
24.06
21.01
15.61
14.93
17.71
18.38
14.6
18.19
18.93
13.63
12.53
21.96
23.64
22.21
16.92
9.36
13.54
5.31
15.47
20.65
20.21
20.45
22.67
23.41
21.39
15.08
14.93
13.89
8.3
16.14
20
16.47
9.98
20.53
21.16
18.4
20.01
21.05
20.41
17.4
14.09
9.79
12.86
11.69
13.67
21.78
22.59
19.15
18.82
20.5
17.75
-12.86
13.73
14.18
5.15
16.51
21.39
18.01
7.95
22.13
24.91
22.09
19.36
21.46
20.9
17
17.92
20.9
19.91
19.74
19.9
13.63
17.68
21.32
25.21
24.98
17.17
12.54
16.26
0.27
6.34
3.94
14.5
20.93
22.75
19.05
17.57
16.7
6.33
14.62
19.26
18.46
21.98
25.74
25.56
24.46
22.01
17.41
11.28
-6.09
11.08
21.88
23.17
19.62
19.32
21.63
22.05
20.95
19.96
16.63
12.97
14.14
11.08
17.18
20.85
20.75
18.76
17.59
19
16.22
14.66
12.61
9.01
8.65
9.42
9.16
18.15
17.27
4.37
15.37
14.84
12.71
16.2
15.38
17.68
19.6
20.82
19.99
14.95
5.18
4.66
13.78
14.17
12.31
17.67
18.64
-9.08
19.01
22.13
17.81
4.91
11.83
7.83
11.11
13.5
14.47
13.19
-0.08
17.51
18.43
17.17
18.26
16.13
12.78
3.48
5.19
3.17
10.62
11.87
5.04
16.8
19.66
18.45
11.64
5.35
9.55
16.24
19.07
14.16
3.36
12.47
14.22
19.48
20.95
20.72
19.81
10.4
4.06
2.56
0.12
8.51
3.4
5.06
8.83
2.6
8.93
14.84
13.97
13.22
14.47
12.6
17.66
22.2
19.44
5.94
6.34
12.41
13.65
1.25
15.71
20.59
19.16
17.13
15.17
18.83
13.12
11.76
8.19
12.77
14.79
8.41
7.55
4.82
10.89
21.8
24.3
20.41
14.85
14.58
16.05
15.88
19.3
20.37
16.45
15.33
16.77
17.56
11.41
10.85
15.95
16.15
18.06
18.84
20.66
22.14
17.54
13.72
12.26
14.82
12.7
13.18
17.23
14.59
14.74
16.44
17.28
18.87
15.46
9.81
5.37
13.18
19.71
18.83
11.41
13.56
10.16
15.97
18.63
8.04
-3.52
8.33
11.52
15.78
14.36
14.16
15.56
9.31
9.3
16.94
16.39
4.22
15.59
19
12.19
15.21
17.59
17.24
18.1
8.38
17.05
20.79
18.83
11.93
8.46
12.94
9.22
13.57
16.91
13.43
16.24
14.02
8.21
0.8
5.33
8.08
11.34
15.26
16.11
10.23
14.08
16.72
16.17
16.13
15.2
13.22
14.34
5.78
0.3
13.71
12.6
1.34
15.96
15.74
16.78
12.46
5.54
12.45
16.76
18.22
19.57
20.73
18.04
17.44
12.58
11.75
16.69
15.91
-0.14
15.58
18.87
18.8
15.61
-17.91
16.54
18.36
14.9
14.05
10.94
7.48
11.42
13.62
14.77
6.87
15.82
16.1
7.17
9.08
17.75
20.6
21.63
20.3
10.59
15.29
21.48
19.77
19.82
17.99
8.44
12.6
12.12
15.03
12.02
16.86
17.15
14.3
13.26
15.06
9.2
16.18
17.39
17.17
15.71
10.22
19.06
18.26
12.48
13.23
16.93
15.86
4.39
1.61
11.88
0.76
13.77
14.78
16.55
14.03
16.56
21.14
18.99
18.78
17.36
9.27
7.44
4.76
15.19
14.85
13.52
21.91
16.67
5.91
10.21
14.12
15.61
9.15
8.39
10.97
15.43
2.29
12.43
2.99
15.37
14.18
6.11
0.4
9.21
14
9.49
18.87
16.88
18.2
16.67
17.88
9.17
17.19
14
19.67
17.83
13.76
15.56
5.67
14.58
17.75
10.26
8.41
12.38
16.72
19.17
18.97
18.22
14.65
2.69
16.61
16.81
8.98
5.17
8.46
-6.52
6.41
0.73
9.39
7.91
13.95
10.09
0.26
13.48
15.5
12.38
2.74
6.87
4.76
-0.37
10.17
15.36
11.6
5.14
3.66
9.16
11.65
13.06
12.85
13.58
-7.07
10.77
3.3
15.97
14.41
10.81
18.19
20.32
17.47
9.58
8.21
15.28
11.3
10.42
9.68
16.18
20.09
15.69
3.04
9.17
10.55
6.31
10.9
12.73
0.92
14.47
16.62
7.54
8.95
11.09
11.68
16.92
15.61
14.61
13.8
8.2
5.3
14.73
14.49
14.71
8.33
16.45
19.99
20.44
20.14
19.81
15.61
9.35
9.46
6.44
4.24
6.68
5.79
-9.34
4.87
8.84
9.37
10.34
10.37
2.64
-3.18
9.02
10.2
10.6
13.17
19.18
17.54
9.12
10.17
3.56
12.94
19.91
20.9
16.76
10.33
10
7.15
12.99
7.26
12.02
16.86
16.43
17.96
20.45
19.7
14.17
4.51
11.76
10.24
-0.34
15.9
14.95
4.29
16.8
19.29
16.69
12.82
10.58
13.02
12.35
10.44
6.09
13.65
14.58
12.93
13.86
13.48
12.96
4.81
2.27
2.83
11.44
14.92
14.25
16.75
16.2
15.84
16.71
19.45
19.6
12.91
15.37
17.82
16.61
10.66
10.22
19.68
22.21
20.58
11.83
0.12
-0.63
5.77
2.36
-14.19
-12.15
9.06
14.05
12.97
11.21
12.83
15.5
10.95
9
15.51
16.29
13.48
5.55
0.85
9.37
11.11
11.34
7.43
-9.67
9.68
10.76
5.04
13.5
18.57
18.01
14.18
3.98
10.74
13.83
15.11
16.39
8.37
11.31
14.6
12.2
16.22
18.36
13.91
13.73
15.62
14.65
10.21
5.99
11.15
10.17
18.2
16.98
9.45
13.87
19.5
18.07
13.17
11.85
10.17
12
14.49
11.1
6.13
12.18
17.84
18.06
15.89
12.22
-2.23
10.91
-8.88
15.55
17.32
10
17.99
20.65
16.9
4.46
14.08
14.15
9.38
-2.28
12.95
15.97
7.2
16.24
15.9
17.31
19.42
17.59
6.82
7.75
-0.09
16.89
15.2
-3.48
11.16
15.76
14.62
4.55
7.72
11.45
18.81
19.67
11.58
7.03
7.01
11.22
16.77
10.43
13.31
-0.82
12.93
12.73
6.27
-1.59
8.91
14.95
16.37
12.71
12.62
17.65
15.79
5.42
0.2
6.91
15.28
14.32
3.64
-5.46
11.59
14.99
15.82
13.4
3.58
2.25
6.76
14.99
16.81
15.7
15.95
14.1
12.6
16.01
16.49
10.93
15.44
14.1
3.73
0.97
5
8.98
7.61
14.83
12.33
4.64
14.52
13.24
5.14
9.15
15.27
10.07
6.85
7.25
11.23
13.8
16.34
16.77
15.04
11.61
15.97
16.79
5.32
14.66
18.11
14.18
11.16
14.82
10.63
14.42
14.13
11.99
9.78
0.12
8.59
16.52
18.66
17.25
12.53
9.74
11.71
13.28
12.08
13.65
10.7
11.03
17.48
14.32
9.22
5.17
9.65
11.26
14.48
19.34
17.19
11.87
8.27
10.16
14.01
17.72
13.19
13.24
15.5
12.59
3.69
10.68
11.65
11.83
8.51
5.23
12.74
15.14
14.85
11.68
16.57
16.81
15.72
13.91
6.99
10.76
10.1
6.07
5.46
11.77
10.13
6.82
17.74
18.92
13.54
14.88
11.47
9.77
7
0.2
9.6
3.14
8.54
16.1
18.57
17.82
18.52
17.99
12.95
5.82
13
20.75
22.3
16.35
2.91
8.61
6.47
-0.39
-0.73
5.83
11.42
11.69
13.69
11.27
9.81
12.23
15.11
17.03
10.51
11.92
18.33
15.88
3.31
3.08
9.1
8.16
5.26
15.59
17.21
16.07
8.55
10.09
16.06
14.67
10.79
14.02
10.55
7.12
6.71
-13.54
-1.03
5.23
11.81
12.8
5.16
5.14
4.95
-8.63
-5.24
11.45
15.68
12.94
10.32
8.67
-2.87
1.28
13.49
14.64
12.12
6.8
12.1
3.54
0.6
3.29
3.54
3.71
10.33
10.59
8.12
5.99
13.69
6.26
5.38
10.14
13.94
13.53
6.25
8.04
10.33
9.34
10.9
12.19
9.81
11.52
17.8
11.34
12.23
16.81
12.14
1.77
8.24
12.61
9.58
7.4
13.41
11.69
6.13
13.04
12.35
1.02
7.69
12.51
16.32
13.38
8.41
11.04
9.37
14.91
15.66
7.03
12.42
18.19
14.98
5.05
-1.85
12.35
16.53
14.8
12.03
11.42
13.17
12.22
0.6
14.17
5.11
12.81
12.89
8.91
7.18
2.44
10.09
15.57
13.26
16.15
17.12
13.35
10.3
13.71
13.01
14.36
15.63
11.64
13.59
12.35
10.73
13.11
10.88
11.41
10.9
5.74
14.35
16.5
14.7
13.73
7.29
13.48
8.03
5.58
5.01
15.43
20.02
15.06
5.29
12.33
7.93
14.56
19.33
20.81
16.59
9.52
12.71
14.99
4.77
11.46
9.49
8.43
11.82
12.14
13.16
12.53
7.02
13.56
16.43
13.81
13.55
13
15.73
14.86
8.18
14.01
14.58
2.84
-1.49
6.27
13.19
8.16
5.62
8.26
2.42
-6.97
8.21
17.09
18.33
15.37
14.6
14.32
10.83
5.29
9.78
10.35
3.89
18.37
17.01
11.44
11.37
4.74
4.16
8.89
18.13
15.62
3.27
6.4
9.36
18.26
18.53
13.32
12.89
11.51
6.55
12.43
18.16
19.4
15.36
6.18
13.85
19.07
16.72
8.76
-12.9
4.73
12.79
13.64
14.27
11.07
6.75
3.73
12.13
18.19
18.86
15.33
8.28
12.52
14.92
11.75
-1.04
13.63
13.41
6.12
3.88
6.99
11.08
10.19
-2.42
12.85
16.53
14.39
0.96
4.01
8.13
7.88
2.06
8.5
10.42
12.97
4.75
12.82
14.1
14.32
12.57
12.05
16.18
13.78
8.89
9.57
13.32
12.45
12.73
12.43
14.47
11.14
-2.25
12.6
13.03
7.69
11.2
15.01
14.52
3.44
7.56
0.82
6.5
11.97
9.25
8.78
13.18
11.08
7.33
13.27
18.54
19.25
16.44
11.84
6.77
8.35
11.19
10.41
14.63
14.06
8.68
-2.91
6.81
8.57
5.27
9.53
13.73
13.49
8.16
5.32
12.92
17.53
16.17
15.51
16.45
13.67
14.95
17.16
15.98
4.23
17.62
20.07
13.64
6.01
13.13
13.13
6.45
4.69
6.68
2.77
4.7
14.25
12.06
-3.71
-1.11
8.31
11.84
8.42
4.54
9.59
9
15.87
17.73
14.5
12.33
15.21
17.45
16.25
9.36
1.07
5.37
13.03
13.91
-6.35
11.77
14.12
13.98
12.97
15.39
15.79
10.69
1.24
5.71
9.83
11.58
10.58
12.62
15.63
11.71
-4.85
9.98
12.17
6.43
7.24
12.23
16.14
17.1
12.51
8.48
13.75
14.47
11.75
10.56
3.3
-1.16
4.08
3.17
14.5
14.76
11.09
12.45
9.05
-29.84
2.52
11.41
9.15
13.51
16.91
11.92
9.31
12.73
13.29
9.86
13.15
14.64
8.79
9.98
-1.51
14.29
10.43
7.67
12.94
11.67
11.12
2.59
1.5
4.37
7.99
11.37
15.15
15.23
12.1
6.52
8.66
13.33
9.67
8.09
0.61
3.06
12.09
9.02
3.83
6.16
12.78
-6.87
10.2
8.26
9.88
7.98
8.35
2.45
10.34
11.66
14.71
14.75
12.21
8.26
4.37
7.58
11.39
13.12
10.84
12.13
20.39
20.54
10.58
14.31
17.74
17.88
15.08
11.66
-4.34
12.44
12.7
-7.25
1.67
6.56
15.69
16.13
-6.46
13.09
-5.86
9.68
8.56
13.9
13
8.2
10.81
18.46
16.28
3.5
14.39
5.6
-5.42
9.95
4.63
6.31
1.7
4.88
13.35
15.01
14.37
17.57
16.81
13.88
0.56
12.92
15.96
14
14.63
8.63
12.93
13.26
13.97
14.1
5.19
13.43
13.63
6.13
14.2
12.41
13.88
18.04
18.34
13.25
4.09
18.48
22.16
17.97
11.35
16.81
9.13
11.81
9.83
10.07
9.15
5.45
13.37
11.74
14.64
10.18
10.13
8.64
4.19
4.93
10.57
-6.49
10.66
6.97
15.83
17.71
12.49
5.67
5.92
-4.15
12.4
14.83
14.51
9.52
-5.44
3.94
12
12.79
2.6
4.12
2.72
2.46
8.49
9.39
7.07
3.13
3.77
7.5
10.41
11.31
8.2
7.33
13.02
11.74
10.45
2.51
13.17
14.34
9.41
-7.76
5.89
7.08
11.65
11.36
8.87
13.08
13.43
7.65
9.92
10.72
17.84
16.91
7.34
13.56
13.96
9.53
11.5
8.05
2.97
-5.89
9.36
14.38
13
9.35
9.36
14.75
13.01
-7.52
7.5
12.58
15.85
14.3
9.9
14.93
11.77
5.21
7.71
9.05
14.68
12.96
0.2
2.64
6.54
13.27
10.04
8.16
15.72
11.83
-2.67
5.32
12.56
15.16
15.1
15.87
18.99
18.56
16.06
17.09
16.77
12.67
12.6
12.67
4.76
11.99
14.84
12.15
12.94
14.38
14.67
16.95
15.33
2.88
7.38
14.91
16.44
16.97
15.64
10.42
7.57
4.28
11.12
12.83
12.32
14.65
17.85
18.71
17.19
13.24
6.08
-3.56
6.62
12.21
13.09
11.57
7.96
6.21
2.96
4.8
6.76
5.99
7.97
4.11
7.38
8.17
12.87
14.52
8.89
0.87
-7.22
7.58
13.23
12.25
2.67
2.85
7.33
8.69
6.5
-5.19
-8
-9.22
-8.33
7.96
11.77
9.3
7.8
6.99
7.17
12.68
14.52
13.01
9.81
11.3
11.12
11.17
9.35
8.24
10.9
5.74
-3.13
-0.42
2.38
11.09
15.42
10.64
-9.92
0.45
10.86
10.16
7.53
12.83
11.75
8.38
19.32
19.88
16.42
1.38
10.84
10.22
11.16
11.87
4.88
11.84
13.4
7.9
2.42
9.51
13.39
9.34
1.51
-17.66
12.27
13.02
10.32
11.44
14.54
13.84
8.16
6.15
3.11
6.32
-6.86
14.25
17.34
10.13
8.38
15.19
16.43
15.3
13.8
14.55
15.75
12.08
4.8
4.7
10.45
11.51
11.13
10.15
10.73
11.35
11.5
12.35
15.18
14.4
10.62
14.43
14.58
13.73
12.74
4.48
10.69
6.02
9.89
15.31
8.21
12.96
14.15
11.46
6.69
9.62
4.81
13.99
16.54
8.94
1.71
6.02
9.72
14.52
12.11
4.45
-3.43
6.26
7.18
6.35
11.75
10.03
5.29
2.6
12.38
12.9
5.59
13.57
16.77
13.36
9.32
14.37
17.89
16.74
12.93
9.41
5.36
12.53
13.68
14.24
13.61
6.65
3.41
8.99
1.25
-4.18
4.42
6.53
2.95
-1.91
7.58
15.89
14.71
1.25
3.84
0.39
4.43
7.47
2.82
9.9
13.72
18.97
20.07
15.8
7.39
1.87
8.13
13.25
16.99
16.41
13.83
3.12
14.68
17.7
17.22
16.63
16.95
16.96
13.88
12.17
10.56
10.04
0.28
10.25
14.52
14.92
17.08
16.3
8.7
-1.83
6.96
-7.3
8.72
9.99
9.65
12.34
14.23
10.04
10.52
14.5
5.99
6.77
6.88
8.09
-8.4
10.89
17.46
18.4
11.83
0.16
13.97
18.18
20.16
21.18
16.99
2.15
10.25
13.42
16.81
15.81
3.79
13.96
18.23
17.32
15.44
10.11
7.96
15.92
16.47
16.61
17.09
13.72
3.62
-2.41
-6.81
3.49
3.77
7.68
13.92
11.76
13.41
16.17
13.34
2.35
7.23
8.31
10.05
12.62
8.89
9.11
10.06
13.21
14.02
16.08
18.08
11.67
11.87
16.3
18.28
19.59
18.58
16.04
14.39
18.44
18.36
13.89
12.08
2.98
10.81
9.24
17.41
20.48
17.23
15.68
16.33
18.07
17.68
12.2
16.11
14.98
9.06
17.17
16.93
9.27
7.68
12.36
14.92
14.51
12.03
5.13
11.66
14.02
13.3
9.6
12.17
18.77
20.78
19.8
16.5
12.16
7.98
8.02
8.91
9.92
12.8
13.41
11.34
11.38
12.17
18.25
15.8
11.49
15.16
17.97
20.43
18.68
13.86
11.36
4.98
10.47
16.76
13.71
7.81
12.2
12.43
10.35
12.24
14.92
10.78
3.11
10.19
8.48
7.7
4.49
3.73
11.9
14.16
9.95
2.77
9.65
15.26
12.65
12.59
17.38
18.28
17.42
13
11.18
17.75
17.43
17.58
14.93
6.7
7.13
12.17
16.5
17.22
14.57
14.25
14.69
13.7
13.34
8.77
10.02
12.12
12.18
12.59
15.78
15.69
11.86
6.04
3.25
-4.65
10.88
11.67
7.84
4.18
8.01
-8.67
8.42
12.14
15.12
16.85
17.34
18.34
18.67
11.81
14.2
13
4.51
7.41
14.91
15.34
9.69
10
12.6
7.31
10.88
14.19
17.98
19.58
15.48
5.35
-1.39
9.58
14.8
12.53
15.15
17.07
14.44
13.62
13.18
13.14
16.67
19.34
17.45
13.9
15.47
15.98
11.17
10.29
2.18
-8.37
9.15
4.95
13.6
17.18
12.57
0.55
9.87
14.4
16.06
16.46
14.83
12.21
11.66
15.73
17.6
15.92
11.88
-10.6
8.53
14.86
16.91
15.45
12.72
6.89
12.58
11.63
1.51
5.11
8.57
8.66
4.3
12.39
12.71
15.15
13.41
6.82
-4.48
7.75
13.88
18.01
18.95
16.4
13.37
13.91
16.04
19.25
13.69
9.23
13.22
12.15
6.99
11.24
12.97
10.49
15.74
16.9
10.11
-0.19
0.12
10.69
14.38
12.16
15.63
15.84
9.51
13.01
18.81
20.35
17.72
10.97
5.09
8.94
4.29
-2.58
9.9
10.12
11.21
13.48
13.15
7.16
1.85
10.73
7.94
-15.11
2.51
-5.97
10.88
17.14
19.26
14.64
8.54
4.19
5.46
12.3
11.81
10.62
16.69
17.33
10.98
12.15
11.23
15.85
16.09
13.33
19.34
20.2
