3.79
9.67
-0.7
3.76
0.37
4.55
0.02
5.26
-4.08
1.53
4.23
4.86
7.67
11.38
7.09
4.37
11.15
12.25
12.6
14.26
12.57
5.38
10.36
8.94
3.28
9.94
10.03
5.58
4.96
9.48
13.91
16.57
11.23
3.97
9.93
8.89
4.33
12.24
8.09
-1.17
4.66
9.06
7.45
10.68
12.05
6.87
10.04
16.1
15.37
9.3
9.94
7.09
12.53
13.42
10.07
4.71
10.83
13.37
5.97
9.75
15.07
14.52
15
14.74
7.18
6.47
14.12
14.9
11.22
-9.86
2.86
-4.42
1.48
5.77
11.86
10.83
10.3
9.56
6.82
2.26
0.03
0.61
8.56
13.99
8.9
13.49
15.87
12.43
-2.29
10.25
12.92
13.36
14.6
11.53
9.79
6.63
10.1
9.05
13.91
14.67
8.81
-8.14
-6.04
2.81
-0.14
5.11
14.92
16.35
11.21
8.52
12.24
16.19
14.23
1.52
6.97
0.88
-1.31
6.03
10.25
8.44
6.13
13.44
15.53
9.39
-1.22
3.27
8.42
10.53
7.83
3.8
15.22
17.84
12.64
12.69
11.3
-1.34
10.2
12.44
12.33
10.71
14.31
14.21
8.99
7.15
10.1
4.67
10.06
11.63
3.87
10.05
13.96
-8.06
13.5
13.73
12.36
13.01
11.92
13.89
15.15
11.98
-1.52
8.98
13.69
12.35
11.41
7.37
8.65
6.92
8.13
13.31
14.81
14.19
9.58
7.48
3.08
-2.05
4.41
11.48
13.01
11.58
5.66
5.05
14.38
12.83
3.28
7.09
12.77
8.26
0.78
11.64
13.63
3.67
3.2
2.79
-4.61
-1.33
7.34
7.98
12.71
17.64
16.29
3.38
8.48
11.08
8.47
4.07
8.14
8.47
6.38
14.8
16.82
13.81
7.97
14.83
15.22
6.73
-2.45
9.33
12.12
0.61
-2.09
1.52
6.43
5.2
-11.48
5.69
7.72
9.07
8.73
10.07
9.18
11.26
4.63
11.15
13.66
12.89
12.31
13.47
12.73
6.84
7.03
9.57
11.64
12.42
11.43
11.4
12.91
13.89
11.42
-1.23
8.17
8.47
6.64
11.53
9.01
-4.01
-1.11
1.59
-7.92
7.05
14.74
15.76
14.6
12.3
7.54
-1.75
15.3
15.84
-2.5
12.5
9.59
7.54
10.93
11.35
8.73
6.87
4.47
1.04
11.57
10.73
7.6
6.96
13.12
7.42
-1.58
-6.93
3.62
8.15
16.83
16.19
10.7
8.94
14.47
17.51
16.71
12.69
9.36
2.11
-3.35
3.83
12.71
13.91
11.57
1.88
6.16
11.55
12.51
11.74
15.91
14.66
13.87
12.79
5.27
11.42
14.89
13.3
13.57
14.42
5.94
3.8
2.49
4.69
8.57
9.53
6.21
7.91
11.76
9.82
9.14
10.22
7.82
0.8
2.49
10.13
12.04
9.54
-3.42
15.05
17.31
16.64
15.83
10.39
-4.2
5.76
-0.4
4.84
11.12
12.06
5.58
-1.61
11.78
14.49
14.23
13.84
9.99
9.16
13.52
12.61
10.09
7.8
6.29
9.07
7.67
8.41
2.22
7.99
4.16
-6.67
11.88
16.91
12.23
13.39
9
-2.15
5.1
12.72
7.48
6.45
6.64
4.58
9.06
7.9
3.49
7.46
12.38
9.99
4.57
11.92
11.54
9.46
6.13
2.6
-3.36
1.02
-2.86
11.06
10.58
7.65
10.5
15.03
11.28
-5.34
-0.49
7.13
9.74
9.31
5.13
10.42
15.83
14.87
3.63
9.1
8.1
4.24
-3.45
6.43
6.96
5.9
5.99
10.11
12.01
7.66
3.05
10.59
8.38
11.89
16.44
15.15
4.67
8.09
8.62
2.23
12.17
11.66
6.95
8.02
1.86
3.24
10.65
14.91
11.34
6.8
14.26
4.19
10.46
14.16
14.52
14.45
12.03
3.32
7.01
11.82
10.55
6.92
1.32
10.68
13.74
11.31
7.49
10.18
12.54
11.12
0.16
8.38
13.04
16.93
15.75
12.19
7.08
2.37
-6.66
6.42
12.29
14.35
13.73
7.82
6.66
1.97
12.43
15.46
14.89
14.2
14.07
13.01
16.09
15.65
10.69
0.62
1.92
6.25
3.6
8.69
15.3
16.39
13.08
11.34
11.15
12.5
12.14
5.32
2.25
4.3
7.4
7.77
4.63
-2.78
7.16
14.88
15.09
12.59
14.02
10.09
12.91
13.39
8.26
-18.76
7.06
-8.07
9.53
9.36
4.09
6.39
1.15
-19.2
2.06
2.17
6.03
14.92
16.41
12.68
0.3
4.45
1.58
3.6
10.58
17.16
17.99
15.11
16.25
16.61
13.3
11.95
12.44
11.31
10.37
12.89
9.93
6.33
0.48
13.88
13.8
11.33
14.37
15.82
12.87
6.04
6.38
-1.65
7.62
0.05
2.09
6.02
10.85
14.16
12.3
2.55
8.69
12.63
7.72
5.7
11.63
13.62
13.43
13.88
13.7
12.65
12.58
13.24
10.61
11.82
9.91
5.83
11.3
15.35
14.62
3.42
10.72
10.42
7.3
7.07
10.63
13.53
15.77
14.88
13.64
10.89
2.16
8.78
11.74
13.02
14.97
10.33
-2.02
9.11
4.53
5.98
9.36
13.18
11.77
8.5
6.03
8.27
11.89
3.7
9.01
-7.42
10.79
12.08
5.2
-13.31
8.83
12.32
3.23
8.6
9.18
9.23
13.45
12.93
-4.97
9.45
12.13
12.97
11.33
11.7
4.87
13.76
16.84
14.08
7.33
0.77
3.94
1.42
1.66
-0.13
11.28
12.79
14.63
16.95
14.55
8.86
11.01
12.92
7.08
3.62
4.06
5.57
7.48
10.66
12.69
14.81
15.51
15.29
12.48
14.68
17.22
16.19
13.59
11.99
7.97
6.03
2.96
5.63
12.64
13.26
6.54
3.29
3.2
0.21
2.41
5.78
9.44
1.43
-8.52
8.94
12.9
6.22
9.79
14.29
15.34
12.53
11.42
14.62
17.03
13.97
5.36
2.89
3.57
7.6
-0.22
-3.59
-4.45
7.61
13.46
14.99
14.37
13.11
10.04
13.45
13
7.26
6.27
7.73
6.39
8.01
10.19
15.22
14.86
9.13
8.61
6.75
10.57
12.65
7.89
-14.19
3.92
-7.22
10.54
14.56
10.36
3.88
7.74
5.68
8.27
9.41
12.16
13.67
10.44
5.16
5.49
13.04
11.43
8.34
3.04
6.07
12.37
9.3
2.12
2.99
11.2
14.09
11.97
2.7
6.63
11.08
14.25
14.54
11.8
-1.86
11.3
-8.42
14.61
16.65
12.83
2.04
1.04
5.07
-4.08
12.56
13.77
1.55
2.92
7.4
-3.5
11.14
12.32
6.55
1.78
8.9
4.29
-2.57
10.23
13.61
10.14
9.89
11.51
4.97
0.84
7.35
10.65
9.42
0.91
6.37
12.26
11.83
3.55
12.04
12.45
8.93
5.47
-1.88
5.74
23.68
20.91
11.84
8.67
19.63
23.88
22.85
18.17
8.75
17.02
24.11
24.85
14.76
8.76
16.1
21.81
15.53
6.84
12.95
15.94
24.02
21.73
10.87
15.42
21.38
21.21
11.34
20.08
14.9
13.62
5.17
10.42
19.8
19.96
11.52
22.47
23.14
23.05
27.96
26.56
18.79
11.47
11.93
16.92
20.87
24.53
21.73
16.02
23.88
28.43
24.91
23.84
24.53
19.41
23.67
22.27
18.18
18.08
18.76
21.74
20.61
19.35
21.54
16.92
11.28
20.28
19.9
20.81
13.97
20.85
24.18
18.32
15.41
20.32
13.13
14.41
20.02
21.05
22.83
17.74
25.6
26.6
21.44
18.75
15.21
6.53
22.73
19.46
4.4
22.44
28.87
26.29
20.05
18.54
25.88
26.7
20.97
15.82
14.8
5.66
-3.68
14.97
21.19
21.01
17.06
19.69
23.49
21.84
12.8
14.49
17
19.67
19.24
19.75
15.04
16.48
24.49
23.42
17.67
20.33
21.99
22.41
23.05
21.93
22.61
26.82
23.45
21.6
24.18
23.33
17.8
14.11
21.64
14.64
27.65
29.54
22.91
19.64
19.01
17.24
13.61
18.89
14.28
19.65
21.96
8.77
12.52
0.59
21.39
24.65
18.22
25.77
25.48
13.22
14.94
12.82
13.98
18
22.4
22.76
24.93
24.95
25.1
26.42
26.34
23.66
21.95
11.74
13.42
14.4
19.25
25.64
22.74
14.71
18.73
17.02
23.7
26.34
24.45
21.15
20.54
9.39
19.98
25.37
25.46
24.01
26.01
30
31.25
28.06
24.36
20.71
19.73
23.69
23.3
21.2
-17.72
10.06
14.59
15.37
26.8
27.45
20.86
21.1
25.54
25.41
25.51
21.46
10.23
13.01
18.28
14.15
13.93
17.23
24.27
28.58
26.38
23.18
23.09
22.08
15.22
17.69
12.86
14.78
21.28
18.58
16.6
15.92
20.5
17.19
16.99
23.47
20.5
10.09
17.41
19.19
20.47
16.65
5.19
11.08
15.25
15.53
17.06
16.56
14.13
8.12
18.61
18.32
20.8
21.27
20.74
11.22
13.46
9.93
23.36
28.33
30.08
29.45
26.97
23.26
19.27
8.09
21.28
25.43
22.17
22.14
21.74
21.98
27.88
29.48
25.88
17.99
15.65
23.27
26.84
24.81
18.66
14.4
11.44
10.29
19.31
16.96
13.68
17.36
20.5
16.23
16.72
18.12
15.06
7.97
21.61
22.33
17.8
14.19
18.91
24.55
25.53
24.61
13.86
28.28
29.55
25.88
13.36
12.95
12.29
10.38
12.96
-16.46
7.34
20.24
22.35
23.37
19.33
23.94
23.55
18.38
8.56
18.46
18.7
4.89
17.79
21.13
16.76
7.74
17.37
20.54
18.92
20.12
21.66
20.37
12.42
10.03
11.03
9.7
10.75
10.03
18.07
19.24
18.39
16.56
6.19
3.18
4.01
14.89
21.21
17.21
3.03
15.41
19.94
17.37
14.66
18.98
22.66
22.5
19.08
18.9
10.75
14.42
15.2
7.57
6.07
0.75
0.18
-5.11
10.95
12.89
12.46
12.53
5.03
7.56
6.81
9.78
5.72
12.43
11.28
7.57
13.09
14.3
-11.71
12.66
9.96
-4.05
7.52
13.61
11.61
10.15
11.73
10.59
7.43
4.91
16.23
14.76
9.94
8.82
8.25
5.3
6.62
10.63
8.48
4.56
22.23
19.53
16.95
19.19
17.99
15.53
9.04
11.66
9.47
10.72
18.18
16.29
16.5
16.57
10.89
17.36
16.81
14.61
19.43
23.4
25.16
23.88
10.46
16.34
17.16
18
19.82
16.01
14.73
13.85
12.53
12.27
8.29
13.5
22.65
23.75
13.7
20.68
19.5
14.36
2.16
12.06
11.74
14.17
14.9
22.42
21.75
11.61
17.11
7.2
1.66
14.44
20.82
22.44
20.01
18.08
16.58
19.14
20.01
13.46
18.58
18.31
24.47
27.19
24.85
22.83
18.16
11.05
17.88
19.32
4.18
21.65
19.29
16.91
21.18
24.11
24.54
22.71
23.02
24.49
27.29
27.11
23.12
12.42
10.92
12.76
11.95
7.44
10.13
18.09
20.81
20.44
11.62
21.19
23.05
18.49
0.78
9.94
18.02
22.31
22.39
21.72
25.41
29.49
31.07
30.88
27.76
22.49
19.14
14
14.43
17.3
15.44
19.53
23.16
20.05
10.96
14.52
17.3
14.82
6.36
17.92
21.97
22.57
22.5
17.67
13.37
17.44
21.09
20.6
14.66
16.08
21.15
17.8
20.03
22.63
22.05
18.01
17.6
21.18
20.94
15.19
19.7
26.08
27.27
22.79
12.92
15.67
19.78
21.57
21.5
16.72
16.27
18.82
12.6
14.36
19.52
16.81
18.84
13.05
12.32
7.53
17.52
17.04
17.18
17.98
17.14
21.53
21.1
16.53
18.99
21.02
15.46
7.33
11.67
19.04
13.86
14.85
20.88
23.08
23.39
22.13
13.77
19.22
21.2
7.47
20.76
20.37
18.26
16.6
16.97
20.84
17.16
12.84
15.75
24.02
24.08
17.38
13.94
16
18.12
21.24
19.99
16.39
14
18.24
22.46
17.57
21.48
24.28
21.57
22.05
21.46
16.13
13.28
7.99
14.58
20.05
22.39
26.52
27.34
25.07
18.27
13.09
0.36
14.63
11.13
12.42
11.85
24.11
27.66
26.6
22.79
18.23
19.17
22.39
20.93
8.53
14.38
13.8
10.93
15.5
18.77
14.85
17.52
20.61
16.95
18.9
20.73
21.43
15.49
4.22
11.64
17.6
21.26
19.23
19.69
21.71
18.34
13.39
13.89
14.73
17.23
14.52
11.52
14.42
10.2
15.33
21.24
20.6
22.07
23.07
21.58
23.12
24.12
22.79
20.27
21.6
20.33
20.82
22.01
20.53
15.36
7.31
10.12
9.08
14.78
18.86
15.88
-3.21
7.48
10.07
18.12
12.13
18.63
22.37
22.27
20.96
15.98
4.52
14.07
14.19
11.03
14.11
17.47
18.76
18.89
18.58
17.34
11.67
15.02
21.27
19.63
11.02
2.67
8.36
3.05
8.88
11.09
12.92
16.73
19.97
20.76
18.01
17.31
17.18
15.1
4.73
10.03
17
21.46
19.61
16.11
11.9
9.46
7.93
11.77
18.31
21.34
15.7
3.56
10.53
7.04
17.17
17.74
14.33
11.23
14.55
17.21
15.37
13.5
19.45
20.7
18.5
18.11
16.3
12.37
0.92
17.01
22.3
23.44
23.25
24.46
25.7
22.85
18.52
15.81
15.5
15.27
5.43
14.47
6.63
19.53
18.87
19.98
23.4
23.87
20.18
15.41
20.49
24.09
23.28
15.16
16.14
15.65
15.65
20.59
19.86
13.12
17.92
18.87
16.2
7.91
-4.79
-0.32
6.99
15.69
17.63
8.66
16.62
13.81
22.5
24.32
23.94
23.63
22.85
21.71
21.22
17.96
18.39
18.55
14.03
14.23
20.11
23.76
24.04
19.46
16.23
14.64
16.91
20.89
20.9
26.77
28.31
24.73
19.8
11.56
13.28
20.23
18.43
8.39
23.11
25
21.53
15.37
22.79
28.47
27.07
20.55
11.51
15.71
20.11
8.51
19.11
18.96
24.92
24.58
10.31
13.65
15.26
19.91
19.9
22.89
21.28
16.54
19.05
15.57
18.52
23.27
25.55
26.71
26.04
17.26
13.93
1.17
19.33
18.07
9.63
20.5
24.79
25.79
23.8
20.84
17.66
18.96
21.5
23.07
24.9
20.85
7.89
18.55
16.78
20.89
24.61
14.49
19.9
23.04
19.55
14.96
2.89
18.58
22.73
19.05
24.82
24.26
17.53
10.9
20.42
17.69
24.37
24.36
10.98
10.73
23.55
22.43
7.54
15.43
22.78
27.12
26.96
19.8
9.45
12.7
13.03
19.26
21.75
20.75
19.09
28.23
30.72
30.29
27.42
17.21
23.02
22.81
20.92
22.77
24.32
26.93
29.77
29.45
23.38
27.9
32.17
28.51
20.4
17.31
9.89
19.96
23.66
15.57
18.86
13.26
27.95
31.32
25.04
12.38
15.41
22.92
24.65
23.77
30.77
36.19
35.16
28.25
23.09
17.91
24.09
27.6
23.91
20.95
19.45
21.5
20.68
15.77
18.02
18.85
19.27
21.9
18.27
17.43
20.39
24.5
24.93
23.08
21.12
15.99
32.91
44.36
46.29
39.68
25.04
22.17
18.46
23.29
15.26
18.55
23.47
30.82
29.82
21.69
23.25
26.56
20.04
9.4
15.16
18.51
21.19
14.49
18.76
20.93
15.78
15.69
17.86
19.5
23.98
29.58
42.17
44.34
37.1
3.67
13.63
6
13.98
23.42
26.34
23.15
19.3
20.38
13.88
21.26
26.75
26.15
20.66
13.66
22.75
26.11
25.52
18.13
22.37
25.61
20.33
19.11
22.78
24.75
23.89
22.84
25.45
27.71
27.14
22.73
13
19.01
23.23
24.88
19.96
11.4
17.81
24.41
27.83
27.18
24.71
22.38
19.37
20.52
23.38
26.44
37.89
44.98
44.07
36.06
29.01
26.74
21.35
19.68
10.26
19.85
10.61
17.86
21.58
29.77
38.47
40.83
35.34
19.46
15.93
23.26
27.09
27.81
27.55
30.65
32.28
29.4
22.04
21.44
22.49
22
26.97
39.22
43.36
36.74
20.57
10.17
21.55
23.83
24.6
22.79
21.46
15.06
17.09
4.84
19.86
15.59
22.01
27.5
27.27
27.09
23.43
19.27
22.11
22.38
17.9
20.96
16.39
19.71
23.94
21.1
13.48
23.75
26.17
23.75
22
25.39
25.06
22.97
19.17
6.62
22.65
26.47
26.94
24.99
23.86
19.88
23.47
25.57
19.53
23.7
26.52
22.96
21.81
39.24
44.41
40.86
27.81
16.78
24.97
25.44
23.45
22.59
14.45
17.44
26.32
26.97
24.72
23.15
23.29
14.72
19.84
24.28
24.82
23.62
20.02
15.15
13.48
17.41
17.41
19.19
24.13
22.33
13.96
25.95
24.91
14.31
11.93
24.58
29.74
25.71
9.55
21.07
24.72
23.78
21.73
20.09
20.42
29.65
27.6
19.7
14.12
19.7
21.75
22.66
25.29
24.62
19.35
6.32
18.67
15.91
15.5
14.09
21.39
13.9
19.89
17.92
23.84
23.61
17.14
17.74
20.59
12.93
17.84
24.3
27.02
27.81
35.03
33.95
22.44
17.9
18.83
25.04
11.85
24.72
19.54
31.88
31.75
21.66
24.21
22.63
28.8
31.87
35.74
39.02
34.14
22.97
23.26
27.97
29.34
27.29
26.1
23.69
22.03
22.36
24.38
27.75
30.35
23.53
23.21
15.46
19.46
18.08
10.82
22.86
24.13
28.38
32.01
29.62
23
20.8
-2.98
8.28
22.19
24.69
22.85
12.47
26.03
30.98
26.17
15.5
16.87
23.63
26.55
21.32
20.44
25.78
34.67
36.93
33.93
27.04
25.62
27.63
27.51
23.49
13.57
16.85
20.63
28.83
24.55
15.24
20.92
23.65
30.2
45.95
50.48
46.17
34.17
28.77
25.4
26.57
22.5
8.76
40.94
50.03
49.44
38.4
27.25
26.74
16.16
18.77
19.16
25.91
31.49
30.27
25.45
26.63
25.41
36.55
35.7
27.03
31.89
31.27
28.09
27.15
20.46
21.29
27.23
32.74
33.86
23.54
26.85
25.32
14.35
27.38
27.99
8.16
25.93
9.96
29.25
28.04
23.49
26.11
25.04
28.29
30.76
21.95
30.06
31.74
18.51
23.8
21.17
7.53
14.82
18.22
25.26
29.59
27.22
12.37
22.62
21.31
24.73
0.82
20.52
26.26
27.46
23.79
16.54
27.13
30.87
30.11
24.96
2.36
20.48
26.72
26.41
8.85
29.29
31.04
25.51
23.54
16.7
2.03
17.05
26.69
30.45
26.55
21.82
29.68
23.3
22.83
26.42
25.85
24.26
23.12
25.83
31.84
31.57
17.72
27.13
27.26
18.75
24.16
17.91
27.43
30.43
23.31
26.49
21.17
28.41
27.51
26.39
27.78
31.84
30.03
29.22
29.8
27.61
25.6
26.41
23.8
18.16
15.79
15.73
16.57
24.97
22.72
17.21
13.07
15
25.32
21.63
-7.77
24.71
26.95
16.37
26.32
22.44
6.28
14.71
-0.9
18.49
23.2
21.18
20.78
20.74
24.76
25.57
15.75
26.39
21.6
20.04
24.24
18.31
24.84
28.32
25.93
23.65
20.14
25.2
17.2
24.92
27.15
22.03
-12.68
19.04
10.12
23.55
25.62
-4.69
27.58
27.7
22.94
25.66
26.89
23.24
17.25
19.67
22.42
18.15
10.47
22.51
24.03
22.33
21.25
14.83
27.97
29.04
18.74
26.96
20.35
21.31
25.99
21.3
19.26
14.99
23.14
20.17
21.17
22.87
23.93
19.31
15.24
19.73
13.17
20.07
17.13
24.83
25.38
24.9
14.77
16.74
19.69
13.31
20.7
22.87
16.55
8.96
19.56
20.15
21
14.25
21.88
21.94
22.76
26.21
18.82
28.06
27.48
19.49
20.48
21.14
15.33
17.46
14.74
12.57
19.3
18.57
13
16.35
16.88
12.73
23.6
25.56
27.37
17.63
16.27
11.47
20.76
19.49
-4.32
12.39
18.38
10.59
21.58
26.69
25.43
24.82
23.88
26.51
23.14
11.1
17.52
25.57
27.79
27.44
23.49
4.43
13.85
19.98
23.17
22.99
17.44
13.82
10.86
14.91
23.72
25.94
23.15
15.73
15.26
8.89
11.84
19.69
18.63
13.28
9.9
12.87
16.02
16.63
19.71
20.11
16.45
15.72
17.97
16.22
11.82
15.13
17.48
22.58
16.3
20.61
22.02
20.07
24.61
23.94
19.96
24.73
27.82
29.68
31.22
30.96
27.29
25.53
26.17
23.93
20.26
24.47
30.19
29.01
16.27
15.11
21.07
24.71
21.79
20
27.14
25.96
8.18
24.95
26.86
27.09
27.77
25.49
21.01
23.29
21.9
23.58
27.39
23.98
25.96
29.3
30.67
27.72
25.4
29.78
30.26
25.67
23.64
25.66
25.44
7.23
27.91
30.26
27.16
25.32
26.93
25.96
18.45
3.03
15.98
18.36
18.88
25
25.47
18.7
21.79
20.07
23.11
27.73
26.05
25.88
7.05
29.19
32.71
31.13
18.44
24.83
28.16
29.84
28.16
24.97
28.46
34.59
34.09
28.43
22.09
21.1
24.32
27.21
27.3
24.87
23.43
19.15
19.25
23.06
26.25
25.77
20.61
13.9
17.17
20.37
18.94
24.91
26.24
22.48
12.37
15.41
14.1
21.97
19.1
23.12
23.58
16.92
13.02
20.63
20.8
20.1
25.15
23.95
9.98
23.27
24.99
22.22
27.34
26.49
22.76
19.24
20.84
24.38
16.76
12.06
23.16
25.97
27.01
25.96
18.89
19.33
20.13
22.11
17.55
16.88
21.76
2.19
22.11
19.39
0.09
20.1
21.49
21.88
19.87
-6.01
3.81
22.87
26.55
23.2
25.49
27.33
22.73
14.58
24.43
27.09
28.59
27.32
22.27
25.27
25.69
18.92
19.55
18.88
20.23
21.65
13.33
18.66
24.85
25.64
22.54
12.95
21.63
23.63
23.81
19.45
16.32
20.44
23.84
26.64
26.54
14.79
13.75
15.69
21.57
25.23
27.23
25.31
22.41
19.85
22.58
23.79
20.15
14.09
16.7
19.68
16.4
11.57
21.05
21.36
12.62
21.6
25.39
24.21
23.97
23.69
23.74
26.78
25.69
19.81
19.13
15.66
19.26
15.53
21.79
17.27
12.66
15.02
23.21
23.67
19.34
24.98
24.62
21.36
14.07
8.99
14.94
19.69
21.5
24.49
22.66
21.99
26.14
24.06
16.83
20.85
25.05
23.22
17.72
16.65
22.12
21.9
12.39
17.65
19.12
11.58
6.44
23.37
25.41
19.79
20.45
20.64
13.43
2.62
16.02
21.61
15.89
10.66
15.4
20.17
15.4
8.13
4.82
17.19
18.05
7.46
1.22
11.75
17.12
21.23
22.41
14.12
11.47
14.82
18.25
8.82
23.49
21.43
18.18
19.79
23.29
23.07
19
23.85
19.85
17.03
19.43
17.79
18.35
20.4
22.81
20.91
12.29
23.07
19.4
12.66
18.01
12.38
17.34
16.39
16.74
18.55
19.06
18.78
15.37
14.61
18.1
13.45
7.91
10.8
15.27
16.56
8.28
-11.64
16.97
21.39
20
9.71
20.52
24.45
19.53
16.74
17.64
13.21
18.55
20.22
21.41
20.99
12.8
15.86
19.24
22.39
24.52
20
22.39
20.01
11.41
13.1
18.46
15.92
11.26
10.72
18.83
22.12
22.37
21.21
0.66
19.63
22.26
21.08
22.78
22.3
13.18
6.46
7.3
5.3
9.08
14.37
17.38
20.16
21.24
14.66
1.85
13.01
18.48
23.33
25.23
23.73
22.79
19.11
13.7
4.89
14.76
12.86
21.55
18.89
-7.76
5.26
17.82
16.44
-3.56
16.34
19.19
14.25
15.88
17.3
20.35
17.74
15.62
20.03
12.92
20.06
17.9
19.28
22.56
19.49
21.49
17.79
0.38
19.42
22.92
19.67
25.48
17.63
12.93
9.48
11.02
11.42
13.92
19.44
21.1
21.21
25.15
25.28
19.37
22.9
22.71
18.38
21.28
21.13
16.59
19.5
20.97
15.89
16.21
22.56
20.09
15.73
24.79
23.64
19.96
21.46
24.11
22.39
17.39
17.15
13.24
11.34
21.56
20.98
20.19
26.7
25.63
22.07
19.45
18.16
23.78
24.95
19.46
14.59
22.67
23.89
16.6
17.92
16.53
22.15
23.8
21.11
21.62
15.73
-3.2
6.22
15.33
17.26
12.45
17.46
26.34
26
22.73
18.81
13.87
13.57
20.67
24.12
20.53
21.36
25.01
21.63
15.83
16.9
22.85
26.08
27.65
25.17
10.55
22.99
18.14
11.63
21.82
17.1
23.43
23.64
8.64
11.55
13.89
12.36
13.52
21.29
16.57
7.39
21.2
24.88
19.47
20.76
25.55
20.22
19.94
25.72
22.2
12.36
11.16
7.93
21.73
24.72
25.78
28.06
27.3
21.97
13.53
16.72
20.39
14.06
17.59
19.33
17.85
19.33
17.96
13.32
2.91
10.51
17.43
0
14.7
7.48
1.95
14.17
13.72
17.26
23.68
18.72
23.3
17.82
24.69
33.35
36.05
31.76
25.77
18.99
0.18
17.11
22.5
24.38
25.6
23.76
15.09
26
25.35
20.75
16.77
18.43
20.62
21.83
17.33
16.69
22.28
22.47
23.08
18.94
13.85
8.35
10.09
8.45
14.56
19.25
12.93
23.62
28.57
24.87
19.66
19.55
15.92
23.13
24.61
22.77
17.55
15.83
23.48
24.39
18.8
5.14
15.43
19.1
15.8
14.05
21.39
24.32
24.79
21.61
5.52
17.26
21.06
22.02
21.03
21.71
24.2
23.18
17.72
18.4
14.25
16.43
15.44
10.15
22.34
24.34
22.2
20.21
19.89
18.93
20.49
23.17
24.39
23.32
18.57
15.59
24.13
21.2
19.1
17.34
8.23
18.64
5.66
21.02
21.74
19.98
26.67
28.02
21.39
4.24
17.41
19.92
20.99
15.47
14.98
18.4
14.46
17.28
20.79
21.67
17.63
9.59
14.49
18.47
19.34
21.66
17.18
16.73
8.26
22.79
24.51
17.17
23.46
13.94
16.42
19.69
21.24
10.2
18.37
23.07
19.86
12.45
19.18
22.73
16.48
7.27
17.57
15.83
19.13
21.92
16.08
16.35
19.9
16.6
14.09
12.72
21.1
21.03
20.86
21.6
19.6
11.78
18.43
7.91
18.39
19.52
6.7
10.15
21.84
23.49
21.66
23.1
16.81
14.14
19.25
14.04
11.61
12.51
9.33
20.01
20.99
20.52
18
12.4
16.7
17.85
17.71
20.66
18.78
16.15
15.28
18.33
20.2
21.99
22.18
17.57
17.09
20.62
21.26
20.68
13.84
22.44
21.68
15.14
16.16
18.95
14.65
12
11.89
10.61
16.13
19.06
22
19.56
17.86
19.64
10.41
14.97
14.27
13.95
14.93
21.26
21.8
14.33
7.37
14.17
3.09
16.67
19.79
16.71
15.87
17.46
20.53
21.83
19.67
14.04
2.48
8.02
9.8
9.57
7.78
8.35
16.87
12.95
8.09
17.94
18
16.39
19.4
14.03
14.41
17.63
8.24
14.66
8.93
16.61
20.47
20.75
20.72
22.18
20.21
10.09
17.56
10.91
17.31
20.58
20.52
19.81
21.18
19.08
14.65
16.78
14.05
10.47
-0.51
2.57
8.67
17.98
19.67
15.64
12.26
14.21
8.56
6.67
8.32
14.77
9.71
14.08
18.01
19.47
17.71
13.62
10.66
15.04
-2.43
18.6
17.03
12.67
17.74
15.9
11.99
15.19
8.95
16.01
15.78
8.93
6.48
15.89
19.36
11.82
6.93
13.09
11.23
-0.94
16.71
20.3
19.52
15.24
9.07
7.65
16.49
18.83
15.35
14.85
12.25
12.61
10.87
15.37
15.86
16.3
18.16
14.65
6.44
14.04
2.07
16.8
15.6
8.25
7.71
11.31
10.46
14.35
16.77
15.7
14.72
12.03
-2.98
10.72
14.07
16.63
19.78
19.85
15.31
-0.11
15.57
17.71
17.53
17.55
16.71
15.5
16.02
12.69
19.25
20.8
15.78
12
16.46
18.01
14.84
15.7
13.62
10.08
12.76
4.23
8.73
11.25
15.34
19.25
18.85
16.89
15.74
-3.65
7.13
-2.76
3.28
14.86
15.92
10.46
10.92
16.8
17.44
13.57
10.69
9.67
6.51
13.79
15.34
18.22
16.18
4.36
17.06
16.88
9.29
10.81
15.98
16.34
11.84
10.71
16.06
14.86
15.38
9.49
3.76
4.85
12.74
12.99
13.35
15.8
17.71
18.7
12.51
10.8
12.52
14.71
18.01
18.29
16.66
13.4
13.14
-11.84
16.02
18.01
10.64
9.7
15.41
16.35
11.96
3.18
4.08
4.34
15.97
19.97
15.63
13.05
15.79
15.11
4.79
2
16.5
18.98
15.12
17.18
10.06
-2.81
11.76
18.16
17.92
11.33
13.37
20.08
20.54
14.66
9.46
17.79
17.88
17.07
1.4
18.78
16.9
4.52
11.47
6.04
5.33
14.18
15.52
15.09
12.13
-1.85
12.86
7.35
9.04
10.23
7.54
5.08
2.29
10.42
11.41
-1.68
18.12
20.13
17.66
17.91
16.91
1.28
15.3
14.69
10.23
16.32
17.97
13.27
6.14
15.36
16.43
9.98
5.61
12.63
8.36
8.21
14.49
13.28
9.13
7.21
12.49
13.46
12.06
9.52
17.86
10.91
13.74
16.06
12.51
14.67
18.74
19.21
16.09
7.79
-3.16
12.5
19.86
20
17.78
14.91
6.19
18.72
18.99
10.86
7.74
6.98
11.91
12.78
18.38
20.15
15.36
6.52
12.85
15.46
18.8
17.46
12.9
14.91
15.68
9.72
4.82
15.13
20.01
20.71
18.26
22.14
24.41
17.55
16.94
16.98
18.57
20.73
16.06
14.74
16.11
17.26
12.08
12.28
19.59
21.83
17.22
15.02
15.08
13.89
15.75
15.94
16.95
19.43
18.05
15.6
13.35
1.05
16.9
18.97
17.33
17.92
16.61
18.74
19.42
11.56
1.89
-2.96
13.29
11.11
11.5
14.92
7.22
0.42
14.88
16.51
17.22
12.71
7.88
8.57
1.9
13.8
11.14
6.41
13.55
14.82
5.16
3.48
3.97
14.24
13.7
17.68
18.38
17.92
19.77
15.31
16.27
16.44
16.57
12.79
9.05
16.35
15
16.4
18.79
18.1
-6.8
19.34
21.68
17.43
8.12
12.31
14.59
14.96
14.47
10.76
11.48
17.01
15.73
11.62
7.14
12.05
10.26
3.75
7.45
1.14
4.13
10.94
15.58
14.73
2.26
11.21
4.15
0.63
12.01
14.05
13.43
9.31
7.84
16.08
17.64
13.54
9.58
15.47
18.45
22.71
11.73
17.95
18.64
18.22
18.79
17.65
15.57
3.84
9.54
-5.02
18.27
21.3
10.22
16.63
19.08
18.9
19.35
21.05
20.07
16.87
15.92
14.97
15.97
15.9
3.15
19.98
18.28
9.84
12.44
12.96
-12.35
12.97
13.03
11.84
14.41
17.58
12.14
10.02
12.84
12.53
14.92
14.01
8.94
18.81
20.68
16.33
1.12
13.99
12.39
9.64
4.88
18.01
17.24
15.03
21.99
22.66
18.87
3.23
17.69
15.45
-3.9
10.57
10.64
-5.4
15.33
15.47
15.78
17.25
17.79
4.78
18.74
19.9
18.65
17.73
19.37
8.31
17.16
18.31
15.84
10.72
2.22
6.08
12.67
14.45
15.92
5.91
18.33
22.51
20.8
12.56
5.09
10.59
15.9
14.52
14.15
9.74
9.42
18.67
21.87
18.93
8.19
13.93
13.21
2.95
12.98
15.73
17.8
17.83
20.47
18.15
16.69
4.84
15.59
6.21
13.08
15.02
18.64
15.29
16.93
18.07
18.21
19.81
20.7
18.76
18.72
22.36
23.31
18.5
14.71
18.07
18.27
17.11
17.66
18.94
15.93
16.92
18.65
13.77
12.46
15.4
20.02
20.1
15.39
12.26
4.87
13.87
14.06
16.23
19.97
21.27
16.94
6.62
13.99
2.36
15.8
11.03
19.58
18.15
12.18
17.56
16.81
19.6
19.5
15.68
9.27
18.95
23.77
20.92
9.25
21.38
20.64
3.01
21.29
22.54
16.27
8.85
12.87
7.32
16.53
21.29
19.53
15.46
15.87
16.11
11.34
4.14
3.39
11.64
18.7
19.62
15.27
6.44
9.29
16.43
18.61
18.58
13.69
21.47
19.43
13.44
14.17
12.24
11.33
10.82
7.69
13.09
6.4
16.2
20.71
19.12
17.47
15.87
9.46
10.61
12.82
19.51
18.97
11.67
4.03
12.41
12.49
5.8
-9.49
6.65
18.03
22.53
20.26
13.26
-0.59
7.22
19.56
21.54
16.27
12.02
17.92
11.82
17.15
19.93
13.36
19.24
19.31
18.45
11.57
14.85
-1.93
17.16
15.12
7.33
-2.65
8.45
6.97
9.44
17.61
18.03
17.09
10.66
-4.72
11.39
16.68
12.5
10.86
7.12
12.28
5.48
8.72
15.41
16.74
18.16
12.9
11.22
11.61
4.29
13.41
20.12
18.14
-2.6
14.81
14.42
18.7
20.9
17.38
9.32
6.02
11.46
-2.18
11.45
13.63
14.83
15.28
16.64
18.16
19.9
16.57
3.35
1.73
6.53
18.9
20.4
20.81
18.89
18.06
17.1
17.15
17.07
18.34
17.43
19.67
22.36
18.28
8.12
18.03
14.54
8.42
12.63
7.83
3.08
7.49
9.91
11.9
7.89
14.59
14.72
13.32
17.37
19.74
15.04
15.69
23.36
23.76
16.37
-10.14
-3.07
13.69
20.61
19.53
16.52
14.47
7.03
9.57
14.86
16.72
10.32
15.68
18.01
18.94
20.79
17.87
10.65
3.55
9.08
14.58
13.11
4.97
11.64
17.02
18.26
16.25
15.12
14.62
2.7
18.95
19.51
14.01
13.73
15.97
20.33
20.09
15.84
18.35
21.04
19.08
5.45
14.27
13.06
12.2
11.06
14.35
22.19
23.84
21
16.67
18.01
19.38
16.51
11.13
11.15
14.94
15.58
14.88
13.14
14.67
15.04
8.83
8.89
15.8
18.01
16.05
13.78
15.45
13.69
9.48
7.4
7.17
12.33
7.66
6.87
7.55
10.61
10.5
14.93
8.84
5.07
4.96
10.11
13.07
13.91
9.55
15.22
16.49
4.48
15.21
15.39
10.19
4.64
1.79
12.48
6.92
11.04
9.76
9.95
11.52
-1.3
9.8
14.54
15.28
14.59
10.98
5.34
9.21
6.02
12.97
17.99
13.14
-0.72
11.51
15.94
16.92
17.14
7.57
10.31
13.43
10.39
10.17
6.15
10.08
14.27
7.13
13.16
9.61
15.69
5.78
12.91
16.61
19.32
15.53
11.69
18.15
15.57
11.5
8.59
9.35
16.08
19.57
15.93
-6.38
13.06
15.07
17.49
17.43
14.33
10.29
5.89
12.53
12.24
8.48
10.58
15.12
16.43
12.65
1.93
11.34
11.18
11.92
15.2
15.45
12.86
4.45
0.85
-5.61
7.64
17.13
21.29
18.88
14.27
18.69
20.38
12.85
10.6
15.69
18.07
18.79
13.27
-2.69
7.71
6.14
2.97
2.29
12.38
16.95
13.13
9.89
-4.07
9.01
7.74
6.48
12.51
13.75
11.1
14.39
7.38
6.68
16.16
20.65
21.45
21.87
15.61
4.78
14.13
17.76
17.42
16.03
7
9.74
13.8
11.09
13.03
9.35
13.72
15.69
7.85
1.08
13.86
17.16
14.22
12.63
14.71
11.02
10.17
16.46
10.58
7.73
8.42
9.45
15.11
2.59
10.21
7.63
11.42
8.37
11.23
12.81
10.18
11.64
9.93
6.95
10.54
14.27
6.43
10.81
14.02
12.86
5.58
-3.13
2.22
7.71
14.02
17.36
16.04
15.6
19.7
18.45
7.77
12.2
13.4
0.82
8.8
6.13
2.62
13.9
18.94
21.22
20.89
16.86
12.54
16.69
14.92
8.07
-9.44
5.16
10.61
19.55
20.06
7.99
7.44
12.58
14.95
17.36
16.83
-0.49
11.62
14.62
19.29
18.66
13.54
9.1
2.6
17.19
17.01
5.92
12.22
7.4
10.57
16.88
20.42
20.58
15.22
13.69
16.86
15.89
16.32
16.35
14.8
14.62
14.96
15.26
16.83
12.66
6.4
10.87
11.57
12.44
17.94
18.47
12.99
12.46
13.01
6.4
12.11
11.89
10.92
5.99
4.22
13.9
14.16
13.05
16.29
19.23
12.4
12.29
17.65
17.42
14
9.74
15.27
13.24
-10.14
10.21
-5.37
6.54
5.69
10.87
1.96
15.09
18.52
19.81
18.02
10.05
12.14
13.62
15.05
15.53
15.12
15.02
14.04
14.67
12.38
12.75
15.47
12.09
3.4
10.2
14.38
16.18
14.74
5.39
6.12
10.76
15.67
17.84
14.35
12.05
13.87
9.98
11
15.36
3.07
12.92
17.08
13.47
9.95
7.86
11.32
17.9
15.02
13.67
15.94
16.23
14.61
13.45
3.77
17.17
11.63
9.17
10.43
15.9
12.72
13.37
13.75
7.59
8.56
11.11
8.75
13.29
17.25
17.19
15.32
15.69
13.3
5.52
13.07
13.66
15.79
4.37
13.97
14.91
9.63
10.68
6.97
11.92
9.24
6.51
15.63
14.19
7.72
-5.1
3.12
3.67
14.7
17.5
13.36
8.01
7.65
10.54
0.64
3.15
-4.5
10.34
11.1
2.71
9.88
13.49
15.03
13.63
14.18
14.78
10.55
9.5
15.41
14.23
11.36
13.27
13.07
8.68
6.76
10.36
12.07
17.24
16.29
10.93
13.47
9.62
7.28
10.86
15.38
13.68
14.72
16.58
16.36
14.28
14.98
11.32
0.35
8.56
9.01
1.44
7.25
14.36
15.57
12.78
-13.57
9.22
7.6
8.98
13.04
12.56
9.8
-1.15
5.2
2.18
5.74
13.72
17.12
13.02
10.12
11.9
2.83
4.51
9.68
12.52
8.16
7.21
2.72
8.59
12.72
15.33
16.9
17.16
14.88
13.1
7.84
2.3
13.09
9.6
7.79
13.73
17.11
19.86
19.14
16.03
14.52
9.46
-3.9
7.65
-4.74
9.73
12.88
10.34
-0.69
-3.57
9.01
5.62
-0.57
11.19
17.22
19.25
17.53
9.58
15.44
10.8
7.91
5.21
6.64
5.91
10.28
11.4
11.24
11.4
8.65
11.11
10.59
4.48
5.79
12.57
15.37
15.31
13.79
8.17
7.33
10.14
6.94
0.98
3.52
4.51
14.05
17.79
16.09
9.27
14.52
16.94
15.9
13.24
10.98
11.71
12.99
11.49
10.53
11.68
9.43
3.45
-0.83
-0.92
-0.22
0.47
8.37
13.83
12.01
-4.03
12.2
14.34
14.36
16.61
13.28
-2.18
7.11
10.66
16.13
16.4
15.71
13.67
10.82
4.23
7.03
12.96
14.99
14.89
15.01
13.95
18.14
15.99
12.27
12.66
2.26
9.69
10.47
10.43
17.58
17.77
10.59
0.7
3.8
10.09
12.84
13.59
13.18
14.51
17.7
13.6
9.85
14.28
11.3
11.85
9.08
13.16
12.8
-0.6
14.07
18.91
16.22
10.76
15.99
16.01
9.63
4.12
7.6
14.17
11.72
0.63
13.61
11.77
4.24
7.02
9.84
13.83
14.17
12.59
9.63
3.65
16.75
20.44
17.9
8.88
-4.12
7.58
15.19
15.07
-6.16
15.21
13.27
13.9
14.55
13.53
4.46
-10.35
10.45
18.7
18.13
10.43
12.4
15.59
12.25
7.69
13.57
18.16
17.56
15.91
15.44
14.74
12.56
13.17
13.82
7.61
7.36
14.27
14.52
-1.61
12.17
8.99
15.36
19.4
17.76
14.77
6.31
8.44
1.68
10.68
13.86
7.07
16.17
8.56
6.79
11.44
12.31
0.52
-1.11
7.35
7.7
2.16
9.71
18.96
21.35
18.61
10.88
8.52
2.86
10.69
12.97
17.67
17.17
12.55
15.51
15.27
16.39
17.5
14.37
9.25
8.12
10.16
12.97
2.88
6.1
10.65
7.64
8
15.89
15.12
16.35
17.38
15.7
13.61
6.22
10.93
10.42
9.22
12.18
16.51
15.5
15.58
13.52
14.4
15.95
15.4
9.36
14.84
11.92
8.34
4.72
4.32
0.78
-7.3
-2.19
5.01
6.26
10.94
3.17
4.46
6.94
9.62
12.12
11.39
7.87
15.99
17.93
16.03
13.03
8.59
6.22
11.29
10.12
6.8
6.28
8.7
13.99
8.95
1.95
4.98
-5.29
2.73
12.48
14.54
13.87
13.07
7.31
-0.67
2.39
10.98
11.44
13.29
14.9
9.63
10.37
10.56
-1.23
10.21
14.97
9.5
6.13
12.18
8.6
-5.22
6.24
4.57
4.91
7.63
-0.01
7.52
-1.09
6.23
11.07
7.5
5.58
0.51
-3.32
2.94
8.48
13.4
14.91
17.13
21.12
17.45
5.66
-7.19
8.83
6.01
9.71
8.09
11.95
8.72
11.56
14.1
13.46
9.79
8.88
9.7
9.38
11.26
14.19
13.86
10.27
16.69
14.73
-8.23
8.38
-0.33
12.73
17.32
18.13
16.37
13.61
15.56
12.86
12.41
12.89
12.49
19.13
17.56
13.82
14.46
11.5
9.39
10
8.24
9.84
18.15
19.86
18.26
13.07
6.21
-7.05
11.99
18.2
18.63
10.59
13.19
20.3
20.65
17.32
13.27
11.63
10.98
8.34
6.21
5.88
16.1
16.62
17.5
17.64
8.82
9.48
11.69
14.04
17.72
16.36
11.42
0.59
9.85
15.64
14.27
2.89
14.86
14.91
5.89
16.61
16.03
11.45
12.56
18.41
20.03
19.35
16.86
12.82
7.48
-13.69
11.82
13.69
13.43
15.77
13.3
-1.97
12.13
12.88
10.54
5.68
1.7
1.18
13.17
15.8
14.23
7.35
9.57
13.63
13.48
14.99
13.76
9.54
10.88
2.81
8.04
11.67
13.75
13.13
17.95
22.1
21.57
16.95
12.37
2.63
4.31
13.73
14.07
13.93
15.62
15.38
9.82
16.04
17.72
11.41
9.76
12.17
10.67
6.85
3.14
10.88
12.43
8.98
9.42
13.79
9.31
7.54
12.61
14.53
13.08
11.35
14.95
15.2
14.27
11.2
6.31
9.05
14.5
16.34
15.31
13.05
12.04
15
16.78
17.72
15.32
10.77
-0.28
14.59
17.42
15.2
11.63
13.38
12.72
11.25
17.13
14.88
11.64
7.55
6.77
8.65
-9.92
1.61
4.77
6.8
5.59
5.57
9.54
9.29
10.72
12.67
12.18
9.41
11.72
16.04
15.68
11.26
7.35
11.91
1.83
9.57
16.67
16.12
5.46
4.45
10.84
11.97
11.95
8.49
6.71
3.02
-10.85
3.29
8.17
10.82
9.73
13.7
13.86
8.96
4.93
6.4
12.23
13.89
13.21
11.1
14.96
16.72
15.99
14.7
15.11
12.92
6.33
1.11
13.73
20.59
19.75
14.06
6.56
17.08
11.5
-0.92
-5.22
0.47
-2.61
3.31
12.36
16.84
17.34
9.99
9.99
10
1.46
1.6
6.09
9.33
11.71
-6.38
14.48
8.51
9.1
13.56
14.74
1.27
2.83
13.21
14.9
13.63
15.07
16.87
11.65
6.68
-4.72
6.1
4.15
3.06
7.19
3.72
-0.96
-10.11
-1.97
4.48
9.11
2.87
5.83
13.34
14.42
11.11
13.36
12.81
2.87
9.88
16.8
16.85
12
7.02
6.56
9.08
14.94
14.26
11.6
9.4
11.2
13.58
10.31
10.76
14.08
15.11
13.71
11.97
-2.98
15.84
18.47
17.23
14.68
15.72
14
11.05
14.22
18.72
20.23
18.77
13.58
2.62
12.38
10.59
12.36
13.49
15.29
14.63
8.1
-0.66
4.93
9.56
6.37
13.87
15.77
11.39
0.6
13.79
12.94
8.05
6.83
5.11
8.45
11.42
14.7
13.64
12.61
5.56
-0.31
8.46
9.99
11.77
1.19
7.48
3.13
12.56
15.57
13.73
13.74
13.94
8.71
13.24
13.28
-2.11
10.93
10.08
13.33
12.8
-8.73
11.1
9.93
3
7.33
11.91
17.65
17.98
13.64
8.99
16.36
17.67
12.53
8.66
12.51
16.3
11.26
6.5
9.58
9.83
15.33
14.02
1.85
10.07
13.34
12.05
7.61
15.51
17.44
13.05
10.75
13.11
11.49
11.03
10.47
9.52
7.65
0.69
8.38
11.77
12.4
9.67
4.61
8.77
7.83
12.64
15.71
14.98
-1.36
10.88
13.73
13.87
13.15
11.15
10.85
4.33
10.51
11.73
8.81
6.64
8.38
13.85
12.6
9.21
14.91
12.13
8.73
9
5.78
13.28
15.9
12.15
4.68
1.21
7.63
8.75
5.93
8.85
0.84
-10
5.05
-2.4
6.67
12.14
17.03
10.92
8.27
8.67
4.7
-4.35
7.45
9.31
12.39
15.95
17.56
13.85
13.4
13.51
15.4
15.82
13.81
8.1
13.91
16.82
14.57
7.94
12.99
15.4
14.04
-7.53
5.34
5.1
15.27
16.95
15.8
13.69
10.49
14.86
17.56
14.41
16.97
20.27
15.93
0.03
12.63
13.13
10.42
9.79
9.44
2.38
7.41
11.86
0.42
7.9
13.6
16.72
12.5
4.56
10.7
11.88
12.09
7.49
9.4
9.13
7.06
-6.16
3.08
1.55
7.37
7.59
6.16
11.68
17.44
16.9
6.94
10.62
12.39
8.29
8.28
10.86
9.46
14.08
17.68
13.66
14.3
0.19
12.93
12.25
8.13
13.44
14.04
14.82
9.69
12.37
4.58
16.36
16.67
14.49
14.54
9.65
7.37
15.03
10.23
3.26
6.91
9.47
4.18
15.7
10.23
8.03
-2.27
12.1
12.52
9.44
15.15
18.63
13.32
-1.52
-0.12
3.45
5.85
8.68
13.89
10
5.3
7.22
6.88
13.02
15.36
17.23
16.57
10.15
14.49
10.49
5.69
13.25
11.9
6.22
13.51
14.57
16.7
16.66
11.25
-23.51
4.8
9.61
12.12
10.17
0.84
7.32
10.15
7.19
10.55
17.22
18.79
18.36
15.57
9.02
14
17.34
13.82
11.95
13.29
14.31
15.25
14.52
0.98
14.24
18.84
17.02
11.24
7.95
7.05
13.16
13.73
18
17.72
14.75
14.17
13.39
12.41
9.27
8.06
8.39
5.47
9.45
-3.83
14.57
16.6
14.57
13
11.99
9.15
13.46
15.75
13.93
7.85
1.33
10.44
3.8
6.45
15.51
9.14
7.1
11.7
7.93
5.53
11.31
12.82
13.7
10.79
-2.68
0.72
0.2
2.16
6.35
10.96
13.7
16.21
13.39
3.05
4.36
2.89
4.82
6.19
9.96
10.37
11.99
7.05
-2.04
-9.05
4.38
-2.94
1.88
7.8
-5.19
12.35
14.05
16.25
14.3
10.46
9.73
6.49
11.88
9.8
11.73
7.22
9.1
5.12
8.44
7.33
9.83
17.15
14.91
13.21
14.81
7.78
-1.57
4.53
11.82
12.21
15.94
16.4
12.04
8.13
10.08
14.75
14.82
13.68
7.96
-1.92
6.85
15.11
14.94
10.13
-3.15
10.88
10.08
13.74
15.26
10.62
10.67
11.74
11.45
13.03
5.09
2.93
-5.58
9.76
13.18
9.93
6.81
15.87
14.36
11.5
14.59
16.27
10.27
13.3
14.7
-9.31
6.59
11.64
11.88
1
10.53
13.63
15.52
12.76
6.92
13.38
13.16
5.31
11.67
13.24
11.99
9.99
6.3
3.44
11.07
14.43
8.63
8.27
8.63
-2.61
6.06
4.42
-2.89
8.34
13.72
17.44
16.19
8.41
6.23
9.15
11.77
12.62
9.77
6.56
2.35
10.56
11.37
11.35
15.12
14.93
9.88
14.28
16.67
11.34
5.55
10.32
6.59
10
15.12
13.23
9.68
13.09
9.79
11.7
7.18
6.71
8.03
9.04
15.43
15.89
10.64
6.18
10.77
13.23
12.34
-2.89
4.56
3.2
7.34
8.4
2.92
3.88
13.04
18.03
15.88
10.92
15.18
12.69
9.81
17.72
19.23
15.89
2.53
11.41
10.41
4.94
13.04
12
11.89
6.92
-0.07
12.48
13.59
-3.35
9.07
8.67
6.52
-1.41
9.36
16.09
18.79
16.56
9.12
7.15
15.21
11.12
13.33
18.72
18.96
13.04
5.34
10.24
12.03
13.27
14.64
11.25
10.76
17.23
14.74
7.35
8.14
7.01
16.39
18.5
16.57
10.9
-7.34
13.94
15.51
15
13.99
10.34
10.08
9.27
10.44
13.77
13.2
8.23
4.7
-0.7
-7.31
5.79
9.99
11.26
12.84
12.48
7.9
7.27
6.64
11.67
10.84
8.97
15.39
12.73
5.55
8.82
14.62
18.03
15.59
10.67
8.11
12.01
16.98
17.76
14.89
8.34
8.35
13.43
15.3
12.24
8.96
10
8.13
3.4
15.52
16.87
14.45
15.2
12.64
11.88
12.12
10.89
11.43
4.87
-0.89
10.5
13.97
12.77
13.2
15.06
12.88
-12.69
14.7
19.25
18.08
13.99
14.86
19.09
16.34
2.94
14.43
14.22
11.98
12.18
20.07
18.18
13.57
13.86
16.26
18.93
19.48
18.57
17.79
15.77
15.23
9.23
7.57
11.51
13.64
12.68
12.36
12.83
12.89
10.52
9.18
9.34
8.68
14.01
7.78
9.5
12.71
15.99
14.32
6.57
2.77
10
17.2
20.53
19.69
17.49
14.05
8.22
10.94
15.37
15.73
14.43
12.75
8.05
6.97
13.17
10.95
-9.87
-1.57
14.43
17.59
13.94
9.7
2.06
3.01
-3.24
9.42
19.11
18.71
9.4
13.96
8.64
5.11
12.27
10.37
15.02
18.74
16.71
8.96
2.58
10.4
8.16
12.24
13.4
10.08
14.6
18.53
17.94
10.64
-1.82
8.67
15.52
16.19
9.77
-2.9
8.85
13.44
6.16
15.09
5.68
12.09
12.23
-5.5
12.08
12.09
7.4
5.97
-0.24
9.13
2.16
15.09
15.36
-2.39
12.41
13.78
10.4
7.63
11.46
13.01
12.59
14.41
14.56
11.45
6.95
10.03
14.06
16.23
15.91
13.98
11.98
15.02
11.05
10.74
13.6
9.63
12.48
1.62
10.53
15
17.24
17.74
18.96
18.94
16.6
15.58
14.39
11.18
8.78
-0.7
12.81
15.07
16.95
16.06
12
10.52
15.76
16.43
12.45
15.85
15.11
9.61
9.01
13.37
15.66
18.56
17.78
10.43
2.85
4.03
15.28
16.73
14.09
12.49
14.03
14.44
14.57
15.98
16.28
14.43
9
4.86
10.96
13.16
17.18
17.62
16.88
16.46
14.75
16.28
9.23
5.89
9.9
13.46
14.16
9.23
9.89
14
4.76
10.73
5.97
-4.65
-2.09
9.24
5.99
13.31
15.36
15.78
19.2
19.14
15.41
15.15
17.84
19.84
17.64
14.6
15.39
15.78
14.71
13.99
6.53
7.55
15.62
15.68
13.7
12.94
11.2
12.03
12.55
11.64
14.53
16.38
15.48
15.49
14.14
8.24
10.49
12.44
14.65
17.16
16.66
11.26
6.39
7.73
14.25
16.14
13.42
12.21
2.96
15.33
