3.79
9.67
-0.7
3.76
0.37
4.55
0.02
5.26
-4.08
1.53
4.23
4.86
7.67
11.38
7.09
4.37
11.15
12.25
12.6
14.26
12.57
5.38
10.36
8.94
3.28
9.94
10.03
5.58
4.96
9.48
13.91
16.57
11.23
3.97
9.93
8.89
4.33
12.24
8.09
-1.17
4.66
9.06
7.45
10.68
12.05
6.87
10.04
16.1
15.37
9.3
9.94
7.09
12.53
13.42
10.07
4.71
10.83
13.37
5.97
9.75
15.07
14.52
15
14.74
7.18
6.47
14.12
14.9
11.22
-9.86
2.86
-4.42
1.48
5.77
11.86
10.83
10.3
9.56
6.82
2.26
0.03
0.61
8.56
13.99
8.9
13.49
15.87
12.43
-2.29
10.25
12.92
13.36
14.6
11.53
9.79
6.63
10.1
9.05
13.91
14.67
8.81
-8.14
-6.04
2.81
-0.14
5.11
14.92
16.35
11.21
8.52
12.24
16.19
14.23
1.52
6.97
0.88
-1.31
6.03
10.25
8.44
6.13
13.44
15.53
9.39
-1.22
3.27
8.42
10.53
7.83
3.8
15.22
17.84
12.64
12.69
11.3
-1.34
10.2
12.44
12.33
10.71
14.31
14.21
8.99
7.15
10.1
4.67
10.06
11.63
3.87
10.05
13.96
-8.06
13.5
13.73
12.36
13.01
11.92
13.89
15.15
11.98
-1.52
8.98
13.69
12.35
11.41
7.37
8.65
6.92
8.13
13.31
14.81
14.19
9.58
7.48
3.08
-2.05
4.41
11.48
13.01
11.58
5.66
5.05
14.38
12.83
3.28
7.09
12.77
8.26
0.78
11.64
13.63
3.67
3.2
2.79
-4.61
-1.33
7.34
7.98
12.71
17.64
16.29
3.38
8.48
11.08
8.47
4.07
8.14
8.47
6.38
14.8
16.82
13.81
7.97
14.83
15.22
6.73
-2.45
9.33
12.12
0.61
-2.09
1.52
6.43
5.2
-11.48
5.69
7.72
9.07
8.73
10.07
9.18
11.26
4.63
11.15
13.66
12.89
12.31
13.47
12.73
6.84
7.03
9.57
11.64
12.42
11.43
11.4
12.91
13.89
11.42
-1.23
8.17
8.47
6.64
11.53
9.01
-4.01
-1.11
1.59
-7.92
7.05
14.74
15.76
14.6
12.3
7.54
-1.75
15.3
15.84
-2.5
12.5
9.59
7.54
10.93
11.35
8.73
6.87
4.47
1.04
11.57
10.73
7.6
6.96
13.12
7.42
-1.58
-6.93
3.62
8.15
16.83
16.19
10.7
8.94
14.47
17.51
16.71
12.69
9.36
2.11
-3.35
3.83
12.71
13.91
11.57
1.88
6.16
11.55
12.51
11.74
15.91
14.66
13.87
12.79
5.27
11.42
14.89
13.3
13.57
14.42
5.94
3.8
2.49
4.69
8.57
9.53
6.21
7.91
11.76
9.82
9.14
10.22
7.82
0.8
2.49
10.13
12.04
9.54
-3.42
15.05
17.31
16.64
15.83
10.39
-4.2
5.76
-0.4
4.84
11.12
12.06
5.58
-1.61
11.78
14.49
14.23
13.84
9.99
9.16
13.52
12.61
10.09
7.8
6.29
9.07
7.67
8.41
2.22
7.99
4.16
-6.67
11.88
16.91
12.23
13.39
9
-2.15
5.1
12.72
7.48
6.45
6.64
4.58
9.06
7.9
3.49
7.46
12.38
9.99
4.57
11.92
11.54
9.46
6.13
2.6
-3.36
1.02
-2.86
11.06
10.58
7.65
10.5
15.03
11.28
17
9.22
-1.88
9.47
13.06
12.16
10.55
11.66
13.52
14.97
16.54
15.62
9.32
-3.16
3.22
11.66
15.12
14.59
15.89
16.3
11.3
1.48
-9.71
-2.94
8.6
13.03
7.41
-17.85
2.77
3.85
6.28
-8.96
11.01
12.67
9.71
1.67
8.01
14.26
9.92
8.74
14.77
10.99
-3.44
0.84
12.44
14.12
7.07
-4.75
9.58
12.57
11.95
12.31
13.36
11.06
7.14
-1.58
7.53
15.31
16.3
11.03
9.17
12.06
14.98
16.03
14.78
13.64
10.96
10.15
7.62
0.38
9.84
2.08
-8.63
7.26
13.34
13.12
14.12
15.4
15.25
14.46
6.14
5.6
9
11.89
15.63
15.94
12.26
1.66
-1.69
7.38
12.98
10.31
4.31
9.24
10.99
11.06
13.23
12.99
12.42
12.88
9.37
7.67
9.39
0.65
6.68
-6.14
9.65
10.89
4.4
13.64
14.34
8.21
13.6
12.49
5.2
11.59
1.95
11.87
12.92
7.96
7.78
11.05
11.12
7.25
1.64
8.25
8.96
1.67
8.36
9.19
8.26
8.28
2.82
11.09
9.02
8.36
9.53
5.6
4.38
4.38
13.24
15.34
13.51
10.16
7.79
1.17
-0.76
-2.47
-1.09
7.99
11.06
11.9
12.34
11.96
8.49
4.7
7.25
10.58
5.11
5.93
-4.62
2.64
9.94
13.33
11.46
11.65
13.71
12.63
8.35
4.22
2.44
-1.26
0.55
3.34
7.31
12.44
13.85
14.19
14.32
10.41
6.98
2.52
-2.53
-1.02
3.29
8.12
5.06
13.44
3.17
11.41
14.85
15.24
13.11
12.4
12.69
12.4
8.48
7.95
14.76
11.72
18.66
13.74
8.25
5.93
10.82
3.3
12.06
15.82
11.53
2.69
7.78
14.09
11.23
15.01
14.75
10.54
3.02
4.69
9.8
11.12
13.93
13.47
12.83
10.5
-9.53
5.19
-2.56
-1.54
8.69
11.12
12.5
10.24
6.94
13.91
14.9
13.94
5.52
3.14
0.01
2.61
2.45
10.7
8.13
0.06
-1.37
5.78
8.8
6.01
3.01
4.22
2.04
8.09
11.73
10.03
-5.32
11.26
13.19
13.42
13.02
8.91
3.02
8.58
9.41
5.77
7.51
15.09
12.41
3.26
6.99
10.83
7.58
0
11.93
12.28
8.49
0.19
11.92
12.12
10.04
9.12
12.5
10.28
1.71
12.41
0.95
10.77
10.72
11.11
14
12.23
2.32
3.5
7.45
11.18
10.23
6.13
8.71
5.95
9.6
14.78
15.58
15.14
14.5
12.1
5.72
8.78
7.63
11.16
13.23
3.88
7.72
7.53
6.38
14.09
14.84
12.4
10.96
2.54
10.23
14.88
14.08
12.19
11.16
12.14
14.47
12.22
9.12
-3.44
7.93
4.86
-2.06
-1.18
8.2
9.45
13.15
15.78
14.67
13.1
12.63
13.79
17.51
16.47
11.51
11.88
6.31
5.57
10.49
9.24
8.94
10.5
10.22
7.16
11.32
13.82
8.02
-3.48
-4.19
13.44
14.86
9.64
6.17
4.97
-0.18
12.35
13.76
12.42
10.87
5.17
7.93
1.99
-5.69
2.74
13.91
16.77
14.5
7.12
0.09
2.83
10.88
14.42
11.82
12.68
13.66
7.29
1.84
-0.24
3.19
12.23
14.97
15.06
14.33
12.24
9.07
5.19
1.21
8.35
6.45
6.13
14.01
13.31
9.32
10.49
9.38
11.61
20.4
25.31
25.93
21.96
19.76
20.21
23.6
22.47
10.63
15.1
13.29
15.71
14.15
6.9
14.03
22.44
24.75
21.69
19.79
23.04
20.45
25.68
27.43
19.57
13.39
16.17
15.41
22.82
26.46
20.44
5.17
14.1
16.11
12.97
26.76
28.06
23.02
20.7
14.73
16.12
23.83
27.05
25.25
15.76
15.94
21.26
20.04
20.62
27.57
27.09
26.38
25.88
23.25
19.94
18.71
28.1
28.53
20.58
12.19
14.08
11.66
10.37
24.04
25.93
22.35
20.58
12.41
16.5
15.61
12.78
18.96
5.44
6.9
14.35
22.82
24.08
24.54
18.27
14.92
13.84
20.58
22.82
19.91
19.46
23.12
24.06
21.27
17.47
17.61
18.26
11.72
15.17
17.86
21.55
12.49
7.87
1.69
0.2
18.35
23.13
22.06
16.56
13.65
18.28
15.13
16.46
20.35
17.46
18.48
24.08
27.15
26.26
23.74
21.86
21.53
21.79
16.83
23.26
21.38
18.32
4.64
19.2
16.95
11.43
15.37
15.28
24.43
25.55
22.7
21.1
29.4
33.94
30.65
18.94
13.31
18.28
18.14
17.85
22.18
24.34
22.47
13.9
16.84
28.45
31.71
28.09
14.26
19.32
15.14
16.65
23.17
21.06
9.9
9.5
1.52
11.3
16.65
23.71
20.52
23.47
29.32
28.96
24.78
16.37
19.71
21.43
16.86
19.05
22.21
21.38
20.65
27.21
29.86
24.11
18.73
20.1
13.47
21.26
21.85
21.54
27.3
24.89
18.03
19.07
17.39
24.2
29.98
29.99
26.9
20.71
-16.11
13.27
7.58
12.23
16.64
21.96
21.84
17.89
15.53
18.05
23.41
23.33
21.74
9.79
12.4
15.45
10.26
13.06
21.65
24.19
18.8
16.04
25.88
26.57
17.99
20.05
23.43
24.88
22.46
16.92
18.66
25.43
28.13
26.29
23.11
19.78
21.53
27.64
25.88
20.57
17.37
15.43
13.09
11.12
18.57
19.1
15.33
3.23
10.51
12.73
16.78
20.02
15.27
23.36
19.79
19.84
20.37
22.59
20.02
12.12
21.9
23.65
15.86
22.77
25.98
20.54
22.5
27.01
23.58
22.42
20.1
15.14
19.03
7.8
16.36
17.16
6.12
17.3
22.32
21.91
22.08
23.89
18.69
15.39
11.62
19.88
18.85
13.23
10.8
17.66
23.09
24.81
22.93
18.52
8.4
13.54
18.64
21.11
14.42
11.85
13.95
7.68
2.33
13.32
16.79
-4.72
18.39
25.17
25.09
20.14
8.25
17.63
21.7
23.34
24.62
26.66
24.73
9.67
15.2
18.85
27.79
25.42
12.94
8.16
-0.57
9.37
19.78
22.88
20.09
15.29
12.64
10.26
9.83
15.77
19.54
17.53
17.4
9.31
12.7
15.46
14.17
17.11
18.99
18.67
5.43
15.08
18.12
18.13
19.15
21.4
19.95
15.4
15.52
17.18
17.37
23.6
24.87
21.48
12.5
12.92
16.83
14.85
8.7
9.95
13.24
17.18
14.43
15.1
14.48
16.73
13.39
10.02
13.93
13.25
12.11
11.8
10.41
10.34
7.49
3.32
11.14
10.53
9.25
13.2
12.94
8.31
7
12.04
13.38
15.68
11.57
2.41
0.79
1.12
4.74
14.33
15.63
7.53
11.69
13.87
13.84
11.72
4.86
12.96
12.14
10.1
7.82
13.09
16.28
20.91
22.86
15.89
20.54
22.47
21.91
17.61
16.04
18.01
18.86
19.4
18.66
9.53
12.44
18.28
23.41
22.38
22.51
18.57
6.69
15.92
16.03
7.47
16.83
17.89
15.21
5.16
18.2
17.36
13.6
12.91
23.81
22.48
11.38
17.73
19.81
13.04
19.23
14.8
20.14
15.62
9.41
19.42
21.4
18.94
15.02
20.95
19.81
12.81
23.58
23.85
17.99
20.16
19.82
16.33
18.23
22.73
19.72
17.78
22.05
23.78
22.06
16.13
3.82
2.56
8.84
-3.25
19.93
20.97
18.86
19.87
17.42
19.75
24.29
24.32
13.88
14.25
16.79
9.17
11.57
17.92
19.56
11.96
17.08
19.36
18.38
23.96
25.25
25.52
25.17
24.35
24.56
23.81
20.72
19.51
20.36
14.03
15.88
11.82
10.21
21.92
25.89
24.3
19.22
17.48
17.74
23.23
20.17
13
20.58
19.61
12.37
21.41
23.91
24.91
21.3
19
27.9
29.08
24.11
14.47
18.94
25.65
26.53
18.82
15.67
15.85
19.12
17.72
8.72
14.52
18.83
19.11
21.44
24.55
24.8
23.91
22.37
16.53
12.9
21.94
19.51
20.3
24
25.4
23.88
14.99
22.34
22.61
17.79
19.81
24.21
25.19
20.49
20.92
11.41
23.01
18.29
19.26
21.04
22.5
23.23
24.22
22.5
14.96
15.97
17.74
21.2
24.3
27.21
26.94
25.86
26.14
25.81
21.77
20.31
20.17
18.76
12.97
16.36
19.84
22.91
23.7
22.38
17.63
18.26
12.6
22.86
24.05
14.67
20.66
20.61
16.32
26.91
30.29
25.73
19.13
18.39
16.46
8.08
20.32
20.29
15.73
15.44
21.07
24.84
19.7
15.43
21.07
11.99
6.38
15.73
-5.07
19.53
23.13
24.57
23.92
20.32
20.46
19.7
19.57
18.19
18.37
18.06
23.21
18.62
12.24
17.92
19.74
23.04
15.36
23.15
25.3
18.92
20.91
24.73
23.9
22.94
23.57
23.82
21.83
24.82
24.23
20.3
20.33
18.05
16.04
17.73
18.37
19.33
18.59
12.39
20.95
24.94
24.77
21.25
17.58
18.09
17.26
15.52
12.89
15.62
22.27
25.36
26.73
27.52
23
6.47
23.23
26.1
23.38
22.81
25.36
26.18
26.05
25.45
23.26
23.52
24.11
23.06
17.1
19.87
25.22
25.81
23.97
20.86
19.37
18.86
19.13
24.68
21.46
22.38
21.54
15.48
19.29
8.98
13.34
20.26
23.14
16.13
14.07
17.98
20.34
19.52
19.23
18.97
22.63
27.76
28.7
26.42
22.86
14.47
13.04
18.57
17.87
11.46
21.83
23.46
21.49
20.19
9.39
13.34
14.07
8.73
15.88
22.64
25.71
24.88
21.35
20.07
15.8
16.48
15.94
14.36
17.84
18.17
23.15
26.07
25.59
21.09
15.99
17.17
8.59
16.24
19.26
10.18
20
24.17
22.7
16.98
15.97
13.91
19.19
23.09
20.7
15.42
16.01
18.96
18.14
7.49
6.74
8.78
17.53
20.73
22.41
21.27
19.34
17.36
19.01
23.82
21.51
18.89
18.77
19.63
21.39
21.14
18.03
20
19.42
18.28
7.27
17.2
16.91
7.99
12.61
13.11
11.9
12.65
13.77
14.99
17.23
9.4
17.94
21.14
19
16.71
18.1
11.81
14.04
11.9
18.13
13.42
17.46
24.17
21.04
13.81
4.34
10.97
19.89
22.17
21.85
21.31
18.25
13.57
22.88
28.22
28.95
25.18
17.31
18.54
16.04
21.34
22.98
20.78
18.81
11.86
4.93
11.39
18.01
19.8
22.79
19.96
16.45
21.22
18.63
14.48
16.74
11.64
15.7
22.1
19.29
15.28
16.51
18.43
16.77
20.44
22.4
21.51
20.35
16.27
12.26
17.46
12.75
8.9
16.13
9.63
23.42
27.15
25.47
19.93
19.93
25.55
25.33
16.05
19.36
19.57
13.1
22.8
23.94
20.87
8.11
20.51
22.46
21.44
18.57
26.82
28.61
26.96
25.69
24.56
22.94
22.13
25.21
23.29
19.95
19.84
13.44
8.3
17.51
19.14
15.93
19.07
21.38
22.06
21.26
16.93
12.76
19.14
20.87
20.69
16.49
7.12
12.51
17.4
19
17.05
20.89
25.17
22.08
17.63
19.51
21.81
25.17
27.35
24.15
17.88
20.27
20.51
8.87
25.3
26.64
19.79
23.06
25.35
26.61
26.02
22.31
12.72
6.45
26.92
31.13
26.73
17.93
11.01
20.28
21.33
19.37
22.95
22.13
25.43
30.76
28.42
24.6
15.94
20.49
24.74
25.82
25.54
23.83
29.56
31.72
28.04
23.73
22.4
19.06
-6.99
16.33
16.3
18.18
17.71
11.44
15.38
20.31
26.32
27.56
26.89
20.17
14.83
16.43
11.65
17.19
10.64
16.76
21.24
32.65
43.37
44.23
35.55
11.23
22.42
21.45
16.55
18.39
8.12
14.35
19.05
14.52
17.9
20.73
16.25
17.21
25
28.58
26.95
18.17
17.36
21.26
21.43
17.14
22.13
19.79
18.07
24.13
35.72
43.88
43.41
34.27
18.53
15.79
18.98
4.2
11.5
16.66
12.78
15.58
27.03
29.41
23.87
8.23
-8.12
21.83
21.66
14.05
20.76
30.48
35.18
30.85
21.19
23.2
23.54
23.81
21.71
7.13
12.88
14.13
19.75
27.53
27.89
26.08
22.96
21.88
22.56
21.47
20.03
14.8
22.73
24.32
5.02
20.21
21.23
25.92
27.78
25.04
20.55
22.6
32.45
41.75
42.22
33.35
3.61
13.71
20.49
26.81
28.19
25.45
20.2
33.62
35.36
28.99
9.96
14.86
22.07
26.33
26.51
23.53
23.24
28.12
30.71
28.52
23.9
19.02
15.69
22.41
25.64
29.67
39.67
43.81
39.74
23.61
22.3
19.73
21.09
21.4
7.44
21.93
23.82
22.22
13.97
20.16
23.9
24.46
23.11
25.15
25.81
27
23.61
20.45
24.78
21.27
12.79
17.25
17.1
17.65
18.47
22.46
24.08
20.84
20.48
22.6
21.12
14.42
12.4
22.12
24.37
21.32
25.46
25.24
25.11
26.66
25.93
21.97
22.75
24.51
24.73
23.08
22.93
29.53
42.65
45.17
36.9
21.85
24.46
23.47
25.07
28.99
28.89
24.77
20.92
18.93
15.48
10.08
16.35
23.14
20.97
15.81
19.83
22.29
17.49
16.66
20.13
16.15
12.89
18.59
14.25
7.7
20.97
26.08
27.7
26.68
23.14
10.85
24.31
24.12
11.34
10.14
8.11
19.62
18.8
24.16
29.15
28.78
27.91
28.63
26.62
25.58
23.97
17.61
25.93
26.27
26.47
23.52
16.47
22.41
22.6
10.14
13.08
20.66
22.49
19.06
10.8
27.3
30.92
29
30.53
23.3
15.4
10.86
14.75
29
36.99
38.89
34.06
24.13
22.42
20.65
20.97
26.04
27.58
27.09
30.99
36.88
37.23
31.95
31.1
35.14
34.53
29.12
21.33
30.86
38.02
36.44
30.29
25.2
21.41
20.22
21.94
22.64
19.67
28.8
29.14
32.04
23.97
27.65
28.53
23.56
18.3
22.72
23.34
16.66
27.23
34.62
34.86
30.79
25.72
22.62
23.44
29.69
29.76
23.44
24.66
25.49
18.66
24.75
28.47
29.48
29.76
26.7
17.87
26.94
26.28
30.37
33.11
32.02
28.5
25.15
19.45
21.67
22.17
31.62
32.59
22.14
10.98
22.7
28.02
31.76
30.03
33.68
46.69
48.22
40.06
8.96
26.08
29.04
21.53
17.28
-7.1
34.95
45.58
47.75
41.36
18.68
27.78
26.82
16.72
22.34
22.3
24.44
27.2
26.78
26.23
25.52
31.35
30.31
16.2
11.61
22.79
25.21
25.6
25.41
12.43
23.95
7.28
20.27
17.91
24.13
22.47
22.08
27.12
30.49
27.33
23.75
20.56
24.77
28.48
29.75
25.79
19.57
29.11
28.01
22.43
17.82
28.51
26.96
27.87
24.63
10.84
19.52
6.05
8.84
17.18
21.87
32.27
35.94
34.76
29.64
29.36
29.93
30.2
26.68
29.09
21.5
21.83
18.61
22.98
29.53
30.45
25.9
24.72
18.29
11.65
23.16
26.91
17.99
20.6
23.57
10.05
27.41
24.45
24.74
25.91
14.18
-4.82
22.72
17.19
23.53
22.02
19.81
26.93
24.5
15.74
29.69
35.36
34.27
31.58
29.05
23.5
21.41
15.63
20.76
19.16
22.95
14.11
28.18
31.68
29.49
21.69
28.71
24.74
23.71
27.58
22.19
17.58
19.44
17.67
25.61
25.69
20.25
23.98
25.91
24.04
15.06
9.37
21.03
27.09
28.57
28.23
29.3
28.93
26.71
21.67
22.53
28.63
29.62
30.72
24.29
27.1
29.15
30.59
31.9
27.77
14.25
17.55
25.2
22.24
22.7
28.53
28.82
26.74
20.92
18.9
26.66
29.29
29.08
28.2
24.5
20.94
26.05
25.76
16.37
17.97
16.89
18.08
12.4
18.06
23.27
22.73
19.86
21.67
22.82
26.62
27.06
28.13
26.2
20.53
19.94
24
24.71
21.68
20.03
25.16
22.49
20.08
25.28
25.96
22.1
28.39
26.7
22.12
26.85
31.47
31.25
26.85
20.37
20.77
24.25
17.65
20.98
22.89
19.77
18.62
19.16
24.84
24.53
8.4
21.76
23.27
20.27
21.84
24.31
22.22
17.94
16.23
23.69
28.05
27.55
25.46
25.34
22.94
14.93
26.92
24.92
21.02
24.62
27.35
23.58
15.36
20.16
25.01
25.42
20.53
16.11
22.76
14.48
16.55
18.04
9.14
18.62
22.63
21.88
21
22.69
26.39
29.72
28.16
17.04
12.51
7.85
18.91
15.98
-0.43
16.64
21.85
25.79
26.4
23.91
23.97
26.36
26.87
25.92
25.26
25.08
26.22
25.24
22.2
17.68
5.4
14.58
21.38
23.9
20.6
17.01
23.51
26.16
26.3
26.65
25.57
24.71
21.38
19.63
19.1
20.94
22.65
22.36
17.76
14.59
17.94
21.44
21.08
23.26
20.82
13.04
19.74
24.52
22.33
18.98
18.37
20.83
23.68
24.53
25.26
10.09
26.08
24.22
16.48
10.93
22.47
19.93
24.85
30.29
22.75
28.36
29.98
17.48
21.29
19.64
23.35
22.73
15.77
28.24
27.84
28.22
28.57
19.75
31.32
32.34
27.73
14.76
21.94
26.26
28.66
28.22
15.24
26.14
25.57
16.25
30.16
30.62
18.82
25.25
24.58
21.55
-1.59
27.94
29.49
21.89
16.9
23.01
0.56
25.89
25.5
22.47
22.01
19.96
21.27
20.61
22.21
26.16
28.73
30.68
28.78
24.26
29.01
28
14.75
25.95
27.43
17.19
25.96
26.2
23.2
20.27
20.34
17.48
24.48
19.51
28.57
35.68
34
28.94
24.79
24.91
28.65
19.92
28.06
30.2
31.06
30.48
23.05
25.7
23.5
19.92
18.45
5.62
19.3
14.8
18.3
16.44
26.88
25.36
15.59
29.66
28.15
21.71
26.43
25.12
21.7
22.6
20.31
12.64
21.57
12.9
23.26
24.45
16.37
18.88
22.94
19.84
20.22
25.98
27.13
13.86
20.73
19.1
19.23
25.64
28.37
27.88
20.39
16.63
23.03
24.38
27.22
24.7
16.02
9.56
23.34
25.59
26.16
25.09
19.88
25.78
27.22
8.29
25.27
23.27
22.51
28.67
25.98
25.21
18.32
19.14
22.17
19.26
22.68
18.41
15.41
13.85
24.83
26.47
24.08
18.8
17.37
21.94
28.15
25.92
22.3
18.4
26.17
28.49
22.94
22.46
23.85
7.25
15.91
12.88
22.2
17.7
14.84
15.48
18.64
19.81
9.95
14.87
15.62
25.95
25.94
25.08
28.13
26.57
1.13
19.38
16.75
11.12
12.49
21.3
25.36
21.51
16.9
11.89
12.8
21.22
25.4
24.75
17.35
15.08
21.34
25.77
23.06
5.59
18.48
16.15
24.13
23.71
22.5
20.16
15.65
9.23
23.41
22.64
22.47
15.43
17.35
23.28
23.32
16.42
22.89
22.53
5.77
20.55
21.02
18.14
12.96
8.29
10.71
15.76
19.07
19.7
12.4
5.76
18.1
19.92
-6.54
21.97
21.37
15.51
19.32
11.12
20.74
20.84
6.76
8.15
19.24
18.02
19.99
8.77
10.91
19.66
23.68
20.9
13.18
11.9
15.33
8.32
14.78
9.77
22.01
22.48
11.35
16.94
21.93
17.61
13.88
13.56
-3.01
18.03
23.31
23.1
22.08
15.68
13.39
11.78
14.88
19.67
20.38
14.96
15.36
15.85
13.44
12.53
17.5
20.15
20.29
10.67
14.29
15.75
22.56
22.74
18.9
11.9
13.77
20.28
15.25
16.27
12.91
16.01
17.59
13.1
13.46
7.73
17.2
21.55
21.59
24.91
22.85
21.74
21.39
18.68
17.63
19.15
15.11
20.2
16.56
15.37
12.34
10.95
19.94
22.99
22.47
15.54
15.23
17.66
22.28
23.42
17.61
0.56
7.27
8.06
10.36
15.7
14.92
9
2.04
10.12
4.84
20.07
14.57
18.72
21.91
13.61
16.19
19.61
19.44
18.72
16.15
19.8
21.49
17.95
13.39
15.14
4.97
15.83
21.25
15.55
22.64
18.98
21.68
22.06
17.77
5.86
8.88
7.09
10.14
16.65
18.32
13.55
21.31
22.82
9.97
11.98
16.46
17.23
16.31
22.61
23.66
17.54
20.87
19.1
4.39
11.52
7.38
7.92
8.25
11.56
4.79
10.31
19.04
23.43
20.35
23.68
29.2
31.75
28.72
16.33
16.25
21.25
20.75
16.38
17.85
10.74
13.7
16.16
16.16
12.6
18.75
20.76
21.29
11.58
18.89
22.7
17.15
15.28
15.35
21.16
23.61
23.41
17.9
18.63
19.74
18.16
20.83
22.9
22.99
20.09
14.52
3.91
22.44
26.02
21.94
14.67
14.97
15.42
23.14
-0.56
24.61
25.21
17.84
24.51
20.71
13.54
18.87
11.62
16.68
24.3
25.37
21.62
18.36
16.87
11.42
18.64
23.78
22.32
12.01
-5.02
21.19
24.54
24.86
20.72
8.1
15.15
19.01
24
23.49
16.11
12.95
5.26
18.8
14.93
4.7
12.59
21.15
23.9
21.28
12.27
13.47
6.57
17.25
21.91
13.25
18.29
21.93
21.8
15.97
14.7
6.93
21.47
25.48
23.18
23.38
19.21
9.92
3.16
1.5
17.47
21.58
18.89
17.56
17.99
16.61
18.06
21.96
24.32
14.04
18.95
16.53
22.1
16.57
16.97
22.95
21.61
18.33
22.25
22.47
14.48
24.3
23.16
14.88
22.22
21.11
17.56
8.81
20.05
22.14
22.67
24.01
24.86
24.75
23.35
21.73
18.28
13.81
15.85
18.4
32.07
37.21
33.51
21.08
16.39
18.34
21.81
17.17
10.79
22.39
24.04
25
27.47
26.34
23.62
23.43
16.39
12.04
18.18
24.34
25.93
27.25
26.11
21.91
12.76
18.65
21.35
18.49
19.15
23.15
21.02
14.65
8.05
10.18
11.09
5.38
9.96
16.44
23.05
23.6
12.5
15.54
10.58
8.76
17.54
16.44
13.1
21.05
20.57
20.95
21.53
26.29
25.9
15.3
10.45
11.79
12.18
5.66
16.04
23.1
22.5
19.51
20.31
13.96
15.09
20.08
5.6
12.8
14.28
14.14
9.5
4.16
16.11
21.3
21.92
20.35
17.85
21.47
22.49
21.01
19.48
17.67
19.98
21.14
18.87
15.3
13.33
18.2
20.58
16.86
9.56
18.94
13.75
25.08
27.15
21.58
21.75
20.31
11.9
13.08
14.44
20.68
21.15
21.65
12.98
15.75
15.36
18.12
17.83
14.36
15.12
23.09
23.68
11.83
17.12
11.61
20.99
21.15
14.45
20.13
13.51
8.79
13.91
12.68
4.26
15.29
20.54
19.01
20.56
23.58
20.45
11.76
18.36
6.45
16.88
19.25
10.4
8.65
15.54
18.73
17.96
17.65
17.22
6.94
8.34
18.47
23.44
21.22
13.13
19.89
20.33
17.08
23.07
24.32
20.04
17.08
20.41
19.87
8.31
22.47
17.48
20.23
25.55
22.08
12.89
20.32
19.08
7.31
22.89
25.75
23.51
19.3
21.46
21.88
23.1
22.78
15.6
20.17
21.84
20.22
9.41
19.48
23.09
24.96
22.41
16.88
15.59
18.71
19.63
15.97
4.46
15.98
15.98
12.99
18.11
20.94
19.64
19.27
18.95
16.81
19.02
18.7
13.43
22.77
19.36
3.61
17.85
21.22
15.48
8.48
13.76
16.97
21.82
21.47
14.03
12.03
15.34
11.79
14.12
11.41
-0.16
13.37
12.79
10.57
14
12.03
16.14
14.73
6.37
19.16
18.72
17.28
15.49
16.67
14.32
16.34
9.73
0.48
14.83
19.1
15.67
12.78
5.17
10.98
7.01
8.45
17.17
17
9.95
12.08
-6.71
6.25
18.21
21.08
10.49
19.44
14.3
15.4
21.9
19.09
9.73
12.63
16.54
14.75
4.13
9.4
12.4
17.31
18.46
11.21
4.54
13.34
18.1
20.17
19.12
17.65
17.34
15.58
14.94
13.87
12.37
17.17
19.71
19.97
17.97
6.1
15.19
17.76
20.2
18.7
17.68
15.39
3.73
13.76
12.79
17.5
16.36
10.05
11.84
6.52
9.74
6.16
6.91
5.21
8.39
10.5
7.81
12.67
15.01
13.78
5.08
6.05
-7.9
5.3
8.51
15.11
17.51
15.18
14.37
16.91
14.85
14.04
15.46
15.58
16.25
13.79
12.43
11.81
8.21
11.44
11.87
13.41
17.88
15.26
8
1.3
4.89
14.52
15.76
13.3
4.39
14.19
14.55
11.27
16.47
21.05
20.53
17.72
17.97
17.18
11.06
6.15
-7.44
4.27
18.71
21.79
16.33
5.76
13.37
14.99
16.31
16.86
15.1
17.8
17.07
17
14.59
8.58
7.07
8.41
5.08
9.29
12.45
14.86
16.05
19.58
17.57
12.89
13.52
13.57
13.62
13.96
15.07
8.47
11.91
14.01
10.87
2.46
-4.06
9.31
10.99
-2.98
13.03
17.29
13.59
1.73
9.26
14.99
14.82
11.99
16.62
19.44
20.52
21.89
21.69
19.1
16.73
14.64
1.88
15.84
11.93
15.01
17.2
10.49
7.75
9.16
9.49
12.64
15.27
12.89
0.29
4
3.24
-0.37
7.39
11.08
7.51
9.5
16.19
15.37
10.59
15.18
16.68
19.04
19.62
17.53
12.7
11.33
14.97
16.89
10.75
10.51
8.44
4.31
6.61
-2.5
16.05
20.42
16.63
14.3
13.84
18.25
16.43
11
18.11
12.52
11.75
16.68
11.6
5.99
15.69
17.88
21.09
18.84
3.06
18.7
18.65
2.12
11.66
9.84
12.07
8.23
8.26
10.95
12.22
17.15
20.5
17.31
-8.25
14.2
19.52
18.25
16.67
16.91
14.98
15.45
17.71
12.59
14.34
9.34
8.84
11.27
14.15
10.89
13.25
17.71
19.9
17.56
12.57
10.49
16.2
17.45
21.83
19.29
3.4
12.9
5.28
13.71
16.31
14.88
13.92
11.27
12.97
13.66
18.59
16.33
5.43
13.55
11.22
11.12
10.62
-8.53
16.92
20.08
18.38
8.41
11.2
18.39
21.05
19.73
15.81
14.8
15.87
13.3
11.19
-1.96
9.59
16.92
19.82
16.85
17.93
10.2
19.97
17.01
5.1
12.37
16.53
18.99
19.1
11.1
10.5
9
5.42
16.99
20.47
21.71
19.53
12.8
9.24
10.08
14.57
18.09
15.7
21.45
19.03
8.15
14.93
21.21
22.73
19.67
7.76
0.88
14.37
16.41
10.01
15.17
18.11
17.1
14.36
13.06
12.39
0.75
15.12
18.33
19.4
17.75
11.01
11.29
13.62
15.28
17.7
10.89
17.26
20.36
15.67
-7.22
16.56
18.36
6.75
20.78
21.08
19.45
13.18
13.3
21.17
19.83
19.58
19.98
17.88
18.7
19.06
19.98
19.98
10.49
12.73
11.58
15.46
21.81
23.47
16.3
5.85
10.61
-2.16
14.25
14.62
14.98
13.84
16.33
16.33
9.85
15.45
18.31
19.84
19.39
16.69
9.9
9.78
14.1
10.86
11.04
13.41
13.22
11.78
-2.15
14.07
9.82
18.74
20.89
14.11
3.42
13.14
15.78
11.17
6.74
17.67
23.17
24.83
23.07
23.7
19.51
10.44
9.87
12.57
14.93
15.14
14.17
18.09
13.56
12.92
10.46
19.04
24.25
23.8
20.19
16.8
17.02
10.09
-0.86
5.22
9.48
16.28
20.59
17.35
12.7
14.57
16.9
17.92
19.23
18.13
15.95
13.36
-5.76
16.19
19.37
19.08
15.06
12.17
19.64
19.93
19.32
19.71
18.93
19.32
12.49
11.34
11.1
13.59
7.63
13.06
12.19
7.92
8.83
17.49
21.32
19.1
20.23
22.12
20.5
13.17
10.09
9.46
15.24
18.71
18.8
15.98
14.61
3.91
19.96
24.64
23.34
17.12
8.52
16.35
16.43
17.56
17.77
17.47
19.79
16.03
10.19
9.58
6.37
18.03
19.54
17.03
12.94
13.59
15.65
13.5
10.79
12.35
7.75
15.27
19.77
13.99
11.83
19.4
19.08
11.32
11.99
18.04
16.41
14.1
18.34
16.27
17.88
17.22
15.97
11.56
10.1
12.63
-0.45
11.04
6.49
14.27
15.44
18.54
16.76
17.17
18.17
7.77
9.63
10.66
10.41
7.32
9.2
7.38
15.36
20.13
20.94
15.69
17.89
20.15
18.14
17.84
20.66
21.29
20.45
20.57
12.23
6.68
9.83
12.7
1.73
14.59
2.65
14.21
16.98
15.2
15.03
14.82
15.19
6.15
-3.88
14.76
19.66
20.21
17.26
11.94
8.21
12.21
11.14
8.9
20.42
20.08
15.19
19.15
21.42
20.65
11.67
13.29
15.17
13.14
19.42
21.51
21.56
22.41
18.65
16.73
16.41
10.37
13.7
16.01
1.59
18.32
20.89
23.31
24.53
21.43
13.27
13.51
17.26
17.1
14.06
8.55
8.26
12.29
11.94
13.77
14.32
19.11
20.93
18.57
20.51
10.59
19.1
20.21
1.16
12.52
18.32
16.59
16.01
13.84
6.33
17.45
14.98
20.84
20.82
14.61
14.44
19.81
18.46
11.47
13.07
19.15
20.29
18.32
17.67
15.28
19.75
18.21
14.74
16.08
12.99
10.51
13.97
9.63
4.43
12.38
7.53
13.21
15.99
17.59
14.64
12.43
8.95
10.06
18.49
19.64
18.15
15.13
6.73
18.67
22.8
22.23
16.92
14.3
13.42
10.93
8.33
12.65
15.12
18.01
11.9
10.9
8.6
0.87
12.85
14.86
18.46
10.07
12.41
16.58
17.07
16.82
20.03
23.24
22.62
20.06
18.08
14.85
11.1
17.59
15.97
17.9
15.97
6.47
18.5
17.24
9.68
18.09
14.53
8.64
2.96
15.55
18.08
7.58
11.78
7.57
3.59
5.26
13.43
17.88
16.46
16.89
6.11
10.01
15.08
11.16
9.52
11.35
19.5
21.03
16.57
14.61
14.95
5.95
6.62
12.91
2.62
12.75
16.75
22.89
17.71
8.55
6.11
15.23
16.31
18.49
19.57
18.42
14.46
11.59
19.1
11.43
12.04
15.76
15.19
18.71
16.96
14.69
7.97
15.62
2.96
15.07
1.69
11.48
12.28
16.91
2.84
8.84
9.46
6.36
11.94
12.62
17.29
14.49
12.57
1.61
8.9
14.8
13.67
6.58
9.94
14.21
8.23
12.84
12.06
16.49
17.03
16.33
14.49
10.15
3.5
11.69
8.17
17.06
19.54
12.65
5.92
12.12
15.28
16.73
2.88
1.36
10.41
19.41
17.05
-1.4
13.85
16.91
13.52
17.4
15.51
11.36
10.66
16.85
18.07
16.1
16.57
12.7
7.17
14.56
17.12
10.35
-7.02
7.24
8.69
16.14
16.03
15.8
17.38
14.41
15.24
17.78
13.5
7.76
14.27
17.37
11.8
-3.74
6.51
13.09
18.81
16.33
8.5
17.76
19.69
19.57
18.56
15.89
15.93
14.51
9.9
20.43
20.87
16.6
6.84
2.23
13.11
19.07
15.22
14.85
14.35
2.84
14.35
19.85
18.5
12.4
2.35
10.93
15.28
15.36
13.89
5.04
12.87
14.93
13.24
12.32
4.89
5.05
14.69
20.73
20.31
15.16
15.01
14.09
12.17
13.71
13.04
13.02
10.04
-1.07
6.22
10.37
13.53
12.51
13.5
10.14
16.07
16.46
13.51
12.87
12.54
15.24
16.12
17.3
17.54
19.88
17.42
10.71
13.78
11.52
2.73
7.28
3.51
2.82
7.65
14.05
8.27
16.31
14.38
5.22
15.24
16.39
13.36
11.32
15.9
16.23
9.22
-7.54
9.33
11.94
10.74
8.96
18.53
19.58
11.82
2.45
9.5
9.84
3.26
15.81
17.3
14.49
14.8
17.16
14.91
2.83
13.21
9.16
11.08
13.12
12.01
15.71
18.08
20.04
21.49
22.29
18.57
14.56
15.79
13.71
19.26
18.49
12.46
8.45
3.26
6.42
14.32
11.97
9.39
14.76
13.25
1.93
8.43
14.58
17.17
17.71
14.07
4.85
4.67
10.27
11.54
14.4
17.06
13.2
14.25
8.64
13.66
14.25
12.15
13.59
3.9
12.65
17.49
17.64
16.75
16.46
16.54
16.77
10.94
1.66
11.17
12.26
11.49
12.52
7.29
10.81
14.8
14.55
15.7
11.35
9.35
12.09
18.29
18.88
19.28
18.76
14.84
14.79
15.59
9.85
1.64
12.73
14.17
9.54
4.25
4.73
3.98
7.05
5.64
-0.75
12.36
19.72
18.53
2.04
14.37
0.42
13.78
17.85
14.2
16.04
19.24
8.48
14.4
17.52
16.95
13.32
8.34
-3.41
-7.53
4.24
11.26
14.45
3.75
15.58
18.8
18.09
18.22
17.02
16.18
15.16
16.24
16.74
12.5
12.71
15.38
11.84
10.2
8.33
10.87
11.76
-1.79
6.49
4.63
14.82
16.27
14.92
15.37
12.65
11
13.3
13.39
10.57
10.17
11.11
20.03
22.15
18.34
11.29
-11.08
5.32
9.08
16.47
14.53
7.78
9.2
12.58
16.08
16.49
7.88
11.26
9.9
13.67
18.44
19.41
16.93
12.25
13
17.8
18.39
18.65
14.35
7.45
-1.26
7.76
7.79
8.17
12.67
16.52
18.19
8.41
15.55
16.07
4.82
13.76
20.14
22.09
23.04
21.58
18.73
15.62
10.82
10.64
11.1
10.76
12.52
16.16
16.96
14.11
7.85
0.35
2.47
4.77
11.87
18.9
21.12
21.02
21.2
17.23
5.27
0.34
3.07
12.18
13.66
12.78
17.16
17.33
14.78
13.43
9.81
8.97
15.86
16.88
11.86
8.22
16.04
15.42
12.9
12.71
3.85
13.95
11.7
2.8
8.07
-4.43
14.37
10.33
4.65
9.69
-9.44
15.73
17.02
13.63
12.52
11.97
12.65
11.16
7.96
8.69
14.05
13.4
9.45
13.98
20.73
20.33
14.77
13.35
12.76
7.72
11.41
16.74
17.31
14.87
13.93
11.5
1.92
6.82
4.73
16.29
18.08
16.14
11.2
18.69
11.74
3.4
15.5
18.38
18.56
14.95
2.53
10.34
12.07
12.81
15.88
16.5
10.32
10.52
14.76
12.39
6.3
12.69
10.87
8.7
14.16
15.03
15.21
16.22
16.26
10.09
17.96
20.93
15.67
10.6
17.62
14.26
15.62
17.69
17.5
16.12
11.85
9.39
15.54
14.99
17.64
15.73
4.74
0.78
9.07
14.14
14.99
14.39
13.55
9.5
-10.41
7.9
5.7
7.87
11.64
1.14
16.27
19.7
17.99
16.85
6.46
18.06
20.89
19.1
16.86
17.9
17.07
12.44
6.25
12.02
14.01
19.34
19.48
16.13
10.9
6.49
7.42
12.06
12.06
10.08
-0.02
15.28
18.14
19.48
20.19
17.07
11.33
11.1
7.14
6.5
11.17
18.65
19.37
13.99
11.6
13.84
-0.01
16.88
19.92
16.72
2.53
9.88
8.81
7.93
16.34
18.56
16.61
13.65
15.99
15.77
11.13
9.24
12.21
10.97
4.15
14.34
17.67
16.78
11.01
8.4
15.21
16.57
16.44
10.8
7.1
11.7
11.04
15.9
17.99
17.78
18.18
16.39
13.85
9.88
4.98
12.05
9.33
11.54
16.03
16.34
10.82
12.7
18.01
15.15
11.82
8.61
12.23
13.23
11.36
13.25
10.89
12.57
14.88
11.78
4.86
4.48
2.23
13.98
16.33
16.49
14.3
10.41
8.5
12.65
3.35
10.46
10.1
-3.32
-9.06
7.28
12.45
15.86
15.87
5.16
12.64
16.97
18.27
17.7
15.71
13.41
7.15
14.83
16.65
14.64
15.71
17.38
15.19
15.38
14.78
13
13.14
14.63
14.62
9.04
1.11
7.55
1.07
0.84
1.39
4.04
6.68
4.91
3.48
7.18
10.41
11.48
9.67
11.73
13.77
11.48
10.01
14.05
11.71
9.96
11.45
8.16
7.22
12.36
4.14
14.28
16.35
11.97
7.88
10.07
6.64
6.78
10.81
16.77
12.4
6.41
11.13
3.38
-1.91
6.41
10.86
12.08
9.33
7.81
7.93
14.99
16.33
18.93
15.18
7.53
9.84
6.06
10.21
4.97
4.15
5.86
9.59
-3.29
7.88
13.63
14.1
12.07
5.5
7.17
13.21
11.22
8.72
9.63
0.8
2
5.37
9.2
9.17
11.4
9.69
2.05
1.37
15.45
13.64
5.67
6.65
-0.58
6.98
12.85
12.04
0.53
9.24
11.01
12.65
13.68
16.27
12.06
10.37
13.99
5.44
-2.36
11.86
20.19
20.93
19.17
16.56
11.68
12.41
10.11
8.37
12.4
10.78
7.51
4.95
6.79
9.77
15.56
18.59
16.57
6.56
3.45
2.24
11.33
4.64
11.13
14.81
16.01
17.81
16.09
11.8
11.92
8.44
-6.36
5.64
13.72
13.9
14.29
13.5
13.12
14.43
12.29
9.38
11.66
14.17
12.09
7.6
14.12
18.31
14.97
14.57
13.14
8.03
13.22
11.3
12.86
16.32
17.49
14.42
11.71
17.35
20.69
19.52
16.2
11.71
6.34
8.17
9.25
3.84
14.7
16.26
10.65
2.88
13.67
14.2
12.84
7.83
8
15.89
18.71
19.23
10.37
11.26
11.4
12.84
15.99
17.23
16.78
11.81
2.65
12.18
16.31
14.49
5.7
8.48
10.57
1.73
4.4
11.95
14.98
15.34
13.26
2.65
12.26
15.98
12.56
8.61
6.39
6.9
9.43
11.12
7.18
10.22
16.01
14.81
10.3
2.72
13.29
14.21
12.42
4.09
12.06
11.79
15.35
15.87
14.01
6.45
10.13
12.36
13.87
11.68
12.73
16.21
16.22
15.63
17.48
15.47
6.74
1.25
6.46
11.31
14.55
15.37
9.73
7.25
15.23
15.96
13.56
11.75
13.45
20.42
20.91
15.7
15.43
12.46
9.93
8.07
-2.74
9.89
2
6.73
9.06
-1.07
11.9
12.71
11.03
12.23
13.47
4.37
13.14
11.81
13.02
11.94
10.51
10.38
9.48
2.56
-5.17
11.89
19.22
17.29
7.31
4.09
2.39
12.23
13.91
15.55
12.44
8.44
9.79
3.75
8.57
8.13
5.77
10.57
13.99
8.99
11.37
9.85
10.04
13.05
11.58
12.47
16.13
15.55
10.23
-2.64
12.29
14
13.7
14.08
13.77
14.45
6.79
11.64
13.69
4.24
13.37
10.38
7.16
10.36
-3.2
-5.73
18.88
21.12
16.66
7.47
13.02
11.16
6.34
1.89
15.02
16.08
6.09
5.24
3.45
5.02
11.62
19.39
22.49
20.04
12.25
7.96
14.19
16.56
16.45
16.66
11.36
13.26
10.46
4.49
-7.59
4.98
11.85
17.91
20.77
14.24
11.81
9.2
8.98
3.32
8.88
10.61
9.78
6
7.94
4.81
-4.01
-0.04
2.75
8.78
13.25
6.48
13.44
19.35
13.67
17.11
18.12
6.91
8.68
5.86
0.57
14.65
18.74
16.4
12.47
14.49
14.96
11.35
3.85
17.98
23.47
23.32
18.22
6.05
0.56
10.29
11.74
14.88
12.84
9.79
13.45
14.08
10.93
13.28
14.29
12.95
8.11
13.36
8.33
18.12
18.57
10.19
15.38
12.88
1.63
11.53
12.09
15.36
14.35
5.36
5.91
-1.42
10.33
13.13
8.7
-0.31
2.44
5.09
-1.37
10.83
15.41
19.23
17.2
13.48
18.14
12.47
4.92
11.51
6.77
11.96
14.62
8.43
2.34
9.43
15.67
12.67
1.14
15.2
18.3
17.47
7.31
12.2
15.08
9.01
11.04
15.15
13.05
11.89
3.08
10.84
11.73
-0.36
10.58
3.99
16.05
20.77
19.72
13.04
7.57
11.2
11.34
9.54
17.28
19.32
16.29
13.07
8.76
5.08
16.29
16.61
15.66
16.51
10.51
8.39
17.47
16.71
5.39
13.1
6.38
11.87
13.38
9.22
0.49
13.93
11.4
19.57
18.39
-2.09
13.86
8.55
2.16
12.79
12.34
-0.46
9.26
-3.61
13.22
15.58
13.89
15.43
16.08
13.81
13.44
16.72
16.2
11.57
0.03
7.65
14.49
13.56
14.59
19.03
17.79
10.44
10.74
11.43
16.97
18
13.79
6.28
11.68
7.47
3.42
12.22
10.48
14.31
13.12
8.36
10.21
13.62
13.63
8.07
16.03
14.23
9.51
5.66
10.47
15.02
17.4
18.22
16.68
14.07
8.45
11.51
16.06
13.67
11.67
14.76
14.37
12.78
9.1
12.87
10.17
5.6
4.06
11.13
12.91
13.47
14.64
8.44
6.78
12.05
13.72
9.99
12.44
6.12
3.01
9.52
14.19
12.88
15.12
18.61
14.81
6.57
12.28
8.05
15.82
17.44
13.57
8.99
5.81
5.92
9.46
14.44
13.47
8.82
-12.41
7.47
12.45
10.16
7.11
7.21
6.5
8.84
14.7
13.52
3.52
2.36
3.32
4.26
3.2
6.68
10.12
13.83
14.52
12.63
13.4
16.6
16.51
11.14
12.93
15.44
9.38
15.83
18.03
15.69
11.8
5.84
13.9
16.42
14.54
16.42
16.68
14.11
17.48
18.4
18.08
15.87
8.91
12.86
14.45
9.37
8.86
10.18
11.13
14.78
16.69
16.21
12.61
10.6
15.32
14.47
10.93
14.26
17.22
18.8
18.95
18.7
18.35
19.43
19.72
13.79
6.96
10.64
12.7
14.94
8.82
-7.56
6.02
2.49
-1.57
11.89
12.84
9.74
-2.5
14.07
13.94
11.82
10.95
0.23
13.19
11.23
-0.54
2.19
14.07
19.36
22.64
21.52
14.46
10.25
8.83
12.66
14.37
6.56
12.66
17.08
15.27
14.39
17.41
19.35
19.81
18.77
14.36
-0.52
13.97
17.27
18.15
20.38
19.18
11.26
12.03
12.06
10.84
9.18
1.96
9.62
13.5
17.44
18.81
18.27
17.2
18.03
19.48
20.71
21.06
18.23
7.64
11.93
-5.42
10.79
13.92
18.92
19.08
18.33
16
12.97
12.09
4.62
13.38
11.99
9.41
13.65
18.18
18.25
13.15
5.07
4.22
7.36
8.72
6.57
6.53
13.61
18.05
20.31
18.13
14.97
16.06
19.14
17.41
12.34
15.56
14
16.63
20.65
21.82
20.39
18.69
18.08
15.85
17.33
18.83
16.07
12.68
13.9
10.3
10.42
13.98
15.72
13.33
1.66
12.13
14.16
11.96
11.97
12.2
10.75
12.14
3.74
6.32
8.69
4.45
8.23
13.09
11.64
10.56
12.35
8.83
6.24
3.82
11.18
12.59
13.5
15.3
8.42
7.64
15.36
18.81
15.98
4.58
0.68
12.05
17.98
16.87
11.02
15.71
4.8
13.04
13.56
12.65
14.18
11.46
8.52
15.23
17.44
13.23
12.2
18.79
20.54
19.98
16.75
11.76
7.52
13.21
17.66
15.94
17.13
13.14
3.8
10.79
1.33
10.39
13.37
14.81
7.63
9.62
12.34
10.15
15.49
17.81
17.09
16.66
13.93
15.4
17.4
14.9
13.9
12.47
6.79
12.96
12.88
3.05
0.84
8.8
8.4
11.2
11.25
10.55
6.61
2.56
11.1
14.07
15.52
13.73
9.26
7.92
10.95
15.35
17.83
15.47
6.91
11.74
11.33
15.33
17.45
13.82
8.64
2.61
10.52
-1.33
11.96
14.25
15.14
16.64
15.74
11.44
6.87
6.56
-8.33
11.62
15.48
14.63
11.46
11.77
11.46
11.46
12.22
10.65
9.07
2.45
13.97
13.45
11.96
15.99
13.05
0
12.6
13.75
14.94
11.76
5.43
3.62
2.95
3.42
9.94
11.72
6.3
11.37
18.32
19.09
16.93
6.14
8.39
14.48
19.02
19.29
15.92
9.23
9.26
16.01
17.82
16.04
11.9
6.29
9.47
17.14
17.11
14.76
15.16
14.29
10.01
12.74
13.97
10.92
-1.46
2.96
4.84
13.41
14.95
7.4
6.3
10.61
-6.02
6.48
12.28
13.3
8.98
14.03
13.66
8.31
13.24
9.61
-3.11
9.51
14.45
12.62
11.61
14.15
12.63
8.56
6
0.53
1.11
8.82
8.05
4.24
6.18
10.54
7.71
13.93
15.06
11.98
10.01
4.87
11.15
12.85
13.56
10.06
9.32
15.34
11.48
8.05
9.13
5.01
-9.79
-3.87
4.66
9.43
10.75
13.76
13.97
9.84
13.23
12.34
-2.89
4.56
3.2
7.34
8.4
2.92
3.88
13.04
18.03
15.88
10.92
15.18
12.69
9.81
17.72
19.23
15.89
2.53
11.41
10.41
4.94
13.04
12
11.89
6.92
-0.07
12.48
13.59
-3.35
9.07
8.67
6.52
-1.41
9.36
16.09
18.79
16.56
9.12
7.15
15.21
11.12
13.33
18.72
18.96
13.04
5.34
10.24
12.03
13.27
14.64
11.25
10.76
17.23
14.74
7.35
8.14
7.01
16.39
18.5
16.57
10.9
-7.34
13.94
15.51
15
13.99
10.34
10.08
9.27
10.44
13.77
13.2
8.23
4.7
-0.7
-7.31
5.79
9.99
11.26
12.84
12.48
7.9
7.27
6.64
11.67
10.84
8.97
15.39
12.73
5.55
8.82
14.62
18.03
15.59
10.67
8.11
12.01
16.98
17.76
14.89
8.34
8.35
13.43
15.3
12.24
8.96
10
8.13
3.4
15.52
16.87
14.45
15.2
12.64
11.88
12.12
10.89
11.43
4.87
-0.89
10.5
13.97
12.77
13.2
15.06
12.88
-12.69
14.7
19.25
18.08
13.99
14.86
19.09
16.34
2.94
14.43
14.22
11.98
12.18
20.07
18.18
13.57
13.86
16.26
18.93
19.48
18.57
17.79
15.77
15.23
9.23
7.57
11.51
13.64
12.68
12.36
12.83
12.89
10.52
9.18
9.34
8.68
14.01
7.78
9.5
12.71
15.99
14.32
6.57
2.77
10
17.2
20.53
19.69
17.49
14.05
8.22
10.94
15.37
15.73
14.43
12.75
8.05
6.97
13.17
10.95
-9.87
-1.57
14.43
17.59
13.94
9.7
2.06
3.01
-3.24
9.42
19.11
18.71
9.4
13.96
8.64
5.11
12.27
10.37
15.02
18.74
16.71
8.96
2.58
10.4
8.16
12.24
13.4
10.08
14.6
18.53
17.94
10.64
-1.82
8.67
15.52
16.19
9.77
-2.9
8.85
13.44
6.16
15.09
5.68
12.09
12.23
-5.5
12.08
12.09
7.4
5.97
-0.24
9.13
2.16
15.09
15.36
-2.39
12.41
13.78
10.4
7.63
11.46
13.01
12.59
14.41
14.56
11.45
6.95
10.03
14.06
16.23
15.91
13.98
11.98
15.02
11.05
10.74
13.6
9.63
12.48
1.62
10.53
15
17.24
17.74
18.96
18.94
16.6
15.58
14.39
11.18
8.78
-0.7
12.81
15.07
16.95
16.06
12
10.52
15.76
16.43
12.45
15.85
15.11
9.61
9.01
13.37
15.66
18.56
17.78
10.43
2.85
4.03
15.28
16.73
14.09
12.49
14.03
14.44
14.57
15.98
16.28
14.43
9
4.86
10.96
13.16
17.18
17.62
16.88
16.46
14.75
16.28
9.23
5.89
9.9
13.46
14.16
9.23
9.89
14
4.76
10.73
5.97
-4.65
-2.09
9.24
5.99
13.31
15.36
15.78
19.2
19.14
15.41
15.15
17.84
19.84
17.64
14.6
15.39
15.78
14.71
13.99
6.53
7.55
15.62
15.68
13.7
12.94
11.2
12.03
12.55
11.64
14.53
16.38
15.48
15.49
14.14
8.24
10.49
12.44
14.65
17.16
16.66
11.26
6.39
7.73
14.25
16.14
13.42
12.21
2.96
15.33
