6.89
8.93
11.21
10.02
3.64
-6.41
-0.14
11.42
14.74
8.67
7.16
11.49
7.15
0.74
5.86
11.42
10.03
1.53
-0.71
8.1
11.06
9.28
9.54
6.74
0.32
10.23
11.59
7.73
2.61
7.75
6.59
-3.81
1.21
4.09
6.55
4.19
2.23
6.33
-19.87
0.06
9.38
10.35
8.8
9.7
10.4
15.9
15.65
13.52
17.04
17.71
13.57
5.54
2.28
12.37
14.71
12.41
9.16
4.48
1.96
0.61
2.11
8.31
10.11
2.43
3.65
10.25
15.24
16.77
8.79
8.66
7.32
10.4
13.44
10.74
3.86
3.39
2.77
10.28
10.41
11.18
9.78
0.58
-1.08
4.38
5.09
10.13
8.84
-1.62
2.95
10.2
0.13
7.05
7.8
9.65
10.45
17.09
14.17
9.17
11.85
11.85
9.22
7.02
8.21
8.54
10.77
8.95
9.93
12.32
8.61
3.95
10.96
14.28
12.21
5.62
4.34
8.49
8.19
6.88
7.87
13.17
11.19
-7.37
9.06
12.04
13.94
16.63
15.99
13.36
7.31
2.84
11.63
12.2
5.15
-2.09
6.19
12.95
12.34
10.75
4.72
5.16
0.32
-5.42
1.49
4.26
10.67
14.15
9.9
-7.09
5.82
5.71
-8.27
7.33
12.05
10.27
6.59
6.16
6.48
8.91
3.43
3.12
9.24
10.37
12.91
15.68
15.23
6.8
7.63
11.01
13.15
11.61
4.31
6.92
5.35
2.29
-4.8
6.07
9.63
7.26
1.95
6.5
7.12
1.71
7.4
7.72
12.07
13.71
10.84
15.54
16.72
13.84
7.36
13.59
16.93
15.59
13.84
10.89
4.87
9.89
1.33
12.99
15.1
12.94
12.6
14.23
11.63
10.53
12.62
5.73
12.07
14.65
11.62
12.52
13.78
11.87
13.82
14.35
5.55
7.22
9.8
10.45
7.96
7.54
5.94
10.04
4.52
-0.2
2
2.06
3.83
3
-5.58
11.62
14.78
10.33
-1.57
-0.36
9.1
12.9
12.77
3.58
-3.23
-6.73
-4.4
4.29
11.12
13.07
11.51
10.46
10.54
8.31
1.5
7.02
11.24
10.94
-10.45
11.89
11.06
8.2
4.92
7.52
8.08
7.13
5.37
14.51
16.87
12.99
-9.93
10.19
6.09
8.86
9.13
9.34
6.78
8.25
5.49
9.99
12.34
8.98
2.66
12.99
16.67
14.39
6.46
-7.89
7.13
11.65
8.92
6.61
7.44
1.95
9.84
11.68
10.67
9.17
7.48
-0.65
11.74
8.97
7.78
5.99
7.51
13.33
11.42
11.27
15.56
15.34
4.69
8.78
12.35
12.08
-0.57
5.88
1.35
6.92
1.28
10.55
11.33
0.21
6.06
9.39
5.1
-1.97
7.51
5.59
-4.21
-1.64
-2.78
10.26
12.74
4.97
6.15
6.89
4.34
13.22
10.39
1.03
4.57
11.44
13.66
10.39
-1.64
-18
3.39
11.2
11.92
12.31
16.9
16.19
10.31
5.87
10.39
13.85
12.17
10.76
11.6
13.25
7.09
1.09
7.22
7.16
4.33
-11.35
3.39
10.24
8.67
4.47
0.14
5.63
11.77
8.59
1.9
9.56
7.16
5.92
11.9
9.62
8.74
4.73
7.73
6.12
9.73
8.46
0.79
0.06
4.25
11.14
4.15
11.02
11.47
7.77
3.23
7.48
14.45
12.4
1.1
0.78
2.04
6
9.33
7.46
4.67
9.8
3.1
11.68
14.19
12.81
12.5
11.99
5.26
7.3
-1.4
9.94
10.33
12.01
8.14
-1.58
8.8
5.45
1.02
1.4
0.59
8.88
11.37
10.96
10.87
10.68
8.11
11.03
10.92
8.43
9.78
11.61
10.68
1.34
0.98
12.35
10.13
3.08
9.28
11.38
10.29
9.09
12.28
11.8
9.79
7.37
6.82
6.47
9.1
12.08
9.73
2.66
-10.05
6.63
8.69
10.27
9.03
13.3
8.75
1.94
-5.04
2.35
6.96
4.59
5.12
12.84
9.87
2.65
10.54
12.59
11.62
8.1
11.06
12.35
11.55
-1.39
6.13
9.17
9.84
11.73
9.98
8.42
12.36
14.81
15.92
13.41
8.11
4.77
10
8.42
1.95
2.25
10.15
8.1
10.8
11.36
15.6
16.03
11.2
9.86
9.1
6.3
12.3
15.26
12.47
12.78
11.32
10.43
9.29
10.99
13.52
13.11
9.83
11.39
16.35
18.65
15.46
12.62
16.52
17.4
13.37
4.42
0.47
13.35
13.49
7.91
5.34
3.21
6.37
13.07
15.76
13.74
9.27
6.52
12.4
12.21
15.51
12.86
5.87
12.09
5.67
8.95
13
9.84
4.86
-0.7
7.72
5.47
2.61
7.32
6.61
13.74
16.73
16.93
15.91
11.29
7.23
11.21
8.43
-2.42
9.17
9.21
17.32
18.33
17.82
18.7
16.24
13.15
13.71
12.44
10.37
5.5
4.45
-2.05
0.62
3.1
-0.97
-2.59
-2.45
2.06
8.66
11.77
15.43
14.83
13.12
13.6
9.82
7.57
16.29
14.8
9.37
12.03
16.48
12.45
-0.9
7.97
13.16
16.62
17.63
17.11
11.65
-1.82
4.67
9.71
8.54
8.2
7.64
11.15
13.77
9.26
6.56
14.33
14.66
9.34
10.47
7.77
6.3
9.48
11.67
10.13
2.04
7.53
9.96
10.48
7.81
4.85
-3.23
8.23
10.9
5.93
5.78
12.34
11.5
9.06
14.55
18
17.81
18.08
17.02
5.77
6.81
6.26
12.23
12.93
8.62
4.38
14.22
17.06
16.23
13.09
2.89
3.13
5.12
9.32
5.47
1.67
6.05
10.95
15.26
14.92
8.53
10.96
3.24
10.73
13.64
6.95
8.65
11.55
11.92
7.62
11.51
4.55
7.37
4.94
4.03
9.87
11.74
11.7
4
6.19
15.4
18.32
17.52
16
18.94
20.07
15.38
4.53
7.85
10.18
-0.73
-1.98
4.02
2.33
1.57
-6.72
13.31
17.62
13.96
6.95
9.54
8.03
6.76
13.4
14.4
8.08
3.27
8.19
7.6
-3.57
-2
8.84
12.43
10.1
6.72
9.93
13
14.18
13.2
10.61
13.46
14.07
9.96
5.35
4.82
-1.64
10.83
11.67
8.23
3.72
8.32
8.08
-5.48
8.15
12.28
13.19
11.66
-3.15
-0.64
2.69
4.49
3.92
14.11
17
12.76
7.11
3.49
3.12
0.46
-1.49
9.08
13.02
10.18
7.83
9.46
6.05
10.86
13.64
11.92
9.16
13.02
13.21
8.72
-0.68
-7.2
6.21
4.21
8.93
13.13
12.54
5.1
2.89
9.26
8.22
5.28
9.04
11.52
13.65
9.47
0.83
-10.49
4.44
-2.02
7.92
8.87
8.78
7.83
9.99
9.34
5.14
0.56
11.53
10.42
7.87
5.46
9.74
15.95
16.32
11.85
8.85
8.66
20.8
15.79
16.1
18.89
10.51
20.33
22.92
15.06
12.66
8.42
26.04
30.39
29.37
23.67
15.13
14.36
16.82
18.47
10.8
20.62
27.31
25.03
15.78
12.99
7.87
19.3
23.55
22.99
15.53
16.36
20.11
12.67
2.33
13.12
19.69
20.16
11.96
22.2
26.44
25.84
11.84
12.29
4
6.16
19.65
23.6
16.44
20.38
26.61
27.35
25.25
22.95
22.04
6.99
19.29
20.16
26.21
16.36
18.91
17.96
25.55
26.15
24.13
19.25
14.48
16.43
12.96
15.87
8.4
18.91
21.58
15.74
10.63
5.06
5.67
9.36
21.34
23.86
15.79
15.27
17.09
5.82
16.28
24.97
30.17
30.74
27.24
21.76
21.54
21.96
17.62
17.59
23.17
28.27
30.66
28.26
22.41
22.2
20.86
15.49
14.71
21.26
16.9
2.71
16.83
20.82
25.42
24.78
20.17
18.1
13.96
18.35
22.29
24.26
20.46
17.56
22.73
21.21
22.17
25.32
22.93
23.14
20.96
17.82
20.76
26.04
26.83
15.99
23.25
19.98
16.3
23.11
25.85
22.03
17.85
23.34
15.06
8.22
12.81
20.93
23.73
19.46
16.57
19.12
22.49
23.35
17.11
20.97
23.29
27.54
26.78
17.71
17.9
18.56
20.47
19.8
19.04
23.91
25.24
22.1
19.2
8.24
18.15
16.89
18.97
22.72
23.71
22.61
20.95
5.69
15.54
18.01
22.29
22.96
24.47
27.08
26.95
17.57
16.93
19.49
22.2
22.76
18.8
21.51
26.14
26.28
24.84
27.99
29.37
27.93
26.02
13.37
20.03
17.25
2.34
14.44
22.45
23.97
18.59
10.53
15.05
24.36
27.3
28.82
27.4
25.31
26.98
22.97
12.07
13.11
18.64
6.18
21.19
26.92
28.68
25.32
16.96
18.12
17.98
22.32
20.67
20.16
20.01
22.66
21.66
5.05
16.46
22.77
25.23
22.44
16.41
19.5
14.04
12.73
17.3
17.07
16.57
13.69
17.65
20.49
24.28
21.63
14.71
9.89
15.35
19.45
15.32
14.85
20.9
25.7
28.2
25.29
10.86
9.61
11.82
21.09
19.94
15.81
23.85
19.06
14.66
24.01
26.32
18.12
23.85
23.66
19.81
17.01
16.16
18.76
18.07
17.09
19.25
23.46
24.4
17.2
14.5
17.07
17.9
22.91
24
21.6
16.32
19.36
24.73
23.21
20.59
17.15
16.13
14.51
17.83
22.19
21.98
16.25
15.86
23.21
28.18
29.41
27.87
27.09
19.97
20.64
17.23
15.09
18.18
16.26
20.1
7.76
8.18
16.88
22.31
23.87
21.31
12.72
18.97
17.38
17.29
12.73
13.16
13.34
12.67
21.8
20.21
15.09
-4.95
14.15
15.17
19.43
20.32
11.51
10.58
14.93
9.68
16.93
19.92
17.78
12.36
8.97
12.91
13.79
18.6
16.72
17.94
14.33
13.76
8.68
8.71
-7.64
14.14
16.04
14.42
15.4
13.04
16.06
20.36
22.91
16.82
13.07
16.97
15.58
8.93
9.3
7.16
-1.22
10.56
-8.27
11.87
15.82
14.95
14.12
0.46
16.57
19.16
12.4
9.08
13.79
16.06
20.15
16.57
5.5
12.46
12.22
12.18
15.28
14.74
8.6
8.81
4.05
6.62
6.11
8.83
-0.95
7.24
11.69
15.74
15.85
15.77
14.57
11.42
11.51
15.88
0.55
12.66
19.79
17.12
14.37
21.77
22.29
17.18
12.11
13.96
11.64
12.37
18.14
18.82
15.09
8.45
12.51
18.5
22.31
25.51
24.96
23.26
20.39
15.17
17.27
12.22
9.43
18
21.95
22.01
19.83
18.65
16.06
18.03
18.09
17.52
19.46
24.63
25.77
22.68
20.3
15.48
-0.5
11.4
16.15
20.99
21.45
18.59
8
16.7
23.37
18.85
17.99
23.2
20.9
18.12
15.86
6.95
17.76
23.41
25.4
24.88
20.66
18.31
25.05
26.52
24.76
20.65
22.37
25.75
25.43
23.66
25.46
26.88
24.87
17.16
17.5
15.83
16.2
22.05
22.78
18.63
15.98
14.47
23.02
21.51
7.06
16.52
19.62
14.7
12.71
17.54
20.1
19.64
21
21.45
18.2
-0.78
19.7
19.55
16.76
18.51
12.23
22.95
19.06
16.76
11.37
-3.34
-0.61
16.99
21.13
23.16
23.26
21.83
21.97
17.12
11.85
3.9
15.05
19.09
16.89
16.07
13.6
11.27
14.67
12.16
16.94
25.85
25.28
19.34
21.67
22.42
20.13
14.53
15.99
6.1
14.32
9.76
18.67
20.25
18.88
12.63
21.95
22.49
24.2
27
24.33
16.88
20.33
17.44
9.19
18.85
13.9
7.08
1.28
13.29
7.97
17.95
16.37
21.72
24.54
26.76
27.8
24.32
6.85
13.39
23.42
24.43
19
13.87
16.65
20.63
18.09
16.82
16.39
11.73
12.96
19.6
20.22
19.99
22.97
22.78
10.26
22.5
18.27
10.69
14.67
11.27
17.3
22.52
22.18
18.23
13.33
8.34
18.33
23.86
23.54
22.9
17.86
11.34
2.97
14.08
1.64
8.92
8.49
18.19
22.65
26.29
21.18
13.42
22.28
21.38
10.73
7.07
13.45
12.9
12.99
14.58
8.09
6.82
11.35
6.07
5.82
8.54
19.15
18.71
-17.72
19.18
19.35
20.21
21.21
16.26
2.46
17.07
18.07
10.78
15.81
14.95
18.42
16.62
11.53
16.54
17.84
16.5
21.77
21.08
10.7
18.97
18.45
19.35
20.87
18.74
21.66
23.77
24.74
24.39
21.68
20.43
24.98
22.05
14.37
5.62
19.95
22.15
22.15
19.09
10.99
20.89
22.65
20.88
1.04
17.45
16.65
13.02
15.97
9.97
14.83
15.85
11.44
18.9
11.35
14.26
20.46
18.28
0.56
18.85
20.85
10.78
15.02
15.28
3.11
19.81
19.13
9.79
13.02
12.42
16.77
20.26
19.57
7.54
16.2
19.36
20.21
20.43
20.21
19.16
14.33
12.21
15.25
7.69
14.94
8.39
10.73
5.24
12.55
1.94
16.17
9.21
3.54
4.47
9.01
2.64
-8.33
9.98
12.9
17.77
20.8
18.82
11.52
15.94
5.72
12.23
9.03
4.79
12.44
14.58
14.87
16.88
7.37
18.03
21.31
19.15
21.04
23.63
24.42
22.96
14.68
19.14
17.96
10.47
17.68
19.54
15.54
14.27
23.92
25.08
21.64
18.35
12.6
19.13
22.67
23.58
23.87
23.43
24.25
25.57
27.35
25.66
12.18
19.57
24.62
24.7
21.78
22.2
18.45
-1.13
16.26
19.41
19.84
19.49
16.26
13.66
7.65
17.87
10.14
5.79
16.76
16.55
18.22
20.18
13.67
11.75
15.31
17.69
17.95
11.86
13.53
18.08
19.07
18.9
11.04
12.05
23.83
23.54
25.01
27
24.18
23.77
21.59
1.13
22.63
27.46
24.93
8.38
25.03
27.05
26.5
24.49
18.84
18.46
12.59
15.66
20.41
22.68
21.11
21.55
21.86
8.4
14.74
12.93
7.84
1.8
15.17
21.68
17.08
16.75
22.8
19.74
1.34
10.85
16.67
18.69
22.34
20.32
16.9
20.1
27.86
26.14
18.89
22.56
24.1
22.17
23.05
23.55
25.94
24.92
9.82
15.23
14.85
5.83
19.95
21.64
20.43
18.48
16.5
21.59
18.38
18.13
12.02
16.03
16.59
5.51
5.58
18.4
17.16
10.21
13.76
16.11
14.71
11.79
15.66
17.61
19.37
17.41
8.98
17.64
23.32
23.06
23.03
21.78
20.57
21.4
18.09
21.81
14.52
16.91
14.76
20.05
18.89
14.04
13.4
15.61
17.12
12.45
14.17
19.93
21.91
21.56
20.81
16.45
20.48
23.39
16.64
13.67
17.08
22.25
17.81
21.44
27.08
25.36
16.55
13.91
14.07
24.89
27.25
23.94
13.43
20.1
18.63
24.34
19.01
28.05
29.52
23.97
19.75
-5.05
11.9
15.28
4.91
17.93
15.23
24.51
20.48
12.32
10.48
14.09
20.28
23.71
22.02
12.42
23.27
29.16
32.05
27.98
17.99
27.75
33.01
31.18
24.29
16.5
18.37
20.47
16.69
11.48
10.03
20.23
24.52
25.66
21.57
6.82
18.54
21.82
21.63
17.88
16.18
21.41
15.95
39.86
45.09
40.56
25.45
17.47
17.76
20.78
24.01
28.77
28.93
23.09
13.06
15.07
24.1
24.2
18.22
18.54
17.71
9.17
18.25
23.18
22.71
15.29
19.55
19.16
19.52
16.54
25.35
40.64
45.97
42.64
29.81
20.87
16.24
9.94
12.89
18.77
12.19
12.4
11.33
20.63
27.09
29.1
25.97
18.99
22.7
24.85
20.14
9.52
20.7
20.64
12.68
19.35
22.77
23.96
25.4
23.25
5.45
20.14
14.16
16.48
14.9
9.98
17.28
24.38
23.08
22.21
21.95
20.69
24.35
26
26.58
25.68
22.38
18.4
11.28
20.28
23.66
21.37
30.5
42.44
43.88
36.59
26.02
14.89
16.19
17.56
17.42
23.91
27.6
20.52
18.86
31.81
37.47
34.45
21.02
21.29
21.93
14.86
16.16
22.66
20.49
14.79
17.36
21.88
22.15
20.22
15.08
6.25
28.06
38.66
44.67
41.88
31.29
14.8
17.43
17.21
12.29
23.36
22.74
16.88
23.6
22.69
24.3
23.77
12.11
24.12
29.28
26.36
11.94
18.85
22.58
22.18
18.58
22.96
21.42
17.41
11.73
7.47
13.73
15.02
23.35
24.86
23.82
15.14
20.11
16.13
17.65
9.16
14.63
8.78
10.32
14.5
17.47
24.21
24.79
17.71
12.96
12.56
11.36
6.34
28.94
43.27
46.29
40.42
26.76
24.84
22.39
11.12
12.28
13.04
16.01
17.21
19.85
21.95
22.73
24.65
24.13
22.46
18.51
20.37
18.34
18.92
27.35
27.69
24.17
18.86
17.06
20.65
20.77
22.07
23.96
16.45
26.95
27.32
22.45
22.67
34.8
38.23
33.14
26.02
27.87
27.68
17.09
22.68
24.83
27.28
31.47
28.7
23.87
27.47
27.97
23.42
19.85
21.59
20.32
20.88
24.61
25.7
23.52
20.29
21.97
23.7
24.18
24.1
26.1
26.46
24.07
23.03
3.62
15.44
13.69
15.27
22.5
35.74
39.26
35.31
28.09
23.51
20.07
2.42
23.55
26.38
28.74
37.65
38.1
30.89
22.67
25.01
32.96
34
18.13
38.24
38.95
28.43
-6.84
25.8
31.5
28.77
21.65
27.08
28.82
25.89
20.71
25.47
30.93
27.95
17.87
20.5
16.72
24.25
25.81
28.46
25
29.08
32.27
27.56
27.8
26.54
22.8
26.74
29.69
28.75
24.86
22.57
22.76
24
10.23
21.97
23.84
22.39
22.04
26.63
25.29
11.5
26.42
29.6
26.98
22.68
18
5.29
15.37
27.75
33.47
30.91
19.22
20.79
30.62
31.9
27.87
28.86
21.54
45.79
50.95
46.67
29.42
25.1
28.37
20.26
21.72
28.47
40.84
48.9
47.95
37.02
25.75
24.9
28.6
28.36
25.53
24.6
21.5
17.55
28.35
31.02
28.47
18.62
29.22
27.11
31.01
32.36
32.17
31.68
31.31
30.84
27.51
31.93
33.25
30.54
24.9
8.34
13.82
13.38
23.35
22.5
20.84
26.67
26.71
24.6
24.7
27.8
33
30
25.24
27.72
29.28
26.97
16.63
19.55
21.19
10.09
20.78
31.75
33.6
33.21
30.73
28.69
25.29
24.06
19.46
25.46
29.27
30.67
32.03
28.21
19.78
25.09
28.61
28.89
21.53
29.35
31.16
31.03
28.66
28.82
31.99
30.29
27.33
27.81
29.28
23.53
25.13
29
26.75
24.95
7.81
25.18
26.51
29.08
31.89
33.25
32.27
31.25
32.34
34.1
34.34
35.51
35.04
27.34
22.41
18.76
24.02
21.96
27.28
25.02
22.2
25.74
27.71
25.07
26.15
29.36
30.3
26.68
33.16
34.59
29.4
27.49
30.02
29.64
28.47
28.31
25.46
15.39
27.67
26.45
29.45
27.08
20.98
21.36
17.77
28.77
32.19
32.26
28.93
18.67
18.01
27.61
32.11
30.62
25.7
28.43
32.54
28.95
24.6
26.24
17.29
28.95
32.8
25.45
25.08
24.88
21.42
27.67
21.03
21.57
23.1
28.76
32.52
32.38
30.45
31.07
30.9
25.89
22.71
26.81
27.29
25.15
7.48
20.63
24.73
25.45
26.08
20.97
22.33
24
24.4
26.62
27.43
29.88
30.83
29.1
26.73
27.39
28.16
28.18
25.32
15.22
21.34
18.8
27.95
31.88
31.41
19.43
17.43
24.45
24.53
20.89
25.21
26.94
19.85
22.18
22.53
13.67
15.48
22.32
23.57
24.65
24.77
23.52
20.99
19.15
26.12
26.15
27.69
31.71
32.93
29.39
23.48
24.33
25.27
22.64
20.64
24.79
24.27
13.98
16.05
25.08
25.34
17.41
22.61
26.33
24.1
27.38
30.07
26.04
15.05
18.96
17.74
8.54
22.77
27.64
25.85
23.8
26.35
25.23
15.34
22.81
19.69
11.75
21.22
27.66
28.36
23.06
15.94
17.09
18.05
16.66
18.75
20.29
17.99
19.86
20.55
21.43
23.33
24.69
24.91
20.26
17.94
27.69
28.92
27.28
20.87
25.44
26.77
24.1
29.72
30.86
28.78
24.02
22.19
22.4
22.31
19.05
8.33
5.5
14.99
19.09
21.58
19.27
15.33
20.68
17.55
16.89
24.52
24.52
21.53
22.52
24.5
25.04
24.55
24.52
21.29
22.33
27.59
31.4
28.08
13.24
28.55
31.68
29.27
18.96
21.71
26.66
25.56
30.15
21.24
28.31
32.94
30.98
23.54
27.47
29.12
22.44
12.99
25.4
30.5
29.79
21.42
20.88
21.09
21.86
28.83
28.92
23
26.99
27.85
17.5
25.68
12.97
29.89
31.29
28.17
27.42
16.46
25.03
27.15
22.05
18.43
21.39
22.58
27.13
17.09
20.71
14.81
20.81
26.83
25.83
22.94
21.73
20.5
21.33
18.18
13.05
12.32
14.99
21.35
22.85
15.61
21.75
25.02
16.98
22.65
26.59
23.12
19.26
24.92
23.56
15.06
16.99
26.03
35.02
38.24
31.85
19.01
26.05
30.19
28.71
19.96
19.15
25.35
25.94
15.38
24
27.14
23.09
18.71
25.64
22.35
27.89
29.69
20.16
26.14
24.77
19.84
23.62
10.73
28.15
30.29
25.73
18.55
17.8
22.93
27.89
26.29
21.18
22.17
18.91
29.9
31.71
30.21
28.94
25.69
23.74
24.93
21.5
24.84
26.69
20.62
19.35
19.85
18.19
17.47
23.24
27.15
25.62
20.76
21.23
20.76
22.76
20.75
7.59
22.88
28.07
24.66
21.4
20.15
20.64
26.32
26.6
16.39
28.23
31.27
26.31
20.42
24.07
29.56
30.44
25.77
20.65
20.42
20.31
21.56
20.03
15.86
22.82
17.66
16.29
24.04
26.56
21.94
14.25
19.87
17.51
3.7
18.79
22.8
18.9
6.44
23.83
24.67
11.85
18.16
21.82
20.91
18.76
28.7
30.6
26.82
22.71
14.48
24.89
29.75
28.1
22.5
21.15
25.66
30.3
27.8
16.24
21.88
21.5
21.49
24.6
20.66
23.75
21.37
24.14
24.48
24.98
27.44
22.25
11.75
16.9
18.1
24.39
22.32
25.14
27.05
22.64
20.49
25.18
25.19
25.64
27.29
21.05
28.25
29.85
25.34
18.88
25.93
27.16
24.43
20.03
19.48
21.35
15.53
10.15
19.13
25.89
28.56
29.14
24.67
3.49
-2.68
20.32
23.58
21.24
21.83
13.14
22.82
23.61
20.63
16.57
18.67
20.2
20.32
21.5
10.88
22.62
22.65
15.41
18.99
22.08
26.84
25.04
21.92
23.53
24.5
25.53
24.63
25.3
25.42
25.25
24.27
21.33
20.84
20.34
17.8
17.87
16.57
7.6
16.15
20.73
23.92
18.92
18.89
23.86
22.73
25.26
19.85
6.69
5.53
14.2
25.16
24.9
24.35
27.09
25.91
24.73
21.81
17.74
17.77
18.11
19.33
21.65
19.68
12.84
21.04
18.68
21.73
24.78
20.15
23.15
18.94
15.38
11.85
18.07
15.92
11.51
18.87
26.69
27.64
24.11
15.8
26.55
28.33
23.88
18.66
19.95
21.51
17.02
11.11
16.19
12.74
13.96
-6.04
20.45
22.13
14.85
3.42
15.35
16.44
21.65
22.68
15.62
5.63
13.15
11.94
10.29
14.12
21.88
19.48
22.86
26.42
20.63
22.61
23.73
20.01
18.71
12.57
23.43
21.76
6.49
19.17
21.91
25.56
25.82
26.69
26.51
21.44
16.68
14.46
18.57
23.29
22.51
25.25
25.12
21.03
22.42
23.08
24.06
25.05
17.72
7.37
16.22
18.26
6.25
2.85
14.66
18.59
23.07
23.17
20.12
23.66
23.04
19.65
19.75
19.62
19.97
20.65
20.37
20.19
20.34
16.52
22.33
17.07
14.29
20.93
24.24
14.73
24.16
25.89
23.02
18.56
15.87
19.29
17.65
1.24
15.83
22.27
26.63
26.59
23.64
12.72
17.48
17.62
16.9
17.96
18.97
22.93
23.48
22.66
20.35
17.87
18.66
20.5
18.72
16.67
22.66
21.25
17.25
20.34
24.45
19.96
23.23
25.45
25.97
23.61
20.72
23.06
24.47
18.78
8.02
17.39
21.3
23.01
23.89
22.91
24.06
21.67
10.23
11.54
23.07
20.43
17.15
19.88
22.06
23.26
22.24
23.98
21.72
21.65
19.94
-1.38
-0.32
12.87
14
21.41
17.46
20.97
22
12.69
22.9
22.46
17.35
12.38
21.5
24.3
21.45
14.27
20.06
21.67
25.12
22.96
14.99
25.22
23.05
13.21
24.05
27.06
25.76
18.38
13.27
14.85
23.67
23.31
13.39
21.14
15.95
11.16
13.17
20.56
25.47
16.67
17.21
18.64
20.61
24.15
20.61
16.09
20.52
24.49
24.33
24.14
21.63
6.82
16.11
24.58
23.75
6.03
20.79
5.41
18.48
18.7
21.13
13.6
9.71
13.36
17
21.82
20.17
22.89
25.82
20.53
23.72
14.15
22.55
30.6
35.08
34.06
30.64
28.34
27.88
25.5
18.33
15.98
18.8
20.11
10.36
15.76
14.85
18.16
24.19
21.13
9.97
14.49
16.81
8.91
2.58
13.69
16.5
0.11
18.8
17.65
17.1
21.54
18.14
6.1
11.04
16.22
23.17
27.16
23.81
12.77
21.1
24.35
22.95
20.05
18.94
20.46
21.57
15.06
22.9
25.48
18.55
23.77
24.73
23.18
16.62
18.32
1.46
8.65
9.69
16.28
11.97
10.26
15.59
19.41
17.79
11.22
19.11
10.12
14.33
20.11
18.49
17.67
21.3
18.54
20.52
23.69
21.32
20.5
13.12
0.36
14.84
14.67
18.48
25.22
26.98
21.03
23.52
25.53
23.9
18.44
18.63
22.72
19.28
10.68
12.96
20.81
23.85
19.34
3.04
15.86
22.32
22.74
19.17
23.26
18.43
2.31
13.71
17.84
17.94
21.34
26.69
26.23
20.35
16.3
21.5
25.43
22.1
16.72
17.43
19.25
15.77
20.48
25.57
24.1
23
22.37
12.29
20.36
12.88
11.28
22.54
22.92
16.65
16.7
5.32
21.21
26
24.05
21.68
25.05
22.28
12.21
0.64
20.96
21.31
19.01
18.35
12.72
26.09
27.67
21.23
10.76
17.98
19.39
23.03
16.94
15.02
19.73
23.82
20.6
12.76
11.73
11.9
17.56
21.8
19.54
15.88
18.5
19.1
19.56
17.28
18.78
15.1
16.37
19.02
14.72
14.57
11.04
18.27
16.86
8.97
22.21
23.38
16.63
-0.48
8.54
18.39
13.28
14.14
19.03
14.75
12.17
19.82
23.98
19.47
18.28
20.38
16.65
-3.1
0.64
14.41
19.24
19.24
15.11
14.75
9.87
13.33
16.86
21.12
22.68
19.77
16.25
15.57
16.13
16.35
21.49
26.39
26.83
23.04
14.6
9.88
15.14
18.06
17.75
9.41
16.79
16.95
18.37
23.8
25.33
20.96
15.74
17.5
14.05
5.5
13.2
20.08
18.59
13.41
16.44
15.02
7.41
14.29
14
15.91
17.57
14
13.67
10.09
11.9
7.98
14.89
12.85
15.58
14.11
4.43
10.93
5.84
12.6
11.56
-14.71
11.86
15.54
15.74
20.15
22.24
19.71
15.49
6.82
14.37
20.48
20.12
15.08
16.5
19.12
15.46
12.4
18.25
17.35
12.78
19.05
22.12
15.12
13.92
19.55
18.88
12.7
19.15
22.04
23.2
24.11
23.29
21.43
15.36
12.26
13.81
12.16
4.69
13.6
8.28
6.53
12.14
4.68
3.19
10.85
16.2
15.08
15.65
20.03
20.13
8.88
14.83
15.91
8.56
12.47
17.47
14.56
0.27
5.77
14.13
21.13
22.04
16.74
9.29
5.59
14.75
15.64
15.68
20.48
14.06
13.74
15.15
10.83
16.08
16.9
11.6
0.14
9.91
15.8
19.63
20.81
13.86
15.62
21.81
22.88
21.37
17.95
7.89
14.31
14.56
11.45
14.63
16.58
14.07
17.73
16.93
14.75
18.04
15.91
12.35
17.39
19.43
16.33
8.26
8.08
3.24
1.61
10.49
4.84
17.79
22.12
21.29
14.13
15.36
18.1
6.66
-1.57
6.87
11.01
22.24
23.64
19.93
18.36
14.19
11.57
18.4
19.86
20.77
19.16
13.66
2.53
18.65
22.57
17.65
15.95
20.81
20.3
16.92
11.41
17.38
20.79
20.75
20.57
17.6
20.16
22.44
22.24
20.22
15.35
11.44
17.96
22.12
23.61
22.68
9.96
18.86
19.97
19.04
19.24
14.64
14.44
14.75
11.47
5.06
6.58
12.33
14.24
11.54
4.47
6.53
7.44
15.56
16.21
-2
16.7
18.45
15.49
4.65
15.62
15.27
-1.56
15.67
15.02
4.96
9.56
7.87
9.23
13.7
12.13
18.99
22.01
22.74
20.67
15.91
12.57
18.25
15.35
3.16
11.57
12.65
18.48
14.33
15.6
19.65
19.24
15.9
11.87
4.75
10.22
13.86
16.76
11.09
16.23
15.04
8.14
14.73
19.2
20.01
17.75
17.3
12.85
10.95
9.91
15.13
20.26
18.72
15.74
8.16
18.8
22.24
20.33
22.15
23.88
17.23
16.73
21.03
15.65
2.61
11.52
12.18
17.65
17.73
11.14
9.02
20.29
25.25
26.01
22.55
18.21
15.72
11.22
16.2
12.72
7.85
15.47
16.7
18.18
21.86
23.06
18.55
16.86
13.94
11.51
21.07
21.53
18.96
20.48
21.02
17.65
13.72
20.2
21.04
20.1
22.09
24.99
24.34
14.34
16.78
16.69
9.36
11.96
11.57
14.71
14.21
11.51
19.5
15.71
14.82
15.44
16.59
18.87
20.75
6.74
18.69
22.75
22.55
20.99
13.37
18.36
20.63
14.87
4.49
18.46
22.44
20.51
10.98
18.97
20.07
20.49
18.31
14.26
15.76
17.3
15.85
10.31
13.97
20.62
22.62
17.67
6.64
17.26
21.41
21.42
20.02
17.86
3.87
18.85
20.32
19.08
17.81
20.04
20.88
21.67
24.36
21.49
17.16
15.41
8.64
15.75
20.77
14.15
17.42
16.65
15.72
15.64
11.28
17.39
22.25
21.67
17.59
9.28
16.48
19.27
19.22
20.02
11.28
15.03
17.66
13.19
13.91
17.37
19.13
17.52
2.97
18.38
18.97
10.87
0.78
7.8
10.92
17.76
23.26
22.76
17.15
13.56
15.85
14.68
16.49
20.2
16.86
4.89
8.97
15.53
17.68
18.82
15.92
13.39
14.54
15.76
17.3
19.72
20.83
14.26
15.19
21.47
22.36
21.41
18.34
16.1
20.04
19.18
18.18
12.75
7.34
15.52
10.52
10.07
11.11
6.64
18.43
22.27
18.79
12.53
15.71
17.41
18.19
15.85
9.63
16.06
12.24
9.64
13.01
15.9
13.5
10.38
5.52
4.72
7.01
17.92
17.43
15.9
13.09
6.73
13.97
15.58
16.59
18.44
16.21
12.27
16.94
18.31
21.02
21.35
17.68
14.83
3.44
7.82
7.06
9.29
9.84
5.86
7.32
13.04
17.23
16.6
14.92
14.57
8.63
12.53
19.8
15.77
9.79
3.73
8.02
13.63
17.74
18.42
6.07
13.66
12.07
10.85
16.33
16.88
11.21
16.76
19.12
9.3
20.9
19.28
13.44
16.58
17.48
13.29
3.66
15.88
17.06
18.43
21.22
17.97
12.65
18.14
16.24
14.13
10.31
8.06
10.53
13.88
4.02
9.32
13.7
17.96
12.23
8.56
10.18
13.27
14.59
10.89
11.77
20.31
21.67
10.56
12.75
17.83
17.03
17.56
18.01
14.22
9.33
15.49
16.06
14.31
14.2
15.19
14.62
13.77
17.46
18.1
18.16
21.44
19.92
19.28
22.51
20.07
8.89
6.66
5.46
7.88
10.1
15.38
16.1
12.32
19.7
23.58
22.92
18.98
19.72
19.04
18.82
13.71
10.36
0.94
15.12
16.5
15.69
14.39
6.69
2.21
14.12
16.91
13.17
17.41
17.89
16.82
13.08
8.29
5.25
16.17
15.88
12.88
11.12
6.26
10.86
19.69
19.62
8.12
4.21
-7.37
0.55
3.5
3.83
12.32
13.42
10.1
5.95
16.59
18.41
18.33
21.31
22.13
20.46
16.58
13.71
10.17
10.88
8.83
12.3
9.9
12.68
12.33
10.65
8.9
6.62
14.06
19.98
20.9
14.19
-0.26
13.59
17.16
16.25
17.3
14.92
14.22
8.09
4.9
7.1
9.7
-6.24
9.61
7.15
8.98
18.83
19.81
15.85
15.02
14.32
11.7
17.49
11.3
19.45
14.02
17.45
17.73
10.68
7.77
16.35
16.51
9.87
5.19
7.36
16.63
16.1
8.13
13.22
19.44
13.58
12.12
14.97
17.1
18.01
17.12
17.01
16.5
12.75
8.12
13.58
13.8
13.61
15.25
-7.95
17.77
19.01
16.91
10.84
9.42
11.62
19.01
21.19
17.57
0.84
14.51
16.37
16.75
16.46
8.23
12.77
21.32
21.39
13.35
12.19
15.28
12.99
20.68
20.23
6.68
13.12
16.76
16.56
13.34
-3.23
12.05
9.98
16.79
6.28
12.77
12.57
18.87
16.26
4.79
11.92
14.75
13.91
14.7
14.39
14.5
14
15.08
19.4
17.63
4.04
12.91
12.52
17.9
9.12
10.96
14.32
16.46
20.94
17.62
12.47
8.41
13.17
15.26
14.54
14.68
15.88
15.06
17.92
12.91
9.37
11.04
17.38
17.09
13.94
14.65
9.01
6.43
15.55
15.09
15.22
21.53
22.44
19.34
17.65
16.87
13.14
6.64
-1.01
8.77
14.85
10.99
13.52
18.61
19.2
12.8
13.56
10.74
15.11
16.44
8.31
15.54
14.9
17.37
18.99
17.36
15.51
8.96
9.1
12.45
18.18
15.48
9
7.76
13.17
13.39
11.33
18.74
19.06
7.82
10.56
9.75
10.49
5.81
7.8
15.01
13.16
6.74
10.37
11.92
14.91
9.78
19.67
13.74
17.4
17.15
14.26
14.06
10.09
13.09
17.19
18.68
14.95
8.17
13.38
7.52
8.01
16.21
17.9
10.31
0.61
-2.55
9.84
9.7
-1.8
3.84
10.24
8.25
9.66
11.42
16.03
18.96
17.25
12.15
11.58
11.84
16.18
21.58
22.15
20.54
17.42
13.87
12.8
14.21
17.76
15.64
5.22
-4.79
14.65
14.79
-0.14
7.75
2.01
5.54
11.41
11.04
2.98
14.92
18.41
17.02
16.99
16.07
10.14
-1.52
12.61
15.52
4.45
10.71
-2.68
8.31
-1.02
13.09
14.48
11.54
13.88
4.47
6.35
12.25
16.14
7.79
5.42
11.29
13.2
11.56
14.87
16.66
19.91
21.82
20.81
22.73
18.79
7.12
5.17
8.07
12.22
12.44
15.8
19.25
10.59
7.99
12.85
17
17.27
13.3
11.77
14.75
19.51
19.13
15.48
17.39
19.97
21.01
19.19
16.32
9.3
2.29
16.8
19.64
17.89
17.71
15.86
9.95
-1.14
8.98
-2.63
11.26
3.65
-0.07
14.31
14.89
5.61
5.24
13.15
14.42
15.41
13.18
14.63
18.52
16.77
15.77
13.56
12.12
12.21
14.18
18.49
19.96
19.98
17.75
10.84
4.45
11.71
14.57
12.9
12.73
7.01
8.53
10.45
9.99
16.74
16.09
11.48
12.77
11
7.86
-7.19
12.75
16.82
7.32
14.58
17.42
16.3
14.27
7.63
-6.32
4.17
5.95
5.59
14.56
19.99
16.19
4.96
8.94
17.92
20.59
18.35
16.97
-2.78
13.6
14.49
13.53
16.69
18.02
15.74
11.95
14.89
13.97
12.94
12.18
14.31
15.68
12.51
13.84
3.89
10.21
11.19
11.22
13.85
17.93
13.91
7.58
10.5
15.02
18.21
17.84
15.4
18.97
21.32
18.49
5.3
5.16
11.83
17.68
13.96
3.54
6.62
0.72
12.21
17.59
17.76
13.16
1.56
13.38
15.59
9.54
8.08
12.62
10.33
14.92
19.49
18.09
16.31
16.58
18.56
14.8
10.76
6.63
13.74
14.55
19.81
22.21
18.32
1.65
15.11
14.56
9.24
15.53
18.64
16.58
18.92
22.34
19.24
16.52
16.47
14.7
12.44
15.48
13.02
6.53
11.45
15.08
10.32
3.99
16.76
18.55
15.93
11.7
6
-9.75
2.68
5.96
5.36
12.72
14.76
10.04
8.41
12.02
14.61
16.07
17.24
14.37
5.75
16.65
15.66
16.62
16.95
11
7.22
14.79
12.04
11.68
12.23
6.92
-2.99
0.73
10.17
13.42
13.12
20.32
18.86
6.55
12.66
8.2
10.65
3.91
18.45
20.31
13.36
-5.22
4.95
17.92
16.5
8.44
13.28
8.75
13.37
17.45
5.4
14.23
20.42
22.49
19.48
13.97
10.4
7.72
14.54
4.18
7.66
8.18
14.85
15.15
12.44
9.93
16.37
16.82
11.64
7.2
13.47
16.31
17.18
16.29
8.07
11.05
13.03
12.74
15.53
14.79
17.66
18.35
12.94
-1.56
3.54
-5.17
-1.54
9.27
12.33
7.66
6.55
8.99
18.87
19.61
13.16
12.66
11.81
3.32
8.3
9.43
8.96
16.54
14.84
7.59
13.11
17.09
13.06
-4.37
5
14.07
14.82
14.95
8.2
7.21
13.08
13.94
8.73
12.38
14.92
9.18
6.18
0.94
6.71
6.78
14.29
15.54
14.02
15.08
10.6
10.72
16.31
17.52
12.15
16.04
13.77
7.04
14.91
16.44
16.96
18.16
13.38
9.05
10.85
11.88
1.02
9.57
11.08
17.04
19.37
18.19
11.63
2.61
9.68
11.87
11.39
7.68
3.84
15.81
17.14
10.46
14.39
13.54
8.1
5.97
16.7
17.72
15.34
16.89
18.7
15.83
9.12
16.33
15.24
6.5
8.97
15.74
16.75
14.46
18.03
20.92
16.3
11.14
10.11
-1.64
6.13
16.07
16.94
10.39
8.38
18.66
20.11
17.16
4.24
7.53
11.9
12.91
16.8
16.84
9.96
2.73
14.45
16.67
10.47
15.91
18.88
12.15
13.98
15.82
15.56
11.46
9.05
9.69
16.3
13.54
10.35
11.56
11.99
13.53
13.07
10.86
13.64
17.19
16.24
8.87
-0.08
8.3
-4.69
15.08
17.34
12.57
11.85
15.93
13.54
8.67
17.26
19.82
19.15
17.81
13.79
16.14
17.12
14.62
17.31
17.34
15.75
8.45
14.9
20.29
21.92
22.54
22.12
20.24
17.39
12.9
9.75
-1.02
1.26
10.62
13.39
11.26
8.25
6.21
12.99
4.4
11.6
15.1
13.53
13.95
14.15
13.43
11.04
-2.12
13.65
17.31
14.15
4.74
8.44
10.99
12.61
19.92
20.89
15.93
7.18
14.37
0.28
13.55
15.61
11.95
6.37
11.58
12.47
13.09
15.4
17.32
15.43
6.13
4.68
3.29
17.3
16.14
9.93
8.88
10.05
13.82
12.55
15.43
16.18
12.44
7.01
-1.8
10.27
11.18
12.24
17.49
17.75
9.22
6.68
12.17
15.39
13.54
14.6
15.76
12.07
10.54
14.34
16.16
16.28
14.87
13.68
14.63
14.27
12.01
12.17
11.04
7.04
17.95
19.05
14.89
14.71
20.81
22.49
20.54
11.98
7.46
13.76
17.89
15.08
9.3
13.25
-9.71
-0.01
2.89
14.62
18.2
18.83
14.15
11.28
15.03
12.18
-7.71
6.63
3.36
0.69
5.82
7.84
16.6
11.07
11.96
15.36
10.99
9.67
13.01
18.34
19.15
14.15
7.4
12.39
4.04
10.84
15.88
13.56
12.54
1.21
-0.22
-13.94
-0.41
5.07
16.34
15.31
4.71
10.22
10.76
4.07
3.87
-1.8
15.58
16.86
3.45
13.16
14.56
1.81
4.81
12.88
17.63
16.04
10.37
12.99
14.07
13.29
10.3
-2.63
11.31
19.1
19.11
19.42
17.6
6.27
5.68
4.77
15.32
19.79
17.78
5.21
17.26
11.4
10.62
9.05
9.23
12.91
13.85
14.39
12.4
13.47
8.14
8.19
9.7
15.12
-2.81
2.36
10.92
5.96
13.35
14.71
14.49
-1.49
13.66
14.27
11.65
1.1
7.8
10.37
12.35
10.99
10.35
16.47
19.04
16.15
11.22
5.85
-3.97
10.75
14.12
11.91
-2.98
12.55
14.21
15.71
16.44
14.28
14.93
14.97
14.12
18.75
19.01
16.14
14.18
5.95
9.68
5.4
10.78
12.3
9.65
9.04
11.09
11.33
13.61
14.78
12.22
4.03
-6.63
2.46
3.65
6.54
13.99
15.31
16.2
16.56
18.2
16.94
8.49
-8.51
12.19
12.53
6.5
8
10.43
15.29
15.41
10.61
-1.02
7.02
5.35
-4.97
8.77
4.72
8.76
11.99
10.02
6.37
6.3
5.04
10.57
5.58
14.97
15.82
-1.77
12.8
12.76
13.52
15.3
9.12
7.6
9.95
17.01
15.16
8.81
6.01
8.79
11.42
9.57
7
9.02
7.13
10.63
16.23
12.72
1.22
11.86
11.06
-11.18
9.42
7.37
12.61
14.69
13.81
10.05
13.08
14.03
12.58
1.54
7.96
12.01
11.87
16.33
15.48
8.65
14.82
17.78
10.59
-1.1
4.15
8.56
9.49
14.77
3.05
11.41
15.53
14.58
12.74
11.76
8.13
12.8
14.98
11.47
9.67
10.78
7.6
14.89
14.61
11.06
-0.12
8.16
3.21
12.06
15.11
8.87
2.53
6.22
12.09
12.95
12.93
11.91
15.43
14.31
9.37
11.02
1.42
6.42
-1.16
7.77
7.06
11.41
12.77
6.54
10.47
12.05
15.75
9.96
14.58
19.41
20.97
16.63
13.93
16.77
14.61
15.23
13.69
4.31
5.37
-4.75
12.94
13.34
11.63
15.28
15.34
7.41
3.44
9.95
17.93
19.47
18.52
9.13
8.38
10.02
14.75
11.74
-8.83
7.59
11.17
1.4
8.51
-2.61
8.57
3.38
2.33
6.25
3.61
13.28
18.7
17.14
14.37
9.57
10.57
14.19
0.66
13.72
9.14
14.21
13.53
14.71
13.22
10.88
12.54
15.66
15.43
8.9
9.59
6.35
11.89
15.55
11.91
12.2
13.92
12.32
5.92
5.09
10.09
-4.5
10.78
13.69
12.56
16.31
16.13
7.68
-15.08
-4.48
8.7
5.58
6.51
0.47
15.09
13.4
13.51
9.49
7.51
3.94
13.93
13.02
9.91
2.09
3.67
15.43
20.08
17.2
12.07
12.7
14.06
15.47
12.67
9.01
7.15
14.18
8.33
-2
5.21
6.25
9.33
10.4
9.31
12.06
10.86
8.71
10.83
17.07
17.63
9.86
-0.41
-2.64
0.78
9.26
11.63
8.83
1.91
11.66
10.93
9.64
10.78
6.17
1.66
8.47
5.35
12.04
14.66
11.78
5.81
6.64
6.62
-10.36
6.74
-1.55
6.56
2.62
-3.59
7.24
10.75
7.97
5.98
6.52
9.94
9.23
1.91
8.07
16.52
18.18
10.95
-2.69
-4.48
8.34
12.23
9.33
6.92
10.1
10.22
7.55
-5.38
2.15
1.39
5.65
7.53
14.09
17.81
17.12
13.34
9.28
8.27
10.08
11.82
13.02
7.42
11.56
10.24
9.3
10.47
7.46
6.73
17.63
19.43
15.71
2.21
7.52
9.62
15.49
9.87
7.9
8.34
3.32
12.24
11.34
8.82
15.16
13.51
7.91
5.61
2.08
3.63
10.55
13.77
12.17
4.14
13.54
13.9
8.56
10.56
7.23
6.56
8.53
-2.01
8.64
8.74
13.94
7.52
10.06
15.02
17.33
20.72
20.43
14.71
6.92
11.98
14.28
15.81
12.75
10.22
-26.83
8.21
9.98
0.05
9.17
16.56
16.39
1.36
6.19
8.2
5.81
13.58
10.9
5.38
14.27
13.08
0.44
6.94
9.9
13.15
5.38
4.91
-1.48
8.33
12.4
-0.2
11.46
6.36
9.9
12.47
15.22
13.95
9.01
6.96
2.46
15.95
13.34
0.56
5.86
5.79
9.95
8.47
9.1
8.86
7.34
10.94
10.74
11.76
2.06
10.91
12.58
11.63
11.33
2.78
8.78
7.66
6.21
6.96
0.22
7.99
2.49
8.91
10.83
12.04
15.14
3.91
13.36
7.15
4.53
12.8
9.62
12.92
12.23
4.82
8.34
13.55
7.34
10.61
14.33
11.95
11.69
12.9
14.87
11.62
9.8
10.11
10.09
5.64
12.71
13.75
13.85
14.98
14
2.24
16.11
18
11.81
5.59
15.46
15.17
14.3
13.54
11.33
-1.04
7.22
2.6
10.11
16.16
10.01
10.99
15.31
10.41
13.62
14.73
11.82
15.6
11.17
6.48
9.54
4.89
8.04
13.56
11.76
3.13
10.83
16.57
9.88
10.96
13.41
14.2
16
12.84
7.62
9.66
10.96
-4.94
11.86
16.1
15.67
14.48
11.84
6.45
3.74
13.62
11.58
-2.68
7.75
3.72
10.34
3.31
6.73
8.23
7.8
2.04
8.7
12.58
6.38
16.25
17.09
13.62
2.34
5.88
-8.06
11.85
14.03
9.46
4.88
-2.45
-15.55
1.62
10.68
13.27
13.57
13.23
11.27
4.34
10.93
12.63
4.44
10.56
11.17
1.09
10.39
17.96
18.03
14.71
7.23
15.01
15.96
11.13
13.07
11.16
12.57
18.06
14.52
7.4
1.19
7.84
10.48
14.13
17.74
19.37
18.65
15.06
8.35
10.21
13.76
9.79
0.33
8.65
2.55
13.15
15.08
5.73
0.49
8.76
10.22
9.88
8.78
8.06
7.11
16.42
13.74
6.48
13
13.23
19.92
18.26
12.18
9.7
14.41
14.43
9.18
15.24
16.83
15.9
14.21
7.11
8.48
15.43
12.94
11.35
-2.86
14.8
16.73
9.98
6.32
12.02
14.36
12.86
12.39
13.44
13.65
14.71
11.04
9.81
17.13
15.04
4.21
12.65
16.91
14.74
9.98
8.33
-1.21
7.22
6.47
-0.86
5.82
12.95
5.43
13.14
16.59
13.9
4.81
14.18
9.51
-3.71
0.74
8.87
11.75
9.21
2
14.31
14.22
-3.35
10.85
9.73
2.83
-1.22
10.88
12.67
11.6
14.79
13.73
2.65
-0.23
13.72
13.59
2.52
-2.75
11.33
18.34
15.74
-3.42
14.02
12.47
10.18
16.14
11.12
4.48
10.18
8.43
11.01
15.94
15.58
14.48
15.47
12.63
1.27
12.62
19.06
18.53
14.72
19.4
15.17
2.04
13.82
16.47
11.9
16.84
15.04
8.58
5.76
13.22
12.01
6.7
12.23
1.47
5.21
11.55
13.6
14.66
15.77
11.19
16.75
18.74
16.23
10.2
-2.65
9.16
-5.84
11.07
11.99
10.83
12.13
13.94
16.84
19.17
19.81
16.18
4.31
5.65
3.01
11.2
17.92
17.22
8.81
9.51
8.08
13.43
14.63
11.15
16.54
16.79
14.81
5.59
8.43
6.45
3.04
3.72
6.59
5.4
7.91
15.56
11.79
0.51
-22.85
-2.42
3.31
-2.28
3
9.56
14.19
16.31
10.85
2.73
9.34
-5.95
14.99
19.05
15.66
9.62
9.36
12.18
17.01
19.44
15.78
6.28
5.17
2.37
0.32
-2.93
2.63
12.94
14.49
10.03
8.39
3.58
6.08
10.5
12.67
11.71
8.56
-1.31
2.98
5.49
10.21
14.35
14.74
14.1
9.3
8.42
14.55
9.33
13.55
17.53
17.65
14.46
11.19
11.98
12.46
10.82
16.7
13.11
4.79
10.27
4.31
1.87
-15.26
3.47
9.42
6.82
-2.09
4.8
11.98
14.25
10.14
12.18
15.28
17.02
11.41
4.17
16
15.05
7.21
11.94
12.31
17.16
15.69
15.4
8.85
0.83
11.09
11.84
8.61
12.91
15.51
11.94
3.49
-0.39
7.18
10.66
12.11
12.6
10.76
11.87
6.19
7.85
14.32
16.39
12.64
13.77
15.12
12.99
14.28
15.69
15.27
14.97
4.21
7.55
6.89
5.37
8.36
-10.32
5.99
3.68
3.32
12.51
14.95
15.19
18.64
18.89
13.26
4
10.3
11.46
15.83
16.81
11.7
12.73
16.13
16.47
12.16
9.72
10.42
14.6
18.54
19.31
16.06
11.32
12.3
7.81
0.65
4.71
6.66
7.86
10.31
13.13
12.96
12.25
13.1
15.27
15.46
8.01
14.83
17.7
15.17
14.32
17.24
16.51
15.51
15.51
17.43
19.23
18.52
18.38
16.86
11.78
12.67
14.14
12.12
8.84
8.21
9.83
13.27
10.24
5.39
8.81
12.35
14.39
13.52
13.73
11.13
10.93
13.71
15.75
14.28
6.68
8.49
7.67
7.05
2.23
-4.73
10.27
14.9
10.8
10.62
11.46
11.55
9.43
16.86
20.04
17.52
15.77
15.18
10.6
6.81
14.46
13.88
8.63
6.87
9.6
11.09
17.28
16.64
15.99
19.47
18.94
13.95
9.85
9.13
6.74
9.5
15.33
16.98
12.79
7.78
11.74
14.29
11.07
6.31
14.47
17.68
15.09
6.38
2.94
12.1
15.88
17.97
17.62
16.55
18.07
18.14
11.85
7.5
13.08
12.07
12.7
19.49
19.41
14.14
13.21
8.18
-3.88
7.54
9.7
10.52
3.18
3.85
7.71
15.07
17.02
15.09
14.02
13.51
15.27
18.26
20.59
20.89
17.13
9.86
11.94
11.81
9.75
14.03
16.63
16.56
13.67
14.45
15
11.5
10.63
12.07
15.43
15.42
7.6
14.38
16.74
19.3
19.59
13.79
6.16
13.68
7.89
0.92
13.13
17.87
16.67
10.75
9.77
13.88
15.31
12.58
7.82
10.5
4.57
3.67
4.57
4.61
12.65
15.77
13.58
10.58
11.9
12.24
10.85
16.84
13.6
-6.48
5.16
6.4
6.85
7.9
8.97
13.29
13.86
11.96
13.17
6.38
15.01
13.75
8.91
10.73
16.32
18.42
16.72
10.34
-5.73
4.76
3.25
8.88
9.48
5.99
8.46
9.07
9.43
4.73
8.03
10.32
5.53
8.18
13.99
11.59
2.64
12.3
10.1
11.99
17.35
20.24
19.36
19.03
16.92
11.99
6.92
-0.78
12.5
10.77
4.7
13.52
14.65
10.22
6.84
0.71
5.77
9.2
13.35
10.81
9.7
14.53
15.54
11.77
9.4
9.39
-1.02
-2.19
6.24
-17.03
15.36
17.99
17.66
16.19
11.62
8.28
4.76
5.24
14.43
14.5
11.46
11.95
9.42
5.85
0.73
7.62
9.23
7.42
15.54
15.17
9.24
13.92
11.65
7.46
10.71
13.07
14.97
16.17
16.64
15.11
10.79
3.94
1.5
-7.93
0.91
1.21
10.09
13.24
14.19
14.15
13.04
12.65
10.17
10.98
14.42
14.88
9.63
7.13
7.57
10.97
12.83
7.67
3.18
14.45
15.28
12.58
11.94
15.54
18.32
17.03
11.08
9.81
13.64
10.97
8.99
12.73
12.98
9.98
10.66
11.53
4.58
2.7
-0.23
9.88
10.93
3.07
10.13
15.22
13.03
14.22
15.27
17.66
