13.2
8.07
8.26
0.91
-3.16
-10.81
-3.79
3.28
2.84
8.02
10.48
7.27
-4.36
10.7
8.93
0.9
5.6
9.27
9.74
12.56
12.89
11.42
10.17
9.68
7.36
6.74
3.51
5.24
11.21
13.34
9.21
5.06
11.97
14.23
14.6
6.6
5.58
11.06
10.68
2.04
-2.42
1.52
-4.1
2.34
8.7
7.82
7.15
12.19
12.96
7.72
-2.35
10.07
10.37
10.01
12.68
11.75
11.47
12.45
12.05
12.86
14.12
11.49
11.79
12.56
8.04
7.98
9.73
-1.31
10.99
16.32
14.37
6.42
3.34
7.04
2.31
-0.73
3.57
9.03
12.61
11.36
6.1
15.27
17.92
18.33
15.25
9.58
-0.28
9.33
10.02
7.41
-5.59
14.32
17.28
12.12
9.67
13.92
11.85
6.96
17.38
17.78
14.25
8.57
6.2
12.13
14.43
13.96
10.7
5.67
13.49
15.21
5.22
12.08
10.37
2.96
4.37
-2.47
12.32
15.36
15.29
13.65
10.01
18.63
18.03
9.48
5.6
0.97
-1.57
9.13
5.06
6.01
9.83
5.72
-1.93
7.07
10.88
8.52
2.59
11.68
13.17
14.54
14.54
10.68
12.46
12.7
9.9
5.62
7.18
6.42
0.38
3.43
12.57
12.07
1.58
9.65
9.58
5.32
9.44
6.91
6.22
6.95
9.93
8.76
5.22
1.13
3.5
-2.09
7.65
2.63
7.68
-2.54
4.31
13.17
10.86
9.87
12.73
11.09
7.21
9.79
13.21
12.62
13.84
10.57
3.07
6.83
12.51
5.54
6.1
10.75
8.65
9.68
8.8
14.24
18.59
13.6
-1.54
3.51
3.75
0.22
4.89
-3.82
-0.68
-2.01
2.31
-0.66
11.45
13.54
6.26
12.87
18.25
16.1
15.16
16.12
11.94
6.83
5.66
4.33
13.42
12.82
3.7
-7.05
-11.39
3.96
10.06
2.12
3.16
10.76
11.82
7.6
7.95
10.55
6.43
5.16
8.06
5.69
6.3
8.11
9.12
5.19
9.23
10.35
11.66
8.29
-7.3
1
7.63
5.93
-10.28
3.43
6.58
-2.81
8.85
2.93
-2.3
3.96
12.19
14.01
14.99
15.49
14.37
5.91
10.62
12.95
11.78
12.45
8.71
-0.21
2.5
-2.56
-2.68
5.87
6.68
3.49
8.25
12.94
7.67
-16.52
1.26
6.89
17.56
19.94
13.38
10.62
16.91
15.97
5.86
3.42
8.14
11.06
4.19
2.42
5.7
13.65
13.79
12.04
11.99
15.6
16.46
13.94
12.87
15.44
17.11
18.82
18.79
11.12
9.84
12.26
-0.48
13.91
17.9
15.56
7.96
6.83
7.46
5.95
1.03
4.21
12.19
15.78
16.89
15.5
9.95
12.26
9.5
9.48
8
0.96
3.56
11.44
7.74
12.45
17.34
15.43
3.07
9.4
13.13
13.21
10.25
8.45
6.96
8.44
11.47
12.17
12.37
9.92
1.14
8.39
12.19
11.76
10.09
7.37
6.22
9.55
14.13
13.82
10.11
10.18
9.27
2.42
-0.48
5.92
5.72
0.59
13.03
14.06
9.66
4.29
13.95
14.05
13.65
10.54
4.27
8.85
0.11
-2.29
0.67
3.93
6.96
7.71
10.86
10.7
12.21
12.52
9.45
7.67
2.07
3.22
10.86
14.83
11.78
3.76
-3.18
-8.33
4
8.18
6.65
1.61
-0.74
3.11
2.38
3.38
11.62
14.67
10.28
11.58
11.6
13.81
17.08
16.68
13.3
8.67
8.81
10.54
8.68
9.59
8
3.53
11.13
9.23
9.23
6.89
13.41
15.07
12.95
7.57
11.49
9.6
6.47
10.22
10.52
11.39
11.11
8.18
9.15
7.12
7.06
7.05
6.18
0.84
-3.89
7.6
12.71
14.52
13.6
14.14
13.06
0.84
1.14
10.68
9.56
6.17
11.86
10.82
4.15
10.37
9.87
2.12
-2.57
9.22
10.6
11.89
16.41
12.58
-1.61
10.65
15.54
14.76
5.91
5.35
6.37
1.23
6.25
9.1
11.94
5.85
10.03
7.5
9.26
9.81
-0.47
-0.41
1.26
-13.46
2.65
12.26
11.51
9.12
13.4
3.25
8.66
10.24
4.66
0.77
-0.16
-0.88
6.06
7.96
-25.16
10.03
9.29
7.63
14.84
12.39
6.89
8.4
6.17
11.08
12.36
0.36
14.74
17.17
16.58
15.84
16.61
14.7
2.21
7.27
11.56
13.46
13.85
12.37
9.08
6.06
12.63
12.93
8.14
2.62
0.7
6.95
14.86
16.59
18
15.97
-7.79
13.81
13.23
9.32
1.57
5.51
9.31
10
13.44
11.76
4.7
-5.24
2.76
2.2
5.69
4.02
5.4
13.29
12.33
9.35
12.97
8.23
10.35
12.36
8.12
4.97
10.09
1.55
-4.64
-2.9
9.79
10.93
-3.85
-7.95
-3.26
3.97
7.4
0.43
0.01
5.13
15.38
15.23
6.24
5
5.23
-5.69
6.37
0.95
7.48
13.58
13.98
10.72
8.86
12.74
11.71
10.35
-9.12
-0.18
2.05
11.7
14
9.41
-0.36
-4.94
3.98
10.47
16.42
15.54
6.37
-1.99
2.31
7.54
3.37
0.57
0.07
8.53
14.32
11.96
5.55
0.43
8.97
12.74
12.1
10.13
5.26
9.89
13.55
14.45
13.43
5.07
8.44
9.28
6.93
1.72
7.89
13.21
13.15
7.3
1.05
4.72
5.24
6.55
-3.45
2.25
-1.1
12.78
8.75
7.04
10.11
8.2
9.69
4.24
6.52
7.37
3.79
-8.83
2.08
3.89
10.51
6.36
3.17
6.9
4.02
9.11
5.94
0.69
6.38
11.1
13.84
11.23
9.68
5.28
4.51
8.77
9.26
11.41
6.41
14.94
17.57
14.23
10.25
5.16
12.86
13.44
9.22
11.44
12.55
10.5
10.53
12.08
11.02
9.2
9.43
7.12
4.93
13.11
13.94
12.2
12.45
13.62
9.2
13.27
16.39
12.08
2.74
4.83
10.51
12.98
13.03
9.38
12.43
9.52
3.2
13.6
12.95
11.62
3.52
7.15
5.73
7.37
6.98
3.74
12.92
10.75
7.69
11.39
8.15
8.49
6.47
-0.07
1.05
3.37
9.02
11.84
8.61
12.35
14.43
10.92
5.13
1.68
3.47
4.76
9.02
13.49
13.51
5.99
9.31
10.13
13.38
13.47
12.29
6.91
3.61
7.7
10.86
11.31
9.98
10.7
10.14
0.96
6.53
9.88
7.62
8.83
14.88
14.3
11.34
11.11
8.36
7.23
5.35
10.38
11.62
5.86
1.92
7.52
13
13.45
15.28
14.79
13.01
11.89
1.83
12.74
13.17
7.49
8.6
11.94
10.42
7.96
11.34
12.04
10.66
3.4
9.34
8.51
6.03
6.11
5.04
5.02
11.37
13.38
11.89
11.49
13.08
14.38
12.72
11.14
7.84
18.75
22.41
18.64
18.58
15.11
15.47
10.58
4.85
16.37
26.4
27.56
23.17
24.65
25.93
24.76
22.43
10
14.29
16.67
19.44
22.8
26.35
23.19
13.6
21.93
24.51
13.93
17.49
10.91
15.83
22.92
22.7
14.49
22.12
29.22
29.95
23.98
23.65
27.07
26.73
18.51
19.1
25.32
23.79
3.43
21.31
20.39
18.16
24.19
28.21
26.57
21.43
24.65
27.34
32.76
34.35
30.64
27.44
26.94
21.73
17.39
17.17
18.36
25.43
25.92
21.13
20.42
22.43
19.06
11.16
16.48
19.69
13.31
15.66
25.72
26.21
15.97
15.47
21.15
18.84
22.35
21.65
20.17
25.02
25.52
7.47
10.22
15.05
19.3
21.47
24.62
22.58
22.45
13.82
24.06
27.4
25.31
22.06
9.63
10.47
11.33
10.6
8.23
14.67
16.84
11.13
9.52
18.69
18.82
17.74
20.73
19.93
19.01
19.38
20.09
20.89
19.93
17.66
4.67
17.45
17.74
14.39
20.57
25.32
25.81
23.15
10.34
14.26
21.93
26.04
24.52
13.79
7.37
17.57
17.96
19.54
24.1
26.17
21.61
9.69
14.51
17.04
21.92
22.38
16.92
11.51
16.24
23.48
27.4
25.97
24.14
21.23
13.68
14.53
18.5
12.65
21.21
20.63
17.7
24.01
23.77
21.76
19.14
13.1
15.7
24.17
26.49
16.98
21.49
26.97
23
10.67
15.77
21.47
23.23
21.68
23.35
26.28
25.92
21.42
19.43
22.84
25.06
22.48
20.47
21.43
9.08
29.24
30.57
23.9
24.71
25.63
23.56
20.93
11.14
21.27
24.58
21.65
23.9
26.26
21.98
18.03
12.36
21.31
21.37
20.05
23.72
14.55
12.85
20.81
24.4
23.34
19.34
13.37
19.08
27.33
27.16
26.15
19.7
19.86
23.88
25.59
21.92
17.71
17.87
17.61
16.4
17.53
17.63
17.62
15.84
18.48
24.48
23.48
20.35
17.62
12.23
23.71
26.79
28.83
28.75
24.87
18.08
15.59
15.81
18.34
18.16
18.43
18.59
17.13
25
25.81
22.21
17.91
12.65
10.67
8
18.62
23.03
23.88
26.3
28.3
27.28
24.68
24.95
23.67
20.88
22.33
26.42
25.52
20.06
15.9
11.5
17.22
24.87
23.46
16.96
19.89
21.15
24.66
24.88
20.9
13.11
8.2
23.49
27.38
22.85
22.93
21.87
12.94
12.26
13.91
10.45
14.42
15.28
18.89
22.2
25.74
25.25
23.04
18.8
15.26
9.62
12.71
14.38
19.12
18.21
18.71
20.21
22.04
19.36
6.68
15.44
11.51
24.28
26.09
21.69
21.29
22.13
22.2
17.69
8.54
14.47
19.61
18.76
17.32
17.14
17.34
18.18
14.28
9.07
16.51
18.1
17.72
16.73
13.13
9.69
10.79
12.61
15.2
16.33
14.38
17.91
22.47
23.38
21.62
21.64
25.27
23.84
14.3
11.28
16.4
22.85
19.8
5.01
11.12
17.01
19.89
21.46
22.22
20.1
15.53
9.34
12.81
19.69
17.33
12.59
5.27
3.86
11.51
12.17
7.92
13.04
15.8
16.84
14.84
14.14
16.22
14.4
-10.74
8.98
5.56
10.06
2.77
9.19
8.81
-2.02
6.63
8.55
0.31
8.18
16.57
17.14
13.27
12.46
8.25
-4.93
10.77
14.12
3.98
14.68
15.49
13.31
7.85
20.82
23.68
18.06
17.15
18.11
20.08
18.2
21.47
10.01
17.79
23.5
25.3
19.42
18.52
21
9.71
20.81
20.97
17.87
24.8
25.08
22.29
16.52
6.3
19.3
22.7
22.66
19.34
8.44
14.11
22.19
21.72
2.9
21.92
21.07
18.18
17.01
13.14
17.69
20.05
18.58
18.88
15.36
14.59
-6.26
21.75
20.93
16.68
18.62
11.19
14.32
16.63
20.93
23.66
21.28
21.87
17.27
16.48
14.47
16.43
19.41
23.71
23.37
19.15
21.91
23.97
17.27
19.41
23.68
27.09
29.42
27.15
6.3
20.24
18.77
21.4
23.36
15.68
19.19
24.81
24.44
18.43
12.75
16.06
18.41
12.42
10.05
2.79
19.19
19.23
18.65
12.08
5.76
12.91
15.17
8.92
9.7
18.02
23.73
29.29
30.53
27.77
23.56
18.87
18.06
20.73
27.93
30.83
30.2
26.57
15.42
14.45
17.4
16.5
16.12
14.91
10.97
19.48
22.25
20.64
15.23
13.46
16.28
23.75
24.73
22.34
15.94
7.4
18.53
23.47
21.89
19.01
20.28
19.35
11.24
1.85
3.05
12.84
19.33
24.81
26.67
24.45
17.84
14.3
11.77
17.6
11.73
14.94
20.55
20.55
16.99
13.33
19.35
25.26
22.13
16.53
23.24
28.25
27.3
21.28
19.12
20.78
22.4
21.99
18.86
13.6
14.11
20.58
23.4
21.76
14.87
12.43
11.83
17.51
14.64
12.99
2.36
13.72
18.49
22.74
25.17
25.03
24.33
19.94
16.65
20.13
13.5
10.65
13.44
14.43
17.45
26.32
26.65
24.07
23.19
23.49
20.41
11.66
13.02
13.59
11.7
5.35
14.72
20.72
14.35
19.51
23.66
23.01
22.53
24
24.03
21.3
22.26
23.75
22.87
17.39
17.09
17.35
21.71
27.04
27.62
25.19
22.68
20.66
18.91
18.56
15.59
20.74
25.17
26.7
27.7
29.23
29.76
27.19
18.32
10.37
21.94
26.61
27.47
26.62
27.4
30.06
30.24
29.17
24.64
21.76
24.44
23.3
24.52
24.43
22.62
23.59
25.94
28.03
28.32
23.75
0.74
20.2
17.7
13.3
18.75
20.35
10.2
20.17
20.51
25.41
28.53
26.12
23.06
20.99
18.51
18.28
22.53
22.73
20.76
14.78
-2.51
6.47
18.86
15.71
22.2
24.43
17.48
15.28
16.81
9.71
15.68
13.6
10.84
18.14
18.96
17.87
4.07
14.26
9.29
8.93
-1.16
7.65
15.88
19.38
19.88
18.73
20.01
20.96
16.31
13.43
15.98
19.67
19.99
18.16
11.24
21.59
22.84
20.3
17.67
19.5
20.43
16.62
-13.54
9.6
3.56
18.9
19.65
7.95
21.72
21.67
20.95
17.9
15.72
20.94
24.47
22.84
15.93
16.53
23.63
22.12
6.87
16.46
18.3
11.05
9.46
8.77
15.2
15.56
9.98
16.11
21.59
21.1
19.17
16
10.1
10.25
-10.03
-1.53
15.32
20.44
17.75
7.27
0.71
5.18
7.91
12.01
19.63
22.04
23.25
24.45
24.24
19.79
15.62
19.63
22.16
20.19
14.04
12.3
18.22
19.99
20.43
17.03
12.82
17.21
13.48
13.44
14.06
9.2
10.52
16.57
19.3
17.39
16.23
7.03
11.43
19.77
24.87
23.29
19.72
11.96
19.48
21.59
13.17
20.88
20.12
21.09
22.36
18.52
19.27
24.1
19.59
16.75
21.27
14
14.72
18.95
16.9
13.03
21.28
25.49
24.66
4.78
19.98
15.73
8.53
20.97
23.51
20.06
11.46
6.1
19.63
23.42
22.68
18.21
15.76
20.81
22.1
18.73
14.07
13.42
8.44
19.09
17.35
7.43
14.23
14.84
18.03
22.51
25.77
24.49
20.57
19.71
9.71
21.81
25.3
19.04
8.93
10.54
20.26
23.86
21.86
23.8
18.61
20.33
26.75
27.01
24.94
23.26
23.45
22.37
20.69
20.09
18.56
17.26
25.15
23.68
22.08
22.61
18.77
22.01
20.57
12.86
1.49
11.98
18.43
17.86
20.2
22.25
23.83
17.57
16.02
22.12
25.19
24.11
23.7
25.57
25.4
23.24
22.34
21.68
18.09
17.04
11.18
17.09
21.75
24.98
24.72
16.29
16.94
21.89
21.75
16.65
13.07
12.85
8.64
18.34
24.14
20.04
10.47
13.44
19.2
15.22
16.96
21.82
19.79
20.83
21.07
23.33
27.4
27.06
20.04
15.8
21.72
29.76
28.77
26.38
24.58
15.88
18.71
17.8
26.52
26.84
19.58
30.22
28.66
18.25
16.08
21.93
19.45
6.12
17.06
19.58
33.94
35.35
28.19
25.78
24.86
22.79
21.37
14.37
13.89
10.31
13.62
21.96
24.23
20.61
18.66
20.07
20.16
11.76
9.56
17.41
20.48
21.2
21.05
19.23
17.77
19.79
29.13
42.47
45.2
38.86
20.63
17.72
22.78
22
14.96
15.18
20.45
23.81
24.52
24.44
20.36
15.18
16.33
19.08
21.08
22.96
25.52
26.59
27.51
22.55
15.88
6.77
21.61
28.89
42.27
46.65
42.56
30.08
21.18
13.92
11.55
19.63
23.33
21.14
15.27
16.58
17.08
12.57
20.11
19.91
15.2
5.79
10.1
11.91
20.4
8.17
14.45
13.09
14.8
16.89
15.68
11.36
12.2
12.86
16.75
14.28
17.97
13.97
11.27
12.77
17.7
17.03
15.99
21.66
25.61
21.95
10.77
11.33
22.3
25.16
22.43
20.35
19.28
10.09
-9.1
12.54
31.14
41.92
43.36
36.4
24.21
19.84
13.01
22.74
26.15
24.38
26.23
29.38
33.36
36.06
32.59
23.53
17.67
12.13
20.64
23.29
21.71
23.5
21.95
21.06
23.99
24.18
28.09
28.62
17.22
37.65
46.04
46.23
37.11
3.7
19.16
20.84
21.33
21.51
17.79
6.36
22.05
20.58
20.42
22.25
21.61
21.93
20.08
19.79
21.42
16.45
18.6
-1.24
18.44
23.07
23.25
21.65
2.99
18.82
19.11
21.88
18.98
18.81
20.1
13.54
18.25
16.94
17.56
14.26
15.77
19.6
9.86
17.63
21.68
19.47
24.07
19.41
11.2
18.06
20.04
16.66
15.9
8.72
35.63
42.44
39.39
21
22.99
20.22
5.22
21.92
22.73
21.09
22.89
20.97
22.67
25.9
25.37
23.46
19.54
23.16
24.24
24.19
23.07
19.56
11.71
15.11
6.03
19.73
23.37
22.56
19.7
19.22
19.15
2.87
11.74
16.49
26.63
28.63
23.27
18.87
15.28
15.83
12.37
12.16
14.58
22.5
27.81
28.74
23.89
18.53
16.73
19.59
22.19
23.8
23.02
22.37
23.41
25.11
22.27
20.8
20.6
12.14
14.42
22.37
21.66
19.3
17.03
24.17
23.28
9.7
21.7
22.77
21.06
24.49
36.95
40.51
35.38
7.87
28.64
31.43
28.29
18.81
19.54
28.72
36.73
37.68
28.26
21.15
28.62
35.56
35.81
26.07
39.16
42.5
36.92
21
28.16
27.92
17.23
20.96
15.7
21.2
25.59
26.01
26.13
35.67
35.46
31.22
29.26
25.7
22.65
21.62
20.54
24.03
29.91
29.71
24.88
18.1
20.93
24.29
29.32
30.93
28.09
25.42
25.87
25.49
-20.3
26.83
28.43
22.85
14.52
22.79
21.08
10.03
23.16
28.57
27.08
22.78
25.07
22.43
21.7
25.8
30.44
33.22
29.74
26.91
25.97
22.57
22.41
29.22
26.45
27.15
44.88
49.01
43.76
26.36
19.23
12.35
25.06
29.05
27.7
25.82
43.26
47.7
42.64
24.96
24.07
22.1
13.13
22.42
14.37
27.22
30.95
28.8
31.04
30.19
32.81
33.79
26.46
20.99
23.58
22.79
25.22
22.29
26.59
26.51
25.49
26.06
24.32
24.5
-5.3
24.87
22.77
24.68
24.75
23.79
20.9
17.38
28.01
31.23
27.12
18.55
20.51
-9.73
20.94
27.16
24.77
20.94
24.25
29.21
30.41
27.7
30.36
32.52
30.51
27.67
26.45
27.56
26.68
22.23
23.96
26.85
23.63
22.93
20.35
20.28
25.2
20.35
26.22
23.11
14.46
19.56
25.08
27.76
25.91
3.6
24.82
25.86
30.36
24.88
24.29
26.58
22.44
26.37
27.75
23.51
26.57
31.36
31.25
23.83
25.05
26.26
16.25
24.81
28.2
27.32
17.22
22.81
26.53
28
22.1
27.43
23.83
26.47
27.34
26.51
9.26
23.9
22.18
19.82
9.81
24.23
28.48
32.63
26.39
23.08
26.79
22.4
20.7
25.72
16.92
22.73
22.63
18.38
12.57
21.93
20.55
19.66
23.92
24.46
20.19
26.25
23.55
21.51
20.99
17.99
24.24
25.69
28.08
24.29
22.29
26.98
32.68
29.65
16.84
19.75
25.49
29.09
24.71
21.15
26.52
23.2
21.08
22.98
23.09
18.69
2.85
14.67
9.38
16.05
22.73
17.55
14.77
17.85
15.86
19.19
23.57
27.86
20.92
24.19
27.15
24.82
21.84
10.41
21.8
26.77
26.13
21.7
23.73
22.56
25.55
19.62
19.63
24.11
19.1
26.16
26.89
23.91
20.72
20.78
1.5
23.6
25.94
20.3
23.94
19.23
21.05
22.23
12.82
20.95
23.51
17.55
17.49
10.28
21.37
21.21
17.81
21.15
17.16
24.77
23.47
18.2
10.9
15.62
24.19
23.27
16.42
20.65
20.22
22.44
19.78
25.68
29.2
27.65
27.79
25.98
14.93
22.83
16.09
22.09
20.4
10.78
18.47
19.51
17.49
11.31
22.21
17.75
18.55
-1.96
14.99
7.25
21.02
25.06
21.02
19.12
25.09
16.1
17.03
13.03
15.12
21.7
23.25
27.55
25.45
11.38
19.64
16.27
14.97
16.36
10.86
19.71
20.98
18.16
21.44
18.71
25.63
25
17.17
19.06
14.66
24.15
18.65
11.22
15.57
16.41
19.32
22.87
23.09
16.89
15.24
23.55
23.13
-2.42
20.44
20.2
21.21
21.34
18.23
17.84
19.15
18.7
20.43
23.19
14.67
21.56
20.61
5.85
18.97
13.37
17.23
16.9
29.35
22.27
23.4
17.27
27.08
26.87
15.12
22.74
25.24
27.83
26.09
22.79
11.52
23.43
23.76
30.75
32.11
29.51
30.83
25.93
21.76
19.18
22.88
27.51
28.37
27.84
21.63
17.9
25.17
26.28
27.67
26.75
20.66
20.7
23.92
24.07
24.75
20.18
13.06
23.12
27.43
29.6
26.95
21.19
21.68
21.96
23.73
28.6
31.88
32.28
31.03
30.64
27.5
20.25
19.04
20.42
20.64
18.43
9.48
21.17
22.71
24.46
27.96
24.79
12.71
23.27
25.89
26.87
25.52
23.58
19.22
9.54
18.44
18.36
16.01
22.42
12.16
26
33.02
38.21
35.71
28.84
27.29
30.42
29.63
27.42
30.04
30.17
28.99
19.91
20.08
19.69
20.03
18.36
22.07
23.98
20.94
25.72
30.43
28.92
27.41
26.76
23.25
20.15
21.11
18.84
1.4
-3.17
20.4
23.32
24.39
23.26
23.69
25.97
24.63
27.5
27.66
27.41
25.72
23.09
28.29
28.65
27.79
24.2
22.16
21.07
17.66
21.35
19.5
10.34
18.41
27.77
28.91
26.69
26.87
25.16
24.91
25.21
22.35
27.78
26.14
24.09
24.64
17.85
21.75
26.09
25.81
23.87
26.69
26.9
26.48
24.88
23.54
30.2
32.09
31.21
26.54
15.64
6.23
16.75
22.62
19.65
11.02
19.98
25.17
27.35
26.81
22.97
21.47
6.72
22.32
23.44
23.81
29.12
30.16
28.54
22.63
3.37
15.48
21.62
21.05
13.84
-14.27
20.48
26.75
27.16
26.9
27.39
27.54
26.96
25.54
26.12
26.49
24.31
24.9
24.2
25.37
21.98
24
24.55
17.15
14.37
18.52
21.33
16.59
20.17
24.33
22.07
18
20.47
23.4
24.75
25.63
20.22
18.65
25.95
23.34
23.32
27.42
23.81
25.46
26.4
22.5
12.4
9.57
19.62
25.22
24.56
13.7
21.5
22.46
23.63
25.18
23.5
17.53
20.63
23.7
18.1
14.94
20.07
23.66
24.61
24.09
23.57
21.79
16.89
12.09
13.01
17.33
10.29
17.77
17.6
17.82
16.27
15.17
16.59
17.15
18.48
16.98
15.09
7.49
13.32
20.1
22.26
22.53
22.53
23.9
22.38
19.94
14.61
10.38
19.01
24.23
22.52
14.22
6.54
20.59
25.79
25.72
21
19.75
22.99
23.02
19.82
8.6
1.29
20.73
23.44
20.57
19.81
20.22
21.13
17.3
11.43
19.27
22.81
21.8
20.21
21.02
24.21
24.99
22.69
15.12
5.14
7.91
23.46
26.62
22.56
12.97
13.9
6.91
18.82
18.2
20.21
22.74
18.16
17.16
24.14
23.94
16.45
9.55
10.17
18.51
6.33
10.92
5.26
7.14
16.02
16.59
20.32
22.15
20.37
13.11
15.83
18.46
12.89
12.91
19.45
18.29
19.18
22.99
24.15
22.44
15.5
13.64
20.48
25.14
23.46
17.93
8.43
20.96
25.15
21.79
15.31
12.35
10.65
9.27
11.6
15.75
22.18
24.17
18.44
21.03
27.22
24.56
17.58
9.99
18.42
19.22
17.86
12.36
17.33
14.16
17
22.8
23.01
20.86
11.59
19.67
21.85
18.56
17.33
11.47
8.93
4
17.73
19.86
12.47
13.62
18.07
18.6
16.92
12.64
6.37
17.92
21.12
19.55
18.42
19.06
16.08
19.56
14.38
16.33
24.23
23.68
14.74
4.18
13.36
22.16
22.31
17.91
18.17
13.4
16.28
17.81
15.81
20.2
20.31
20.72
22.69
22.39
24.14
24.09
18.64
3.05
18.15
19.74
21.67
25.29
26.24
21.29
21.4
22.95
24.97
23.01
17.77
17.9
24.67
25.16
24.42
20.82
16.08
20.33
26.96
27.58
22.46
18.74
28.92
29.09
23.91
16.85
16.84
21.23
20.08
11.49
10.16
15.72
15.2
22.13
24.56
20.7
18.15
20.44
23.89
22.91
20.18
11.32
7.8
20.28
24.83
25.45
23.37
19.49
19.6
22.89
21.72
22.64
23.61
17.76
19.19
22.62
23.71
17.31
14.61
20.42
17.67
24.64
25.89
17.37
12.34
17.76
19.22
20.96
23.62
16.48
17.32
16.82
9.64
19.09
13.29
17.36
21.48
20.01
18.64
18.61
19.76
22.22
25.19
24.64
20.11
18.09
20.22
16.59
21.85
22.62
24.21
25.67
25.69
25.44
23.22
23.88
27.22
29.4
27.62
24.28
15.99
22.44
22.11
19.87
5.45
15.62
11.02
21.96
24.26
23.99
24.07
24.24
23.55
23.78
22.5
22.9
23.99
18.85
13.1
19.19
26.7
29.93
24.28
5.38
12.19
19.93
25.58
27.22
24.88
21.09
17.83
13.78
19.07
24.87
26.52
26.57
24.02
23.08
24.31
22.21
11.52
15.57
23.69
24.7
20.27
20.5
22.78
22
22.72
21.98
16.98
13.39
15.96
21.58
20.95
16.67
8.25
11.97
13.3
13.65
18.11
23.85
24.46
18.46
8.24
17.74
18.7
18.85
23.93
24.87
22.32
14.18
19.94
21.77
21.17
16.27
21.73
25.98
25.19
17.73
8.95
15.13
15.27
21.23
26.54
27.79
28.62
27.94
23.66
24.06
25.39
23.42
16.42
18.12
22.47
20.72
22.02
24.82
23.7
22.31
24.32
25.09
23.97
23.92
22.58
17.94
14.89
10.62
19.07
18.03
3.5
19.91
21.17
22.2
25.42
27.24
28.76
29.01
29.13
27.53
24.86
23.15
23.17
19.98
24.8
22.17
18.95
18.06
19.66
26.73
27.28
24.46
22.77
24.39
23.41
23.37
22.73
16.95
14.43
18.64
21.26
22.42
23.33
17.85
15.5
10.74
16.27
20.64
24.46
25.31
21.64
4.31
18.12
14.09
18.36
24.66
23.91
21.64
18.63
15.87
-5.93
17.98
19.12
22.38
24.59
25.95
25.41
14.04
11.85
0.84
13.39
18.56
21.91
21.94
17.76
11.15
12.09
15.45
24.54
26.54
21.7
22.55
24.49
24.3
26.13
25.97
25.45
25.48
23.82
17.7
17.06
17.87
6.26
8.56
11.1
11.58
19.36
23.81
25.1
19.83
15.73
22.33
21.39
23.37
22.37
22.89
25.1
18.31
16.53
17.43
13.48
16.8
21.36
22.16
21.95
21.89
21.5
21.98
18.74
16.98
17.32
16.25
16.73
18.68
16.22
16.05
21.23
23.68
20.86
17.58
16.16
14.26
17.38
19.2
15.68
8.11
4.9
13.12
17.64
20.96
20.39
14.29
-0.93
16
19.8
17.23
20.78
25.45
26.1
25.15
24.56
23.32
23.66
23.85
20.21
7.31
15.08
11.47
19.56
21.01
21.04
20.97
21.95
22.29
22.42
23.71
22.72
20.52
21.72
23.67
22.87
21.68
21.37
17.22
6.58
15.99
20.38
15.36
17.68
17.39
7.41
6.91
14.68
13.56
12.06
12.03
9.56
16.94
18.21
6.39
20.13
18.89
14.52
11.22
21.27
17.93
15.09
20.38
19.88
15.71
14.64
12.53
8.96
14.61
11.54
20.42
20.16
3.97
12.09
16.44
23.81
25.1
20.99
14.62
20.28
19.37
16.48
20.68
20.14
16.44
12.19
-2.53
14.27
13.14
6.31
13.63
10.59
18.1
20.31
18.24
18.18
17.02
17.31
17.02
12
16.77
4.37
3.68
11.57
9.76
18.27
21.53
18.21
14.61
-3.48
15.97
15.95
5.02
14.84
21.12
19.93
15.22
13.54
13.99
8.2
12.86
17.69
18.17
16.42
13.58
7.18
13.14
19.35
17.34
12.98
15.8
17.5
17.3
14.85
12.56
18.32
20.63
20.69
16.74
10.91
6.99
13.34
19.2
19.33
18.52
18.26
16.41
13.64
16.25
13.73
10.36
13.32
8.54
10.9
14.68
3.34
15.65
16.49
15.31
18.75
17.86
14.68
15.29
15.32
12.29
11.39
3.22
13
15.53
-0.52
11.19
11.44
18.01
16.19
8.13
-5.42
7.56
12.61
8.76
12.09
15.98
15.01
18.71
13.86
15.39
6.38
16.67
19.27
19.29
12.71
8.78
4.51
1.57
4.15
17.19
18.28
17.98
12.66
15.03
22.05
21.71
15.39
0.75
6.67
10.07
11.75
14.72
15.98
19.59
17.05
12.48
11.21
12.45
14.04
17.7
16.93
15.49
17.93
20.2
19.53
18.16
20.06
20.24
12.98
11.38
20.44
22.98
18.35
9.37
9.86
8.79
11.91
17.14
22.84
20.3
11.67
13.71
15.53
12.85
3.72
6.2
17.8
22.1
19.73
14.43
13.53
15.81
19.84
18.72
15.7
4.65
16.11
19.61
21.74
22.2
13.91
19.86
17.58
2.12
6.01
2.01
4.85
16.14
17.57
10.24
15.53
10.57
10.47
12.49
15.4
21.94
19.96
20.32
20.58
20.77
20.37
17.13
17.84
21.08
18.63
15.8
17.43
12.46
5.17
10.93
17.79
18.67
16.21
18.84
16.65
14.76
15.98
13.3
11.8
13.56
18.56
17.48
14.74
21.25
19.3
20.66
20.05
17.05
20.1
15.33
13.86
17.72
12.9
13.8
15.51
19.53
17.39
17.79
18.4
13.84
17.36
19.43
21.16
20.85
17.42
8.03
10.93
14.03
8.22
18.57
21.21
23.14
22.51
20.39
13.26
20.19
21.84
20.52
20.88
16.82
12.44
11.22
9.48
15.13
17.79
14.56
10.47
-1.14
19.24
22.69
21.9
17.34
5.66
-9.67
9.53
4.26
15.02
21.44
17.67
15.9
20.44
21.24
20.02
19.93
20.44
16.92
2.12
2.73
0.07
16.91
18.79
14.24
7.15
-9.88
11.71
15.13
19.75
23.17
18.89
7.19
-1.52
-4.52
7.62
14.28
16.43
12.27
17.55
14.37
13.95
16.63
19.74
11.6
11.83
15.38
16.23
18.6
19.64
18.92
17.73
13.42
14.49
11.65
19.93
20.94
13.17
14.18
8.38
13.33
16.37
14.19
4.59
3.54
1.44
6.64
2.5
12.4
7.42
-13.82
6.28
-4.43
17.11
19.14
8.7
13.77
18.29
21.46
12.9
16.85
16.67
12.22
18.5
21.19
17.8
10.39
9.73
14.72
11.56
6
4.58
10.17
16.22
17.63
16.97
16.17
11.97
-1.2
10.64
17.63
15.02
9.84
18.77
18.82
11.08
13.26
12.63
5.53
10.39
5.3
8.44
13.05
16.72
20.32
17.83
5.91
15.46
15.96
13.07
17.42
17.98
21.49
21.1
13.43
15.31
17.59
8.91
12.86
14.94
9.4
15.17
19.95
16.96
-5.48
18.31
18.5
13.56
6.95
12.94
17.98
18.04
19.14
17.02
18.22
21.08
18.85
9.38
10.19
16.87
18.91
15.65
21.31
23.51
18.9
11.54
17.92
19.97
15.95
16.48
21.14
20.83
14.45
15.18
20.1
16.43
20.11
19.35
19.26
20.12
10.33
12.42
12.54
8.57
11.28
17.14
16.72
10.27
16.89
13.42
15.35
18.42
13.34
4.87
15.19
10.74
14.58
16.47
8.77
12.13
12.64
5.31
17.76
16.97
18.51
19.45
19.99
20.06
15.36
8.93
9.76
18.13
17.58
14.12
12.46
14.58
14.4
4.6
16.51
22.42
19.37
10.24
16.08
18.59
15.69
7.76
5.09
4.86
11.28
8.43
5.45
11.9
12.99
15.11
6.55
14.11
14.13
14.32
8.79
0.72
7.41
7.75
9.56
-5.05
7.13
16.72
18.93
13.44
13.21
15.55
16.53
9.55
6.7
15.12
17.97
18.06
15.23
7.15
3.84
12.96
12.28
5.97
15.43
14.57
9.25
-1.4
9.98
17.58
14.16
13.15
14.73
15.24
18.97
17.7
16.12
11.29
7.66
10.81
1.27
8.61
-1.53
11.56
16.04
14.78
14.93
10.48
12.84
9.46
-0.55
12.85
18.24
11.1
18.19
18.11
10.16
20.99
20.84
14.65
15.7
10.97
11.32
20.27
21.14
14.57
10.21
15.22
18.35
19.7
18.91
17.31
7.96
11.74
16.94
8.18
12.83
18.5
18.47
18.36
16.79
-16.16
10.22
15.27
19.43
20.23
17.22
9.4
13.5
12
16.78
11.71
8.46
10.43
6.45
14.42
6.89
11.85
18.58
17.01
7.11
17.3
16.88
8.83
13.13
9.56
2.81
15.05
16.13
18.6
20.94
20.81
19.26
17.65
18.32
20.88
20.65
15.2
7.11
9.43
15.3
19.41
16.36
7.78
5.82
14.43
20.27
22.21
18.45
13.15
15.82
15.75
15.44
13.89
15.58
18.5
20.01
19.84
15.1
6.42
-1.47
14.71
19.94
11.48
9.1
14.28
18.75
17.94
15.2
13.95
17.34
20.39
21.96
19.57
13.69
-3.68
11.41
12.66
-0.71
8.76
13.24
10.31
12.98
15.07
15.84
18.76
17.22
12.23
14.17
19.47
21.21
20.72
15.71
11.57
6.69
10.58
5.61
11.32
14.76
13.42
15.54
19.43
22.18
21.55
18.08
10.8
6.19
11.78
19.51
20.74
16.31
16.15
17.66
14.77
13.43
14.76
15.17
16.6
19.87
19.96
17.23
8.95
10.4
17.63
15.25
20.11
18.64
-4.53
13.66
9.81
13.32
16.86
15.84
16.85
13.65
8.38
18.61
20.67
18.48
15.76
12.27
7.87
7.04
7.26
6.43
12.96
19.83
18.42
12.38
12.26
14.52
11.68
10.43
13.81
13.21
16.39
15.67
9.62
0.65
7.36
14.32
18.26
13.78
10.85
16.31
17.38
16.46
16.66
18.22
18.66
16.27
17.86
11.73
13.59
17.2
18.79
15.73
-6.79
10.74
4.4
3.32
14.98
13.73
4.66
10.96
17.31
19.51
21.36
21.75
15.78
-0.65
10.8
14.28
5.95
11.31
14.5
15.73
13.95
13.55
19.55
20.6
10.53
14.39
13.99
15.22
14.04
11.54
12.86
15.25
14.29
12.8
15.98
15.6
19.7
19.48
14.15
12.74
4.46
12.3
17.47
16.01
13.5
16.52
19.16
16.76
5.48
14
11.81
4.08
17.16
18.48
16.45
14.51
10.41
14.07
16.35
8.83
17.58
20.05
17.28
4.74
13.8
13.74
4.97
4.97
16.09
19.57
16.29
13.65
14.42
14.73
12.92
18.65
16.65
6.02
3.84
9.8
12.75
17.81
16.92
12.61
10.52
10.16
11.48
13.49
16.35
19.98
20.1
19.5
17.2
5.73
12.79
17.24
18
16.54
12.62
11.54
13.4
10.69
12.16
14.48
5.92
12.3
9.25
11.92
13.02
7.57
12.12
15.59
11.1
-4.65
13.35
19.81
18.65
11.33
11.91
16.98
13.34
10.43
5.38
13.9
15.23
8.66
10.98
16.4
18.38
13.73
3.95
-5.83
14.83
19.57
13.99
12.74
13.54
10.47
15.76
15.62
13.81
13.89
12.71
14.89
15.03
11.1
5.45
16.01
17.41
11.69
15.02
18.1
16.25
16.55
16.6
11.77
4.28
7.19
7.4
12.06
12.84
11.27
13.82
17.17
17.08
16.71
18.39
19.31
18.19
17.7
12.5
13.21
19.82
20.07
15.73
17.46
19.99
21.76
18.98
13.97
12.19
12.38
13.63
10.89
13.51
13.75
2.34
15.33
19.57
19.8
9.96
9.28
8.39
11.23
10.34
4.34
15.71
20.19
21.27
14.97
16.34
15.78
10.01
-11.63
10.33
9.63
10.45
16.72
14.65
14.5
14.17
12.62
13.52
11.6
14.43
14.74
8.67
-8.5
11.71
14.46
13.98
16.49
9.05
12.13
18.08
17.25
14.72
9.15
10.62
13.01
9.48
15.92
17.72
17.28
12.62
-5.34
12.1
18.32
18.7
15.72
6.89
18.54
20.43
16.75
6.96
10.89
12.51
18.73
21.53
20.84
18.03
10.6
5.5
8.71
16.34
20.27
19.7
19.52
20.3
21.28
20.76
19.24
20.21
20.78
13.24
14.03
18.46
19.62
13.61
11.01
17.2
15.19
14.57
17.2
15.37
13.52
9.64
7.98
13.21
16.8
18.93
18.47
17.73
13.09
8.47
11.18
9.37
8.16
12.73
11.69
7.52
8.99
11.9
18.51
17.91
12.03
16.95
17.35
14.26
15.4
18.91
22.34
23.39
22.32
20.27
16.05
8.27
4.02
3.06
5.65
16.31
18.81
13.03
7.5
11.6
16.59
18.12
17.96
15.74
12.82
14.5
15.63
14.47
18.31
19.07
16.96
15.37
14.63
13.52
8.07
17.77
19.38
21.13
21.59
18.59
18.29
18.77
14.57
-0.38
14.13
19.37
19.66
17.62
9.51
11.08
9.76
16.27
17.27
15.39
18.6
21.67
23.71
22.28
17.92
17.27
17.98
15.74
19.63
19.05
11.03
3.52
4.86
6.59
8.12
14.99
14.76
5.25
10.3
12.81
11.41
10.08
8.38
5.96
10.64
12.57
15.19
13
9.44
17.16
20.94
20.72
16.13
10.4
5.32
8.12
15.71
20.42
19.39
14.68
13.59
18.05
18.3
15.55
15.33
17.51
16.41
17.78
19.28
16.04
14.99
18.2
14.77
16.2
18.99
17.81
11.21
12.14
9.32
-4.26
5.86
9.28
-0.04
8.98
10.49
17.44
17.35
13.55
9.75
1.12
12.85
12.76
0.26
-2.6
9.35
14.81
15.15
13.43
10.92
8.45
4.83
14.72
14.82
16.31
16.89
9.38
15.44
14.94
4.31
5.72
10.27
10.91
6.73
6.59
12.85
16.27
14.89
11.37
3.22
13.45
16.5
12.44
10.15
15.29
17.63
6.61
13.1
13.8
6
3.37
8.51
14.23
13.75
14.07
14.02
11.31
8.2
9.18
13.59
13.86
-1.36
7.49
12.06
16.04
16.81
17.5
19.2
19.83
19.19
16.78
11.55
0.19
9.2
9.19
11.32
13.52
16.72
13.54
9.4
16.03
15.88
8.48
6.09
13
10.53
1.9
9.54
2.83
6.3
12.19
15.73
14.65
10.26
1.45
9.92
16.82
16.07
11.4
16.26
18.6
16.73
7.58
11.16
17.3
16.77
3.29
15.68
19.35
16.94
15.09
15.13
14.14
17.49
15.69
15.98
17.27
11.97
8.63
9.07
-9.95
15.67
17.29
10.46
13.72
13.22
10.82
8.56
12.22
14.97
14.1
13.24
9.37
10.32
13.68
17.05
18.47
13.28
13.55
10.79
5.34
11.25
17.26
16.23
7.64
10.81
10.82
-19.14
-0.43
13.17
14.52
8.74
12.47
8.82
-1.5
-6.27
6.36
16.74
16.69
8.01
5.61
10.73
12.69
13.44
11.75
13.62
12.65
9.53
12.36
12.79
10.14
14.08
-2.94
15.57
17.64
16.33
10.75
15.22
13.46
8.42
9.26
10.11
6.33
10.9
15.62
15.43
11.13
11.79
13.33
11.74
9.78
10.02
10.62
5.24
10.95
9.07
12.66
17.03
17.43
13.99
14.75
11.14
11.86
16.04
15.29
12.56
16.56
16.88
10.21
10.66
8.45
6.57
7.78
4.48
11.49
15.02
12.6
11.57
9.01
5.51
-13.29
10.82
13.76
15.03
6.98
8.52
10.63
0.56
11.46
8.63
-1.51
9.1
10.61
15.21
16.02
16.11
17.36
16.44
12.48
15.16
11.64
7.09
5.7
0.15
14.64
19.19
15.05
15.46
10.9
7.73
14.04
12.5
14.26
21.27
19.4
9.01
8.84
11.93
13.64
10.58
12.3
14.64
12.72
11.17
13.3
11.19
16.73
18.59
17.11
14.68
12.36
8.1
8.52
14.09
14.69
11.23
13.53
15.04
10.99
7.66
12.1
13.18
9.15
4.95
-18.17
8.02
14.14
18.27
17.32
11.83
7.91
5.46
13.66
17.22
12.71
6.48
9.59
17.66
16.75
14.87
18.84
15.89
11.73
9.85
9.1
15.16
7.77
19.18
19.74
15.93
9.66
11.28
7.6
8.94
13.17
12.3
10.36
8.32
5.72
9.66
6.39
7.49
6.23
14.81
16.22
15.88
13.16
2.27
6.71
15.38
16.15
10.13
17.74
17.95
12.15
9.74
10.74
14.88
16.2
17.13
15.59
12.15
14.44
17.14
20.1
19.39
12.52
2.57
-6.55
9.73
3.33
13.21
16.2
8.81
14.31
15.39
9.62
1.08
10.68
9.07
8.58
16.5
15.77
4.86
13.35
11.44
14.11
17.43
12.02
-2.52
-0.38
1.88
13.32
16.23
13.82
5.59
16.56
19.09
13.09
7.82
13.59
7.81
12.01
15.08
13.53
11.15
12.91
14.55
13.14
11.22
8.79
5.96
10.17
14.71
9.42
6.22
8.33
8.64
14.12
12.6
3.46
11.35
15.02
14.57
14.31
14.98
17
14.36
10.98
13.91
16.65
15.71
9.54
14.01
14.06
7.8
9.27
13.18
8.69
8.44
3.91
4.29
9.56
11.89
14.05
14.88
13.48
15.76
19.99
20.68
17.91
15.58
10.26
8.31
10.61
10.5
18.36
19.78
20.6
21.24
19.17
13.97
13.1
12.46
-0.32
4.16
7.68
11.16
10.99
-9.07
10.41
7.6
7.34
7.33
1.36
-13.31
1.15
15.79
17.67
10.61
15.56
15.55
14.54
18.63
19.21
17.97
19.25
11.5
11.83
11.48
11.81
16.98
20.93
20.51
12.7
16.25
15.01
10.31
17.47
18.11
13.4
12.78
11.13
5.26
10.03
10.97
9.43
13.07
17.52
17.28
13.13
9.12
10.28
5.95
8.4
4.64
14.56
18.67
17.26
11.89
4.52
11.95
17.29
18.97
18.9
14.87
10.86
3.54
2.23
17.2
20.25
14.24
6.46
6.44
10.47
10.12
16.81
20.81
18.03
12.63
14.81
13.95
9.38
9.4
10.76
15.88
12.48
12.61
16.52
17.2
10.7
7.07
15.15
15.42
13.11
15.52
14.15
5.78
6.55
12.83
13.93
6.16
5.19
12.35
16.02
14.24
12.96
11.33
5.51
4.85
8.3
10.19
10.75
12.93
15.71
16.28
15.85
14.31
10.81
13.27
17.38
13.02
5.87
5.32
8.59
6.95
10.73
16.11
15.26
-1.96
13.65
13.03
-2.96
5.82
11.11
13.5
8.17
10.99
16.97
14.32
6.05
11.51
16.4
16.91
20.6
17.81
6.16
13.67
14.46
12.84
16.17
17.56
16.05
12.36
10.05
11.23
14.09
16.17
11.87
2.61
7.59
15.78
17.07
14.04
15.07
16.34
15.16
14.18
14.27
11.47
8.81
15.65
17.59
11.85
-0.44
10.56
16.03
14.69
12.87
15.26
16.07
10.76
11.98
14.22
14.75
17.31
17.87
16.27
13.1
10.16
12.93
11.81
12.21
10.46
12.19
7.49
7.85
12.83
13.78
13.53
14.4
6.65
12.23
14.88
12.78
-0.04
14.32
12.29
13
15.5
11.75
11.19
9.43
3.29
11.03
13.48
14.16
10.47
14.74
14.19
8.22
9.7
10.37
6.79
11.62
11.03
10.27
14.49
17.61
15.86
10.76
9.92
9.48
12.83
3.24
-6.38
12.25
12.95
10.52
12.03
0.66
13.48
13.09
1.14
5.04
-14.71
1.21
10.1
10.87
9.63
7.4
12.51
15.51
11.21
-7.43
5.61
10.9
10.78
10.02
12.03
12.93
8.36
-0.8
10.26
18.03
18.54
17.2
14.63
12.14
11.15
9.7
9.01
3.19
11.81
10.55
0.84
10.2
10.89
5.59
14.53
16.77
14.59
13.35
15.79
14.91
7.79
1.49
9.66
16.54
18.39
9.53
3.88
9.78
11.39
9.58
15.05
16.27
15.17
14.75
15.5
12.04
0.48
8.86
14.97
15.69
13.46
6.72
2.29
10.56
7.77
-3.1
1.67
6.42
13.92
12.95
9
10.28
10.86
14.67
14.71
13.03
7.52
9.7
6.54
11.8
10.46
-9.52
9.14
14.79
17.53
14.63
10.19
10.18
6.49
0.11
10.13
12.22
10.32
4.66
14.59
14.69
12.56
13.7
13.11
12.3
13.66
13.71
10.55
9.22
8.69
11.01
1.01
6.57
6.36
8.75
12.93
8.71
11.24
11.98
10.67
14.12
15.11
12.36
8.54
11.99
15.33
5.77
14.11
12.79
10.53
7.56
0.77
0.44
-13.2
7.96
8.93
8.11
14.07
14.51
9.2
4.05
-8.91
8.02
15.01
11.25
6.22
11.42
2.43
11.73
7.95
-24.29
-16.46
-5.22
11.12
15.68
16.54
18
16.75
12.35
6.4
7.07
8.12
14.46
13.81
6.04
-1.8
11.21
14.13
11.45
8.46
10.63
16.68
16.51
12.93
15.63
14.96
12.65
10.84
14.93
14.66
9.46
2.11
9.92
4.49
11
16.16
14.86
10.4
10.66
-1.78
2.27
3.01
2.67
9.32
12.88
8.4
8.08
12.47
15.32
15.02
10.46
1.53
1.82
12.28
12.09
2.49
4.47
11.68
6.41
-2.33
11.02
12.98
10.22
10.92
6.7
7.06
13.91
16.06
16.22
12.23
14.58
16.3
9.85
7.97
15.14
13.48
2.7
0.24
-2.53
8.83
15.92
14.97
12.01
10.92
13.31
1.59
15.36
16.75
8.3
10.76
9.29
14.75
14.12
14.43
11.45
5.44
6.87
6.94
11.81
17.29
16.82
15.17
13.84
13.59
16.38
14.15
11.65
13.56
6.18
8.52
10.79
11.77
12.81
16.64
17.25
12.13
5.36
8.52
6.31
4.14
6.76
17.98
16.58
-2.48
14.51
12.78
16.46
19.92
17.38
10.02
5.76
9.57
7.35
5.8
7.4
10.09
11.16
12.46
8.41
8.93
3.91
2.02
8.39
14.81
15.93
14.68
16.5
14.58
4.64
3.79
6.8
5.25
13.18
17.76
14.24
0.75
10.12
18.16
17.84
7.22
18.04
18.9
18.16
18.26
15.26
7.54
0.58
6.67
5.71
3.26
9.1
10.36
11.02
13.9
17.26
17.76
14.92
6.35
0.21
8.26
12.5
12.88
11.22
12.15
14.48
15.97
15.34
14.1
8.16
10.58
13.24
8.12
3.87
14.43
15.34
12.4
11.95
16.97
16.9
10.23
8.7
11.63
10.02
8.12
14.76
8.6
4.53
13.96
12.85
-0.1
5.22
13.27
14.25
13.18
8.85
1.22
-5.19
4.18
13.22
16.75
17.81
14.66
12.65
12.36
6.15
7.68
9.91
10.97
4.65
5.71
8.85
1.55
8.06
15.55
15.56
0.92
14.26
14.66
15.35
10.47
13.52
14.24
12.45
15.22
15.3
12.19
13.6
11.45
7.2
12.62
10.22
6.2
9.25
10.43
11.62
13.81
4.37
11.4
9.16
12.66
14.8
16.12
11.29
10.43
14.8
12.94
14.67
15.2
17.35
15.24
9.86
13.84
12.09
13.21
15.19
10.18
-0.59
1.71
11.86
3.88
9.44
10.01
10.84
7.34
6.2
4.05
10.84
10.15
9.83
5.35
11.48
17.79
15.13
6.99
11.53
15.26
14.59
13.21
13.36
10.13
8.82
10.62
4.81
11.56
10.6
14.89
16.23
13.85
5.62
1.95
11.28
10.86
7.13
8.21
7.36
12.44
16.33
13.5
13.5
15.62
11.23
6.91
10
10.28
11.86
9.93
15.01
16.26
9.01
5.21
13.33
14.44
9.5
1.99
7.23
17.14
19.25
17.85
13.16
10.66
8.7
8.63
12.04
13.33
15.89
14
11.04
11.57
9.27
10.35
10.92
9.81
15.55
15.72
-2.43
14
14.24
16.73
16.42
14.99
14.99
9.57
3.58
7.64
9.53
0.61
7.26
12.79
10.79
8.2
10.83
7.29
7.96
10.37
-2.08
6.79
6.95
3.1
4.27
3.36
7.84
13.92
12.3
9.74
14.53
16.61
18.96
16.58
16.18
12.43
10.4
15.63
16.24
9.94
3.74
9.29
6.87
10.26
7.93
7.45
6.87
2.92
3.84
5.61
8.98
16.55
15.24
8.33
1.67
6.9
14.39
16.16
12.39
11.28
10.43
13.54
15.33
8.92
5.96
11.71
13.14
10.72
9.68
14.66
1.75
14.19
18.87
18.26
10.79
3.88
1.61
12.08
13.3
13.15
17.43
18.31
16.96
15.57
14.34
15.12
17.02
16.39
10.07
-7.96
0.18
3.02
3.09
2.71
9.25
8.18
3.87
16.28
14.81
-4.19
12.34
11.78
7.7
-0.81
13.89
15.83
8.91
16.01
16.35
12.52
11.52
14.74
15.35
6.3
13.02
15.08
15.39
18.24
18.25
17.92
15.63
12
9.65
16.18
16.57
15.07
14.74
10.12
7.63
14.14
15.12
8.01
3.31
0.45
5.31
13.27
13.14
9.07
0.62
-8.73
8.81
15.9
17.54
14.69
15.02
13.06
13.53
18.12
17.8
11.99
8.46
8.54
15.15
15.22
9.06
15.26
16.59
14.55
15.15
14.11
2.72
4.44
7.67
7.13
12.08
16.36
11.41
-4.92
9.12
9.08
13.32
16.4
15.47
13.57
5.74
14.79
15.48
13.76
13.81
17.71
16.68
3.84
7.95
11.7
5.09
14.54
19.18
20.44
16.99
8.25
11.08
-0.92
3.49
10.61
10.94
-0.1
12.25
7.87
6.65
9.14
10.53
-2.22
9.46
11.14
7.94
-2.41
10.49
11.53
13.98
15.17
5.04
8.04
6.92
12.17
13.1
16.3
15.62
14.45
11.16
5.62
9.25
9.67
5.66
6.56
9.21
10.05
12.48
9.96
14.23
14.56
7.66
10.92
11.2
-13.11
10.54
13.74
8.78
-13.66
-1.55
5.75
6.27
14.62
13.67
8.39
3.07
1.72
-1.75
9.88
12.03
12.42
11.4
3.74
12.55
17.82
14.31
7.18
6.46
16.69
20.12
17.46
14.32
16.11
15.49
14.43
11.83
8
10.43
8.02
9.87
14.86
13.19
6.04
3.33
10.45
14.22
6.8
12.96
15.14
13.58
7.27
6.42
13.78
14.44
12.22
15.33
16.56
11.12
-1.86
2.71
11.34
12.41
12.72
9.69
13.15
13.17
10.99
12.8
12.23
6.9
6.15
10.61
8.48
-2.64
7.6
5.09
-4.61
6.2
10.33
13.26
14.4
16.97
12.54
10.11
15.62
11.06
11.16
17.2
10.96
7.77
11.53
8.07
6.14
9.02
16.52
17.61
13.35
6.88
9.89
12.26
1.08
5.02
8.8
10.35
16.41
18.1
11.5
6.26
2.29
10.94
10.02
9.32
8.19
11.18
8.54
9.79
7.27
-3.04
11.27
18.68
17.89
13.98
13.91
11.16
10.25
14.39
18.07
19.01
19.6
17.68
11.87
15.59
14.59
10.47
8.77
11.43
10.53
8.04
12.4
13.78
6.18
7.35
13.41
10.66
2.18
1.67
-5.33
11.32
17.45
16.52
11.24
-7.13
5.03
11.54
14.96
12.52
-4.08
6.08
7.41
8.16
11.84
13.07
14.98
11.82
11.35
15.69
17.49
19.18
15.84
10.32
14.79
19.28
