11.19
2.07
8.34
11.62
12.7
5.88
-10.5
9.83
9.59
0.55
0.13
2.48
3.66
2.59
-0.42
7.17
12.44
12.86
10.03
7.78
-5.27
7.11
4.37
1.37
9.22
12.97
14.8
17.32
17.08
11.01
5.82
8.4
-12.3
-3.79
-7.42
7.33
17.5
17.5
5.88
11.66
15.48
12.1
10.64
10.89
-1.04
15.09
15.29
14.03
14.31
8.09
-1.93
1.44
7.47
7.04
10.72
10.84
7.61
6.68
9.01
13.29
13.48
12.86
15.11
14.96
7.38
-1.91
3.13
3.88
10.37
12.23
0.59
14.07
12.42
-0.59
7.29
6.31
3.48
11.14
13.89
13.56
12.76
15.04
12.15
-5.16
7.45
11.5
9.48
-1.96
1.17
10.73
14.73
11.63
12.65
14.98
8.98
0.86
8.55
8.99
8.24
1.14
13.44
17.35
16.92
14.56
6.75
9.27
7.13
3.38
10.9
10.23
11.24
5.41
6.4
7.41
10.52
15.16
13.08
7.49
-1.01
-3.22
4.73
11.15
10.99
8.47
11.46
8.68
0.08
9.83
8.37
-0.64
11.28
13.6
15.24
15.3
13.49
6.64
8.93
9.19
12.51
12.23
1.17
3.67
8.32
10.19
16.32
15.68
10.26
6.34
2.06
-7.35
10.24
11.31
11.88
14.11
15.47
13.89
9.21
10.52
8.32
9.33
8.04
2.52
3.36
11.27
11.4
-1.92
14.39
15.46
10.43
-1.72
1.12
4.66
10.77
2.97
11.27
8.31
5.36
0.92
12.79
6.4
9
9.35
8.89
11.18
11.39
11.68
12.9
9.86
6.09
10.53
14.49
13.96
2.31
12.86
15.24
12.08
8.72
5.11
17.63
18.51
18.88
20.46
15.95
4.39
8.48
8.98
14.65
13.99
7.75
10.33
13.08
-1.05
5.58
7.2
10.12
8.07
11.07
11.64
10.08
13.11
14.68
9.95
9.15
4.8
-0.34
5.63
12.09
4.57
1.14
9.6
13.9
12.73
-2.57
8.76
12
6.31
3.97
6.9
-2.74
1.1
8.69
10.91
11.55
9.63
6.5
12.41
10.62
11.4
14.67
14.27
12.92
8.36
4.4
-3.07
6.73
15.35
17.26
15.47
12.58
6.93
8.06
13.6
13.76
12.63
9.13
0.69
9.02
10.9
10.46
-2.77
7.11
4.47
4.81
1.4
1.65
8.54
11.44
11.69
12.6
12.56
10.2
-4.39
7.63
10.89
7.38
6.64
11.34
8.89
-1.75
11.09
14.21
14.78
11.77
3.64
12.74
14.3
12.24
14.74
16.12
16.46
11.75
-6.05
9.1
12.53
12.18
7.39
-0.39
12.97
13.71
13.19
14.6
11.85
5.86
6.35
2.52
5.51
5.39
-1.96
4.57
9.63
11.91
14.13
14.56
11.63
9.09
4.99
-1.13
7.75
11.43
4.04
6.63
9.28
7.13
2.82
2.11
7.54
3.44
6.18
11.39
10.81
7.4
-2.23
3.96
11.43
10.41
-1.24
9.52
4.7
4.63
7.35
5.93
6.63
14.48
14.06
12.59
10.99
-3.31
10.33
13.12
10.19
5.45
-3.78
12.59
17.73
16.95
9.41
4.14
6.1
7.55
7.25
5.3
3.62
12.32
16.44
15.96
11.89
9.25
2.23
0.85
2.88
10.45
11.8
10.46
11.15
9.86
9.01
9.16
10.14
10.17
8.26
2.45
8.91
13.21
16.43
12.87
5.82
-1.13
-16.52
5.91
-1.12
8.33
7.57
6.6
3.66
11.78
16.46
15.76
13.81
14.28
14.32
14.08
13.64
11.18
7.46
3.98
-5.5
1.09
4.41
0.42
9.78
9.43
-16.16
7.34
0.97
9.67
14.69
12.53
6.74
-3.31
-2.32
1.04
5.83
8.74
1.51
6.83
5.4
5.27
12.99
12.31
7.62
8.22
8.84
7.37
3.63
6.64
7.98
4.72
5.91
14.27
16.7
17.77
14.09
11.07
15.54
14.64
4.91
8.92
11.01
-6.8
11.23
10.1
7.17
8.11
12.82
8.82
3.41
14.13
16.65
14.15
12.22
12.96
15.34
14.54
3.89
7.52
8.15
10.98
15.19
15.31
12.4
0.55
1.93
5.38
14.92
12.53
0.32
9.79
8.89
5.37
8.02
9.54
13.39
13.98
12.14
14.38
16.26
13.7
2.53
3.96
7.43
0.6
4.3
10.79
7.8
9.96
14.03
15.95
15.35
11.24
8.22
3.53
8.81
8.47
8.15
5.59
7.05
-1.55
4.1
10.31
14.29
15.19
12.57
11.49
10.87
13.54
16.14
10.67
11.23
14.56
12.92
11.77
10.47
11.27
11.98
12.6
15.32
15.22
9.23
3.39
8.21
7.36
1.23
8.42
11.83
13.57
13.61
9.57
-0.53
4.88
9.47
7.36
-3.89
10.58
10.19
-0.6
-2.55
1.11
-2.19
9.02
8.38
0.07
5.66
-3.55
2.93
10.1
9.02
2.49
2.73
8.95
3.14
3.26
8.38
11.97
12.08
9.45
7.88
7
8.06
8.76
4.06
-1.63
7.96
12.27
13.84
12.8
11.21
11.83
14.47
14.08
9.48
6.96
9.69
13.85
15.09
9.01
-0.34
10.89
7.57
12.72
20.72
22.36
21.2
14.81
3.55
11.75
4.64
8.42
11.09
7.24
9.35
7.85
9.19
9.7
11.13
12.44
14.1
15.27
14.74
13.03
8.41
1.22
3.96
8.17
13.38
14.49
12.23
10.75
11.47
6.32
8.77
10.66
-17.8
11.03
4.89
7.18
12.27
13.06
13.51
13.71
11.61
2.05
9.96
9.32
-6.21
-1.33
3.67
8.74
-9.75
-0.2
-3.21
10.45
13.92
9.7
-3.55
9.66
14.07
11.72
9.37
10.64
5.89
-1.2
3.18
3.62
1.46
8.71
12.97
14.93
14.56
13.04
11.2
9.37
7.57
9.78
5.93
9.77
15.43
12.8
7.63
11.08
15.2
16.89
13.39
2.34
9.87
10.52
3.67
2.46
6.61
9.22
8.39
6.63
8.29
9.96
11.7
11.78
11.18
11.76
13.81
14.93
8.29
2.9
9.69
6.34
11.27
15.06
14.64
11.66
10.69
7.75
-4.5
9.08
9.23
7.95
5.97
2.04
1.81
11.01
9.57
-0.83
7.48
0.51
11.24
11.9
6.87
-8.67
5.19
8.39
1.4
13.52
13.32
2.84
7.95
10.61
14.05
13.58
5.13
6.76
12.65
8.01
9.81
11.13
8.68
4.51
11.41
10.45
-2.37
13.19
15.56
12.84
12
14.6
14.05
9.56
2.46
10.85
9.98
7.02
11.77
12.2
10.81
6.34
5
9.77
11.23
2.16
4.41
6.72
-11.26
5.82
2.79
5.5
7.16
-8.91
4.56
7.69
12.12
10.33
6.79
8.94
5.78
3.82
2.16
3.18
0.44
1.09
5.45
-7.13
7.1
12.8
13.68
14.37
15.02
14.39
14.66
13.23
9
1.87
-2.91
7.68
11.88
9.83
22.15
23.47
17.73
9.62
8.74
20.16
20.17
13.74
17.36
19.86
17.42
19.28
16.65
13.57
15.85
16.55
0.56
18.07
19.07
21.33
26.75
28
22.94
18.09
18.83
23.1
25.94
23.28
13.77
12.97
10.42
19.83
19.4
10.19
15.77
15.06
14.52
24.78
28.11
26.72
18.91
15.33
21.23
18.99
17.99
21.86
20.81
24.42
24.47
26.22
26.05
24.07
23.88
14.86
29.7
31.25
27.7
20.14
9.09
22.24
22.41
16.76
14.65
14.9
21.7
21.05
24.69
24.3
17.81
22.56
19.69
10.04
17.94
14
14.67
19.79
20.34
22.64
22.03
-2.02
17.78
22.78
24.27
23.78
24.38
20.89
0.48
15.69
20.49
23.5
24.97
23.19
21.11
26.04
25.96
26.94
21.87
16.37
12.68
14.14
13.82
6.97
16.88
21.59
14.57
14.55
9.48
15.96
15.29
12.73
21.8
20.43
7.79
15.8
21.13
23.45
20.1
20.8
21.4
25.73
24.82
23.7
17.23
18.92
15.36
20.24
20.02
11.84
19.13
22.99
27.25
27.73
20.81
17.46
28.68
32.79
29.62
17.45
14.24
19.44
15.99
10.76
20.04
22.35
20.8
14.72
11.46
21.71
26.9
24.17
22.21
21
14.02
17.52
19.16
20.81
21.62
23.81
21.26
24.7
27.82
24
21.18
27
28.9
24.8
19.97
15.98
20.7
17.1
25.03
27.69
21.84
20.37
24.59
27.26
29.11
25.88
9.59
18.55
12.55
10.84
24.02
26.86
25.43
16.17
18.17
21.58
24.78
24.61
27.1
26.63
21.28
12.99
16.09
22.01
23.89
23.08
20.88
10.92
19.92
23.79
19.94
-6.08
15.57
18.8
22.43
20.39
15.98
14.04
16.09
16.91
23.65
17.73
23.29
28.57
26.28
20.2
10.68
15.14
20.09
18.59
17.64
17.49
5.88
13.68
9.08
15.98
22.8
22.97
25.3
26.02
19.52
17.51
19.82
20.09
15.22
13.94
19.33
16.79
11.58
10.25
14.22
12.7
16.65
5.4
17.65
18.2
10.97
19.21
25.29
24.87
17.92
13.98
19.43
20.96
16.26
9.04
17.06
16.12
19.52
20.66
20.81
2.64
21.54
19.37
19.96
22.77
20.39
21.29
19.54
3.32
14.31
22.25
25.14
24.32
21.64
19.44
19.26
21.01
20.73
14.74
-3.86
14.32
24.04
28.03
27.23
22.62
18.41
16.84
15.94
14.52
12.54
7.99
-10.75
16.73
22.27
20.47
14.32
18.43
6.75
15.12
20.19
24.68
24.37
16.67
16.76
21.24
17.11
13.31
20.05
16.54
18.26
25.6
28.88
26.78
15.87
16.3
17.52
14.61
11.27
0.43
10.48
10.76
12.89
13.39
16.4
12.61
10.83
16.75
17.1
13.18
10.6
6.7
15.96
16.65
8.1
12.51
14.78
16.69
16.91
14.93
8.48
15.13
16.19
9.43
10.98
18.44
19.84
18.73
18.4
14.28
9.35
12.82
14.96
6.49
15.18
16.23
13.86
12.78
15.87
11.58
7.26
14.61
13.15
12.29
10.14
1.16
8.08
8.68
15.55
16.6
8.63
9.5
2.41
12.83
14.09
7.65
15.14
13.91
12.63
12.39
3.33
17.04
19.3
15.98
10.3
3.66
3.8
14.67
11.92
2.09
4.76
4.13
8.17
12.76
13.19
12.36
7.11
6.72
18.45
22.62
23.26
22.3
19.41
15.72
15.63
17.12
10.16
16.66
20.5
23.97
25.59
23.62
22.92
24.45
22.26
4.86
21.99
23.97
18.15
13.81
21.08
24.82
23.69
17.73
19.22
22.29
24.94
24.88
24.06
22.51
18.9
19.44
21.44
19.16
18.72
22.97
24.37
23.87
23.25
15.22
15.65
11.74
14.93
21.12
20.44
9.52
16.39
11.34
18.9
27.09
27.66
21.29
21.37
26.33
26.62
24
24.23
24.03
20.85
19.55
25.46
25.52
22.24
22.89
14.55
14.89
21.77
24.91
25.45
24.68
22.85
23.72
23.45
16.45
10.02
5.86
18.41
20.59
24.95
25.91
23.44
19.98
12.77
17.21
15.13
16.12
19.46
22.03
21.51
20.46
25.07
16.76
24.56
24.98
20.96
20.37
22.27
23.23
22.65
23.06
23.55
26.64
28.65
25.77
21.16
18.66
25.01
28.62
30.02
29.18
26.33
26.44
29.07
27.51
24.53
21.35
18.47
2.76
17.36
19.67
11.38
14.35
21.06
22.39
22.11
13.68
18.38
15.53
20.18
22.67
19.82
14.83
20.1
22.33
22.24
22.55
20.98
17.04
14
-4.42
16.19
22.43
24.36
16.98
21.45
22.33
23.82
18.82
13.1
22.86
23.74
20.73
19.08
19.7
15.03
11.54
7.52
12.04
21.07
19.56
20.11
22.11
20.24
15.1
18.47
21.11
18.54
15.96
15.48
14.23
19.28
22.33
19.6
16.54
17.23
12.02
4.94
18.79
21.94
14.41
20.02
22.37
15.45
17.34
22.37
23.58
21.25
9.93
18.83
17.12
17.82
19.79
18.99
14.71
24.55
26.31
20.19
22.05
29.79
28.83
20.97
22.03
21.66
17.35
20.09
21.41
20.54
20.53
17.65
17.12
17.06
25.07
21.65
19.95
18.99
7.36
13
20.16
19.11
15.37
18.77
25.02
24.74
19.17
19.46
11.46
24.74
25.85
19.91
18.69
23.25
19.89
13.57
20.35
20.61
13.55
12.65
16.47
12.79
15.29
20.52
20.46
21.39
19.66
14.83
14.77
19.39
17.05
9.42
8.54
23.58
25.37
19.89
12.38
18.25
21.56
22.19
22.26
22.68
16.33
7.71
14.41
20.29
23.43
24.33
23.94
22.12
16.94
20.56
19.51
10.7
14.62
20.83
21.93
17.73
2.92
10.6
21.29
24.13
23.67
24.39
26.46
27.2
23.7
12.01
16.16
18.69
22.49
21.07
16.66
21.12
24.13
21.35
21.85
18.28
12.78
12.05
18.83
20.65
18
13.85
13.82
14.79
15.64
15.28
13.69
16.37
16.42
12.35
20.7
20.61
21.59
24.83
24.4
19.22
10.91
17.14
21.6
20.44
20.49
23.84
24.57
20.34
17.13
18.23
19.79
21.35
15.99
13.88
11.94
7.95
16.11
13.63
13.21
18.42
20.14
18.57
14.77
8.75
13.68
19.9
22.38
18.39
6.38
15.56
17.13
17.19
16.74
12.1
9.42
15.96
18.31
15.29
14.37
23.23
24.99
22.08
13.21
9.4
21.54
25.32
23.99
18.29
13.81
13.84
12.05
12.7
5.87
16.14
20.7
21.16
21.58
19.81
19.55
19.36
20.24
19.69
9.31
13.23
10.43
13.98
22.12
25.5
23.62
17.27
14.08
16.07
18.61
19.71
16.63
12.95
7.32
6.09
10.24
16.06
16.04
8.01
8.36
20.78
11.11
21.37
28.74
29.44
25.38
19.86
10.4
15.21
17.93
14.97
1.34
-2.7
4.19
6.31
7.22
11.44
17.86
24.26
23.65
22.4
19.32
16.43
17.41
7.23
18.42
8.44
19.6
23.16
21
15.15
2.23
11.07
17.07
21.01
25.49
27.2
26.02
24.71
22.67
9.16
13.42
12.87
12.59
21.04
19.78
17.69
17.33
21.6
27.11
26.04
14.61
18.71
22
21.05
18.59
16.12
17.4
22.1
21.72
12.03
23.18
21.07
15.24
21.3
23.96
23.35
19.14
18.85
21.15
21.47
20.07
18.79
14.86
15.93
9.82
8.94
8.72
0.86
15.59
21.49
16.82
25.81
28.15
19.47
18.06
16.2
13.26
20.43
18.59
10.92
16.31
8.34
18.42
22.99
22.64
27.34
28.67
25.8
21.84
22.49
25.05
26.87
25.29
19.7
0.68
17.49
20.75
17.45
15.3
16.37
20.78
21.54
21.89
21.95
21.57
17.16
15.05
21.3
16.5
15.24
17.17
17.27
22.02
15.55
18.46
17.55
15.09
11.16
11.22
18.57
15.96
28.74
32.56
28.37
22.95
20.95
12.8
16.91
22.1
20.8
20.08
24.69
28.67
27.18
21.89
16.04
11.41
15.18
2.87
9.38
20
29.66
32.74
31.08
31.5
32.31
28.79
15.86
16.64
6.55
11.99
2.5
10.99
11.78
19.14
20.46
21.89
19.12
9.27
19.99
26.08
29.81
28.51
25.51
24.14
22.57
23.81
41.89
45.56
40.29
27.03
19.77
17.49
19.9
16.55
15.82
24.1
22.36
7.25
12.42
23.2
22.71
17.92
14.68
18.01
22.05
18.01
5.21
15.43
15.49
20.58
16.72
20.09
26.7
31.4
42.14
45.42
39.95
22.74
9.69
13.96
26.32
29.76
29.85
29.07
26.88
26.35
24.96
24.19
24.68
6.95
20.24
12.6
15.02
18.08
17.36
24.7
24.25
14.22
20.53
20.23
18.03
17.39
22.06
26.62
28.53
24.93
22.58
24.19
18.58
24.01
22.69
23.58
25.74
25.93
24.73
24.21
26.64
23.34
-7.31
18.94
22.56
21.74
13.38
18.5
13.09
26.39
35.92
41.73
40.82
31.97
11.59
16.77
17.16
27.1
26.34
22.62
23.24
20.11
28.22
33.19
28.47
15.77
16.9
21.26
22.52
17.53
18.42
27.13
28.05
23.72
25.92
26.68
24.6
20.73
9.46
18.54
28.52
41.63
43.23
36.43
24.93
13.03
19.29
20.23
15.66
11.34
10.53
17.44
18.6
8.98
19.85
24.48
26.51
27.56
25.75
25.95
24.43
22.02
21.3
24.03
25.69
24.65
23.37
25.33
25.09
25.89
21.78
10.61
19.96
25.83
26.43
25.59
24.89
22.56
19.2
16.25
14.76
17.93
10.28
5.8
8.72
20.97
24.71
24.1
17.32
8.93
22.97
35.52
44.02
45.85
39.78
19.59
19.31
23.69
27.02
25.09
20.36
12.06
10.39
15.41
19.2
11.91
15.27
23.08
23.7
19.72
14.25
12.74
11.23
9.23
22.83
25.59
24.53
22.94
19.47
16.82
15.68
4.75
19.89
22.36
17.37
17.86
29.51
30.26
15.94
16.07
14.3
16.98
13.62
22.49
23.53
19.49
21.49
28.02
27.32
25
25.59
25.68
22.29
23.94
28.04
29.82
29.05
25.72
22.39
19.04
8.74
22.78
23.83
26.13
26.28
27.55
26.74
20.69
20.36
22.75
18.9
20.72
21.14
14.55
35.15
40.8
38.87
31.77
21.6
27.55
29.45
30.9
28.08
18.96
29.68
38.95
39.6
32.69
25.59
18.7
18.56
17.92
36.03
43.55
41.09
25.83
28.89
25.54
20.59
20.02
26.54
22.76
17.49
27.89
34.89
34.92
23.63
27.17
29.82
26.45
22.53
22.37
18.79
24.66
28.75
28.81
22.3
23.58
27.66
31.85
29.87
22.11
17.3
14.85
26.59
31.23
32.62
31.53
25.21
18.85
23.61
17.98
24.92
31.76
31.94
34.18
34.72
30.8
26.34
24.84
27.17
28.92
30.75
30.33
26.91
26.16
30.41
31.25
21.23
26.36
25.81
30.81
45.96
50.59
46.75
31.21
25.36
19.64
26.78
21.09
23.52
18.97
27.7
44.95
50.83
47.72
34.42
23.18
28.92
29.4
18.49
30.37
22.77
24.78
29.02
28.77
27.13
25.06
25.54
25.7
22.63
27.55
27.63
11.7
23.87
19.84
22.83
29.31
27.86
22.13
25.76
23.8
23.93
21.86
23.5
22.76
7.64
13.57
19.79
25.27
28.65
25.62
26.07
29.2
26.85
18.96
29.85
27.57
22.17
30.65
26.71
22.87
27.2
17
28.32
31.35
29.39
23.33
21.66
26.36
29.13
29.59
18.69
27.57
29.8
21.75
20
21.01
9.26
29.61
32.22
28.6
31.33
32.76
28.68
21.38
19.24
21.24
22.63
23.04
3.59
21.31
24.11
18.09
19.74
19.61
27.82
28.23
20.41
21.49
19.85
25.42
31.16
28.34
26.62
31.05
32.5
30.67
20.1
16.68
19.26
11.29
16.13
27.48
32.81
34.1
30.44
28.25
29.77
24.79
21.31
21.25
24.99
33.56
34.6
30.72
27.13
24.16
17.32
16.42
25.57
25.86
27.79
26.06
25
32.35
31.11
25.16
24.6
23.87
8.59
21.83
24.25
26.82
27.52
23.49
22.82
24.08
26.95
23.19
29.44
28.05
29.99
29.7
21.43
22.1
25.63
22.65
21.59
23.69
28.39
25.31
20.72
17.61
14.5
18.13
23.97
22.45
12.42
6.44
18.05
15.62
17.98
23.09
21.81
5.75
26.29
28.84
25.72
23.77
18.2
22.5
26.87
23.83
11.2
24.79
26.83
25.33
21.23
16.77
24.87
19.01
10
20.72
21.04
8.23
22.13
14.58
23.5
25.7
24.51
21.43
10.61
17.67
18.28
20.99
26.58
29.8
23.52
24.16
30.06
24.69
23.73
29.14
20.66
20.29
17
19.45
26.58
28.52
25.2
-2.25
22.4
16.19
22.36
23.65
20.52
26.9
26.41
25.18
29.87
27.31
2.33
20.24
20.75
26.83
24.95
19.82
22.24
25.26
24.41
20.49
20.48
19.19
25.13
26.23
13.09
15.74
21.47
20.85
17.6
24.95
28.19
28.41
28.97
22.96
25.9
25.45
11.97
17.55
21.65
22.39
20.92
16.1
16.53
18.64
24.25
23.62
20.72
23.27
23.42
21.31
14.57
18.43
17.83
11.77
16.34
19
15.14
14.77
13.9
18.35
20.8
17.43
17.15
18.8
12.56
24.58
25.03
11.96
18.78
24.91
24.6
19.95
18.82
20.65
18.57
19.15
24.56
24.66
21.02
10.94
16.72
19.72
18.65
21.71
19.78
11.28
19.44
20.88
14.43
13.53
27.4
32.24
33.38
27.94
21.97
30.67
31
30.17
29.63
27.55
20.32
22.91
11.85
16.48
19.97
21.7
21.37
27.5
30.71
30.52
26.17
12.51
22.28
16.55
21.91
26.27
22.88
27
32.39
29.58
22.47
25.33
27.4
21.94
13.28
18.95
23.44
27.41
20.56
26.09
31.62
31.89
28.26
24.15
15.65
23.43
30.57
29.65
27.51
23.45
26.34
31.3
31.35
26.34
30.37
31.69
30.58
26.18
21.98
9.88
17.23
24.27
25.12
16.85
26.66
29.63
24.59
18.57
22.18
-2.13
14.11
17.36
22.24
22.17
21.18
19.16
14.33
24.2
35.44
38.45
33.21
22.23
16.35
22.12
24.69
21.4
26.6
20.78
26.3
27.2
20.41
20.66
17.46
27.52
27.66
22.12
12.15
15.91
16.29
10.09
1.42
18.32
27.45
28.31
22.48
21.83
15.63
17.12
6.05
16.24
15.62
22.56
24.83
25.01
7.32
26.86
27.84
19.62
19.46
18.29
9.75
9.27
12.58
23.18
19.26
21.79
18.59
17.45
24.53
22.73
6.27
25.53
29.84
27.66
19.75
28.03
26.09
17.62
21.98
22.61
18.39
17.53
25.38
22.39
23.39
20.63
-2.48
12.36
20.25
20.49
3.23
20.81
16.57
17.2
23.77
22.31
20.63
20.1
18.07
21.62
18.64
25.34
22.17
20.6
24.75
24.23
18.57
11.4
-2.26
15.13
21.77
20.16
18.37
23.46
2.62
22.61
22.01
17.36
9.09
22.37
22.77
15.98
25.06
24.83
19.42
19.36
27.73
26.31
21.67
16.56
18.1
23.05
21.95
22.25
23.62
21.15
17.36
15.73
17.42
24.28
17.65
14.03
15.31
13.18
4.74
8.41
20.83
27.29
27.04
22.14
17.84
23.93
22.41
20.17
12.8
19.01
23.49
17.1
25.79
24.81
20.01
14.24
21.01
25.34
28.19
25.24
7.33
16.49
13.33
17.48
18.22
22.34
22.53
17.66
16.71
19.52
17.66
18.32
19.77
11.96
17.81
23.6
22.58
17.17
12.88
21.59
20.3
16.74
23.08
22.65
21.33
26.04
25.84
21.84
20.85
17.91
17.08
22.64
23.35
21.74
23.05
17.43
18.4
23.16
20.28
20.71
25.03
25.34
13.79
24.83
25.96
15.61
18.9
22.83
25.05
23.2
12.65
20.21
21.93
13.19
14.45
12.73
22.76
25.53
25.22
23.12
19.61
12.51
12.28
12.43
11.23
18.88
19.28
19.15
12.89
19.5
17.45
14.68
17
14.22
9.75
14.73
14.2
-3.64
15.16
18.34
2.34
12.69
16.36
15.18
22.19
19.96
11.29
19.86
21.18
20.61
20.2
25.29
26.88
24.08
14.79
10.27
11.49
3.49
8.75
15.79
19.17
10.74
3.95
4.18
-0.36
12.55
14.62
3.35
15.7
20.77
19.67
16.94
18.75
16.01
15.04
17.67
9.75
11.18
12.88
12.68
17.65
19.85
21.45
19.3
12.75
15.85
20.4
20.01
19.84
20.79
17.54
11.24
12.86
16.68
18.96
22.05
24.68
24.91
24.32
21.33
19.99
21.61
21.45
14.63
16.99
18.67
17.9
16.28
-1.35
15.67
10.79
11.41
19.93
23.61
24.21
15.51
15.15
19.99
24.98
25.63
21.76
15.38
7.85
21.24
22.13
14.29
15.61
18.51
21.12
22.58
22.88
23.87
18.58
15.04
7.3
15.28
20.91
21.64
8.86
21.65
24.32
23.19
24.63
24.66
23.87
25.11
24.33
23.49
21.81
21.54
21.15
24.48
26.22
22.16
21.44
16.42
17.08
20.1
17.39
13.06
14.81
22.54
25.23
27.66
26.44
20.55
21.09
21.32
19.17
20.82
21.89
24.29
23.72
24.09
18.62
19.77
27.16
29.19
27.54
23.31
23.61
21.54
7.63
16.09
9.74
14.72
22.06
24.34
21.45
18.08
21.29
22.07
18.23
17.35
24.07
26.14
24.47
21.88
23.68
22.78
21.7
22.27
21.74
22.05
23.23
25.05
24.43
23.96
18.4
5.01
21.78
24.24
19.19
9.27
22.19
23.05
24.22
21.49
20.15
27.12
28.42
28.32
27.94
27.78
23.26
18.18
19.29
23.62
22.6
24.84
24.68
24.92
24.25
25.04
25.06
17.9
14.68
17.92
21.06
23.77
24.31
24.12
26.57
26.23
17.45
22.4
27.26
24.02
20.61
21.47
17.24
14.43
14.88
8.74
-13.51
14.65
18.44
23.32
25.64
24.14
23.45
21.07
17.97
17.83
13.64
-4.87
13.39
17.66
22.41
23.35
19.47
13.22
16.47
22.34
18.86
15.01
27.23
30.22
30.1
34.51
37.19
33.17
25.66
21.69
16.29
12.34
11.17
20.66
22.72
22.9
18.66
21.27
27.17
27.24
21.6
19.55
19.16
16.33
22.49
23.58
23.06
23.3
24.77
22.58
17.91
10.29
-9.22
10.7
14.11
23.56
27.12
24.27
23.51
27.23
26.19
22.64
21.53
22.23
21.45
21.93
22.89
23.54
23.77
23.37
13.89
20.24
17.28
23.79
25.46
23.88
23.31
22.05
19.99
15.3
23.16
26.78
27.83
26.79
22.17
21.16
18.77
8.63
21.75
22.52
22.28
21.35
22.68
15.63
2.48
12.87
21.54
25.14
26.63
28.14
29.53
28.49
26.35
18.76
23.07
20.16
19.93
15.17
18.79
23.22
23.01
21.84
17.99
15.01
19.74
22.46
24.28
24.07
24.25
26.03
25.11
22.56
20.59
20.27
19.11
19.01
22.5
13.36
23.26
26.27
21.03
14.93
16.11
19.01
23.93
25.93
24.95
23.53
18.89
13.09
14.16
21.55
24.17
24.87
24.02
17.68
21.35
17.72
17.28
21.52
21.48
23.86
24.9
20.09
19.57
16.52
10.88
18.87
23.78
25.98
25.43
21.67
22.79
24.66
25.21
21.16
13.27
20.47
19.33
22.85
22.63
24.01
25.95
23.96
19.03
22.34
24.6
23.56
26.24
25.54
19.68
15.65
22.04
23.51
19.28
17.27
26.37
26.96
21.45
16.92
17.58
10.77
18.1
19.64
20.75
19.84
20.09
20.73
21.2
21.23
21.76
21.52
18.85
13.99
14.56
16.79
19.29
16.46
11.16
21.04
25.1
26.12
24.04
21.69
19.3
18.85
19.86
20.23
20.83
17.88
20.41
18.95
10.06
16.4
17.7
17.23
17.14
11.69
15.28
19.99
18.58
22.06
24.19
19.97
12.6
7.12
12.57
14.9
18.21
20.12
18.06
11.52
15.49
18.82
20.71
19.62
16.91
6.87
16.59
20.12
22.82
22.1
14.86
7.89
12.98
20.58
21.25
21.68
21.82
19.31
21.07
22.72
18.48
16
18.65
18.44
17.36
6.33
12.8
11.58
15.89
21.68
23.64
21.19
11.03
-6.33
14.22
20.52
20.93
22.36
14.92
3.63
18.19
18.51
14.59
7.61
12.18
15.14
20.08
18.87
13.26
12.56
17.37
15.46
13.15
13.19
0.43
12.98
15.17
16.23
17.5
16.72
15.5
16.06
15.6
14.59
11.21
10.54
14.41
14.79
18.55
17.78
12.95
6.47
0.73
14.11
14.71
12.57
18.3
10.97
8.59
12.36
12.95
8.38
8.5
11.44
13.84
10.04
14.15
20.01
17.95
13.82
20.22
16.98
10.25
8.12
-2.8
6.99
4.83
4.14
17.2
16.72
7.85
15.03
16.77
19.41
15.31
12.61
15.95
16.3
14.12
15.16
15.61
14.09
16.66
16.63
10.06
10.34
13.47
18.22
21.68
22.51
20.74
14.8
10.02
16.78
22.21
20.94
15.84
7.96
1.7
5.5
11.03
17.31
14.4
12.34
15.75
12.08
9.89
16.04
13.39
9.09
8.86
5.14
16.23
19.62
17.91
8.1
14.77
16.02
19.36
19.86
16.4
15.96
19.41
12.71
14.95
16.57
16.36
16.43
9.12
9.18
17.92
13.7
15.65
18.74
16.13
15.9
9.4
9.3
8.72
15.56
17.7
20.41
21.37
20.61
14.99
6.28
14.45
14.39
11.37
8.76
6.51
15.55
15.13
7.95
6.16
9.79
8.95
14.16
2.04
8.44
15.78
17.48
12.51
14.8
14.6
4.53
4.13
8.13
9.24
16.2
20.05
19.72
16.76
15.08
15.06
10.67
3.04
10.96
14.16
17.86
21.06
18.65
10.25
-7.13
1.75
5.91
10.77
13.42
16.24
16.18
14.64
13.6
18.32
21.75
19.02
12.85
11.17
18.18
9.43
13.68
3.42
10.54
16.16
18.09
16.12
15.08
7.87
10.13
14.06
5.1
12.37
0.2
4.55
7.27
15.96
21.23
16.74
16.55
17.4
15.19
15.05
17.95
18.07
10.38
12.6
12.53
12.1
2.01
12.44
11.54
14.37
14.15
10.41
6.13
17.19
17.83
13.95
11.8
9.9
9.42
7.77
16.13
16.42
15.21
9.62
12.29
17.27
13.69
6.11
9.41
10.83
10.54
18.08
12.11
12.46
21.81
22.17
9.34
12.57
12.42
10.77
5.08
12.27
12.96
11.81
12.88
12.69
19.16
19.23
15.26
9.95
5.77
7.52
13.55
17.16
17.11
12.6
18.04
20.9
21.78
17.78
-7.25
7.75
14.47
14.91
18.91
14.07
15.26
16.55
14.32
3.92
6.94
6.67
9.09
15.98
18.17
15.93
16.19
18.21
13.89
15.84
20.23
18.88
21.2
23.29
19.64
12.48
20.07
22.51
16.37
12.83
7.47
14.7
19.11
15.03
7.37
8.29
-0.33
5.47
15.06
12.45
7.98
6.15
17.56
21.27
16.95
10.37
8.19
14.52
16.12
14.79
-6.15
8.35
-13.79
2.47
9.94
10.23
13.7
12.5
0.84
8.47
12.46
11.81
12.87
10.29
3.43
-1.16
14.82
18.73
16.18
6.97
11.48
15.11
5.19
13.4
16.05
16.12
14.31
12.72
12.64
13.45
15.52
14.93
16.86
18.68
20.74
15.23
12.82
11.83
14.92
9.76
14.59
15.52
9.64
10.84
18.19
19.63
19.37
17.5
10.56
10.08
10.19
16.33
21.03
15.79
4.4
15.29
18.1
14.45
0.72
13.43
15.1
13.2
15.27
15.44
13.08
9.18
11.63
8.98
-0.25
6.61
-5.1
6.52
10.55
16.79
16.2
5.1
7.63
21.25
24.59
22.44
11.02
9.01
17.07
12.6
12.76
9.68
14.48
17.99
18.36
16.52
3.93
13.52
6.71
9.97
12.9
17.66
16.87
12.49
15.67
20.19
15.32
7.88
12.2
10.52
6.6
-9.73
9.57
12.36
16.61
20.03
17.54
9.27
7.43
18.87
19.92
14.96
9.09
17.38
16.93
1.75
19.02
20.79
21
21.01
16.15
-1.56
2.2
15.21
18.37
10.41
14.35
15.99
4.06
14.3
12.87
14.17
21.63
22.79
18.7
11.42
6.7
11.6
-1.28
8.14
6.32
17.24
19.7
17.95
12.71
1.14
12.01
15.92
17.03
16.67
13.6
17.34
18.01
17.67
22.04
18.09
8.13
10.47
-2.59
-5.49
16.53
22.66
22.17
14.24
11.35
9.23
17.31
19.04
14.86
15.54
21.15
22.02
18.62
18.5
19.13
18.3
14.81
12.03
10.18
2.1
6.82
15.66
15.93
-0.68
13.77
12.47
8.22
15.51
19.46
16.18
17.85
19.89
8.45
17.22
10.69
13.32
18.83
18.29
17.9
15.17
11.2
16.67
20.47
19.51
13.61
10.87
8.37
-0.55
8.54
12.38
18.7
21.01
22.23
17.96
0.6
12.94
20.25
19.83
-2.85
6.29
13.89
19.97
20.99
18.23
16.64
16.43
14.69
14.43
16.64
3.2
16.91
21.34
20.08
16.42
16.42
13.96
16.87
20.14
16.12
14.65
12.27
10.6
15.18
16.48
17.58
15
8.15
7.54
10.95
10.67
13.06
20.05
22.52
10.99
18.66
18.51
19.01
17.55
7.5
14.57
13.64
9.4
6.04
7.35
6.39
14.99
14.33
3.77
5.64
11.45
14.7
15.57
15.15
11.51
16.42
21.01
19.35
14.13
15.29
17.58
9.58
3.82
9.25
18.05
23.08
22.61
11.63
12.41
15.42
16.11
6.93
18.31
15.72
7.11
12.13
17.32
18.47
12.18
9.26
16.94
14.81
10.11
14.44
12.92
19.25
21.11
21.16
19.67
16.05
14.63
18.82
18.73
16.42
12.86
13.88
17.71
19.45
20.52
9.66
20.54
20.7
18.74
20.07
17.42
12.82
21.82
18.89
14.38
9.09
17.61
19.35
14.84
8.26
11.09
12.07
14.77
15.8
16.72
13.68
16.28
17.19
5.15
10.79
14.19
10.97
9.1
20.48
22.65
18.25
4.74
17.01
18.6
17.63
16.55
9.79
13.9
6.48
18.79
16.87
13.5
18.12
14.89
16.43
13.07
5.88
12.17
16.56
16.46
16.96
16.15
13.35
12.61
11.14
8.85
18.96
17.19
14.75
17.58
20.11
22.3
20.09
15.91
9.46
10.82
13.72
17.15
16.72
17.26
19.6
21.03
20.54
14.69
17.39
20.12
10.97
9.3
8.32
12
12.97
17.76
21.22
17.27
8.22
15.28
11.83
9.57
11.75
18.23
22.12
17.66
16.86
20.5
11.44
15.06
20.59
14.71
7.84
11.48
1.49
14.29
18.83
18.15
17.43
18.3
21.16
21.52
21.02
19.8
14.55
8.09
17.06
17.33
10.71
5.84
15.2
19.17
19.19
10.64
6.65
3.92
16.11
17.57
7.29
21.36
18.91
6.84
8.74
16.58
22.73
21.13
11.16
10.08
20.31
20.26
18.1
15.08
6.89
6.17
13.26
11.83
1.84
14.15
13.18
12.27
7.92
5.57
15.14
16.24
9.89
3.83
7.53
8.36
18.54
21.3
20.41
20.17
20.52
19.46
18.71
15.61
16.04
16.56
18.19
18.31
16.13
14.29
17.02
14.62
14.59
14.49
14.38
18.22
21.57
21.8
19.44
9.68
10.06
14.5
18.44
20.04
18.27
19.75
20.77
18.49
15.46
14.72
16.86
19.35
20.94
20.42
18.02
18.74
16.57
9.18
15.02
17.79
17.91
20.2
21.6
21.27
17.36
0.2
14.58
15.54
11.41
16.35
14.59
8.52
20.78
22.48
19.19
15.72
19.27
20.38
15.51
8.43
14.35
9.68
6.09
9.39
17.05
17.36
9.64
3.2
7.88
16.98
20.73
22.45
22.05
20.79
18.81
15.32
14.51
16.33
15.9
11.03
0.65
12.81
20.44
21.18
18.31
18.94
20.63
22.32
22.53
21.04
18.12
15.76
17.69
19.34
17.82
14.71
14.81
15.72
18.81
21.99
21.11
16.07
16.25
20.49
18.29
11.87
4.24
8.77
10.01
14.76
16.78
15.13
17.96
22.36
23.65
20.91
14.79
14.78
18.36
18.22
18.29
16.28
9.56
2.67
5.14
15.33
18.8
16.23
-0.11
14.01
20.73
21.08
17.76
17.51
11.99
11.52
15.12
16.94
21.77
22.91
19.62
11.91
6.61
12.31
14.06
16.27
18.02
14.95
2.42
11.83
15.98
10.78
-0.33
14.62
18.82
18.13
14.35
5.71
4.56
-4.87
9.64
15.48
18.73
15.39
13.93
13.05
4.7
4.03
16.71
20.53
14.87
-6.72
8.08
7.61
11.38
-2.23
0.47
6.48
12.2
13.4
14.25
16.09
19.69
20.37
20.48
20.97
17.8
13.75
15.43
16.16
15.21
15.5
12.9
14.84
18.72
12.27
13.97
23.23
25.16
20.52
9.61
-4.73
7.68
15.62
17.79
16.14
9.74
6.35
16.38
20.2
20.66
19.04
13.91
14.04
18.37
19.02
19.44
18.75
15.28
7.84
15.58
12.77
0.8
6.99
10.84
13.48
10.96
10.61
9.48
13.28
18.95
19.01
16.7
14.4
12.95
14.44
12.57
8.86
11.28
19.35
20.64
17.1
1.15
14.42
15.61
15
13.81
11.04
3.24
7.31
8.69
6.75
15.3
17.34
17.34
18.52
18.68
15.56
9.9
15.07
19.88
20
13.73
8.3
11.11
-4.05
5.86
12.79
18.51
18.09
9.89
12.56
19.97
21.59
15.5
8.5
11.53
7.87
13.39
14.34
13.42
17.87
21.02
17.78
2.44
8.91
-13.86
8.96
17.68
20.05
17.99
13.98
2.54
2.14
3.23
9.82
11.6
11.53
16.14
8.26
0.99
9.82
14.9
16.52
16.55
15.49
13.61
8.91
12.54
15.13
11.98
9.9
5.32
7.39
14.81
11.79
4.72
14.05
16.83
16.3
19.18
15.84
8.34
12.48
15.83
12.88
6.12
2.4
14.91
18.28
17.01
16.83
12.46
7.71
16.67
20.77
20.17
18.35
18.67
17.8
12.31
10.73
15.36
13.11
11.9
19.32
19.37
13.54
20.71
21.39
17.79
15.15
9.67
8.67
9.57
5.2
7.02
5.22
0.92
10.61
10.56
3.07
12.12
16.34
13.79
6.04
10.36
13.87
15.71
18.51
16.7
11.42
15.32
7.7
10.31
7.58
-2.56
8.11
10.86
7.31
8.58
-18.7
11.24
11.02
8.67
7.9
8.07
12.45
12.38
-1.34
11.71
11.54
9.7
11.15
15.29
11.33
-9.59
12.3
16.8
14.29
2.68
17.05
20.13
14.47
10.62
11.6
11.23
12.51
12.08
16.11
10.72
8.02
15.04
15.96
16.52
16.29
12.61
6.62
12.37
14.52
17.71
20.39
19.49
11.57
18.08
20.85
18.29
8.56
-3.04
12.93
18.5
17.55
14.12
10.53
1.16
11.01
12.31
16.58
17.9
15.11
-0.75
14.99
14.63
6.42
16.47
14.55
11.28
16.52
19.06
15.62
9.58
14.05
16.22
15.36
5.88
14.1
17.35
18.41
14.87
14.48
15.2
14.02
8.45
5.4
7.26
-5.61
15.89
18.83
15.94
16.41
18.83
15.9
11.89
11.59
19.62
19.12
11.56
3.18
12.37
9.74
12.04
11.45
5.81
14.18
17.75
12.37
7.6
10.31
4.17
16.21
16.14
12.2
17.06
17.19
17.68
22.29
19.33
13.26
16.4
10.61
5.47
10.97
15.99
16.99
10.21
11.98
18.21
11.8
7.53
6.58
9.98
10.04
6.53
8.52
9.82
8.68
11.6
17.26
16.46
8
11.12
12.29
13.92
14.53
3.13
16.52
15.57
10.76
14.61
9.08
4.7
3.01
8.34
12.47
12.76
7.29
9.27
12.94
12.12
13.28
15.28
13.4
6.56
6.23
14.87
17.11
17.28
18.11
15.74
17.09
17.84
11.76
3.52
11.73
5.77
13.89
11.2
2.91
2.85
2.37
14.08
15.23
13.1
14.31
12.43
14.87
11.21
-3.04
11.79
16.26
17.74
19.35
8.95
16.65
16.73
11.31
-10.9
9.56
12.64
7.33
1.71
9.68
9.26
12.47
18.3
16.11
5.49
14.11
22.12
20.28
7.89
6.47
8.4
13.98
13.9
17.97
19
12.64
16.52
19.3
17.56
15.84
13.93
12.26
9.39
15.37
11.78
8.79
12.06
5.06
11.46
15.37
16.43
9.79
9.69
9.24
13.47
10.75
10.13
11.57
8.66
15.52
12.66
10.3
13.23
13.88
18.26
13.42
13.46
17.28
14.92
13.1
8.07
10.05
14.38
15.51
8.38
1.43
12.65
15.51
8
13.98
18.39
8.13
11.41
10.93
11.43
16.65
14.5
9.97
13.29
14.97
15.1
5.88
12.83
-3.61
14.13
11.77
0.84
13.02
15.05
11.1
-6.34
1.74
2.08
10.01
14.56
14.8
9.34
17.94
12.83
1.61
11.22
12.94
5.42
14.52
7.98
5.67
13.25
17.4
15.09
10.33
10.08
9.5
8.11
4.76
7.97
8.43
13.45
13.38
9.89
11.15
15.88
14.03
10.11
1.41
1.75
-0.43
7.8
14.03
14.88
15.81
19.25
17.36
2.78
13.66
7.23
0.51
6.19
7.77
11.47
12.26
9.91
3.28
11.02
8.18
5.68
6.97
12.09
10.44
5.8
-0.5
1.29
10.47
-13.1
17.93
19.24
10.77
7.49
7.73
8
7.67
13.46
15.28
4.44
-3.49
8.67
14.59
12.14
7.03
7.29
12.37
14.76
12.35
9.23
14.73
16.1
14.1
3.49
10.18
6.58
14.36
7.24
10.3
12.84
13.93
13.23
6.06
2.78
8.51
6.46
10.51
13.39
15.19
9.33
3.83
10.12
14.66
8.2
9.82
11.99
12.19
13.77
11.41
15.44
14.74
-2.4
5.15
6.56
11.61
-1.17
4.16
10.92
12.38
4.01
1.46
1.02
7.68
12.94
11.17
12.47
18.2
9.16
12.21
17.36
16.89
11.59
15.24
18.42
15.84
10.54
10.17
13.45
13.61
12.16
11.5
10.57
4.98
3.75
14.8
16.53
10.41
3.01
4.11
10.43
14.5
17.35
17.6
13.88
10.02
5.12
13.06
15.2
12.2
8.42
10.27
12.32
14.82
13.3
6.36
10.58
7.96
-0.66
14.74
15.92
9.91
11.13
14.69
12.38
7.16
9.59
15.75
8.43
14.11
12.56
9.35
10.78
11.18
11.49
-3.65
17.27
18.79
13.49
-1.15
0.42
12.38
10.82
6.73
12.65
16.48
18.48
15.4
5.2
13.31
15.43
6.93
7.09
3.48
9.24
9.19
8.25
7.3
6.97
15.72
12.14
11.18
2.43
4.28
-2.55
15.59
19.67
18.01
11.45
13.25
14.51
16.38
15.81
16.29
14.79
4.48
-2.43
4.72
7.53
5.37
10.77
10.44
10.98
15.25
14.64
13.1
13.53
12.66
14.61
10.29
6.09
15.49
16.3
15.54
12.78
9.1
9.69
-0.21
8.03
13.59
11.19
6.59
10.29
1.8
0.07
9.15
11.04
8.07
3.76
9.27
14.75
15.27
10.63
14.51
13.34
1.56
-1.82
13.73
15.85
5.33
10.43
5.55
0.51
7.98
16.55
17.83
15.59
9.64
5.59
7.06
4.46
8.89
7
6.52
9.92
11.11
16.54
19.05
11.61
6.07
8.75
8.88
10.68
14.81
16.25
13.86
8.38
13.04
13.93
14.45
12.35
11.57
11.14
-7.87
10.57
11.15
5.4
4.59
10.3
8.72
12.96
16.5
13.46
8.27
9.93
7.18
-5.35
0.18
-1.71
8.84
9
14.52
11.95
4.3
10.97
7.6
9.56
15.16
18.9
17.87
5.76
9.26
13.18
8
-4.4
10.39
11.98
10.51
5.44
14.67
14.25
-3.47
9.55
11.6
15.02
12.15
7.74
9.46
11.11
14.01
9.9
10.24
14.95
11.7
10.76
9.26
7.05
0.71
9.08
7.83
11.83
13.12
-4.52
10.95
6.69
6.23
13.22
14.92
13.01
14.03
9.96
3.8
-2.57
4.8
12.17
11.86
8.9
16.4
11.29
15.54
12.55
8.91
10.8
12.66
14.3
12.39
8.54
-11.17
13.47
14.04
12.13
14.79
10.56
-3.38
-2.57
7.15
9.66
3.36
-4.71
9.09
16.08
17.11
12.84
3.16
3.06
4.86
10.14
7.78
13.95
10.72
10.27
9.78
7.09
13.04
13.88
14.78
10.05
2.7
8.49
14.57
17.37
16.43
15.67
15.5
10.52
11.07
12.66
12.57
5.14
7.29
10.71
1.23
2.47
1.34
9.65
12.2
8.41
13.45
16.02
9.76
5.39
3.81
3.74
2.02
12.92
18.11
13.9
16.62
16.91
-5.76
12.66
9.85
9.51
13
16.59
14.3
8.19
15.08
9.25
7.43
12.92
14.58
10.69
-2.48
6.14
11.48
6.13
7.28
15.15
15.02
8.49
2.48
8.94
8.98
10.2
13.97
14.57
13.91
13.22
15.45
16.52
11.66
4.16
9.71
5.48
6.48
9.74
9.95
6.3
8.85
15.02
15.39
10.09
5.99
12.14
15.09
14.99
14.6
16.12
14.72
14.25
16.82
14.38
4.77
-0.24
11.31
14.83
15.46
9.24
10.19
14.71
12.75
12.3
13.97
16.67
15.87
11.58
6.85
13.32
11.07
0.18
7.84
10.6
10.22
-0.01
8.26
2.86
4.36
1.89
6.13
13.06
12.52
10.31
15.29
13.28
9.83
12.26
9.96
12.42
15.83
16.64
11.04
-8.23
9.95
12.92
8.24
-10.3
-0.44
-0.45
9.01
9.85
1.55
16.12
17.56
10.61
11.13
16.31
14.12
16.74
19.77
20.64
17.64
15.65
18.58
17.51
8.65
12.08
8.86
15.66
15.69
14.94
16.04
16.63
15.31
14.12
7.99
3.71
9.04
9.94
12.75
10.53
-7.24
14.32
15.55
-2.48
11.85
10.89
8.91
15.19
13.24
12.69
5.91
14.23
17.83
17.41
15.89
8.26
14.46
12.85
-2.48
10.46
12.37
10.29
14.16
9.05
7.79
8.53
12.56
14.02
10.21
13.81
4.15
9.67
7.29
5.95
11.73
15.66
16.89
12.33
10.11
9.57
9.03
10.38
11.03
9.6
8.86
2.15
12.29
16.88
12.73
10.36
10.36
5.42
5.26
5.48
2.99
14.54
15.7
10.01
0.2
7.55
14.94
19.7
19.59
13.41
8.63
12.18
10.61
12.58
2.72
15.74
19.92
16.64
4.11
2.93
3.68
6.57
3.62
18
21.99
21.01
14.47
13.93
14.06
4.2
6.75
13.81
18.91
17.88
17.67
15.16
7.19
12.33
8.19
8.12
7.95
9.77
14.34
17.36
18.3
17.27
17.47
19.81
15.17
4.98
13.85
12.89
-4.78
1.65
9.77
16.05
15.57
13.62
11.1
14.56
14.31
7.9
7.96
7.28
9.67
15.86
17.3
17.53
14.58
13.5
10.44
8.69
13.52
11.49
8.85
14.58
8.63
11.18
16.47
15.43
11.56
15.51
18.17
17.41
16.99
16.68
14.01
7.06
7.42
11.98
2.16
8.43
4.45
7.8
11.43
13.41
11.12
5.19
6.41
9.2
13.95
11.71
4.46
-1.13
6
7.5
8.84
4.88
-1.74
5.28
9.6
-2.72
10.38
8.24
7.65
9.69
14.59
11.28
1.62
12.88
15.77
17.31
15.02
7.45
5.42
3.83
13.3
15.35
13.96
13
3.02
16.31
16.88
14.26
15.11
17.48
17.49
15.9
16.14
17.95
12.73
-4.81
5.49
10.99
5.32
12.15
15.37
14.04
10.72
-5.32
4.97
3.41
7.38
15.04
15.83
9.4
5.04
8.88
8.01
7.19
11.45
5.28
6.37
4.6
12.82
14.05
12.32
11.29
14.25
15.32
9.72
-0.54
5.41
10.56
12.19
10.61
13.06
8.26
12.59
13.56
-8.45
9.98
-0.21
2.53
-1.93
7.21
9.43
10.83
7.57
7.87
14.72
12.42
8.21
2.12
9.21
7.8
3.94
-4.76
4.83
7.95
14.93
14.49
14.22
14.55
11.64
9.66
13.84
11.26
-0.83
13.78
15.88
5.4
11.93
11.57
8.03
13.04
12.22
11.41
4.84
6.44
7.84
9.56
15.43
13.11
13.62
10.64
-2.57
12.09
9
-10.7
7.09
13.38
14.77
10.97
11.53
12.6
-3.55
11.05
9.78
9.14
11.1
11.99
9.96
0.9
13.11
16.7
12.46
2.35
11.29
10.95
-2.31
13.29
11.01
8.81
11.07
6
8.23
11.82
16.86
17.93
12.71
10.19
12.74
14.41
10.87
5.76
10.75
9.32
10.28
5.79
8.75
9
2.54
1.6
-1.53
-2.11
6.74
2.04
7.98
2.79
11.73
8.24
6.72
5.86
5.75
3.1
9.31
7.63
2.79
-14.9
3.05
-0.46
10.31
14.87
15.8
16.16
12.51
-6.67
15.04
9.73
7.77
15.14
13
9.33
7.11
2.88
2.52
2.58
15.05
16.4
10.34
9.77
6.85
11.25
5.9
8.85
5.48
-3.93
5.3
5.01
9.11
0.16
-2.45
1.93
5.78
7.14
6.91
-6.12
6.29
12.36
9.23
13.07
14.06
12.97
12.77
7.65
9.41
15.68
17.64
14.88
3.78
9.47
6.75
13.67
15.76
14.64
10.38
10.78
12.44
7
9.57
14.45
9.78
9.98
14.2
13.22
15.09
14.78
9.57
8.26
9.17
12.76
18.61
12.57
8.89
11.82
13.12
12.5
2.07
11.9
11.42
8.54
1.03
15.83
16.69
12.45
12.96
13.74
6.03
6.95
14.56
19.49
19.62
14.44
17.1
16.66
11.54
-2.93
7.69
2.7
13.84
14.01
9.36
1.44
8.84
9.98
10.41
11.98
12.12
7.99
8.59
15.52
14.49
5.08
11.95
7.04
12.87
15.55
17.77
18.82
15.52
13.74
13.96
10.64
11.44
9.19
-0.27
10.47
9.67
8.63
6.32
7.48
8.55
3.7
1.82
11.04
9.3
6.12
12.32
13.95
15.67
13.75
12.18
15.56
18.83
16.94
13.16
12.54
13.81
14.16
6.62
6.13
11.08
9.9
15.56
16.67
9.31
13.74
10.85
12.88
10.48
12.41
15.89
11.65
2.96
11.93
10.79
10.46
13.46
6.83
7.62
1.5
-5.64
6.82
11.17
14.94
17.62
19.17
15.9
0.56
-6.11
7.87
13.3
9.64
7.49
6.03
9.89
10.95
11.03
13.5
16.75
12.53
6.85
-3.82
7.93
10.46
6.87
10.25
10.87
16.6
13.29
-4.52
7.01
8.97
11.93
12.4
12.09
11.79
12.53
14.58
15.77
16.25
12.99
-6.43
11.9
19.89
21.61
17.04
10.91
9.39
10.09
5.78
11.09
14.01
17.25
15.18
4.44
9.43
11.62
4.42
-1.46
10.67
12.2
2.3
11.1
6.75
8.49
15
16.19
11.53
3.36
5.9
8.63
7.3
3.52
9.98
12.36
13.81
12.84
14.27
15.25
13.54
8.01
8.47
8.81
16.33
18.58
16.66
9.05
6.61
14.41
15.26
7.13
6.44
-0.4
7.81
3.4
15.31
19.8
19.2
15.12
10.48
-1.75
11.99
16.01
17.03
16.87
9.52
3.64
10.39
13.58
15.6
13.06
3.19
6.11
9.91
6.05
2.67
9.81
13.49
14.57
10.24
7.41
11.07
8.48
13.12
10.4
16.71
15.73
10
12.8
9.93
2.45
11.02
13.51
8.94
5.3
13.38
10.64
-1.38
12.73
12.54
2.65
-0.79
11.4
11.7
10.56
9.98
4.04
11.6
14.1
19.5
14.17
2.67
6.83
4.98
5.66
4.9
1.6
15.32
9.27
17.74
15.69
7.4
10.48
7.37
9.68
10.95
13.97
12.32
10.78
6.64
11.94
4.6
4.98
11.94
15.92
15.93
12.19
13.84
9.96
6.88
5.18
5.58
4.61
13.22
13.36
9.82
12.7
13.97
7.75
-1.18
-6.12
0.84
6.16
13.86
16.74
9.47
5.4
0.2
12.57
16.87
17.11
14.5
7.74
5.92
11.6
14.06
8.31
-0.78
6.84
5.41
2.47
-6.34
7.74
7.95
16.21
20.66
