16.8
15.3
10.5
-3.22
-0.66
2.91
3.75
1.59
9.95
8.66
7.19
12.74
15.54
11.75
-6.32
-8.91
2.76
10.7
14.52
5.96
11.71
8.68
5.4
12.16
12.49
9.95
4.07
12.45
11.43
10.09
5.36
1.83
9.46
10.25
9.17
3.63
2.53
5.58
7.91
15.14
11.64
11.44
12.81
6.63
1.93
4.68
7.9
4.64
8.13
11.45
11.13
5.91
7.83
3.09
12.21
18.39
17.04
11.09
2.87
9.87
7.98
6.97
10.49
9.85
14.09
13.65
2.98
3.14
6.51
3.83
-1.8
1.02
0.81
1.03
12.44
14.78
12.06
5.69
8.68
15.71
16.11
14.96
12.87
9.25
3.11
5.88
-1.97
3.2
10.8
11.75
13.09
13.07
0.98
6.95
5.55
-8.83
-12.85
13.17
16.01
12.77
13.21
12.17
8.97
-5.42
6.19
8.38
3.78
11.65
17.66
16.67
10.5
3.21
3.98
9
13.69
13.56
10.64
7.77
8.95
8.62
1.39
-10.75
-2.65
4.62
9.67
7.99
-9.64
6.39
8.33
5.18
0.7
3.25
12.24
11.53
4.05
11.09
15.9
13.83
1.66
4.98
-2.04
7.82
6.55
8.16
9.36
7.22
-3.98
2.6
6.58
10.5
8.44
4.39
10.31
14.57
13.78
12.32
13.92
14.68
10.14
5.54
9.8
9.92
3.9
5.55
14.63
11.2
2.06
11.23
7.92
6.81
6.53
-0.44
-2.28
-7.18
11.52
13.07
10.2
13.35
10.17
10.56
8.43
-11.34
2.47
8.28
8.62
0.01
10.41
14.34
6.69
-0.36
0.62
9.34
10.16
11.46
15.06
9.46
12.23
11.45
4.91
12.55
18.71
16.88
9.81
13.4
12.76
10.28
13.49
9.59
15.89
16.69
11.5
3.41
6.71
15.67
12.95
1.67
13.64
11.89
9.18
10.5
9.76
10.48
10.49
13.95
9.69
10.74
9.98
-1.71
6.87
6.05
6.09
12.65
12.91
12.76
5.28
5.48
11.09
8.31
5.19
10.81
12.2
6.88
9.81
15.16
14.28
10.68
13.77
16.01
11.44
6.94
13.4
15.86
13.99
11
10.84
10.41
7.29
4.53
-0.56
-4.38
2.49
2.3
5.98
12.85
12.01
4.49
9.07
11.46
10.62
7.7
9.37
9.07
9.92
9.11
7.07
5.74
4.41
3.36
7.22
4.06
-1.32
10.51
11.63
7.55
9.57
10.12
2.6
3.7
9.56
11.52
12.96
14.89
17.14
15.55
11.38
7.94
1.89
3.86
7.38
11.62
13.9
9.82
11.03
11.45
8.07
-2.46
-3.81
3.71
6.7
9.82
8.57
10.88
6.07
-4.41
2.26
3.47
7.95
12.08
11.92
12.23
13.31
13.68
8.71
5.82
12.04
15.06
11.66
-3.67
4.69
2.35
5.57
5.46
-9.57
6.2
-2.82
11.78
15.22
13.65
13.59
10.32
7.35
6.61
3.94
8.02
15.31
16.32
8.36
-13.42
-0.52
2.04
12.38
15.15
13.46
12.28
13.56
9.13
6.99
8.43
10.26
7.65
3.99
9.26
-0.93
0.97
0.93
-4.09
-1.36
10.52
10.48
6.66
7.12
9.23
7.14
9.86
1.76
7.28
8.56
5.36
-0.39
8.74
8.09
9.48
12.51
6.21
4.68
3.45
3.84
12.66
15.36
11.3
4.09
10.64
10.53
-1.72
11.06
8.44
0.67
2.72
1.51
12.15
16.42
1.58
-21.01
7.07
-1.07
6.55
8.57
10.13
8.84
7.66
9.85
6.96
4.47
1.8
-3.98
-11.21
5.36
8.45
2.96
-2.16
-9.46
5.83
12.99
12.96
12.79
11.03
9.76
13.34
10.28
6.73
11.86
0.42
-29.84
9.18
13.58
9.03
1.69
6.69
4.57
6.48
8.25
5.39
1.47
3.32
10.22
14.23
6.74
0.91
7.77
11.02
14.53
15.68
15.14
11.04
9.12
8.43
10.47
12.6
13.22
16.1
15.34
-1.27
10.87
0.52
12.14
11.45
7.76
8.56
1.62
-1.95
2.03
7.43
12.25
11.99
5.46
3.11
5.39
-2.66
-0.71
-1.08
12.22
17.44
17.95
14.38
7.6
4.23
13.34
13.89
9.9
6.65
11.68
5.24
6.15
11.88
18.24
19.11
17.34
10.21
5.19
6.82
2
10.8
15.88
11.71
7.99
2.14
10.03
16.13
17.15
15.16
11.65
9.77
-1.49
6.38
11.91
1.62
13.72
10.12
7.93
-4.26
2.89
2.31
6.44
7.49
6.02
-4.08
-12.3
5.25
10.47
6.09
6.3
10.35
11.19
12.6
7.9
3.24
5.08
9.73
10.71
6.01
15.07
16.08
10.3
8.59
14.54
17.32
14.21
-1.9
11.07
3.31
13.47
17.15
14.74
8.52
0.22
13
16.03
13.35
5.02
10.34
10.76
-7.89
5.99
2.83
-0.35
7.11
8.25
10.02
9.81
7.31
5.3
8.67
7.61
2.03
5.74
2.6
11.5
13.01
10.79
9.81
12.62
12.31
3.18
7.8
4.87
7.29
10.52
7.65
-16.63
-14.19
5.83
9.74
9.54
0.95
-3.18
-5.39
10.87
13.92
14.6
18.4
18.46
13.89
12.13
13.16
9.69
9.02
13.02
4.89
10.36
14.02
8.46
4.47
7.02
6.71
6.34
6.45
7.63
10.38
7.55
-1.32
10.28
9.94
4.95
4.71
5.75
1.13
-1.46
5.26
12.7
12.22
-0.48
8.61
13
13.05
10.31
5.81
3.63
4.14
7.75
-4.36
7.48
10.32
-3.24
11.17
15.91
13.4
-4.9
11.96
15.83
17
12.62
3.14
10.31
5.4
13.26
16.57
14.34
4.36
11.26
18.06
18.01
9.97
6.58
13.48
13.72
9.97
9.64
12.32
8.43
8.37
8.74
10.03
10.99
1.57
0.77
-3.29
3.53
3.43
-0.67
0.07
4.96
7.16
-3.69
8.23
10.96
4.86
10.71
-0.53
-0.72
6.77
12.51
14.87
15.49
15.15
9.8
8.53
11.36
10.55
13.39
9.42
-3.63
8.88
11.06
3.58
17.04
19.09
17.39
10.5
3.13
7.29
13.98
4.11
13.02
16.94
14.71
8.28
10.76
11.35
15.35
15.53
7.77
2.53
-1.15
3.9
4.66
4.01
10.98
14.53
14.39
10.07
1.73
3.58
5.31
7.19
-4.07
7.4
9.36
-6.4
9.54
11.94
16.11
13.83
11.73
8.02
-3.28
6.52
13.13
16.5
18.09
16.05
12.44
5.92
-5.1
0.78
10.41
14.02
11.38
8.04
3.99
7.64
13.72
13.46
8.79
7.29
-0.29
4.73
9.32
3.61
-4.01
0.36
11.7
6.43
9.9
10.06
11.32
13.12
9.97
6.45
11.12
8.81
7.94
7.02
8.98
9.27
5.42
6.84
-8.34
3.94
10.38
12.78
11.31
10.25
7.7
7.84
8.03
-1.38
8.66
9.51
-1.3
8.73
9.65
8.34
19.78
21.78
24.22
21.42
17.38
21.56
23.57
19.13
0.4
23.37
26.83
21.83
16.02
16.78
1.76
18.08
19.17
19.65
8.64
22.1
15.48
21.44
23.65
25.66
23.45
17.76
19.31
10.6
6.27
16.59
17.87
19.57
19.76
12.47
21.95
5.07
20.23
17.84
10.77
5.13
17.26
20.99
17.65
19
21.62
15.26
-2.05
21.75
25.13
18.91
25.29
27.28
25.64
27.02
28.44
28.69
25.67
19.12
20.64
19.94
20.64
24.75
20.31
15.82
21.82
19.32
17.72
13.82
21.73
23.4
18.74
13.59
13.5
8.78
17.33
19.44
16.1
-5.33
19.53
26.54
27.82
26.45
26.59
27.18
24.57
15.6
6.19
7.29
19.24
23.84
18.13
16.49
21.97
15.41
23.93
21.7
17.05
22.29
20.5
6.76
20.54
21.2
11.21
14.33
12.35
19.4
22.81
20.18
16.88
21.91
19.79
14.29
23.69
23.67
19.15
24.84
26.35
23.94
25.23
28.25
27.24
22.27
20.62
17.67
22.59
25.96
24.45
23.83
24.18
22.16
13.11
18.86
22.55
24.67
24.98
22.68
16.93
18.96
18.26
20.64
17.1
13.24
21.18
16.37
20.77
14.23
22.48
20.6
25.34
13.17
24.34
22.91
4.86
21.49
19.59
8.12
19.7
21.56
16.81
12.24
19.91
22.25
24.94
21.46
21.74
25.27
20.03
16.91
19.39
25.56
26.89
23.4
15.56
16.08
21.97
26.17
29.95
29.2
24.87
16.94
14.56
15.84
19.28
24.42
21.38
8.56
17.26
16.69
15.18
19.04
19.42
21.93
22.01
18.19
15.81
17.59
8.93
9.34
5.53
13.77
18.84
19.48
26.83
26.75
23.99
24.09
19.97
19.76
10.05
8.8
13.92
18.14
20.08
21.62
26.88
21.85
22.06
24.9
21.5
21.63
21.95
23.23
22.34
21.35
19.31
-3.57
16.99
21.6
16.37
12.18
23.29
22.85
17.52
16.5
17.25
22.67
22.99
21.05
14.81
7.48
5.79
18.83
21.1
22.71
25.75
27.75
28.56
25.63
19.65
23.16
21.31
20.19
15.68
17.16
24.21
27.28
27.76
27.19
26.03
23.08
11.61
26.41
28.02
21.75
19.63
16.68
13.54
18.52
24.03
22.08
17.66
12.11
23.1
27.58
26.12
22.02
18.74
16.92
19.34
22.99
21.37
18.85
16.24
10.19
18.38
22.94
19.89
16.19
18.83
20.34
21.03
22.17
19.31
17.37
16.02
24.87
25.96
21.85
29.87
28.99
23.97
13.28
5.19
16.73
19.47
18.52
5.41
15.98
19.54
20.8
21.61
22.91
22.28
23.07
14.81
14.4
15.19
10.52
-6.88
17.49
20.52
16.3
11.66
15.09
9.52
5.39
19.73
23.13
21.96
16.5
17.95
19.14
15.71
17.05
17.27
17.55
15.76
14.16
10.72
11.56
12.67
9.19
10.29
15.93
19.89
16.93
14.08
13.7
17.59
11.27
16.17
10.66
14.71
21.31
21.08
14.88
9.6
11.36
1.29
16.21
15.59
9.08
4.6
-3.94
16.14
19
13.68
14.25
14.76
17.69
16.97
14.74
12.12
5.62
13
16.7
14.99
7.82
2.86
8.93
12.75
13.81
13.95
10.73
5.27
8.04
9.97
13.02
9.63
3.92
12.31
14.53
12.58
12.76
10.51
10.95
12.46
13.81
9.11
17.48
17.16
12.56
17.68
19.09
23.47
24.84
21.43
14.18
3.07
17.9
21.72
22.51
21.06
9.53
16.37
5.74
15.82
18.5
16.78
20.67
17.69
14.67
22.46
23.96
19.43
15.35
17.35
21.33
19.7
20.68
19.93
19.21
14.07
24.87
26.55
16.76
19.38
22.79
18.71
25.39
23
17.24
21
15
20.42
24.47
24.57
23.61
18.82
16.73
22.7
24.91
21.06
17.06
16.72
6.41
21.98
21.33
-5.96
17.52
22.27
19.4
15.7
19.65
19.17
22.73
15.89
18.84
23.52
17.74
13.38
19.7
21.36
20.21
14.99
19.9
10.62
22.62
20.64
16.23
20.86
15.31
11.43
7.83
16.29
16.72
6.82
14.63
20.04
22.98
21.27
18.65
25.4
25.26
17.52
17.9
16.86
22.04
24.48
24.25
19.06
1.43
23.45
24.17
20.04
14.97
14.05
21.87
22.73
11.47
15.29
5.63
20.35
27.61
26.47
21.31
19.77
17.98
10.67
19.62
22.93
19.56
9.82
20.89
23.73
20.69
15.4
5.75
14.39
15.72
5.77
13.6
20.56
20.58
10.91
11.64
15.06
16.54
11.24
12.75
15.23
17.51
-11.9
17.93
-1.41
14.38
18.85
27.72
27.27
19.3
16.28
17.42
19.6
22.92
25.36
27.41
26.51
20.1
21.47
19.06
14
12.08
4.36
-5.7
14.83
12.91
16.91
17.37
11.41
17.69
19.22
20.49
24.43
22.1
16.03
15.92
17.89
20.41
22.43
20.09
10.45
15.06
20.23
22.56
17.26
-2.61
-1.78
14.07
18.58
16.38
16.33
17.2
20.1
23.45
22.35
11.83
18.57
21.24
18.58
16.39
8.81
8.03
18.62
15.81
17.32
22.36
24.4
20.72
6.79
17.93
21.56
21.93
22.62
22.83
21.16
17.19
12.56
11.21
14.39
16.5
19
19.77
14.56
18.11
17.43
-1.04
20.35
23.22
19.24
7.19
13.59
15.95
20.97
19.11
11.72
18.81
19.36
20.89
22.22
23.05
22.69
21.48
18.58
20.05
16.44
-2.96
14.14
16.32
3.86
16.54
14.81
14.56
5.3
18.77
19.23
19.21
13.51
10.77
5.44
12.03
2.7
13.35
4.95
15.11
19.26
22.44
23.35
22.35
19.51
20.12
18.36
12.42
17.41
21.77
17.84
3.92
-6.99
-2.52
5.02
4.65
13.29
21.26
20.03
13.08
19.4
13.37
11.44
13.68
18.42
12.8
11.61
21.05
23.13
23.09
22.53
22.16
22.81
21.35
17.48
9.36
15.71
20.21
19.54
18.94
18
17.15
9.35
-2.68
18.63
24.52
24.84
20.07
10.15
10.65
9.43
10.11
17.33
17.82
15.56
11.72
3.71
18.67
18.41
22.33
19.45
-5.02
15.25
16.7
5.57
10.45
12.66
12.12
12.35
12.37
14.57
13.72
13.79
17.11
18.76
18.34
18.86
10.55
13.04
16.06
15.62
12.4
9.18
9.82
15.32
15.26
8.71
1.86
11.82
15.67
18.49
20.12
21.23
18.43
15.63
21.27
20.62
15.55
14.41
12.45
16.06
13.32
12.34
11.86
13.39
17.96
17.12
15.77
19.22
21.13
17.07
8.76
16.98
22.26
22.26
15.9
11.68
1.01
13.78
20.16
22.94
20.94
17.94
15.67
3.43
14.13
15.05
10.44
12.99
7.71
9.95
13.52
21.82
17.2
12.55
0.84
14.89
25.75
27.08
25.43
20.52
21.06
19.77
12.82
21.48
25.79
23.09
19.7
20.65
14.78
21.52
19.43
16.36
18.18
18.69
15.41
-9.57
13.96
19.83
12.14
9.46
5.15
21.25
27.07
27.81
25.79
23.97
23.64
19.9
12.99
4.61
20.29
23.17
21.64
18.2
19.15
19.48
19.8
23.05
26.27
27.07
23.25
19.28
21.57
24.39
22.78
16.34
10.03
14.43
12.85
16.73
17.93
20.59
20.35
11.93
13.37
21.16
25
24.78
20.18
16.57
19.28
22.62
23.72
23.23
19.9
18.7
23.22
24.76
22.88
15.9
2.27
9.26
18.02
20.72
10.49
16.54
16.88
14.97
22.52
24.41
20.11
15.29
10.96
11.27
9.87
13.48
22.04
22.25
20.79
21.75
22.05
21.12
14.9
20.52
24.98
25.41
22.3
11.25
16.39
19.21
12.68
18.45
21.56
23.39
22.45
17.18
3.49
17.97
15.52
12.81
22.22
24.1
21.68
21.15
21.04
21.26
14.58
20.58
22.29
-0.31
22.19
22.3
20.06
25.26
22.96
22.24
31.98
34.46
28.93
11.48
19.85
22.67
23.21
24.16
22.72
24.37
29.94
31.54
28.97
15.68
22.89
24.29
17.81
15.79
21.87
22.96
17.41
27.6
25.45
21.96
32.12
32.96
26.67
13.56
17.3
17.87
11.08
15.46
23.7
24.61
16.34
22
24.02
25.28
25.04
22.15
16.44
10.44
16.93
24.83
20.65
35.09
36.83
29.72
15.7
13.28
3.86
19.28
24.31
22.4
12.96
23.66
25.84
19.85
15.46
18.95
21.45
17.11
3.85
14.07
14.59
7.73
15.07
10.67
16.53
24.21
24.21
20.61
14.4
22.98
40.16
45.67
42.33
29.5
17.01
15.77
18.58
21.69
14.43
12.99
9.8
14.15
22.18
17.52
21.15
23.66
16.33
22.98
25.09
25.12
25.37
24.87
27.33
38.49
41.02
32.81
25.12
25.49
21.89
21.11
22.32
19.5
9.68
10.08
15.18
21.74
22.27
21.67
20.95
25.47
26.03
24.28
24.28
26.65
26.86
24.18
27.43
22.37
20.07
23
22.58
28.11
41.23
44.77
39.46
23.94
30.71
27.81
24.48
22.74
21.37
21.24
21.32
15.83
27.02
30.26
27.16
17.81
23.47
22.86
15.85
14.01
19.94
21.12
15.54
17.32
25.18
25.84
23.08
18.66
9.49
36.61
46.22
46.27
36.67
13.91
16.35
20.88
24.17
24.57
7.38
22.94
21.7
21.67
9.49
16.87
19.12
18.43
22.47
27.15
28.79
26.91
24.74
18.14
12.31
23.19
25.07
21.48
17.59
25.39
26.58
22.72
23.71
24.44
24.51
26.83
24.09
17.1
22.04
23.41
21.29
20.56
21.38
25.58
26.67
23.86
19.18
18.82
23.17
24.23
24.89
23.61
22.79
35.84
44.2
45.2
37.45
23.71
3.55
18.29
20.13
9.28
24.83
25.75
23.54
17.53
14.13
25.57
26.99
25.56
23.37
16.71
20.55
19.75
20.68
21.86
17.63
6.16
16.01
19.66
23.3
21.83
13.96
9.21
19.18
22.32
19.81
16.93
19.33
20.11
18.99
17.6
18.46
19.3
18.19
19.41
21.31
22.33
27.28
29.43
23.21
19.58
16.02
17.24
20.21
17.31
24.5
25.12
21.09
16.11
14.85
19.81
22.56
22.83
22.02
25.48
26.25
24.53
20.09
1.47
21.05
30.2
29.11
18
7.45
16.2
28.6
39.12
39.88
31.77
20.61
14.4
13
21.67
23.03
22.67
33.27
38.29
35.77
29.11
30.31
31.04
27.65
27.98
36.82
37.73
27.92
13.22
22.43
25.96
19.64
7.12
16.02
17.7
18.8
23.53
27.56
33.71
32.59
28.33
24.79
18.97
22.24
23.92
20.92
19.54
22.21
32.38
34.2
27.75
18.03
21.33
16.84
17.13
22.6
19.31
18.57
22.09
17.41
23.78
19.01
22.02
23.96
10.82
17.53
23.38
22.55
19.64
28.87
27.16
18.35
13
21.54
15.56
23.72
31.86
33.75
27.28
27.08
31.39
27.94
21.97
15.04
27.4
44.3
50.88
48.33
35.37
24.36
9.54
22.44
21.78
27.36
41.93
49.11
47.52
35.07
16.8
15.42
18.74
18.72
27.47
26.71
24.31
27.4
25.71
27.33
29.99
25.77
20.69
23.79
24.56
14.19
23.34
27.7
19.07
23.09
21.73
15.23
23.19
22.21
15.55
17.65
20.56
31.4
33.09
27.63
19.47
22.79
26
29.43
31.99
29.37
22.35
28.8
30.34
30.05
27.08
23.47
14.9
22.29
21.23
16.09
19.4
18.33
9.02
18.17
13.92
14.78
28.17
29.25
10.44
22.6
27.86
23.95
19.41
21.3
11.31
13.95
22.67
22.62
29.37
24.6
24.89
29.25
27.71
27.82
19.17
20.6
13.85
23.43
24.91
25.12
23.94
18.41
17.4
23.01
26.65
23.11
23.65
23.83
28.17
30.27
26.01
22.4
20.15
3.09
25.27
30.26
27.24
27.47
24.22
22.86
25.64
27.83
23.03
30.08
33.07
32.24
27.88
22.81
19.97
25.44
27.82
21.49
17.23
15.16
24.19
25.77
16.1
9.72
22.61
28.32
24.09
14.14
16.9
22.88
31.23
31.5
28.37
27.14
26.67
24.72
27.96
27.92
23.08
18.19
26.07
23.51
25.45
28.29
26.02
21.26
24.49
30.78
33.16
28.6
17
24.58
26.36
27.67
23.07
11.31
13.36
12.34
15.57
19.8
22.96
30.86
32.67
28.15
19.94
17.26
19.72
17.54
18.58
11.28
26.41
29.86
28.89
26.91
26.42
26.33
25.34
23.62
24.93
21.29
23.2
25.44
25.09
27.35
25.63
19.31
23.6
29.13
26.64
16.38
24.63
23.77
24.71
25.01
22.37
22.79
15.26
15.8
-0.69
19.67
20.47
13.12
23.65
26.15
26.26
26.87
27.89
23.84
11.96
18.96
20.6
10.3
23.13
26.13
29.92
24.84
25.02
21.69
22.63
28.55
26.2
18.14
19.55
24.01
29.05
29.07
25.03
20.98
-0.49
18.52
14.99
22.33
25.43
24.53
17.52
13.76
12.06
21.91
27.33
26.36
19.62
8.95
15.79
19.45
16.99
19.23
22.03
21.97
17.31
11.5
18.03
19.48
5.93
15.27
18.99
22.66
23.63
23.94
28.5
29.79
23.21
16
17.91
15.23
8.45
21.62
23.15
23.08
25.11
23.5
22.41
24.67
25.12
20.11
20.17
25.99
25.28
25.78
26.49
23.47
14.74
16.9
14.34
10.56
5.45
19.06
24.56
23.79
18.25
13.95
12.79
22.67
25
21.67
17.83
16.45
17.63
21.38
22.17
19.64
14.99
15.25
17.73
18.78
25.86
26.37
20.7
18.2
14.77
25.55
29.55
25.68
26.78
27.78
17.03
23.53
26.72
25.9
21.48
17.08
21.69
19.29
25.88
22.99
16.68
20.14
12.17
12.1
25.31
30.82
27.58
18.77
25.72
19.15
15.99
20.74
21.87
16.37
18.6
19.63
12.18
19.74
17.97
25.1
26.07
18.65
28.53
26.31
24.77
20.61
19.83
13.19
21.4
21.47
13
25.98
25.38
23.29
25.78
27.07
25.3
21.54
27.74
27.38
24.67
22.28
23.05
20.92
9.07
21.84
5.95
29.08
29.73
21.61
27.19
23.47
14.13
18.11
22.74
25
5.86
24.63
23.79
15.87
24.46
23.2
32.75
31.37
30.48
29.79
16.82
22.97
25.59
24.05
23.42
22.42
21.96
17.91
21.48
26.41
23.02
17.62
20.8
22.42
23.21
21.11
14.1
23.18
27.49
24.17
18.22
26.74
21.78
23.91
24.87
17.76
14.32
22.54
26.66
28.62
26.71
21.36
-12.48
21.68
25.33
18.7
24.97
25.86
18.6
20.48
26.68
25.5
16.31
27.81
29.98
25.39
23.84
22.04
11.02
18.18
25.72
29.1
26.67
18.07
22.23
24.47
20.06
17.03
24.4
17.12
24.16
26.67
24.07
12.96
23.38
25.71
23.53
22.62
23.96
25.26
22.9
21.48
28.45
28.23
26.51
25.8
22.52
10.1
18.21
29.54
29.86
20.06
22.47
27.11
22.74
14.34
19.36
8.89
21.58
20.71
25.12
23.67
16.55
9.31
14.39
23.72
25.67
24.28
22.77
15.22
16
21.89
22.31
9.42
18.13
21.26
11.43
25.77
28.3
25.37
20.91
20.07
23.21
10.76
25.55
27.34
27.3
23.91
18.03
16.54
16.61
28.64
29.85
24.61
23.37
20.1
13.55
16.25
21.65
20.21
13.87
13.18
16.24
19.64
22.93
22.1
16.2
27.24
27.29
14.33
21.84
27.01
29.15
26.93
23.79
17.93
7.53
16.12
15.66
22.75
26.76
25.53
22.03
21.62
23.15
23.16
24.91
26.81
25.18
16.06
14.22
7.27
18.14
18.93
22.67
22.22
18.46
16.28
23.13
12.15
13.08
5.4
8.79
10.41
0.9
11.45
16.94
18.98
15.1
7.48
17.19
17.04
7.95
16.72
21.09
22.74
27.13
27.78
22.94
16.41
17.3
19.19
14.55
18.65
20.42
17.97
18.85
24.64
27.02
23.6
16.8
16.87
10.53
5.44
17.3
25.55
26.82
24.7
23.12
23.53
25.06
22.85
18.83
13.85
9.16
13.52
13.96
10.95
10.61
18.54
21.27
17.68
17.44
18.3
16.31
22.95
24.13
19.06
18.88
18.77
8.97
21.25
21.25
0.18
20.95
12.92
23.43
24.79
25.55
26.18
22.29
18.78
18.56
19.68
19.58
20.09
24.81
27.57
21.55
14.54
16.07
20.26
20.98
13.99
20.95
19.7
1.06
19.55
22.13
21.69
16.41
1.02
13.29
13.58
17.8
25.51
24.66
15.65
8.56
14.87
7.98
12.26
20.05
16.59
16.93
21.09
15.51
9.55
14.74
20.5
15.86
13.33
13.46
4.58
15.79
17.95
17.9
17.28
21.26
21.14
6.44
13.64
9.12
13.86
16.49
23.88
21.07
10.59
15.92
21.51
20.09
16.04
22.05
21.77
17.44
22.32
22.52
20.82
19.46
15.99
0.86
19.61
23.13
17.26
25.13
25.06
17.52
20.99
14.71
16.83
18.65
17.67
18.92
20.44
22.93
26.17
26.63
25.69
24.09
17.9
7.86
13.66
19.56
24.52
23
17.43
19.11
20.61
22.93
16.75
12.97
20.41
10.92
21.79
26.85
24.02
19.77
20.23
20.8
25.42
24.19
18.83
24.93
26.58
26.42
24.81
18.57
13.43
17.26
19.84
23.46
18.52
12.26
18.37
21.11
25.26
26.86
25.44
23.88
19.86
17.8
15.12
14.98
19.49
22.22
21.74
17.71
10.77
6.19
17.66
23.32
19.89
11.02
14.42
16.48
14.7
14.27
17.56
19.23
14.72
10.92
19.83
24.67
24.87
19.62
1.73
19.96
24.82
22.42
17.97
21.07
20.56
21.85
23.94
20.86
18.89
20.28
3.1
9.07
20.71
20.13
-2.83
15.82
22.11
23.13
4.86
23.36
25.37
15.85
23.71
26.09
19.38
18.27
17.1
6.49
13.55
21.16
23.74
24.61
26.25
27.67
23.08
14.87
21.27
25.39
21.32
17.38
24.78
25.98
19.15
11.84
19.67
20.86
12.44
23.44
19.98
20.75
22.68
21.97
17.23
10.25
10.97
22.86
23.25
25.48
27.12
24.59
19.27
23.18
16.21
11.49
17.83
31.42
36.04
30.85
17.08
23.76
25.31
24
23.6
25.02
23.27
18.52
8.44
18.14
18.84
16
12.97
20.92
22.14
13.86
9.15
21.2
24.14
19.87
15.35
15.21
13.84
14.48
15.08
16.12
20.45
23.11
24.7
25.17
23.22
18.75
15.36
8.95
16.64
17.46
16.11
9.84
22.97
23.95
17.21
11.88
15.35
18.66
24.72
25.15
18.92
12.64
19.17
22.58
20.6
17.17
13.96
3.55
14.85
22.02
19.78
20.35
23.54
20.26
14.38
11.7
11.9
12.95
17.45
11.26
19
23.06
21.13
10.83
7.59
15.94
18.09
19.5
21.99
20.61
16.69
17.71
18.25
18.69
13.25
18.11
20.4
13.12
16.87
18.12
18.83
20.13
16.42
14.86
9.02
18.23
20.57
19.41
14.02
5.88
17.7
20.29
12.33
2.49
20.29
25.55
21.59
22.31
16.41
20.89
20.63
10.96
6.31
11.03
15.04
21.45
22.49
15.94
6.69
-6.59
12.6
20.34
21.54
18.13
15.77
17.78
15.3
16.03
19.79
17.88
17.32
13.71
17.55
19.88
17.43
18.71
15.77
6.68
11.88
23.03
24.38
20.35
16.85
10.37
13.53
19.45
21.19
22.76
20.84
16
17.47
19.29
17.55
19.91
20.81
11.65
8.25
8.4
17.66
12.53
14.33
20.53
21.74
22.64
18.83
13.51
22.39
21.61
16.01
2.56
13.87
20.52
21.48
20.01
21.16
18.6
22.67
14.95
16.92
11.55
18.81
20.07
15.24
10.89
17.74
21.55
20.13
19.06
19.22
18.99
16.55
14.48
11.25
18.04
22.24
23.44
21.09
19.97
20.96
20.12
17.37
19.19
23.06
24.66
23.32
16.59
22.63
21.82
16.35
8.85
21.99
21.35
15.95
11.62
5.42
12.42
16.05
1.24
16.41
15.17
10.7
12.46
8.32
9.4
7.89
10.08
10.83
15.3
18.48
19.26
17.34
15.02
16.13
12.77
7.4
19.68
21.1
17.95
19.74
17.27
16.44
19.84
20.8
19.01
10.38
-13.45
15.86
12.96
7.14
14.35
11.89
17.99
19.2
15.55
-0.67
15.79
13.51
12.01
12.11
10.08
19.39
18.19
12.81
8.6
13.44
13.46
2.13
10.2
7.72
10.48
13.91
14.35
12.51
11.52
9.48
13.04
14.2
8.28
6.16
8.2
5
14.68
16.2
14.37
11.53
18.72
21.64
20.7
19.28
19.18
19.97
19.07
20.42
19.53
16.82
14.13
11.38
12.46
6.52
10.91
15.08
12.24
15.5
15.72
6.37
1.3
7.67
15.07
16.74
16.74
14.77
13.92
8.53
7.85
16
19.38
20.51
18.62
13.88
6.89
17.62
18.58
22.27
24.34
23.43
18.63
12.42
10.59
10.98
17.43
22.1
19.39
5.44
7.01
7.27
9.47
8.54
6.05
13.92
20.01
21.76
24.21
25.41
22.36
19.62
15.27
17.05
19.81
16.8
14.95
10.9
8.07
17.57
19.75
19.14
12.71
-1.31
6.12
12.16
12.39
14.49
13.31
6.4
12.08
14.87
12.23
17.2
14.72
14.55
18.19
19.28
18.29
16.58
17.71
17.57
14.8
18.87
16.95
3.23
14.54
14.66
14.27
16.47
16.33
14.48
14.94
12.84
-1.6
12.8
17.42
18.18
16.23
14.33
14.62
12.31
12.21
10.03
14.35
14.77
5.93
6.57
13.37
17.28
18.11
18.37
19.76
18.29
12.92
10.42
9.76
2.15
12.62
15.19
11
15.07
14.57
11.54
6.78
8.92
2.61
10.6
13.58
5.49
6.2
8.35
11.88
9.05
10.67
2.34
9.9
12.56
1.26
11
12.5
16.32
18.3
21.67
22.63
18.35
8.54
9.01
15.95
17.76
15.63
7.65
9.31
18.59
19.9
20.28
20.92
17.97
9.51
12.78
19
15.08
-14.51
9.22
19.76
22.49
17.87
11.43
14.36
17.24
16.71
13.6
14.32
15.68
10.36
10.22
16.65
19.45
18.09
14.19
13.58
14.98
19.73
23.39
23.49
19.7
18.1
12.1
11.07
11.04
5.61
13.9
12.24
12.01
10.66
13.55
15.97
10.22
2.73
7.69
14.77
17.32
18.5
18.25
17.65
17.46
13.98
11.32
17.04
14.92
10.47
12.71
10.72
11.52
10.01
4.59
14.34
6.78
13.14
12.15
15.91
18.85
14.56
6.39
1.86
1.11
14.14
20.79
23.78
23.76
21.5
16.95
12.58
15.7
15.98
6.52
16.43
14.8
9.24
0.42
3
7.42
2.49
13.03
16.06
19.2
21.57
22.59
20.99
18.4
13.01
6.64
16.09
22.88
24.64
21.99
18.11
16.14
14.35
17.6
16.1
13.57
7.19
19.96
24.42
23.29
14.34
18.82
22.14
16.19
3.77
1.8
13.4
16.05
19.79
23.32
20.38
14.82
3.22
12.67
13.42
3.03
14.18
21.14
20.68
15.56
19.25
20.4
17.8
9.19
18.91
22.15
18.59
17.87
20.36
17.4
-3.15
13.11
13.55
5.93
10.19
15.47
17.28
15.42
16.97
19.05
18.51
15.01
10.63
13.46
12.38
14.88
14.43
13.23
20.8
22.04
18.22
12.87
13.97
17.83
19.15
16.14
11.74
10.21
16.29
18.5
12.66
1.2
14.57
15.73
14.7
14.65
9.61
9.44
-7.62
12.07
10.71
16.08
16
6.39
14.56
16.16
14.86
11.81
10.52
14.39
16.13
12.11
12.21
8.85
5.15
-3.56
11.92
14.67
13.03
6.77
0.78
3.51
10
14.15
11.6
11.56
17.36
13.03
-0.44
8.76
15.83
5.5
15.56
16.61
5.67
10.9
16.23
22.04
21.75
13
7.05
14.01
17.33
19.77
17.73
14.23
13.12
14.67
13.48
18.72
23.03
23.12
16.48
6.34
9.76
19.42
24.85
26.65
25.04
21.48
16.31
10.4
13.63
11.47
16.25
18.98
11.67
17.95
18.18
5.24
20.35
16.58
7.97
8.86
11.76
18.23
16.38
16.31
13.16
-1.54
-0.69
5.48
14.1
18.36
21.45
23.08
22.37
19.88
14.49
9.25
10.99
14.7
18.34
19.36
18.05
21.07
23.4
25.37
23.04
5.08
11.77
2.38
8.23
18.76
19.06
16.32
7.72
12.61
13.51
13.47
8.33
2.84
13.18
10.14
8.98
1.84
15.44
14.76
18.35
21.79
18.33
-2.54
12.09
17.56
19.46
18.35
8.83
15.44
15.45
8.88
17.9
17.07
14.71
12.21
16.38
16.36
12.49
10.47
19.78
23.72
21.73
12.52
6.16
13.57
15.33
17.07
21.53
23.25
23.12
19.19
15.16
17.13
16.37
8.96
15.88
19.39
13.35
15.21
19.51
18.58
17.49
14.08
16.65
19.68
17.61
15.39
3.45
5.28
7.15
12.28
14.19
20.96
18.59
14.35
17.17
15.53
18.37
19.55
6.69
20.08
20.89
14.69
18.26
23.64
23.97
21.86
24.55
24.4
16.46
6.74
13.96
15.1
16.12
11.31
18.32
22.61
22.58
21.15
15.88
10.67
16.44
14.85
17.92
25.48
23.49
17.11
17.07
18.24
21.33
13.26
19.71
19.13
17.96
14.92
2.18
12.04
23.02
26.32
26.09
23.5
19.16
8.61
19.61
22.84
21.02
18.59
20.33
23.46
18.65
18.53
21.93
4.99
16.41
16.31
13.01
13.27
12.83
11.1
14.17
15.05
17.22
21.58
22.52
17.73
14.49
18.1
15.61
14.9
16.56
17.46
21.19
25.33
25.29
17.33
20.01
-4.3
19.04
14.13
19.04
23.99
21.66
16.04
14.28
18.14
23.57
26.7
28.05
26.41
21.92
18.07
12.61
15.92
17.12
15.05
18.18
19.54
12.06
18.54
20.87
18.87
20.53
12.1
17.31
20.52
20.61
17.81
18.47
16.81
14.6
17.17
21.35
18.47
9.65
16.4
18.74
20.04
15.36
15.36
23.94
26.09
22.47
12.82
15.25
11.32
10.01
16.91
15.35
7.67
14.29
0.16
16.56
20.67
19.47
17.91
20.1
21.16
20.81
21.09
18.23
11.89
19.59
23.82
24.18
22.48
21.29
18.27
13.45
16.61
16.68
16.47
15.99
11.43
18.76
17.26
13.6
15.84
19.38
20.97
21.75
18.44
11.95
2.6
17.71
20.22
18.19
15.8
13.8
13.43
14.79
19.38
20.8
16.72
16.79
17.95
17.55
16.89
20.07
18.36
6.84
20.04
17.82
12.49
16.19
16.79
12.19
12.15
15.51
5
18.95
20.81
19.51
20.67
17.95
12.09
18.54
15.27
0.62
7.07
14.75
17.56
16.3
14.71
13.54
12.72
17.76
22.34
21.97
15.88
9.33
16.78
10.89
12.16
20.95
23.08
21.52
16.64
-3.05
13.79
17.88
11.76
13.29
18.75
19.49
15.51
11.3
16.19
16.85
2.49
16.8
16.41
15.87
8.87
-2.28
6.33
3.71
9
14.94
10.92
13.53
17.09
15.2
2.45
15.11
11.68
11.48
5.47
9.73
13.97
15.21
15.25
6.55
8.6
11.01
10.08
13.18
12.9
6
17.33
17.69
15.25
12.02
9.59
2.93
3.56
-4.26
13.33
17.13
13.34
10.94
17.27
20.23
18.99
11.96
4.08
13.25
16.89
12.02
11.87
17.07
13.83
14.68
11.45
17.14
20.9
19.4
17.93
13.09
8.28
16.82
18.43
12.7
14.13
13.19
15.12
17.73
16.25
12.91
-5.76
15.51
16.09
16.25
17.41
16.45
14.12
18.47
18.08
14.77
14.06
8.91
12.71
17.34
15.57
10.34
13.53
13.14
11.93
13.5
9.54
-0.18
14.06
16.93
10.69
11.6
16.9
18
19.46
15.46
13.4
13.49
12.17
14.5
14.38
-18.7
11.41
-1.04
13.36
14.71
-2.3
12.45
14.95
16.26
17.95
17.35
11.31
11.45
14.67
5.4
12.69
12.7
10.69
13.97
14.6
12.56
14.89
16.79
11.87
18.83
15.48
0.52
8.3
-0.99
-5.42
11.47
17.68
16.4
11.14
10
4.6
10.79
-8.52
12.26
9.52
13.79
14.47
10.22
6.26
-17.85
6.4
15.4
16.89
15.46
19.04
18.23
16.1
16.02
13.86
10.23
17.06
18.09
10.17
8.72
12.54
15.5
14.62
3.29
0.47
12.29
12.16
7.78
13.31
15.88
12.55
0.56
12.98
14.93
16.14
15.93
11.51
7.97
14.8
19.37
20.57
14.19
13.37
11.27
13.15
13.77
-1.28
13.15
19.74
22.27
21.34
17.95
18.34
16.99
14.07
15.62
17.33
13.68
12.27
14.65
14.37
13.78
14.89
12.12
14.4
13.83
20.02
18.82
9.03
12.79
14.3
13.68
14.61
16.01
12.49
-0.94
13.11
10.69
1.58
3.79
9.27
9.66
16.3
12.5
11.12
5.61
-2.77
8.74
5.82
-3.16
14.84
18.25
12.21
7.69
13.33
6.06
14.64
18.91
17.55
14.39
15.02
13.84
8.78
14.92
19.02
15.62
13.41
16
17.23
17.95
18.5
17.44
2.14
10.96
15.93
16.53
14.9
10.73
16.93
15.14
17.71
19.83
15.77
15.95
13.89
14.51
17.5
17.98
17.47
13.76
3.24
13.22
20.56
20.96
14.5
7.22
9.5
11.92
-1.64
13.84
15.24
15.33
11.8
7.79
11.09
13.91
12.71
13.26
19.18
17.26
15.19
4.79
6.24
8.01
14.99
15.2
11.29
10.54
3.78
14.39
18.35
14.23
17.33
21.85
20.42
17.1
14.66
3.57
16.49
17
16.45
11.39
9.08
10.64
15.08
14.14
13.35
-7.18
11.89
9.84
11.21
13.93
13.92
10.74
10.76
13.46
16.69
10.11
8.54
10.71
16.47
16.1
13.6
12.3
16.22
15.39
11.88
14.13
13.48
-2.18
3.59
-8.01
9.18
16.35
17.55
16.43
13.98
13.63
10.11
10.32
14.2
11.94
10
6.24
19.8
19.11
8.45
8.13
6.94
7.26
9.58
4.93
11.19
9.3
-3.76
5.13
13.18
11.36
-1.77
12.31
11.57
6.43
3.25
6.14
12.81
18.18
19.46
17.07
15.85
14.48
7.91
5.08
-5.26
3.28
10.97
15.71
15.3
11.66
2.98
-5.24
9.22
14.57
10.17
11.32
9.43
10.56
16.53
19.32
15.43
6.86
10.13
12.52
11.01
10.93
10.29
6.09
1.4
7.63
9.5
13.08
13.89
15.91
15.18
5.8
11.1
9.84
11.87
12.91
5.24
7.33
15.21
15.46
11.8
14.03
15.73
13.9
11.41
10.54
5.01
8.56
8.36
2.13
7.41
16.03
19.11
18.38
11.21
4.67
-6.27
9.12
9.98
5.89
-9.66
6.35
11.21
13.74
11.28
5.62
9.04
14.21
15.47
15.13
13.5
13.92
8.06
16.48
14.67
10.13
13.03
7.04
-1.3
7.1
2.27
-5.66
2.37
9.31
4.22
11.05
16.34
16.25
13.41
11.44
9.22
-6.55
13.61
16.7
14.09
10.55
7.4
2.29
5.69
10.57
11.66
10.85
14.34
15.2
15.74
16.03
15.13
12.16
6.22
9.96
11.82
12.86
17.16
17.44
15.07
16.98
18.61
17.23
13.8
6.28
4.97
8.13
11.37
12.35
15.49
17.44
10.48
11.7
12.99
5.42
7.76
15.77
17.57
8.48
6.66
11.78
13.12
10.78
13.57
15.99
14.44
10.67
0.52
6.33
14.24
12.65
5.88
12.46
15.65
12.42
8.47
14.11
12.53
12.09
11.3
13.36
12.88
11.67
15.19
18.3
17.09
13.18
7.32
-4.42
9.17
4.31
14.95
16.44
14.35
13.89
9.63
6.03
12.23
9.38
14.64
15.8
13.65
17.67
20.32
15.95
10.7
11.83
1.75
8.01
8.9
4.72
13.53
10
4.8
6.19
14.85
16.59
16.88
16.88
10.55
8.33
8.95
4.23
11.2
12.81
7.28
4.25
9.01
12.84
13.34
11.41
15.17
17.11
18.15
18.36
15.64
6.91
11.54
7.08
-2.94
-4.64
8.08
13
10.83
-4.57
15.73
19.73
15.68
8.94
13.22
15.28
10.95
10.65
6.52
8.7
16.48
15.56
4.67
4.39
12.5
13.32
13.92
13.79
12.32
12.39
15.19
14.48
9.48
1.31
4.42
13.24
15.86
17.11
15.98
12.97
18.19
16.59
12.15
8.98
12.14
11.66
1.78
14.1
13.34
9.94
7.68
5.06
8.22
5.16
9
16.28
15.35
14.34
15.47
13.24
8.14
10.56
18.29
16.34
13.28
12.26
16.03
16.93
16.32
16.43
12.87
8.12
0.21
3.62
9.05
14.65
12.48
5.94
12.6
18.27
20.31
18.61
13.12
9.12
11.36
13.91
16.61
18.77
16.98
13.99
10.8
3.58
-4.56
2.3
8.76
-3.16
9.89
13.07
8.87
7.7
11.99
9.84
9.67
15.99
15.24
9.98
8.77
12.03
8.44
9.69
16.02
15.09
3.42
11.78
5.66
-7.05
11.76
13.99
9.07
5.46
14.56
17.32
17.64
9.77
15.74
10.96
12.6
17.8
13.49
3.75
11.22
8.97
10.19
17.72
17.65
-3.26
10.65
12.91
14.23
8.88
6.15
7.43
9.14
14.78
17.19
11.75
13.74
9.4
5.6
15.29
17.66
15.14
10.46
8.98
7.08
5.93
5.81
8.33
7.53
5.98
6.79
8.67
9.27
2.02
6.64
14.43
20.11
16.76
10.77
13.85
17.42
17.84
13.88
-0.77
8.88
10.87
13.46
14.68
8.04
5.42
12.86
15.01
17.1
14.95
13.93
14.89
11.78
-3.08
-4.39
2.01
7.9
13.64
13.09
12.64
10.55
10.03
14.33
9.75
9.89
-0.4
13.34
14.19
16.07
17.54
12.45
16.88
14.63
8.37
5.53
4.49
9.42
3.05
14.17
7.61
4.98
13.22
15.14
11.7
-11.18
1.96
6.97
10.08
7.08
1.21
9.91
13.45
13.44
9.46
13.04
13.74
7.44
10.24
18.02
15.97
12.12
15.19
17.05
13.77
13.92
14.69
6.95
13.76
12.28
3.13
10
11.63
17.75
20.32
13.98
7.25
16.25
19.51
18.25
14.74
12.95
13.51
12.95
12.69
13.21
7.05
10.46
17.93
17.29
3.81
11.54
10.64
7.65
5.07
10.76
16.43
17.8
16.82
9.15
12.59
14.42
-3.15
11.74
11.73
5.7
11.7
1.38
10.56
2.92
9.88
5.42
9.67
11.3
4.56
8.66
6.84
0.88
1.79
2.85
1.93
12.14
6.88
8.27
10.25
12.16
15.63
15.6
15.5
18.05
18.79
20.5
19.13
13.74
11.19
12.19
14.32
12.37
5.71
14.46
15.7
15.73
13.01
9.02
4.91
14.26
14.59
10.16
15.97
16.89
11.66
8.88
10.79
13.97
17.89
18.51
17.37
16.8
18
16.46
11.34
10.42
13.36
13.29
12.59
16.65
17.38
16.93
18.53
14.66
7.67
6.12
5.53
8.01
10.95
11.95
14.2
12.84
10.44
10
6.46
-0.14
11.29
9.4
12.95
13.77
10.89
-0.07
-5.5
6.49
10.3
7.83
5.73
4.63
5.52
8.11
13.45
16.35
12.39
11.13
11.09
4.47
10.43
9.78
2.53
3.35
2.72
14.34
16.25
11.05
8.82
2.53
5.34
13.44
17.64
16.89
13.88
16.1
15.48
12.04
12.28
13.36
2.2
12.5
13.6
6.22
0.34
9
11.59
4.99
19.8
16.22
3.21
9.02
3.9
10.42
9.73
7.05
6.98
7.09
-2.73
5.16
4.4
13.29
6.5
13.09
16.45
13.29
11.01
11.81
-2.5
8.65
6.72
6.54
10.59
5.44
11.45
14.52
14.29
16.68
16.73
9.89
4.64
3.37
3.66
3.53
-10.58
6.81
14.15
15.4
7.91
8.09
6.6
-4.18
7.55
12.82
8.32
5.29
5.82
11.42
12.23
7.33
4.78
6.34
6.69
11.14
9.47
1.82
8.03
9.84
12.4
13.35
14.41
10.37
-0.94
9.06
11.25
8.81
9.02
9.91
2.86
12.92
11.98
11.86
8.04
10.8
13.93
-4.52
15.68
16.65
9.41
6.87
5.18
-1.72
7.79
13.18
16.15
16.35
11.66
7.68
10
12.17
16.22
16.43
12.91
2.49
5.86
2.63
7.93
10.86
4.38
-5.49
6.4
3.28
5.4
9.48
0.73
1.12
-0.37
6.89
8.27
11.46
14.07
10.61
7.19
9.14
13.8
13.58
9.13
7.24
12.63
12.19
14.42
7.78
10.88
12.29
15.03
10.07
8.61
16.27
16.66
13.51
-0.46
12.23
11.85
10.4
10.75
13.57
18.08
19.82
17.69
11.29
-9.53
7.03
14.72
14.92
12.63
12.76
4.5
4.38
13.8
16.4
13.72
6.61
3.72
4.28
13.65
14.72
13.79
9.2
2.71
3.82
5.71
9.05
13.82
8.8
8.33
15.1
10.31
-5
6.9
16.14
17.38
15.94
16
15.82
8.64
9.29
13.73
9.04
5.98
17.39
20.39
16.78
4.29
14.84
11.67
10.19
9.82
8.89
6.71
11.54
15.61
15.54
15.35
15.56
15.03
11.78
10.76
8.27
0.97
7.47
-4.68
7
7.32
-5.35
-5.5
13.14
18.19
19.07
16.68
8.44
2.56
12.32
15.72
16.17
11.91
4.43
11.45
12.19
8.9
8.37
15.1
14.85
7.26
6.31
11.29
10.71
12.76
11.03
-3.68
-2.5
7.94
14.53
11.97
7.02
10.58
12.77
10.96
7.56
9.43
16.37
14.66
0.94
8.19
3.37
-1.54
9.78
11.43
4.76
6.54
12.05
13.8
15.74
15.45
9.77
10.84
6.49
11.36
8.64
10.68
18.29
17.24
10
7.68
14.45
8.2
0.94
5.39
10.87
12.2
8.89
-0.91
7.52
14.97
16.01
11.06
0.97
-5.71
5.5
5.53
2.16
-7.76
15.13
19.85
19.7
19.41
19.51
16.52
6.51
-0.41
5.43
8.74
10.26
2.52
5.66
-2.44
6.06
8.56
0.33
9.92
12.29
11.99
7.15
13.41
14.75
16.92
17.79
17.76
18.41
14.3
10.05
11.85
10.04
5.13
1
-3.2
-3.78
-5.7
-6.84
3.56
8.36
9.8
8.08
-0.54
0.77
8.46
13.24
8.4
9.76
8.75
11.25
15.95
13.96
10.89
-0.07
8.42
11.44
1.56
6.53
11.45
12.1
-0.22
3.39
3.72
9.4
6.07
-4.17
-13.31
6.21
9.72
15.86
15.19
7.8
6.4
11.5
8.03
-0.35
9.15
15.34
11.96
4.11
5.83
0.08
6.33
2.55
12.29
11.42
6.12
9.83
12.08
14.39
17.23
17.38
16.51
17.08
12.44
6.28
12.23
14.16
13.2
7.69
8.3
9.39
7
12.58
10.04
6.28
13.75
14.39
12.63
12.01
-7.62
9.57
12.88
10.88
0.56
12.63
15.03
14.34
-3.39
8.6
5.69
9.15
9.33
13.04
14.02
10.04
7.08
6.59
15.28
16.94
19.79
16.36
9.84
3.17
13.6
15.78
10.4
8.94
15.28
12.22
7.47
14.82
11.69
5.78
9.31
17.93
19.51
11.86
11.28
7.41
6
14.44
16.02
12.31
13.01
15.11
10.1
5.44
9.7
9.5
8.89
3.92
7.92
12.61
12.13
11.6
12.1
7.77
6.07
9.78
2.98
8.04
15.39
15.31
10.43
11.4
8.37
3.42
-6.03
8.15
2.58
8.94
6.88
13.62
13.85
17.02
15.28
9.53
11.7
15.05
15.38
14.06
4.7
11.79
15.9
14.21
5.64
6.37
9.81
15.08
5.14
8.01
6.63
7.62
6.82
6.89
7.57
9.56
7.61
12.04
2.75
8.23
10.51
14.3
13.33
4.59
10.02
12.99
14.8
10.8
2.66
12.76
13.28
5.55
5.78
11.1
6.22
8.76
15.18
16.63
11.7
-1.63
7.45
5.58
12.23
15.89
15.93
12.88
7.64
4.76
3.99
8.6
6.83
-0.04
-4.49
-0.07
5.93
10.87
10.82
17.13
16.25
12.4
7.57
12.48
7.82
12.44
15.67
14.7
12.01
9.29
4.19
10.75
9.23
6.42
10.76
5.87
10.01
7.76
2.99
-0.5
14.01
16.22
12.37
7.11
12.15
11.8
10.96
11.41
13.16
12.56
6.89
10.45
13.74
15.02
11.91
8.49
9.2
10.81
8.42
-1.59
5.08
4.98
5.83
12.18
8.84
6.72
14.27
16.81
12.25
11.63
8.23
8.77
6.78
6.49
9.33
4.24
4.28
7.84
8.78
8.21
-0.3
10.27
11.94
16.71
16.93
15.38
17.44
18.07
14.84
15.21
15.08
14.26
8.17
-2.52
9.32
14.16
9.24
6.62
8.11
8.74
16.41
14.42
10.85
9.35
12.03
15.04
8.69
9.23
7.45
14.03
7.66
7.37
15.25
16.43
12.53
7.66
5.16
18.11
19.69
14.1
9.68
10.49
6.77
10.55
12.7
11.21
9.87
3.87
-13.69
11.98
14.77
12.44
9.52
9.74
1.72
-9.02
-2.76
6.45
8.22
7.42
15.76
15.67
17.41
16.02
14.79
18.75
20.27
18.92
15.55
10.71
-2.28
7.46
12.42
11.66
11.38
13.43
14.68
10.96
-1.19
9.76
16.58
17.65
13.45
9.44
6.4
3.86
9.1
12.5
16.52
18.18
16.82
15.53
16.32
15.04
7.75
12.7
15.48
10.78
11.97
18.53
21.15
19.46
16.02
12.75
10.33
13.33
13.57
11.86
16.04
18.41
13.73
10.52
17.27
16.24
14.21
7.55
13.34
18.55
15.09
0.5
8.19
12.04
11.92
9.88
12.88
14.62
14.73
11.7
17.12
21.16
18.8
11.58
14.9
17.19
16.8
15.93
13.33
4.52
3.79
9.09
7.67
13.52
14.48
11.07
4.25
15.82
16.58
16.15
14.28
12.7
15.39
12.97
2.87
3.62
12.97
9.95
8.78
8.59
13.38
11.45
16.41
16.71
18.63
16.75
9.01
6.38
3.9
-1.28
9.9
13.58
11.37
9.91
6.08
2.6
10.55
8.52
8.64
11.58
-2.89
6.37
5.75
10.69
14.26
13.84
7.33
3.03
9.97
7.6
12.77
16.91
14.56
3.93
10.8
15.8
14.26
9.55
4.26
7.58
13.78
15.29
16.82
19.28
16.78
8.85
6.42
12.03
12.67
6.94
9.71
6.42
8.54
14.57
15.53
12.28
6.94
9.12
12.27
13.02
6.74
5.04
10.11
5.12
10.18
8.98
14.02
12.76
7.78
8.88
7.4
17.39
17.23
13.42
12.17
13.52
12.63
10.18
10.95
10.01
12.01
15.93
16.41
15.33
7.53
12.36
6.76
2.51
7.51
8.57
14.73
15.68
10.33
14.2
11.67
-4.12
14.3
17.71
18.26
17.56
15.34
11.5
9.38
5.8
13.41
18.32
17.9
14.8
13.36
14.6
11.44
7.1
9.55
14.26
17.89
19.2
17
13.45
14.99
16.53
13.81
9.84
2.68
9.41
15.59
16.01
15.44
15.3
10.69
15.56
15.41
9.27
9.99
12.87
11.95
13.73
16.92
14.16
9.96
5.94
11.9
-8.34
12.2
10.9
14.19
13.19
14.02
15.99
13.38
15.44
18.14
15.71
14.54
12.61
12.04
15.59
11.52
9.49
10.31
7.11
0.19
11.68
2.98
12.64
13.92
12.51
8
8.49
15.03
15.88
13.53
7.93
2.35
10.98
13.64
5.27
14.03
12.98
6.63
5.38
3.94
16.67
18.04
4.93
16.73
15.54
13.76
13.15
10.63
8.11
-6.88
6.75
7.99
9.61
13.81
10.82
6.3
14.11
17.65
18.16
11.36
4.78
10.2
15.48
16.38
12.35
8.28
11.36
8.34
9.31
8.14
7.54
7.99
11.23
15.6
13.06
9.21
9.12
15.34
14.85
10.68
3.53
12.64
11.58
6.62
-0.66
14.57
19.21
14.9
12.31
9.06
10.83
13.12
13.61
10.61
13.52
16.4
17.2
15.39
12.75
3.24
3.16
-1.14
1.62
9.82
4.57
5.61
12.3
17.98
15.05
15.19
