6.9
13.24
12.72
5.11
-3.02
1.58
8.59
13.21
12.82
2.21
2.71
8.47
8.75
5.56
4.24
13.66
11.69
8.36
5.82
5.7
6.52
3.64
6.5
11.07
10.38
11.11
15.74
16.45
14.14
5.13
1.43
4.67
2.63
3.01
0.85
3.22
2.13
11.21
9.75
5.87
6.13
8.65
11.68
10.14
3.65
-0.35
10.47
13.88
16.13
10.37
4.9
7.38
-10.26
3.41
10.03
12.22
13.61
12.4
8.63
4.49
6.05
4.18
6.75
12.44
11.84
9.59
8.24
1.25
4.69
9.89
11.21
13.28
9.57
7.13
13.32
12.81
9.6
6.43
3.91
2.05
5.66
1.32
0.79
11.8
16.91
16.61
14.44
13.22
12.5
11.51
9.47
7.04
6.22
11.61
17.36
16.37
3.1
6.58
9.76
1.08
11.76
12.19
8.35
9.43
11.89
7.65
5.55
8.58
5.75
1.5
8.57
11.12
7.66
5.36
-0.3
7.49
8.93
8.99
2.41
2.46
9.32
10.46
12.56
11.41
6.8
1.78
5.11
2.5
3.55
6.23
8.53
8.62
2.22
7.16
10.88
7.25
-1.74
8.06
6.89
4.64
5.29
3.03
3.72
5.16
-9.06
3.91
3.44
-0.33
10.7
11.57
11.39
9.24
-2.24
2.86
-0.54
7.94
10.54
9.09
6.02
4.68
6.8
10.26
8.39
11.9
13.97
12.22
3.58
5.33
11.13
8.76
6.14
1.93
-3.39
-1.59
6.3
2.25
-0.8
-3
4.67
5.3
10
7.27
1.84
0.86
4.52
10.7
8.03
-0.63
-9.34
6.56
9.53
0.45
12.99
10.93
9.08
8.89
10.36
14.53
17.1
14.16
12.8
16.37
15.89
14
9.87
12.56
11.4
10.93
7.5
9.63
12.1
4.67
13.03
13.76
7.43
3.96
10.35
5.73
-5.02
-4.95
6.57
1.4
-1.75
3.73
-1.26
-5.44
-9.44
4.05
3.6
-15.86
4.42
3.05
10.6
9.71
-0.05
9.96
13.09
17.19
14.8
6.4
1.71
1.21
5.15
12.33
14.7
10.16
6.49
7.51
0.16
12.22
12.81
13.68
12.45
5.37
1.26
8.28
7.64
-4.67
8.83
10.81
7.21
-3.28
-1.54
9.96
10.82
-5.1
8.27
7.61
9.27
13.2
8.85
0.57
7.94
2.41
4.94
5.92
11.32
16.31
16.81
14.86
17.42
16.65
6.52
11.69
15.26
13.61
5.72
10.55
11.32
9.41
6.45
3.89
10.73
13.06
9.27
4.7
5.8
4.9
3.13
8.27
6.98
12.93
16.82
13.79
6.71
13.29
12.91
8.3
7.41
4.44
11.09
13.23
11.3
12.26
15.52
17
14.6
6.96
4.86
10
10.52
9.02
7.79
2.72
6.21
12.61
13.83
6.79
2.63
7.31
3.38
6.15
2.42
8.5
6.93
-0.44
7.83
11.04
5.5
13.08
12.83
11.04
3.39
8.46
11.31
12.91
14.61
11.94
1.55
9.36
5.82
7.02
12.98
10.55
5.93
9
8.65
3.78
-0.53
5.06
-0.15
-3.32
9.86
13.06
8.88
4.4
-1.83
3.79
1.65
-0.75
3.81
-0.17
11.84
14.24
14.32
13.78
14.44
14.37
13.62
10.73
6.93
5.22
0.3
6.47
11.38
15.01
11.41
-4.45
9.4
12.84
9.98
-1.04
8.02
11.07
7.82
9.52
10.65
8.36
12.82
11.43
4.21
14.57
2.63
6.31
0.37
-0.68
8.04
9.55
1.36
3.3
5.46
5.39
7.09
3.88
2.46
10.78
-2.65
9.78
11
7
8.06
9.55
11.71
9.32
6.05
8.57
9.88
2.07
-0.5
0.2
7.53
12.66
13.1
11.42
8.15
10.31
12.61
8.08
7.99
10.52
7.66
11.64
11.9
-2.7
1.11
10.44
11.07
12.1
9.33
8.02
8.52
12.28
15.8
13.92
9.93
13.17
16.53
14.14
10.33
11
15.44
16.94
13.38
-6.7
-2.22
7.57
5.36
5.82
14.75
15.47
12.65
11.73
11.73
8.31
9.6
11.92
14.94
18.16
15.85
1.6
8.8
9.49
-1.67
1.08
10.66
14.13
13.91
12.09
8.55
7.19
7.65
8.74
11.89
11.45
7.44
0.91
4.82
8.68
9.22
10.21
13.94
12.82
1.62
13.34
13.69
12.21
4.95
4.62
14.4
17.5
16.98
14.03
9.27
8.36
11.47
16.35
14.4
11.38
5.23
2.09
8.1
8.37
2.15
1.42
-0.04
8.12
4.53
12.72
8.91
-0.38
3.98
-11.99
-8.08
1.87
7.98
13.48
11.8
12.05
7.48
10.78
8
-0.72
2.91
5.84
4.84
-6.35
8.77
11.39
10.91
13.32
14.47
8.5
8.87
11.17
-2.14
5.41
5.59
4.07
-9.64
5.29
12.9
10.16
5.26
12.4
14.97
13.1
8.02
0.46
7.61
8.65
1.19
-0.96
4.78
11.26
11.26
6.73
10.46
11.62
10.08
-1.51
11.24
12.52
11.58
11.55
15.52
17.91
16.9
10.56
8.78
9.06
12.79
17.57
17.22
7.79
10.86
10.87
8.49
14.12
13.1
16.49
18.74
10.88
7.91
8.97
-3.98
12.13
8.28
9.17
12.32
10.6
8.88
6.59
8.89
10.01
12.1
15.53
14.34
6.33
-6.46
9.34
14.67
6.23
9.37
11.68
10.35
7.6
10.51
11.16
5.05
6.87
13.32
15.27
13
7.83
4.11
6.26
7.06
7.52
5.49
5.73
11.51
4.34
-12.16
-1.62
5.44
11.94
10.19
11.08
13.06
1.53
7.37
9.36
9.59
9.58
9.43
13.5
14.18
7.68
6.61
8.02
11.37
6.69
6.56
13.22
13.13
13.53
11.03
10.28
1.61
7.65
5.06
-2.16
11.22
13.48
10.22
3.51
-2.09
3.74
4.36
8.67
10.73
2.2
3.8
12.54
6.1
5.22
-1.32
7.38
8.23
13.84
17.13
18.53
17.06
12.81
3.09
3.41
11.75
12.43
4.68
10.41
14.58
13.71
11.83
7.47
5.05
9.01
10.28
7.78
-5.1
-1.94
8.22
10.89
9.23
9.85
10.27
8.97
7.25
1.56
2.41
9.39
11.59
4.4
13.66
18.06
14.01
6.99
4.81
8.01
12.26
13.57
14.68
15.38
12.1
6.34
-7.84
-6.72
6.99
1.25
13
18.75
18.3
14.25
9.58
10.6
14.99
12.78
9.51
13.52
14.91
12.17
13.58
14.59
11.71
11
13.16
13.63
12.2
10.09
12.31
13.45
11.93
8.7
-0.9
8.76
12.19
4.31
8.87
12.56
13.42
12.9
9.77
5.78
9.95
5
9.15
8.39
3.82
5.85
6.8
11.25
13.15
12.68
11.89
7.83
5.96
9.6
7.04
5.81
3.61
3.79
10.23
-4.3
8.37
13.4
14.78
11.55
7.7
10.53
5.56
10.8
11.27
23.33
22.71
13.96
19.79
24.73
27.87
29.14
26.75
16.48
9.86
20.69
16.75
23.37
24.9
21.39
12.19
11.3
16.64
10.47
20.14
28.13
29.24
26.26
22.41
22.77
27.06
26.98
18.16
14.27
20.09
18.87
11.94
15.1
12.46
14.61
19.26
11.45
9.7
2.72
10.92
20.54
22.39
19.43
17.89
20.09
18.65
15.95
13.59
3.37
18.52
20.28
13.9
17.4
21.27
27.88
29.75
26.46
19.76
20.21
18.66
25.34
24.97
21.6
22.16
22.04
15.94
24.78
28.53
27.78
26.2
22.44
20.29
19.77
20.59
20.03
24.99
27.36
21.23
23.7
24.19
23.68
20.48
23.79
21.37
16.53
22.4
22.67
21.07
20.93
16.88
22.72
25.99
23.97
24.8
23.42
21.57
25.82
26.68
22.09
9.88
-0.24
10.84
14.85
16.9
4.59
15.92
19.97
23.24
23.15
19.09
5.88
1.67
13.76
12.19
-0.28
4.78
6.91
17.33
18.64
16.89
15.82
20.1
19.78
21.4
22.52
19.91
16.01
4.42
16.51
17.68
23.91
24.46
21.54
22.14
27.12
30.75
26.73
14.62
17.27
16.21
24.05
26.15
21.19
6.74
19.25
25.23
25.34
29.33
30.74
25.8
14.68
21.74
21.41
13.11
17.91
21.84
18.41
12.91
17.64
25.18
28.33
27.91
24.89
19.99
26.1
28.71
23.56
14.79
18.15
19.5
13.43
12.6
19.09
23.09
14.99
23.66
26.93
16.74
22.23
24.88
23.64
23.44
23.3
21.43
13.39
13.27
16.41
17.25
19.2
20.24
22.56
21.42
22.76
22.73
21.21
19.41
17.03
24.39
27.56
27.22
24.01
21.65
20.37
17.07
9.93
25.6
27.68
22.52
17.71
23.69
27.9
27.19
25.22
20.81
17.57
19.7
24.99
23.75
8.86
19.6
26.92
26.15
18.6
16.97
21.48
25.31
25.34
25.83
29.38
29.37
27.06
27.52
27.07
25.38
25.53
26.06
25.02
21.92
19.04
12.8
16.69
21.75
21.11
17.74
11.52
13.1
18.24
19.13
13.36
7.84
14.55
18.02
11.16
9.18
6.94
19.47
18.95
12.65
21.7
17.47
10.35
15.11
22.08
16.83
13.07
16.36
16.82
16.66
23.5
25.28
21.95
20.37
21.39
23.13
22.8
22.72
15.13
16.49
21.56
20.76
13.82
3.19
11.34
14.56
23.24
26.43
26.42
23.78
16.7
21.22
13.86
14.18
14.12
19.75
17.73
10.96
21.33
21.62
8.95
20.34
14.22
26.97
27.85
24.13
19.15
16.53
18.91
22.91
25.04
24.08
24.41
25.18
23.26
17.2
24.98
23.13
20
19.73
9.52
19.81
22.66
21.3
14.84
14.74
12.7
11.24
13.94
13.71
17.81
20.08
17.42
13.61
12.73
18.34
19.17
10.48
8.74
0.4
11.81
10.55
17.02
16.61
8.1
21.13
19.44
19.79
22.32
21.55
8.45
19.48
20.04
8.05
13.12
6.67
13.72
18.46
16.59
18.62
15.79
7.1
13.15
15.21
12.2
11.1
17.23
11.59
16.56
14.28
14.83
16.69
10.32
5.54
5.29
3.8
12.85
17.69
15.83
-2.62
12.35
11.26
14.2
10.45
5.22
12.7
12.5
0.47
-4.54
10.71
13.19
7.04
1.46
7.5
15
16.75
11.6
0.26
8.31
10.9
13.01
16.87
15.68
12.74
9.22
10.34
10.08
10.89
16.77
16.44
5.6
8.56
-6.21
13.73
21.21
16.93
10.46
15.46
8.36
16.45
16.73
10.86
14.63
9.74
10.22
15.77
20.75
18.95
15.07
15.22
10
20.82
18.65
8.12
7.01
12.07
14.68
3.25
-10.06
17.5
24.06
23.02
16.02
19.88
18.15
11.32
10.66
14.21
18.29
17.36
6.85
9.16
20.88
22.98
15.09
9.36
9.68
10.11
12.55
13.41
19.04
15.53
10.67
13.61
-2.16
16.22
12.89
16.09
16.77
11.45
13.71
11.44
17.11
18.87
19.48
21.53
22.31
14.09
11.91
6.82
17.76
21.06
19.34
22.13
21.08
17.22
14.64
13.33
11.11
11.09
23.24
26
24.91
21.3
21.23
13.99
12.96
15.24
18.73
14.73
15.28
18.91
12.89
9.43
20.69
23.86
18.55
19.76
25.04
26.29
26.7
24.77
22.53
20.19
18.55
18.41
18.87
16.23
19.91
23.56
22.78
23.99
22.79
10.57
10.07
15.33
13.72
7.02
7.96
17.61
20.36
17.24
23.85
25.41
19.2
15.19
18.07
13.37
16.26
19.76
16.94
18.04
21.14
17.92
16
7.01
5.57
18.94
21.49
8.24
22.45
19.99
19.71
18.39
10.14
19.07
16.86
7.72
19.67
23.79
24.97
25.36
20.12
10.78
17.99
19.86
21.75
21.84
23.29
24.22
20.75
14.06
18.6
22.37
14.01
7.77
2.22
20.4
21.51
7.08
12.12
18.91
19.06
19.66
20.44
23.76
25.31
24.21
20.14
18.01
21.96
23.74
17.12
17.14
19.36
18.93
17.81
23.71
27.23
24.06
15.43
17.22
17.49
14.93
24.77
27.58
23.77
14.14
11.88
19.54
18.36
20.4
22.14
18.3
18.48
18.61
21.13
20.13
14.66
18.43
11.49
18.49
19.64
15.56
2.87
12.68
16.91
20.6
22.8
20.19
3.52
8.39
16.79
22.22
21.99
20.79
14.33
14.82
19.95
16.68
7.3
20.91
16.53
16.33
21.46
17.99
7.29
17.62
20.94
9.49
13.17
1.76
17.72
21.96
18.75
20.15
26.39
25.56
21.07
20.99
23.93
22.86
15.83
-4.16
12.47
21.31
19.2
17.68
18.78
17.23
18.63
16.61
13.69
16.22
18.36
15.78
15.57
10.56
7.43
12.8
5.74
10.91
15.26
4.12
14.39
18.86
12.92
12.06
15.38
11.6
17.07
19.74
10.48
16.55
20.01
11.92
16.9
17.88
11.74
16.2
21.91
21.07
9.34
10.47
13.67
17.14
17.91
1.64
10.04
9.66
18.04
17.61
11.13
3.63
15.16
12.36
-24.02
13.44
17.54
13.6
5.04
4.17
7.46
13.56
17.22
17.2
7.35
19.5
18.8
12.22
8.34
10.84
17.8
15.09
11.22
21.2
22.2
19.49
16.9
18.59
14.59
4.61
16.6
21.63
24.04
21.03
15.78
18.85
17.98
19.77
16.77
11.02
21.06
19.23
6.91
6.19
4.56
14.42
19.53
18.28
16.86
17.83
8.11
16.03
18.91
20.02
10.4
19.46
19.26
19.26
23.18
22.58
17.8
14.95
15.4
13.55
15.66
4.86
15.55
23.72
24.96
19.35
10.56
20.52
23.29
22.23
17.99
12.74
18.72
11.17
20.73
24.16
14.86
17.34
21.44
13.1
9.53
-2.97
13.06
17.28
21
16.68
21.19
11.59
16.34
23.08
19.23
12.19
24.62
26.47
24.65
26.5
23.13
16.58
18.77
18.94
19.41
7.41
15.52
19.29
18.52
11.23
15.21
25.21
25.83
24.02
21.64
24.68
23.38
15.3
17.12
24.18
24.37
23.08
21.39
9.34
18.38
21.15
18.53
10.78
4.82
18.02
22.67
22.35
20.43
20.85
19.64
19.87
22.94
25.17
25.91
20.82
20.34
19.95
14.56
16.4
21.34
23.35
25.29
24.48
19.95
15.44
16.08
17.8
22.85
25.36
22.52
20.68
26.05
26.3
20.89
14.79
17.48
22.57
23.56
16.75
16.22
15.42
12.52
13.76
18.6
20.11
23.9
18.47
10
20.21
24.01
25.42
21.48
10.86
22.39
24.78
16.04
16.68
21.05
20.26
18.79
17.59
11.32
16.11
20.47
18.32
16.62
23.14
25.96
24.37
23.71
23.67
18.48
20.71
25.07
25.53
22.69
22.24
26.02
25.78
23.69
25.67
25.13
26.4
25.52
22.9
22.7
20.76
19.88
23.74
27.2
27.81
25.96
21.18
14.37
8.86
5.41
13.54
18.18
25.86
15.42
21.33
17.27
13.3
21.64
23.31
24.71
22.71
29.63
33.54
31.55
26.37
15.94
7.04
15.82
21.6
15.68
14.36
26.95
32.12
30.86
24.29
27.6
25.24
20.73
21.27
10.5
8.38
14.16
17.98
14.7
4.1
10.34
5.84
19.87
23.19
13.68
24.92
29.19
27.16
20.65
22.28
15.91
30.62
43.11
45.45
39.14
21.94
9.48
15.45
9.84
22.54
28.53
26.57
12.56
16.58
11.34
23.25
27.32
26.21
21.69
22.45
24.83
25.34
21.49
16.37
19.92
17.88
15.48
6.88
21.09
17.74
33.64
43.3
43.86
35.83
23.61
22.09
23.46
25.55
25.32
28.6
28.12
21.89
24.56
24.52
23.1
20
9.28
17.77
19.15
18.29
16.96
20.73
31.53
36.89
33.73
21.24
22.12
24.17
21.06
16.42
26.46
26.09
19.27
9.63
16.74
20.99
20.97
21.41
22.95
21.97
21.4
24.61
25.66
24.99
26.19
26.52
24.76
23.05
22.46
23.62
-4.21
26.76
37.71
42.99
39.68
27.86
28.04
26.35
25.98
24.83
23.66
19.25
9.93
25.23
33.49
33.74
28.8
22.75
6.83
21.09
23.78
26.44
22.77
15.18
19.93
21.64
18.19
14.8
14.33
7.26
13.2
16.14
37.03
43.91
41.68
31.99
23.62
16.36
24.29
22.29
21.89
27.94
24.76
15.61
19.42
22.41
12.58
16.94
22.91
22.49
17.6
25.57
26.47
24.54
22.7
16.23
20.96
20.08
3.32
16.02
16.14
22.86
26.98
26.22
23.59
19.59
19.99
22.79
23.29
22.62
21.65
22.97
25.17
25.36
27.04
27.05
23.8
14.5
19.09
15.04
22.63
25.64
24.01
6.53
31.68
41.68
41.86
33.48
26.62
23.44
24.34
26.08
23.06
23.43
24.81
22.08
21.28
22.33
24.67
23.23
22
23.41
20
9.94
17.8
15.82
15.99
18.3
15.26
19.48
25.29
26.06
23.4
20.23
24.1
26.68
25.16
15.42
25.16
29.42
27.65
24.02
23.34
22.16
15.64
21.55
26.95
23.64
25.42
27.53
24.8
23.12
13.63
20.76
18.07
17.49
22.93
20.62
23.22
24.16
24.26
25.28
23.72
20.39
18.61
15.43
23.18
22.5
19.25
18.24
19.04
21.16
17.95
19.58
23.24
23.48
34.46
40.12
35.84
14.34
27.07
26.16
19.65
21.18
23.42
21.28
32.92
37.01
33.9
27.91
25.59
30.6
31.77
29.53
39.06
35.23
23.62
18.64
21.87
25.44
23
22.4
28.33
28.79
22.1
23.22
28.53
32.16
28.75
26.31
28.36
13.55
22.65
23.29
20.88
24.98
31.46
31.89
26.63
25.53
27.04
23.14
22.16
22.11
18.31
28.9
29.87
22.84
7.68
2.55
9.96
25.11
31.44
31.12
27.29
25.01
19.61
25.69
22.3
22.54
25.88
28.15
25.74
21.18
23.15
27.99
28.73
26.34
24.97
28.81
27.37
26.58
27.86
34.44
48.62
50.57
44.04
31.79
22.27
21.6
23.03
25.33
22.15
23.43
41.79
47.72
44.47
30.24
23.08
19.31
13.9
26.73
24.52
22.97
24.97
27.93
31.52
31.36
24.28
28.89
26.84
21.83
17.45
27.88
32.58
28.17
20.46
26.15
30.96
31.19
21.43
26.52
25.94
30.81
31.24
30.44
28.11
29.17
29.97
25.9
29.52
33.15
33.02
31.2
29.08
28.48
24.43
22.02
25.73
25.39
25.41
23.93
15.53
22.82
30.81
27.71
11.29
29.96
34.05
31.04
28.12
30.14
24.62
23.39
29.2
30.19
27.85
24.6
22.09
6.85
26.88
26.85
24.01
30.27
30.03
19.24
25.42
29.25
26.41
10.03
29.03
31.78
29.6
18.11
27.97
32.24
27.88
16.96
24.74
24.14
15.73
22.92
23.33
1.7
23.91
15.83
25.15
28.65
27.96
21.76
17.07
19.31
25.48
25.44
27.45
25.94
7.84
25.71
15.04
21.7
22.81
27.12
27.27
27.98
34.63
35.27
30.48
18.73
20.83
25.83
20.95
10.67
18.09
27.25
30.2
26.78
23.04
33.53
32.89
15.22
29.35
30.2
21.19
25.7
31.13
28.44
8.55
21.65
19.25
20.95
26.59
26.17
18.56
15.3
27.25
29.97
28.28
21.16
23.49
24.41
16
29.33
26.4
21.84
24.52
18.49
21.45
11.12
23.34
23.97
20.66
24.87
28.77
21.61
19.93
22.63
24.4
27.82
13.89
26.31
28.73
25.28
16
27.24
26.77
25.18
16.59
28.96
32.08
27.4
17.75
27.27
23.82
19.68
27.42
23.01
19.87
24.72
21.06
25.3
24.29
19.07
13.83
12.71
15.77
10.75
18.11
18
22.1
13.65
17.63
9.72
13.87
21.21
26.34
25.38
14.62
27.86
26.06
19.86
23.63
20.43
16.83
22.02
21.3
9.81
2.21
7.08
16.66
21.58
15.94
22.21
26.11
24.41
26.07
25.63
13.58
20.6
14.41
13.38
10.7
16.29
14.6
13.04
20.26
19.71
13.49
17.61
13.88
24.75
22.93
10.65
18.48
23.2
18.3
13.63
17.26
15.62
20.96
24.59
23.23
26.87
24.05
19.85
26.15
20.7
22.22
26.52
20.14
16.4
12.94
13.59
18.22
15.12
18.58
25.08
22.99
19.28
17.62
9.26
15.84
21.11
21.28
17.13
22.49
21.45
18.13
16.05
23.81
24.73
15.56
18.63
14.12
18.89
19.46
13.82
15.07
9.22
20.16
19.85
14.89
15.4
1.95
13.21
21.23
21.68
18.07
18.59
21.82
12.77
21.09
24.7
21.12
18.02
26.34
23.9
26.07
28.34
27.25
22.6
27.96
32.42
32.31
31.5
31.07
32.03
31.74
28.26
25.67
19.11
29.25
29.56
28.42
24.94
26.37
30.41
30.64
29.51
28.2
28.46
30.47
29.96
28.91
29.87
29.66
26.87
25
26.96
26.62
19.58
17.95
17.4
22.04
26.34
30.34
32.08
29.4
26.24
26.05
19.43
17.54
26.21
29.94
31.89
31.51
24.75
13.84
25.39
25.19
27.29
28.81
28.78
29.95
29.72
27.65
25.62
24.78
26.02
26.27
23.58
26.11
26.37
20.07
27.52
28.34
24.85
22.21
20.26
17.84
23.51
26.71
22.79
30.48
37.6
33.53
19.74
24.25
17.04
21.31
17.34
25.21
27.61
23.3
19.07
23.26
25.64
27.39
26.54
19.63
26.19
24.07
17
25.86
26.54
27.18
27.87
23.33
24.86
25.19
18.24
25.93
25.22
16.33
15.31
18.56
14.42
18.73
19.05
25.77
25.69
19.74
17.7
11.84
20.55
26.87
28.75
24.43
18.23
9.72
9.84
14.34
24.28
27.38
28.58
25.2
18.13
16.16
16.29
21.57
16.56
22.34
26.64
24.29
23.38
26.36
24.35
17.28
-11.27
15.89
20.46
23.77
29.78
31
27.06
21.76
24.04
18.93
16.79
24.72
26.5
21.78
12.71
23.43
23.62
21.9
23.38
24.51
23.6
24.91
23.15
20.99
11.56
23.31
27.59
19.05
20.07
18.47
21.92
24.66
18.46
7
12.26
0.95
23.69
27.37
24.83
22.84
22.64
21.26
17.96
13.35
14.76
16.45
18.06
26.09
27.62
26.32
19.75
22.56
24.92
16.47
10.44
22.3
26.98
27.17
28.09
28.41
26.18
24.55
26.03
25.59
23.05
18.44
12.76
8.16
13.3
23.06
27.1
26.19
19.54
17.41
18.72
17.45
18.93
21.71
23.04
25.2
20.03
16.91
18.86
21.38
19.14
17.37
24.48
28.08
26.59
22.66
21.32
24.68
25.58
19.92
16.81
25.25
27.19
26.07
21.23
18.55
20.34
19.76
21.85
21.59
15.56
7.98
17.89
24.33
24.96
25.96
29.53
28.85
23.68
17.6
13.83
10.71
17.05
18.88
21.45
21.28
18.17
15.56
13.97
17.66
19.72
19.5
10.65
12.6
14.18
21.48
15.78
5.88
19.72
22.13
18.13
17.28
18
17.33
16.56
16.24
0.47
14.75
17.88
17.87
18.49
16.63
14.39
17.7
20.19
16.46
11.41
10.35
-3.35
5.84
13.34
13.71
6.82
5.06
16.5
19.54
20.11
21.61
21.94
20.18
18
18.47
18.23
16.89
17.32
13.83
21.71
21.4
19.42
17.57
20.55
22.08
22.41
19.75
16.57
19.14
20.34
21.06
20.84
20.71
20.31
18.06
15.62
15.83
15.16
7.97
10.37
16.21
19.53
19.51
16.4
17.12
17.9
19.03
17.94
16.15
12.58
4.46
15.49
23.86
23.35
11.17
10.61
7.42
13.28
19.95
20.34
16.37
12.13
8.22
11.83
16.47
18.8
13.81
15.42
20.13
21.15
20.63
19.36
21.8
24.06
21.93
16
7.28
12.37
17.05
17.7
16.32
17.01
24.03
27.21
26.38
24.36
20.86
15.69
16.42
6.59
15.14
15.84
14.05
11.26
14.43
20.49
20.53
16.79
2.23
17.34
18.73
10.47
14.75
10.36
18.49
15.9
20.87
18.47
16.95
18.19
21.11
22.29
21.84
16.59
15.5
24.59
19.37
15.05
18.54
14.57
17.03
22.98
22.63
21.07
19.83
14.52
15.3
17.8
20.87
24.96
25.35
22.7
19.47
21.03
20.97
14.86
12.68
21.98
23.52
15.27
19.58
21.1
19.74
17.03
18.41
21.04
22.13
21.96
17.28
20.37
15.02
23.4
21.4
8.69
13.07
16.44
24.32
26.32
26.18
26.64
25.15
19.84
17.53
22.79
26.24
24.78
21.97
16.67
20.33
18.13
1.33
-2.17
18.96
26.56
27.79
26.18
21.73
13.81
9.82
18.67
18.91
15.93
25.86
25.45
21.05
24.82
24.98
13.46
26.76
30.15
31.11
29.96
24.19
18
21.28
12.72
12.49
19.8
18.99
14.46
16.65
22.53
26.58
26.03
21.41
22.52
16.26
23.19
22.53
18.89
21.36
18.82
16.24
18.82
21.45
19.04
19.85
24.34
25.61
25.44
19.53
19.78
21.63
23.63
20.61
21.22
24.9
22.38
17.71
22.33
26.35
26.03
23.67
15.26
2.6
13.71
10.15
9.8
12.25
13.92
16.89
22.15
23.33
26.35
24.98
22.64
27.15
28.87
24.84
19.32
24.54
34.43
38.4
34.23
25.12
26.99
24.99
21.73
11.07
19.35
21.07
23.32
23.8
19.79
24.98
25.18
20.98
10.99
17.37
12.83
18.55
24.72
24.56
22.53
23.24
17.81
13.27
20.33
21.07
17.93
21.47
24.66
18.89
24.19
26.02
17.34
21.35
25.18
18.54
15.92
17.46
18.55
24.74
25.38
19.23
6.26
18.39
23.53
27.74
27.47
22.91
15.89
6.99
4.46
20.53
25.27
23.82
7.58
23.96
25.47
22.51
18.35
16.24
18.2
14.59
11.61
12.69
18.76
19.3
19.91
20.08
23.44
24.74
23.01
17.18
21.7
23.99
17.88
19.82
25.68
24.86
19.38
19.82
18.3
16.12
20.19
19.57
9.7
22.07
20.38
14.45
15.06
24.46
20.31
24.42
25.45
18.61
23.67
24.89
12.6
20.55
20.12
17.76
13.96
15.54
19.01
26.4
27.25
22.67
13.93
16.14
15.65
18.31
20.32
14.31
16.83
15.88
12.4
20.95
22.8
23.48
15.3
17
15.58
8.8
7.03
16.04
18.8
8.21
12.17
22.48
24.86
19.27
19.88
23.51
21.94
13.63
17.21
24.35
22.45
15.62
16.91
20.93
17.85
18.21
17.51
22.13
26.93
22.47
14.16
23.55
24.19
18.29
16.23
10.22
11.25
21.47
19.64
18.11
13.94
11.78
18.15
7.6
21.3
21.32
2.75
19.64
17.82
16.97
15.56
10.83
18.72
22.26
20.43
6.29
22.17
21.57
19.32
19.55
16.77
15.08
8.44
20.98
20.74
14.99
9.98
2.82
7.66
18.28
21.35
1.46
16.46
16.57
14.24
9.75
17.21
10.49
16.36
21.43
19.81
13.04
18.19
21.08
21.57
23.52
23.78
22.41
11.3
12.91
10.59
11.46
17.46
17.19
1.99
14.5
15.43
1.02
18.42
18.53
12.39
17.76
8.49
16.06
20.85
22.05
22.51
19.05
15.39
22.45
21.49
17.63
13.82
9.13
19.62
20.75
16.56
7.83
11.88
11.9
19.26
21.6
23.87
24.04
19.54
21.91
21.09
14.78
22.93
20.6
13.11
3.57
16.89
16.38
15.19
21.16
23.51
12.24
17.31
15.81
11.38
13.08
15.3
15.48
0.72
14.43
14.18
10.97
8.62
12.77
20.46
23.95
21.63
16.88
14.46
13.69
14.83
17.96
17.24
15.72
16.25
5.87
13.95
19.46
20.1
14.12
-0.56
16.39
20.22
18.77
15.89
10.2
18.6
20.65
18.9
18.85
20.58
19.5
16.58
11.42
18.18
16.82
-1.12
13.03
8.7
8.95
10.59
8.9
8.3
18.23
16.76
13.38
14.1
16.66
20.62
20.36
14.52
8.11
9.5
15.32
17.85
12.24
6.12
14.01
9.59
11.64
-4.99
12.09
10.6
6.61
15.7
20.15
20.67
18.88
14.23
11.02
6.69
9.6
16.94
19.44
22.44
19.89
14.22
18.04
18.94
14.79
16.36
19.73
20.49
19.65
18.27
17.77
15.69
2.24
14.93
3.38
16.52
16.87
3.8
11.18
17.72
19.74
14.47
5.1
6.53
18.51
20.87
18.24
17.33
17.81
17.22
18.82
19.32
16.52
12.61
11.65
5.38
11.85
6.92
1.08
-2.23
12.63
16.82
18.47
20.03
17.27
12.2
8.48
17.52
20.31
19.87
16.38
1.99
13.3
16.25
17.94
15.89
5.37
13.43
15.87
15.25
15.31
17.25
17.32
18.85
16.82
11.37
13.74
2.49
17.77
19.93
15.06
7.51
13.27
12.95
8.48
4.79
12.05
13.36
10.79
11.35
12.36
13.81
7.15
12.55
16.76
18.84
17.38
16.29
13.55
12.06
6.95
15.87
13.27
11.56
15.59
15.01
17.91
17.69
10.83
1.85
10.68
8.93
12.37
-3.15
17.1
20.19
16.03
15.34
15.83
13.13
15.7
18.05
16.93
18.12
19.99
11.98
0.98
6.54
15.91
20.11
21.91
21.69
19.38
11.3
16.2
20.66
20
17.79
19.39
21.81
20.96
16.02
12.22
13.65
18.26
19.64
18.46
16.67
17.76
17.99
19.98
18.32
6.56
13.31
12.21
10.54
0.63
11.93
14.15
15.17
17.48
16.72
15.66
20.03
18.72
15.68
21.76
24.8
22.87
20.07
20.49
19.98
19.43
15.45
9.69
14.13
17.19
19.73
19.48
15.42
19.14
20.18
15.06
19.08
20.33
20.09
21.24
22.01
20.11
23.49
26.3
23.6
20.59
16.6
19.48
18.1
15.22
12.15
9.7
14.89
19.38
20.37
15.38
8.05
5.95
14.06
9.53
18.4
24.03
21.45
12.59
3.81
15.07
22.93
24.53
26.2
24.85
17.42
17.71
21.75
19.81
15.29
14.21
12.16
14.01
21.02
23.97
21.94
8.9
17.12
20.04
20.93
21.28
19.32
17.51
18.13
20
20.19
17.99
20.58
23.01
23.27
23
22.73
21.13
18.53
21.82
23.13
21.79
19.73
13
12.82
12.91
9.88
14.92
10.87
9.59
15.46
12.51
3.51
14.24
17.35
16.61
16.75
20.33
14.28
4.38
11.23
13.92
12.92
6.91
15.6
18.19
15.01
11.17
17.88
21.19
17.5
12.07
19.77
19.36
12.9
6.99
14.1
14.82
12.41
13.13
17.48
18.69
18.61
16.75
17.85
16.55
12.86
13.88
18.31
20.51
19.7
18.8
14.75
14.64
20.13
21.05
20.18
12.01
9.59
6.76
-6.64
2.39
7.45
5.36
16.19
8.68
13.09
14.25
6.61
13.58
14.83
10.51
15.72
18.41
14.78
12.8
16.48
16.64
14.1
6.78
22.1
22.58
11.1
10.44
-2.3
19.93
21.18
13.06
14.78
13.45
2.42
17.65
16.89
4.41
10.59
16.79
18.59
16.45
16.35
15.35
17.65
4.66
17.97
17.83
7.62
10.84
15.16
15.9
12.91
11.96
5.79
9.25
9.46
6.2
18.61
23.59
19.81
9.62
8.55
11.28
11.66
10.11
11.12
-0.87
6.22
18.17
12.67
16.23
20.82
20.04
17.84
11.83
14.21
17.95
15.99
8.36
17.21
18.14
20.2
20.48
16.87
9.59
13.6
18.7
13.24
5.46
-8.56
9.18
10.36
8.65
7.18
14.84
17.78
13.29
5.07
9.68
1.51
11.41
19.66
16.28
12.61
19.11
14.67
5.41
-2.96
9.7
13.22
13.9
14.64
17.29
17.32
12.74
17.32
18.99
8.61
3.96
8.62
16.18
19.56
17.46
14.85
19.23
20.12
23.01
22.26
16.89
18.06
13.75
13.36
15.97
14.19
6.2
13.88
10.88
15.24
15.39
5.96
10.72
10.03
13.8
14.28
10.54
17.11
16.38
15.53
0.95
18.13
18.4
13.73
14.26
11.65
10.71
-0.62
14.39
12.91
-3.73
5.13
14.52
19.69
17.4
12.04
7.83
12.42
17.71
12.56
7.51
11.29
2.31
9.98
10.3
8.56
6.47
12.21
14.75
9.01
6.75
12.12
11.12
11.34
17
20.87
20.41
13.4
17.49
18.69
11.99
9.58
11.99
8
18.23
21.25
20.49
16.46
11.38
16.1
12.47
14.87
19.37
20.07
17.31
16.23
15.76
3.18
9.34
14.91
13
12.5
16.19
12.3
13.49
13.13
11.63
17.65
15.84
10.1
13.07
13.07
8.3
12.25
17.41
16.8
8.66
14.86
12.19
15.53
12.28
9.42
8.75
12.58
15
15.08
14.98
16.48
14.53
7.51
0.92
8.16
6.41
12.77
18.27
18.17
11.5
13.15
15.99
16.11
19.41
19.24
15.94
12.79
9.57
16.21
20.42
21.4
20.63
12.94
3.74
17
22
19.92
14.58
12.65
0.77
17.72
18.11
16.74
13.37
7.16
16.2
19.09
18.36
14.71
11.82
17.02
15.64
15.84
14.55
13.17
17.83
17.2
9.25
13.38
13.48
15.97
14.6
13
11.48
7.56
13.2
14.33
19.27
18.56
18.98
18.71
8.26
-3.82
15.06
20.59
18.54
12.25
12.81
17.89
21.48
18.93
15.24
16.95
14.04
17.42
18.69
17.69
20.25
22.5
23.72
24.28
24.19
22.67
21.62
21.19
19.04
17.47
17.94
17.62
19.06
20.52
22.87
21.42
12.85
16.18
8.76
3.12
8.46
5.88
12.23
17.89
18.04
20.26
19.09
18.05
19.9
20.33
20.07
17.47
7.68
5.44
12.29
15.24
18.36
20.06
18.92
17.59
17.41
18.38
18.95
12.4
1.39
19.28
22.44
18.34
20.44
15.84
19.44
22.3
20.51
18.78
17.05
17.17
18.36
17.7
19.32
19.7
19.76
18.5
19.84
23.09
22.53
19.7
18.67
21.82
22.24
18.5
17.47
16.29
19.7
19.24
21.08
20.92
18.1
17.55
17.73
20.21
23.55
20.79
17.36
18.39
16.33
11.92
13.94
16.69
16.27
22.7
25.8
24.91
23.14
19.4
19.57
20.9
20.11
20.97
22.78
22.32
20.01
18.93
20.87
21.1
17.37
16.99
20.53
21.2
18.05
19.17
11.37
7.11
10.5
18.98
17.48
12.99
13.54
14.35
17.75
15.12
13.7
9.55
13.16
12.69
15.55
17.53
13.68
13.78
9.19
12.65
16.91
14.97
17.15
14.68
8.67
9.03
9.18
13.95
16.31
15.35
6.95
13.3
19.52
17.77
13.19
14.11
16.34
22.07
22.06
10.04
17.23
17.91
13.17
9.47
8.96
18.34
19.34
17.38
15.75
15.85
15.19
11.37
9.71
14.3
10.09
3.2
11.45
6.09
6.17
-2.35
12.35
5.92
2.21
2.63
17.09
18.8
14.83
11.93
15.35
13.28
15.83
15.36
10.56
10.42
6.76
12.55
14.97
17.09
13.58
6.75
13.37
13.07
11.19
9.47
15.95
16.59
10.73
10.68
17.09
20.6
18.82
15.91
2.46
14.01
16.26
17.78
18.03
17.96
18.68
15.28
4.87
-2.75
-3.93
12.78
17.8
18.48
20.21
18.86
12.32
6.53
15.78
17.27
17.4
13
0.94
10.51
9.06
5.41
15.03
13.86
16.23
19.77
19.56
13.83
13.07
14.9
15.92
13.62
13.73
4.02
17.62
16.11
7.18
16.76
18.89
18.01
16.34
10.09
5.38
14.78
13.21
12.48
18.06
15.58
7.34
-10.5
-2.5
-9.59
9.08
15.07
15.85
7.15
15.3
11.95
12.31
17.07
5.27
8.64
11.35
15.81
19.12
17.31
10.87
16.57
15.97
7.91
5.59
1.2
12.13
17.84
16.58
16.16
14.74
11.54
18.39
10.05
7.77
13.79
16.21
19.58
20
19.81
15.56
16.74
15.8
12.28
0.41
10.67
12.92
13.73
17.38
18.63
17.24
14.29
12.56
10.52
12.6
17.15
16.9
13.62
10.19
10.68
12.77
12.07
12.59
9.27
13.03
17.34
18.26
19.06
18.87
15.23
18.37
18.19
12.66
2.1
4.87
9.35
16.92
18.86
18.54
17.41
21.98
22.44
17.79
16.02
17.6
20.59
23.06
21.15
13.45
8.5
17.32
15.08
15.36
16.82
10.14
13.92
16.88
15.61
14.68
2.69
14.72
18.69
17.08
16.07
16.29
6.54
14.99
19.19
19.97
18.31
16.89
11.48
2.15
16.67
21.76
20.85
13.81
16.07
20.29
20.27
14.56
18.35
18.55
12.37
2.21
9.36
16.72
14.61
10.1
19.47
15.73
2.37
17.08
20.5
17.38
14.16
10.54
19.67
22.16
19.49
18.2
16.39
12.75
14.95
17.55
17.38
14.3
13.36
7.55
15.23
21.35
20.64
13.89
5.94
8.84
15.5
16.72
10.26
7.03
11.05
15.74
15.7
18.38
20.25
16.11
9.85
10.96
9.2
5.4
12.31
22.59
24.08
17.06
10.41
18.37
16.03
16.18
17.8
11.28
8.7
13.41
15.34
11.95
7.25
5.9
13.56
13.11
13.1
14.48
16.79
15.03
7.65
18.12
15.77
12.85
18.64
21.77
17.19
-7.8
9.45
16.23
18.66
14.95
8.41
18.92
17.97
15.73
20.78
21.02
14.98
13.27
18.51
19.9
18.42
12.02
8.97
14.49
-4.57
17.19
21.6
18.12
5.74
16.41
18.35
17.51
19
18.7
10.56
16.39
20.93
20.45
17.5
8.55
16.16
16.86
8.79
15.22
19.03
16.78
13.78
13.8
16.49
14.04
17.91
20.68
15.04
4.96
17.79
21.08
19
13.73
14.99
19.43
16.51
12.53
18.15
16.64
4.13
9.3
12.55
15.16
16.89
17.88
16.57
14.82
16.75
16.59
1.99
3.35
1.87
10.94
5.59
15.28
10.54
7.76
1.68
4.08
10.22
12.51
11.21
4.27
12.31
12.86
2.62
9.7
16.13
15.9
12.91
16.89
10.05
3.96
13.37
18.58
14.98
4.86
0.97
6.82
6.89
6.35
9.03
13.8
14.84
8.12
-1.93
3.69
1.08
-7.47
6.12
2.1
13.5
12.78
7.78
13.72
18
12.77
11.36
12.07
15.5
11.44
5.93
14.01
16.33
12.91
8.81
1.5
6.08
9.84
11.15
3.71
7.09
14.33
14.84
14.11
17.2
13.65
10.43
9.74
6.95
3.52
9.78
15.95
14.7
16.95
19.49
13.44
-4.31
0.26
4.09
11.72
5.97
-6.34
7.26
14.78
15.09
9.43
14.81
17.84
15.23
12.93
13.29
15.09
14.28
17.27
20.53
20.17
10.63
11.36
14.65
16.41
14.54
12.37
16.43
10.88
12.78
13.55
18.43
16.4
10.15
14.32
13.89
9.43
9.82
11.99
8.97
3.58
14.66
11.93
10.7
19.44
17.36
1.29
12.89
12.76
13.85
15.16
18.19
19.9
17.66
14.07
13.99
15.15
14.51
12.47
-6.15
8.79
9.16
10.82
-0.07
5.24
9.55
7.63
5.99
7.69
9.53
17.83
21.52
18.35
12.53
15.31
17.09
16.16
16.81
11.8
3.63
7.54
10.72
7.28
2.08
7.48
12.86
15.51
16.3
13.86
11.35
7.98
4.45
8.23
11.48
13.73
17.24
15.63
13.08
4.71
14.48
16.73
16.08
-4.58
17.66
18.4
13.96
9.04
8.98
0.29
4.72
6.22
10.9
12.36
10.05
6.54
6.79
6.85
3
5.69
14.38
15.27
13.44
16.36
19.25
17
13.36
7.58
8.4
10.32
13.75
19.01
18.3
16.12
15.6
10.1
-6.83
7.01
11.39
13.81
18.59
16.1
9.44
8.03
15.17
17.58
14.81
10.79
7.91
8.91
12.98
9.8
9.08
7.56
12.98
17.36
17.81
11.92
5
-5.79
9.41
8.17
15.43
15.69
-2.53
11.55
10.28
13.32
12.79
17.33
16.14
7.2
12.85
13.52
13.94
18.3
17.71
11.73
2.43
9.52
10.32
9.64
14.09
15.03
4.88
12.46
12.74
14.53
12.11
-5.73
12.91
13.39
7.11
16.54
15.21
14.16
16.16
12.78
11.94
9.64
2.96
11.79
17.44
15.85
9.98
7.96
19.33
20.49
16.97
12.46
-7.28
5.56
11.22
7.62
10.56
3.9
0.05
7.13
12.71
14.97
14.87
12.84
12.22
15.44
16
14.35
9.16
19.86
21.13
16.47
15.4
14.76
11.12
13.95
13.62
12.6
4.84
7.8
13.79
7.34
6.96
10.42
1.63
5.22
10.3
8.26
14.84
16.96
14.64
10.88
10.67
13.94
10.2
9.92
16.76
13.42
2.77
11.33
14.75
7.85
15.1
18.48
15.74
13.99
16.72
16.7
15.22
14.56
8.62
7.07
13.67
15.21
15.3
10.91
1.8
-5.68
0.39
4.31
6.69
13.58
12.24
7.13
8.08
5.79
4.92
9.71
-15.75
9.75
12.48
14.87
13.52
15.31
17.05
13.51
16.23
18.55
14.91
8.1
5.66
4.39
9.77
13.41
5.04
8.5
-9.92
9.99
8.5
12.92
14.17
15.59
12.64
9.01
2.26
-3.86
1.95
14.69
8.96
7.22
9.54
7.43
3.99
10.37
13.49
11.28
12.65
13.91
15.97
16.94
14.14
6.11
3.14
6.08
7.46
15.12
14.88
11.67
11.34
12.57
14.32
16.17
17.74
18.9
14.67
8.99
14.41
15.43
19.09
16.22
-4.15
15.09
14.06
-1.92
10.02
18.85
19.38
16.6
14.02
12.97
14.73
14.08
16.08
14.56
16.55
15.28
13.17
11.28
7.85
7.59
17.17
19.7
18.96
16.75
11.52
-2.68
4.46
-16.11
5.71
15.85
16.84
9.82
6.72
7.19
-3.37
-2.57
0.49
9.86
13.03
11.35
14.52
11.58
2.37
1.67
12.23
17.61
14.05
11.07
12.03
14.29
18.29
17.44
11.52
2.07
2.31
3.69
7.33
15.44
15.13
11.66
8.53
4.48
1.28
16.16
19.86
18.64
14.18
5.8
1.06
7.91
10.13
15.17
17.36
18.67
17.91
13.51
3.29
-5.62
7.58
15.12
17.41
15.91
9.84
-0.21
7
6.86
3.89
3.87
0.83
-11.21
5.48
9.59
13.32
5.54
11.92
16.1
14.16
14.17
12.75
10.98
12.02
10.51
18.2
15.46
3.81
11.82
11.14
6.12
11.2
15.2
16.62
15.2
12.4
10.66
6.52
12.1
12.7
12.07
18.24
18.56
15.94
10.23
9.61
13.71
16.29
8.63
3.12
6.73
14.73
18.18
18.55
15.99
10.81
11.2
11.19
15.14
14.1
1.03
7.47
-3.19
11.83
10.86
6.67
11.84
5.25
9.05
20.37
20.81
11.21
10.93
14.62
13.54
13.83
14.12
14.19
8.82
4.66
9
-9.02
6.3
-5.9
1.81
9.16
13.04
14.65
13.35
8.37
-0.8
9.36
14.65
14.54
11.24
9.67
13.26
15.64
16.58
12.02
2.76
1.36
11.42
12.14
10.48
9.49
5.56
5.85
14.91
14.42
14.44
14.33
11.94
4.9
4.02
6.77
-3.29
6.88
7.35
7.62
10.76
7.19
10.92
12.19
13.71
15.04
16.17
13.94
7.16
16.32
15.13
9.18
-1.53
10.17
6.19
14.37
18.33
17.31
10.04
10.99
13
2.07
3.97
10.25
11.24
7.98
6.03
12.15
13.49
9.89
6.82
9.04
6.25
13.51
6.99
10.41
12.35
4.38
4.86
6.46
8.31
0.43
-0.77
-1.14
4.44
5.35
-4.85
6.81
12.49
11.04
5.02
10.58
14.58
14.51
16.01
15.37
13.25
13.4
-1.45
9.2
13.67
18.44
12.69
1.3
-11.38
-2.8
4.7
-0.95
12.63
19.07
18.28
16.33
15.85
9.48
4.88
6.93
15.48
9.07
9.42
9.12
11.93
10.43
2.56
-0.99
1.4
11.84
6.73
-0.57
4.58
11.49
16.21
16.5
15.06
13.72
11.08
9.66
0.9
9.4
7.27
9.86
-5
9.72
5.08
7.98
12.77
17.4
19.39
15.24
-1.09
2.69
4.5
13.55
18.65
19.68
16.11
7.26
6.37
15.81
15.59
14.14
11.03
12.5
1.3
15.41
12.48
4.91
12.12
9.44
7.95
13.04
11.44
4.46
7.58
4.38
11.8
13.69
15.83
15.15
-5.31
10.53
10.84
3.8
15.19
16.09
9.63
4.22
9.92
0.04
0.2
11.3
13.79
7.42
1.48
11.45
10.36
2.09
11.04
10.81
10.66
12.24
10.91
8.76
12.55
14.76
17.51
18.64
15.07
9.59
13.58
15.66
11.92
9.49
3.23
-2.86
-0.73
-9.22
10.78
10.68
6.96
0.88
1.77
8.11
8.51
7.3
14.39
14.86
13.79
13.6
13.92
11.23
6.53
5.26
10.57
16.58
16.91
15.64
17.91
18.43
14.51
6.72
5.13
8.3
9.97
10.2
8.24
11.19
16.29
9.01
9.44
10.95
11.37
13.61
10.33
5.62
14.07
16.24
17.49
16.34
7.97
5.72
8.41
8.33
2.43
3.66
7.14
11.08
11.46
1.33
-4.3
-0.34
-0.97
10.56
5.53
7.05
14.18
14.97
15.75
15.88
14.87
11.25
13.84
15.9
15.65
13.94
8.6
8.97
15.16
17.03
12.39
6.11
11.16
10.17
2.77
8.29
7.74
9.54
14.51
9.35
11.52
16.78
17.44
14.6
5.98
-2.81
8.72
13.79
13.39
4.96
0.06
12.93
17.73
18.25
19.16
21.07
20.66
15.82
-1.92
5.26
11.63
12.2
8.74
1.42
4.6
10.4
9.4
10.15
10.87
8.73
6.76
-3.67
12.69
12.65
-5.96
15.22
12.99
4.99
8.84
9.3
0.98
9.7
3.54
8.62
14.29
11.98
8.86
14.27
16.75
14.66
6.86
6.77
13.83
13.84
16.59
18.03
15.54
12.45
7.86
10.04
10.81
11.05
12.78
12.63
7.98
8.86
11.56
18.21
19.04
18.95
17.59
14.1
8.57
0.94
9.91
10.12
0.56
11.01
8.73
8.09
18.52
19.11
13.84
10.03
13.88
13.32
12.1
16.9
14.66
9.68
1.69
7.25
3.59
15.8
18.39
17.91
16.97
15.28
13.18
13.33
13.88
17.44
16.03
11.24
15.33
13.85
16.64
16
10.22
5.76
-0.3
7.7
11.63
14.58
11.29
11.78
14.02
16.12
16.93
13.14
0.4
14.3
12.92
9.92
16.49
19.72
19.88
19.13
19.27
19.04
15.93
12.19
11.17
10.81
14.65
14.74
2.16
11.92
3.97
-1.52
3.27
4.56
8.16
11.25
14.35
17.86
16.24
15.25
12.78
9.43
8.93
7.05
8.65
2.93
8.93
6.28
13.8
17.94
14.53
17.2
18.32
15.27
11.39
12.88
11.45
11.73
15.88
14.82
14.85
14
13.08
11.26
11.73
10.96
5.7
11.26
11.15
5.39
13.51
18.69
15.27
-1.01
3.71
14.06
15.51
13.36
10.98
11.33
11.91
11.43
3.94
4.13
11.96
12.99
15.07
16.62
12.81
6.87
10.82
6.44
7.7
12.86
14.14
13.5
14.58
18.82
19.91
18.92
19.02
19.93
20.84
19.69
13.89
-2.48
5.71
10.92
13.61
12.68
14.37
15.91
15.44
16.66
16.43
13.27
12.25
13.05
15.83
17.58
15.93
9.23
13.56
14.51
11.49
11.43
10.8
5.89
14.33
15.33
15.02
17.48
17.86
14.08
12.19
11.47
10.99
9.43
8.71
13.14
17.95
18.81
15.89
12.34
10.9
7.63
4.15
13.03
16.17
16.32
16.53
15.21
12.57
8.07
3.22
9.96
-9.47
15.2
18.31
13.24
10.32
12.16
7.07
4.67
7.21
13.39
15.04
14.03
7.84
12.67
10.44
6.81
12.42
14.64
12.09
11.35
10.11
9.95
1.39
11.46
13.71
10.23
7.14
5.1
1.22
0.37
3.99
3.17
7.91
11.83
12.27
4.72
2.91
12.18
16.82
19.9
18.83
11.71
5.25
13.27
15.7
15.32
11.4
0.96
17.44
10.42
5.83
4.86
5.74
6.01
12.76
14.32
13.71
8.67
9.14
12.66
12.55
14.63
15.08
11.02
3.53
1.58
12.68
12.31
11.44
15.35
10.22
10.77
13.83
15.38
13.37
-1.49
13.62
15.9
13.46
3.87
15.69
18.78
17.81
15.68
15.43
10.01
11.79
9.6
8.97
14.15
15.06
11.2
8.03
8.16
7.29
11.63
15.48
9.54
7
16.19
18.53
15.16
8.24
9.58
8.99
-3.29
7.77
5.43
13.36
12.71
7.05
2.33
-1.08
10.11
14.4
8.32
-2.39
14.97
15.33
14.91
8.54
10.98
14.93
8.44
-8.34
0.5
9.85
12.43
13.44
0.34
8.23
8.34
4.67
14.48
12.14
10.59
11.16
10.97
2.44
12.2
9.84
14.36
16.45
14.7
10.63
5.51
12.31
12.77
11.33
16.56
16.76
14.18
17.53
16.1
15.12
7.66
-1.96
9.65
12.76
7.13
8.69
16.18
14.94
6.68
11.08
5.36
8.74
6.5
14.61
15.07
6.89
4.45
-4.79
10.56
15.78
15.55
13.95
11.75
2.37
10.89
16.38
11.39
5.75
7.58
5.73
9.86
11.27
15.99
17.07
11.47
2.4
0.99
15.2
13.1
-0.01
6.61
5.26
7.98
12.04
16.08
12.79
14.85
17.35
11.33
7.5
3.42
11.58
15.18
11.44
13.01
14.56
12.8
14.17
5.69
14.89
15.04
10.04
10.46
5.34
10.5
10.35
14.18
16.53
15.89
11.42
7.46
4.65
7.64
6.39
10.51
5.58
7.1
0.2
8.48
9.99
1.83
14.31
11.89
7.13
15.88
16.18
5.13
11.23
11.92
-6.99
8.17
10.95
8.8
18.78
14.8
7.87
10.13
10.94
3.18
10.67
18.05
16.26
12.03
15.78
9.45
10.71
10.9
15.87
15.43
6.77
2.29
4.75
9.01
7.9
7.08
10.37
11.65
9.55
2.19
7.72
14.02
6.67
4.4
-4.4
13.45
13.33
-1.4
15.47
10.9
7.57
12.49
14.15
12.21
11.91
16.09
18.06
18.14
15.92
10.03
7.6
10.26
5.4
11.85
6.67
0.15
8.91
15.97
13.65
12.3
10.35
5.71
7.27
10.01
5.82
1.27
0.62
7.62
8.93
10.84
13.14
10.71
2.58
7.94
12.49
9.16
-3.43
12.83
13.27
10.63
14.87
16.23
12.4
15.91
8.03
15.22
17.37
12.63
15.8
16.19
1.19
11.79
9.14
2.9
7.55
16.9
19.71
16.91
10.05
12.48
13.78
16.69
17.3
18.77
15.48
-2.9
6.19
10.49
17.35
16.76
11.82
11.95
8.83
11.61
14.77
16.35
18.02
16.13
12.53
19.06
12.81
4.15
1.8
-8.23
7.79
6.07
11.36
14.63
15.49
13.18
9.65
13.32
8.54
8.01
9.98
15.86
17.63
15.3
10.56
5.19
8.15
10.25
9.9
4.82
-1.53
2.22
9.43
12.87
12.8
10.62
13.27
14.18
9.93
2.96
10.95
9.1
11.92
13.8
13.53
11.77
11.44
12.87
15.25
14.11
14.76
11.11
10.53
8.23
8.86
15.19
17.91
17.24
12.49
-15.86
11.37
10.76
11.16
12.07
9.21
12.78
-8.33
12.92
10.33
7.47
