5.57
5.04
9.37
10.16
11.02
2.08
6.43
13.53
12.04
10.4
10.49
6.06
-10.05
3.29
7.47
14.25
13.38
7.05
3.3
12.63
13.92
13.66
13.85
14.56
11.32
5.25
3.79
6.94
-1.62
9.38
9.08
1.29
-0.57
9.21
9.41
8.55
12.33
14.37
15.59
13.96
12.03
12.84
8.52
9.48
13.81
15.68
14.32
-3.48
5.49
-5.98
11.01
13.55
8.39
8.27
15.48
15.05
10.96
13.63
12.95
6.2
9.4
14.63
14.46
11.51
13.08
9.89
5.43
9.29
8.96
10.43
7.93
-1.26
-0.55
0.04
8.49
13.04
14.38
14.02
16.68
18.19
12.03
8.7
11.85
11.51
8.6
6.57
9.31
2.96
0.92
10.02
10.08
1.52
4.57
2.34
12.38
9.73
4.48
11.06
10.2
10.07
8.77
-8.03
-11.46
8.14
9.59
6.5
8.47
12.35
10.55
1.86
5.68
-6.78
11.15
10.83
-0.83
-0.22
7.27
11.19
13.55
13.08
7.09
-2.56
0.38
-10.6
8.19
9.74
9.17
12.64
13.2
2.82
10.98
15.11
14.83
11.77
6.97
1.28
-1.14
8.96
14.9
17.01
15.6
7.74
5.61
10.56
11.1
8.55
6.76
7.32
11.98
15.48
13.8
6.12
0.67
10.65
12.84
9.41
4.75
2.57
-3.71
11.65
12.13
5.82
7
9.27
11.32
13.23
12.51
13.15
10.36
0.03
6.33
15.86
16.25
11.99
6.49
12.6
16.45
14.77
5.85
12.86
13.1
-1.89
12.32
13.63
7.97
12.28
6.43
4.98
10.82
7.11
-15.62
0.74
12.04
14.67
15.15
12.38
9.75
11.45
8.55
13.69
17.56
9.21
7.94
10.32
10.97
13.6
15.04
13.1
9.16
8.12
-12.21
12.99
14.58
7.79
8.59
10.53
11.29
16.08
15.23
7.91
10.31
10.29
11.62
16.61
18.11
15.73
10.86
7.63
3.12
7.57
8.42
2.66
8.19
13.17
11.95
8.74
7.75
12.87
11.86
5.76
12.06
14.09
10.5
12.24
10.96
6.91
2.4
5.2
6.06
6.42
12.16
13.03
10.95
5.19
-11.06
2.88
-0.02
-11.56
-7.13
5.77
13.65
16.48
17.45
16.95
11.42
6.01
3.64
9.68
14.35
16.01
12.84
5.19
11.51
7.87
-7.58
-0.33
5.85
-7.21
0.97
-1.35
7.44
9.55
6.62
-13.31
4.71
10.16
9.99
3.94
-4.41
6.18
8.88
3.99
-2.55
1.86
6.84
6.89
9.79
11.33
-2.04
-4.19
9.12
11.27
12.38
10.88
4.61
8.65
12.64
9.09
4.89
-0.29
7.11
9.05
-5.79
5.51
5.94
5.3
8.84
9.51
9.09
-12.23
12.32
15.95
14.79
14.15
13.1
10.52
8.62
5.98
8.19
12.02
13.42
9.93
10.12
12.02
4.36
7.65
9.14
6.74
13.12
13.92
11.68
10.05
11.02
10.42
8.36
8.76
6.36
-2.83
10.1
12.26
7.58
3.92
13.89
10.8
7.08
15.16
14.47
7.6
5.05
11.79
11.14
8.5
12.37
13.46
13.12
10.19
8.84
10.86
6.76
-3.61
5.92
9.65
6.87
7.5
7.57
1.02
3.48
7.71
11.24
14.05
16.11
16.15
10.63
5.6
7.49
10.69
5.97
3.48
0.02
3.01
6.64
7
10
11.1
1.38
0.91
2.36
-16.83
2.42
6.49
10.67
12.29
11.7
7.4
3.27
10.41
10.88
7.01
-2.09
3.3
10.2
10.59
11.01
13.95
10.81
-2.53
11.38
9.83
6.05
5.93
14.33
14.79
13.03
10.11
13.32
13.93
10.63
9.2
11.09
15.96
16.6
11.81
3.5
-4.41
-13.07
1.98
-8.39
-4.29
4.97
9.31
13.35
15.03
12.59
10.27
12.33
7.4
-1.71
5.89
5.79
9.99
12.28
11.51
10.96
12.93
7.72
3.48
-4.88
11.43
13.55
13.51
14.58
14.28
11.62
13.42
13.64
12.24
8.74
2.36
4.05
3.38
0.79
-11.96
6.36
8.22
9.19
6.96
11.14
9.53
-7.15
-0.09
1.73
4.23
6.01
9.58
10.46
13.34
14.8
11.39
11.66
12.12
5.76
6.08
6.46
10.23
14.86
16.24
12.22
10.64
11
5.43
14
12.12
7.51
2.85
7.1
10.85
16.8
15.6
13.35
13.33
12.17
17.05
18.7
15.39
5.18
3.12
-0.12
1.34
10.62
12.65
12.27
12.71
14.1
12.85
9.68
-1.02
8.44
5.81
-0.1
11.76
16.04
12.57
12.19
15.68
14.9
9.69
4.59
12.02
12.06
9.16
9.91
4.05
3.29
4.95
-3.92
-2.71
3.36
-1.58
7.56
11.58
11.39
9.87
10.2
4.39
-5.14
2.84
0.01
11.78
13.09
-1.01
5.9
8.33
11.61
13.81
9.64
10.62
12.02
10.21
8.49
7.41
-7.17
10.36
13.76
15.43
13.97
5.95
0.83
3.84
4.76
-1.05
6.99
13.25
15.52
11.94
0.46
11.02
13.92
8.52
9.43
7.69
-0.1
9.5
14.49
10.27
-0.29
2.93
6.49
-1.94
9.81
11.91
16.55
12.38
5.82
8.17
9.52
10.21
8.5
10.63
13.98
9.31
5.39
3.84
0.02
12.3
15.48
14.48
9.77
4.98
13.03
12.12
6.91
4.66
9.19
8.04
3.62
7.58
11.86
14.56
14.51
10.6
-1.94
6.24
10.29
8.72
7.55
6.06
10.06
11.57
7.57
11.36
5.15
6.67
13.19
11.86
-0.84
9
2.74
-0.94
10.11
12.73
14.31
11.41
-1.6
2.93
8.04
6.54
0.44
-7.13
1.44
10.68
9.36
6.24
11.06
7.6
0.5
7.88
13.18
13.59
11.02
15.26
16.42
10.9
9.52
3.4
8.13
5.99
3.03
9.93
11.45
8.58
9.42
12.13
11.24
5.59
2.7
4.38
-7.13
13.2
18.65
16.98
7.61
15.43
16.75
13.89
13.65
10.03
10.68
7.99
7.39
11.13
13.89
5.24
8.43
7.67
4.47
12.05
9.06
-11.42
0.27
10.14
10.68
13.45
11.56
9.22
14.32
10.32
7.38
9.38
1.94
6.97
5.89
1.79
-3.42
5.29
6.94
8.71
11.65
11.61
12.77
9
7.1
8.59
5.35
-0.9
7.41
12.82
14.5
15.17
13.92
12.16
14.44
14.65
11.16
1.9
4.9
8.75
10.18
13
11.04
13.56
15.66
13.5
9.89
10.94
-11.34
8.16
12.36
12.65
11.53
12.85
9.72
8.44
8.29
6.39
8.64
10.12
6.78
1.93
5.26
12.05
15.25
13.4
6.57
-0.21
2.28
13.6
13.9
10.13
11.2
13.21
10.79
-0.06
9.32
2.26
9.63
-1.27
14.3
15.79
10.51
6.41
8.67
4.99
6.43
10.83
7.94
8.3
2.8
4.09
9.26
9.45
4.25
23.53
25.72
19.3
15.37
22.03
23.38
23.53
12.71
11.09
12.26
20.89
18.49
7.13
10.69
15.28
14.29
15.71
14.72
11.55
21.8
24.99
23.85
19.17
11.33
-0.83
22.43
27.16
25.85
21.91
16.56
19.21
19.67
20.25
18.82
20.35
22.08
20.78
21.29
25.28
25.68
21.14
20.59
21.5
18.53
12.08
20.53
20.24
8.43
15.6
17.24
18.21
20.43
22.33
20.42
20.06
12.99
16.94
20.94
19.6
14.38
21.67
22.74
23.43
22.36
20.76
19.34
21.55
21.77
24.8
25.1
18.19
13.44
18.96
21.15
19.87
22.03
23.18
20.67
21.37
13.42
20.67
19.73
22.25
21.98
25.39
25.31
23.92
22.74
22.69
22.78
19.15
19.11
17.29
26.75
26.13
24.24
26.19
24.72
18.98
11.43
13.92
20.77
22.16
22.63
18.38
12.5
20.21
20.17
14.46
9.54
14.41
3.92
14.04
14.06
17.62
23.3
22.58
17.74
25.57
29.88
26.89
20.48
9.98
17.6
19.7
18.61
-1.46
4.47
11.67
14.73
26.62
27.65
17.51
13.93
28.61
33.13
29.74
21.65
15.37
11.46
11.24
16.38
12.77
18.44
18.17
5.8
14.32
26.42
31.73
30.25
21.82
11.2
22.07
24.19
24.23
21.22
19.05
24.52
28.34
30.81
30.91
28.35
19.92
24.64
25.77
21.53
15.91
13.6
21.48
19.13
23.14
25.29
11.78
24.38
26.28
29.66
31.26
29.23
22.59
18.39
17.32
4.15
20.04
20.29
18.87
19.63
18.67
24.79
24.81
23.96
28.32
24.48
15.81
19.95
10.32
17.84
22.24
22.03
24.67
26.54
26.48
23.69
22.85
19.58
13.84
-2.26
15.87
17.51
16.42
11.06
15.83
21.88
26.54
19.21
23.55
27.84
22.33
16.49
15.18
8.71
21.86
20.82
11.35
14.99
14.51
14.88
20.27
14.08
10.43
7.37
25.14
28.41
23.39
10.39
19.65
17.97
14.1
6.93
18.05
21.06
19.29
18.78
19.56
20.13
12.98
12.23
17.15
18.09
11.26
21.61
25.76
26.02
20.87
11.81
13.57
13.63
1.81
11.51
8.98
20.21
23.23
20.27
11.65
19.91
24.44
11.59
14.88
16.07
17.67
21.18
16.76
10.92
21.54
23.75
23.45
23.3
22.94
20.29
16.54
20.21
23.07
20.95
16.98
16.44
7.56
19.85
23.93
23.13
21.31
13.58
13.8
18.44
19.23
16.12
15.1
18.45
18.44
13.72
17.56
21.82
17.06
18.99
21.48
20.06
22.01
9.23
19.16
21.79
10.17
18.18
20.04
19.88
22.6
21.73
19.68
16.78
13.52
10.78
11.84
17.18
19.71
20.2
20.02
16.03
8.74
16.37
20.1
18.04
4.7
3.71
18.68
19.77
16.15
14.77
13.29
7.69
17.72
17.8
9.86
12.27
13.18
14.18
9.7
4.52
-0.44
10.86
13.64
9.47
11.6
14.23
13.93
8.68
5.19
7.2
0.94
12.44
6.1
12.07
14.63
15.15
15.92
12.57
9.59
14.46
19.27
20.69
18.9
10.52
9.51
5.09
-0.54
8.89
15.07
16.46
13.67
11.23
15
16.47
12.93
8.88
11.92
15.12
10.13
10.63
12.18
9.92
-1.5
7.96
13.84
10.49
10.25
12.62
12.88
9.76
15.08
17.05
15.6
14.25
8.49
7.33
20.3
11.25
16.9
18.95
19.04
17.4
11.36
17.18
17.68
22.43
22.21
23.11
21.15
17.3
20.24
18.7
14.64
13.95
15.53
26.2
25.58
13.7
21.16
23.21
22.81
18.47
16.33
12.15
13.86
18.29
18.48
10.64
15.4
16.23
20.77
23.93
22.58
22.11
20.5
15.57
7.12
14.3
19.84
22.51
22.04
21.17
24.06
24.73
23.33
17.53
13.7
16.89
13.06
20.13
20.89
11.45
11.52
16.27
14.47
12.13
6.4
14.93
12.87
23.49
25.01
24.37
21.14
16.23
17.53
22.3
23.54
22.31
18.78
23.58
20.12
20.01
25.79
25.63
24.87
18.59
14.94
21.26
24.85
27.27
22.51
20.24
23.53
18.4
11.87
23.69
20.65
15.82
14.62
15.95
22.53
19.97
9.47
17.69
18.54
23.65
23.28
18.24
23.46
23.84
22.88
21.22
27.98
27.27
16.54
22.49
27.22
27.41
19.7
14.8
14.07
14.52
15.47
18.95
18.81
9.46
16.72
21.72
20.75
21.4
18.63
7.48
16.13
20.53
22.58
21.41
18.02
16.95
8.62
10.88
13.82
10.9
-5.91
11.13
16.58
17.25
15.14
16.12
12.11
26.46
26.88
21.76
16.77
11.36
15.85
16.34
15.72
16.71
16.58
15.18
17.23
17.96
19.15
22.07
16.8
16.2
19.91
27.13
28.08
23.35
21.25
20.68
13.31
18.74
22.27
16.53
17.63
13.37
16.94
21.56
20.93
18.62
18.32
21.69
20.36
11.64
7.78
18.83
19.07
14.14
18.61
16.44
17.19
19.71
18.14
22.81
21.16
-1.42
15.5
16.55
18.15
22
21.98
20.26
23.81
18.92
18.9
18.21
18.1
14.15
-3.74
15.34
23.07
26.61
21.75
17.39
18.43
12.8
12.56
18.92
19.22
9.8
18.64
9.54
8.12
18.25
18.35
6.54
18.1
14.57
9.99
10.39
10.99
13.76
4.89
13.2
12.13
16.23
18.92
18.43
10.46
13.07
11.25
23.72
22.34
7.4
12.79
1.61
9.17
19.13
21.66
20
16.86
3.06
13.8
16.39
17.55
18.89
18.98
17.84
19.31
24.66
23.98
25.23
24.36
20.16
18.57
20.32
17.11
4.91
12.8
20.3
23.45
21.25
8.39
18.99
19.15
13.59
-0.99
16.93
21.98
18.01
8.28
11.24
17.27
17.17
15.11
12.35
-1.69
12.47
16.85
11.79
9.82
19.36
19.96
10.22
13.64
18.87
17.24
14.07
15.87
11.7
12.55
5.51
11.06
11.2
17.36
18.57
15.27
-5.16
16.62
19.18
4.82
11.99
12.51
18.43
15.32
22.46
22.45
17.15
18.75
17.15
14.05
13.8
11.21
10.55
10.48
5.24
5.99
17.82
17.75
18.47
19.01
9.83
14.51
15.49
16.51
17.44
19.63
16.63
2.54
15.7
23.33
23.99
20.09
12.6
16.45
16.75
13.48
12.93
17.2
20.9
21.97
20.47
18.83
9.31
12.45
18.45
14.13
7.66
12.24
13.09
-2.78
-2.57
10.18
15.16
12.61
2.15
17
18.99
11.42
15.81
21.02
21.87
21.46
19.86
17.27
4.22
8.49
-4.95
16.1
20.6
17.19
15.94
21.81
21.42
20.47
16.08
5.34
10.82
13.09
17.07
20.44
18.28
4.5
8.61
6.93
16.82
16.55
11.68
11.44
18.22
20.47
16.76
-0.97
11.55
19.63
14.08
18.49
25.96
26.29
19.35
13.58
21.52
22.01
18.45
8.91
23.13
22.59
16.44
12.99
13.23
13.32
19.4
23.28
20.58
20.92
20.78
16.25
12.32
14.32
7.58
10.75
9.65
18.68
20.2
17.71
21.34
18.01
4.31
15.85
22.88
22.78
18.39
21.55
21.41
1.41
17.92
21.58
21.12
13.88
15.34
22.35
23.51
19.95
15.87
17.93
23.89
23.71
20.64
14.96
8.58
15.69
10.52
21.48
22.28
16.69
15.56
21.71
24.58
27.47
28.23
24.58
21.12
12.78
11.78
18.63
19.22
17.43
13.57
4.56
8.49
15.65
15.1
17.28
14.48
10.38
16.73
6.53
23.22
25.83
25.08
20.53
4.01
10.58
18.21
21.67
25.38
26.36
25.41
20.85
12.68
20.58
17.03
18.82
11.29
18.28
21.83
19.14
2.07
7.83
16.72
19.2
21.53
19.34
13.08
22.59
22.31
15.69
14.93
16.62
10.76
16.65
17.18
19.41
24.28
23.42
18.52
21.19
21.33
18.72
11.78
17.48
23.04
23.01
11.3
6.55
22.43
30.2
32.17
28.27
21.07
20.59
20.3
22.41
23.76
21.15
5.25
26.96
30.84
26.64
20.33
21.55
19.13
10.29
15.2
21.78
22.97
18.66
30.91
28.68
23.63
31.29
32.13
22.77
9.05
11.2
15.74
22.02
22.01
16.29
15.66
15.99
9.9
15.05
22.48
23.94
21.51
22.21
22.58
14.98
26.04
25.39
29.23
42.25
45.73
40.43
11.36
26.52
23.52
19.23
18.16
23.06
25.38
23.24
20.89
24
25.79
27.28
27.12
23.22
15.61
19.89
14.23
18.92
15.03
12
11.04
6.96
7.51
7.57
17.68
38.21
44.94
42.02
29.1
23.11
23.75
14.95
18.89
23.49
25.55
22.72
23.09
20.75
20.43
18.5
21.12
21.68
19.2
14
18.73
4.6
19.79
21.19
34.13
38.81
33.91
14.5
19.81
25.73
20.1
20.65
22.3
13.36
24.24
23.95
13.33
9.65
13.61
17.85
24.55
26.22
22.37
15.65
15.7
12.47
6.62
15.13
23.67
26.83
25.81
21.73
19.64
38.58
42.79
37.98
25.18
-1.11
19.32
23.92
25.97
24.93
20.89
12.06
19.65
29.88
29.54
15.56
13.54
22.86
23.49
22.27
22.26
25.34
24.36
19.49
17.02
11.67
13.53
17.68
14.56
22.01
36.18
45.77
45.86
36.79
19.22
21.17
22.31
10.69
13.04
8.4
3.07
15.15
15.37
19.06
20.76
21.21
16.21
18.82
24.35
21.66
15.77
22.58
26.14
22.89
10.65
22.32
25.64
25.03
25.16
19.98
10.24
20.1
22.51
18.31
11.35
14.44
12.7
15.18
16.08
6.41
6.56
13.3
19.82
23.29
18.6
16.59
18.95
17.64
14.43
21.84
22.28
16.01
20.5
32.98
41.24
38.78
20.46
21.44
21.89
16.94
11.14
13.78
13.54
6.1
9.98
20.18
22.5
21.49
20.09
15.72
22.97
24.58
14.15
22.66
21.66
13.95
17.32
18.03
7.08
11.71
19.83
12.03
19.39
19.7
25.31
24.55
20.5
23.17
28.94
24.89
17.27
13.62
4.73
15.61
21.78
21.11
7.32
28.27
31.24
25.72
14.35
12.56
13.81
17.16
19.16
14.04
14.32
19.28
21.62
16.44
22.25
19.2
16.42
25.47
22.05
24.29
24
20.77
22.34
27.42
24.02
23.23
27.1
26.09
17.74
30.13
34.74
30.03
22.81
26.38
21.49
25.92
30.16
28.98
28.58
33.5
38.5
37.17
28.43
27.99
34.86
34.74
27.41
39.6
43.04
35.85
27.04
24.76
31.19
33.04
29.14
33.52
32.4
27.71
10.5
23.15
26.19
30.11
27.58
27.81
25.24
20.63
27.33
28.5
27.42
29.18
34.44
33.8
30.21
27.69
23.29
23.01
25.41
24.64
28.13
25.22
25.77
31.37
28.12
16.08
25.57
26.52
25.1
30.28
29.41
17.96
16.99
27.19
32.73
33.51
27.44
9.26
18.43
24.88
27.65
27.48
23.95
31.48
34.64
31.15
23.81
10.27
33.08
47.59
50.53
44.45
28.51
26.61
30.21
28.58
30.68
28.55
19.72
40.99
48.22
46.22
36.03
27.91
27.04
25.22
27.79
30.44
22.31
25.86
29.28
28.97
32.24
19.63
18.47
19.92
28.22
31.55
21.6
28.13
33.54
30.36
23.81
27.71
30.17
27.05
29.16
22.38
25.28
30.34
28.27
21.51
28.64
29.08
25.02
28.7
31.4
14.15
23.34
29.9
24.86
28.14
22.97
22.5
30.27
27.57
23.21
28.54
25.37
32.19
34.72
25.94
30.54
25.96
30.27
25.72
31.69
33.48
31.26
29.46
17.04
23.9
23.35
26.64
21.41
33.88
31.76
27.61
21.9
25.08
18.64
17.72
24.57
29.32
27.82
25.21
28.71
18.33
18.39
29.14
27.18
14.33
21.42
20.51
21.51
22.84
14.94
23.89
19.81
27.72
29.21
23.72
30.79
27.62
26.62
32.09
26.58
27.23
30.25
30.25
23.19
25.15
28.16
28.53
17.34
32.88
32.75
25.41
22.97
25.88
31.51
20.62
32.88
29.5
20.78
28.14
19.75
23.73
4.02
26.85
28.93
26.94
22.11
22.74
18.15
13.41
26.61
25.87
19.93
26.77
22.12
16.63
20.75
7.61
29.04
32.04
29.33
26.44
25.67
25.57
27.24
24.32
30.31
33.11
30.62
31.36
25.6
22.42
20.92
19.83
19.62
11.54
22.54
21
25.35
29.78
28.85
26.93
27.46
29.3
25.94
19.82
25.84
25.37
21.96
19.63
25.82
24.21
18.65
26.72
9.28
27.92
27.3
14.03
29.45
32.27
29.53
26.97
25.14
23.94
22.94
10.53
27.42
30.68
27.47
29.87
29.3
23.54
27.14
29.46
29.58
23.7
17.74
15.41
15.29
7.67
19.11
21.98
20.89
22.01
26.03
28.79
25.85
23
26
18.83
17.8
19.32
18.49
22.07
24.7
26.71
24.25
22.43
28.5
28.81
18.16
24.54
28.14
21.71
24.72
21.6
27.03
30.55
26.42
26.09
17.74
21.37
24.05
19.68
12.63
12.84
7.56
4.26
20.81
21.84
19.13
22.35
17.64
24.73
22.52
25.85
24.62
24.87
25.15
20.44
19.92
22.78
22.72
19.08
19.52
21.86
24.66
27.48
22.43
29.46
29.3
22.95
25.72
25.42
19.77
7.18
16.4
18.11
20.81
23.26
28.29
28.04
21.27
26.07
28.36
22.19
20.93
18.03
6.74
17.83
17.32
16.27
22.85
18.51
19.17
21.25
9.14
24.81
25.95
23.76
26.41
25.88
19.72
11.69
17.75
16.79
19.17
20.24
22.24
24.58
24.3
24.81
24.27
22.78
21.77
24.14
22.46
11.02
12.78
19.58
27.07
24.85
24.33
29.83
31.01
26.27
20.26
22.07
26.51
27.47
10.74
18.99
23.68
27.1
18.28
30.19
31.71
28.77
29.22
28.43
17.88
24.42
20.59
26.51
31.66
31.86
27.13
16.83
27.23
29.09
22.97
17.3
13.87
20.16
24.02
20.39
22.82
15.82
23.09
26.29
27.41
25.1
29.41
29.04
19.2
22.31
8.5
20.77
25.55
23.92
17.75
24.49
26.02
22.27
25.48
21.66
19.34
16.53
21.45
27.26
22.54
12.36
20.56
29.87
26.81
12.94
9.49
26.65
29.11
9.08
21.78
29.57
37.64
34.86
25.57
28.02
28.77
29.43
29.9
30.58
28.52
23.14
20.22
14.36
25.9
19.84
21.55
20.95
15.97
27
26.14
22.99
26.83
29.1
24.65
25.52
19.71
15.99
21.9
28.52
30.71
28.37
29.21
26.81
18.42
16.29
21.98
21.53
23.67
24.37
24.59
27.2
27.86
28.47
29.17
27.74
27.03
27.26
27.89
26.82
20.11
11.07
19.11
26.7
24.17
18.55
25.32
26.81
13.53
24.67
27.58
24.62
19.93
16.12
13.4
18.5
7.2
-3.75
21.41
25.98
20.97
22.76
25.57
22.1
20.96
17.7
23.19
26.21
15.77
16.44
21.76
22.81
22.76
23.79
26.42
23.97
21.65
27.05
26.01
22.8
21.39
16.72
24.18
21.95
21.98
16.74
20.75
11.13
15.65
8.2
14.52
24.16
27.75
17.14
16.18
21.32
13.47
27.96
25.17
14.69
20.45
13.79
19.5
25.86
23.7
20.05
22.13
24.72
21.66
5.19
21.5
24.41
23.36
25.66
24.15
18.05
24.18
22.59
23.12
25.81
28.01
22.63
-5.32
16.03
24.65
26.85
26.78
28.3
29.23
26.55
22.51
24.98
19.6
20.59
23.7
10.39
14.46
22.75
23.88
14.41
20.54
18.83
20.61
21.68
11.6
20.49
19.48
20.22
20
19.94
23.26
23.58
19.48
8.4
9.05
17.81
14.37
16.78
24.28
20.34
19.91
23.34
17.73
19.42
17.98
-0.75
10.95
14.9
22.63
25.3
21.21
20.43
19.69
13.27
20.06
15.87
18.46
19.66
19.21
23.65
23.91
17.18
16.87
11.46
14.41
16.06
12.35
5.92
-0.25
17.5
22.45
18.59
22.2
26.89
26.81
22.32
17.46
20.34
18.82
12.38
18.73
16.26
4.62
12.43
11.22
16.55
14.64
12.69
18.77
19.59
22.08
19.61
19.49
22.82
16.71
15.94
15.46
12.1
14.68
12.7
12.02
21.07
18.58
18.97
12.67
18.36
22.46
21.68
18.7
19.61
16.98
14.05
15.21
21.4
24.59
26.82
27.69
25.15
21.42
20.72
19.75
20.19
21.84
20.71
18.18
15.9
10.79
15.57
14.87
14.25
13.19
14.01
16.03
16.18
16.09
15.21
13.91
14.3
18.63
18.87
14.41
19.26
8.87
14.69
17.19
17.1
-0.3
16.06
21.01
17.2
19.78
20.47
19.98
23.59
22.23
23.49
25.2
27.54
26.78
21.53
10.63
18.33
19.16
17.12
19.78
13.45
20.11
19.68
16.24
19.33
20
16.06
15.64
16.44
14.9
13.6
11.44
10.27
16.17
17.18
13.31
4.36
16.1
22.02
17.16
7.65
18.53
25.62
24.93
20.42
22.41
21.12
16.32
18.54
11.79
19.38
27.59
29.69
26.75
23.22
19.61
14.74
26.07
27.04
22.72
17.91
14.54
14.4
22.15
26.78
27.35
22.3
18.42
19.05
16.83
9.18
12.58
23.12
24.74
20.71
11.31
18.42
21.18
22.87
23.29
21.93
12.77
13.95
17.63
19.77
22.1
22.54
22.23
23.21
24.76
27.35
29.78
28.97
20.51
29.38
30.71
26.01
11.53
3.69
21.09
22.95
22.41
24.94
23.13
14.27
15.89
21.73
21.2
19.01
21.67
22.24
23.64
20.76
20.37
22.26
20.24
12.73
19.5
25.81
24.36
14.27
27.46
28.39
25.61
26.82
25.52
17.54
16.04
15.87
21.15
21.21
19.12
22.97
23.26
17.88
17.01
18.99
11.08
16.31
20.86
25.09
23.66
18.97
21.94
24.52
27.18
26.12
13.75
16.64
22.32
23.72
25.02
24.42
16.79
15.27
23.86
24.03
18.45
10.43
13.39
18.53
18.65
25.6
26.23
23.47
20.43
22.98
24.38
20.66
19.11
15.16
22.47
27.27
26.49
20.69
12.8
15.86
21.07
21.41
16.47
12.35
19.85
24.52
25.61
26.75
25.32
13.99
11.41
12.83
16.77
20.98
24.94
25.68
30.44
35.14
33.16
27.6
22.21
9.85
12.49
18.16
14.37
23.28
25.04
26.53
28.16
24.52
11.3
12.71
23.56
27.46
26.06
18.47
21.48
28.94
28.23
21.65
13.89
16.9
21.81
25.56
25.42
22.21
24.25
25.86
23.93
21.45
24.28
22.69
12.71
15.01
18.81
20.13
20.46
21.49
18.61
1.44
16.04
7.6
16.9
22.21
22.17
20.84
20.89
18.26
19.81
22.85
17.36
17.9
21.13
12.57
9.16
20.42
23.65
20.84
20.3
16.93
20.01
21.87
18.35
14.22
13.98
16.5
22.1
24.05
21.71
17.11
18.91
18.32
19.5
23.38
18.92
15.32
19.69
24.27
24.7
20.73
18.33
18.63
20.06
20.62
21.89
21.84
22.43
24.35
24.11
21.9
16.3
18.25
15.15
20.17
26.7
25.33
25.29
29.16
27
23.34
23.53
25.45
24.1
24.31
24.84
23.99
20.97
20.89
19.71
16.01
17.89
19.87
20.74
22.27
19.92
23.24
24.02
19.8
9.19
17.53
13.1
14.36
4.1
17.75
21.84
21.9
20.53
21.63
23.65
22.01
11.31
10.51
13.96
16.2
22.65
24.33
24.53
21.48
20.65
23.58
24.12
22.87
23.5
23.75
19.2
22.29
21.32
13.99
2.25
10.23
16.79
15.45
21.27
25.12
24.37
22.03
19.16
20.39
20.49
12.71
-1.15
9.41
13.34
13.14
17.61
19.28
7.42
21.26
24.37
22.73
18.93
18.44
15.95
8.47
16.93
24.17
24.56
20.65
25.2
25.25
21.99
14.56
12.86
14.82
14.28
8.31
9.89
17.95
21.49
18.34
15.43
21.21
24.01
22.21
13.61
17.39
20.38
24.96
21.31
18.77
17.22
11.07
14.6
10.8
4.04
14.42
18.67
15.84
19.69
18.08
3.61
10.42
19.87
22.35
20.77
20.17
18.4
13.98
14.88
19.87
18.74
16.09
17.68
16.65
17.86
17.56
7.92
12.23
19.61
24.87
25.11
23
20.44
16.65
16.68
13.68
18.7
24.59
24.34
19.53
16.49
11.86
15.86
21.27
18.93
21.24
23.06
19.87
19.64
21.66
21.93
19.4
18.39
17.12
12.95
6.07
8.03
8.75
10.93
12.84
10.77
1.87
3.77
7.21
10.71
19.98
18.58
17.77
17.07
17.85
19.39
17.71
13.38
13.7
6.19
15.65
14.37
3.58
-1.96
-13.71
0.63
4.01
6.15
15.27
15.85
0.45
17.08
21.16
21.87
20.52
20.76
18.72
10.95
17.89
11.2
19.49
23.19
23.68
21.59
18.04
14.99
13.65
16
12.8
11.41
19.7
20.24
15.82
9.35
-1.69
14.52
17.9
3.17
18.43
21.42
19.36
10.61
-11.34
3.65
15.75
19.89
17.37
14.39
16.9
19.55
20.01
17.07
11.03
13.7
19.03
15.45
8.79
7.65
13.59
11.8
17.54
20.27
21.04
19.36
15.7
16.98
14.56
9.85
12.08
16.19
15.75
14.14
10.73
12.33
20.32
18.46
14.05
16.3
17.6
22.83
22.63
18.28
12.63
17.91
19.63
12.22
13.29
19.96
21.28
15.48
-3.36
4.55
11.76
8.39
13.88
13.38
11.95
13.11
18.13
20.6
15
7.43
12.31
12.16
-3.37
6.76
12.59
12.52
9.51
14.84
15.63
9.51
13.69
16.13
20.75
20.33
17.07
16.06
14.13
19.09
13.26
-0.95
9.47
15.64
13.97
12.31
11.02
9.43
3.12
10.18
11.8
4.18
10.51
7.5
9.72
17.7
18.77
17.19
9.86
2.77
5.1
20.1
22.8
19.5
15.23
13.71
10.59
8.91
5.14
15.02
17.7
8.8
10.79
5.02
15.94
21.02
19.35
17.96
15.76
13.93
6.78
13.06
14.14
8.59
8.14
15.67
13.18
10.42
18.94
15.39
17.01
22.85
19.91
15.13
16.1
11.92
9.55
10.6
15.29
17.53
14.63
7.14
11.09
20.05
14.29
14.55
17.87
4.12
17.32
15.89
-3.45
11.09
10.77
20.27
20.28
14.6
10.48
19.35
18.88
11.41
12.82
17.1
16.48
1.87
13.84
18.32
20.14
20.3
18.48
11.22
15.41
21.55
16.15
15.39
16.79
7.86
5.66
0.34
6.94
8.76
10.38
15.16
-5.32
19.44
22.37
19.17
19.39
21.94
17.94
15.2
19.16
21.79
21.7
20.03
13.42
18.93
23.08
20.28
8.86
4.68
-1.32
9.12
9.7
10.38
9.69
4.37
15.91
15.9
15.58
18.37
19.91
23.66
24.92
22.22
20.01
19.91
14.1
15.77
19.09
15.65
15.92
12.85
15.76
21.98
22.77
21.86
21.51
20.04
18.86
17.75
10.92
14.78
17.6
13.01
14.65
21.86
23.15
21.71
18.61
-1.44
19.36
21.02
13.71
14.24
17.99
15.49
9
17.36
19.37
21.73
21.88
18.74
18.73
19.06
14.54
17.68
20.01
16.86
10.91
10.4
10.84
3.26
13.11
14.66
18.57
22.78
22.49
21.06
19.43
16.28
16.19
16.48
16.38
14.49
8.68
9.95
14.36
17.85
17.03
9.8
13.61
12.75
5.75
6.62
19.64
22.81
22.25
20.14
14.51
11.73
16.2
15.81
14.31
15.38
11.68
14.27
11.05
7.5
11.06
6.54
13.34
17.25
13.95
14.3
4.9
7.79
12.24
15.09
11.83
4.66
5.55
3.48
-5.87
15.2
14.48
15.87
8.51
12.26
15.18
14.9
19.3
17.46
10.69
-1.11
9.85
18.79
18.08
10.95
16.69
6.78
9.24
-0.6
9.72
15.15
18.24
9.62
19.56
19.84
18.1
20.93
10.19
14.36
14.83
20.29
21.44
23.53
24.46
22.2
19.37
18.32
5.61
16
19.96
17.53
15.81
11.42
8.42
21.26
18.79
-8.33
12.98
17.29
13.99
13.63
12.51
12.81
18
14.94
8.66
15.95
19.27
15.12
10.3
17.1
9.39
15.11
19.88
14.95
18.63
15.9
5.68
4.74
14.45
11.3
10.8
12.49
14.85
13.64
13.22
15.38
10.87
10.59
17.38
14.22
16.55
14.58
17.83
17.47
14.65
16.83
17.78
15.25
18.16
16.89
8.54
14.17
6.74
-9.22
9.08
17.45
18.06
9.6
8.31
5.98
10.27
7.83
11.76
15.87
17.66
15.33
15.61
18.46
15.56
14.01
13.5
10.2
12.77
9.26
13.16
19.13
15.71
18.65
23.48
18.9
8.95
12.02
10.72
9.6
6.86
-2.69
5.19
13.35
22.75
22.87
22.55
19.56
10.6
17.37
5.91
16.03
13.06
15.18
16.26
16.29
5.25
10.54
10.09
10.07
18.22
22.76
23.73
19.16
21.48
23.9
22.2
9.45
14.44
14.36
11.02
15.36
17.88
16.13
20.95
20.19
18.21
20.79
15.71
12.56
13
6.85
14.41
14.77
14.88
5.06
10.18
4.66
14.6
9.07
10.24
12.55
13.94
9.1
19.26
23.35
17
15.92
22.71
20.21
21.42
22.4
19.45
10.11
15.11
21.95
22.17
17.3
18.28
14.26
9.68
9.85
6.01
19.98
19.95
13.25
-4.03
9.48
17.08
17.37
12.49
7.84
13.3
17.95
17.27
14.79
17.84
22.24
19.33
13.86
22.49
24.03
22.77
18.37
11.51
13.61
13.97
17.98
19.19
17.46
18.02
19.15
13.09
6.97
11.35
9.04
20.28
18.26
14.14
16.82
9.69
22.06
19.24
8.59
13.13
16.81
11.72
14.73
11.91
13.94
14.12
8.12
13.96
16.4
17.72
16.58
15.42
17.3
21
19.41
18.77
13.16
11.59
16.56
18.41
22.44
18.64
15.96
20.06
19.05
16.49
15.16
14.89
19.58
19.12
2.67
10.82
7.69
1.81
10.47
19.14
21.65
19.83
20.12
17.76
13.53
12.31
12.39
15.54
15.93
16.45
13.82
13.72
19.76
12
11.31
9.11
9.27
13.76
9.97
5.87
16.08
19.86
16.4
6.54
14.78
9.41
14.09
19.47
19.5
11.6
-5.83
14.16
19.69
18.08
6.36
18.73
19.51
15.89
12.4
13.27
17.27
14.25
18.18
22.13
21.21
17.66
13.92
18.25
21.03
19.95
17.65
8.56
11.61
8.47
-3.34
6.33
7.32
4.81
6.19
7.4
18.46
20.2
13.54
13.2
18
15.53
13.24
8.31
2.8
0.84
7.4
13.43
-0.96
15.43
19.23
19.48
12.4
7.56
10.2
7.22
16.26
18.32
12.69
12.23
13.52
4.36
-2.01
7.52
1.76
13.3
15.61
16.4
16.18
14.93
16.96
19.67
15.83
11.79
17.58
17.76
12.27
15.64
20.07
19.62
10.78
14.63
14.48
9.93
-2.78
10.12
14.53
14.92
10.27
4.65
11.11
16.21
11.88
12.25
18.1
12.85
15.21
17.68
19.53
19.98
19.44
18.77
17.76
13.85
9.15
8.13
8.08
18.24
19.53
12.25
13.76
14.86
13.34
13.4
12.31
6.63
8.3
10.94
3.04
15.65
16.81
13.7
11.16
13.77
15.48
17.42
19.66
17.05
16.52
13.7
14.23
9.45
10.8
13.39
10.95
14.82
17.39
18.96
19.11
17.53
14.51
-1.09
16.92
15.87
15.24
12.9
4.94
3.47
10.89
17.7
16.81
15.7
20.23
16.26
9.92
15.95
18.13
19.39
19.17
18.26
15.48
7.86
15.56
15.53
7.34
4.96
14.24
16.64
18.87
17.71
15.2
14.04
11.64
11.36
15.59
15.91
13.47
4.62
14.21
18.98
13.65
5.12
10.01
9.46
8.58
6.88
13.68
15.86
15.03
14.01
12.15
14.79
10.56
10.33
13.56
8.96
4.67
15
19.77
17.84
16.7
16.34
13.8
16.46
19.54
18.94
18.23
15.26
9.92
9.89
8.91
-0.23
10.87
16.04
15.07
13.57
11.12
8.28
8.83
16.84
20.57
21.68
22.95
21.32
19.08
20.28
19.74
16.81
13.87
13.98
9.22
5.6
7.52
10.65
17.06
19.1
19.04
15.44
8.49
8.51
15.36
12.82
18.17
17.63
9.52
12.57
13.11
13.92
13.49
14.67
16.38
12.23
13.91
16.81
15.82
12.98
16.31
17.08
14.38
19.36
20.33
16.46
8.19
6.28
9.21
10.04
13.16
6.56
4.81
15.85
20.55
17.75
14.99
18.99
15.73
12.88
14.99
14.07
9.79
13.88
17.28
17.08
11.3
6
9.87
8.33
10.18
13.63
15.74
17.62
19.79
19.37
14.78
8.75
11.59
15.81
6.96
13.06
12.33
9.63
18.58
21.01
16.91
13.65
16.04
17.61
14.45
11.57
13.58
13.17
8.17
10.87
13.69
14.67
10.47
5.33
9.74
12.91
13.55
16.27
9.92
15.29
14.35
18.29
20.56
17.71
10.55
-4.22
-1.09
5.9
11.3
20.67
16.93
2.77
1.26
1.55
10.57
12.2
17.56
18.84
13.52
15.91
19.89
22.28
22.49
19.31
11.26
8.9
12.4
4.91
5.73
17.27
17.69
7.25
-4
9.92
15.06
18.22
17.98
16.75
14.55
4.87
10.2
14.85
17.19
15.19
10.92
1.27
13.56
17.94
19.61
19.87
17.76
10.49
0.94
12.24
13.68
2.3
15.92
18.64
13.16
12.19
13.04
13.53
19.4
18.43
12.52
9.25
12.86
13.45
13.1
9.24
12.8
5.2
7.31
-3.49
-2.13
6.77
5.47
0.99
8.49
12.15
18.74
17.37
12.19
9.88
14.74
13.83
15.8
16.11
18.82
17.21
15.2
8.33
9.51
13.05
16.22
10.25
7.41
16.18
14.03
15.92
19.08
13.54
11.68
10.7
4.41
13.11
13.36
14.64
10.71
0.95
4.24
11.35
12.72
14.26
9.9
8.32
14.71
14.45
13.4
-10.75
17.23
17.68
6.3
6.61
15.26
18.51
15.78
11.58
14.44
15.52
5.22
12.03
8.58
-1.93
13.36
11.29
3.04
6.45
3.73
6.74
6.36
4.58
13.44
13.5
-0.51
6.77
-1.63
12.04
16.42
9.03
11.71
15.26
13.33
14.03
13.24
3.66
3.06
7.17
10.6
15.88
18.79
16.28
8.97
12.27
16.88
18.05
19.26
21.3
20.14
17
11.62
8.46
14.01
5.54
3.79
7.23
-5.05
-5.18
0.23
2.13
11.94
15.23
17.06
16.37
19.68
20.15
15.07
10.41
12.98
13.73
5.27
10.66
12.83
7.1
11.44
13.71
7.19
6.94
0.62
14.42
11.92
3.62
2.7
11.2
-0.63
13.67
16.6
12.97
11.7
11.82
9.49
5.94
13.12
17.57
14.71
1.61
10.19
6.74
9.67
11.97
10.27
2.4
8.84
13.26
14.9
13.61
7.45
15.67
18.04
17.03
12.48
3.79
-2.72
8.34
15.02
14.77
10.29
0.46
16.14
20.25
18.79
6.18
11.38
15.39
17.31
17.77
12.82
10.43
17.56
15.62
2.17
6.97
11.86
10.97
14.1
17.89
19.58
19.11
18.8
15.95
5.02
11.76
9.62
10.81
13.15
9.77
16.81
16.54
14.84
15.9
11
10.51
10.64
13.89
14.99
12.24
7.44
10.11
12.52
8.44
9.81
10.58
8.57
6.69
12.58
14.35
11.43
6.83
10.51
12.17
14.91
14.98
10.91
10.9
9.71
-9.44
6.59
10.82
8.33
3.17
6.67
-4.56
15.34
17.65
13.72
9.74
0.85
9.81
10.3
9.43
14
16.03
15.03
12.9
14.62
12.81
9.16
10.99
13.9
12.06
10.82
14.37
14.7
13.74
10.69
13.96
14.83
13.28
6.76
9.72
15.6
16.24
14.38
13.3
15
17.89
16.08
10.56
-5.35
4.42
2.36
8.03
13.72
12.26
10.32
7.58
13.38
11.65
14.55
17.44
8.76
15.28
13.54
3.68
8.58
7.74
2.13
2.87
-0.49
-4.11
3.89
13.03
15.53
10.33
12.9
16.74
10.92
2.62
2.15
6.55
11.74
11.71
5.57
14.18
14.66
7.11
9.26
7.4
12.59
13.59
11.89
14.41
11.89
10.64
2.71
-3.33
1.3
16.14
20.91
18.28
14.57
14.52
2.27
6.96
8.74
11.37
11.27
11.55
12.74
12.67
11.69
5.36
9.04
9.88
13.1
19.2
18.59
9.39
8.49
9.51
-0.16
2.31
7.11
15.83
19.32
16.38
10.67
10.29
11.36
6.18
-1.13
9.58
11.55
7.07
6.9
-1.85
-3.45
7.04
15.68
19.34
18.64
18.41
5.16
11.39
-8.12
9.84
3.94
10.12
14.8
15.56
11.05
11.5
4.24
13.03
16.93
13.83
7.19
7.18
14
14.67
12.61
12.47
7.68
3.64
12.1
8.99
5
13.78
14.49
10.83
1.45
11.69
16.21
13.9
-4.1
5.17
-0.23
8.46
13.09
15.14
18.55
18.26
-10.74
17.29
18.59
14.64
10.69
6.18
6.26
7.11
11.38
10.28
9.07
10.47
14.2
14.57
9.48
17.54
19.98
15.83
6.04
11.91
9.02
17.75
17.33
9.2
-4.21
6.86
9.76
13.12
15.76
17.16
18.28
19.44
16.86
13.74
15.48
10.06
7.45
15.53
19.24
18.5
18.73
19.67
16.14
-1.32
10.7
12.66
13.41
12.27
8.8
16.51
16.63
11.31
-4.83
0.03
-1.69
11.83
15.99
15.73
8.73
2.94
9.72
17.26
19.22
15.5
12.49
5.66
15.15
15.45
12.41
10.84
12.47
13.5
17.15
18.98
19.33
14.4
9.01
12.7
11.12
4.27
11.66
11.95
8.81
11.68
14.87
18.45
19.25
11.45
13.72
16.28
16.52
15.77
10.45
2.21
14.9
17.45
16.1
4.55
12.96
18.67
19.78
18.38
15.25
11
16.43
18.39
16.11
-9.57
16.14
17.14
15.83
16.84
13.04
9.03
18.18
19.14
12.47
9.72
14.41
14.43
17.47
16.22
12.23
13.62
9.32
14.76
15.16
11.34
6.08
9.63
16.1
9.75
9.8
-1.08
10.24
9.63
5.63
15.95
15.2
1.11
4.53
7.52
9.72
-7.41
13.81
14.17
18.04
21.63
20.66
16.47
5.54
3.98
13.17
15.44
16.72
17.96
15.09
10.52
11.71
10.28
10.04
14.64
18.39
15.09
11.54
14.25
18.96
19.92
15.06
-6.26
9.04
13.84
17.74
15.97
10.44
11.98
6.26
13.21
5.39
12.46
15.89
20.04
20.49
16.5
16.06
18.19
17.9
15.91
12.02
10.84
10.12
-0.39
7.99
-5.24
-0.51
13.69
18.28
17.46
9.02
7.24
8.32
2.91
4.2
7.89
8.85
-0.02
1.51
-6.65
3.9
5.33
8.23
19.27
19.68
11.13
9
7.4
-0.41
8.03
19.92
23.54
18.96
11.54
9.48
11.07
16.61
16.54
14.75
14
13.07
16.84
15.93
-4.99
10.53
10.91
1.29
6.7
15.07
15.92
15.09
10.72
-1.07
-0.32
8.18
12.25
11.43
8.43
7.02
9.61
9.11
10.62
6.55
3.7
4.98
10.29
9.13
7.54
10.32
15.36
19.33
17.69
12.98
13.64
13.51
17.79
13.45
5.18
0.62
6.61
4.11
7.11
11.83
10.37
13.91
10.18
10.37
12.18
13.21
11.77
9.79
8.64
2.56
10.54
3.66
10.93
4.25
13.91
14.01
6.67
16.95
11.07
9.05
12.08
13.15
15.07
14.25
12.72
13.25
9.12
0.85
15.4
16.5
10.77
10.22
-3.08
13.91
12.03
2.77
20.08
24.98
20.99
1.71
10.13
14.44
12.56
11.3
11.81
13.51
10.54
2.64
9.94
14.66
12.07
12.59
16.83
13.65
3.73
7.99
0.03
14.46
14.16
9.91
7.22
11.78
7.09
14.17
13.44
13.38
10.46
13.92
16.44
7.28
7.9
13.27
12.87
10.07
8.64
8.04
16.57
16.19
6.9
2.47
5.91
4.31
9.49
16.19
18.71
19.24
14.77
11.96
7.34
9.08
13.67
14.24
13.13
5.82
0.57
10.96
10.79
7.84
6.5
2.08
6.63
8.19
-8.67
4.45
-7.03
7.71
9.94
12.22
9.12
8.87
10.76
2.69
2.6
11.66
14.07
10.87
-2.36
4.74
10.05
-0.61
15.52
9.24
14.13
15.77
13.99
13.92
15.73
15.28
11.99
6.64
3.38
12.68
13.67
7.75
7.55
13.78
12.27
7.43
15.34
4.26
10.56
12.88
11.62
13.59
15.22
13.58
12.7
12.19
7.71
10.74
15.65
17.6
15.36
14.03
11.74
14.86
17.24
18.02
14.9
9.03
11.44
6.93
9.94
1.89
10.49
12.95
14.96
13.82
12.68
15.56
18.29
16.43
10.29
11.38
16.29
14.08
-1.84
3.29
13.8
16.11
12.87
13.77
10.69
11.49
12.72
8.6
8.98
14.86
17.46
14.51
-0.69
7.37
6.86
6.23
13.92
11.73
-5.19
13.39
14.72
11.59
14.25
17.83
17.53
15.22
14.13
13.1
8.18
6.96
9.95
7.8
5.96
8.86
12.37
12.87
5.25
3.07
6.4
14.48
17.72
19.06
17.86
15.75
15.31
16.48
18.19
15.88
8.03
14.06
13.39
6.53
6.22
5.02
-5.69
9.5
7.99
6.99
17.75
18.75
16.07
10.55
-14.99
8.36
11.02
7.92
9.22
4.72
7.05
10.99
8.62
5.7
13.74
12.18
7.81
14.67
16.2
12.61
9.88
9.84
9.79
9.77
7.55
3.37
11.48
13.67
13.96
15.7
16.81
13.85
13.84
14.63
11.19
9.9
3.52
8.81
9.99
4.48
1.13
0.62
1.86
13.35
16.84
17.7
16.41
8.82
-13.71
6.64
15.54
17.91
16.17
9.94
0.41
12.69
7.57
-27.52
-3.05
8.95
12.23
2.05
15.46
11.1
9.8
13.14
14.19
5.37
0.26
12.61
16.01
15.09
10.94
11.43
15.55
18.01
19.09
16.51
2.44
14.13
12.28
8.49
4.63
-8.89
6.4
11.43
12.12
5.03
7.96
16.17
14
11.08
11.25
13.59
12.54
0.81
8.65
16.77
18.01
15.3
9.53
12.21
14.94
16.12
16.08
6.49
16.98
15.74
18.77
18.71
10.54
0.37
7.91
4.8
4.87
0.53
7.86
4.2
6.68
9.38
11.11
17.09
19.99
17.81
12.02
11.39
7.28
13.27
12.52
5.65
-0.55
11.42
15.46
17.74
17.78
10.13
9.51
6.94
10.52
16.74
12.42
13.45
16.98
15.37
13.77
5.85
9.34
10.13
12.4
14.5
9.07
5.1
4.78
12.25
15.54
10.89
9.76
15.51
16.01
17.52
15.29
-2.27
7.61
6.71
7.5
6.66
10.64
9.88
17.86
17.74
13.57
-4.53
6.28
2.64
5.53
7.31
14.65
15.99
12.11
13.61
16.21
15
13.11
12.88
11.36
14.95
12.14
9.26
12.62
3.87
14.96
14.49
10.87
6.55
12.21
18.53
18.88
12.14
11.66
15.87
9.07
11.04
12.36
12.54
16.6
15.71
15.58
14.94
8.87
0.81
10.59
14.05
9.62
4.74
-8.73
13.54
13.48
9.58
10.25
8.36
11.19
13.93
14.39
8.87
11.41
10.62
10.31
11.76
6.39
13.83
13.63
15.62
9.44
6.8
15.81
15.7
17.52
18.46
14.94
5.86
11.72
11.7
4.16
5.07
13.91
14.22
7.41
-1.08
9.26
12.78
12
10.95
14.27
17.58
19.21
19.51
20.79
19.21
11.99
-4.02
12.96
13.78
3.14
12.9
12.55
15.52
16.21
8.53
13.52
15.82
17.29
19.89
19.18
11.59
9.24
12.96
16.55
16.19
12.69
16.5
19.16
18.44
13.8
9.81
10.54
11.52
15.92
17.84
15.68
14.51
12.38
1.83
3.38
6.78
-7.91
1.81
2.08
5.99
4.49
7.64
10.93
7.57
16.05
13.45
8.88
12.12
13.09
9
13.18
15.38
15.19
13.84
13.71
11.91
15.58
14.83
11.52
3.41
13.33
19.71
22.92
23.17
18.02
11.25
12.91
12.46
16.4
14.85
10.09
11.31
6.4
6.13
7.32
7.49
9.79
9.04
5.56
13.1
16.52
13.9
10.32
11.44
4.86
10.42
14.78
11.13
12.78
13.9
11.67
5.68
6.19
8.67
5.67
3.84
8.17
7.37
7.6
10.88
18.01
16.92
11.44
8.21
5.97
4.12
15.86
16.41
14.06
9.34
10.82
11.82
11.93
13.33
13.58
14.73
16.13
13.97
13.12
5.18
7.66
9.94
10.18
1.59
14.18
14.73
11.63
9.64
9.16
7.53
3.28
-2.09
7.21
8.83
10.25
10.52
9.02
10.37
15.65
16.95
12.38
5.25
8.5
-1.06
8.44
12.33
14.16
9.96
5.66
14.82
12.95
11.64
14.99
11.54
10.1
13.59
17.81
17.64
11.9
8.72
11.09
11.74
15.14
14.98
9.84
12.47
8.58
6.07
13.83
14.56
12.92
15.09
15.74
9.43
5.1
10.08
11.9
11.09
10.41
16.22
17.29
12.06
7.99
6.99
6.38
10.39
12.14
12.34
9.11
10.89
14.52
16.66
18.55
19.24
16.51
14.29
18.99
18.37
17.76
18.83
13.87
-12.28
8.47
15.38
16.16
14.42
0.62
10.56
14.83
15.49
13.17
9.62
6.7
10.89
15.12
11.17
0.32
11.36
13.57
16.81
17
11.96
10.07
12.4
12.64
15.22
14.38
11.7
14.31
11.25
2.4
9.16
10.71
4.62
18.44
21.13
20.14
18.68
13.16
12.08
11.97
11.58
15
10.32
8.73
14.49
17.23
18.78
16.5
10.13
3.99
13.79
17.07
12.92
4.05
5.85
12.82
14.28
14.87
15.2
10.67
8.17
14.66
14.98
10.6
5.75
10.48
12.02
14.06
7.82
11
15.29
15.7
14.36
14.7
10.49
3.21
13.28
18.49
17.19
9.98
5.98
14.09
17.46
16.58
12.78
11.68
15.16
18.53
18.21
15.07
13.79
16.01
16.1
10.43
7.77
13.58
13.72
8.99
10.28
16.45
16.47
11.9
11.97
14.3
14.85
15.87
14.97
15.41
15.65
15.89
16.62
14.01
7.31
12.66
18.28
19.11
16.24
15.83
15.91
10.6
5.52
-2.66
11.67
15.05
15.39
18.88
19.74
19.49
18.04
16.22
15.47
12.63
6.95
8.87
5.3
8.71
12.75
10.7
10.51
10.66
10.5
17.43
17.35
14.54
10.58
12.8
14.81
16.78
16.29
15.21
16.31
15.78
16.05
16.49
9.66
9.74
14.1
13.58
11.84
12.52
14.3
19.21
22.02
19.94
15.17
8.96
10.24
19.76
20.75
17.57
12.91
11.28
8.52
-7.92
6.9
12.76
13.46
12.08
11.01
10.72
5.65
13.32
7.82
13.01
15.98
10.73
4.08
9.84
8.9
11.93
11.79
12.05
12.56
8.21
7.76
17.41
14.57
8.07
9.45
8.38
10.71
14.05
14.41
6.45
14.88
9.64
3.02
2.06
2.5
1.07
11.31
18.16
18.63
12.79
13.48
12.99
5.9
13.33
16.2
10.1
11.84
7.51
16.14
14.68
8.88
12.95
14.77
18.99
21.04
18.8
6.12
12.69
17.28
18.6
16.09
10.95
4.69
6.57
12.54
13.12
5.14
10.63
13.89
14.16
13.39
7.54
13.09
16.9
16.42
13.64
-4.95
10.56
6.04
8.96
17.84
18.45
16.77
17.66
12.04
13.39
12.71
5.56
14.66
15.31
16.41
11.31
10.34
13.67
11.81
14.58
16.44
14.8
16.2
17.71
16.81
15.26
13.25
7.69
8.53
14.32
16.32
15.63
10.5
7.37
14.14
12.19
8.91
12.24
7.45
0.76
11.59
11.71
10.27
7.07
3.76
15.97
16.57
10.19
12.39
10.75
-1.61
3.55
3.08
7.65
11.48
9.11
-8.14
10.66
15.32
11.72
8.54
18.21
20.24
18.49
10.32
10.63
11.68
11.01
15.52
12.02
0.25
-3.02
5.56
9.02
9.31
16.28
17.35
11.17
11.81
14.81
9.85
9.65
11.57
11.57
10.27
9.86
-4.05
1.14
13.07
12.04
5.26
13.18
18.27
