11.56
11.34
11.61
6.55
0.73
10.54
11.9
11.39
13.69
13.01
9.05
7.77
5.73
0.78
12.81
12.99
8.6
6.1
9.05
6.92
6.7
-7.4
7.25
10.4
3.31
-0.36
-2.37
4.4
8.76
2.51
4.4
1.52
-1.7
5.98
9.5
8.1
2.74
1.85
2.44
5.12
10.64
14.08
14.46
8.11
1.73
13.37
17.92
17.54
12.95
11.38
8.14
8.55
2.3
4.19
3.37
4.36
8.33
13.06
12.81
10.78
10.41
11.69
10.33
9.48
6.86
2.59
-2.84
1.93
12.04
13.68
10.61
0.59
9.01
7.86
13.46
14.02
7.44
7.34
15.04
14.5
8.38
7.09
4.7
-1.62
2.3
6.37
-2.23
7.37
8.1
-0.04
9.39
9.48
9.52
6.84
1.05
2.27
4.95
4.13
10.73
12.44
5.31
1.09
5.67
7.34
3.28
6.89
7.54
9.61
-1.02
7.35
9.74
9.91
7.02
-4.43
4.49
14.77
14.54
-0.31
10.96
15.29
13.41
4.86
1.85
7.31
13.48
14.55
8.43
1.44
7.74
5.27
10.94
17.65
19.44
19.33
19.4
18.34
13.37
2.26
13.26
15.66
14.34
12.36
5.24
4.09
-0.84
5.26
9.69
12.91
11.12
5.72
10.65
5.77
9.22
12.17
11.52
8.32
6.37
3.21
0.34
-4
-0.12
8.93
10.87
9.17
-1.86
6.19
2.1
1.21
7.14
6.39
12.35
9.97
11.45
11.6
6.54
8.81
10.28
4.43
6.5
9.31
4.7
-2.17
9.37
12.3
11.46
6.65
6.31
6.15
12.36
16.01
15.87
12.64
14.18
13.92
3.84
11.77
3.27
3.34
16.41
22.33
22.94
19.35
11.32
2.47
2.44
-2.28
11.46
16.39
18.26
15.71
11.55
12.66
10.6
7.43
8.39
9.09
14.39
13.79
10.21
6.85
-1.77
6.06
7.01
5.38
7.75
0.53
2.54
11.03
14.08
1.74
8.15
-2.28
7.16
4.41
0.3
-0.73
-1.25
11.73
10.87
5.58
-2.9
5.11
2.71
9.19
13.52
12.3
10.15
10.22
6.67
2.61
13.6
13.18
15.29
17.17
13.71
4.97
-1.28
2.92
4.38
9.37
13.69
17.06
16.55
11.73
5.49
15.15
19.3
20.55
19.35
16.29
13.53
10.47
4.83
4.7
2.9
13.08
14.38
12.67
11.42
0.07
8.43
12.62
8.54
4.58
14.15
14.3
8.04
-0.54
7.61
11.44
8.14
0.32
6.11
11.13
4.59
1.89
6.78
10.8
12.99
9.15
9.48
13.59
11.04
-1.6
2.57
5.65
9.26
11.76
13.54
14.88
13.82
9.99
3.35
-1.56
9.87
13.02
9.09
2.28
5.1
7.89
11.59
15.36
14.73
5.68
2.95
10.93
12.65
4.96
9.89
2.92
-2.83
6.92
9.46
5.24
-14.62
0.24
4.95
7.59
8.14
4.49
7.08
9.12
8.79
0.28
3
7.76
4.76
-7.48
6.66
9.05
11.81
14.25
12.01
12.49
14.7
14.53
12.52
8.85
12.71
15.45
13.65
8.92
7.41
7.83
-3.45
5.01
9.53
11.67
8.36
5.7
10.05
5.75
0.18
-8.21
-2.26
0.82
0.82
8.08
5.16
-2.4
3.51
6.5
6.17
6.69
11.84
15.33
13.98
3.78
4.78
10.12
13.44
15.46
14.13
10.33
7.45
0.17
4.88
4.54
0.27
7.07
10.17
13.92
13.58
6.49
3.95
8.38
10.02
11.96
8.51
8.34
13.67
14.47
10.98
0.83
16.02
16.99
12.25
3.49
2
4.51
10.12
12.22
12.09
12.15
12.46
12.65
15.12
16.87
15.38
9.34
3.34
6.33
-4.98
4.76
3.62
3.8
9.39
12.71
9.19
3.96
3.13
11.29
12.27
3.33
2.12
9.66
10.6
12.11
13.08
11.67
6.84
6.13
-3.22
3.54
6.04
6.9
8.56
6.93
3.41
9.7
11.76
12.34
1.56
7.72
5.33
8.83
11.22
3.19
12.83
14.59
6.12
-5.54
-0.34
9.02
14.51
14.87
7.57
5.55
6.87
12.45
13.08
8.37
1.24
10.54
16.95
17.52
13.37
6.08
10.89
13.57
12.54
13.6
10.36
6.57
12.23
10.22
-6.5
-0.35
7.84
4.89
5.99
2.16
-5.62
2.48
6.46
2.17
6.6
9.5
7.11
2.76
-0.1
-4.87
1.7
4.43
7.48
8.54
5.1
7.9
8.12
13.19
16.28
15.94
15.78
14.07
9.56
7.67
4.8
3.18
8.98
4.91
8.46
13.94
12.19
10.51
13.13
10.27
10.98
11.43
4.27
-4.03
-0.06
4.03
2.82
3.52
2.97
1.02
6.87
11.71
12.9
13.04
11.24
3.47
7.38
8.28
4
9.26
14.33
11.63
7.33
1.69
4.38
-4.19
11.83
16.93
13.9
9.67
8.18
11.39
9.3
-6.44
-1.64
-1.21
7.26
9.99
10.16
5.96
-1.35
-10.96
-1.07
9.12
12.89
12.08
9.2
4.3
-8.01
4.55
6.41
2.93
2.07
9.45
13.54
8.84
9.64
10.12
5.85
9.84
14.59
15.92
10.8
7.63
12.74
8.29
8.68
11.66
10.25
11.15
8.63
11.89
7.63
6.9
7.6
6.74
-2.48
-3.61
0.23
-4.43
-1.89
1.27
3.09
8.71
12.72
13.33
12.34
10.26
9.49
9.17
4.12
-5.9
6.39
8.24
2.38
2.81
4.73
2.03
3.91
11.44
14.77
16
13.82
6.12
5.97
9.74
12.42
14.35
13.02
-3.28
-6.03
11.51
13.19
11.55
13.6
13.51
12.74
9.19
6.6
-6.35
1.79
6.6
9.33
11.38
10.2
4.72
0.91
9.56
9.51
9.8
11.78
7.91
7.33
11.11
9.28
7
5.31
2.71
3.71
3.52
10.75
15.44
17.61
17.2
16.86
13.48
8.05
15.33
15.37
13.4
9.25
7.38
4.47
3.99
-0.26
-3.42
8.57
13.15
11.65
9.28
8.55
-3.19
6.38
9.11
11.65
2.58
1.99
1.11
2.48
16.06
17.25
9.59
7.38
11.44
11.62
12.28
12.44
7.41
7.5
16.56
17.9
13.53
10.81
7.96
0.41
9.46
9.79
4.91
8.28
15.68
15.46
4.45
8.21
10.83
6.99
13.25
11.63
-11.51
-3.93
5.85
11.73
13.37
7.19
7.42
9.67
6.66
6.44
8.73
10.52
7.53
4.54
-3.69
6.12
9.34
5.44
11.69
16.28
15.65
13.21
10.21
-0.48
6.54
8.61
11.78
12.41
12.4
14.05
11.63
-0.28
2.43
4.73
10.91
11.19
2.94
-4.16
-1.35
12.79
16.17
14.14
12.64
15.98
16.33
14.47
12.85
9.62
7.96
5.1
7.22
13.69
16.43
13.16
8.29
12.43
10.02
5.6
4.37
9.26
10
0.11
-24.02
-5.15
1.89
11.44
11.52
6.74
20.63
10.11
17.48
20.05
14.42
16.08
15.53
12.64
18.19
10.29
9.76
21.85
23.18
17.74
17.79
20.45
18.05
16.99
1.58
20.48
24.52
25.59
26.89
25.49
25.67
24.33
16.48
14.85
1.03
16.57
21.05
20.48
20.35
15.17
16.3
21.86
18.8
16.88
25.58
25.91
18.24
7.34
13.34
8.13
16.31
21.14
19.41
13.15
19.47
26.91
27.55
22.69
22.96
16.4
23.33
25.52
22.44
21.39
17.25
16.13
22.72
23.26
20.23
17.95
18.34
18.52
23.43
24.52
20.1
17.71
17.73
17.46
17.89
16.24
3.98
16.21
20.44
21.15
19.6
5.6
22.84
22.59
16.23
23.48
23.45
16.2
22.67
20.37
17.01
14.67
21.97
15.02
16.04
16.44
18.33
23.5
22.28
18.62
5.31
0.68
6.57
21.73
23.47
14.67
10.64
8.25
19.14
18.97
13.63
16.02
15.06
16.65
20.51
19.67
23.8
22.38
13.26
16.64
18.73
21.8
21.52
12.95
24.68
23.37
19.36
26.54
22
17.69
21.74
25.37
26.77
22.74
17.38
10.38
15.74
22.76
20.3
13.77
14.1
15.48
15.59
10.46
16.57
21.69
21.44
16.3
20.41
26.43
28.56
24.51
15.32
19.28
18.67
11.04
21.86
16.4
14.89
20.86
18.54
21.7
18.17
26.43
22.89
16.85
24.87
28.23
24.77
13.34
13.1
18.26
16.13
22.03
20.85
17.88
19.26
16.52
17.44
20.2
18.28
20.07
23.15
23.65
22.29
24.05
22.1
19.26
14.46
29.48
30.51
18.29
26.27
28.13
26.2
19.88
9.5
17
18.96
17.05
14.33
21.95
24.5
22.34
15.59
23.89
28.45
31.38
30.72
24.54
19.06
16.59
13.52
14
22.82
19.73
15.44
26.83
25.15
21.99
22.35
18.44
19.46
17.55
6.9
17.79
21.21
21.52
15.05
13.15
10.35
14.77
13.11
11.73
17.04
16.73
22.01
15.64
15.8
19.44
14.7
20.31
20.63
14.79
-6.03
7.92
16.08
20.14
21.24
17.38
15.83
5.94
17.88
20.66
13.03
10.72
18.28
21.59
20.73
19.79
18.28
-6.22
19.97
25.04
26.43
25.64
23.24
19.02
12.29
11.51
13.28
18.28
17.48
3.26
17.03
-1.46
20.83
21.94
20.64
18.26
11.44
19.52
22.32
23.28
21.96
10.77
26.35
27.58
17.03
17.53
8.8
13.29
22.62
24.32
19.64
15.7
23.15
24.11
17.6
17.77
15.93
15.9
19.3
12.48
17.57
24.32
23.66
17.92
6.42
12.09
14.3
15.64
17.14
9.74
15.39
19.29
18.3
7.19
9.26
13.06
17.05
9.73
18.83
23.12
18.31
5.37
5.54
16.29
16.4
12.73
18.54
17.61
16.5
17.88
16.14
12.71
13.08
10.86
17.28
15.57
8.92
7.4
14.21
17.44
17.46
19.23
15.62
11.3
15.62
19.69
19.57
18.56
12.35
14.16
15.49
23.34
21.17
9.37
7.94
10.11
2.58
6.06
-21.18
11.49
18.14
19.93
17.51
13.63
18.28
13.09
8.12
13.24
14.84
7.46
5.67
9.27
16.29
14.46
9.51
11.66
15.63
16.38
9.63
11.14
3.56
18.29
20.69
18.38
13.85
9.76
8.64
12.58
10.36
6.26
6.8
9.85
13.32
11.4
14.49
15.22
8.6
11.92
21.26
22.45
22.96
22.62
17.55
12.58
11.61
17.75
17.63
17.7
21.2
8.06
23.92
23.03
17.93
24.76
21.59
10.72
21.38
21.74
16.69
8.92
15.83
22.65
21.96
22.22
20.7
12.81
17.08
17.35
15.3
9.22
19.35
20.67
23.19
19.47
8.2
22.76
21.74
14.62
19.05
19.4
8.47
17.1
10.31
18.29
21.5
19.89
9.3
21.25
24.65
25
20.86
23.86
23.56
19.98
12.08
24.25
24.87
20.26
2.09
13.12
15.27
12.08
15.7
23.5
25.73
22.64
5.78
24.33
24.89
15.83
10.61
20.32
24.6
23.98
17.64
11.97
14.51
6.18
21.99
28.04
25.86
9.32
23.25
18.52
21.8
19.95
2.89
19.33
21.35
22.19
21.99
19.15
14.46
12.62
19.9
19.68
12.6
8.04
18.66
21.35
11.11
26.24
31.86
31.38
27.17
23.44
23.34
23.52
24.05
24.55
22.28
14.06
17.68
10.51
17.22
17.49
19.3
24.49
27.13
25.37
19.63
17.13
19.16
17.88
18.93
21.33
15.2
19.06
21.53
24.86
27.6
26.73
20.68
10.5
6.84
10.97
6.79
12.73
19.91
21.71
17.1
23.41
27.17
26.15
21.28
15.6
15.42
18.3
17.72
14.2
18.42
20.96
22.21
23.93
21.77
14.46
19.33
18.17
15.71
26.11
25.84
19.1
10.69
15.52
18.27
11.51
10.44
15.98
22.53
22.04
23.7
23.97
17.74
10.75
18.5
22
21.81
19.39
25
26.82
25.23
24.58
22.62
11.25
6.28
16.58
18.69
15.53
19.34
20.69
21.58
23.2
21.08
14.33
19.96
24.37
23.48
21.4
22.7
21.95
21.19
19.13
21.29
23.44
22.92
20.35
24.14
23.6
21.43
23.66
22.98
16.44
16.91
23.22
21.07
12.43
19.79
24.24
23.93
19.28
11.45
-1.37
10.96
17.84
23.4
24.85
25.5
26
22.4
12.31
19.18
24.36
18.63
19.84
22.34
21.95
22.46
24.16
26.59
26.1
17.25
20.91
18.18
24.96
23.92
13.66
14.91
18.89
14.95
17.71
26.96
28.67
26.79
23.75
24
22.5
19.91
19.92
13.07
12.62
21.05
23.24
21.11
18.99
13.28
23.72
24.31
21.3
22.83
23.2
19.5
23.06
23.8
20.55
13.09
20.31
22.36
13.32
11.47
13.67
18.99
21.28
17.25
11.88
23.64
24.6
18.21
18.11
21.32
15.83
18.84
20.71
16.76
13.59
14.88
20.93
19.08
16.94
21.53
19.49
23.22
23.46
13.03
16.34
10.96
9.58
5.28
10.68
11.27
12.42
12.25
-11.15
18.23
20.45
10.06
20.11
22.47
19.34
9.7
8.2
16.12
17.86
17.08
9.51
19.01
22.12
17.3
4.01
9.71
14.73
-0.99
20.92
23.72
22.92
18.71
13.47
23.66
23.63
19.91
15.3
18.29
20.17
13.57
15.15
14.45
15.31
11.79
11.6
16.86
16.85
16.77
16.15
13.75
18.35
12.52
5.67
13.68
8.88
5.01
17.67
19.01
17.15
11.44
12.5
18.88
21.82
21.96
15.33
12.27
18.63
-0.18
18.57
17.21
10.61
6.83
17.99
19.63
14.29
6.18
4.82
14.84
20.57
19.53
17.37
19
23.96
24.82
19.79
16.1
18.37
17.67
9.94
12.59
15.6
8.44
19.34
13.17
15.81
16.57
7.54
23.05
26.27
22.99
6.56
17.38
12.84
4.87
12.21
18.05
17.93
17.44
6.68
12.64
13.27
9.64
11.32
14.1
16.43
19.23
14.77
19.13
24.12
20.92
17.88
25.07
25.42
17.29
16.27
6.24
19.37
20.91
19.39
18.51
22.06
21.24
21.78
23.8
14.28
4.44
20.91
26.06
16.05
22.96
26.59
27.94
23.43
17.85
13.62
18.64
21.68
21.35
18.84
13.88
20.24
23.21
23.73
16.26
18.4
21.59
12.28
21.91
20.58
21.89
24.8
22.93
23.63
18.23
10.27
19.42
21.86
17.07
9.3
18.47
18
17.05
10.64
24.08
24.22
23.48
20.09
22.54
18.33
19.45
23.08
20.19
20.62
24.15
26.81
26.65
23.15
20.8
16.48
21.21
12.78
17.66
3.32
19.69
20.71
11.55
9.91
5.87
20.76
23.62
21.78
19.81
18.64
13.47
6.71
12.49
8.52
15.97
20.8
17.62
16.6
15.16
9.73
6.74
4.9
16.74
16.34
16.15
20.96
19.85
19.85
19.85
25.54
19.99
12.79
18.52
-7.74
26.95
31.47
27.94
17.15
11.68
15.01
20.23
20.11
17.44
17.3
25.82
26.67
13.29
23.14
24.36
22.22
22.87
28.11
25.29
11.37
26.41
30.87
29.27
27.37
28.8
26.48
16.83
19.88
18.86
18.27
20.79
22.87
21.66
14.94
16.32
24.03
24.3
22.2
15.72
17.98
26.14
23.57
18.38
18.77
15.47
19.99
39.12
45.5
42.87
30.06
17.74
20.68
17.99
24.86
24.96
15.45
19.12
20.12
19.27
12.54
13.83
14.02
26.66
29.19
25.33
8.48
21.43
17.85
15.06
19.71
20.97
21.22
13.11
34.75
44.15
44.42
34.71
22.87
29.4
27.79
21.3
16.48
27.09
29.65
28.1
18.2
13.33
15
18.69
13.97
8.56
20.01
19.27
12.26
8.76
28.46
34.48
33.55
27.97
22.32
21.35
20.65
18.03
10.6
17.28
16.05
5.48
12.73
23.93
25.6
18.22
9.38
15.75
18.06
20.47
16.83
16.17
10.86
5.25
15.81
10.29
18.86
22.98
17.26
19.23
8.44
37.69
42.34
36.9
19.07
22.38
22.45
21
24.77
18.73
25.82
23.09
16.81
28.93
37.11
37.37
30.9
15.44
20.56
20.21
18.5
18.49
0.01
21.6
22.11
20.13
22.13
22.01
21.4
21.7
21.6
10.25
38.41
44.11
40.44
26.56
22.05
19.64
17.76
18.09
23.04
22.33
2.05
19.55
23.6
26.5
22.74
16.13
21.7
23.4
24.98
22.9
-0.42
21.33
23.54
19.49
7.69
18.06
22.43
17.56
5.75
15.49
23.01
17.73
11.76
13.38
16.08
23.4
20.75
17.21
14.74
18.01
-1.24
18.86
15.53
22.25
24.45
18.25
16.34
21.45
21.36
18.69
29.29
41.54
43.93
36.29
19.19
10.42
14.49
12.5
14.79
17.26
14.16
11.73
20.7
19.44
22.26
24.49
22.74
21.42
19.87
21.32
19.77
19.55
16.48
21.15
20.59
19.3
18.68
23.47
25.68
22.74
19.27
11.72
18.32
22.1
8.67
28.3
33.16
28.39
16.32
16.61
22.6
22.7
18.07
19.78
12.58
28.19
33.06
29.27
19.51
19.53
21.93
18.83
14.81
11.13
12.72
19.55
17.49
17.86
24.77
22.23
23.58
23.56
24.25
25.68
26.49
23.96
13.2
0.99
11.72
19.2
24.94
27.77
16.6
34.5
40.27
36.75
22.87
21.94
24.21
15.12
14.54
22.09
25.5
32.69
36.6
33.86
24.67
25.24
23.32
22.75
27.83
25.43
35.62
42.56
40.7
25.93
28.57
29.66
26.84
22.02
20.43
21.36
5
15.23
26.87
30.73
27.66
23.5
16.62
9.76
23.45
24.73
21.44
26.92
30.99
22.28
24.62
29.77
31.08
27.44
17.86
12.97
25.95
31.98
31.89
28.97
24.28
20.45
22.78
26.71
26.42
22.3
33.16
34.13
30.62
29.1
29.48
30.15
28.99
27.07
24.9
27.75
34.21
35.8
31.37
24.41
28.14
26.23
7.14
26.87
30
31.67
47
49.76
42.78
22.83
30.48
25.9
14.84
36.04
46.39
47.4
38.45
28.76
22.21
24.84
25.3
19.41
29.78
31.6
27.64
13.11
22.49
22.75
14.87
20.27
20.93
23.1
22.12
16.68
10.77
17.17
16.49
15.94
29.49
27.28
28.85
33.27
32.16
28.48
18.48
28.44
30.48
33.17
30.78
24.19
28.19
26.02
17.7
9.78
21.35
27.67
28.06
12.33
24.06
19.73
27.1
25.74
28.45
23.2
21.91
14.75
24.91
28.88
23.44
21.46
16.89
29.58
32.18
31.9
29.08
26.38
27.08
25.48
22.04
26.48
22.97
21.53
28.63
30.73
27.33
30.76
33.24
29.22
25.28
26.27
28.74
26.67
22.15
23.69
23.52
32.32
32.13
26.6
29.29
23.82
31.03
33.1
24.35
28.31
28.69
21.69
14.95
26.45
26.78
27.31
33.27
34.95
31.09
24.83
25.64
25.64
28.5
31.79
30.43
30.38
30.4
23.94
19.56
22.03
22.89
27.79
24.53
28.71
28.67
25.34
25.17
30.42
29.74
24.6
20.08
19.35
19.65
24.16
28.03
29.65
25.97
20.24
29.61
24.31
26.42
16.98
25.93
25.1
21.98
29.19
34.2
32.21
22.9
30.49
31.05
25.37
30.66
31.38
28.09
26.7
24.48
27.21
27.47
26.78
23.55
13.27
20.89
25.38
25.09
20.11
21.41
23.56
23.56
24.14
23.58
20.32
18.71
25.32
27.44
26.84
22.8
6.2
25.91
28.42
25.99
20.31
16.64
23.97
20.36
26.44
21.99
19.25
24.73
26.13
15.14
25.44
24.11
15.41
23.93
23.9
29.21
32.78
31.61
23.48
21.55
16.02
23
25.78
17.89
18.34
21.81
13.85
23.05
28.54
24.95
19.69
17.84
17.65
16.89
25.6
25.69
17.85
26.21
25.52
25.65
20.78
13.95
19.08
23.79
17.94
24.95
27.21
22.04
14.57
12.67
22.24
17.31
23.52
21.83
18.47
16.33
22.65
23.88
23.77
18.99
24.56
23.53
20.78
22.71
27.43
29.67
27.63
25.87
27.02
25.04
19.95
16.66
24.92
24.5
24.65
29.27
27.89
23
18.85
24.28
26.91
20.95
19.4
25.27
25.07
26.22
26.33
27.54
24.33
19.77
20.64
15.39
13.69
20.41
19.55
24.57
23.59
12.71
13.45
20.63
21.63
15.88
26.8
24.85
19.2
16.24
17.92
27.37
23.7
16.31
21.49
24.86
23.58
12.73
19.92
20.5
13.01
18.63
17.99
21.49
21.82
19.6
10.03
22.55
12.92
21.46
22.89
24.23
16.47
16.74
13.94
17.03
9.59
15.49
26.07
25.67
25.79
24.03
27.04
25.58
27.75
27.75
26.68
20.43
18.46
23.95
24.4
16.17
18.89
21.81
14.96
21.54
23.98
22.02
19.69
19.2
24.07
22.74
12.82
15.81
23.65
27
27.86
28.47
28.71
24.84
23.02
21.47
17.12
22.1
26.1
26.1
12.66
21.19
-3.23
27
31.48
29.35
29.72
27.23
23.65
28.53
30.39
31.13
30.3
26.42
29.54
28.23
29.53
30.75
26.27
20.22
24.64
26.53
21.79
15.86
24.04
25.44
23.22
25.66
28.93
26.94
24.29
20.31
18.75
18.9
18.82
25.32
34.19
37.86
34
28.81
26.45
13.47
21.63
24.49
21.94
16.31
10.85
18.92
15.69
27.47
27.82
23.43
26.21
25.42
28.51
26.5
28.43
28.15
23.13
22.25
27.04
28.01
18.53
23.87
26.31
22.96
20.2
24
31.01
30.1
24.39
27.22
15.96
23.43
26.73
26.87
22.27
7.63
22.69
26.36
22.49
11.52
20.4
24.06
15.58
21.32
20.74
18.77
7.25
13.37
22.79
12.46
21.46
21.25
27.79
23.13
16.01
18.89
16.42
20.24
19.51
24.38
23.27
11.6
20.56
20.54
13.92
19.32
21.26
21.3
19.59
21
15.49
18.95
23.97
24.46
11.44
24.13
25.65
29.16
25.9
22.41
25.35
25.57
21.45
19.27
21.83
21.75
23.82
23.49
19.6
13.55
18.15
17.87
25.91
28.87
29.15
29.22
24.3
12.18
12.88
24.44
25.9
16.66
14.86
22.02
24.07
27.02
27.7
19.75
22.59
25.42
20.41
11.92
10.76
13.61
17.28
20.68
23.59
26.74
28.44
27.36
22.46
20.8
19.09
9.2
23.84
24.28
6.35
20.81
22.83
21.18
13.82
7.89
14.82
17.97
18.91
21.62
24.66
17.68
16.76
21.85
19.91
17.76
12.56
20.65
21.95
23.7
23.52
23.41
19.57
19.9
24.44
21.82
16.41
22.93
23.22
14.4
25.85
28.07
24.74
17.95
11.16
7.29
14.18
13.9
17.18
11.9
5.26
13.59
21.57
20.05
13.82
12.67
5.37
16.68
18.86
15.62
14.45
16.03
15.55
15.39
11.82
8.12
16.2
14.76
15.58
10.91
11.26
13.49
3.92
10
15.44
13.45
12.77
14.76
17.78
15.86
18.44
22.13
21.4
19.66
19.48
19.08
21.72
22.67
19.03
13.41
16.25
19.43
14.25
18.82
24.49
20.07
14.87
19.89
21.77
19.44
15.67
13.38
17.71
21.47
19.14
16.75
22.8
10.36
10.7
4.22
5.3
11.2
12.35
17.16
21.64
21.52
21.06
22.8
20.3
20.04
17.93
22.21
26.07
26.08
22.15
14.7
9.55
6.88
12.08
19.35
17.25
13
11.93
5.29
17.49
2.93
16.44
16.06
10.25
18.35
10.74
5.07
9.19
6.68
-1.91
1.32
1
12.49
17.15
12.05
17.83
20.33
14.75
4.43
14.8
15.23
10.5
9.26
17.18
20.74
17.99
19.83
19.82
11.78
18.89
21.72
17.41
16.31
16.01
10.85
15.72
19.05
21.17
21.8
16.72
17.52
10.46
12.19
11.24
18.03
16.87
8.97
10.29
18.6
20.84
14.59
15.78
19.16
22.43
14.94
19.22
23.07
23.41
17.43
13.55
12.62
8.84
9.35
10.3
16.82
16.6
16.2
21.1
25.46
27.81
20.99
14.27
16.22
17.51
20.03
19.98
18.88
20.26
19.39
12.58
12.4
19.66
19.44
4.87
1.14
17.09
15.63
14.96
22.05
21.6
17.74
17.2
13.3
2.59
13.34
16.88
4.42
24.87
30.22
29.3
23.35
23.21
25.47
25.36
20.28
18.87
21.52
22.06
23.47
17.19
21.65
21.6
14.26
14.77
11.05
17.29
16.68
13.23
17.89
14.58
8
13.78
17.91
24
26.35
22.37
16.95
18.89
16.83
13
6.38
15.74
22.37
22.26
22.28
24.97
26.28
27.01
25.2
20.06
19.83
20.6
22.04
20.74
20.98
21.67
22.92
21.71
18.82
23.15
27
28
27.23
25.61
25.36
24.64
22.41
19.73
18.47
22.38
25.48
24.14
20.83
16.19
17
19.45
19.07
22.28
13.09
11.68
17.91
18.68
17.04
21.49
24.28
22.26
13.53
21.75
19.6
17.2
18.57
21.13
24.38
19.78
17.53
21.75
12.38
17.62
25.58
24.47
18.9
21.32
20.67
17.45
22.62
19.51
13.14
19.96
21.31
16.67
7.65
17.66
11.38
15.52
17.26
14.35
25.95
27.94
27.09
26.6
31.55
35.44
31.14
22.8
21.94
20.93
21
17.21
16.82
21.02
21.34
18
18.83
22.53
20.99
9.46
11.73
13.12
16.05
18.7
23.12
25.56
22.82
16.84
19.13
9.83
18.66
20.7
17.31
18.63
19.23
22.33
24.81
23.63
21.37
17.48
20.64
19.81
21.35
18.38
18.23
19.6
20.12
22.91
23.25
18.77
18.1
24.62
26.09
19.22
14.66
21.87
17.49
16.65
22.95
21.96
16.3
15.36
13.91
12.37
14.26
9.03
18.77
13.05
18.09
17.77
-8.95
19.98
23.12
23.8
22.37
18.6
10.66
1.27
18.15
19.71
16.98
15.46
18.37
18.95
11.36
18.26
24.2
23.88
14.85
3.79
1.92
-1.17
12.63
19.23
22.24
24.8
19.89
18.04
12.87
14.76
20.48
19.5
16.73
17.68
11.61
9.91
21.39
23.64
16.72
21.74
13.08
15.05
13.98
14.25
19.02
18.88
17.51
12.92
16.21
20.04
17.75
11.96
12.62
13.88
16.02
15.69
9.37
20.76
21.73
16.61
13.03
22.78
23.6
23.27
27.02
26.73
13.3
12.15
-0.13
6.25
9.88
13.48
22.08
22.44
18.4
12.7
19.57
20.93
19.67
23.07
25.31
23.6
12.05
9.49
14.5
19
21.95
19.56
6.51
13.84
13.81
7.25
15.3
17.56
9.69
14.52
19.31
8
20.14
19.46
17.92
10.34
15.07
18.9
21.73
19
8.08
7.94
7.89
11.65
2.8
13.24
19.77
20.79
20.71
23.63
23.21
20.43
20.67
20.07
19
16.89
14.09
20.81
22.51
18.39
14.28
7.66
17.24
21.62
15.89
17.49
20.7
16.29
18.09
20.27
21.72
19.7
9.9
16
17.44
13.2
8.69
18.41
19.57
20.49
23.16
22.18
19.62
16.74
15.24
21.28
23.07
19.76
18.27
16.36
23.68
25.22
20.73
19.28
10.95
14.54
16.8
17.31
17.02
19.27
19.79
17.42
14.84
11.61
6.54
3.49
11.43
18.55
21.43
19.85
15.41
15.61
18.37
12.83
-3.93
5.72
15.77
16.14
10.08
17.12
17.98
20.69
18.89
8.95
17.34
19.21
15.71
13.23
14.81
7.19
-6.04
7.18
7.39
-4.43
9.72
15.18
17.21
15.43
17.56
19.72
19.52
17.15
15.21
12.34
9.47
7.3
6.01
13.24
6.96
6.18
13.44
14.16
10.13
12.78
17.25
15.3
-15.86
18.39
22.38
21.37
19.56
18.35
14.41
10.95
17.92
17.89
17.03
17.83
16.04
15.1
13.91
11.69
16.75
15.97
8.65
10.32
17.31
14.81
15.92
19.68
16.1
0.53
3.48
14.88
21.5
21.36
16.95
16.92
6.03
17.46
19.28
21.65
23.82
22.22
20.19
21.45
17.09
9.88
14.65
17.43
17.55
18.26
17.5
10.51
4.49
13.35
14.94
15.75
15.73
16.7
16.59
7.18
4.93
12.76
13.17
14.01
17.1
20.06
20.56
15.33
8.42
10.04
7.75
10.9
8.89
9.2
10.77
5.2
12.68
15.41
6.29
6.68
9.22
9.77
9.67
13.2
14.61
15.5
9.04
9.07
9.32
13.64
20.05
19.68
14.04
8.53
18.19
15.94
6.71
16.11
13.01
10.89
13.7
6.15
12.68
16.43
17.57
16.3
15.68
12.89
-2.16
15.98
19.51
14.02
9.23
10.03
11.69
11.39
-3.25
11.36
10.8
9.61
12.79
20.01
21.57
18.04
10.86
7.45
13.1
14.03
10.62
11.2
2.97
3.15
5.05
11.49
15.36
16.65
17.02
11.64
10.32
17.13
14.32
1.37
3.39
8.06
10.75
13.53
15.52
16.7
15.63
15.82
15.01
16.53
16.84
15.57
14.2
14.66
12.8
5.21
9.91
15.43
20.64
17.91
17.13
7.45
12.68
13.83
16.2
8.82
13.54
14.17
12.09
4.39
19.04
18.8
10.81
15.41
19.04
19.44
16.88
9.49
14.22
19.24
17.39
18.13
17.02
15.31
13.64
13.66
16.28
18.92
19.76
18.27
15.43
5.19
1.04
11.8
15.39
10.5
15.36
15.17
9.65
20.06
19.27
16.22
14.84
13.11
13.21
14.56
7.47
13.5
16.85
14.07
14.61
13.03
8.01
18.97
19.77
17.18
10.9
9.63
6.17
15.34
-8.25
19.21
21.87
17.43
14.96
15.82
17.73
22.14
19.28
14.43
12.27
9.51
13.25
16.89
20.8
19.52
16.84
16.25
11.48
12.24
16.8
15.88
8.19
17.55
23.3
25.54
20.32
10.26
12.51
19.35
22.52
22.77
16.43
20.77
18.75
16.98
19.05
21.18
20.44
14.36
14.88
18.52
16.06
16.44
14.94
9.21
9.39
12.3
12.81
15.89
20.32
22.27
22.19
21.04
19.03
12.64
6.65
2.79
11.35
16.75
9.7
10.12
15.36
19.23
20.74
18.37
7.63
6.18
-0.19
5.37
-7.2
6.93
12.26
13.67
17.54
17.91
13.13
11.29
11.55
13.19
15.45
12.14
14.11
21.31
21.32
17.09
13.62
20.96
20.22
16.73
13.27
11.13
3.51
-2.27
0.72
10.63
8.15
14.25
18.34
12.64
11.55
7.9
11.76
14.35
13.01
10.68
12.25
11.96
19.13
19.03
21.31
19.58
9.03
10.33
-0.35
14.37
15.44
17.9
18.04
10.45
7.48
11.37
-0.1
6.78
8.34
12.88
13.58
12.55
12.05
14.08
14.07
16.29
15.23
11.31
15.31
7.3
1.66
4.37
-4.97
11.5
18.32
18.08
15.07
12.29
-7.84
16.8
19.63
15
1.87
10.91
4.75
16.74
15.42
-4.41
1.18
10.33
6.36
19.37
19.76
14.87
17.12
15.93
-1.75
9.65
14.3
23.36
25.6
21.99
19.71
23.06
21.96
19.46
17.78
13.41
15.47
18.58
18.14
18.99
21.68
23.21
19.03
11.45
14.98
22.1
18.21
6.67
13.24
13.25
12.34
17.43
18.06
14.15
17.11
22.79
20.74
17.77
18.86
20.59
20.99
19.71
14.78
7.67
20.16
20.71
18.55
16.47
14.61
8.43
13.71
16.93
15.79
20.02
17.86
18.5
17.12
8.28
13.79
14.56
17.44
16.74
9.93
-0.01
11.46
14.39
10.94
13.86
17.42
17.59
19.1
19.11
15.21
15.97
15.61
19.8
17.93
4.17
13.05
18.46
14.02
11.61
17.7
18.16
16.12
11.57
11.6
15.59
20.33
19.92
19.73
16.29
6.8
8.62
13.33
9.15
5.39
14.28
19.5
13.26
11.7
15.24
16.15
16.03
16.42
17.57
22.81
22.32
11.34
0
8.16
14.42
20
21.95
20.46
22.6
26.04
23.02
20.35
21.98
15.85
19.68
20.86
17.14
23.03
19.84
22.7
19.01
20.8
21.27
21.2
23.42
24.64
23.37
16.65
10.36
13.19
15.37
15.1
15.3
19.9
24.98
25.48
22.51
24.59
25.47
24.89
23.73
16.2
18
16.26
16.21
14.71
6.98
12.66
19.17
19.75
6.7
15.17
24.59
27.91
27.9
25.4
24.52
23.19
20.52
13.3
18.68
16.45
17.11
20.61
19.27
20.57
15.53
20.69
20.69
20.52
21.34
19.3
19.01
18.75
16.52
15.04
19
14.64
15.75
16.32
22.54
23.98
22.28
21.54
19.17
15.83
20.89
21.98
15.22
12.01
12.57
10.14
20.2
22.12
20.1
17.89
11.96
13.27
13.5
10.62
11
17.04
15.52
18.36
16.06
9.85
21.41
24.01
26.2
25.78
25.2
24.78
21.13
14.99
13.9
16.88
5.67
15.34
18.86
18.22
19.27
14.98
8.45
14.26
21.7
20.12
22.19
27.11
27.88
25.99
23.18
20.22
17.63
20.51
16.09
16.57
21.4
24.44
19.98
20.69
22.72
26.04
27.59
24.21
24.64
24.02
20.48
19.83
18.3
15.66
18.01
19.73
21.51
22.52
24.85
25.84
25.01
24.36
23.84
25.12
21.54
15.98
9.18
8.22
12.65
17.67
14.48
17.98
19.83
15.58
19.94
17.39
17.27
17.62
17.01
19.12
21.82
20.26
13.17
18.39
15.61
14.14
18.25
20.51
20.25
23.79
23.88
19.47
17.77
1.62
8.17
20.49
18.43
9.34
11.65
6.38
16.57
18.8
16.02
17.84
18.53
12.61
12.35
7.31
15.66
3.36
21.62
24.25
23.49
21.68
6.04
17.78
16.22
21.64
22.98
19.93
12.98
13.14
8.21
13.77
15.39
16.71
21.19
24.21
23.98
22.47
17.66
18.53
23.31
21.19
5.41
17.5
21.54
20.03
20.92
24.13
20.12
11.9
18.72
22.46
21.79
20.99
22.39
21.91
14.46
-0.43
-0.28
16.18
21.67
23.16
23.08
23.71
21.35
12.6
16.9
18.29
13.8
9.24
12.41
17.83
19.12
14.57
13.61
18.4
18.67
16.08
8.07
-0.92
6.05
12.38
12.94
1.83
14.4
17.93
11.29
14.59
18.7
15.47
13.67
16.59
16.24
18.44
21.63
19.14
11.3
11.91
18.89
18.48
14.3
13.54
14.6
15.35
18.34
21.67
21.43
13.8
9.92
12.51
15.96
19.96
20.09
17.66
16.43
8.86
16.68
20.37
22.55
24.19
20.48
4.82
15
14.95
17.25
16.16
13.66
16.91
19.33
19.75
19.82
16.16
12.87
17.25
10.55
1.1
13.91
10.19
15.01
16.96
12.62
19.09
15.29
16.23
21.07
12.9
15.79
18.26
14.86
9.15
-1.71
8.6
11.64
9.51
18.32
17.84
-2.88
14.63
19.98
18.86
7.66
14.75
13.63
18.6
23.31
19.27
11.97
-7.72
10.34
17.52
22.02
23.13
20.22
12.2
12.77
17
16.96
18.88
18.1
8.99
11.94
1.85
-8.67
6.6
13.54
18.7
18.41
17.18
13.7
9.83
7.3
14.71
9.2
1.69
12.49
13.68
19.09
24.05
24.99
22.99
17.4
12.53
17.25
14.91
14.08
22.44
21.07
9.83
9.45
14.42
18.09
19.03
14.23
0.83
3.77
9.17
14.21
14.79
15.65
11.27
-14.88
10.41
17.83
15.82
16.69
17.01
8.34
11.51
16.66
13.71
1.33
9.58
17.7
19.67
19.37
15.37
11.4
13.57
13.62
13.16
16.63
16.94
16.43
9.81
6.81
2.21
7.11
17.58
18.08
10.75
10.06
17.94
15.91
12.42
7.84
6.22
10.54
3.56
11.22
13.77
8.1
4.59
14.23
16.03
16.86
11.29
4.41
10.33
11.02
12.18
1.94
9.34
1.92
7.7
14.28
15.99
13.37
13.7
17.16
15.58
6.34
14.79
12.44
1.08
11.28
10.8
8.49
17.72
19.39
19.67
15.25
-2.1
5.85
6.97
11.35
16.88
8.15
14.92
17.26
0.32
12.14
13.49
18.77
18.7
18.87
19.45
17.58
14.26
4.24
4.75
13.77
17.29
14.61
5.24
6.01
6.26
9.89
18.89
17.88
7.52
14.66
20.96
16.3
9.08
15.45
12.25
18.44
21.72
21.06
14.02
9.02
13.76
15.97
20.36
18.8
1.41
10.04
-1.21
11.96
6.48
1.76
8.77
12.31
8.05
11.36
9.58
11.67
8.5
13.64
20.04
20.8
19.22
22.02
23.02
16.8
-11.51
11.57
15.24
12.44
9.41
10.66
7.43
10.92
13.31
13.63
-7.67
19.53
23.29
20.96
13.29
17.07
13.95
5.32
14.23
18.4
15.38
5.7
7.22
9.13
11.31
10.9
2.12
13.96
17.97
19.46
17.51
11.51
10.13
16.23
18.61
17.47
12.62
6.5
14.31
13.35
1.09
6.1
10.52
18.13
16.54
10.6
17.82
19.88
20.79
17.04
14.25
16.49
10.86
11.23
13.41
-0.9
11.54
14.22
12.1
7.06
3.92
10.41
14.94
15.7
14.83
12.16
11.26
16.29
15.72
14.96
17.23
20.33
20.62
15.16
-12.9
13.71
13.83
0.87
14.53
10.7
13.19
17.63
13.15
7.75
8.6
8.26
12.31
16.6
16.74
17.75
13.79
14.68
17.89
12.47
6.23
12.01
12.68
10.4
7.97
2.07
11.99
13.56
8.83
9.48
10.46
14.52
8.45
5.68
-11.02
9.53
13.66
12.61
10.81
8.71
2.93
13.52
15.04
14.64
9.23
11.34
17.31
13.56
1.56
4.68
8.32
5.02
7.3
4.66
-2.46
9.27
10.94
11.92
9.88
6.25
7.62
10.87
6.2
9.38
10.1
6.96
14.22
15.27
10.64
9.09
17.19
20.05
20.42
19.47
16.55
16.83
18.5
16
15.13
18.06
17.35
9.85
3.72
6.57
5.21
5
-1.6
7.34
14.07
14.04
6.29
5.48
13.65
15.67
15.68
16.29
17.09
15.42
15.56
13.46
7.04
10.17
11.78
10.71
-1.13
9.23
12.26
14.8
15.68
10.16
9.63
17.52
18.05
16.37
16.11
16.61
17.22
12
8.09
10.81
8.85
13.46
12.01
10.72
4.06
10.14
18.46
21.59
19.1
11.16
15.78
19.28
19.78
16.37
-4.47
13.83
14.2
7.13
15.85
12.44
10.14
17.1
14.62
4.72
6.84
5.92
4.71
-0.22
5.7
7.98
5.12
4.98
8.35
-16.63
7.86
17.07
21.69
19.67
16.34
17.21
17.45
18.54
19.56
11.51
14.11
18.2
16.57
14.54
17.24
13.47
8.58
14.28
1.88
7.26
2.12
12.98
14.08
14.75
18.56
19.86
17.93
13.4
5.62
-0.69
1.66
10.3
13.76
14.73
16.74
18.11
18.7
15.53
7.22
17.21
16.89
16.85
13.84
10.8
15.48
14.64
12.41
13.71
14.17
4.26
9
15.31
14.06
2.61
0.8
7.77
12.13
9.19
-3.06
2.41
17.34
23.02
21.68
13.9
11.41
12.67
14.44
6.65
11.96
18.34
17.98
11.7
-0.86
1.44
7.17
9.4
7.69
10.22
11.92
11.52
15.1
14.77
5.78
8.21
11.57
10.09
12.53
16.82
15.91
5.64
16.04
15.54
10.69
11.7
6.17
6.22
14.24
19.07
14.15
12.87
15.73
20.65
19.23
5.02
7.9
17.61
19.81
18.56
20.21
21.99
19.96
12.56
5.47
1.96
15.95
21.92
21.59
17.27
10.6
-5.02
9.7
13.03
9.31
12.02
14.86
12.83
5.95
-2.37
8.72
11.66
11.49
14
18.47
19.24
12.78
9.98
15.08
15.47
9.71
14.5
9.64
8.09
5.8
8.69
9.15
0.99
11.84
14.35
15.93
12.04
7
13.65
14.41
12.17
14.16
14.06
14.03
13.87
14.91
18.26
15.61
1.39
18.07
19.47
14.74
3.3
14.69
11.6
4.42
6.91
5.4
7.64
15.57
18.22
8.25
5.02
7.03
16.43
13.05
8.31
16.36
17.48
14.12
12.95
13.29
3.82
12.77
19.67
18.66
13.99
15.93
7.27
11.23
11.19
12.04
12.54
5.01
8.25
16.97
19.87
18.68
11.82
11.64
-3.7
14.4
14.1
11.12
15.82
14.73
4.65
11.36
10.91
7.89
8.27
9.89
7.05
4.74
12
11.79
10.67
13.28
9.61
12.16
15.2
10.95
1.43
14.04
15.47
6.24
12.56
9.15
9.48
16.79
17.94
8.76
13.94
17.41
16.67
13.85
12.28
3.8
12.93
11.41
10.05
7.89
17.3
19.32
21.22
18.81
4.6
13.79
15.62
11.18
10.89
14.39
9.12
3.08
12.57
14.46
13.29
9.99
10.34
16.63
17.55
16.06
15.75
12.62
10.24
6.59
6.67
13.08
11.59
9.54
11.63
10.79
7.36
2.53
6.94
11.55
11.73
14.5
9.61
3.57
10.64
7.53
3.12
14.94
14.61
8.24
10.74
6.87
15.31
15.73
10.51
7.09
14.84
15.29
12.88
8.29
4.35
3.91
9.61
8.56
5.59
11.37
13.75
9.77
9.97
11.08
7.67
11.75
14.53
13.62
4.81
6.25
-2.49
5.31
8.92
9.87
11.16
5.88
9.77
11.81
-0.17
-1.84
-1.86
8.29
10.44
14.49
15.61
6.84
9.24
14.32
16.43
14.15
15.07
15.2
11.65
8.71
12.85
10.79
12.64
12.98
1.49
9.3
8.89
9.43
7.21
14.05
14.33
11.1
6.6
4.81
0.47
9.06
15.49
11.69
5.59
6.83
9.39
3.16
12.9
9.41
7.04
11.88
13.56
15.66
13.18
13
2.57
4.92
0.08
8.4
17.08
17.44
15.29
13.02
13.76
7.6
11.8
4.85
6.03
9.7
12.23
11.67
8.87
8.18
5.34
6.6
13.46
11
7.05
11.63
14.9
19.07
19.43
7.9
15.61
18.27
16.37
11.22
10.97
17.46
15.2
4.19
14.81
17.12
14.56
11.07
10.94
13.55
14.64
20.43
19.49
15.48
8.53
10.43
15.46
12.65
3.75
17.88
19.07
10.08
9.8
7.9
11
11.81
13.66
12.87
12.13
12.72
10.55
6
12.66
8.84
-4.83
-0.09
5.45
4.93
-9.02
-3.3
13.6
16.98
14.89
13.47
9.47
15.06
14.71
7.06
5.33
2.12
12.68
18.17
21.1
21.01
13.24
11.66
15.87
15.63
11.66
-0.01
11.32
15.34
14.36
15.87
12.24
-0.28
15.89
14.44
5.14
10.86
6.07
5.05
11.95
0.56
8.74
16.35
19.56
13.66
10.87
8.34
5.15
1.12
6.37
8.92
4.38
2.04
12.18
13.26
3.85
0
6.36
16.59
16.29
7.72
15.28
18.11
16.85
11.95
10
13.69
8.69
6.72
9.7
11.32
13.93
13.78
9.15
1.27
5.15
11.55
8.04
0.88
10.63
12.32
11.62
5.66
10.09
13.7
12.94
11.21
15.12
16.2
10.62
11.83
16.4
18
15.8
3.31
11.98
12.35
15.92
18.34
17.49
15.89
15.43
8.07
12.07
15.89
12.43
6.78
10.72
17.76
16.91
18.94
18.64
12.46
0.92
9.46
15.59
16.14
15.37
16.76
19.17
16.3
3.22
13.41
19.29
17.94
11.86
7.31
10.66
5.55
15.12
18.06
12.2
8.62
11.03
12.69
10.92
5.59
-8
2.96
12.76
16.79
17.65
18.48
19.26
20.14
18.59
13
8.33
16.35
16.95
16.45
16.08
18.95
17.32
15.7
3.21
5.71
7.3
9.88
7.61
3.31
8.41
7.7
-9.15
8.91
15.49
12.96
13.61
14.35
4.74
4.49
16.68
18.92
13.18
12.74
15.72
15.9
18.86
19.41
14.23
14.05
11.64
-2.22
5.64
14.55
18.48
17
13.21
9.7
6.67
2.23
4.74
11.29
14.63
10.46
10.58
17.2
16.54
15.74
11.7
5.31
-11.01
2.77
-3.22
9.42
15.64
17.43
16.34
9.99
10.65
15.85
15.14
9.64
7.37
5.15
4.45
11.55
11.79
3.81
6.37
9.03
1.8
9.3
9.23
11.01
12.79
15.71
14.75
13.97
13.79
10.46
-4.37
5.72
12.14
14.21
11.65
15.22
13.95
6.34
14.72
14.43
9.28
13.8
14.13
12.21
10.34
13.6
16.55
14.02
7.14
10.22
15.6
18.85
19.66
17
12.94
11.44
4.02
0.5
-4.18
2.85
8.99
10.72
13.83
13.68
9.77
12.15
14.83
12.44
12.16
12.57
5.03
9.5
13.77
12.47
1.78
8
13.26
9.56
17.4
16.63
12.22
12.95
11.89
2.38
17.8
16.84
6.79
2.26
7.28
9.33
7.52
13.39
14.32
14.91
19.24
19.31
10.57
7.89
9.97
7.2
10.98
12.58
9.78
10.78
9.37
6.6
8.21
16.63
15.59
9.65
14.57
12.43
13.07
14.25
16.62
13.19
4.76
15.75
16.53
12.4
-0.58
7.4
1.96
9.95
17.51
18.92
15.98
9.54
11.41
13.83
10.21
13.05
13.29
5.34
16.45
16.7
17.01
16.32
10.14
-1.28
6.88
9.25
16.33
15
10.59
14.83
16.93
12.5
3.92
11.16
12.99
-0.59
14.03
18.16
19.19
17.17
11.37
16.51
18.65
14.12
8.03
7.27
14.44
18.22
16.65
12.06
16.99
17.57
12.74
11.72
9.85
-21.77
15.53
19.42
16.31
10.36
10.83
10.58
15.56
14.82
11.22
14.11
16.66
15.58
15.32
13.6
14.19
19.39
20.23
16.69
6.24
5.1
7.2
5.31
11.47
9.77
-2.26
-6.41
8.3
14.38
16.06
15.81
17.9
19.6
15.95
11.6
13.75
12.05
2.95
11.4
14.75
19.21
18.69
8.19
8.99
0.88
15.36
18.92
16.34
9.46
14.32
16.64
14.52
14.12
13.06
15.05
15.68
14.32
14.06
11.78
6.43
-3.69
9.96
3.73
8.16
7.26
10.24
-8.6
9.82
9.29
12.91
17.08
11.9
7.53
11.42
3.38
5.35
10.23
6.31
7.86
12.96
10.27
7.08
11.53
7.86
-3.32
7.06
7.02
13.55
16.3
8.42
6.16
5.89
-1.55
-0.49
-11.28
9.63
11.26
9.06
13.12
14.24
11.17
14.16
17.01
12.07
9.95
17.7
17.76
16.47
13.65
16.88
13.98
14.4
19.31
19.58
17.26
6.09
8.44
-6.66
11.19
6.93
6.66
13.18
9.57
7.91
13.3
10.72
9.98
11.03
15.09
16.47
13.39
10.92
15.44
13.84
0.09
15.61
16.08
11.52
3.27
2.02
3.94
7.45
6.09
-3.97
4.65
6.44
2.54
3.95
6.92
7.92
12.57
12.85
-1.09
12.33
12.06
11.45
9.5
7.48
5.25
9.15
14.31
16.34
15.09
8.03
12.48
16.8
12.59
-2.35
-1.28
1.65
10.3
7.22
10.38
10.52
10.53
8.88
5.47
7.73
10.14
9.19
15.44
17.47
16.56
14.7
1.49
10.72
12.17
4.15
0.55
8.14
12.83
10.82
0.78
4.09
12.35
17.11
17.92
15.48
9.31
3.63
15
17.35
15.33
10.3
6.61
12.22
15.15
14.43
12.37
16.69
17.44
10.99
4.41
12.96
11.64
5.93
11.53
15.91
18.54
19.11
15.88
9.54
2.82
10.21
12.87
10.55
-0.24
14.28
15.86
14.62
12.35
10.2
9.01
16.64
17.5
6.67
4.11
8.52
12.15
14.12
11.14
1.04
-8.3
6.05
13.79
13.89
11.11
10.35
11.19
8.42
9.15
11.66
14.43
16.82
17.14
13.18
7.64
4.95
8.22
13.45
12.3
-0.8
8.49
14.94
16.51
16.49
16.26
14.19
13.98
12.02
-6.8
8.26
7.58
9.92
10
-1.76
12.93
14.73
8.33
8.25
6.86
13.9
16.69
16.45
16.25
10.56
-7.65
12.43
14.41
7.57
10.6
12.17
9.57
5.52
10.27
14.61
15.18
12.69
2.89
0.25
3.69
10.59
13.71
16.51
16.23
4.04
13.81
11.03
13.86
17.8
19.58
15.58
1.81
8.34
3.78
2.1
13.64
14.41
13.91
14.77
16.2
8.74
2.12
0.39
4.95
11.31
15.8
16.05
14.82
7.49
8.79
11.94
0.89
9.84
10.69
0.66
10.97
14.72
12.35
-0.81
8.13
12.15
14.03
17.04
10.67
9.8
14.28
15.02
14.58
10.07
10.36
1.5
8.89
4.29
9.64
10.64
8.88
15.05
16.21
13.44
13.76
14.23
15.28
14.12
16.58
16.03
11.53
10.1
4.75
8.38
3.96
14.48
12.12
4.71
-4.29
5.12
13.7
12.24
9.68
6.74
8.93
13.43
12.11
9.01
10.21
2.3
11.5
14.52
10.03
8.43
11.17
-6.95
2.7
9.62
15.1
17.88
20.94
18.41
9.61
1.88
9.4
16.84
16.05
10.49
8.12
13.85
16.81
10.74
8.56
15.66
16.78
19.54
19.46
14.8
15.94
12.81
1.56
10.09
12.94
15.1
18.96
20.33
12.64
12.6
7.81
7.67
14.16
15.67
14.51
3.95
15.4
13.15
15.48
15.06
15.04
19.13
17.81
16.05
8.36
4.17
4.85
5.4
1.77
4.7
9.26
10.16
15.09
14.41
6.81
5.67
3.51
8.34
-4.25
11.69
13.82
7.21
7.99
6.62
3.91
5.69
3.27
16.95
17.5
9.72
4.88
9.44
7.89
6.63
14.66
18.6
18.3
14.57
2.48
10.98
7.65
13.3
8.89
6.77
12.61
14.31
16.36
15.38
11.34
12.81
18.69
21.09
18.69
9.61
12.25
12.18
15.6
16.53
18.49
18.52
17.41
15.28
7.66
9.64
17.26
15.33
9.15
7.61
7.14
12.55
16.79
19.78
20.55
19.82
16.48
11.47
8.2
11.04
16.92
10.54
8.3
11.22
11.12
12.25
15.68
17.4
18.69
18.02
11.2
1.41
7.73
12.63
16.07
19.24
19.99
17.86
14.42
13
11.89
9.03
2.28
9.75
10.97
-1.9
13.21
13.47
15.79
18.5
18.3
21.39
20.14
13.77
14.78
17.82
15.76
3.93
12.4
15.73
14.52
9.43
11.91
6.07
2.56
-0.13
0.84
7.11
6.23
17.84
18.88
16.52
13.41
9.58
9.4
11.98
13.72
11.35
10.64
-0.3
8.18
13.73
12.52
20.13
22.3
21.4
18.22
6.78
9.97
15.34
19.09
16.44
4.85
10.76
13.89
4.46
13.29
17.03
11.99
13.21
15.66
13.75
11.1
9.6
10.86
17.14
15.25
6.01
18.19
20.44
17.68
15.37
7.75
3.54
2.02
13.04
12.18
10.71
5.96
13.74
17.14
5.5
13.6
13.25
11.74
15.26
16.69
16.67
16.15
11.48
-1.42
12.16
10.37
9.13
12.59
13.87
13.67
12.07
12.13
10.15
-4.65
5.44
7.19
9.97
-4.16
3.32
5.59
13.05
13.99
9.83
-4.9
14.74
13.16
5.27
9.38
9.53
1.67
11.46
12.48
12.76
14.41
11.46
-2.28
15.31
17.19
12.04
9.97
13.75
12.43
8.07
13.31
16.71
13.14
6.16
1.86
5.07
10.09
15.31
8.23
6.08
7.77
11.11
14.79
16.28
14.26
9.56
8.78
14.73
16.45
15.11
-13.87
12.67
13.21
8.56
3.01
