7.02
12.34
11.64
2.39
2.82
9.26
10.7
9.43
-3.71
7.41
2.05
15.02
13.08
9.49
8.34
1.45
10.08
12.25
7.11
12.73
7.92
0.48
1.82
5.95
5.68
4.36
7.81
6.06
4.52
10.99
11.82
13.82
15.87
14.99
10.25
4.41
-9.73
5.22
7.9
9.9
12.13
10.98
14.97
17.63
16.82
11.31
7.24
11.98
7.08
5.04
-9.68
-1.72
6.41
8.83
7.45
3.6
6.94
14.37
16.77
14.84
0.52
11.74
9.75
6.97
-6.58
9.86
13.27
12.16
9.27
2.26
3.67
5.99
6.57
6.55
10.72
13.52
10.69
12.01
13.14
5.77
7.73
9.07
3.44
-14.78
9.58
14.82
9.76
4.3
6.38
10.76
14.1
13.99
13.14
11.5
3.79
5.21
5.85
7.11
10.51
-1.97
6.16
13.72
12.95
11.23
12.34
13.01
12.06
8.5
-4.98
7.99
8.69
3.8
7.97
12.74
15.57
16.41
10.83
6.73
11.55
10.84
6.64
6.9
11.12
10.44
9.05
9.35
8.43
9.78
7.74
4.91
9.86
14.58
14.73
14.94
16.48
13.67
-1.82
12.13
12.72
8.45
8
11.89
10.14
11.12
11.9
5.75
-2.82
-1.13
-6.12
-1.85
3.27
6.66
7.14
12.08
12.3
12.54
11.57
11.81
9.68
2.35
8.27
10.83
13.05
12.71
8.55
3.24
5.13
-2.94
6.23
6.89
6.04
4.42
0.53
5.97
13.14
11.43
4.27
4.19
13.69
16.96
12.85
7.78
11.67
9.96
5.81
-9.2
4.04
3.64
4.89
6.37
7.6
5.8
10.38
2.75
1.46
4.82
-1.57
2.73
6.26
7.1
12.01
8.56
7.22
4.65
2.8
-2.5
-5.87
7.18
10.72
2.7
5.48
6.25
10.76
11.67
7.08
6.59
9.5
6.87
7.65
6.76
5.88
12.8
9.03
3.23
7.51
9.02
5.8
0.47
6.12
1.24
-2.15
3.06
-4.61
0.6
9.06
6.03
9.67
12.08
7.82
11.1
12.12
4.33
2.75
-2.23
9.35
13.02
13.55
12.66
9.38
1.04
-7.33
8.72
12.72
7.69
-2.48
5.51
10.1
8.97
12.76
16.32
13.12
10.8
8.26
9.27
1.37
6.77
5.86
4.51
12.82
16.95
13.12
-5.72
10.49
12.1
0.03
5.29
2.43
6.83
10.33
5.7
9.79
0.82
13.05
15.14
14.99
17.5
17.02
14.58
10.42
6.64
11.2
10.1
6.92
10.78
15.83
15.41
10.57
5.5
3.71
3.1
10.56
13.19
5.5
4.13
3
6.32
5.61
3.64
7.35
10.52
9.2
8.37
9.5
10.69
8.38
11.93
7.78
3.55
7.55
11.17
8.82
8.24
15.61
12.46
12.28
11.76
5.7
3.64
10.06
11.61
9.05
-13.51
8.23
12.66
14.27
11.13
2.84
10.85
15.3
16.39
8.22
11.63
16.09
14.12
10.57
7.6
2.95
3.83
4.4
-2.52
3
-1.53
5.13
12.38
10.29
12.52
16.27
16.12
13.9
12.01
12.22
7.74
3.77
-0.53
4.87
4.92
8.96
13.98
15.88
13.72
10.77
12.55
8.12
10.13
5.58
6.59
7.06
7.12
9.37
-0.51
8.66
10.69
-5.85
12.29
9.36
-0.84
7.91
10.16
13.7
14.72
2.26
12.22
5.02
1.65
6.21
-8.83
4.91
9.32
13.06
11.19
8.02
10.72
9.72
8.3
4
-8.63
-0.59
7.59
7.99
12.14
10.65
2.88
6.36
11.03
14.52
12.69
2.39
11.87
-2.28
12.42
5.96
11.51
11.41
2.66
5.85
4.52
7
2.46
-6.58
3.64
1.7
3.64
7.26
7.9
7.1
7.84
7.53
9.17
5.92
-5.86
3.17
-6.36
8.85
4.67
6.31
10.47
7
0.23
0.6
15.02
16.87
12.09
6.9
6.04
5.5
10.03
10.33
11.46
12.19
9.36
9.64
12.93
7.99
14.09
16.55
15.05
9.25
3.53
13.7
17.51
19.69
19.33
18.15
18.32
16.45
14.76
11.79
6.54
3.39
5.03
5.06
0.38
4.54
-0.56
5.26
12.13
11.22
12.23
13.2
1.23
11.64
15.41
13.55
6.13
15.55
17.59
13.12
-2.79
10.33
13.47
10.84
8.85
7.88
11.73
13.73
10.5
-13.86
8.92
14.86
16.57
12.61
7.22
13.94
12.84
2.37
7.74
0.24
8.35
11.1
11.65
12.6
7.37
8.65
12.95
9.49
5.77
8.94
12.9
10.77
11.05
12.94
0.89
8.47
11.05
6.68
12.23
13.12
9.23
7.49
6.42
7.83
12.31
2.92
11.99
15.43
11.05
4.24
9.93
7.1
-1.87
7.06
11.73
11.22
4.81
4.36
2.25
1.44
-1.37
6.86
5.84
10.64
5.05
4.59
-7.72
7.42
6.18
10.07
12.83
13.72
13.36
11.67
12.09
9.66
4.26
9.75
7.43
3.29
6.25
4.81
5.04
9.62
14.76
15.43
13.39
9.6
10.48
13.28
12.37
10.97
13.1
13.24
-0.58
14.36
14.79
11.01
-4
5.89
12.39
18.84
21.45
23.02
23.38
20.47
15.16
6.2
10.8
11.46
13.51
12.88
-13.29
11.71
11.74
11.77
13.02
16.69
13.59
8.45
12.69
15.4
15.34
10.76
4.79
9.48
7.8
4.64
6.19
7.06
8.66
11.1
12.31
12.2
13.17
12.8
12.5
8.16
-7.31
3.9
-1.78
-1.05
9.01
14.76
10.15
-8.78
2.04
4.82
6.57
1.69
7.96
12.83
9.36
5.75
3.66
5.65
7.93
3.34
10.75
13.67
10.26
4.37
-8.69
3.49
7.27
3.33
-2.15
10.35
8.39
-3.05
-5.36
0.19
8.94
14.07
13.8
11.64
13.68
11.98
0.01
13.73
17.62
14.66
2.01
5.06
9.05
11.47
6.02
1.38
5.66
-3.26
11.76
12.49
6.05
14.12
16.36
12.8
3.53
7.6
13.83
15.24
12.31
5.22
3.28
9.84
12.99
9.81
2.3
15.12
18.58
16.92
7.6
1.97
11.95
12.07
6.89
12.7
15.03
14.74
15.52
10.18
8.61
9.9
5.66
1.67
7.22
4.42
5.97
12.49
10.56
16.36
17.78
16.32
17.97
18.25
15.19
11.43
7.77
7.89
11.23
16.22
13.63
-0.24
7.57
5.08
-3.68
2.2
0.12
11.01
9.01
-0.59
6.71
3.68
10.01
15.36
14.87
4.2
2.81
4.91
9.36
11.4
15.14
17.09
10.58
-11.71
-8.95
2.39
7.97
3.48
3.83
4.61
4.59
1.71
7.9
11.7
9.28
1.85
-8.73
-0.82
0.44
3.3
4.51
0.88
5.28
16.06
15.81
3.06
8.38
7.28
11.96
9.79
3.21
4.5
-9.73
2.63
-7.74
6.17
9.56
9.65
7.37
5.63
9.59
14.05
13.11
5.62
19.35
24.85
26.89
25.59
19.46
5.5
13.83
20.09
22.52
23.11
23.64
17.59
18.79
17
12.87
15.07
17.31
16.94
16.09
16.16
17.83
16.76
18.48
19.88
22.22
25.35
19.49
16.38
15.07
19.72
24.23
21.78
16.32
24.35
26.33
18.7
18.09
23.02
23.86
15.84
20.25
10.58
16.76
15.63
18.86
24.85
26.35
21.17
14.58
18.25
15.64
16.99
24.7
25.88
28.79
25.22
15.28
16.4
6.14
12.88
13.23
10.83
18.11
24.11
24.95
22.42
20.18
20.84
19.75
19.75
14.34
-2.01
18.64
22.41
23.31
23.99
21.54
20.08
23.91
26.42
28.79
26.66
17.8
14.44
25.04
26.33
26.22
20.57
12.92
21.82
24.13
22.94
23.05
19.98
27.19
30.4
22.93
18.41
16.55
7.88
17.18
21.79
22.25
14.93
3.79
11.43
16.97
16.46
14.99
19.63
17.55
10.23
18.02
16.69
17.66
22.11
19.17
11.11
11.56
19.64
23.14
20.31
21.1
15.56
19.23
20.13
18.35
9.38
11.53
14.93
25.47
24.31
18.27
13.91
24.8
29.15
26.12
19.63
16.06
7.04
16.77
20.44
18.54
22.87
24.05
18.19
15.28
20.23
12.72
23.02
24.21
23
18.26
14.19
15.71
15.7
22.42
19.1
17.65
23.23
16.86
18.69
23.38
25.6
27.46
26.55
19.91
16.54
20.26
15.51
23.65
26.53
27.41
26.43
14.88
20.83
18.47
20.61
5.32
16.2
19.73
26.65
26.42
10.58
15.19
20.64
12.1
28.53
30.71
27.07
23.36
12.44
14.55
14.29
3.15
13.95
17.08
17.99
20.93
21.9
25.79
29.1
28.7
24.12
14.87
25.13
27.44
23.21
13.56
9.55
21.58
24
23.39
21.42
15.52
15.94
25.24
29.04
26.65
18.18
16.65
20.78
16.03
17.26
20.85
20.33
15.21
17.67
25.62
26.64
21.43
20.69
24.67
21.53
15.61
10.36
9.97
14.79
18.04
17.63
21.19
23.3
22.14
16.46
3.95
15.96
13.3
2.22
17.25
16.63
22.37
26.93
22.41
15.17
18.74
20.39
17.02
13.89
18.28
19.7
22.41
17.66
23.95
23.76
6.57
20.61
24.76
21.91
7.38
21.04
20.33
17.81
12.72
17.75
24.36
21.1
6.09
7.12
16.84
20.62
25.28
24.82
17.11
11.54
17.09
20.55
22.06
20.52
18.23
21.13
21.08
18.48
17.91
13.61
11.52
22.72
26.54
26.27
24.21
23.63
24.97
24.06
17.64
19.91
21.29
20.62
18.88
12.17
10.89
2.38
3.04
11.4
16.87
15.31
23.52
24.57
15.29
11.28
11.92
15.43
15.26
14.49
16.04
18.15
20.5
16.73
9.36
16.2
20.75
23.18
21.77
17.4
13.73
6.54
14.95
17.56
17.49
16.86
11.64
5.8
16.94
20.75
19.76
7.92
-1.18
2.27
7.47
18.78
17.93
9.39
13.33
16.55
19.76
24.29
23.32
17.99
15.7
14.35
-1.63
11.41
12.93
11.82
10.73
15.25
16.41
12.58
5.55
17.99
20.29
18.83
13.67
10.08
1.65
10.27
2.96
16.88
18.51
16.64
8.82
2.12
11.78
12.96
13.63
12.91
4.03
14.42
10.72
5.67
5.54
12.59
10.34
2.69
10.26
15.04
8.82
6.82
9.72
8.2
15.65
16.47
17.04
17.26
17.57
15.25
2.35
12.45
17.34
22.5
23.33
20.16
22.17
25.33
24.66
17.63
19.49
19.83
21.14
22.75
25.76
27
25
18.24
18.68
25.71
24.15
18.94
21.28
21.67
-6.84
22.1
20.38
15.45
13.33
18.42
26.41
25.54
20.45
22.3
22.92
23.51
24.17
21.75
18.2
16.55
16.36
13.09
21.53
15.8
19.22
20.59
6.59
18.16
18.42
25.64
25.85
24.56
22.66
19.6
26.64
27.3
23
18.96
22.75
23.52
18.53
17.31
13.18
10.35
10.57
12.58
18.71
14.26
12.3
13.43
18.02
14.36
24.89
23.44
8.36
23.48
27.77
21.91
14.89
20.21
21.72
19.99
13.11
10.48
20.14
17.04
22.21
22.34
20.24
26.19
24.21
10.77
13.88
12.28
19.37
21.89
15.14
12.34
21.48
22.13
19.56
16.36
6.94
20.58
25.07
20.84
15.03
20.47
17.75
11.83
23.45
25.87
20.94
17.9
24.49
17.76
12.49
22.34
24.81
20.5
18.41
20.04
14.58
5.9
15.33
17.77
11.54
11.73
7.53
12.14
14.15
12.8
4.82
8.54
13.5
15.33
16.27
10.51
11.47
18.96
22.46
18.41
22.51
24.53
24.48
19.9
18.07
15.97
12.5
17.76
21.67
22.03
20.77
19.42
19.27
24.23
23.43
18.74
22.42
22.52
19.91
14.52
11.32
11.41
19.22
24.31
23.69
21.13
24.64
24.92
19.07
12.22
19.16
25.18
24.86
17.99
15.95
20.75
22.17
21.79
21.96
21.79
20.34
18.7
21.38
20.45
9.94
14.91
14.9
18.52
24.74
26.6
24.73
23.64
20.18
15.24
22.6
22.25
15.18
13.28
15.98
16.01
17.11
21.85
23.15
27.07
25.38
13.49
19.18
22.68
22.19
21.28
8.82
22.26
24.54
22.9
2.77
16.08
14.29
21.04
19.93
20.78
8.55
17.79
16.5
13.31
17.11
14.13
22.07
17.39
4.42
11.51
18.81
22.27
22.65
12.43
20.06
23.52
18.65
15.55
17.16
16.96
19.73
10.5
8.57
15.57
18.61
18.28
23.76
23.98
15.66
18.82
24.2
19.9
17.93
20.93
21.81
20.12
21.41
22.07
22.12
19.81
6.66
18.24
20.84
10.15
15.67
15.69
12.37
12.44
19.7
22.16
23.39
21.89
11.59
19.13
21.42
21.65
22.3
21.89
21.76
21.76
15.26
17.23
19.55
12.88
1.37
6.14
12.19
0.85
19.67
20.41
18.74
19.3
15.2
11.99
11.83
10.56
12.77
8.68
6.17
13.23
20.67
18.52
20.86
23.26
16.82
10.16
16.83
19.34
18.13
12.27
13.81
17.33
13.92
8.31
12.93
16.66
15.26
9.26
4.29
16.18
19.34
18.54
16.02
20.76
15.59
17.53
21.97
22.57
20.81
19.02
7.38
16.37
-4.05
18.72
10.36
20.68
21.4
11.57
7.89
9.05
-0.48
14.01
15.87
13.96
13.16
16.56
14.03
5.71
15.12
18.16
17.49
16.97
18.48
17.27
14.13
9.55
15.12
21.08
18.91
16.61
19.76
18.17
21.12
21.36
19.45
11.95
14.01
17.98
21.54
19.21
9.75
17.61
20.37
20.3
19.77
16.69
11.17
15.76
13.89
14.72
15.26
14.87
8.87
11.58
13.64
13.94
18.2
19.19
18.25
16.59
5.81
11.12
18.24
18.09
16.85
16.8
23.82
25.62
14.35
22.13
22.77
19.52
23.07
22.27
18.4
16.58
9.31
16.68
13.42
15.02
15.67
4.03
16.39
24.87
22.28
13.62
19.96
22.7
21.67
18.96
15.18
15.72
13.39
11.83
18.91
21.81
26.25
25.91
22.51
20.4
14.77
24.58
23.28
13.29
15.92
20.61
22.91
19.39
10.68
15.91
15.36
10.6
9.76
16.19
13
11.63
11.4
22.19
26.21
19.71
20.46
18.02
16.04
22.16
20.88
13.78
16.95
19.55
2.83
13.83
1.69
19.6
17.8
15.04
18.76
25.21
24.85
13.77
23.46
24.37
23.27
18.02
9.59
-8.79
12.6
13.57
22.92
22.02
17.26
14.16
18.59
21.49
22.35
20.33
16.33
21.92
17.92
13.6
19.96
22.22
20.25
4.87
15.3
19.6
23.47
21.5
6.23
17.28
23.66
24.76
21.72
18.88
22.74
25.2
23.63
20.39
21.16
19.8
17.75
21.22
21.58
23.22
26.35
27.45
25.33
21.8
10.75
18.91
21.06
19.58
19.28
14.8
-2.09
13.04
22.22
24.61
31.61
34.02
31.53
26.19
20.88
20.28
23.17
22.17
20.08
12.08
25.63
32.88
30.88
23.85
8.13
25.24
26.2
23.42
22.68
11.51
26.48
32.19
28.66
20.51
24.21
25.39
22.78
20.3
24.46
25.27
22.05
21.53
22.52
18.82
16.16
25.71
26.63
20.87
23.67
19.92
10.74
20.93
25.91
25.57
21
33.4
43.6
44.27
35.25
12.66
13.61
19.06
23.84
28.06
30.08
28.58
27.09
25.66
25.09
26.09
24.87
15.42
21.3
21.11
6.36
15.77
17.36
16.18
22.8
22.68
17.83
24.3
27.99
31.19
42.45
44.23
36.3
6.85
12.19
16.38
20.94
9.65
22.64
24.97
17.33
20.64
22.8
15.79
22.36
21.46
24.5
18.61
5.86
12.56
13.57
23.34
22.65
21.8
21.78
21.81
22.51
24.38
25.16
24.96
27.16
25.92
15.92
8.15
3.27
18.03
17.7
17.09
18.85
20.52
23.69
22.62
20.4
13.55
9.19
17.51
15.92
9.61
15.14
19.11
22.02
20.46
27.26
40.36
41.51
33.12
7.04
16.04
7.81
12.36
20.29
17.68
15.93
22.38
29.87
32.06
28.72
24.59
19.84
19.64
11.44
13.67
19.68
17.11
22.68
22.07
18.94
21.1
20.55
17.51
24.23
36.82
45.96
45.85
35.82
7.72
18.43
18.94
18.86
20.66
11.61
16.12
16.43
22.26
21.02
12
0.5
10.67
20.34
20.77
18.38
26.85
27.38
20.23
13.91
20.96
21.46
21.87
22.33
18.37
20.04
13.42
22.71
25.16
23.02
20.86
17.83
15.44
6.11
-2.67
14.16
19.18
23.86
23.06
13.65
17.72
18.16
20.39
21.38
10.92
9.29
14.91
16.11
13.73
26.44
39.52
43.1
38.35
21.62
18.24
17.2
22.71
16.03
8.33
6.99
7.73
4.82
17.61
20.8
24.01
25.41
18.52
15.97
17.37
18.93
24.7
25.72
21.58
10.6
6.93
13.21
15.56
19.41
19.47
16.98
19.9
21.68
21.55
26.31
31.43
28.54
23.59
24.17
14.39
13.11
21.4
16.85
15.42
25.14
28.75
26.4
25.22
25.35
22.36
23.1
22.23
20.6
20.69
20.82
19.78
22.99
28.55
27.17
12.12
20.63
24.76
23.36
14.11
4.59
13.49
18.43
17.34
10.11
19.22
19.55
18.1
33.67
39.17
35.43
22.44
30.78
16.22
21.14
13.92
26.09
26.03
30.61
35.64
32.84
20.05
32.92
34.58
28.63
12.4
35.54
39.94
36.47
29.86
31.91
32.03
26.17
17.35
15.26
19.85
20.02
24.75
32.68
32.59
21.26
26.04
28.17
27.92
30.42
31.56
27.09
20.15
26.73
29.47
25.22
27.64
29.54
29.38
23.22
27.67
29.45
26.32
20.1
19.53
13.22
17.53
22.13
27.13
27.08
17.53
16.89
24.55
23.91
22.77
29.05
30.32
25.39
20.43
24.53
23.81
31.46
37.41
35.38
29.14
29.65
30.48
30.67
30.77
22.27
22.83
35.36
47.24
48.97
42.07
28.74
22.84
24.12
29.64
23.57
32.98
45.35
48.58
42.49
18.16
18.79
15.46
28.2
25.82
17.34
25.74
32.23
31.82
25.69
18.61
23.25
25.87
26.51
23.49
25.4
28.75
28.33
25.4
-5.83
13.34
25.36
30.37
23.72
24.27
23.49
19.03
27.3
27.08
27.77
26.74
24.08
11.64
16.17
18
24.48
23.88
26.24
24.94
24.93
27.84
24.08
14.89
21.48
19.42
28.16
26.98
24.48
25.96
24.4
24.17
25.71
29.32
28.37
13.86
17.61
30.26
32.41
26.04
17.13
20.55
29.25
25.69
22.47
30.1
26.38
20.87
26.25
26.53
24.74
24.6
24.54
16.89
12.01
26.57
28.65
18.99
6.75
25.53
25.84
15.11
21.96
17.56
8.36
13.75
15.45
2.14
13.22
15.26
25.14
19.71
29.65
32.39
30.12
20.22
27.85
26.72
22.46
24.27
21.83
19.65
28.66
29.55
26
28.04
24.95
24.69
14.23
26.16
29.98
23.69
12.24
17.5
20.89
13.98
22.87
24.53
26.8
23.42
23.93
29.44
30.99
22.99
15.72
16.64
10.22
15.99
20.02
20.1
20.95
24.13
26.31
25.98
28.06
24.54
19.65
25.79
28.98
31.01
31.19
26.69
20.63
7.29
7.72
24.62
22.2
20.82
14.61
14.79
25.5
23.66
22.73
22.97
19.32
13.75
7.8
16.72
18.4
20.38
23.93
23.79
21.94
19.55
17.77
14.1
10.32
-8.73
12.25
13.78
20.58
12.76
18.21
21.1
15.09
23.52
27.09
24
17.67
23.67
22.78
15.46
8.16
14.24
8.76
18.32
13.61
22.05
23.03
17.95
23.31
25.97
25
23.36
22.17
24.06
24.71
22.03
12.82
13.41
18.3
18.55
22.05
21.59
10.19
17.15
23.85
26.57
25.07
18.1
17.24
22.98
21.4
14.24
-1.11
7.99
17.32
21.7
24.11
22.01
16.7
16.7
21.57
12.37
17.34
19.56
22.75
20.43
14.05
16.86
13.56
18.83
25.61
29.5
28.5
24.3
21.18
23.28
21.08
12.45
16.4
12.81
14.56
18.94
20.68
13.72
12.45
18.74
17.29
18.4
23.46
21.51
15.37
7.22
18.53
24.94
20.57
2.09
14.61
11.74
13.66
18.2
13.53
17.16
21.72
22.83
18.22
9.85
15.76
19.69
17.86
16.5
14.03
18.23
20.08
15.44
10.22
19.91
22.91
19.68
19.7
19.43
16.03
20.75
21.62
8.14
18.46
20.66
23.38
21.3
16.79
17.64
6.61
5.83
5.72
15.69
20.7
17.37
13.35
24.26
29.33
28.75
26.13
28.74
30.53
29.71
25.4
27.98
31.03
26.08
23.49
29.79
29.79
20.48
26.36
26.25
23.79
29.82
29.45
25.99
14.46
24.91
25.23
23
17.88
23.14
27.71
19.73
20.31
21.64
28.59
30.31
28.13
21.73
26.06
28.96
28.58
28.6
28.2
27.55
19.92
28.34
28.69
21.71
22.95
29.32
32.14
28.36
23.5
33.17
32.33
19.32
28.64
26.05
11.88
26.99
27.79
19.88
17.58
16.87
24.17
29.42
24.3
15.07
21.8
23.66
26.23
23.27
13.63
12.66
16.34
18.73
22.12
28.23
27.73
29.05
38.18
39.14
31.72
22.75
29.2
28.1
24.11
26.71
23.33
11.64
27.82
31.78
28.37
20.82
27.51
25.64
10.73
20.4
14.52
18.39
18.55
18.41
24.41
25.52
10
27.6
31.61
27.81
21.93
26.36
28.09
25.39
9.19
23.07
28.55
28.74
21.55
25.43
25.2
21.79
24.55
28.39
28.5
17.98
20.01
17.52
17.32
21.27
22.39
19.68
18.6
27.8
30.19
28.78
22.88
26.53
21.75
11.81
20.1
24.67
23.9
22.15
11.23
21.94
26.49
24.66
16.49
14.96
20.93
25.72
27.9
27.41
24.88
17.14
25.73
24.72
19.95
25.07
26.3
18.65
27.74
28.66
17.34
25.29
25.95
23.59
26.41
22.68
20.37
28.73
31.27
28.14
16.37
27.55
25.43
19.71
16.08
24.63
29.05
29.01
23.51
22.43
21.4
11.47
19.19
17.36
14.48
11.99
0.58
19.64
21.32
13.94
15.38
23.75
23.29
12.19
8.89
10.44
18.52
20.22
22.09
21.55
28.12
26.39
15.45
17.79
-8.87
22.07
22.88
23.14
25.15
21.66
16.12
15.08
19.88
23.54
19
18.07
20.91
23.86
24.77
11.92
22.17
21.82
23.29
28.52
23.68
22.93
28.27
27.99
22.64
18.62
17.05
23.74
28.29
25.17
11.65
19.99
22.52
25.96
26.45
23.51
19.99
17.46
23.64
25.75
22.51
12.34
16.15
18.69
13.06
4.56
6.5
19.49
24.14
23.7
19.31
6.17
21.03
18.74
13.59
12.83
15.44
17.04
17.82
18.1
18.06
3.5
15.62
18.13
18.89
0.48
21.48
21.85
18.12
13.96
19.35
19.49
17.23
15.51
19.96
19.56
19.69
17.58
11.51
17.81
22.73
18.81
18.43
20.05
22.36
17.92
16.05
19.07
14.88
18.21
15.36
11.99
16.71
14.66
11.48
17.19
22.19
23.86
21.6
10.78
12.9
19.81
23.3
23.11
17.26
19.69
24.26
23.13
13.11
13.99
21.35
18.42
16.27
22.02
21.32
18.73
19.31
19.85
18.93
15.23
16.38
4.27
11.03
18.22
20.22
16.6
16.63
19.25
11.48
9.69
21.41
22.66
19.78
16.18
18.87
20.27
19.36
9.52
19.06
18.21
10.23
16.45
24.55
27.42
22.57
11.57
20.41
20.35
15.57
19.51
18.78
15.08
14.27
16.62
14.46
1.93
14.95
14.36
17.97
8.55
21.99
21.45
20.47
22.33
22.2
19.55
10.36
21.63
20.06
19.7
20.07
13.55
20.06
21.88
16.6
24.95
24.12
19.1
9.76
19.38
20.52
11.03
7.41
12.62
21.43
20.73
21.56
22.69
15.53
14.72
11.84
10.69
18.75
16.3
13.69
19.2
11.13
12.09
11.83
19.79
17.39
13.3
6.07
11.26
17.33
15.96
11.74
19.06
25.67
26.65
23.1
21.22
22.67
24.48
25.13
20.59
15.26
13.02
22.6
19.56
8.82
19.97
22.45
24.09
20
17.53
21.45
24.46
21.68
16.62
8.82
14.54
20.3
22.76
20.18
17.14
9.27
17.48
10.89
22.8
27.98
25.6
23.03
17.73
22.77
26.1
23.83
18.5
15.81
15.92
21.05
21.1
9.97
24.03
19.64
21.76
25.03
21.28
18.95
8.85
20.67
24.86
21.42
18.06
23.95
24.4
27.3
22.23
8.12
15.89
14.4
20.31
23.24
16
12.93
8.5
14.69
10.93
16.58
14.72
18.21
22.28
20.97
22.67
22.61
10.95
23.06
17.13
14.92
19.51
5.11
21.86
26.43
24.71
10.31
23.73
24.74
19.95
22.14
22.7
16.3
16.9
9.1
-0.15
18.69
15.97
15.5
21.61
26.78
24.67
16.37
21
24.93
22.89
22.44
21.3
20.93
12.38
12.02
21.67
19.5
14.37
17.46
1.57
16.88
22.22
16.83
20.22
20
13.1
14.8
16.62
24.01
23.45
10.69
21.23
25.61
28.31
27.12
19.84
22.55
32.05
36.45
34
26.03
25.04
27.97
21.89
16.74
23.17
21.29
5.73
14.47
18.83
17.72
11.25
21.49
21.67
13.63
15.58
2.05
15.12
15.07
13.3
19.98
16.91
17.18
21.88
18.29
22.44
18.24
4.75
4.99
18.22
22.95
20.2
17.57
17.97
18.53
14.69
11.82
23.03
25.59
21.86
13.74
17.06
14.67
20.95
21.12
22.51
16.57
12.08
16.37
12.55
16.95
3.08
17.95
21.04
20.07
21.07
22.62
23.76
23.07
18.8
23.87
23.96
20.42
23.72
22.69
15.97
13.68
21.34
25.82
25.31
16.28
14.85
20.02
22.78
21.57
17.66
16.68
18.03
22.46
23.7
19.44
6.96
4.38
5.41
1.72
19.21
22.09
19.91
6.97
16.6
16.91
22.51
19.54
8.04
3.74
13.84
21.71
23.8
23.74
20.9
17.59
20.57
20.54
18.43
17.2
14.68
21.16
25.4
23.69
14.88
15.23
17.24
24.17
24.42
22.76
17.99
6.72
18.25
17.41
19.93
18.99
20.57
14.99
17.72
23.27
23.69
21.29
13.26
13.81
17.66
24.85
24.21
21.87
21.85
21.17
18.46
12.77
19.09
18.31
14.61
15.81
15.95
20.07
21.57
15.62
12.64
16.76
14.16
11.98
18.82
15.76
8.36
17.9
19.37
15.78
12.29
22.67
24.55
23.26
22.54
24.65
22.54
10.4
15.32
15.19
11.91
14.88
17.55
13.02
15.3
23.57
24.5
19.62
15.99
15.44
18.37
20.69
8.97
15.67
21
22.76
16.78
15.19
19.64
10.58
11.73
11.85
18.42
11.23
15.36
20.22
21.21
19.37
14.73
19.58
21.6
20.45
12.01
4.73
15.29
18.27
19.08
14.76
17.31
21.89
18.3
8.45
9.47
6.25
14.39
20.6
19.15
0.42
19.07
13.3
18.42
19.17
11.23
20.19
17.57
17.6
19.88
19.66
19.59
18.87
14.29
11.83
9.08
11.22
15.38
14.61
16.08
19.75
15.05
24.18
23.78
18.52
19.11
17.96
13.91
18.47
22.08
22.32
19.31
8.83
16.77
12.44
24
25.14
21.85
16.56
18.39
3.25
12.79
12.54
13.01
11.21
15.16
16.52
18.76
14.37
9.13
10.89
16.11
10.24
14.57
20.79
17.41
4.58
8.16
11.6
13.81
13.08
14.62
17.26
7.47
15.19
13.27
11.31
16.75
16.64
11.97
12.62
18.35
14.63
5.63
9.51
8.48
14.95
19.43
17.94
10.5
0.73
12.8
19.15
21.08
15.99
9.94
-3.93
8.86
16.79
17.39
17.97
19.56
18.68
12.5
9.05
11.52
8.96
12.43
20.28
14.57
11.18
11.94
-2.2
14.88
16.56
9.99
6.56
-6.88
10.43
16.81
16.47
10.56
11.07
10.41
12.01
14.38
8.75
7.52
16.8
20.91
16.35
3.85
9.9
8.75
9.47
9.85
6.91
1
11.42
18.8
21.78
19.36
11.41
15.97
10.63
5.74
7.54
17.52
15.68
10.62
15.14
16.49
12.06
0.18
12.83
13.76
9.56
10.99
11.04
16
17.09
13.15
5.01
16
21.84
22.85
20.73
15.15
11.43
17.68
24.1
24.79
20.25
15.26
13.02
14.55
17.51
18.53
18.42
17.23
12.8
15.56
11.2
7.82
17.64
23.03
23.42
19.67
17.9
18.61
16.72
12.68
13.96
15.49
5.58
15.52
16.76
0.15
7.79
1.21
10.7
13.4
9.14
6.69
10.47
15.73
15.89
16.69
15.1
9.36
9.9
14.89
8.75
13.16
11.76
7.13
8.35
-16.25
5.95
17.62
21.87
22.62
20.94
9.65
15.84
18.38
15.1
10.79
16.85
21.17
21.05
19.71
21.65
22.24
20.19
14.59
9.54
12.94
8.84
-2.73
5.3
8.38
10.2
19.15
22.49
19.42
8.21
15.86
15.48
16.7
14.98
18.01
18.96
14.86
14.6
18.17
14.58
6.27
14.98
15.76
12.92
15.97
17.51
15.98
20.42
14.53
6.5
5.09
15.74
17.71
8.22
13.57
10.44
1.9
-8.77
15.3
21.69
21.69
14.04
7.61
10.45
-5.96
14.35
18.78
18.86
15.5
16.5
13.37
12.73
16.93
18
18.58
14.47
13.16
13.59
1.33
7.31
11.93
18.01
18.05
13.52
13
6.63
9.63
15.88
17.75
17.42
13.22
11.34
13.43
5.29
8.18
15.57
15.56
17.1
14.1
10.09
14.12
9.1
16.67
16.5
13.31
5.38
17.04
21.43
22.06
17.12
2.84
16.81
19.29
15.91
10.68
13.74
17.92
18.9
14.38
4.58
14.91
19.85
20.29
17.9
9.99
13.61
16.3
18.16
18.79
18.2
17.54
20.88
21.77
17.59
-2.01
11.97
6.87
11.91
6.61
15.08
18.2
18.91
14.41
10.91
19.02
21.71
20.76
21.52
18.99
15.9
19.27
16.34
15.67
14.56
14.73
15.1
17.29
16.76
13.56
10.08
15.01
11.38
18.24
12.22
10.96
10.5
14.02
11.85
3.31
14.51
15.11
14.27
-4.9
12.17
5.81
7.82
12.19
19.16
20.57
17.18
14.31
10.42
9.97
7.43
12.8
11.54
18.28
13.15
11.52
20.27
19.74
11.81
9.87
15.77
14.37
16.46
20.68
21.16
13.54
7.1
4.73
13.98
14.22
17.34
19.93
14.46
2.98
14.66
16.94
17.77
18.35
18.09
15.59
13.53
5.58
1.51
9.09
10.71
-4.52
10.53
14.74
14.29
13.13
10.28
11.14
16.53
14.56
12.39
7.18
-7.24
4.95
0.29
7.81
5.63
19.34
20.04
20.09
22.75
22.33
19.65
20.33
11.05
14.7
17.73
11.31
12
22.81
25.63
21.96
13.78
13.44
19.32
16.88
-1.65
12.58
17.96
11.04
13.33
13.37
11.91
9.12
12.58
18.45
20.65
15.2
13.68
12.86
13.69
15.63
11.5
3.44
13.83
12.82
3.04
14.99
12.29
9.59
6.01
14.44
10.73
6.02
-1.22
7.13
16.05
18.44
11.19
11.08
19.53
19.56
15.19
6.77
5.54
14.98
19.26
19.93
21.69
21.94
17.15
16.22
16.46
1.04
12.51
14.59
13.13
13.97
18.25
17.98
12.56
12.16
18.02
20.42
21.41
17.83
4.36
7.08
16.9
21.52
19.39
4.91
10.22
8.81
11
15.71
17.69
20.56
21.44
18.43
17.25
18.94
19.02
17.34
18.89
16.75
15.95
19.95
20.37
17.28
11.66
12.22
21.8
19.46
-5.1
10.82
16.63
18.49
20.99
18.49
19.25
24.51
25.8
22.85
17.5
15.74
7.55
17.44
17.58
15.5
14.06
4.03
18.11
19.36
15.02
6.75
15.75
18.82
17.13
9.55
14.72
9.21
10.57
15.09
11.36
11.62
16.17
16.87
18.75
18.15
16.77
19.48
18.86
9.07
8.47
11.77
17.66
17.91
12.23
8.07
12.5
13.59
15.22
13.52
8.09
11.79
6.87
14.3
18.11
12.87
6.55
12.13
20.4
18.73
14.02
8.34
15.4
16.93
16.51
8.17
11.16
10.54
21.85
22.57
18.28
16.81
13.65
-16.02
13.57
13.99
18.11
15.17
18.14
14.11
18.34
18.99
12.9
17.85
20.54
19.15
17.2
9.21
12.74
16.26
18.76
15.62
12.07
14.47
16.63
15.44
15.72
13.31
12.69
6.85
11.51
18.37
16.18
21.5
22.26
17.38
15.54
18.88
15.13
-0.05
4.92
12.92
10.87
17.05
22.5
20.39
12.22
8.55
15.9
14.29
3.35
13.42
16.99
17.76
18.89
15.63
10.93
14.57
21.39
23.51
17.47
16.36
16.91
12.54
10.48
14.91
11.44
17.27
22.95
21.54
14.71
12.17
13.34
18.25
21.84
14.72
14.04
20.66
22.87
20.96
14.85
7.58
11.19
17.76
18.25
17.5
16.06
11.51
22.21
23.13
17.96
14.3
17.46
13.6
6.49
12.17
15.33
5.27
10.6
14.82
18.06
17.39
15.5
12.71
10.73
-7.75
13.31
11.93
13.09
15.43
0.84
16.6
15.08
14.7
20.32
15.9
12.18
17.63
13.45
5.77
16.2
-5.03
16.3
14.66
6.24
15.24
17.98
13
7.57
15.19
14.33
11.89
4.97
13.51
2.64
11.63
17.83
19.45
13.25
8.47
10.85
5.64
11.6
12.96
7.56
10.29
15.32
15.45
10.51
17.27
18.39
15.22
10.81
1.13
8.54
10.1
11.51
16.64
16.82
14.03
9.17
4.74
9.55
14.71
9.92
-9.93
9.23
3.55
16.26
14.9
15.43
12.71
7.24
12.91
14.95
15.24
17.81
12.47
1.5
11.41
4.5
12.34
-12.7
4.12
5.5
4.35
16.66
11.02
11.86
12.62
20.72
18.14
13.24
9.91
8.67
1.74
12.02
8.95
12.64
15.93
18.7
18.39
10.14
10.44
8.96
10.49
-2.48
4.95
8.32
11.09
12.05
9.01
10.14
15.99
11.46
-16.43
11.84
17.09
16.44
13.85
12.25
9.5
15.83
17.54
17.58
17.87
18.93
20.54
22.49
20.03
15.7
17.49
19.5
19.46
20.92
19.2
11.95
20.39
19.69
17.39
10.28
13.14
17.49
21.32
18.5
-0.65
16.57
19.32
19.05
19.68
17.04
-0.28
14.4
-8.31
18.17
19.13
17.27
12.48
15.95
19.54
21.17
17.57
10.48
12
13.06
1.64
15.46
17.07
14.74
11.18
10.07
16.71
15.04
13.75
10.63
11.2
16.77
19.9
20.4
15.34
18.92
15.83
16.21
20.05
21.5
20.74
19.74
20.74
16.83
16.76
20.14
20.98
18.49
17.51
16.32
9.54
7.95
15.34
18.1
17.48
17.52
16.07
15.57
6.8
7.23
10.06
16.25
17.57
13.23
7.73
12.69
12.98
13.11
15.94
18.22
16.9
18.91
17.99
4.23
13.57
9.1
13.84
13.88
16.91
15.67
13.69
18.39
19.58
17.78
11.14
5.72
8.6
10.76
15.1
18.4
12.55
5.42
12.41
17.49
14.54
4.88
17.88
20.91
18.61
13.54
8.56
15.05
18.93
12.76
10.89
18.35
18.11
13.37
8
11.26
6.98
5.55
16.84
16
10.7
11.53
1.49
16.7
19.12
21.3
20.95
16.01
15.85
19.9
20.77
15.2
15.09
18.49
13.56
16.06
21.13
23.49
20.21
10.34
9.53
0.72
15.18
15.3
5.93
14.08
15.39
11.24
14.58
20.54
17.15
3.57
18.08
17.33
11.96
14.09
15.18
15.03
7.8
-4.04
15.88
16.13
12.1
3.07
9.91
10.14
4.42
12.96
19.42
19.88
14.62
17.72
21.54
22.04
16.4
16.88
19.07
13.43
14.12
16.86
4.81
13.7
14.55
15.73
17.49
16.62
11.69
7.72
12.69
6.68
11.65
15.42
13.26
10.6
10.17
9.54
16.15
11.61
1.2
7.63
12.28
17.48
15.08
8.93
16.96
18.99
18.25
21.02
21.45
17.05
15.01
15.8
5.65
11.63
13.01
5.08
13.12
20.51
22.01
18.55
16.23
12.3
8.39
9.98
7.02
11.6
19.04
19.76
19.84
19.58
16.99
14.43
14.28
16.77
15.32
5.79
11.38
17.65
19.43
20.8
17.66
16.16
20.95
19.75
12.83
6.08
14.84
14.11
11.13
16.79
18
16.98
15.77
14.39
8.26
17.52
20.37
19.84
19.4
16.43
11.27
3.91
7.48
11.55
4.91
8.12
18.86
18.57
13.19
14.01
15.14
15.42
12.43
-7.44
7.61
17.21
15.16
11.08
9.66
13.12
-0.87
9.85
14.02
13.54
11.08
7.18
15.72
16.31
15.61
17.16
17.7
15.85
17.56
20.72
16.79
9.54
19.91
17.46
15.12
17.18
14.53
13.67
0.7
11.56
7.95
11.43
-3.56
12.92
13.17
9.49
17.84
19.22
14.28
18.07
19.63
13.05
8.79
15.42
13.85
13.21
14.79
14
12.14
13.71
15.28
14.68
16.32
18.3
12.82
7.98
12.09
5.66
10.41
15.76
16.53
13.58
9.35
11.36
9.96
-20.44
3.41
8.24
11.37
13.82
12.66
13.78
17.39
16.35
13.06
6.02
13.36
10.73
9.51
13.13
16.46
16.67
15.41
11.58
14.63
11.89
14.46
12.85
6.68
6.63
6.11
6.09
12.77
14.63
13.02
2.7
12.84
15.33
15.47
13.1
13.85
17.98
13.87
-4.2
7.22
2.36
6.62
13.91
16.2
17.83
18.12
19.3
18.62
17.13
17.2
14.17
12.75
13.74
5.64
10.68
15.15
19.75
20.24
12.9
11.68
16.31
15.03
15.19
14.91
12.88
5.61
13.8
11.41
2.2
-1.86
0.99
-4.64
0.8
-2.64
0.21
11.77
19.99
20.66
19.01
14.41
8.12
13.93
12.37
11.96
16.34
20.17
18.05
8.03
15.68
16.03
14.02
0.1
13.12
15.55
12.49
11.22
16.26
15.43
13.15
9.05
1.45
7.11
16.21
13.89
10.06
17.27
17.71
13.13
16.08
21.37
18.87
8.97
3.18
11.61
18.48
15.64
-0.41
5.98
14.58
18.39
17.29
15.48
9.27
12.16
17.51
12.85
8.76
9.12
15.24
15.58
8.49
9.51
15.22
17.77
13.63
7.84
15.98
17.47
16.22
16.72
18.41
12.02
8.18
13.86
13.86
3.97
12.6
16.03
11.38
10.45
15.66
9.43
5.8
4.67
7.47
12.59
14.43
13.58
14.5
14.41
11.05
-3.62
11.78
12.32
0.69
14.94
19.94
18.79
20.05
20.21
13.33
4.77
8.08
13.82
12.53
3.38
2.16
7.48
12.47
13.76
12.69
3.04
15.11
15.19
14.69
16.02
15.73
8.68
13.5
16.35
16.29
13.38
0.45
10.67
15.62
13.41
14.27
17.82
14.54
6.88
9.84
14.12
10.7
6.84
8.95
11.21
12.69
9.84
3.42
1.22
13.6
16.23
13.36
15.55
13.31
13.61
13.87
16.53
18.67
11.65
15.65
17.94
17.42
15.66
7.33
10.54
12.28
12.86
17.46
13.34
11.05
11.87
9.1
3.06
15.54
12.31
10.68
6.66
13.86
15.31
17.84
19.1
16.67
13.03
8.74
4.53
13.65
15.05
17.55
17.47
14.73
16.4
16.52
8.43
12.31
10.98
8.34
-8.37
-1.06
13.53
12.18
3.25
13.02
13.1
-2.67
5.43
12.83
21.31
20.93
12.41
13.94
15.74
17.18
12.84
7.37
13.06
-3.96
13.99
13.54
9.36
3.84
4.08
15.61
15.03
8.13
6.6
2.7
7.37
15.34
13.46
9.34
15.7
9.1
10.52
13.27
10.51
15.83
16.78
11.26
-0.53
4.34
4.56
-4.29
9.71
14.83
10.99
2.37
0.67
-1.98
5.09
-0.03
7.1
9.56
12.38
13.12
9.95
-13.11
13.45
15.62
7.79
7.5
9.06
18.41
16.9
9.19
2.64
15.77
20.36
19.39
14.42
9.97
8.27
8.14
8.75
6.31
5.96
4.07
10.42
-3.75
14.37
14.06
3.92
-2.44
8.93
13.99
12.62
3.99
9.94
2.01
16.62
19.13
15.22
10.68
10.67
11.79
13.37
10.25
6.85
15.57
10.8
3.97
6.94
10.16
13.55
10.14
11.24
13.38
12.1
12.82
7.79
3.66
11.13
11.85
18.35
15.39
-0.92
6.6
13.53
11.91
11.24
12.33
13.2
15.01
5.1
12.92
13.41
11.43
5.39
-1.32
11.34
16.17
10.55
0.48
7.14
2.51
0.3
4.14
11.55
12.37
8.75
13.3
16.36
18.47
18.63
17.78
17.46
15.39
6.21
-4.82
1.5
4.15
11.44
9.39
10.76
13.7
12
10.76
3.71
8.06
10.91
12.99
10.9
12.5
12.15
10.99
0.5
6.71
4.7
0.94
4.09
11.16
13.23
8.12
-2.76
5.69
10.23
16.41
16.4
12.18
13.18
17.24
15.78
9.53
9.17
14.37
12.77
-4.57
-11.78
7.32
6.46
5.08
11.37
0.17
15.52
14.84
5.79
6.61
13.2
11.55
10.4
10.05
13.34
10
10.3
12.81
2.27
9.79
6.1
2.53
11.16
14.9
14.39
11.42
-4.15
8.95
9.9
7.19
11.15
13.72
14.35
10.37
17.64
20.12
16.98
17.08
15.4
9.86
3.87
9.27
8.37
2.71
9.58
13.42
11.8
9.28
12.53
13.15
13.4
14.46
15.96
12.37
10.83
14.43
4.71
15.72
15.26
8.21
9.43
14.31
16.51
16.62
14.66
6.59
9.98
7.49
11.34
11.88
2.67
15.03
14.61
6.89
11.4
10.75
14.56
11.3
-2.09
18.46
18.41
6.55
10.85
3.13
9.49
13.02
16.01
10.97
3.69
12.39
8.51
12.09
13.19
5.76
13.67
14.59
0.2
14.3
8.41
6.94
4.12
0.83
6.7
12.55
5.26
7.39
10.51
-1.01
-0.8
7.52
16.48
18.51
17.72
15.85
7.3
7.16
18.12
16.52
-5.11
5.37
14.01
13.48
7.57
9.6
12.19
1.73
10.08
13.71
8.31
4.59
13.13
17.2
10.02
12.82
18.15
13.63
13.95
14.83
10.43
13.91
16.8
10.27
11.27
12.32
13.71
5.05
14.61
16.68
12.73
10.03
9.85
4.78
16.21
15.19
16.12
16.79
11.47
1.45
3.9
12.49
9.47
2.66
5.99
7.49
12.81
12.06
12.64
16
10.9
10.47
12.63
7.93
4.84
9.4
14.47
4.97
17.47
15.84
12.57
12.17
8.81
11.32
13.36
15.27
13.1
-4.99
10.3
16.3
17.95
16.21
12.26
9.06
11.98
9.46
12.46
13.71
8.52
0.11
2.11
4.45
9.8
12.54
9.47
13.22
13.32
16.66
14.21
4.51
7.73
5.79
6.01
15.65
14.57
1.97
6.8
10.45
15.06
16.22
15.49
12.5
11.1
15.87
9.87
11.63
7.41
12.04
-1.86
2.61
-7.43
1.4
11.2
10.7
4.28
3.89
6.03
5.49
17.02
16.65
-1.84
9.15
1.82
8.96
-9.12
4.26
6.78
15.37
14.83
8.01
9.14
13.45
17.75
15.99
12.83
9.65
3.2
10.63
13.94
12.22
19.44
18.29
8.92
4.24
9.78
11.67
12.48
8.8
15.23
13.18
7.63
9.86
13
15.41
14.55
7.63
8.92
15.58
12.78
12.61
15.22
7.94
9.72
13.17
11.22
14.53
15.46
2.64
13.98
11.45
8.15
12.43
13.85
0.42
5.69
7.05
7.46
2.41
11.47
17.32
16.63
8.8
1.86
11.97
12.43
6.6
7.8
15.02
12.19
10.34
15.44
16.4
13.79
10.74
10.62
10.9
4.01
-1.68
13.27
12.76
12.22
-2.83
17.89
18.76
7.56
6.12
12.73
14.97
6.48
9.04
3.72
8.12
13.53
17.5
13.29
10.34
17.23
14.87
3.05
16.47
13.1
6
14.28
12.54
10.73
10.66
18.46
16.67
1.54
1.56
13.36
14.97
5.1
11.28
12.11
12.27
3.14
17.3
16.64
16.25
18.76
16.23
14.49
17.91
12.14
2.39
12.12
14.57
8.64
8.87
11.84
10.26
6.42
10.47
17.55
18.93
15.21
9.54
4.88
11.88
12.76
4.58
10.61
9.6
8.33
9.25
13.87
15.91
5.28
12.16
13.75
7.53
10.12
10.75
4.28
1.84
14.79
17.48
11.36
7.33
15.36
14.2
9.27
5.83
10.15
19.21
17.98
1.31
14.93
14.05
-3.65
2.95
3.83
-3
11.49
12.15
6.59
7.62
17.49
17.75
11.6
17.35
19.4
17.6
17.84
17.86
17.58
14.06
3.09
6.48
17.99
19.2
10.43
2.96
14.42
17.03
9.9
7.21
11.73
7.05
1.9
9.37
4.61
1.77
5.23
12.58
17.54
13.63
7.91
13.95
12.44
-4.95
12.32
18.39
21.08
19.89
15.04
4.55
15.25
14.84
8.46
15.33
16.25
12.38
5.91
3.86
13.06
16.92
13.62
12.37
5.32
16.41
19.94
17.37
12.42
16.8
15.89
13.17
11.75
5.64
16.4
16.59
17.99
17.65
11.03
8.76
11.18
7.31
4.3
11.18
17.55
18.13
17.78
13.74
4.56
4.61
-3.77
14.79
16.93
9.95
4.06
-7.23
11.08
15.53
15.13
9.8
12.26
14
14.52
15.68
11.9
4.78
12.63
10.61
1.67
0.8
-0.91
16.09
19.3
16.75
16.45
18.07
15.51
17.2
18.68
13.28
14.88
17.11
17.93
16.74
14.11
16.06
14.39
9.98
7.13
14.67
14.04
9.19
11.91
14.79
13.97
11.89
4.57
-13.06
5.27
11.61
15.89
16.26
15.87
14.15
13.17
13.88
7.02
8.67
14.59
5.32
14.15
13.18
8.79
14.73
17.2
17.7
18.6
20.45
18.71
13.72
10.11
5.36
8.98
5.65
3.5
10.14
17.51
19.01
14.02
2.24
11.88
14.49
6.14
10.21
16.11
11.86
4.51
13.84
16.96
13.75
1.97
12.68
13.86
5.38
-0.86
14.56
15.25
11.45
15
17.7
17.23
14.34
17.03
7.91
12.75
17.57
16.69
13.44
12.45
13.53
6.54
5.71
9.47
11.28
13.26
9.8
4.4
12.21
9.34
7.06
9.02
-0.54
0.76
12.32
16.46
17.35
16.78
11.76
7.61
16.52
15.35
10.61
6.05
11.28
10.45
0.4
9.36
16.69
17.94
15.67
14.93
3.8
6.63
10.44
12.23
-0.8
13.86
14.77
14.59
14.84
10.87
7.67
15.86
16.03
14.53
10.37
9.5
11.06
8.48
2.28
11.78
15.39
15.36
15.29
10.91
0.53
-1.16
3.69
7.05
12.87
14.99
14.46
6.69
8.63
14.31
12.08
8.78
3.58
12.55
17.02
16.8
17.83
19.59
15.48
16.07
17.94
13.83
2.25
6.77
14.75
16.77
14.64
5.4
7.38
11.91
10.77
12.53
8.86
4.04
5.87
7.74
11.17
11.44
12.57
10.44
6.98
6.24
15.71
16.75
7.5
9.24
13.24
11.03
13.53
15.26
10.84
12.02
12.46
12.24
13.02
12.26
11.66
11.08
-0.62
-4.21
-13.42
5.12
11.6
11.58
6.62
13.09
14.29
13.98
15.62
14.96
15.21
12.68
9.78
11.39
12.83
11.54
11.41
11.43
11.45
10.92
11.54
10.91
10.98
12.58
3.63
-4.82
10.31
15.14
17.36
16.16
12.74
12.09
3.75
-6.19
4.05
11.35
15.08
12.3
0.22
14.01
16.54
12.9
3.7
2.41
9.3
1.58
11.24
15.04
13.64
14.78
17.04
12.19
9.6
16.82
15.64
11.16
6.65
8.12
2.23
1.45
-4.84
9.07
16.28
16.94
11.33
6.35
4.69
6.91
12.12
10.76
11.04
11.69
13.88
16.26
16.39
13.35
-1.39
11.99
13.96
15.24
11.5
10.1
9.72
9.36
4.97
11.93
11.18
2.12
12.69
16.64
9.19
8.6
12.91
13.66
9.07
7.26
11.52
-6.79
12.53
15.23
12.29
16.23
11.37
9.14
17.38
16.76
13.07
11.31
12.91
12.66
9.03
8.38
8.39
2.4
3.76
-3.4
0.39
5.15
12.78
10.45
4.18
10.6
17.08
16.63
9.98
11.28
13.54
12.19
2.52
16.81
17.98
15.47
10.51
4.39
3.94
7.83
14.66
15.32
1.09
15.58
17.1
12.06
7.15
-2.98
14.01
10.71
11.82
17.88
17.19
12.71
4.87
4.63
10.8
9.35
4.14
8.02
0.79
11.97
13.9
10.73
8.68
15.04
9.21
11.37
11.29
2
7.7
10.25
12.48
10.97
2.37
10.59
0.86
11.44
11.94
11.6
10.69
17.56
19.2
15.98
6.13
9.59
12.83
13.16
13.65
-6.32
14.82
11.17
5.8
11.97
10.51
10.86
9.53
13.9
13.47
7.95
4.65
10.45
14.91
4.52
8
4.54
7.7
12.32
0.32
13.14
13.44
8.23
9.34
-1.27
12.3
14.98
10.51
11.81
16.36
13.51
13.11
12.8
5.76
10.73
12.26
9.81
7.31
-3.67
7.93
11.99
13.8
11.15
10.81
5.4
9.71
11.13
13.19
10.03
16.57
16.94
14.52
12.95
15.55
17.67
13.32
6.68
15.78
17.12
10.63
2.16
13.47
17.6
16.56
16.01
14.42
11.11
15.87
16.78
16.56
14.69
13.63
15.58
12.5
14.15
15.53
4.07
10.67
7.93
3.92
8.43
14.73
14.64
14.55
15.29
15.16
14.81
6.87
10.39
15.84
13.97
4.64
8.6
-0.01
8.38
13.8
15.8
11.24
15.44
21.19
20.7
14.09
15.35
18.22
13.46
3.84
-1.11
3.13
12.55
11.86
10.01
6.79
6.79
13.93
13.67
7.48
7.35
13.19
14.2
10.98
11.4
3.7
-4.72
3.37
7.69
3.61
8.42
13.34
8.79
7.69
12.58
10.98
8.77
10.24
13.4
13.33
6.57
17.79
19.47
16.52
7.79
0.16
1.08
5.76
10.41
7.46
2.67
6.31
17.21
17.4
10.19
4.78
11.31
13.41
11.84
14.94
15.05
15.5
12.54
1.35
12.85
15.05
16.07
-2.74
12.84
7.62
10.5
15.65
8.86
12.04
15.79
13.03
3.39
3.58
-6.08
3.15
5.13
-5.29
12.36
19.26
17.88
1.8
0.47
4.79
4.8
7.23
12.4
-2.77
7.19
1.84
8.34
14.24
15.33
12.91
16.65
16.9
11.33
4.47
14.85
16.11
14.01
12.01
12.91
3.52
0.81
1.78
1.5
5.05
11.5
10.05
7.31
15.74
18.8
11.89
3.56
7.47
10.63
12.12
0.29
9.45
12.53
13.96
10.94
5.71
-3.79
11.25
1.93
5.65
-6.16
2.31
11.1
9.27
13.01
12.36
9.32
11.27
11.86
7.45
9.46
9
7.56
10.01
15.8
17.11
13.54
12.13
14.22
17.63
17.54
11.98
0.12
1.43
4.07
3.25
-0.76
8.74
13.93
12.68
11.61
6.22
1.43
8.14
11.8
16.24
14.89
9.23
-1.66
10.07
10.08
8.72
-0.08
8.09
15.92
