9.99
7.65
8.6
10.76
11.23
8.79
6.34
12.7
13.25
12.41
4.51
-7.54
8.58
14.14
15.15
12.03
4.09
11.16
16.42
15.92
10.42
-0.11
2.63
6.46
-2.28
-1.47
12.59
15.72
10.65
8.35
1.15
9.88
15.23
13.69
5.39
3.08
9.13
8.29
9.61
10.48
6.03
-3.51
2.2
2.76
7.37
5.7
12.24
15.31
8.29
6.26
14.44
14.84
6.38
5.06
5.69
4.51
10.03
12.33
10.17
-4.9
9.75
8.46
0.92
7.86
9.76
10.41
11.34
7.47
7.79
11.38
9.04
12.91
12.12
3.12
6.69
4.96
5.73
9.75
9.71
11.77
10.66
2.02
3.92
1.18
5.3
11.62
10.38
12.38
4.42
2.89
9.31
7.51
6.16
11.85
10.72
6.48
13.8
14.23
10.56
8.44
9.19
3.85
8.73
14.05
12.05
4.56
13.01
12.65
0.67
8.67
10.61
6.9
-4.05
11.33
15.26
13.41
9.89
13.55
15.14
14.62
12.06
5.97
16.76
16.27
12.77
14.04
9.82
7.45
0.96
-1.44
1.51
1.01
11.74
12.28
6.53
-2.87
9.77
17.06
18.83
17.34
17.47
15.67
12.14
11.95
9.27
8.39
6.16
14.9
11.9
3.73
4.74
9.09
8.08
10.69
12.11
10
10.5
9.73
-16.11
12.24
12.02
0.64
9.47
6.31
13.54
11.84
5.58
3.32
3.21
11.61
5.78
11.43
13.31
13.65
9.62
6.55
11.99
8.77
3.09
5.41
4.76
6.44
6.36
-2.39
7.93
5.35
2.9
-0.03
-7.27
-1.86
-0.08
8.22
12
6.63
-2.01
-10.63
9.24
9.63
5.84
14.96
21.66
19.55
9.26
0.25
8.75
10.17
2.7
9.57
16.32
14.66
7.33
0.7
7.18
10.5
6.11
1.67
5.01
2.74
6.89
6.34
6.68
3.75
1.66
4.94
-0.21
-1.13
7.72
8.41
11.02
7.43
9.59
14.74
12.68
10.54
-0.08
13.01
17
15.12
14.09
14.38
15.78
16.07
9.82
13.04
7.99
9.51
12.72
6.41
-11.02
0.74
-11.39
-6.34
13.62
14.95
6.19
8.77
11.47
14.93
15.83
12.42
12.07
14.8
17.18
15.36
10.49
7.28
10.21
10.06
3.32
4.13
7.59
-9.59
3.38
5.72
12.36
11.06
9.09
14.5
15.65
7.39
7.17
12.39
12.68
13.22
14.01
15.14
16.35
14.91
10.79
5.4
2.89
8.67
5.48
11.46
11.58
8.05
11.79
13.61
10.24
9.2
12.21
7.78
6.97
15.67
16.32
9.02
11.57
10.75
1.73
11.05
11.84
2.55
11
15.97
9.86
3.98
6.2
3.23
-1.71
8.91
13.31
14.03
13.11
10.66
8.35
9.77
5.79
3.67
7.95
13.72
10.56
10.65
8.22
4.56
9.14
12.46
11.39
5.22
-0.07
-0.23
8.07
-0.83
10.91
12.49
10.42
8.32
2.12
6.28
9.93
11.68
7.57
8.33
12.94
15.17
12.43
7.49
8.92
3.7
-5.02
7.24
11.87
11.44
10.68
7.1
7.85
8.33
0.02
11.75
15.44
14.31
5.15
0.39
12.04
15.8
13.87
7.33
-3.91
8.98
6.6
7.49
12.16
13.5
13.8
10.24
8.74
12.45
14.61
14.38
12.58
10.31
12.36
14.08
9.65
8.06
0.96
9.44
12.43
13.33
10.58
10.94
12.05
4.47
1.68
-0.68
3.25
1.3
4.71
6.8
5.85
11.04
12.68
9.91
11.59
10.56
1.16
8.61
5.4
10.53
11.45
12.83
13.11
13.28
8.4
0.2
5.74
11.12
9.93
4.12
7.51
13.48
10.95
8.84
10.26
9.57
7.24
5.42
14.3
15.53
13.12
8.17
-0.31
4.17
0.41
7.73
10.06
7.77
8.29
11.4
10.92
6.11
-3.24
10.65
10.24
12.93
12.55
5.42
5.14
8.11
7.25
9.76
13.15
9.68
6.29
12.41
9.72
9.73
10.26
-2.77
8.19
15.06
15.69
8.42
7.1
10.13
11.32
11.5
13.6
12.69
10.32
6.32
5.77
13
15.2
16
14.15
9.39
0.89
6.89
8.75
9
-2.04
11.94
16.13
13.22
7.11
9.05
9.35
10.96
17.82
16.87
14.36
13.51
9.63
10.85
16.45
16.11
11.32
12.01
11.99
9.27
-1.74
12.06
10.98
8.14
10.08
8.4
5.05
14.03
17.38
15.06
3.76
18.37
16.64
0.64
1.96
5.67
11.55
11.99
2.98
11.42
12.87
4.66
1.98
3.15
4.21
6.13
8.4
12.9
10.31
7.24
8
0.66
10.82
12.4
12.39
11.44
6.83
-2.76
4.12
-21.01
8.75
1.67
10.43
13.67
10.83
2.42
8.74
11.15
7.2
-5.43
7.82
5.56
2.27
1.56
7.07
8.97
11.92
11.4
9.41
5.04
3.25
12.12
7.74
1.52
10.58
10.56
3.81
1.24
9.98
10.59
6.24
2.88
10.05
11.11
11.72
10.32
-6.08
9.79
12.3
13.77
12.62
15.04
18.44
14.04
-6.78
6.09
10.13
5.35
6.03
11.19
11.02
7.46
8.84
5.89
-9.56
-8.52
1.68
13.58
16.24
13.02
12.25
12.75
10.84
7.53
8.18
12.3
12.21
10.34
5
-3.04
9.27
8.57
4.17
5.36
9.14
14.22
13.99
8.05
4.43
5.54
1.86
1.83
7.92
8.14
11.68
11.04
12.98
10.99
7.18
8.02
11.7
10.15
7.74
9.28
8.35
7.1
7.46
9.01
1.74
7.04
10.4
6.83
6.6
5.54
5.92
8.78
14.44
15.15
13.66
10.3
10.75
14.17
13.81
11.03
5.06
2.28
10.31
11.41
8.77
3.04
7.19
5.75
9.82
14.11
7.34
0.83
5.9
6.11
17.68
18.54
5.47
12.56
13.35
13.09
6.58
5.41
6.71
-4.02
8.04
10.55
7.92
15.05
13.35
11.22
11.96
13.98
15.68
13.3
5.57
11.48
16.68
18.85
19.2
12.57
9.79
12.78
3.53
13.16
18.57
16.39
9.19
8.78
10.96
9.54
-1.37
4.63
14.52
17.87
16.69
12.41
0.75
14.48
16.3
14.58
11.14
8.39
7.56
5.4
4.34
11.02
16.54
16.79
10.63
7.72
10.82
8.64
5.96
6.1
3.44
13.31
13.54
7.95
6.77
8.57
3.35
-2.37
1.45
0.82
8.31
6.75
5.72
9.34
11.04
9.92
7.21
10.43
9.46
-10
7.66
12.59
12.36
0.91
11.5
12.88
8.88
0.34
10.71
11.02
10.3
9.71
1.03
9.01
9.93
7.26
4.97
10.15
7.71
-8.61
9.95
13.34
11.72
13.46
12.39
11.19
8.96
-5.06
-0.69
10.14
12.29
13.6
13.48
11.66
9.79
6.29
0.65
5.26
8.05
8.88
9.86
6.31
9.5
14.17
18.51
22.37
22.2
17.07
14.56
15.1
11.97
5.58
16.39
22.42
21.23
21.63
23.64
18.59
17.12
18.71
20.96
18.23
16
21.91
24.88
17.48
20.78
6.86
22.86
21.08
9.44
18.07
21.61
22.28
16.55
15.6
15.59
20.22
19.95
23.23
27.61
28
22.07
8.11
16.89
20.02
17.2
6.56
12.94
17.3
19.37
23.02
24.12
21.05
12.99
6.69
16.26
26.63
28.15
18.42
13.64
17.65
18.76
7.92
17.67
22.09
18.79
12.12
18.52
16.19
19.19
22.4
22.79
22.48
21.11
14.33
13.53
19.23
19.51
17.75
2.79
20.13
24.18
25.87
21.11
14.21
16.66
13.43
19.87
18.07
15.92
13.04
21.02
25.08
20.35
19.32
27.04
28.81
27.97
17.03
23.39
23.09
12.97
17.98
24.59
24.45
11.81
10.88
17.31
20.23
13.65
2.15
14.03
21.01
17.37
13.9
18.74
20.14
20.05
20.98
15.37
3.08
15.51
23.29
24.19
26.83
26.9
26.24
28.38
26.68
23.6
19.96
5.69
20.27
24.92
22.59
18.36
26.19
29.96
25.72
17.42
18.36
20.51
21.8
21.18
20.4
21.54
22.34
18.15
18.68
23.61
30.91
30.86
17.38
21.76
23.92
20.64
7.25
15.36
13.42
19.58
22.75
27.87
28.87
25.04
17.05
5.9
17.67
20.98
21.22
12.13
21.6
24.74
26.91
28.98
29.86
27.29
16.13
24.19
21.32
20.87
14.72
17.67
24.8
26.32
22.46
6.89
13.92
20.79
11.97
20.16
24.3
25.74
23.14
15.03
17.26
20.92
12.59
15.34
21.59
23.66
24.82
24.07
28.54
30.37
30.19
29.54
26.92
24
28.34
24.68
14.34
16.22
20.01
23.77
27.25
26.79
15.61
15.61
20.16
20.77
12.57
16.89
24.66
24.46
18.96
18.81
18.92
18.29
16.3
24.71
25.67
22.67
18
22.65
23.14
11.12
13.29
17.78
17.54
10.99
19.08
20.9
10.34
17.2
20.44
17.11
14.64
19.25
21.3
18.56
23.65
23.89
25.42
27.3
19.89
8.8
4.5
12.03
14.73
16.78
11.39
12.03
21.77
19.6
19.5
24.84
17.39
17.05
20.54
16.7
19.57
23.1
22.91
18.04
11.93
12.9
10.1
4.67
16.47
11.27
10.71
10.94
7.34
15.2
16.66
21.33
25.05
27.84
26.14
16.86
14.61
13.54
20.41
25.43
21.87
13.92
18.14
23.29
27.07
27.63
23.52
12.79
16.63
24.26
24.94
24.41
21.13
18.07
21.64
20.36
17.34
1.83
16.08
17.1
22.2
23.67
27.67
24.88
17.58
13.68
12.91
13.41
8.82
16.1
21.98
19.69
-3.39
6.59
7.1
16.07
17.7
17.69
17.67
19.87
19.71
15.43
16.93
15.56
14.73
13.42
10.71
-3.14
10.41
12.62
11.22
2.27
10.55
12.77
16.7
19.4
17.29
5.22
9.98
15.26
16.89
15.53
21.46
22.37
17.84
7.58
8.52
4.22
8.02
14.24
16.13
19.15
17.44
12.24
10.11
16.99
15.58
14.65
16.96
15.06
10.51
16.04
14.46
6.66
13.67
18.83
15.37
12.05
13.76
14.95
13.57
14.56
15.67
14.78
12.27
12.37
12.12
7.55
3.25
11.22
18.59
17.88
13.95
14.3
11.73
7.04
12.81
16.91
17.07
13.93
9.47
4.71
6.66
18.19
21.21
21.43
20.08
22.76
25.27
23.32
20.48
15.79
6.24
17.71
19.74
19.01
17.09
13.4
21.47
20.48
13.65
26.34
26.17
14.97
21.9
20.27
21.91
23.59
24.27
16.87
19.91
13.01
22.01
23.23
2.36
20.44
17.61
20.17
20.63
18.91
22.22
25.23
24.22
18.09
21.3
20.07
13.61
18.84
20.18
21.46
17.57
12.32
15.23
20.33
23.49
26.19
24
10.56
23.15
23.65
19.31
12.3
9.31
15.9
21.25
20.33
22.12
15.37
17.57
23.99
24.32
14.79
16.11
20.3
26.45
23.21
12.69
18.62
21.16
15.35
14.7
21.72
21.56
18.38
20.15
18.6
19.25
8.51
21.35
23.35
22.29
24.58
16.58
20.11
23.8
18.98
16.35
23.78
25.51
23.45
14.09
19.46
22.32
26.39
24.98
19.95
26.18
25.07
18.65
17.35
21.62
20.69
16.05
16.79
24.08
22.43
19.74
14.3
7.18
13.19
12.57
17.5
21.85
22.79
19.57
20.73
19.33
20.13
19.19
15.77
11.84
19.32
20.49
20.59
20.34
21.7
22.87
25.93
25.23
22.1
23.2
22.02
16.24
21.57
11.87
20.11
26.34
25.68
18.85
10.33
10.46
20.02
22.98
15.62
22.2
25.37
17.23
19.08
10.98
20.51
21.38
16.66
13.03
7.75
14.25
12.64
18.35
21.22
20.47
24.35
28.65
27.2
14.98
17.54
19.96
20.62
19
19.43
21.18
23.39
25.16
24.31
20.63
15.85
21.66
18.75
18.42
22.73
22.86
21.75
19.76
10.73
23.51
25.43
22.9
23
23.67
16.96
19.97
24.92
23.9
25.01
22.52
12.97
4.97
16.4
22.46
25.19
24.58
21.18
17.17
17.03
21.12
22.38
20.74
20.16
19.63
17.91
18.75
14.42
18.87
20.59
19.46
17.94
21.91
22.99
6.48
20.62
20.64
19.76
16.65
7.95
5.24
18.73
25.11
25.64
22.46
23.52
27.45
28.07
25.55
21.56
18.19
22.86
26.95
22.06
11.09
16.38
18.87
11.74
20.68
23.05
22.69
16.93
10.65
16.98
23.77
19.21
20.28
23.27
23.08
24.2
21.85
19.63
21.8
23.53
22.37
18.27
17.57
15.92
15.64
17.53
15.79
6.34
19.45
24.98
26.48
25.75
24.87
25.18
23.28
16.92
-7.3
19.7
26.71
27.19
22.96
18.68
16.94
-9.59
18.11
12.06
17.97
17.96
16.09
18.38
18.74
19.49
20.4
20.06
18.04
22.92
25.28
24.59
24.62
25.63
24.28
23.45
26.04
22.54
11.36
18.84
19.29
19.2
17.93
10.15
8.95
18.73
16.13
19.91
25.79
26.17
23.6
20.51
21.74
22.39
19.36
12.58
13.23
13.45
11.12
20.59
25.7
26.39
17.92
15.89
14.46
21.2
23.59
21.85
10.61
9.82
16.04
14.92
17.53
23.72
23.01
15.71
12.47
19.2
19.67
15.68
19.62
20.56
16.67
8.05
8.62
8.31
8.35
19.55
21.86
23.49
22.23
18.47
18.34
19.9
24.79
25.86
19.13
21.06
23.54
22.13
19.43
18.21
17.09
18.16
16.32
18.7
23.01
18.75
8.73
1.09
6.62
3.59
6.46
15.34
18.76
21.14
23.1
20.62
7.59
5.89
11.39
20.2
21.84
21.3
20.97
15.6
17.62
15.52
23.98
27.21
26.03
21.12
20.95
19.96
12.37
18.13
13.53
17.22
19.01
15.12
19.87
17.2
20.85
17.85
0.9
20.74
22.76
17.09
16.74
22.13
27.06
25.4
19.51
21.5
22.56
14.17
21.05
27.04
25.58
19.98
16.56
16.68
13.34
-5.29
16.76
22.84
25.01
20.91
19.52
18.3
14.1
18.7
20.18
17.17
20.23
19.94
20.35
20.22
15.31
17.71
23.7
23.75
16.27
19.49
19.37
9.77
12.04
12.99
7.31
4.67
16.25
17.83
11.42
9.52
19.27
23.27
21.45
1.35
14.46
9.57
13.96
3.46
17.42
16.74
13.27
11.62
17.78
20.67
16.86
9.83
23.62
26.25
23.15
22.64
25
22.71
17.47
17.26
24.16
22.36
10.11
11.45
17.59
22.3
25.28
26.56
24.84
16.28
12.46
20.93
16.74
8.92
20.93
22.4
17.07
23.59
21.32
13.37
18.61
22.52
20.4
22.3
21.12
19.7
19.56
14.36
8.78
16.6
16.14
7.66
15.01
12.59
20.66
19.57
15.3
17.77
23.55
25.34
26.39
32.64
29.33
12.12
16.44
26.68
28.87
26.56
23.84
23.04
25.83
29.44
26.75
16.82
10.55
18.76
13.09
23.72
23.75
17.16
20.26
26.86
16.69
21.55
14.46
20.02
22.59
11.92
18.85
6.74
17.06
20.47
21.53
16.58
16.26
18.98
25.02
27.09
21.22
17.13
26.91
27.74
25.85
23.96
15.88
29.9
42.55
44.44
37.13
23.67
23.72
19.49
14.41
12.14
24.72
27.43
22.91
9.26
14
18.26
20.14
12.39
15.45
16.74
16.1
20.06
15.26
12.56
23.5
19.9
21.68
23.15
13.86
16.76
30.62
42.34
46.14
41.62
28.38
11.67
20.5
26.16
24.57
25.2
26.46
25.4
22.65
23.53
26.06
27.14
23.43
12.52
8.78
19.77
16.25
16.32
28.75
37.38
36.72
26.06
19.14
15.54
21.04
23.31
19.61
13.08
18.55
18.1
17.67
17.38
9.06
19.37
17.14
20.71
22.91
21.22
13.18
13.58
19
23.3
22.38
22.27
20.62
14.74
21.75
20.5
34.87
42.98
41.67
30.3
30
27.3
21.93
21.52
23.77
0.81
21.79
23.76
31.02
31.04
26
14.59
10.34
6.25
18.55
21.45
18.65
22.84
24.85
22.3
14.75
21.21
24.96
25.89
18.78
15.24
30.47
41.78
44.11
37.76
27.46
28.25
30.24
29.5
25.99
19
21.66
23.14
21.78
23.02
21.74
13.57
14.03
24.67
24.28
12.71
25.82
23.48
-7.52
20.93
20.08
17.41
18.34
24.63
25.37
20.83
23.55
22.53
20.71
19.5
9.15
6.49
18.69
18.08
17.66
23.59
17.03
24.08
26.72
22.81
15.22
17.99
23.09
22.67
20.61
19.61
10.98
31.35
43.39
44.99
36.98
22.1
16.13
18.64
19.85
17.11
24.71
26.85
24.99
18.86
16.99
16.84
24.63
24.18
17.69
20.14
17.59
23.8
23.59
18.32
12.74
18.02
23.31
21.65
16.15
21.48
17.19
16.62
11.98
11.28
6.22
21.22
26.14
22.51
15.47
23.26
21.86
16.16
13.81
20.93
19.72
11.97
16.43
26.31
28.74
16.63
26.56
25.54
22.86
21.98
17.31
13.17
19.98
23.84
24.52
25.16
24.52
23.13
23.33
24.3
23.83
23.1
21.82
19.94
11.62
20.69
24.04
25.66
29.34
28.32
34.53
38.56
31.88
27.46
29.81
28.18
30.25
26.35
17.23
29.54
38.08
37.82
29.67
15.53
17.62
21.32
27.73
34.82
39.68
39.16
33.81
23.91
31.89
30.82
28.41
30.07
27.65
27.91
28.49
24.13
23.84
28.4
3.56
29.09
31.43
29.12
22.96
23.57
26.44
25.48
29.18
32.57
30.37
28.74
21.68
24.94
24.56
29.75
28.97
20.71
25.23
19.15
28.81
27.74
17.35
26.25
25.85
16
23.34
26.25
21.21
35.13
37.66
35.31
30.55
27.03
20.17
23.21
17.63
33.26
36.62
30.83
25.14
25.7
18.97
26.67
21.74
21.87
42.14
50.23
49.35
40.31
28
25.03
25.63
12.9
22.97
36.06
46.57
47.7
38.53
25.93
22.63
30.09
30.2
26.8
26.92
25.37
28.66
26.83
13.04
19.03
27.1
32.06
31.99
19.32
27.28
15.77
32.98
35.97
29.58
26.4
31.66
32.28
34.98
33.57
20.08
28.39
31.99
32.44
27.03
19.26
28.3
28.04
32.73
34.34
34.82
32.81
16.62
30.01
30.67
26.68
22.91
26.07
33.55
31.46
24.8
29.44
27.47
32.66
32.27
22.33
32.24
30.65
31.38
36.95
35.07
29.45
30.02
22.97
26.84
27.08
30.32
33.52
33.85
32.13
19.37
29.12
33.16
35.5
35.87
31.69
31.36
30.74
19.9
27.75
29.7
30.08
33.41
30.62
31.52
29.52
21.89
33.77
32.27
29.83
33.53
30.21
26.21
27.67
30.51
32.23
34.4
36.86
36.57
34.07
30.73
22.27
23.39
22.73
26.05
29.79
19.15
32.98
35.08
30.13
22.61
30.5
33.91
29.08
30.77
33.47
31.21
28.81
32.51
29.33
20.96
22.08
32.3
33.01
29.13
20.77
18.09
25.07
24.99
14.05
29.62
30.58
29.24
28.92
26.73
29.01
29.99
22.49
24.92
22.59
13.23
18.93
28.39
31.74
29.57
18.57
27.94
27.34
14.59
20.18
24.29
32.58
32.67
26.06
20.69
20.4
25.15
21.77
22.8
28.81
24.91
21.71
25.84
21.85
12.68
27.82
31.8
31
26.44
15.89
21.19
25.25
20.82
11.2
12.23
25.04
26.99
2.72
28.38
32.95
33.25
30.49
21.98
21.3
21.14
23.2
21
21.98
20.6
16.39
27.18
30.1
30.38
29.18
28.55
26.2
29.16
28.71
18.6
26.34
25.81
17.52
23.5
24.94
23.23
25.12
21.38
31.69
32.7
27.6
19.46
23.29
23.05
13.94
17.85
28.01
31.01
30.45
18.12
27.53
28.33
17.81
19.59
20.94
23.75
29.49
29.39
24.05
17.69
22.59
20.28
22.79
16.98
22.24
26.7
22.8
24.31
24.48
14.07
21.28
24.79
23.02
20.61
24.04
25.75
26.58
23.31
26.86
30.13
29.36
24.35
3.18
7.67
24.43
28
24.64
17.64
27.95
29.51
27.55
16.63
14.21
18.44
20.04
23.85
25.89
25.77
14.33
23.96
27.53
25.18
21.35
19.98
17.92
23.93
13.47
24.18
25.69
24.68
5.41
20.91
20.04
23.51
24.4
20.81
5.49
19.5
20.68
16.41
16.34
19.04
20.07
14.91
9.92
18.17
20.52
-3.07
22.52
25.21
21.91
17.61
21.62
13.03
23.69
24.29
10.68
19.62
24.18
24.11
21.89
28.45
24.51
21.58
23.09
21.97
23.71
23.83
20.43
23.57
11.5
8.37
12.38
25.23
27.73
18.6
19.9
28.66
27.29
19.26
26.79
28.82
24.23
23.87
31.05
31.92
29.05
24.75
19.57
27.21
16.42
28.43
27.58
26.67
26.47
25.62
23.73
23.37
19.76
11.6
21.96
27.41
26.81
27.98
26.67
23.16
27.81
31.49
31.27
21.91
14.99
13.98
7.45
21.62
27.06
27.05
25.98
24.28
23.31
24.39
27.13
29.05
27.38
25.94
26.16
27.08
29.05
25.69
10.08
26.32
26.61
31.75
35.42
33.05
26.23
25.21
25.85
28.55
27.02
25.27
25.64
21.68
12.47
29.72
32.48
26.72
13.41
24.04
27.18
25.31
25.81
24.25
8.02
20.54
25.5
24.52
18.56
17.99
22.4
10.14
20.88
17.09
18.9
25.3
22.17
21.21
27.49
29.52
26.38
24.33
29.16
19.73
20.89
26.63
25.85
20.12
-0.54
19.57
21.43
24.03
22.51
25.22
26.37
16.44
22.3
24.23
12.4
19.8
10.53
4.01
16.4
22.56
25.32
27.79
29.11
28.05
24.32
5.73
25.29
28.16
29.99
24.48
15.4
23.15
27.38
25.12
22.34
26.61
26.16
21.02
24.36
24.53
20.07
23.32
24.75
26.71
26.63
24.07
12.74
2.52
18.78
21.59
22.12
24.25
24.44
27.86
27.61
26.8
24.43
22.16
25.74
21.79
15.99
18.03
18.83
19.09
24.75
26.05
13.48
22.27
22.76
20.38
21.59
15.35
23.98
22.24
23.55
28.41
31.3
29.07
20.27
11.91
20.93
24.15
23.03
12.72
4.45
16.69
17.02
24.9
21.67
17.36
16.24
20.04
23.63
26.32
27.12
25.45
12.56
9.97
20.73
26.08
25.61
20.76
22.37
20.19
24.61
24.93
21.05
19.68
22.31
20.99
12.46
14.22
10.85
15.26
19.72
26.98
28.18
25.4
20.46
25.92
22.36
19.62
21.28
18.44
25.18
26.72
18.59
13.68
19.07
12.02
19.51
14.62
17.38
17.06
20.2
24.37
22.43
8.09
16.87
19.61
19.47
16.5
17
17.23
7.86
18.38
20.07
22.9
27.13
26.68
22.24
16.09
8.19
18.58
22.17
16.56
21.98
22.61
24.49
23.99
20.5
23.14
20.32
12.99
19.17
19.9
12.75
13.59
15.26
17.46
19.16
21.93
20.75
26.28
26.26
21.24
15.01
21.75
19.07
19.03
19.61
18.03
20.89
19.12
6.67
17.13
20.15
17.04
16.19
13.25
22.7
23.75
20.88
18.08
22.12
23.23
20.18
22.42
20.14
11.37
2.45
17.01
18.28
10.25
16.95
12.8
4.02
9.48
15.63
21.48
19.45
2.45
0.24
16.96
19.56
15.83
15.23
17.99
21.59
18.28
11.63
17.28
15.42
11.08
9.89
7.48
6.74
22.6
27.56
26.28
24.05
25.27
25.5
20.27
13.43
19.46
19.05
15.03
11.45
11.12
-11.87
18.5
16.89
21.85
26.56
28.7
27.81
22.34
15.31
22.57
24.26
24.23
19.68
9.99
21.9
24.21
22.23
20.22
18.58
19.19
12.68
0.56
14.02
18.33
20.75
22.45
19.81
10.82
13.79
15.04
15.52
7.89
16.66
20.96
24.08
19.57
12.12
17.3
17.88
8.48
10.01
15.09
15.14
16.46
23.43
22.34
20.65
21.35
18.46
19.84
21.72
17.66
18.87
17.76
10.45
19.61
19.06
15.54
18.74
19.49
15.91
16.22
22.44
22.18
16.58
12.57
19.12
15.72
18.04
9.89
11.88
11.02
20.37
28.62
30.18
26.58
19.8
21.35
18.2
18.4
20.19
12.43
11.36
20.8
21.61
27.32
24.9
10.46
10.4
19.93
25.34
20.49
8.46
17.24
17.79
16.23
21.69
25.1
23.63
19.68
16.48
22.95
21.68
16.66
22.7
16.85
14.9
21.62
3.97
25.24
24.26
16.2
15.05
19.62
16.83
13.23
16.8
16.27
12.47
15.82
15.98
23.77
22.07
17.85
23.82
27.98
26.24
25.39
25.97
19.35
23.56
24.23
18.06
13.29
15.96
18.01
24.66
24.58
17.14
16.63
19.71
26.2
27.18
21.39
21.36
24.49
20.22
8.89
17.85
17.2
14.59
25.24
25.65
25.38
27.94
25.34
14.56
22.9
23.3
18.84
12.61
18.31
14.18
13.6
22.89
22.79
22.58
19.31
24.9
26.55
21.63
15.3
-3.6
17.25
21.71
18.03
16.63
21.45
22.98
23.36
22.24
18.37
18.21
22.5
23.27
22.43
33.16
37.29
32.55
22.37
17.96
21.06
20.9
16.71
21.86
21.74
10.24
10.83
3.45
15.94
21.17
19.9
20.33
21.67
16.24
20.68
23.37
22.1
15.84
12.39
20.49
16.11
20.78
15.65
17.04
23.47
17.79
13.48
11.83
16.44
19.43
20.38
23.54
17.5
15.56
12.39
12.95
16.31
2.15
14.29
17.65
19.99
8.12
21.14
20.42
14.19
23.13
20.02
5.76
6.35
6.42
16.34
18.85
4.5
18.52
14.59
20.53
21.15
22.4
14.56
23.34
16.64
24.82
26.7
25.59
22.72
22.87
20.41
13.56
10.08
11.35
19.14
23.26
23.88
6.59
19.16
15.2
9.93
15.26
10.25
19.71
20.89
15.74
-4.8
16.08
17.8
15.48
23.87
20.03
16.8
15.62
12.79
15.5
15.99
22.94
14.24
7.15
18.12
18.82
16.08
15.41
24.27
24.05
14.93
4.96
17.18
23.81
24.11
21.65
15.15
16.94
17.88
8.65
18.45
25.38
25.71
21.26
22.36
19.4
16.74
11.53
14.14
20.02
15.78
14.03
25.19
28.3
19.75
23.39
23.49
19.19
24.22
21.42
18.71
19.45
18.12
8.5
21.35
23.56
18.18
12
13.94
24.91
26.75
22.02
21.54
14.84
17.47
13.91
12.07
18.47
24.72
24.57
20.83
17.2
18.67
16.14
8.95
7.4
16.67
19.64
18.37
12.09
13.81
19.31
12
8.29
14.01
19.65
17.13
16.57
23.26
22.64
11.2
19.33
19.75
15.44
17.49
19.73
21.44
20.67
15.26
20.95
17.74
15.66
24.19
22.26
19.28
21.41
17.1
12.01
17.62
16.69
11.84
9.45
17.78
15.33
16.54
24.8
23.88
9.26
18.67
20.7
15.56
8.18
9.57
12.57
9.52
13.23
20.16
22.33
21.41
14.3
3.92
8.54
10.37
13.73
9.84
21.13
23.94
20.42
16.89
7.78
23.51
24.88
21.68
13.51
19.73
21.03
23.53
27.65
26.03
20.21
-4.88
20.65
17.01
11.65
9.03
6.2
17.06
21.98
20.89
16.67
11.05
18.36
19.01
10.88
13.17
8.09
12.43
14.36
14.6
18.44
13.16
7.98
7.83
-4.71
7.3
14.11
12.99
6.38
16.55
17.66
12.75
6.12
3.41
9.63
12.89
7.7
-0.63
11.91
12.55
5.67
11.7
16.47
16.98
17.64
20.59
22.02
21.91
19.01
14.07
8.53
9.24
12.75
0.8
4.06
10.28
14.54
14.59
15.99
18.59
19.19
19.7
17.78
12.49
6.87
17.21
19.61
21.8
16.51
12.88
11.68
14.28
11.84
-3.74
12.91
13.51
8.42
7.78
13.06
16.66
18.05
10.02
12.07
16.52
16.8
7.25
12.35
16.02
12.09
14.53
15.92
9.04
19.37
22.08
19.4
13.37
17.55
19.1
11.65
-2.59
7.2
11.68
8.63
10.46
20.83
21.16
14.94
9.94
13.51
17.29
15.47
19.48
17.4
6.53
12.96
9.22
13.96
17.44
13.86
15.49
16.24
7.02
18.25
16.87
13.6
12.88
3.55
15.29
19.63
18.38
14.44
15.46
10.46
-1.28
2.85
18.65
21.66
16.22
1.9
19.46
21.73
16.85
7.17
4.12
14.55
17.09
12.1
14.52
16.67
17.21
19.73
20.25
18.2
17.15
17.74
16.36
13.29
15.82
18.04
17.05
9.37
4.03
14.21
21.32
20.34
11.97
0.02
13.44
20.25
20.94
19.47
17.51
17.93
18.99
15.38
8.91
14.82
18.08
18.91
17.43
11.88
11.6
9.68
13.3
14.1
13.35
12.8
13.41
16.42
20.16
20.12
15.57
8.77
15.71
14.7
13.8
15.8
16.61
10.55
9.35
10.91
-7.66
10.03
8.12
7.54
5
11.59
16.02
11.61
17.87
17.48
10.04
20.54
22.83
21.21
18.38
16.85
17.67
15.83
7.03
9.13
10.92
15.41
18.61
16.37
14.63
20.41
21.72
18.72
15.67
11.02
12.66
15.91
18.22
20.94
17.08
7.49
19.26
21.34
18.55
16.3
8.3
13.86
19.25
20.59
17.34
14.79
16.08
19.6
20.92
19.6
14.8
3.73
-4.97
6.01
1
12.48
10.21
11.31
19.16
21.84
20.79
20.52
21.59
20.61
21.4
22.62
19.78
12.26
8.2
12.41
17.89
18.29
16.57
16.71
18.36
16.54
5.75
15.45
17.92
14.85
13.92
15.67
20.65
20.6
18.5
15.54
12.13
12.59
13.44
13.81
11.74
8.32
10.17
6.58
5.36
17.1
20.37
17.67
16.23
19.46
16.92
8.38
14.43
22
22.04
19.6
20.47
22.53
22.03
20.93
19.7
12.8
17.27
17.75
15.29
2.72
15.11
15.89
18.54
17.61
6.26
13.28
6.77
20.21
23.79
23.54
16.55
-5.48
4.17
10.12
9.97
7.57
17.65
15.45
17.59
19.7
5.56
19.61
23.78
22.79
18.69
20.87
22.09
19.1
12.21
18.41
20.69
17.26
18.78
23.88
23.5
21.27
20.44
18.95
15.92
14.25
13.5
11.78
11.31
9.36
8.15
9.31
10.22
10.05
15.68
13.68
14.22
16.31
17.21
17.87
14.23
2.72
12.21
17.44
18.11
17.2
12.5
15.42
18.42
15.37
12.41
6.19
-1.45
11.14
15.07
13.07
15.34
19.94
23.42
24.49
22.27
14.32
3.48
8.08
10.04
7.81
12.62
9.1
12.68
16.77
19
20.08
18.52
17.09
11.14
-18.47
6.47
5.47
11.48
18.09
17.52
16.8
16.69
18.63
18.1
13.84
16.46
19.71
14.1
12.52
19.68
17.65
14.92
5.76
13.07
13.17
20.85
24.18
24.23
21.56
18.91
18.66
23.84
26.82
22.33
17.41
22.79
21.98
10.57
17.26
18.49
6.3
17.34
22
20.26
12.32
0.48
13.39
15.7
6.68
17.36
21.35
14.62
18.28
18.64
14.61
10.72
10.53
18.25
16.98
17.85
18.68
20.87
19.19
15.47
14.86
12.5
18.03
20.16
17.62
19.3
17.26
15.43
23.42
24.39
20.14
11.9
1.9
13.25
8.51
14.09
14.75
15.67
17.43
13.82
20.77
23.25
21.72
16.78
18.33
13.86
6.56
11.42
9.31
12.99
20.93
20.17
17.86
16.35
17.13
21.21
17.51
11.77
19.37
21.28
17.79
15.46
15.01
15.05
11.92
10.51
13.05
18.87
22.93
24.22
22.89
20.75
19.11
8.73
10.76
13.66
19.18
22.88
21.75
16.56
15.66
21.6
21.7
6.23
17.64
17.48
17.93
21.04
22.94
13.89
19.62
24.03
24.21
20.57
16.88
20.18
20.45
19.27
19.21
18.39
12.77
13.98
16.67
19.98
20.83
18.31
20.64
22.34
21.9
21.85
22.08
19
7.73
11.97
16.64
21.04
20.66
11.28
14.84
18.91
15.87
19.33
19.45
16.83
18.68
16.62
13.38
18.5
17.49
16.32
17.95
16.1
11.29
14.51
18.7
19.81
21.92
22.22
19.64
18.34
17.42
17.89
16.35
10.17
20.24
23.95
23.9
20.79
20.98
22.31
22.35
19.1
14.96
9.21
9.43
12.22
17.14
17
18.04
21.26
21.05
17.17
17.69
15.72
11.24
6.47
13.89
19.35
20.76
16.44
13.45
17.13
20.22
20.34
18.19
22.1
21.52
17.85
19.72
17.84
20.57
23.32
21.76
19.64
20.41
18.11
15.93
20.21
22.1
21.88
19.09
5.25
-2.19
4.84
13.83
18.61
18.13
15.56
18.83
21.82
20.2
7.48
4.76
13.14
13.04
8.3
13.31
18.82
20.25
18.57
11.9
2.52
8.29
7.57
13.46
16.77
17.29
15.63
19.42
20.98
17.75
16.86
18.08
19.27
20.32
19.35
16.37
16.91
15.89
11.05
14.35
14.21
10.23
6.05
10.68
13.29
18.67
22.91
21.01
16.14
19.83
24.1
23.56
19.54
12.02
15.6
18.56
20.28
23.54
25.04
23.52
23.3
26.5
25.88
21.83
17.98
19.98
20.04
17.78
17.58
17.99
17.37
23.05
24.98
24.08
23.37
24.26
24.7
22.64
15.82
12.48
17.14
17.51
-3.46
20.49
25.05
24.76
22.93
22.04
20.81
15.2
13.98
19.4
20.43
18.73
19.06
22.54
22.59
22.42
23.61
25.23
25.68
25.67
25.92
23.61
18.63
14.42
3.99
13.09
21.06
22.51
22.13
23.26
24.7
25.52
23.23
14.85
16.4
18.22
21.4
19.94
18.32
15.92
14.41
-1.33
18.79
22.26
22.18
23.25
23.46
23.49
23.59
21.48
19.02
16.49
3.1
13.96
19.66
21.27
23.4
24.51
22.82
18.64
19.18
22.35
21.97
19.87
18.56
20.58
18.7
13.84
17.74
18.61
20.83
19.75
19.99
21.26
19.44
18.36
19.26
15.87
13.52
18.16
20.82
18.82
19.02
22.45
20.67
18.13
19.34
18.26
14.86
19
18.78
15.76
16.35
16.18
15.33
18.82
23.56
23.16
19.56
19.72
11.28
17.1
14
10.93
18.07
19.42
20.01
16.35
14.12
17.66
14.57
20.56
20.05
18.58
15.26
17.4
17.64
14.4
20.27
16.75
13.56
14.05
12.64
14.36
13.02
15.76
18.3
19.78
22.4
19.71
11.37
12.02
16.13
20.58
19.33
20.05
19.68
9.41
12.75
13.81
17.69
19.14
11.09
12.41
8.89
15.05
17.76
15.99
11.64
9.64
19.22
20.66
19.2
19.09
16.76
11.43
2.68
16.09
17.4
17.34
13.33
16.14
19.46
23.4
20.47
20.04
17.17
15.12
20.95
20.9
21.34
20.32
9.48
17.34
15.18
10.55
13.78
8.97
13.04
21.84
25.03
23.13
20.6
15.99
16.6
19.4
11.26
9.23
12.9
11.5
14.13
13.9
16.28
18.9
13.13
16.02
16.45
16.24
13.99
12.93
12.23
13.09
18.79
21.95
23.29
21.9
19.11
20.18
22.09
24.59
22.31
16.03
19.11
20.66
13.37
15.28
19.67
17.57
15.35
11.51
16.27
21.32
21.6
19.17
9.35
17.73
18.03
14.39
14.13
9.96
11.02
13.64
17
13.01
5.46
6.33
16.3
21.95
21.51
17.51
16.88
13.76
14.31
16.15
11.6
13.88
15.04
16.57
12.04
9.4
8.6
9.06
14.15
18.19
21.13
17.91
9.55
9.03
5.38
7.42
8.22
9.59
13.45
14.8
13.25
8.43
14.19
16.27
20.36
20.52
15.48
8.2
18.15
16.39
17.18
15.79
16.05
14.55
8.7
16.08
18.23
17.9
18.09
18.12
14.8
16.31
20.2
19.68
16.89
17.06
18.38
16.24
4.33
19.12
20.65
10.54
13.07
2.47
16.59
17.85
16.82
14.57
11.74
8.17
5.93
13.7
18.07
14.99
3.59
10.3
13.97
16.33
17.66
18.19
17.14
14.64
3.35
15.79
20.95
17.52
12.36
13.21
11.91
12.42
9.34
7.62
10.82
14.11
18.43
9.89
10.44
10.32
3.33
15.72
20.87
19.51
11.94
6.16
15.73
17.9
15.42
11.31
14.11
15.95
14.45
16.12
19.68
17.03
13.49
14.04
17.31
18.46
10.46
12.81
13.44
17.18
23.08
24.18
21.29
15.65
13.23
14.35
7.16
10.85
5.92
17.96
19.51
16.12
5.9
-0.78
13.22
13.86
-5.7
7.78
12.4
13.87
12.91
6.57
14.41
17.94
16.92
13.15
12.12
14.3
15.03
13.83
13.39
0.13
11.2
12.57
14.45
17.14
18.23
17.98
6.36
16.39
16.67
9
4.86
12.71
16.27
15.1
8.36
11.59
15.59
16.87
14.19
5.54
10.05
13.57
14.17
13.81
7.18
9.94
10.84
13.19
11.77
8.2
11.08
12.8
8.98
11.96
12.08
9.75
8.62
12.47
9.6
14.05
10.36
14.62
2.45
14.6
17.15
16.72
13.43
2.03
10.47
7.56
4.02
7.66
14.39
13.82
15.55
18.31
15.81
5.07
9.47
10.68
2.46
9.25
13.87
15.06
13.15
15.79
19.57
16.16
10.54
15.61
15.69
14.59
13.03
12.12
6.9
12.65
10.79
10.62
14.04
17.83
17.18
12.37
14.11
10.06
15.94
15.64
11.05
9.83
9.98
4.32
9.94
15.88
17.27
14.58
13.52
14.56
9.22
11.45
14.23
12.17
-4.73
5.41
5
12.22
14.9
7.72
8.01
14.63
13.57
10.96
8.15
-4.34
-2.4
5.99
6.74
5.87
7.28
7.2
13.49
12.18
1.01
10.02
11.46
11.97
8.5
-3.35
4.33
6.85
7.37
11.74
15.12
16.19
17.08
14.53
8.33
7.76
8.4
3.71
12.33
3.69
12.87
14.24
12.68
14.98
16.85
13.07
9.01
10.83
15.53
17.09
15.25
11.17
-4.56
4.88
8.27
13.36
13.36
13.43
12.78
7.81
7.11
17.49
18.92
12.73
10
16.29
17.56
7.29
8.99
16.02
17.65
15.62
16.04
14.19
-1.84
6.67
-0.07
2.02
10.08
13.28
6.15
6.75
3.66
8.89
16.32
16.35
0.97
12.59
11.51
-2.44
10.73
15.53
15.15
16.44
18.71
14.01
10.25
13.9
13.07
14.07
9.1
11.52
16.23
13.18
9.98
16.18
16.96
10.32
12.07
5.83
12.06
15.75
15.13
12.17
16.36
17.31
14.21
11.52
8.62
3.43
7.66
6.91
5.48
12.68
14.92
13.19
10.84
12.76
10.69
3.11
10.43
10.91
9.66
7.26
5.05
1.19
4.03
10.54
16.78
18.43
17.35
13.58
4.2
4.81
2.33
6.77
12.13
15.21
11.63
6.6
15.96
14.64
10.54
14.3
8.76
6.67
10.23
16.93
20.98
20.68
19.01
16.87
13.97
11.3
2.58
-15.08
10.47
14.32
10.69
8.47
12.28
9.96
-0.95
10.38
14.31
13.44
11.65
4.52
4.65
6.15
2.21
10.71
10.55
4.14
12.69
15.01
10.96
17.32
18.87
15.6
15.05
17.47
18.37
19.51
19.4
17.42
14.66
17
20.36
19.46
16.29
15.56
16.5
14.74
4.32
3.74
9
10.2
7.7
7.08
14.32
13
9.95
13.09
10.13
0.02
1.03
10.94
13.28
17.06
16.82
10.52
16.42
18.06
17.45
15.67
12.63
16.97
20.91
18.55
8.5
15.17
14.29
8.86
6.07
6.88
12.9
16.24
17.94
17.78
13.69
9.26
12.37
-2.12
9.35
5.35
4.92
10.09
8.28
6.74
-0.47
7.1
16.16
18.83
18.66
16.33
10.36
6.35
5.21
8.14
9.86
15.53
17.61
18.71
19.14
15
11.96
18.39
15.88
15.91
11.08
10.07
11.71
-0.49
8.86
9.37
10.91
12.82
5.66
9.51
9.29
15.65
14.41
10.67
9.97
14.21
10.22
6.92
-1.7
5.58
11.52
15.41
17.37
15.69
15.17
7.55
12.98
16.22
16.9
9.18
7.55
10.74
12.16
12.66
17.28
15.05
17.82
20.15
16.69
14.24
10.86
0.19
12.9
8.02
7.52
14.87
16.16
11.54
7.84
8.57
15.75
12.26
14.44
17.17
18.15
18.94
16.68
9.37
16.27
15.46
11.2
15.85
15.09
12
13.02
9.09
7.15
13.79
14.5
12.64
5.44
12.16
16.01
8.47
13.01
11.49
3.91
-7.27
1.86
8.78
13.36
15.43
15.9
10.97
1.73
8.65
16.56
13.86
5.72
4.21
7.22
15.47
17.3
15.92
14.42
12.41
9.97
14.43
18.11
15.61
11.97
9.53
10.68
17.06
15.52
11.75
9.81
12.23
11.5
9.03
-2.01
4.61
9.27
14.47
12.39
3.32
8.39
12.33
3.11
13.8
19.1
18.16
14.36
7.24
18.97
16.99
2.61
15.05
13.26
9.2
11.96
13.57
10.36
0.87
-1.82
8.55
9.48
8.4
13.36
16.72
15.44
14.15
15.84
21.55
21.63
16.73
10.9
6.67
8.46
15.02
12.22
12.5
18.19
17.89
14.99
17.52
16.69
13.06
-2.01
9.45
10.69
6.67
6.31
14.8
18.91
20.74
20.79
19.34
18.41
16.28
13.7
13.7
14.92
17.33
14.48
8.68
6.83
7.24
8.25
13.45
20.2
18.71
16.4
18.62
17.76
13.6
15.82
16.22
19.34
16.9
16.93
18.81
13.39
8.12
13.33
18.57
20.05
17
11.94
7.71
5.61
6.42
15.58
17.19
13.26
12.96
16.84
16.59
14.92
16.71
19.44
16.62
9.94
11.16
13.34
12.79
15.2
19.31
17.28
9.74
16
15.77
11.61
10.39
0.84
11.88
8.24
-3.39
5.38
8.98
12.41
8.86
2.05
2.7
11.03
8.65
7.82
11.18
14.65
13.76
16.58
18.23
15.31
2.85
15.22
16.38
8.56
10.82
16.37
15.6
15.41
15.02
11.39
10.93
11.87
10.31
13.16
19.25
18.69
7.29
8.78
15.05
18.7
15.77
11.81
15.64
18.28
18.34
18.47
20.57
19.88
15.04
13.52
13.95
14.07
12.52
6.11
17.27
20.16
19.45
17.53
16.6
14.53
15.24
22.02
20.09
11.36
10.21
12.7
11.62
13.97
16.76
18.14
17.73
16.56
10.77
11.88
18.87
17.33
11.76
5.67
14.46
15.51
1.58
14.09
19.94
20.1
12.27
3.55
10.11
12.86
12.51
13.65
16.36
15.1
9.22
6.1
3.62
6.85
11.99
17.89
22.83
21.98
13.9
1.96
7.9
11.49
9.21
6.78
12.55
-6.88
12.02
17.47
19.76
14.58
10.2
3.88
14.51
14.04
14.37
10.02
13.77
14.53
9.44
11.86
11.8
16.9
19.64
18.28
15.39
12.72
12.89
13.9
12.91
14.14
14.95
14.23
15.79
18.24
21.35
22.22
17.61
9.08
8.95
12.62
14.19
14.63
15.94
16.27
14.78
15.3
17.18
17.69
14.79
18.82
17.47
13.73
13.52
11.61
4.4
8.67
14.06
10.6
9.36
10.83
11.37
14.44
17.71
14.08
4.03
14.58
12.48
7.82
10.91
7.25
10.86
14.78
4.45
8.79
8.44
4.37
-13.54
10.41
12.16
3.61
14.05
16.96
8.49
7.4
15.54
14.83
11.13
9.66
13.72
15.56
11.54
13.81
17.58
15.7
11.14
13.79
16.4
12.71
-0.77
9.76
10.07
13.55
15.85
13.76
14.94
13.54
-1.52
4.63
3.96
10.02
12.67
17.94
19.98
17.32
14.65
14.65
10.38
-3.48
10.1
19.26
20.4
19.62
16.71
16.07
14.72
11.96
12.32
17.11
20.83
20.25
16.18
6.04
7.38
11.93
13.41
12.27
13.16
11.68
19.91
21.36
18.38
15.1
10.53
4.68
12.04
11.25
15.01
17.13
15.62
16.69
19.45
20.07
17.78
18.05
16.68
14.52
15.67
11.49
7.59
5.54
-9.8
5.39
13.86
13.29
-0.82
7.89
12.4
-8.7
7.99
9.22
5.56
3.4
6.42
15.25
13.24
4.12
5.28
0.18
12.12
13.26
9.02
6.98
11.63
14.92
10.08
10.68
11.7
1.11
8.37
6.45
-0.9
6.34
12.73
12.15
0.8
6.99
8.44
11.04
14.02
12.27
10.48
8.79
4.92
9.14
10.06
12.09
13.23
15.31
15.69
14.61
12.08
2.13
7.65
4.22
13.92
14.69
14.28
16.77
16.51
17.96
14.78
8.17
18.51
19.39
16.71
12.38
11.88
14.27
12.39
9.95
3.1
12.42
7.42
10.9
11.2
11.66
11.69
11.92
11.4
9.23
13.09
17.49
15.99
7.11
5.18
4.92
9.28
11.52
11.69
15.26
15.23
15.04
12.42
5.34
4.46
12.13
16.39
15.58
15.13
15.34
13.08
11.03
8.64
2.95
-1.91
7.16
5.13
13.21
18.41
15.22
6.93
12.97
19.02
18.29
12.57
15.74
17.71
13.13
8.69
17.62
21.44
21.55
14.38
10.88
13.78
6.61
14.89
16.72
9.25
15.73
20.19
17.42
9.23
17.22
15.01
8.87
14.15
3.32
11.12
11.47
14.15
14.9
12.16
10.43
10.42
13
12.5
6.77
3.54
2.93
7.92
10.29
8.87
-2.23
10.69
12.25
7.04
8.01
3.73
5.87
16.56
18.63
11.66
0.59
2.05
8.28
-2.06
10.82
14.46
13.28
9.83
5.63
3.73
7.68
17.28
19.66
17.08
10.55
12.98
7.59
7.44
16.12
16.19
9.3
6.13
14.6
15.72
6.27
1.73
12.09
17.96
12.55
3.69
12.32
14.65
13.69
13.63
9.78
11.26
17.13
14.76
14.99
15.74
15.1
10.01
7.16
10.66
10.44
9
13.18
13.65
9.25
6.71
5.85
15.95
17.36
13.38
14.46
16.22
14.06
6.75
-1.29
7.53
8.96
14.64
14.08
7.14
11.26
6.33
12.17
14.85
13.42
14.09
4.62
12.97
13.87
11.21
12.06
9
-3.51
11.32
9.58
3.57
0.14
0.8
12.24
12.98
-2.92
15.13
16.46
5.68
-2.78
8.78
10.03
10.1
13.94
13.69
20.36
16.74
2.25
13.5
16.24
13.67
7.85
9.45
11.65
7.88
9.2
5.16
10.95
14.16
10
10.72
14.81
12.59
13.16
15.72
2.74
11.05
7.93
14.64
17.58
16.56
14.19
11.37
13.07
7.72
11.44
13.16
10.44
7.84
7.71
7.99
3.12
-2.29
5.85
11.66
12.81
15.24
8.66
-6.58
6.09
11.17
12.68
13.77
9.85
8.02
2.7
3.91
6
14.81
15.32
10.52
7.68
10.32
15.4
14.58
3.24
5.48
15.82
16.63
16.97
14.25
8.51
8.47
3.29
8.12
10.07
7.1
3.86
10.41
16.88
17.47
10.88
6.28
6.53
4.18
1.61
5.35
10.07
12.25
7.73
-10.36
4.39
6.79
-4.17
9.62
10.59
4.84
12.64
11.51
7.47
5.2
4.9
5.75
11.54
12.15
6.1
5.77
9.68
10.4
7.79
2.07
5.93
9.24
16.27
18.92
17.32
15.85
12.32
-1.06
-0.28
4.81
6.85
12.04
8.55
3.86
11.64
11.23
5.89
9.36
13.34
14.64
11.88
10.7
15.63
15.21
-2.48
16.82
16.79
9.73
14.16
15.18
15.67
10.5
2.99
11.09
12.96
10.6
13.46
17.13
10.36
-4.17
6.36
13.77
12.34
13.22
15.75
13.92
8.47
2.3
-1.28
-0.22
7.58
10.52
4.52
12.14
9.92
4.77
8.03
12.92
12.79
9.53
4.29
-4.48
10.5
14.69
15.84
15.39
15.5
12.14
7.49
9.74
14.82
15.68
11.87
7.53
0.07
13.64
15.33
10
12.52
12.25
2.92
10.47
12.65
13.32
10.62
6.6
14.73
14.74
3.1
3.11
8.32
13.17
14.12
12.57
11.48
13.12
-5.66
1.02
10.29
11.03
11.59
12.85
10.54
12.5
8.08
10.09
13.79
13.11
8.99
2.84
3.69
6.81
-3.65
2.7
-0.45
5.3
12.37
12.34
13.23
14.45
7.84
9.52
12.59
12.08
-0.64
7.13
7.58
13.23
9.06
0.89
-0.76
7.83
12.58
10.84
8.23
4.66
7.09
5.53
7.57
9.48
10.44
9.48
12.02
17.23
17.12
7.09
10.32
9.72
12.43
10.95
-1.27
7.71
11.29
-3.06
11.01
11.34
7.73
12.78
11.59
14.03
11.17
8.9
13.63
10.1
4.47
8.37
15.58
18.15
17.06
12.66
9.56
13.57
10.69
7.75
18.01
15.78
8.91
2.22
0.17
9.5
8.57
13.14
5.67
5.06
11.62
11.93
-13.15
-0.48
5.62
4.97
-12.25
11.3
15.13
12.01
11.05
15.13
13.02
8.46
15.02
11.85
12.82
16.62
7.61
5.02
0.78
10.92
11.63
13.18
15.86
12.24
12.91
5.8
10.13
12.49
7.29
17.73
18.54
15.51
13.1
6.06
8.43
5.31
6.77
13.33
15.22
7.47
4.37
6.8
11.01
0.89
10.95
-0.28
10.47
9.67
-3.38
-4.76
12.9
13.02
5.91
-1.96
3.01
8.41
17.73
17.34
12.73
6.88
7.24
12.64
15.27
13.03
8.01
8.79
15.13
14.87
6.52
-1.13
11.61
14.11
5.12
14.33
6.49
8.86
13.88
12.7
7.62
5.68
2.28
1.95
14.89
15.15
7.45
-0.45
11.46
12.8
-12.23
-1.78
6.76
-3.04
11.94
15.75
13.3
12.5
18.38
17.54
12.6
12.64
6.71
10.58
14.48
12.51
5.1
14.91
12.33
15.35
12.81
8.29
12.99
12.22
0.85
5.63
8.16
13.41
14.74
14.61
10.42
4.27
8.41
13.16
8.51
2.63
1.83
11.51
8.25
8.23
8.71
6.53
15.27
13.73
8.13
-1.63
4.05
9.86
10.43
8.06
13.47
-8.3
5.59
6.48
8.98
8.87
6.68
1.89
7.98
12.63
9.89
1
-4.1
12.29
12.51
10
9.07
9.23
12.88
17.87
18.7
14.2
0.73
5.05
2.92
11.1
10.16
6.49
-4.38
1.66
7.46
-1.56
8.54
14.39
11.57
9.91
12.05
6.93
6.26
11.88
14.25
3.75
0.5
4.26
10.22
14.07
12.59
3.58
6.8
11.49
8.38
7.73
12.74
-2.61
9.11
9.26
13.66
5.66
7.18
8.62
2.15
14.15
15.07
8.66
5.97
10.06
10.85
15.97
16.18
11.6
9.86
10.17
2.16
6.2
7.7
9.37
9.07
6.13
1.47
6.19
10.92
12.23
4.3
12.25
9.12
14.28
16.08
11.92
13.22
4.19
11.58
11.78
5.52
14.07
15.37
11.29
13.32
13.7
9.47
11.1
15.22
14.24
13.67
8.87
8.64
14.91
12.37
7.27
10.68
8.69
-1.02
12.1
10.45
7.37
10.76
14.48
17.45
5.34
14.11
17.41
12.41
-8.33
-5.64
1.67
6.29
9.16
5.16
5.11
6.14
12.57
14.62
12.7
9.64
9.08
9.55
4.69
3.86
7.18
3.31
9.18
11.09
7.44
9.79
13.95
10
-4.53
6.11
6.57
17.1
18.36
