13.42
4.01
5.49
6.47
6.12
7.42
10.11
9.17
4.38
10.6
14.85
13.67
14.7
14.57
9.2
5.08
7.43
13.44
9.12
9.14
3.37
14.32
12.12
3.7
-1.02
-7.69
2.99
4.05
1.33
9.58
12.9
13.89
12.94
10.75
11.03
8.97
11.78
14.29
12.07
6.98
7.51
9.09
5.29
-3.84
8.5
8.43
8.62
12.31
13.55
10.98
3.27
2.16
7.31
10.4
8.67
0.14
-0.53
-8.98
5.08
8.45
12.06
8.23
1.57
3.88
-6.38
7.91
11.31
11.23
12.24
15.83
15.85
11.85
2.81
5.47
5.02
3.24
7.66
-3.4
9.13
8.59
4.89
10.6
14.44
16
15.58
11.21
5.22
8.68
3.18
5.48
7.97
14.4
18.14
15.3
12.18
15.71
14.32
14.04
18.12
15.94
11.11
8.75
4.35
-3.66
8.39
9.9
2.05
6.96
14.22
14.33
1.94
11.03
12.52
9.74
8.87
9.64
13.51
13.46
9.91
14.16
11.63
17.19
14.84
0.22
4.17
3.43
5.48
11.1
10.91
8.78
8.79
5.32
1.91
4.16
5.48
-1.96
5.46
10.29
10.45
9.77
5
0.01
10.25
12.46
15.47
14.74
9.27
4.58
-7.4
1.21
10.31
7.93
2.42
5.94
-1.71
-4.21
7.98
9.99
1.87
2.84
6.5
-1.24
12.48
11.41
3.02
4.32
10.85
10.44
3.57
1.03
5.91
12.56
12.92
12.33
11.11
9.95
-1.6
8.12
8.53
1.76
8.05
8.35
10.96
13.04
12.15
3.83
10.66
13.28
12.46
13
13.07
5.01
5.94
12.47
13.89
12.12
8.87
6.45
11.49
24.25
27.18
24.14
12.76
7.28
7.81
-1.96
1.49
9.6
13.25
13.87
15.05
14.7
10.04
7.97
3.46
14.04
15.67
9.62
-7.41
-2.26
2
4.29
8.63
5.85
5.66
10.27
10.76
5.46
6.57
13.47
10.88
6.82
10.87
13.84
11.02
-14.51
0.03
9.5
15.08
10.56
4.79
5.55
7.36
11.99
11.32
10.94
12.19
11.72
5.24
8.05
13.24
11.58
8.31
4.33
4.16
14.62
14.58
10.99
7.67
-8.98
9.23
10.79
7.49
9.97
7.68
6.18
8.76
3.02
0.25
5.54
5.08
0.62
-2.28
-4.03
-7.97
-1.87
1.37
7.03
14.89
16.46
8.99
13.71
10.18
8.39
6.6
7.54
5.39
2.86
13.81
15.94
6.91
13.84
12.96
3.76
6.79
12.54
12.66
7.27
-4.68
8.36
13.62
16.99
17.94
13.96
12.87
14.27
10.82
11.56
16.27
16.6
12.51
7.83
2.39
4.01
-4.46
5.25
12.67
14.32
14.63
12.89
5.57
7.62
11.71
-4.55
2.75
-3.49
1.48
-0.75
0.16
9.51
16.69
17.51
12.66
-0.44
3.42
7.31
-3.97
6.32
5.85
1.88
9.68
12.11
12.93
9.22
0.61
4.07
8.83
7.1
-6.01
2.25
5.83
-11.56
9.63
10.94
8.37
2.6
3.11
-3.2
3.18
10.71
9.6
9.77
14.82
16.3
14.41
11.31
13.92
11.62
7.66
11.23
12.1
11.94
4.42
0.86
-6.87
-3.16
1.76
2.29
11.9
10.76
8.75
13.47
8.58
7.58
7.6
-1.13
6.34
12.28
10.99
9.38
10.9
2.61
7.98
8.02
-1.72
-0.1
-0.77
-3.88
2.61
8.22
16.67
12.21
9.93
-2.04
9.27
10.76
7.57
5.6
-15.95
-0.14
-3.08
6.22
11.45
12.03
1.86
11.72
15.01
12.31
9.08
9.18
5.96
2.76
12.91
14.3
12.59
13.26
11.79
4.05
4.1
7.25
8.15
16.52
15.38
10.21
8.89
8.13
-0.89
-4.03
-3.53
6.19
3.3
-5.97
1.17
8.16
10.44
10.65
11.62
12.37
12.13
11.82
8.68
1.58
5.66
9.64
9.52
7.89
2.98
0.99
2.05
4.03
6.35
6.87
11.92
11.68
3.01
6.35
15.41
17.65
14.79
7.22
8.01
11.36
6.64
10.12
13.91
12.92
11.85
4.81
-0.5
5.05
6.81
5.33
4.58
13.32
13.39
13.68
9.78
10.83
4.49
11.91
12.6
8.65
13.4
13.91
11.74
3.87
5.6
-0.8
11.93
15.14
12.49
4.57
-3.03
5.21
13.26
17.24
18.95
18.05
13.04
2.5
14.77
17.95
17.17
8.58
6.95
1.59
3.57
9.94
12.93
13.7
13.15
6.04
-0.85
-8.87
0.45
2.63
4.65
2.62
7.96
9.14
8.89
12.05
9.12
10.14
14.67
14.4
15.54
16.17
13.91
11.3
13.75
15.15
12.02
3.01
-1.52
7.86
9.23
7.18
-2.49
12.78
14.25
8.53
8.51
11.6
10.02
11.68
16.3
18.2
15.74
10.6
10.17
7.79
5.98
1.96
9.89
11.66
11.43
11.53
13.93
14.05
-5.6
14.82
12.47
7.08
4.18
9.54
11.21
11.41
9.9
4.97
4.49
-0.27
11.55
13.87
8.79
-0.84
8.16
10.45
9.22
4.15
11.68
17.66
17.53
13.96
13.39
4.79
12.66
10.1
14.38
21.38
23.56
22.11
15.39
7.11
11.76
9.04
8.53
9.95
11.87
10.11
10.5
5.46
7.68
11.59
7.93
-4.61
7.13
14.08
13.82
3.97
6.1
8.66
5.93
1.17
8.79
11.95
5.12
1.89
15.06
16.14
1.06
7.53
5.15
7.38
9.16
8.51
6.99
10.19
13.99
11.46
4.18
6.11
9.8
13.41
15.69
14.46
13.63
14.43
10.74
-0.06
13.22
11.23
-2.5
3.19
-0.02
2.47
-0.01
6.06
10.99
12.2
10.32
8.18
9.1
8.12
3.05
6.1
12.84
9.76
7.97
9.35
3.81
2.46
11.09
13.15
10.59
9.65
10.48
5.23
2.93
-6.79
9
12.56
15.45
14.42
8.79
6.81
9.05
-18.33
11.53
14
13.27
8.8
3.43
16.14
17.26
12.09
4.5
0.69
9.15
5.09
13.43
17.82
15.24
6.31
0.83
8
13.89
16.8
16.1
4.23
12.26
11.62
4.89
11.83
12.08
14.79
14.93
15.45
10.1
6.47
7.66
9.66
2.92
7.69
11.39
10.59
12.78
9.28
8.68
6.99
-2.31
6.21
12.32
13.85
9.19
-5.52
2.42
14.19
13.74
5.55
12.81
4.52
1.02
5.4
4.02
-6.63
7.49
12.67
8.94
5.85
11.11
13.83
16.71
16.75
11.49
-3.16
0.29
0.11
2.39
5.54
6.17
-1.39
8.16
12.28
10.98
11.78
8.5
6.25
13.92
15.63
6.79
9.43
6.59
4.93
11.54
14.45
13.74
11.66
7.05
5.98
8.23
11.51
7.93
8.71
12.56
8.65
9.87
15.84
12.29
1.84
-2.68
-7.07
-2.36
5.2
5.95
10.05
11.94
9.45
-5.34
-0.7
4.95
22.41
21.47
19.48
18.85
12.75
16.15
21.85
18.54
9.05
18.04
25.34
25.86
21.31
15.66
11.49
17.09
14.28
10.78
10.56
16.78
25.07
19.91
21.64
18.17
5.66
8.59
23.51
23.92
11.86
17.4
20.56
20.4
22.02
17.03
15.07
18.4
13.99
22.48
26.84
21.28
11.73
11.83
16.77
17.25
13.54
20.17
21.8
21.83
20.12
15.66
24.91
28.06
29.72
20.73
27.49
27.87
23.89
18.08
19.93
25.75
26.85
26.32
24.17
16.26
10.68
15.56
19.92
15.86
17.62
22.22
22.83
20.8
21.54
22.97
22.31
22.54
23.54
24.44
25.7
25.59
26.39
24.98
21.9
20.04
12.02
14.79
19.07
16.35
13.73
9.81
20.28
22.05
22.94
22.68
22.73
21.87
22.05
11.18
16.35
9.24
10.12
15.53
16.64
14.38
13.41
20.27
22.1
20.86
18.27
16.37
20.09
18.1
11.32
15.95
18.44
18.79
23.69
22.22
12.37
10.41
23.24
25.84
21.99
17.31
22.76
25.36
21.01
21.28
23.4
21.81
19.74
17.64
22.2
19.26
23.24
31.22
31.07
25.16
18.8
16.8
18.67
17.46
18.08
21.73
22.91
21.72
12.06
27.29
25.37
14.92
15.08
19.62
16.95
8.23
14.23
15.87
-12.88
3.78
16.91
18.45
12.16
22.49
23.49
21.51
8
23.48
20.63
15.65
12.11
15.48
23.69
27.07
26.61
24.92
25.89
25.29
10.87
14.09
16.86
23.74
18.85
16.71
18.03
22.6
24.36
23.82
23.47
23.55
22.67
22.86
24.09
24.84
21.6
11.66
18.49
20.9
19.35
19.55
15.36
10.65
8.04
17.67
19.88
23.99
27.13
24.96
18.46
18.67
15.81
16.18
21
23.07
23.66
23.11
16.72
26.12
27.14
26.83
18.37
18.15
18.86
22.19
13.56
16.83
20.5
21.99
21.23
17.05
24.38
24.79
8.62
25.02
25.39
19.72
12.59
18.6
14.03
1.01
7.46
13.62
11.94
14.36
18.43
14.86
21.86
22.81
18.65
19.81
20.17
10.18
16.94
15.6
15.73
13.63
23.54
27.27
26.92
27.55
27.92
26.37
24.97
23.79
27.33
28
23.56
16.34
17.58
19.2
23.89
27.12
25.83
22.52
21.52
21.33
23.77
25.74
24.6
22.9
17.79
10.46
17.95
18.75
14.85
16.44
20.61
18.4
20.75
23.06
20.85
18.03
16.28
20.97
18.51
13.01
5.14
14.36
22.14
23.03
23.22
25.33
24.31
20.65
5.54
10.31
16.73
6.94
15.81
14.22
17.61
22.28
25.68
20.64
19.61
17.62
21.67
20.77
14.68
-5.31
6.68
14.55
15.29
19.03
19.18
16.28
8.74
13.28
19.89
23.31
22.23
14.52
18.88
20.04
18.75
15.06
14.67
11.84
17.93
21.45
15.21
17.26
17.64
11.72
14.09
15.13
9.39
15.08
20.27
15.31
10.2
19.52
23.76
22.11
10.67
15.58
17.81
21.61
20.15
13.51
9.12
3.97
7.32
14.77
16.51
13.81
12.61
13.03
17.23
18.81
20.03
18.42
13.26
7.19
12.06
14.19
15.25
16.28
18.78
19.84
15.5
7.37
5.29
7.5
11.33
2.96
8.74
2.89
-1.46
6.92
6.25
5.28
11.47
13.95
11.64
11.34
16.72
19.24
17.49
12.55
10.62
-0.67
9.28
4.14
14.25
21.34
22.26
19.53
10.56
19.44
19.39
19.73
16.36
7.71
15.3
5.36
8.21
2.5
7.34
16.06
18.02
21.8
24.33
22.53
18.73
24.42
24.4
17.6
13.04
18.12
22.69
22.1
15.82
14.45
16.75
16.17
12.82
19.94
22
21.3
24.92
22.18
11.7
10.28
18.92
16.09
15.55
14.43
20.48
18.4
15.22
0.55
12
22.44
21.87
20.04
15.3
12.59
9.25
16.05
23.27
21.49
16.03
16.32
20.33
19.73
18.11
16.67
18.1
17.38
10.55
16.87
21
17.05
13.73
11.92
12.63
10.08
14.36
14.02
9.1
15.66
5.75
17.67
18.68
14.74
16.6
21.41
16.47
9.39
-8.9
11.25
12.69
23.14
23.04
12.33
15.37
14.99
14.57
12.33
9.85
18.07
18.5
-11.01
16.25
22.48
24.18
18.66
17.02
14.53
17.23
21.87
19.31
12.46
23.06
25.51
25.13
16.23
14.19
19.41
17.26
15.83
15.82
23.23
23.86
22.25
16.97
18.91
11.92
18.35
22.11
24.45
24.69
24.01
22.23
18.84
14.95
14.81
5.64
12.57
9.17
5.12
-6.65
14.9
20.74
24.11
26.03
25.68
23.63
15.77
16.32
16.78
13.89
21.32
20.68
9.17
17.62
18.2
16.78
16.03
21.85
22.96
15.35
14.81
14.21
16.31
23.97
24.67
24.13
22.95
20.59
14.93
15.24
14.43
15.43
8.78
1.69
11.41
18.54
25.25
25.82
21.27
19.04
13.34
24.99
26.39
25.81
23.08
21.56
21.29
18.11
25.44
22.27
18.19
21.51
9.5
12.71
22.07
22.53
18.75
16.75
19.12
20.67
21.01
24.68
25.86
22.19
17.98
20.89
12.15
8.79
17.33
22.53
21.89
19.67
16.58
9.65
12.87
17.98
14.31
20.98
22.36
15.13
17.15
20.67
21.58
11.08
6.05
16.78
3.51
20.17
21.87
18.58
6.22
14.35
18.64
17.11
12.11
17.09
17.53
7.33
9.8
15.93
18.29
17.38
21.53
21.7
20.11
11.11
6.55
15.29
17.04
14.27
17.12
17.4
12.28
16.69
15.58
-13.98
18.81
20.95
20.8
23.58
22.29
15.44
5.16
3.42
6.78
12.34
17.97
20.47
23.05
23.46
21.37
20.13
13.86
14.9
20.32
24.21
23.13
18.77
19.96
21.22
23.27
24.16
14.77
18.95
21.54
18.21
15.88
18.47
19.21
19.67
20.58
19.56
16.53
9.55
12.46
14.79
18.1
18.75
11.1
16.13
20.46
14.86
4.29
10.14
16.73
12.94
12.02
16.3
21.61
23.58
19.6
2.21
10.37
-0.43
8.99
6.48
15.38
11.77
-7.19
9.05
17.06
18.09
21.38
22.35
21
21.12
22.96
23.65
21.55
17.88
14.56
14.2
13.95
13.79
12.76
19.19
20.26
10.7
23.64
23.13
17.02
13.47
4.68
-8.31
11.51
13.93
14.28
0.15
19.77
21.48
13.68
7.72
10.26
14.84
13.12
18.52
16
6.3
15.89
15.09
15.54
20.76
17.53
11.59
11.5
18.21
21.32
19.61
17.2
17.93
16
11.22
11.05
22
21.11
19.95
23.39
23.55
20.7
16.79
5.02
12.31
12.08
2.59
0.81
-7.84
9.72
8.28
10.06
9.29
11.18
3.52
13.73
18.46
12.83
8.38
11.32
4.9
13.87
23.42
24.02
20.36
22.42
23.56
16.41
22.96
23.86
22.37
24.64
26.08
21.29
21.84
19.81
15.72
17.37
22.71
24.85
18.24
22.01
25.49
25.14
17.96
13.15
16.32
18.68
16.23
18.57
19.63
18.1
18.09
17.69
8.07
21.67
24.45
26.49
22.91
20.13
19.48
16.94
11.54
16.28
17.14
16.14
7.34
16.29
23.92
21.89
16.6
22.13
19.71
11.06
10.56
6.7
21.03
23.69
20.2
20.68
24.01
24.08
23.35
14.55
18.44
15.29
11.18
15.66
9.63
15.73
14.65
15.1
11.85
6.91
19.3
23.75
19.38
14.16
11.49
19.31
21.34
15.64
18.22
23.31
27.23
26.37
22.06
10.96
6.23
13.22
5.77
17.31
17.02
18.5
21.87
17.37
15.31
21.29
24.14
20.29
17.47
15.93
5.94
10.22
11.36
18.89
17.96
10.7
9.35
11.68
22.85
27.18
26.84
26
28.24
24.44
6.31
18.91
23.72
23.41
23.51
24
14.7
8.93
22.17
28.7
28.6
23.79
20.42
20.89
20.15
20.77
19.73
14.84
26.21
20.22
25.39
27.23
23.69
23.32
25.09
25.17
20.48
20.03
26.73
30.68
26.27
26.11
28.31
23.32
7.55
22.77
20.5
16.3
28.64
33.62
30.61
24.22
28.76
31
29.35
27.66
24.88
19.17
15.97
26.32
27.61
23
18.14
22.58
18.61
11.8
10.37
13.71
15.92
12.59
15.1
13.42
13.14
35.85
43.54
42.41
32.76
25.56
20.96
14.32
18.4
12.49
24.14
24.9
21.67
10.79
17.59
21.43
21.84
23.53
25.7
26.96
25.11
13.47
19.29
13.54
20.35
12.42
16.78
21.12
26.01
39.96
45.11
41.24
26.86
24.18
23.25
25.51
24.69
12.04
24.31
26.3
25.25
20.35
18.26
17.45
8.85
14.32
23.63
27.5
27.95
25.57
7.64
23.2
30.34
32
25.84
12.3
10.4
-5.95
11.81
8.89
13.73
12.41
15.56
15.78
6.16
12.13
24.15
27.22
22.52
6.58
12.56
0.25
4.16
14.89
21.64
27.84
28.66
22.26
17.94
18.92
13.44
27.54
41.31
44.56
39.81
31.12
25.97
20.92
25.51
22.03
-7.08
11.4
16.21
21.7
15.03
34.23
35.84
26.53
15.49
20.14
24.25
26.02
24.54
23.44
24.64
22.5
15.42
18.44
23.79
21.7
18.12
22.83
32.21
41.7
42.68
34.72
18.48
18.5
23.77
18
22.93
26.17
26.58
27.17
27.19
25.53
19.36
12.67
25.12
28.87
21.97
24.69
23.66
26.7
23.99
21.44
23.7
22.84
6.22
16.61
14.65
8.47
17.88
23.78
19.88
23.98
23.88
8.1
17.75
21.83
19.07
10.35
16.17
20.72
24.57
14.25
25.21
25.95
21.73
19.91
19.33
21.27
15.92
17.16
24.08
36.39
43.21
41.26
28.65
11.9
9.76
21.33
24.97
23.63
21.02
8.54
19.53
22.08
18.74
8.67
11.52
8.97
21.23
22.47
18.36
18.72
17.61
15.67
22.24
20.8
20
19.71
21.36
16.94
9.42
21.69
27.31
26.3
18.92
24.25
19.32
8.84
19.42
21.31
15.5
22.16
15.08
22.63
29.41
27.87
26.23
26.04
17.83
4.89
19.4
20.58
10.21
13.87
19.86
21.58
25.08
24.64
12.93
17.42
20.43
18.25
23.31
17.95
20.05
18.94
24.81
24.63
19.87
12.44
28.9
30.2
38.34
42.33
38.21
32
29.15
25.83
27.23
28.47
23.95
12.2
29.23
33.4
21.64
23.63
22.45
26.77
31.87
34.76
36.98
34.23
29.54
28.38
24.06
26.26
28.68
25.6
21.81
21.9
26.89
28.31
19.26
34.52
33.68
28.17
22.73
19.11
20.02
23.42
22.24
18.66
24.29
25.19
27.72
27.61
24.67
21.13
20.68
20.38
26.81
23.31
33.36
30.74
24.15
23.12
20.35
23.11
28.5
24.4
22.07
24.05
15.44
23.04
23.55
29.47
27.49
14.81
24.43
10.8
33.3
35.15
28.61
18.63
13.18
18.19
22.15
21.44
30.14
44.13
46.81
39.51
25.41
30.64
28.71
29.43
29.44
17.58
24.89
39.78
49.05
49.86
42.02
25.96
27.36
18.37
23.84
24.93
27.01
27.42
25.69
25.92
26.86
30.38
24.82
27.04
30.01
27.36
27.22
27.42
24.55
17.71
26.42
31
29.05
22.53
8.86
28.37
31.34
26.91
19.45
22.62
24.73
26.5
26.21
22.18
29.13
32.2
30.16
27.68
32.6
31.22
21.71
27.24
28.76
24.06
26.22
28.41
25.42
23.14
28.02
24.36
15.91
23.92
32.33
30.49
22.86
25.69
25.19
22.6
23.31
21.75
29.1
32.18
34.13
31.25
21.25
19.24
22.27
22.35
28.78
32.08
30.32
25.85
29.17
30.02
30.04
27.83
23.92
28.56
29.92
26.22
26.2
18.41
19.84
24
25.86
25.77
21.15
21.06
15.27
15.99
25.2
33.35
35.65
35.96
34.14
28.87
25.82
23.99
20.28
26.85
32.29
33.85
30.28
30.17
32.8
32.35
31.33
31.54
27.71
21.67
29.08
16.74
14.88
10.54
17.75
20.11
24.03
19.34
18.96
30.07
29.51
25.45
15.74
22.62
17.03
16.83
21.67
27.19
30.41
30.83
30.81
30.81
32.2
33.24
28.99
28.55
28.83
21.25
22.88
21.15
20.09
26.9
20.43
27.17
31.78
29.3
23.91
29.19
33.29
31.03
22.51
17.17
20.59
20.99
2.43
14.04
19.7
23.99
27.52
28.88
27.74
28.11
25.85
23.2
18.72
17.7
26.34
22.22
17.46
16.88
28.1
32.52
31.49
22.89
26.81
29.54
30.5
26.82
27.46
29.46
29.71
27.77
22.91
13.69
23.49
23.81
20.93
16.61
21.35
20.94
18.1
14.05
12.98
16.52
18.9
23.02
22.44
25.14
27.95
25.17
21.4
21.51
22.91
22.44
22.39
22.32
26.61
19.95
20.51
23.45
23.67
21.73
23.21
27.19
25.78
17.48
14.91
23.5
25.71
20.56
19.55
18.49
23.98
23.52
2.38
22.36
23.03
16.99
18.2
24.22
28.62
28.6
26.95
23.86
6.73
23.85
24.86
20.04
25.97
12.37
24.49
24.17
20.42
22.06
23
28.7
29.96
26.08
16.86
18.09
14.69
21.9
23.45
22.2
21.59
24.26
21.4
17.01
21.08
16.43
18.14
21.5
18.24
12.82
13.86
15.7
17.79
24.61
28.04
27.23
22.33
23.24
25.42
24.9
23.68
24.61
25.89
21.02
21.13
23.51
21.8
19.55
21.74
24.14
25.67
24.88
23.08
21.79
22.74
27.1
28.61
25.75
23.91
25.31
24.54
21.86
20.98
17.23
27
22.65
24.43
20.21
15.62
24.6
22.97
3.24
21.05
19.19
24.4
22.86
24.16
26.49
23.26
23.62
23.92
28.38
27.04
27.16
15.56
25.27
28.3
27.78
23.27
19.63
26.91
17.33
30.6
33
27.8
23.66
26.62
17.38
20.92
16.48
16.24
8.09
23.1
29.41
30.73
29.63
27.67
28.73
26.15
12.32
16.16
20.41
24.1
28.18
28.59
27.91
15.4
22.24
25.11
29.05
26.96
29.58
30.52
24.4
20.03
13.73
24.19
24.29
13.66
22.75
29.35
30.17
26.19
14.42
21.4
22.27
27.22
28.59
20.86
23.29
23.18
17.09
32.56
36.38
31.42
23.93
24.33
21.54
23.86
14.12
21.44
23.55
25.64
29.96
27.03
14.73
27.81
27.62
27.39
26.54
20.29
18.31
27.87
28.98
23.36
23.29
32.06
31.66
26.49
29.07
25.66
21.03
25.55
29.34
27.97
24.08
27.81
33.09
33.61
28.06
18.55
20.96
26.48
27.34
24.53
23.53
10.5
25.81
25.5
23.9
21.13
3.58
25.92
29.12
27.38
20.2
9.72
5.05
16.82
19.85
14.19
17.51
16.69
26.91
27.4
21.99
14.09
15.14
18.74
25.12
26.75
22.32
19.09
21.06
17.89
25.43
27.73
23.21
11.96
25.36
29.21
27.66
21.15
22.11
19.39
21.2
26.38
28.94
29.28
26.6
19.91
19.34
24.37
22.5
21.22
23.82
25.04
20.65
12.64
22.1
27.04
26.25
26.36
25.4
23.32
22.52
23.28
22.98
22.62
22.79
25.31
26.68
21.58
13.45
19.8
28.07
30.22
27.56
21.03
20.44
23.37
23.57
23.82
25.75
26.87
27.86
28.58
28.14
18.08
24.14
26.22
22.97
19.63
7.89
21.1
15.61
20.56
21.93
24.39
20.9
11.05
16.91
25.78
25.75
16.75
15.5
16.91
24.08
26.54
27.84
26
23.45
18.32
14.19
14.31
9.12
16.9
21.81
16.87
14.05
23.21
21.35
23.96
23.97
7.87
20.48
19.08
23.54
22.16
16.09
23.12
25.03
23.81
20.73
6.83
21.07
22.46
25.04
25.41
22.89
15.84
5.56
16.19
22.97
22.61
18.43
21
20.79
17.33
20.74
25.42
23.45
17.66
24.04
18.17
19.74
20.94
20.42
18.62
12.86
22.72
25.85
22.82
11.68
21.26
16.41
20.77
19.69
15.07
19.55
23.22
25.42
24.02
22.04
20.39
14.08
12.9
20.93
21.81
15.18
12.3
11.51
-2.98
8.55
11.67
18.76
23.07
24.53
25.91
26.04
24.09
21.13
14.97
14.59
19.48
19.71
22.88
23.86
19.24
9.68
11.24
17.65
14.71
19.45
21.26
20.3
14.98
20.35
22.65
21.62
13.53
17.69
20.3
17.65
17.72
19.18
22.05
20.98
21.05
27.44
23.87
12.91
5.4
17.11
19.95
20.94
20.09
19.7
20.28
16.64
11.87
14.85
18.02
19.12
18.95
14.98
10.5
7.77
12.13
18.81
22.43
24.89
24.64
22.43
21.54
13.9
15.3
19.62
21.4
19.29
16.11
22.92
18.54
0.86
12.52
13.68
13.17
16.77
17.83
17.48
10.44
21.44
18.38
9.38
10.18
15.65
18.46
19.81
19.83
14.05
8.52
19.52
18.98
16.55
23.39
26.14
24.29
21.66
20.32
17.83
15.26
10.48
10.25
12.22
17.67
16.88
13.65
17.93
23.64
19.68
17.15
20.7
20.08
11.78
12
11.41
17.31
15.03
9.38
15.85
14.7
22.42
21.87
15.9
27.07
28.98
23.12
0.54
0.09
20.55
22.64
19.82
14.05
16.33
23.9
25.74
21.36
9
17.76
18.9
11.93
7.37
7.16
17.8
21.71
19.57
14.54
23.96
25.26
21.98
16.71
17.93
21.9
23.86
23.21
19.47
14.09
12.03
15.64
12.48
9.24
20.54
24.52
25.64
24.18
18.36
20.32
16.01
16.76
22.07
24.01
23.54
20.49
20.44
24.88
23.7
21.68
21.9
15.72
19.16
19.08
19.92
20.04
11.72
19.34
21.51
16.72
15.97
25.38
26.8
20.61
19.9
23.47
23.77
20.75
15.36
17.57
18.22
19.67
25.41
26.27
20.54
20.69
22.26
17.34
24.65
25.8
26.8
23.4
16.38
13.13
23.15
24.15
19.62
8.02
22.29
26.31
23.76
17.16
19.68
21.07
20.97
21.13
22.81
24.15
20.27
7.42
14.54
20.87
13.5
9.77
14.82
19.81
21.83
21.26
13.76
7.33
15.85
17.94
6.49
18.81
21.9
22.94
18.88
13.44
17.26
20.24
19.34
25.98
33.47
37.32
32.47
21.37
24.52
19.51
12.24
14.23
5.75
17.87
20.42
17.93
20.25
18.72
15.72
21.88
24.46
23.09
19.53
8.58
16.72
17.48
13.79
13.16
13.35
22.16
24.08
19.58
3.27
13.92
19.42
24.82
23.52
20.19
18.08
20.36
22.28
18.16
18.11
22.19
19.5
12.21
18.63
21.53
13.43
13.02
18.02
16.48
17.33
21.74
22.3
20.09
20.43
21.05
17.94
14.18
8.35
8.78
12.91
17.1
16.91
14.88
15.38
13.72
15.78
22.99
22.2
22
23.81
23.24
18.81
18.97
21.58
17.52
15.92
20.17
24.99
24.55
15.15
7.35
17.71
24.94
25.81
20.37
9.99
14.85
17.2
14.98
20.77
26.08
25.85
25.39
23.17
21.5
21.89
20.49
19.67
22.06
23.54
21
11.16
14.4
19.28
23.18
24.3
22.96
18.32
16.76
19.84
7.91
8.48
13.26
16.29
15.27
11.55
9.88
11.84
17.54
16.58
14.52
10.05
11.95
17.26
8.16
13.06
17
19.55
20.53
20.69
18.72
12.13
18.05
22.12
20.2
13.77
20.36
11.68
11.31
17.99
20.85
18
14.6
16.09
15.58
18.01
14.06
1.06
5.79
10.62
19.77
18.3
15.76
10.57
10.78
15.25
11.79
16.81
23.58
22.75
23.8
17.02
12.11
20.89
22.39
21.01
24.47
22.4
14.49
10.9
16.48
20.07
21.41
22.96
19.62
22.92
27.78
25.36
12.81
13.66
17.68
18.98
22.48
19.79
20.13
17.65
17.35
15.05
9.43
10.52
12.73
16.63
20.92
23.16
23.99
22.71
18.24
12.07
24.54
27.19
25.33
22.65
16.83
9.27
17.26
19.49
19.03
12.1
21.03
21.85
22.04
20.46
13.06
18.01
21.43
22.45
19.33
11.62
3.11
7.52
11.75
12.28
19.76
21.25
20.81
22.49
19.58
2.31
17.08
20.03
17.32
14.09
20.09
22.16
23.54
23.13
20.71
17.07
1.91
15.92
15.54
19.34
24.88
22.6
16.78
18.06
18.31
20.3
22.54
22.54
23.34
24.66
25.23
25.18
22.71
10.21
15.93
10.21
6.56
11.51
13.3
12.12
4.44
12.9
15.55
9.64
-8.85
10.83
14.83
10.73
5.95
5.88
9.5
12.77
13.83
5.45
15.97
20.38
13.31
10.61
13.53
6.43
6.45
10.58
18.85
22.74
22.76
20.28
17.18
15.48
15.84
7.48
13.13
18.33
18.17
9.61
9.98
11.87
13.41
17.58
21.55
20.31
14.2
-1.03
-2.08
6.37
3.72
5.78
8.33
18.53
17.31
10.25
15.07
17.95
8.97
11.62
11.8
14.81
18.32
16.97
8.24
19.49
18.77
18.8
18.99
10.97
17.57
20.26
21
19.06
14.8
11.53
9.48
12.76
14.49
14.79
13.71
19.94
20.04
11.92
13.21
16.24
14.55
12.39
11.13
2.08
9.87
15.83
17.02
14.42
12.74
14.35
15.17
17.19
16.81
8.77
10.37
10.98
3.58
6.16
10.48
7.43
7.51
13.8
10.32
9.5
12.74
16.79
15.65
13.66
15.2
14.85
14.18
14.47
14.8
8.47
-5.17
12.08
15.85
5.83
9.68
11.71
11.27
18.18
19.52
15.96
11.79
15.13
18.37
17.37
10.79
1.72
10.39
16.02
17.44
7.77
10.38
14.21
15.8
12.02
13.37
18.51
17.66
14.37
9.36
12.89
1.2
13.13
15.01
12.15
10.8
9.94
11.95
4.13
7.92
11.47
14.75
7.05
9.29
18.14
21.96
24.4
22.15
5.85
9.15
9.35
12.12
8.87
15.27
13.5
13.77
10.16
3.25
13.03
17.11
18.22
10.73
6.09
11.25
6.35
10.67
14.55
19.38
22.55
21.68
21.44
22.63
19.56
14.04
14.8
17.65
18.2
16.6
16.61
15.21
10.26
15.71
16.04
19.11
21.88
18.83
12.85
11.54
10.59
12.81
8.87
-12.15
12.1
9.49
15.7
15.62
10.69
15.07
18.46
14.68
1.57
10.36
18.7
20.66
14.78
10.97
13.72
12.23
4.99
12.22
13.4
15.88
14.53
7.26
11.06
16.03
16.95
17.61
15.33
14.15
11.99
3.18
6.08
8.71
10.43
15.88
16.29
19.31
21.88
20.35
16.14
9.29
11.94
18.13
16.11
16.66
19.74
18.81
16.97
20.82
19.68
16.22
12.67
9.98
7.51
16.14
10.7
8.24
17.86
17.73
9.24
6.92
14.53
11.88
7.55
17.89
18.26
17.09
18.3
16.06
13.85
18.16
17.94
14.88
11.38
18.12
15.36
14.27
18.92
18.44
15.69
18.18
15.51
8.05
17.92
13.08
10.54
16.99
18.58
18.93
18.14
12.88
16.84
17.34
20.06
20.62
20.82
19.68
17.4
17.57
15.09
6.45
10.79
9.22
19.21
14.85
17.92
23.55
21.91
14.06
8.86
7.85
-0.22
13.74
11.67
11.06
13.78
16.91
16.19
0.64
13.46
16.62
14.72
12.37
10.94
6.88
16.79
18.99
13.99
15.8
17.6
17
10.64
-0.72
-1.61
10.52
14.5
17.84
17.5
7.14
12.59
16.4
10.08
-1.39
6.5
11.46
3.86
11.95
7.58
5.8
8.12
9.34
11.7
15.81
17.02
18.19
18.29
13.78
-1.22
5.5
1.17
17.54
22.33
20.85
15.59
13.98
14.71
6.53
8.06
2.92
10.29
16.2
9.93
10.2
10.93
11.9
15.71
17.97
14.57
5.27
7.92
13.53
12.65
9.28
14.19
17.33
19.22
16
13.11
10.17
9.1
14.1
12.52
19.68
17.65
14.92
5.76
13.07
13.17
20.85
24.18
24.23
21.56
18.91
18.66
23.84
26.82
22.33
17.41
22.79
21.98
10.57
17.26
18.49
6.3
17.34
22
20.26
12.32
0.48
13.39
15.7
6.68
17.36
21.35
14.62
18.28
18.64
14.61
10.72
10.53
18.25
16.98
17.85
18.68
20.87
19.19
15.47
14.86
12.5
18.03
20.16
17.62
19.3
17.26
15.43
23.42
24.39
20.14
11.9
1.9
13.25
8.51
14.09
14.75
15.67
17.43
13.82
20.77
23.25
21.72
16.78
18.33
13.86
6.56
11.42
9.31
12.99
20.93
20.17
17.86
16.35
17.13
21.21
17.51
11.77
19.37
21.28
17.79
15.46
15.01
15.05
11.92
10.51
13.05
18.87
22.93
24.22
22.89
20.75
19.11
8.73
10.76
13.66
19.18
22.88
21.75
16.56
15.66
21.6
21.7
6.23
17.64
17.48
17.93
21.04
22.94
13.89
19.62
24.03
24.21
20.57
16.88
20.18
20.45
19.27
19.21
18.39
12.77
13.98
16.67
19.98
20.83
18.31
20.64
22.34
21.9
21.85
22.08
19
7.73
11.97
16.64
21.04
20.66
11.28
14.84
18.91
15.87
19.33
19.45
16.83
18.68
16.62
13.38
18.5
17.49
16.32
17.95
16.1
11.29
14.51
18.7
19.81
21.92
22.22
19.64
18.34
17.42
17.89
16.35
10.17
20.24
23.95
23.9
20.79
20.98
22.31
22.35
19.1
14.96
9.21
9.43
12.22
17.14
17
18.04
21.26
21.05
17.17
17.69
15.72
11.24
6.47
13.89
19.35
20.76
16.44
13.45
17.13
20.22
20.34
18.19
22.1
21.52
17.85
19.72
17.84
20.57
23.32
21.76
19.64
20.41
18.11
15.93
20.21
22.1
21.88
19.09
5.25
-2.19
4.84
13.83
18.61
18.13
15.56
18.83
21.82
20.2
7.48
4.76
13.14
13.04
8.3
13.31
18.82
20.25
18.57
11.9
2.52
8.29
7.57
13.46
16.77
17.29
15.63
19.42
20.98
17.75
16.86
18.08
19.27
20.32
19.35
16.37
16.91
15.89
11.05
14.35
14.21
10.23
6.05
10.68
13.29
18.67
22.91
21.01
16.14
19.83
24.1
23.56
19.54
12.02
15.6
18.56
20.28
23.54
25.04
23.52
23.3
26.5
25.88
21.83
17.98
19.98
20.04
17.78
17.58
17.99
17.37
23.05
24.98
24.08
23.37
24.26
24.7
22.64
15.82
12.48
17.14
17.51
-3.46
20.49
25.05
24.76
22.93
22.04
20.81
15.2
13.98
19.4
20.43
18.73
19.06
22.54
22.59
22.42
23.61
25.23
25.68
25.67
25.92
23.61
18.63
14.42
3.99
13.09
21.06
22.51
22.13
23.26
24.7
25.52
23.23
14.85
16.4
18.22
21.4
19.94
18.32
15.92
14.41
-1.33
18.79
22.26
22.18
23.25
23.46
23.49
23.59
21.48
19.02
16.49
3.1
13.96
19.66
21.27
23.4
24.51
22.82
18.64
19.18
22.35
21.97
19.87
18.56
20.58
18.7
13.84
17.74
18.61
20.83
19.75
19.99
21.26
19.44
18.36
19.26
15.87
13.52
18.16
20.82
18.82
19.02
22.45
20.67
18.13
19.34
18.26
14.86
19
18.78
15.76
16.35
16.18
15.33
18.82
23.56
23.16
19.56
19.72
11.28
17.1
14
10.93
18.07
19.42
20.01
16.35
14.12
17.66
14.57
20.56
20.05
18.58
15.26
17.4
17.64
14.4
20.27
16.75
13.56
14.05
12.64
14.36
13.02
15.76
18.3
19.78
22.4
19.71
11.37
12.02
16.13
20.58
19.33
20.05
19.68
9.41
12.75
13.81
17.69
19.14
11.09
12.41
8.89
15.05
17.76
15.99
11.64
9.64
19.22
20.66
19.2
19.09
16.76
11.43
2.68
16.09
17.4
17.34
13.33
16.14
19.46
23.4
20.47
20.04
17.17
15.12
20.95
20.9
21.34
20.32
9.48
17.34
15.18
10.55
13.78
8.97
13.04
21.84
25.03
23.13
20.6
15.99
16.6
19.4
11.26
9.23
12.9
11.5
14.13
13.9
16.28
18.9
13.13
16.02
16.45
16.24
13.99
12.93
12.23
13.09
18.79
21.95
23.29
21.9
19.11
20.18
22.09
24.59
22.31
16.03
19.11
20.66
13.37
15.28
19.67
17.57
15.35
11.51
16.27
21.32
21.6
19.17
9.35
17.73
18.03
14.39
14.13
9.96
11.02
13.64
17
13.01
5.46
6.33
16.3
21.95
21.51
17.51
16.88
13.76
14.31
16.15
11.6
13.88
15.04
16.57
12.04
9.4
8.6
9.06
14.15
18.19
21.13
17.91
9.55
9.03
5.38
7.42
8.22
9.59
13.45
14.8
13.25
8.43
14.19
20.05
20.56
17.44
13.38
-6.36
9.9
11.73
13.67
14.56
15.25
12.82
9.29
16.82
14.49
1.52
2.07
5.28
12.27
17.07
15.89
14.63
15.67
8.53
12.89
16.94
13.67
6.56
7.99
15.5
17.05
14.67
14.19
14.12
13.85
10.13
10.97
10.12
4.71
15.26
18.33
19.18
18.77
19.32
19.37
14.48
16.4
18.95
19.81
16.15
12.59
12.53
7.77
10.07
12.34
16.75
18.81
21.12
22.16
21.19
20.66
14.39
17.2
19.13
16.19
3.42
15.99
18.19
18.2
18.52
17.06
12.46
11.01
7.57
-1.26
13.62
19.42
20.94
17.74
1.48
12.91
20.91
19.1
17.17
12.32
3.66
9.46
18.46
19.37
18.18
16.56
18.61
15.98
13.21
13.2
14.74
13.77
14.1
14.06
17.25
18.42
11.79
6.89
4.47
11.36
13.44
18.92
21.44
19.45
8.92
16.94
20.34
18.75
15.24
12.12
15.48
17.36
15.61
13.57
11.56
10.71
12.42
15.05
15.97
17.51
17.46
16.18
17.77
16.34
16.65
19.62
15.07
17.21
17.12
11.79
13.05
17.1
8.06
13.03
19.01
21.3
19.58
13.16
11.52
18.07
19.45
19.09
16.78
11.58
17.65
17.12
17.88
20.52
20.4
18.01
13.81
10.72
-1.04
-15.08
8.46
15.3
18.34
18.8
19.68
20.95
19.7
17.8
13.31
15.85
18.64
18.04
17.48
15.71
0.85
6.8
-1.83
7.72
10.78
11.59
5.15
13.8
18.95
17.44
14.1
7.39
18.61
18.04
16.34
14.62
11.02
10.26
15.04
9.47
7.37
9.93
10.47
15.79
16.11
10.31
3.86
6.43
16.08
16.7
14.14
15.46
9.32
9.59
14.85
14.55
12.63
7.61
2.91
10.04
5.43
17.96
19.45
14.89
-2.87
12.36
11.66
7.51
8.65
2.12
14.84
17.15
8.77
8.62
6.44
7.38
7.06
7.78
12.78
11.63
11.53
10.81
11.43
3.08
9.93
9.53
5.64
5.56
12.43
16.91
11.09
4.9
14.41
17.75
14.19
-2.18
13.98
13.54
8.32
4.8
13.91
13.53
8.26
5.61
12.35
13.65
13.45
16.87
16.4
13.53
11.61
10.56
10.25
10.9
9.32
7.7
9.43
4.8
12.28
15.37
17.1
16.17
9.52
8.17
2.15
13.62
17.12
16.42
13.35
6.07
7.45
11.86
14.79
17.48
14.52
7.89
1.48
9.84
15.54
14.63
14.94
15.3
9.49
8.59
-2.47
2.92
12.65
12.22
8.83
9.79
14.37
18.55
14.21
7.55
16.16
17.58
11.18
5.86
10.68
14.83
15.85
14.71
13.09
15.42
19.03
19.79
18.59
16.42
10.65
13.87
14.31
7.23
10.54
16.05
15.04
17.09
16.61
13.91
13.68
3.46
6.14
4.36
10.76
14.57
14.85
11.09
16.45
15.95
14.37
14.83
13.45
11.57
9.89
6.44
8.78
-7.02
-6
2
7.22
10.37
11.72
0.53
10.04
12.4
11.52
13.36
14.55
14.66
11.88
10.45
12.76
13.79
13.39
13.04
11.17
5.17
3.95
0.13
8.13
10.32
6.87
5.58
0.51
13.29
18.83
16.74
10.76
1.34
-0.63
4.66
10.18
8.19
-6.92
8.06
-4.79
16.36
15.23
-5.67
0.57
9.63
14.96
14.31
13.59
12.76
15.85
17.13
15.07
11.38
1.01
6.56
6
12.15
19.86
19.41
14.41
11.17
15.69
16.91
10.28
11.12
14.54
1
16.43
13.68
7.6
11.51
10.94
6.12
17.16
18.61
15.87
11.49
13.04
18.97
14.44
14.14
14.36
13.74
16.83
17.02
13.46
6.22
12.3
16.3
7.3
7.91
6.3
6.53
12.72
0.08
15.62
12.81
2.3
4.81
10.69
16.75
18.82
16.5
15.86
6.66
10.27
14.13
13.38
15.06
16.5
10.88
3.55
10.57
16.44
14.9
-2.89
13.11
13.61
12.89
13.92
7.46
-5.31
6.46
14.47
11.08
-26.02
7.97
10.3
4.54
12.03
18.58
19.42
16.71
13.46
-0.04
14.26
16.39
16.34
13.68
12
10.73
3.63
3.98
6.78
14.28
12.75
12.89
15.62
13.84
16.24
16.66
10.91
4.29
15.27
16.79
-0.28
10.19
1.19
2.95
9.95
13.73
12.57
0.13
13.43
8.28
-4.37
7.84
13.73
13.55
12.87
12.45
10.62
13.66
17.29
14.45
10.66
16.56
14.49
15.01
17.75
14.93
13.09
13.46
10.54
-2.94
14.87
13.28
0.47
3.97
11.1
10.89
9.57
12.01
10.15
8.93
16.1
13.16
10.8
6.18
13.22
17.93
16.93
11.26
6.26
11.54
6.64
0.07
-4.53
6.07
15.25
19.46
15.5
9.59
5.72
10.87
7.18
12.82
10.16
12.75
7.14
6.52
7.42
12.31
6.64
7.92
11.61
15.32
17.89
15.9
3.08
5.1
11.83
16.2
17.45
17.99
16.02
9.93
0.36
11.68
15.68
13
2.74
7.49
6.01
5.46
9.49
12.21
4.88
-3.23
11.87
16.1
14.38
11.02
8.47
7.89
10.94
10.67
10.48
8.04
5.97
15.54
16.32
15.51
12.22
6.92
10.02
10.53
11.57
12.91
13.5
12.14
8.84
9.01
14
10.16
6.41
9.92
10.74
12.61
14.42
14.54
12.37
8.78
9.05
13.54
13.88
9.86
-5.17
8
8.75
10.67
15.47
13.75
11.52
15.21
18.88
16.91
10.05
6.12
-1.66
3.84
10.87
11.24
17.04
17.51
12.89
6.81
5.58
-4.16
11.06
16.78
18.68
12.4
11.39
-1.16
14.84
12.14
11.75
14.61
14.29
14.27
12.76
10.89
9.86
8.46
10.65
12.8
14.01
8.3
9.52
11.89
9.69
2.76
-4.24
1.02
4.83
8.2
8.44
12.58
14.18
10.91
-0.52
11.3
13.98
16
17.5
16.29
12.94
18.69
20.42
19.58
15.11
7.72
8.11
16.39
17.75
15.27
12.33
9.34
8.39
9
13.16
0.5
3.24
1.74
10.14
13.62
12
13.01
17.23
15.55
15.08
15.83
14.17
8.24
15.19
14.1
8.44
8.16
8.21
6.03
13.09
13.62
4.34
13.75
13.28
9.01
13.64
14.6
15.65
16.63
16.77
15.12
14.8
15.17
11.07
10.5
-2.07
14.68
16.08
7.96
6.55
6.36
18.51
20.5
19.35
16.68
12.49
12.66
13.85
12.39
9.97
3.9
10.5
20.25
21.47
13.34
15.82
19.87
19.68
17.08
9.1
13.05
16.45
18.87
18.86
16.82
17.64
15.93
11.27
14.88
11.68
11.24
19.93
19.88
17.15
16.99
19.4
19.35
18.19
15.97
11.15
5.23
8.94
14.84
15.22
14.5
11.47
13.27
15.88
16.97
11.04
4.52
8.61
15.19
13.77
9.86
7.58
17.21
17.89
14.44
1
3.68
10.34
18.51
19.65
14.81
3.79
-4.71
4.62
12.24
10.4
-9.67
9.87
12.71
0.44
13.7
17.16
15.15
11.92
12.15
10.32
7.82
15.41
19.25
16.67
5.47
12.93
12.62
9.7
2.71
12.48
15.43
15.53
14.73
8.98
11.03
17.64
19.51
17.44
11.09
10.5
10.23
2.47
6.8
9.18
-5.21
14.41
19.83
20.44
17.33
6.81
11.99
17.24
18.16
14.24
7.71
13.64
15.24
16.24
18.8
12.51
13.88
21
19.99
13.5
12.32
12.57
10.8
15.77
15.49
7.84
13.53
19.67
18.78
13.46
8.74
17.87
18.65
13.82
9.81
15.6
16.62
17.93
15.96
-7
17.51
18.83
16.8
17.99
18.33
14.91
16.33
17.81
17.98
15.89
13.3
13.6
6.87
11.12
14.74
14.8
17.21
17.12
13.18
9.42
14.93
20.07
16.08
-2.57
9.43
1.73
7.69
5.94
8.86
10.32
10.4
20.11
20.94
16
10.02
12.4
15.51
19.47
17.08
12.29
13.42
9.96
12.88
15.32
15.49
12.02
9.78
14.49
16.84
12.62
13.68
14.74
12.39
10.98
9.96
6.37
9.84
10.44
9.45
18.59
16.88
7.95
9.5
11.25
8.17
17.11
14.22
3.33
8.46
12.01
11.51
8.64
12.33
8.82
14.9
15.83
14.84
15.03
15.56
18.5
20.24
19.36
17.06
12.37
3.35
3.59
5.76
-6.83
0.01
12.29
17.24
18.04
15.86
17.75
18.35
18.16
11.59
4.41
6.44
6.43
12.06
12.52
9.38
8.45
14.47
18.5
21.24
17.03
3.74
11.11
3.4
-0.69
6.53
9.32
5.61
1.8
-0.38
-2.23
10.33
14.31
15.61
17.58
14.3
5.84
11.68
9.02
3.82
8.25
6.78
16.72
17.59
18
18.54
17.93
12.19
12.63
10.66
6.58
14.13
15.95
16.63
17.09
17.45
10.03
12
9.41
2.36
4.67
7.37
14.3
16.2
11.55
4.29
15.89
14.98
8.75
-0.81
13.71
18.16
10.82
11.81
17.05
17.98
16.58
12.01
18.06
18.71
13.58
9.26
16.65
18.55
18.09
11.42
5.84
7.46
2.16
10.68
6.99
6.57
-10.81
5.19
12.76
14.9
5.75
9.01
16.57
20.17
19.39
16.96
12.59
15.04
16.03
13.22
12.38
13.6
15.06
14.69
17.47
11.86
3.39
13.27
17.61
19.08
16.1
11.2
16.97
17.77
14.17
10.34
9.31
3.83
15.01
16.17
15.87
13.52
6.19
1.86
-7.91
12.36
15.99
14.09
14.09
17.17
15.5
18.49
19.83
16.77
11.62
7.96
16.19
20.81
21.23
19.49
17.13
14.43
12.28
10.47
8.21
-0.03
4.67
12.29
14.6
11.26
12.07
11.78
11.9
14.75
15.84
14.22
3.8
2.93
7.08
14.39
16.22
15.97
4.07
9.2
3.18
6.4
0.19
5.17
5.06
9.05
9.65
14.87
10.43
-0.89
8.33
16.05
18.18
17.71
16.61
13.06
4.55
6.57
-5.62
2.04
11.11
8.24
14.59
16.37
13.92
12.7
14.25
5.26
12.87
13.97
6.43
8.76
15.43
20.36
22.07
19.27
15.84
4.98
8.64
13.2
13.86
9.93
14.07
15.9
17.53
13.2
9.57
15.67
14.11
5.74
4.29
14.44
17.47
12.1
11.36
16.58
19.3
19.01
17.78
16.69
15.24
15.98
15.93
13.57
11.76
14.57
15.53
8.52
10.42
12.79
16.57
17.61
15.97
12.36
-5
13.55
14.65
7
1.69
12.88
18.93
21.35
21.83
15.29
13.67
15.59
14.66
11.02
7.32
-2.93
13.6
14.25
8.06
1.66
5.82
13.79
15.39
7.55
13.3
13.52
13.95
17.94
18.25
15.55
12.19
11
10.98
12.91
16.05
20.11
20.21
8.74
14.39
17.19
16.09
12.53
11.9
11.61
2.97
3.87
-1.9
12.54
16.82
12.21
0.87
2.68
-4.24
11.81
14.36
13.04
12
9.96
9.77
13.55
11.3
1.76
11.74
10.34
-2.35
3.51
4.6
11.02
11.87
6.01
-11.89
5.6
1.13
13.54
14.5
5.99
13.89
18.57
19.72
19.8
19.69
14.4
9.36
13.84
11.51
9.14
11.9
11.8
15.91
15.46
4.22
2.62
6.07
12.44
14.26
12.92
7.09
8.31
10.19
2.41
7.79
13.81
16.12
12.13
10.08
11.58
11.52
15.83
12.73
12.73
14.07
13.11
12.72
8.91
10.25
13.45
11.17
4.77
-1.9
5.05
7.25
12.01
12.21
5.15
8.37
11.06
5.89
9.61
9.48
1.87
3.57
10.33
10.32
11.14
11.91
3.52
5.89
8.64
6.32
4.62
11.29
-2.6
7.15
-0.07
11.23
12.82
7.64
-0.2
4.69
9.2
5.33
6.95
11.68
4.09
8.2
8.43
4.63
-2.69
-9.93
8.81
15.62
15.91
14.24
12.87
16.67
17.72
8.71
14.03
16.36
7.95
13.79
14.16
12.4
7.13
6.79
16.06
13.52
9.74
11.36
8.04
14.2
15.4
7.77
12.6
16.47
12.85
11.92
11.78
3.74
13.29
14.97
11.29
13.43
7.67
5.08
6.27
8.94
13.55
12.96
11.32
14.29
15.29
4.52
14
17.65
16.79
3.59
8.94
6.83
11.8
11.37
16.08
18.81
16.57
2.71
10.09
9.9
7.43
5.5
15.91
16.13
12.09
12.49
-1.81
12.48
14.03
14.39
13.43
12.83
11.28
7.22
14.43
15.34
10.87
10.76
16.63
16.37
8.89
14.34
15.63
9.4
12.77
4.05
4.01
12.66
11.99
-0.23
12.14
12.88
7.72
9.61
14.28
12.32
10.32
10.65
12.24
13.07
9.45
0.23
11.19
12.36
-14.62
-0.36
4.99
10.87
6.37
-2.1
12.29
13.98
15.76
16.66
14.79
8.92
9.31
11.95
11.52
8.64
10.01
13.83
15.99
15.57
10.35
4.71
7.72
5.55
7.02
6.53
11.7
14.03
13.79
11.64
8.68
10.23
7.09
17.11
15.56
12.32
13.02
5.99
7.03
10.59
12.57
17.53
14.59
13.01
18.31
17.42
12.88
9.02
9.13
5.27
14.44
14.44
13.57
9.1
12.38
10.09
12.2
11.8
14.73
13.35
11.4
8.96
12.75
14.24
6.99
6.73
16.43
15.37
13.54
15.04
11
6.04
14.72
16.57
14.84
6.82
12.46
11.66
9.86
10.77
5.76
11.8
14.26
14.95
11.73
12.67
11.34
9.28
12.63
10.79
14.7
16.21
13.36
11.15
9.49
5.44
9.67
15.3
16.78
-3.37
14.55
14.79
14.47
7.91
-0.44
8.45
11.44
12.46
8.56
-4.04
8.47
11.28
13.35
14.91
9.88
17.37
15.07
9.42
9.41
6.25
4.9
-0.79
9.88
5.11
8.39
15.53
13.04
9.5
13.61
14.38
13.26
11.03
10.13
-1.24
-3.15
3.56
14.4
18.41
13.01
14.99
13.75
9.84
11.91
12.89
15.82
15.5
14.46
13.35
12.13
5.61
4.65
13.35
8.07
-2.89
8.02
11.38
13.96
15.29
14.15
12.85
10.66
9.63
0.96
8.94
6.03
3.78
10.84
-4.81
13.57
12.61
13.23
10.44
7.79
11.93
11.97
13.06
11.49
-3.74
8.52
15.88
17.8
13.59
9.41
5.96
8.27
8.64
-2.42
9.74
5.12
13.34
12.68
11.34
13.99
15.03
10.53
-5.22
9.34
5.31
15.3
15.29
5.57
8.69
7.32
4.02
11.28
6.61
-9.08
7.29
9.71
13.22
11.7
12.77
13.9
12.4
13.14
10.27
5.23
4.9
11.07
13.34
18.73
15.89
9.96
13.33
15.49
14.19
13.3
14.8
15.96
14.97
15.06
16.75
12.09
4.05
5.3
2.5
11.17
15.4
10.79
-11.86
8.27
6.54
14.22
16.56
13.29
6.47
-9.76
5.62
14.2
12.97
17.61
15.24
12.23
6
6.53
9.15
8.36
11.65
14.3
14.49
13.28
17.88
13.78
-12.21
8.75
10.17
6.13
11.97
12.94
12.93
13.42
14.92
7.95
-8.65
11.26
18.22
17.89
14.93
12.1
10.57
14.13
16.14
17.12
17.76
14.09
7.47
5.62
15.25
15.28
12.77
12.03
12.4
10.58
-0.99
9.32
11.01
2.04
11.14
1.33
-3.87
-0.36
1.8
7.67
13.39
15.93
12.67
11.6
6.27
8.68
16.35
18.25
15.59
8.49
5.83
12.95
14.68
10.81
6.04
12.47
12.29
2.98
-2.65
6.67
10.7
10.41
-0.53
1.43
-1.99
