9.83
12.45
13.36
13.81
8.76
1.98
4.63
9.45
10.45
5.13
3.76
2.21
4.06
5.57
11.21
13.81
12.45
6.28
5.9
5.16
1.56
6.74
8.8
12.69
9.13
11.71
12.86
7.89
9.45
11.31
11.27
10.29
9.14
12.33
14.17
12.45
8.09
4.31
-4.56
11.7
13.7
12.54
12.39
9.45
-5.94
3.82
0.39
0.59
12.04
14.97
14.67
12.78
8
4.13
8.51
10.6
1.17
5.63
6.18
6.49
10.18
8.14
10.83
6.96
-0.23
5.43
13.35
9.79
1.65
3.49
5.82
9.55
11.76
6.64
-3.39
4.09
7.67
4.05
4.5
-16.02
4.81
7.74
-4.79
3.63
2.71
1.83
9.04
7.6
9.43
14.01
14.03
10.87
9.01
13.4
15.08
15.79
15.92
13.92
17.06
15.78
12.16
8.86
2.41
10.98
7.39
12.04
12.26
11.51
13.55
14.33
15.08
11.96
8.36
2.59
11.36
15.27
16.98
16.53
11.09
-20.81
7.89
4.88
5.85
10.66
6.79
-1.7
10.93
12.86
13.79
10.6
4.76
3.96
6.13
-3.51
7.36
9.81
-7.13
6.32
7.15
4.84
5.82
4.63
9.19
9.28
-2.89
2.69
1.37
6.99
11.6
12.85
12.93
5.34
3.58
8.27
8.98
13.91
10.93
-1.22
5.69
11.63
14.92
10.52
6.5
5.59
11.57
11.57
5.69
0.93
1.48
-4.05
3.2
10.74
14.57
14.77
12.12
6.01
-1.72
7.49
12.77
14
13.86
13.6
12.52
12.79
14.5
16.58
14.79
10.34
4.53
11.63
12.86
7.45
8.62
14.8
14.09
8.51
9.72
11.69
-4.5
14.52
16.16
12.67
10
10.41
12.32
12.1
2.67
14.69
12.8
0.67
8.88
12.46
10.21
10.3
12.32
15.13
16.57
14.14
13.57
15.24
13.32
11.56
13.74
13.75
8.16
-2.76
9.59
15.21
16.28
15.81
8.88
5.71
2.47
9.92
7.83
10.46
12.98
8.37
7.04
10.92
14.04
11.79
0.85
9.27
8.46
9.98
6.17
10.49
12.65
7.99
3.82
12.73
13.62
8.19
1.07
7.56
5.48
9.89
5.61
0.22
8.67
14.24
13.63
8.18
-4.36
11.56
12.78
11.11
10.05
1.38
1.28
-8
11.72
11.57
2.22
-5.85
4.54
13.36
12.82
13.38
13.11
8.38
9.18
14.99
15.75
16.01
15.08
8.65
-2.87
9.58
7.9
7.16
13.98
15.43
13.07
13.42
4.72
6.99
4.79
2.74
8.93
15.76
18.36
15.38
15.77
15.91
11.55
11.15
10.51
12.85
16
14.13
9.18
4.67
5.35
-4.43
4.29
7.61
3.83
4.65
5.22
1.91
2.29
-3.15
7.88
11.09
4.83
10.64
14.43
14.73
14.56
12.86
9.5
4.7
4.45
-1.66
9.22
10.67
6.11
2.43
5.53
5.32
8.61
10.53
2.58
-0.43
0.35
4.69
11.33
14.58
13.02
11.67
9.19
-3.98
9.37
10.76
11.9
12.74
9.05
-0.76
7.06
2
3.26
7.48
8.36
6.81
4.57
6.38
-1.16
6.01
11.28
13.79
8.95
-0.07
-0.5
0.76
8.23
11.61
4.98
6.55
5.51
7.96
8.19
9.04
11.17
10.76
9.59
-3.24
10.35
8.87
4.36
6.85
11.66
8.29
-0.47
2.67
8.74
15.4
14.44
11.82
9.87
15.99
13.47
8.31
-15.04
3.48
5.23
11.97
11.03
7.37
7.61
16.02
16.74
13.63
8.64
0.61
6.71
13.88
15.05
13.1
10.22
8.89
7.36
-10.64
7.45
11.28
6.69
7.21
1.79
7.63
4.87
7.26
11.77
11.89
10.21
-0.98
8.76
7.65
9.66
12.71
13.56
17.45
17.79
14.32
2.27
9.46
13.4
13.38
1.61
5.82
8.88
12.7
10.79
8.8
-16.02
7.88
5.89
-7.4
14.31
16.1
16.35
17.56
13.53
9.27
9.87
9.88
11.42
9.6
8.27
6.5
8.42
11.75
8.91
9.46
14.2
16.45
11.64
12.05
16.99
13.24
6.58
4.85
6.86
1.32
10.02
13.86
13.24
7.4
4.98
9.65
-1.34
9
12.3
12.47
8.99
-4.61
3.3
10.64
6.53
8.55
11.72
5.61
3.29
9.59
10.17
11.45
10.33
9.14
9.36
5.5
6.68
5.68
1.71
9.56
13.1
15.24
14.57
8.75
13.63
15.51
12.94
4.29
1.02
2.52
1.04
8.01
0.64
13.27
12.08
11.58
14.86
14.84
11.43
13.32
15.93
12.63
8.48
12.01
14.19
13.27
5.71
9.94
9.69
-2.01
-0.66
3.06
0.09
2.93
1.94
-1.33
6.06
8.7
9.8
12.46
7.84
0.15
-0.2
7.69
12.01
12.1
10.69
10.06
7.16
7.78
14.21
7.74
5.38
8.66
10.72
9.48
1.12
0.14
5.81
4.16
3.09
0.63
-2.09
7.28
8.51
11.54
10.87
7.3
4.36
5.47
12.08
12.65
8.51
-0.86
8.11
7.01
11.85
14.89
14.96
12.01
10.99
7.5
5.84
6.27
2.36
12.5
11.24
-2.39
6.77
3.26
-10.32
10.36
12.85
13.99
14.43
-4.3
12.42
10.72
10.58
1.74
8.47
10.49
10.84
9
6.06
5.65
14.56
16.69
11.36
12.01
12.59
12.14
9.87
8.06
11.36
8.17
3.27
11.08
7.04
7.83
10.55
2.69
12.86
14.48
5.91
4.12
11.51
12.88
12.08
6.73
-0.87
10.61
9.61
6.78
9.64
10.94
10.37
5.36
4.49
4.98
4.84
3.14
4.24
-2.31
14.3
14.77
1.14
11.99
11.36
9.46
8.65
13.37
15.58
12.36
9.69
10.95
11.28
5.07
4.83
10.26
-5.29
7.77
5.72
12.96
11.49
0.61
0.35
10.71
11.76
8.78
14.23
15.82
15.4
11.89
1.6
6.38
4.55
11.39
13.2
8.19
6.68
7.66
5.47
4.31
10.64
13.38
13.77
8.03
-0.98
2.96
4.8
-12.6
10.3
12.83
14.35
13.4
4.2
-2.46
-2.28
2.6
13.11
13.54
9.52
-0.21
1.38
2.41
6.56
10.93
15.74
12.51
9.49
12.37
9.22
10.97
13.75
12.8
7.37
2.2
10.15
15.2
15.33
10.1
11.94
13.66
7.39
9.29
8.03
13.51
14.78
5.98
8.74
5.42
11.3
12.19
4.27
-0.55
5.05
4.3
2.48
13.01
14.9
12.61
11
10.12
13.7
15.43
14.64
14.25
11.76
-1.48
0.6
8.6
3.76
7.76
12.36
9.42
8.18
12.79
6.77
8.93
8.38
11.5
8.53
-9.97
5.48
7.54
11.97
12.57
12.57
13.57
13
6.54
5.13
12.19
15.62
15.24
10.41
8.97
8.91
8.37
-3.56
10.11
9.58
8.55
11.61
14.91
14.56
19.47
20.87
19.56
21.96
22.47
21.85
20.29
18.85
21.59
16.91
17.81
17.27
18.94
20.84
15.78
15.79
9.34
-4.77
10.06
13.67
24.29
23.94
18.6
15.56
21.62
20.66
14.21
14.04
15
15.53
19.11
23.28
23.47
18.24
16.99
20.56
18.01
1.5
22.89
24.28
-4.26
13.78
13.71
12.89
2.91
22.29
23.48
18.76
19.26
24.88
23.63
21.16
21.74
17.89
26.76
31.7
32.14
27.21
19.52
20.41
23.56
25.5
26.06
22.53
15.89
15.56
23.03
21.73
14.4
18.69
11.31
20.58
25.9
24.66
21.89
22.94
21.59
20.86
22.73
23.68
24.7
23.76
19.8
15.55
14.03
6.55
13.32
22.58
23.87
25.28
26.29
25.13
25.23
17.82
23.19
24.27
18.21
17.11
18.55
7.32
14.42
19.03
20.85
17.72
12.51
13.07
20.34
22.87
22.58
23.45
25.39
21.04
13.7
17.23
18.02
15.76
21
19.25
19.32
20.02
11.04
22.24
22.96
21.77
24.87
27.45
23.93
14.98
23.15
27.1
28.08
22.11
13.97
12.83
28.22
31.21
26.27
19.63
18.41
11.85
22.32
22.11
14.41
20.97
19.57
16.09
20.82
25.21
25.48
22.73
3.52
16.83
16.31
16.52
3.27
12.27
12.32
10.08
9.91
13.73
25.95
28.61
23.21
18.14
14.63
24.96
25.81
17.68
14.98
6.98
20.49
23.45
22.47
19.87
20.55
21.27
23.44
27.58
20.09
15.59
24.98
27.08
24.43
14.74
6.5
17.88
17.97
15.47
17.96
21.83
25.32
18.77
17.7
19.33
16.01
20.09
18.78
14.26
18.52
20.5
23.49
24.84
21.53
18.88
20.44
22.79
22.52
20.08
13.69
9.42
-3.15
4.4
20.85
26.71
24.61
10.5
24.02
26.11
21.35
24.1
20.99
15.26
19.37
6.93
16.74
19.79
18.76
19.97
24.13
23.59
12.8
22.65
25.53
19.81
4.77
17.6
16.05
8.92
12.02
18.24
14.37
11.44
16.69
21.17
24.06
22.1
15
18.81
19.52
11.54
21.02
19.57
7.12
6.32
23.91
28.31
25.02
21.07
26.56
25.39
23.39
24.34
24.67
25.21
23.24
19.32
18.75
18.04
21.71
25.89
24.23
17.84
14.2
15.48
22.76
25.58
23.93
20.16
14.45
16.58
19.35
15.68
18.03
22.82
22.44
18.16
8.27
17.47
19.69
18.26
20.46
23.94
22.8
14.5
17.83
23.1
24.14
25.74
22.96
23.53
26.01
23.33
17.01
13.82
1.87
13.45
12.47
8.03
12.28
16.68
20.76
13.17
21.23
21.27
11.68
-3.71
12.94
11.66
3.49
13.94
18.2
19.88
17.22
14.28
5
11.32
15.84
21.32
22.4
15.21
14.73
11.69
10.29
13.81
15.51
15.87
17.98
19.1
12.58
3.65
11.43
13.59
17.67
20.9
20.46
16.89
15.69
15.27
16.98
19.78
20.94
17.92
8.76
6.19
17.7
20.28
13.93
8.63
13.92
12.76
10.74
5.32
9.78
13.48
13.62
10.69
2.01
9.31
14.42
16.96
14.95
11.89
13.47
14.87
8.5
8.22
13.8
15.9
13.31
9.73
1.24
7.9
-0.59
8.29
11.83
11.59
8.01
13.9
11.56
0.37
8.27
6.31
11.64
16.94
17.7
16.53
8.88
10.13
12.77
9.96
15.64
19.52
16.19
22.31
22.46
21.09
20.64
13.25
7.29
10.13
15.82
19.46
20.34
20.74
21.62
22.23
19.46
23.39
25.29
17.96
23.96
23.75
3.11
19.24
17.48
9.85
16.37
15.26
19.45
14.9
15.77
18.77
14.38
18.99
18.72
22.25
14.7
22.41
23.82
10.86
16.16
15.47
6.63
16.17
21.66
22.5
20.83
21
20.59
19.74
18.56
20.38
16.5
8.48
13.01
14.19
13.48
17.62
16.78
17.16
16.35
21.58
21.62
23.24
24.42
25.58
26.13
22.53
19.43
19.41
11.46
17.1
20.55
19.35
19.4
17.01
5.06
20.71
22.37
19.7
21.82
16.55
24.89
28.19
28.34
26.75
25.56
22.75
19.42
21.06
15.56
18.04
15.53
13.37
24.08
26.24
25.18
24.13
22.62
24.92
26.42
15.31
18.03
20.77
27.8
29.25
25.98
20.93
25.88
24.2
24.43
21.34
17.05
24.22
21.27
20.3
21.18
17.34
2.79
14.18
10.1
12.85
21.42
23.04
22.41
20.39
19.33
17.55
17.4
20.41
16.5
20.99
24.62
21.98
23.01
21.25
20.33
23.31
20.22
9.73
8.49
12.33
16.31
19.23
20.93
10.89
22.26
15.37
22.64
25.26
22.34
20.98
17.08
2.5
6.05
11.75
11.68
18.91
21.89
21.18
15.99
18.81
17.47
18.72
16.78
11.62
13.02
10.17
18.47
20.37
15.22
20.94
22.55
24.84
23.81
10.29
21.33
24
25.86
24.21
18.57
15.91
19.99
24.68
24.45
17.81
7.32
3.3
13.52
13.3
14.96
20.36
18.96
17.21
24.83
20.53
8.11
11.43
12.82
19.72
23.74
21.2
1.29
19.54
16.42
18.09
17.13
19.16
24.32
17.66
14.49
16.38
5.84
14.21
9.75
16.89
20.5
21.07
20.95
12.48
13.6
6.37
8.14
17.59
21.02
16.16
18.34
19.24
9.53
18.2
20
16.15
12.46
12.4
16.62
18.44
15.97
17.9
21.99
22.18
17.12
6.45
20.89
22.97
17.55
18.24
15.82
1.78
9.84
13.04
13.84
9.51
23.03
24.71
20.58
16.64
20.16
22.69
20.26
19.7
23.23
20.6
15.42
17.71
23.84
24.54
21.52
27.17
26.82
23.63
26.54
23.02
11.34
22.32
19.15
7.02
19
22.32
20.35
22.46
18.03
15.95
21.22
18.16
23.16
23.18
20.04
19.66
18.14
19.72
20.52
22.14
26.06
26
23.57
21.81
18.09
13.13
16.41
12.11
16.16
18.17
7.79
22.72
26.25
26.61
26.09
23.82
17.91
11.02
22.26
27.07
25.88
22.53
19.06
16.86
8.86
14.35
11.42
13.71
21.59
21.97
19.42
21.63
19.91
15.22
5.4
7.55
13.61
17.34
20.98
19.79
0.55
19.34
20.5
16.3
12.17
13.47
19.44
21.39
20.66
17.22
11.25
12.26
16.79
9.2
17.71
15.53
14.64
19.28
12.58
22.44
22.24
15.65
10.58
17.92
8.19
9
9.83
18.95
21.39
22.42
19.36
17.75
16.01
-5.6
5.74
7.59
10.03
18.99
19.03
15.11
11.57
11.17
17.94
18.59
18.59
16.05
14.55
16.4
10.29
12.01
16.99
16.51
14.76
11.77
12.98
11.54
12.74
15.15
17.17
20.32
20.06
19.96
21.03
21.17
20.42
17.44
14.17
19.74
26.97
26.35
19.24
12.11
22.69
25.44
21.82
4.95
22.87
27.72
25.69
15.58
12.87
17.71
5.48
10.6
18.76
19.47
16.17
12.82
18.58
19.03
23.31
25.55
22.4
14.72
8.17
21.2
16.94
11.17
16.45
18.2
22.23
22.83
18.28
11.05
14.76
14.37
14.62
14.26
19.78
16.35
18.3
20.28
19.77
14.97
25.78
27.25
22.54
10.92
22.79
23.44
16
17.27
24.33
23.97
20.67
17.99
13.73
13.6
22.17
22.73
16.92
18.48
23.55
23.89
21.72
5.23
20.42
20.56
21.77
23.43
23.59
24.05
24.28
23.74
20.07
6.55
13.09
17.09
6.09
17.76
16.27
16.46
12.83
22.11
25.07
20.95
18.38
16.38
11.7
13.07
18.37
22.6
22.4
19.32
24.25
24.71
17.66
18.22
23.43
21.29
8.73
20.17
22.64
23.59
23.55
22.03
16.99
1.69
-4.92
7.59
12.65
15.04
5.13
12.61
17.29
18.23
16.45
20.81
20.31
16.5
13.66
24.4
27.23
23.1
18.99
23.14
22.72
8.25
11.81
26.17
33.88
36.16
32.37
17.61
20.88
25.5
27.21
23.24
9.93
18.75
25.53
26.44
26.22
25.43
19.14
23.19
25.78
25.55
27.01
25.02
28.2
31.15
25.63
19.58
28.04
30.72
29.44
22.91
14.91
20.24
16.69
12.1
12.53
16.23
15.51
23.24
14.97
15.87
9.41
18.92
23.06
26.22
24.02
23.11
22.2
17.6
29.67
42.82
45.39
39.05
19.73
22.62
26.27
25.39
19.13
14.33
22.24
20.44
10.39
6.03
13.99
24.56
26.83
26.81
26.08
23.96
24.36
26.29
23.88
24.84
26.99
25.36
29.13
41.81
46.12
41.94
27.94
21.57
25.78
22.78
16.3
19.37
14.06
5.3
20.16
9.75
23.9
23.78
18.72
11.06
10.36
14.86
19.6
18.48
10.18
23.06
20.31
28.26
28.15
24.89
25.51
19.12
17.72
17.89
17.74
25.03
24.9
18.99
17.46
12.24
10.8
15.27
19.4
16.31
25.7
25.96
19.53
13.47
18.92
11.41
22.3
21.59
23.27
23.64
19.09
14.05
27.3
40.64
42.85
36.23
23.13
19.56
15.67
20.46
15.04
3.12
-0.94
14.65
18.75
32.46
37.92
35.4
24.59
15.35
12.71
6.66
20
22.61
25.78
24.05
26.3
25.56
20.01
16.99
10.49
11.23
31.35
40.55
39.59
28.11
-3.76
1.7
14.29
19.72
21.15
7.22
16.09
16.73
20.31
24.74
22.95
10.87
24.32
28.5
26.15
17.29
6.18
14.17
4.97
22.76
25.92
20.01
13.8
16.7
11.58
6.68
12.93
20.86
19.58
15.84
11.57
14.82
17.96
19.04
17.96
15.06
14.02
20.79
15.04
16.68
23.92
24.68
25.2
20.61
17.71
19.49
18.96
12.53
29
40.14
42.2
35.38
11.18
21.78
24.63
26.41
22.42
11.33
18.24
13.91
7.93
13.29
14.23
13.53
11.82
10.88
18.01
16.36
19.98
23.43
20.61
12.06
19.6
23.52
23.86
20.76
17.18
22.55
20.27
18.95
18.58
11.59
26.4
36.84
37.13
26.92
16.64
21.3
20.91
24.54
26.44
25.22
23.44
11.32
10.65
15.25
20.38
16.57
16.93
22.91
27.02
27.33
24.55
21.16
20.74
22.44
23.66
21.76
27.89
27.48
27.18
23.62
15.19
20.47
26.55
28.08
29.78
29.9
30.8
28.48
28.22
34.81
20.24
28.85
29.57
28.3
28.52
27.5
25.48
25.36
33.69
36.09
30.26
24.86
26.31
17.54
20.59
27.46
29.43
35.21
37.75
31.61
21.66
26.77
27.99
21.12
26.7
26.46
23.18
25.39
31.09
34.63
32.03
26.72
23.63
26.55
30.96
33.08
34.13
31.09
28.53
31.59
31.19
23.18
10.75
27.51
28.23
22.72
29.66
33.39
35.17
34.14
31.83
31.65
32.24
31.19
31.67
34.44
35.41
33.58
31.97
34.99
37.25
34.87
30.69
32.23
34
32.13
28.67
35.22
37.64
30.46
28.84
33.54
30.7
31.24
30.33
31.7
48.25
51.69
46.56
31.58
11.54
11.5
19.13
22.24
22.69
33.73
46.04
47.04
35.32
35.67
33.39
30.86
32.12
32.82
34.46
35.14
36.26
38.36
40.43
40.97
39.95
39.11
38.2
37
35.68
34.07
34.79
35.7
34.56
34.78
36.07
36.14
34.15
30.66
30.54
32.98
34.35
34.96
35.39
34.27
32.07
30.54
27.87
33.7
35.28
32.12
26.13
24.52
31.43
34.03
30.25
19.82
16.34
14.05
28.59
31.63
29.19
31.91
34.55
34.31
26.35
21.9
17.62
31.72
35.21
36.42
37.16
34.83
34.75
36.24
36.42
34.61
32.17
29.78
33.45
34.15
34.2
33.79
33.6
34.26
35.18
36.51
35.8
35.49
36.47
35.65
35.09
37
36.7
34.79
32.87
32.43
32.52
28.78
20.42
18.9
15.2
21.45
25.92
31.84
31.83
29.83
30.51
32.6
31.67
28.16
23.18
18.91
24.32
29.04
29.31
26.36
31.15
33.76
33.76
30.57
20.07
24.13
30.26
33.45
35.19
35.64
35.91
35.11
33.01
32.54
33.51
34.9
35.25
34.35
35.3
36.11
34.01
31.59
31.7
32.01
33.63
31.92
27.08
24.78
22.17
28.18
32.27
31.58
29.88
28.16
27.17
22.95
18.28
24.4
25.99
22.62
18.84
26.77
26.77
5.66
23.4
18.51
18.6
19.25
12.73
13.6
23.49
29.29
31.13
31.35
32.25
32.24
27.24
25.1
28.22
29.44
28.42
26.4
26.8
26.02
22.85
22.8
24.74
23.27
13.79
22.97
22.74
20.46
21.08
20.24
16.79
16.06
21.92
28.3
30.76
28.32
21.89
15.71
19.08
16.54
17.08
17.22
14.05
16.01
12.96
12.51
13.72
14.42
13.93
16.44
21.58
19.7
20.47
23.87
21.55
20.12
19.36
23.84
24.99
28.31
25.64
19.7
24.05
22.35
17.31
20.32
22.66
25.68
23.85
21.1
26.75
23.13
23.73
26.48
23.03
24.19
29.09
25.16
10.95
16.05
4.85
24.87
30.23
28.69
20.74
22.51
19.01
19.06
21.7
19.26
-2.42
14.47
12.95
22.25
24.02
23.07
21.93
15.47
18.36
21.2
20.12
20.98
18.04
14.78
15.34
19.47
23.29
21.31
20.44
21.76
16.5
12.29
16.37
14.14
22.51
26.01
26.04
22.19
16.03
15.35
25.27
26.41
22.09
16.65
-3.22
21.95
27.76
27.96
26.74
25.24
22.62
21.33
22.86
24.88
24.53
21.54
16.19
10.97
13.35
11.15
10.88
15.75
17.05
15.05
13.86
18.92
23.34
22.51
20.54
19.57
34.19
31.57
29.69
24.99
25.03
25.18
25.01
23.22
28.39
31.27
29.32
31.28
29.19
25.63
19.42
12.84
23.58
26.1
23.81
24.37
30.23
32.17
30.41
31.42
25.47
14.85
16.49
22.64
24.79
29.1
32.14
35.58
35.72
26.04
27.68
31.01
32.28
28.5
28.16
30.42
27.77
19.66
31.88
31.47
26.92
9.43
26.89
30.76
30.09
28.15
25.84
20.26
24.65
27.33
27.33
27.85
15.46
21.87
24.87
28.02
28.8
27.22
29.92
27.57
14.96
26.27
24.11
23.06
27.46
29.2
28.84
25.44
23.65
30.6
30.65
26.35
28.37
24.85
29.95
37.7
36.37
29.42
25.26
26.89
29.59
29.44
29.72
32.45
31.94
28.61
23.89
30.79
32.63
30.11
27
32.65
31.19
26.99
26.47
28.78
25.39
25.24
25.86
23.6
23.05
15.91
19.6
21.7
22.21
23.86
19.2
26.37
28.4
23.05
8.82
25.85
26.56
21.37
26.17
31.38
28.57
17.97
31.62
33.06
31.39
26.61
22.92
28.1
24.15
16.88
18.3
19.8
22.2
26.16
27.63
28.29
24
19.46
30.12
30.98
25.17
12.68
28.21
31.8
28.87
25.97
26.38
15.98
18.65
26.38
27.52
21.19
26.82
29.1
26.29
23.75
27.83
30.28
30.84
29.43
13.78
30.67
34.35
31.9
28.96
23.66
18.36
24.45
27.78
29.87
28.14
20.76
19.18
24.58
20.54
18.15
24.95
28.11
27.88
24.07
22.58
28.52
22.69
-1.03
20.79
21.93
18.36
22.94
23.08
9.54
19.42
24.52
26.29
26.3
22.84
16.56
20.28
14.8
25.46
25.98
22.54
23.65
19.7
19.88
20.13
16.5
22.36
20.22
16.78
13.78
20.71
28.02
27.95
20.39
13.7
18.26
10.86
16.5
23.83
25.26
22.59
21.29
12.15
23.46
22.8
20.69
15.34
27.38
27.12
22.64
16.58
20.88
27.67
29.54
28.71
26.39
20.44
17.75
21.04
21.83
17.26
20.33
20.6
20
7.79
20.8
18.23
17.6
24.34
18.88
10.53
17.06
12.29
12.64
11.03
19.73
23.59
21.07
19.47
18.11
20.66
17.99
22.18
22.85
-0.71
21.6
21.37
20.04
16.64
14
13.8
23.46
24.42
20.52
18.61
21.67
20.49
10.37
20.66
20.08
14.22
13.17
17.79
22.29
24.04
17.76
17.99
24.06
21.43
14.97
13.72
9.54
18.74
26.32
26.94
24.98
22.72
20.13
21.79
16.59
19.76
15.89
19.89
19.8
8.44
20.59
24.54
20.59
2.78
13.1
15.69
21.09
19.41
17.5
14.1
15.74
20.11
21.89
20.3
16.47
19.13
24.52
25.1
10.02
20.88
18.65
17.19
20.37
22.5
22.69
18.8
2.19
18.26
27.4
27.14
18.37
18.96
17.22
8.5
16.66
16.57
13.95
14.5
20.56
21.53
22.43
24.53
24.18
18.57
20.32
20.42
17.42
15.19
15.08
11.43
13.53
14.95
15.44
25.36
26.42
19.89
11.57
19.93
22.9
21.63
19.16
23.18
22.44
15.93
16.85
19.68
23.09
22.41
19.3
19.57
20.85
19.72
17.22
6.35
12.72
18.17
18.2
16.71
14.59
0.43
18.42
18.05
4.01
18.71
25.92
27.62
26.77
23.8
22.62
22.49
21.23
20.75
20.33
20.14
12.97
15.23
17.64
21.01
24.85
22.74
11.87
19.77
24.72
22.53
6.37
20.19
24.36
23.97
22.92
18.94
11.4
13.64
9.99
17.72
12.66
17.16
24.06
24.93
22.89
17.22
22.9
27.76
26.33
20.12
20.64
25.86
28.22
27.91
25.01
18.58
16.77
17.54
23.5
23.39
16.7
16.78
20.05
26.2
29.04
28.27
24.03
22.63
25.34
24.02
23.56
22.02
14.38
16.8
23.11
23.26
21.08
20.66
17.76
19.31
19.64
20.15
22.61
21.41
24.25
25.2
22.54
17.39
15.78
22.74
24.65
19.82
18.63
16.04
16.83
17.56
6.39
19.51
22.82
24.54
26.09
22.28
21.15
17.68
20.54
10.27
20.27
24.25
22.9
25.88
27.64
25.22
12.54
21.09
24.85
25.2
22.25
20.02
20.94
21.06
20.32
22.14
24.47
27.07
28.93
28.24
26.46
21.55
18.03
16.71
14.42
17.37
20.01
23.03
24.62
23.39
15.41
21.03
27.95
29.56
27.11
21.96
12.98
20.44
21.04
10.36
11.37
10.51
15.57
21.89
24.01
20.9
15.84
17.81
20.52
22.46
20.93
20.25
23.08
19.78
13.09
16.67
16.82
-1.84
20.02
23.27
31.32
34.53
25.21
25.52
27.31
24.44
22.53
23.9
23.75
18.12
20.37
19.64
16.69
20.02
23.23
25.46
23.85
14.86
17.24
17.8
22.51
26.57
25.81
24.56
25.65
22.24
16.07
25.67
27.45
26.02
21.9
22.7
20.97
19.02
24.12
20.14
15.82
20.74
25.47
25.47
23.44
6.96
22.49
23.51
15.38
2.15
13.72
20.85
22.22
19.14
18.06
20.22
13.5
18.18
17.61
12.56
18.88
20.25
20.03
19.49
11.28
18.22
20.23
18.49
18.8
17.6
24.8
26.36
24.94
13.03
19.21
23.22
22.48
19.03
15.22
7.88
16.31
21.95
22.51
16.72
13.56
19.01
11.24
2
9.57
5.56
15.9
14.83
8.99
20.8
22.28
21.7
21.9
23.28
24.03
23.95
23.32
21.69
20.84
16.75
22.06
25.67
24.13
19.31
8.4
17.25
26.13
27.69
23.59
16.45
9.46
8.25
15
8.98
17.82
17.1
-8.01
9.01
16.13
19
19.78
21.14
19.6
19.75
15.34
8.1
18.57
22.34
23.76
22.21
21.71
21.35
15.78
17.74
23.22
24.6
23.08
16.29
12.04
21.26
21.07
17.42
20.6
21.11
18.13
21.64
15.72
17.18
16.34
12.04
14.62
22.59
23.13
20.33
23.24
25.56
21.5
21.03
24.49
24.21
21.11
23.36
21.56
18.23
11.96
22.03
22.34
21.56
20.99
19.85
17.16
14.76
9.64
12
19.7
23.65
22.05
14.6
13.31
13.71
19.27
22.15
15.12
1.76
16.47
17.57
15.43
16.42
7.97
14.64
18.41
20.01
14.32
11.36
16.44
1.24
17.2
20.87
19.85
15.28
20.16
22.37
24.59
25.87
22.93
12.66
-7.43
14.87
19.83
13.61
20.67
21.42
18.04
19.82
17.53
15.74
12.94
14.32
14.3
15.52
22.42
26.14
23.57
18.25
16.01
13.52
13.14
13.6
17.31
19.22
13.33
18.56
21.9
22.22
24.15
23.52
20.05
13.46
13.95
17.13
16.92
16.28
18.32
19.46
14.47
2.98
17.36
21.54
20.81
19.99
22.1
22.65
17.79
14.36
19.69
6.86
19.84
21.3
9.7
13.06
18.23
16.07
6.12
6.64
6.39
18.63
20.61
12.87
10.18
12.87
12.32
14.36
15.75
13.45
13.13
17.41
12.65
10.34
12.9
9.86
13.53
7.16
12.19
2.42
6.3
14.66
16.72
6.69
15.64
19.39
17.97
15.75
17.09
15.13
17.01
16.35
13.22
8.14
14.74
10.94
19.08
22.35
18.18
14.09
14.3
14.04
14
11.47
11.33
17.34
17.94
16.63
6.82
14.89
13.72
8.98
1.7
13.28
18.89
18.11
10.68
16.03
21.49
23.07
19.89
15.34
15.68
14.42
13.87
10.33
17.15
16.08
14.67
15.52
16.62
16.47
17.23
19.6
17.64
8.36
10.1
14.23
14.49
11.28
13.74
11.36
4.27
14.24
12.45
4.06
0.12
10.34
18.33
16.86
14.56
9.13
6.61
4.15
10.54
14.79
14.37
14.64
14.21
3.88
8.82
10.24
19.2
19.57
11.25
3.67
10.77
16.16
15.16
9.82
3.39
15.28
19.94
16.96
5.42
11.06
16.37
16.52
13.65
9.61
15.09
17.02
14.73
10.45
17.05
15.79
9.54
12.53
17.37
18.22
12.91
9.63
9.11
8.68
12.15
7.9
0.66
12.07
16.21
13.69
2.35
14.73
18.75
16.31
10.43
7.16
19.85
20.49
14.45
11.81
5.83
-16.83
13.09
19.44
18.88
16.12
16.55
14.06
0.07
12.09
10.62
5.24
13.15
16.21
18.47
20.46
17.74
9.14
-4.62
3.5
15.73
18.03
16.22
16.69
14.69
8.46
8.26
16.4
21.51
21.95
20.62
18.32
10.84
8.2
13.46
9.84
9.5
15.4
16.54
11.34
15.95
18.09
15.61
17.01
12.78
9.35
11.39
17.63
19.29
17.56
18.11
18.65
18.24
19.95
21.78
18.63
10.79
13.59
14.63
11.6
15.7
16.94
14.01
7.72
14.93
18.6
21.59
18.84
6.35
8.77
16.78
20.48
18.85
12.35
13.09
15.98
21.57
21.77
13.96
8.87
12.8
14.99
13.86
10.03
10.32
12
15.21
11.06
11.11
4.49
14.32
14.82
9.5
11.94
11.94
12.49
12.58
15.16
13.58
13.97
14.1
16.85
11.85
7.29
17.03
19.45
19.8
19.25
15.37
15.98
18.36
18.54
21.94
22.92
21.22
18.92
14.24
4.49
9.5
14.77
15.84
17.66
21.94
19.71
-2.14
7.65
7.13
15.52
18.39
21.69
19.52
14.86
9.94
14.7
15.92
15.34
11.69
10.49
12.51
6.15
21.25
22.85
17.29
8.09
14.01
11.39
9.03
15.37
12.57
10.63
14.64
16.09
13.89
7.16
6.3
5.84
17.18
19.41
18.64
18.41
18.1
14.34
14.93
15.31
15.16
17.02
17.96
16
2.01
13.06
10.3
19.63
20.07
15.01
14.5
8.34
9.33
11.74
7.46
8.29
8.98
9.9
6.81
4.17
13.04
12.56
13.35
16.69
14.74
11.56
10.8
9.49
1.18
13.33
11.18
10.04
11.74
0.26
7
4.63
11.73
13.93
12.53
16.26
22.16
20.4
11.59
16.73
18.54
14.11
7.36
-0.94
7.6
7.07
14.08
16.9
14.49
9.64
7.25
7.51
14.65
9.98
9.89
9.51
-3.36
12.27
13.75
8.62
18.41
19.37
18.8
15.75
1.89
-12.29
11.12
14.63
14.76
17.57
15.46
12.1
9.32
15.43
16.16
9.1
5.86
9.21
7.75
16.29
14.14
14.1
12.63
6.76
12.35
16.64
11.8
14.37
15.2
6.07
12.19
10.73
18.34
18.78
12.45
-1.17
14.51
15.19
13.84
5.49
21.98
24.36
20.99
14.67
14.9
15.76
15.91
20.58
14.74
4.73
13.04
13.74
15.13
12.95
10.19
10.73
8.97
10.7
10.25
18.81
16.29
10.04
15.6
15.71
14.88
15.92
13.04
-9.75
2.81
9.84
14.35
13.76
16.88
13.51
4.07
13.51
16.1
13.89
7.55
6.34
13.32
13.64
14.33
9.55
10.72
17.02
17.47
16.52
14.02
9.56
11.63
11.65
8.3
9.71
2.99
2.08
15.44
17.49
20.26
19.08
16.74
14.72
7.64
-4.64
5.56
8.41
7.08
14.41
16.19
11.98
-4.31
11.21
17.16
16.91
16.45
14.73
10.59
6.01
19.24
20.32
19.13
12.66
14.25
20.3
16.97
14.46
14.5
12.77
6.48
15.01
17.6
14.72
6.85
18.67
18.6
11.78
14.54
9.04
4.15
12.08
18.11
18.6
19.06
19.07
18.31
14.63
15.22
16.19
14.58
13.97
6.59
18.04
21.71
19.48
13.58
13.27
18.9
17.1
12.19
12.43
11.07
12.2
8.49
5.5
-6.98
13.22
15.53
8.09
10.47
9.2
12.94
13.64
16.84
10.97
7.97
9.42
17.77
20.85
21.45
17.27
-1.8
17.02
20.74
14.33
9.48
2.3
9.48
13.32
2.09
16.28
17.23
9.78
14.05
7.07
16.48
18.95
15.03
20.51
21.71
2.48
14.97
10.94
4.1
7.97
19.92
20.52
8.02
18.02
20.02
16.74
17.07
12.93
1.97
7.99
2.84
13.96
15.17
17.47
17.75
2.36
17.42
15.96
11.01
10.43
21.75
20.47
0.8
13.7
16.71
19.97
17.39
7.46
6.43
12.21
16.06
18.45
20.35
20.67
20.56
12.23
13.55
17.5
19.97
15.37
16.18
16.57
12.12
14.45
11.73
7.8
10.36
8.35
14.25
18.86
17.74
15.05
9.63
16.46
19.83
4.93
18.14
21.41
19.7
9.78
8.44
3.8
5.13
15.5
10.92
17.71
13.08
17.92
22.87
21.72
14.02
18.16
20.17
22.91
21.86
7.81
18.1
18.75
18.41
14.71
12.98
19.47
16.1
11.5
7.35
12.74
15.45
17.82
11.44
5.54
9.07
10.23
8.95
12
16.19
16.34
20.04
22.87
20.89
9.47
20.18
16.37
15.68
7.05
-1.64
7.85
15.16
4.36
16.03
8.7
12.7
16.46
12.08
17.3
17.39
12.68
16.74
17.23
17.15
13.4
6.57
14.62
19.24
17.92
14.16
11.57
13.49
18.45
15.58
7.94
12.13
11.81
16.58
14.94
15.03
18.63
17.98
15.55
13.58
8.63
11.73
14.67
14.54
13.67
17.36
19.7
16.69
16.09
15.82
5.78
14.06
10.86
18.95
21.21
13.13
-2.82
7.13
4.69
13.82
13.52
6.46
9.14
16.91
19.98
19.71
12.11
11.95
14.73
-0.44
1.61
4.67
-9.93
-0.59
9.34
19.11
21.23
16.84
13.21
15.36
20.55
20.84
12
15.42
16.62
15.33
13.9
8.44
9.43
-1.9
17.45
20.92
14.26
13.12
20.08
20.38
15.97
9.19
13.5
5.68
8.42
9.78
6.28
16.58
19
16.97
11.86
18.68
21.17
18.68
11.22
2.09
8.96
12.3
16.14
7.89
11.82
13.85
12.65
9.47
-3.29
6.61
10.73
16.89
21.4
17.22
6.27
11.01
6.87
12.5
5.12
15.65
16.65
16.03
10.95
5.07
18.25
18.38
14.65
13.15
11.94
5.65
12.82
12.54
11.88
11.41
14.29
12.85
19.8
18.38
13.04
14
19.96
20.41
9.76
7.38
11.07
11.85
13.48
17.91
15.83
9.62
7.47
7.08
13.09
11.73
11.01
15.85
9.83
7.65
7.87
12.16
3.56
4.59
-17.03
12
14.51
7.58
11.21
13.59
9.43
14.86
13.51
14.37
13.33
18.89
18.91
13.23
12.97
16.42
14.6
12.03
17.55
17.17
14.27
13.23
6.6
4.89
12.12
7.32
15.3
20.04
16.42
13.75
16.78
3.48
20.3
18.07
18.57
14.42
7.46
5.96
15.8
11.6
8.54
14.3
14.87
13.46
9.35
13.51
17.84
14.19
8.89
12.72
14.21
15.09
13.13
9.17
14.26
17.57
17.61
11.03
5.8
6.21
12.73
15.55
15.66
5.63
3.66
4.46
0.12
13.04
16.79
18.35
14.51
15.6
9.46
3.82
12.62
11.54
5.2
16.31
18.26
13.33
2.49
10.69
11.73
14.51
19.3
20.66
14.9
5.68
5.4
10.32
9.44
5.68
16.51
17.03
18.71
18.43
11.89
15.33
13.85
9.91
13.05
10.71
8.28
7.01
9.68
8.05
13.7
15.62
8.92
9.1
14.99
8.9
16.23
19.06
15.61
20.47
18.28
16.42
14.81
9.78
13.47
6.54
8.73
20.5
22.79
20.33
19.36
18.77
15.37
12.52
9.52
15.52
17.68
17.69
16.17
6.43
-0.09
0.4
9.98
9.91
11.24
18.31
18.33
12.31
9.03
11.81
15.76
11.67
2.09
1.5
12.86
16.41
12.39
13.05
9.27
15.1
15.94
-0.69
18.89
18.11
10.28
-9.45
10.7
17.97
20.46
17.29
6.42
10.88
12.63
-0.9
15.8
15.32
7.25
14.96
15.97
18.27
18.17
13.22
15.52
17.19
13.24
14.6
13.14
12.04
17.47
21
18.71
13.69
11.45
-4.71
-3.2
16.86
21.4
16.49
13.97
19.11
18.32
13.73
10.17
6.76
6.57
9.75
9.94
15.9
16.35
10.61
15.38
20.28
22.42
16.51
16.36
16.84
12.72
11.52
-1.84
16.55
14.58
10.71
12.04
16.19
3.67
3.43
16.95
16.98
15.4
17.34
10.51
16.53
21.38
19.43
14.72
9.91
16.01
19.51
15.03
20.14
23.15
19.06
12.46
11.47
16.67
12.22
3.76
11.17
15.65
5.99
5.48
1.9
9.12
14.39
9.36
8.95
10.92
9.34
10.41
9.29
10.45
17.65
16.94
13.14
10.84
-0.9
17.85
21.8
19.39
9.13
6.43
2.52
12.06
16.71
14.6
5.63
15.8
15.44
11.88
15.92
18.86
15.66
15.09
14.31
8.8
11.05
8.74
16.56
15.59
13.39
18.11
17.84
13.43
11.39
10.3
-3.51
11.87
9.12
4.73
9.73
7.49
8.1
10.98
8.51
14.59
16.04
11
-1.6
3.34
2.92
7.75
8.2
-3.48
5.67
10.47
-5.95
-2
7.26
4.63
-2.2
-5.47
10.82
15.59
12.64
11.3
11.43
15
14.31
7.05
16.59
16.85
14.31
8.98
9.14
14.61
12.57
9.46
8.79
15.14
8.85
11.34
14.29
18.96
16.05
8.49
-2.47
3.01
7.42
12.19
11.38
10.83
11.27
9.63
15.13
15.87
14.04
14.7
16.86
14.99
8.39
9.19
13.9
9.54
10.88
6.74
13.66
14.78
11.35
13.33
16.65
15.45
13.19
20.9
22.18
15.02
8.03
10.81
11.75
11.84
8.15
6.15
10.26
14.75
15.48
11.79
3.26
5.63
13.73
17.82
19.47
18.58
10.45
10.93
14.27
13.89
13.62
6.42
13.84
16.23
15.25
13.46
-23.82
13.99
14.69
19.57
22.23
19.51
11.86
7.74
11.23
18.68
16.66
3.37
8.16
3.18
-14.19
2.27
8.13
10.88
13.26
13.48
4.4
14.12
12.63
14.09
14.48
16.27
15.32
16.37
18.33
12.25
-2.05
7.96
6.47
13.69
17.6
16.39
11.32
4.47
6.22
9.45
13.95
17.33
18.37
19.75
15.66
3.26
9.37
6.45
15.07
18.2
16.57
9.38
11.06
14.68
16.1
17.15
7.43
13.13
12.88
11.68
-10.41
8.5
7.12
7.98
11.61
13.57
6.07
7.8
10.78
7.02
-4.49
10.17
15.51
14.08
13.66
15.8
10.86
9.33
3.29
14.65
14.27
3.14
1.1
12.6
17.97
14.79
12.15
12.01
14.61
11.26
9.84
15.74
11.4
9.48
12.89
10.78
13.46
11.73
15.2
17.94
12.03
14.84
18.14
17.66
17.68
15.41
5.79
10.61
13.63
10.11
-0.02
5.56
10.12
16.68
17.62
13.65
9.25
7.36
6.22
13.81
15.7
12.03
4.44
8.08
9.87
-16.56
3.93
11.75
13.4
13.27
13.55
11.74
12.87
12.41
14.75
16.18
9.38
10.75
0.38
4.75
11.12
18.88
19.28
20.58
20
11.06
2.33
3.47
7.28
10
13.31
17.61
18.29
6.31
13.94
15.32
6.73
9.75
13.57
14.29
12.88
11.04
12.04
12.3
18.56
20.35
18.9
17.86
13.98
13.36
16.99
18.92
15.96
8.83
4.94
9.48
4.42
12.47
16.69
16.36
13.12
9.74
11.94
15.11
13.91
14.15
18.18
17.2
19.21
17.75
16.64
14.46
10.92
14.06
10.95
-3.06
6.53
3.38
8.76
10.23
6.11
8.54
9.78
9.95
11.5
11.56
5.57
9.15
12.18
7.07
4.8
6.3
3.6
8.5
11.64
14.3
16.04
14.32
14.03
14.29
14.02
16.37
15.07
13.7
9.33
6.8
-0.19
9.47
17.67
16.96
7.93
0.97
13.02
14.44
13.82
9.71
4.49
0.09
11.14
15.01
18.26
17.37
13.23
13.25
10.61
10.21
14.51
14.45
13.37
7.18
10.28
10.63
-3.05
9.46
10.9
12.58
11.78
13.14
11.8
6.94
17.92
21.25
18.68
15.91
10.53
7.72
14.21
10.01
9.35
12
14.16
17.02
19.01
17.73
13.77
10.5
11.41
12.64
-2.84
7.34
4.01
-13.57
6.87
12.54
12.19
0.83
-10.67
13.05
16.01
15.28
14.42
12.43
9.97
10.24
12.38
14.73
14.25
7.35
13.24
14.15
6.18
8.49
10.23
2.39
16.33
17.54
14.68
15.38
16.36
14.93
5.06
6.96
9.33
14.25
15.71
12.76
14.22
17.14
19.25
13.44
5
12.34
14.63
8.41
8.83
11.58
10.96
6.27
10.35
13.62
8.72
6.15
10.27
11.93
12.82
12.38
13.49
11.3
9.07
13.25
7.88
15.46
7.62
7.07
4.67
-2.74
0.67
-6.27
10.62
11.43
13.3
11.78
5.57
14.32
11.52
15.99
13.36
9.59
3.61
11.89
12.24
12.26
14.08
11.54
10.5
11.82
12.1
9.24
6.56
12.42
18.02
16.77
11.9
5.58
7.98
15.45
13.9
-4.78
5.28
5.79
12.73
7.96
-3.91
11.08
14.23
11.32
5
9.62
15.95
13.56
4.39
14.48
17.31
15.1
12.42
1.17
10.74
11.62
1.11
14.49
18.15
14.21
-11.89
10.04
11.38
10.52
7.29
16.16
16.37
19.23
17.9
14.59
17.37
15.42
6.15
8.67
8.72
4.94
-6.24
3.95
5.98
3.57
0.72
11.78
7.23
10.68
11.15
-2.6
11.14
13.38
11.89
18.33
20.73
18.78
7.13
11.29
15.09
7.79
-1.71
2.3
7.68
15.64
18.74
17.46
14.3
8.67
12.93
16.43
12.85
5.58
14.8
9.76
7.96
15.28
10.63
13.53
1.73
9.96
17.72
14.07
7.4
3.93
9.79
7.63
13.73
12.05
8.8
12.65
13.78
11.23
-0.34
4.25
13.4
19.54
16.36
2.64
12.4
14.73
4.84
4.71
8.96
13.65
12.8
-7.99
14.34
14.82
7.19
1.7
11.17
10.42
10.79
9.56
-18.33
8.62
9.29
6.32
6.4
7.37
12.02
11.17
7.89
12.51
10.45
0.22
5.79
11.02
16.29
13.62
8.17
9.64
14.36
13.4
8.14
7.97
0.25
8.85
12.6
17.82
17.19
12.38
8.48
8.6
14.48
13.22
-1.57
13.19
14.77
10.61
19.39
17.54
13.07
9.54
10.26
12.74
13.8
11.98
10.65
8.56
10.53
11.03
0.64
5.86
8.55
10.68
11.23
7.95
0.72
8.63
13.47
14.54
14.73
11.02
6.18
11.72
-8.3
16.69
18.36
16.53
14.22
8.21
1.65
-3.23
0.96
6.19
18.55
19.18
15.15
10.66
12.7
9.32
5.25
12.35
13.28
-5.49
12.83
14.58
9.52
13.22
14.06
-2.16
9.49
8.89
10.36
9.25
7.84
10.57
15.17
9.65
3.11
11.84
15.21
11.25
5.08
15.66
14.5
1.61
8.37
13.82
8.62
8.45
9.71
10.05
9.84
4.71
6.25
7.87
5.74
11.85
13.44
11.75
8.96
6.19
-9.22
14.44
11.47
6.69
8.26
4.84
10.47
12.07
11.94
5.99
13.48
17.26
14
15.41
16.15
12.67
18.02
16.82
10.79
12.75
7.36
11.11
13.89
-5.15
7.24
8.53
16.71
12.35
8.02
13.2
5.86
18.41
15.31
-0.24
5.25
10.96
13.03
7.93
18.08
18.18
5.04
16.94
15.4
10.14
1.23
13.54
12.36
3.06
11.07
13.43
13.83
13.35
14.92
16.29
14.3
13.62
18.76
17.02
-6.08
13.6
9.77
12.31
12.64
2.33
8.09
13.55
13.01
12.79
12.45
12.64
12.28
8.32
14.67
12.69
9.22
12.03
5.71
11.9
7.56
-3.79
-3.21
14.01
17.62
9.65
10.29
11.17
0.39
2.76
2.7
12.18
13.44
12.52
6.63
12
14.65
13.19
10.69
8.07
5.4
6.7
14.8
14.13
3.24
13.14
13.73
6.67
11.85
8.83
7.27
16.24
16.66
6.86
11.25
6.83
11.26
11.27
8.99
9.1
1.83
5.4
4.42
8.43
15.31
14.07
9.72
13.45
6.43
11.03
10.36
11.46
5.14
11.69
16.81
11.73
7.05
10.69
14.64
12.78
12.42
10.27
6.85
5.45
6.44
3.38
4.75
10.62
12.46
16.46
18.53
17.68
17.14
15.01
5.82
-13.82
12.97
15.2
8.06
1.22
11.43
6.09
10.12
9.26
3.41
5.64
12.41
15.51
8.36
6.64
13.18
15.31
18.52
16.01
12.6
13.63
8.8
12.85
14.95
16.32
18.83
18.41
16.34
13.21
8.79
-5.36
10.19
11.73
6.43
-6.88
-6
6.56
0.34
10.13
8.37
1.05
1.02
10.46
9.27
12.7
9.55
4.66
15.67
18.37
17.98
14.93
8.5
1.7
13.36
15.31
11.97
0.29
7.21
8.69
9.97
13.27
11.89
5.61
3.5
7.97
11.14
11.62
15.69
18.52
19.23
17.08
13.66
10.63
5.09
8.37
12.66
15.19
8.24
12.29
16.22
16.76
11.06
16.38
19.44
17.75
7.62
4.07
12.66
8.59
6.8
17.96
23.2
22.4
17.13
8.25
3.5
-0.63
1.72
12.14
16.72
20.33
21
19.29
17.11
12.37
18.09
18.4
15.03
14.14
0.41
14.09
14.4
14.6
16.03
15.14
10.64
14.04
14.22
15.06
15.24
15.58
17.59
13.6
9.59
7.15
10.6
9.77
6.6
2.13
4.31
7.05
-5.64
9.1
10.47
12.61
14.79
13.02
7.2
5.85
11.47
15.1
16.86
6.35
12.72
9.23
11.18
16.38
15.84
14.02
12.7
12.61
12.88
12.96
15.31
15.48
13.62
12.43
5.7
-12.58
-3.07
4.59
2.89
9.03
14.8
7.93
14.87
16.37
12.58
7.38
5.4
16.22
17.5
6.74
7.38
15.37
12.7
10.89
7.27
4.87
9.22
11.47
10.22
4.04
4.07
-2.41
7.58
13.77
14.96
10.49
-0.52
9.61
15.61
17.5
16.54
14.38
12.88
14.55
16.18
18.47
16.86
13.54
10.12
5.39
11.35
-3.42
12.71
16.99
16.7
16.05
18.95
17.83
12.78
4.97
13.11
13.52
-1.57
8.3
-5.52
5.92
10.54
9.42
9.83
9.61
3.12
3.56
11.86
15.53
10.54
10.85
14.67
12.63
10.87
4.49
9.88
16.16
15.3
8.77
7.6
-0.38
-6.72
-5.15
-1.8
4.28
8.3
13.73
14.23
12.08
14.65
14.35
11.35
9.8
7.78
5.67
8.8
18.4
20.27
16.88
9.18
9.03
15.55
10.44
14.31
12.83
14.48
14.34
15.76
15.35
15.89
17.69
15.25
9.09
-2.63
11.62
13.19
3.25
9.72
14.63
12.06
10.92
12.73
10.88
12.69
12.95
7.94
8.93
9.2
13.6
11.56
2.28
-2.74
-15.08
1.19
10.02
11.53
6.65
14.14
10.68
10.98
15.88
11.4
3.44
10.4
10.61
10.81
12.68
11.26
3.54
2.85
9.64
6.54
11.22
9.76
-7.6
-16.67
7.92
9.79
1.1
11.9
10.14
7.94
8.39
12.94
12.84
8.62
3.19
-6.17
8.26
1.37
4.32
10
16.93
17.26
14.42
8.5
9.11
15.79
18.82
18.97
16.97
14.08
9.32
8.84
6.6
4.06
15.39
16.44
12.47
10.22
3.21
13.56
16.9
16.81
16.79
14.77
14.52
10.09
5.19
13.5
12.5
8.5
-2.8
7
11.28
8.84
9.34
10.08
-2.92
6.4
0.8
10.82
11.03
14.67
14.96
11.55
9.66
5.07
4.91
10.96
9.81
10.79
15.19
12.86
4.92
-10.87
11.63
16.78
16.65
17.03
13.39
0.91
3.84
12.87
15.08
11.93
6.46
6.22
-0.92
11.52
15.58
16.62
16.37
16.09
14.39
10.55
6.13
6.01
6.33
7.5
14.67
19.65
18.36
7.22
7.82
2.82
9.95
15.57
15.54
12.3
13.49
12.9
14.38
14.97
9.4
13.32
13.64
5.86
9.63
13.13
11.51
11.63
11.07
6.05
2.91
0.05
0.06
0.96
-6.34
-0.6
10.34
13.79
13.37
3.66
15.21
14.88
5.44
12.11
3.85
5.83
14.75
18.66
15.22
12.34
3.33
11.69
16.19
13.5
8.16
3.57
3.69
6.48
0.18
8.75
13.82
13.07
5.03
15.93
14.38
11.2
12.39
12.7
12.41
14.57
8.74
14.88
17.55
12.4
8.41
5.31
6.1
11.99
3.73
11.64
15.15
13.79
4.52
9.3
11.51
14.24
18.24
18.4
14.89
6.79
13.52
19.18
16.26
-5.24
13.09
15.79
13.66
0.43
9.13
12.4
6.99
12.02
5
6.57
4.12
6.04
5.37
12.4
16.54
11.85
13.49
15.32
8.91
3.9
8
11.96
14.65
11.44
7.67
6.5
13.84
17.22
16.1
7.61
15.64
16.38
10.42
12.11
14.75
8.56
8.31
7.82
6.36
11.39
16.15
16.09
11.91
13.8
14.07
12.12
12.7
15.21
15.72
9.78
-3.86
3.45
5.44
7.65
9.45
11.94
1.76
11.42
13.37
13.09
12.51
8.92
7.1
14.74
13.54
7.16
13.58
9.08
5.68
8.97
15.34
16.38
11.63
-12.84
7.1
14.2
20.66
22.74
17.39
14.98
13.53
4.88
16.03
18.37
16.58
13.54
17.77
17.96
13.73
9.37
9.09
5.48
6.34
6.91
12.3
10.36
1.9
7.4
11.52
10.33
5.83
11.62
0.88
11.42
12.83
14.96
15.76
9.35
5.06
9.52
11.95
14.4
11.42
8.62
11.27
5.92
0.9
0.33
3.69
12.9
13.83
6.82
14.21
8.06
10.6
14.04
13.2
8.91
7.54
6.16
6.21
11.14
14.21
15.85
10.96
-1.64
10.61
14.67
15.01
10.3
-4.22
5.16
5.64
10.93
15.78
16.38
14.19
9.89
11.3
13.32
10.11
4.79
7.63
12.71
14.92
16.65
14.63
10.06
11.68
12.85
13.08
14.84
15.64
14.4
9.96
4.25
8.87
10.41
11.98
10.87
11.8
7.22
7.42
-11.87
9.65
13.43
14.32
10.42
4.23
8.78
11.2
9.72
7.52
6.06
7.5
9.04
2.37
12.74
15.88
14.06
11.33
4.64
7.84
12.11
3.97
-8.61
6.48
14.15
16.28
14.03
8.91
6.88
7.92
3.62
3.84
12.73
14.9
10.05
4.2
9.41
9.87
-12.54
12.68
14.33
12.9
13.78
13.34
10.79
2.71
-7.8
-5.44
-1.23
7.64
10.23
4.18
8.96
10.21
11.16
11.77
15.34
16.03
16.88
16
10.66
5.82
9.03
10.94
11.94
10.85
8.93
18.36
19.2
16.79
13.98
8.47
10.1
12.27
3.54
13.46
15.5
16.46
16.61
13.23
1.52
6.14
2.21
14.17
19.52
