10.41
8.85
5.24
-0.97
5.68
13.08
14.9
15.12
13.91
9.09
9.07
10.51
10.91
6.36
2.78
9.43
-1.44
8.82
6.61
7.7
12.23
9.1
3.92
4.84
2.04
-0.03
9.61
11.72
3.97
2.45
2.43
-3.19
-11.8
4.3
8.58
8.83
0.95
10.18
8.11
2.15
10.85
16.05
10.75
9.26
13.36
10.02
8.41
6.27
-14.29
12.14
16.18
14.75
13.22
9.88
3.81
12.21
13.3
12.35
13.28
16.23
14.29
-0.54
8.52
5.47
9.65
4.38
8.98
13.58
13.24
8.99
10.05
-1.03
3.93
10.13
12.62
-1.35
7.14
10.12
2.13
9.91
11.94
10.28
10.87
4.12
11.7
13.11
14.05
19.31
21.41
18.06
8.19
12.57
14.38
15.06
11.89
2.47
-3.35
8.16
5.65
9.9
10.8
14.67
17.43
13.9
4.77
2
7.25
11.54
13.16
9.8
11.26
14.23
13.18
12.74
6.63
11.05
14.08
11.88
15.14
11.26
10.32
16.31
12.16
5.72
1.37
11.49
15.88
15.46
7.08
-9.64
5.15
10.65
8.81
4.02
6.74
11.61
8.41
4.34
7.44
10.48
11.61
13.21
13.52
-1.01
13.61
10.47
1.26
10.36
8.55
6.37
2.43
-2.8
2.62
9.19
12.16
13.38
10.77
9.38
9.04
5.95
12.68
7.35
1.16
8.84
11.6
9.29
4.09
-0.24
0.16
-0.06
-0.84
-1.96
6.04
11.63
13.35
9.9
1.97
-3.69
4.78
9.39
9.79
8.81
6.95
2.71
8.8
13.89
11.99
8.31
-7.79
6.8
3.57
11.08
10.57
-0.89
-0.1
2.02
1.05
11.79
15.52
10.3
8.65
11.41
10.53
-7.55
6.96
7.5
-0.6
3.04
11.62
11.49
11.4
14.26
7.77
9.09
14.02
10.25
5.49
8.45
7.86
11.59
15.33
15.94
13.12
7.25
-10.28
9.28
12.48
10.24
1.51
4.78
9.83
8.69
10.34
11.93
11.07
11.74
13.33
13.91
10.09
10.61
15.79
12.93
1
6.74
5.14
10.34
11.17
11.39
11.5
7.05
6.94
9.66
9.68
9.98
7.19
7.17
13.33
5.14
8.47
8.55
9.39
4.58
0.07
2.9
9.45
11.14
0.8
5.92
5.87
-0.48
3.8
4.76
-0.89
12.59
12.59
10.78
10.17
0.41
6.56
12.69
10.64
7.68
13.3
9.34
14.13
13.18
5.75
14.38
11.01
0.81
-1.9
10.28
16.12
15.23
11.91
9.64
3.97
8.28
16.56
15.71
13.95
11.25
0.96
10.04
6
0.78
11.93
14.57
11.15
11.25
12.66
17.51
20.03
16.84
8.87
8.88
3.86
8.23
10.35
11.04
11.32
4.91
14.35
15.19
11.57
1.19
10.13
9.68
4.63
8.96
13.48
9.55
5.73
9.82
5.96
7.96
9.79
6.02
13.33
9.39
4.57
10.33
11.39
12.27
13.87
13.97
5.74
12.99
14.13
6.01
9.26
4.35
5.08
6.59
10.26
12.51
14.35
10.44
2.65
12.66
9.09
2.89
8.16
2.85
4.13
9.09
10.14
10.16
2.62
-6.36
2.77
6.26
5.7
3.69
2.89
-4.4
4.14
7.98
1.24
7.88
12.42
7.68
7.27
9.38
-9.59
6.21
4.02
11.73
10.03
6.48
11.34
13.2
14.14
13.06
8.41
5.95
-0.73
7.03
14.99
15.09
11.53
11.58
13.4
8.8
1.78
-2.3
3.4
12.5
13.26
7.86
13.15
13.25
10.31
2.46
5.96
11.22
8.24
9.11
10.49
7.96
6.96
9.1
12.22
12.73
9.41
11.65
15.44
15.96
11.96
0.58
-3.25
5.66
4.46
2.82
5
0.98
9.28
15.25
14.37
10.39
8.21
5.31
-7.64
0.16
6.78
9.44
7.73
12.55
15.87
14.28
4.73
-1.92
-6.16
-2.85
6.44
7.96
8.27
4.74
3.24
4.35
8.42
6.99
4.27
13.11
8.97
0.24
-3.92
-2.61
9.08
11.64
5.21
10.13
7.12
6.72
12.66
13.27
8.75
5.27
12.26
12.98
12.06
8.73
4.9
11.79
17.06
15.8
13.27
11.12
9.5
12.16
6.59
8.29
10.63
7.55
14.89
13.49
-1.63
5.84
10.59
3.57
12.68
12.6
5.42
4.19
8.12
-1.42
8.98
12.62
11.49
9.04
2.32
-3.07
1.49
4.28
11.44
13.46
12.62
12.94
9.58
9.68
13.08
10.81
9.98
4.99
7.22
2.37
-12.77
3.75
7.16
3.53
7.77
14.07
12.67
9.91
9.87
4.34
4.94
8.16
1.55
1.2
8.8
10.47
11
12.87
12.97
7.91
6.31
9.26
6.47
8.74
10.54
6.62
1.85
10.26
10.13
9.35
11.37
8.83
0.39
1.23
2.1
3.64
12.34
17.2
16.43
12.5
9.26
12.18
10.55
-6.45
5.17
2.11
0.09
7.22
2.5
2.38
0.62
1.21
8.76
10.2
7.72
-6.04
7.9
10.31
9.03
5.13
2.02
4.4
8.18
5.23
8.46
9.61
14.42
9.87
1.1
6.9
13.24
16.67
17.32
17.06
15.35
12.21
17.93
19.2
14.34
5.38
9.17
14.23
11.58
5.61
1.43
1.37
9.7
5.27
-1.03
0.58
-2.73
6.39
6.96
3.93
7.07
7.95
11.19
11.79
9.64
6.17
3.45
10.32
8.39
-4.17
6.16
-2.95
9.85
12.77
14.44
15.9
16.09
17.1
11.71
-3.79
-0.39
-2.02
9.35
14.96
14.63
8.52
6.37
-5.05
4.17
10.65
11.43
11.64
13.41
11.33
4.03
6.44
10.55
8.14
2.04
1.85
-6.42
4.76
2.17
8.03
7.81
3.57
6.92
9.92
14.64
14.65
9.57
6.18
6.39
7.15
6.08
-8.3
3.78
10.48
14.41
15.51
17.86
14.03
5.8
12.02
9.41
7.36
3.31
1.24
-1.25
2.77
-5.53
4.26
6.2
8.38
4.39
-0.39
5.89
4.5
8.52
10.07
-0.58
7.3
8.6
-2.74
8.52
14.66
15.4
9.22
10.55
11.06
9.65
11.07
7.32
8.2
9.22
14.52
14.93
8.68
4.69
-2.45
4.88
9.56
9.53
3.77
8.9
15.47
14.38
2.12
8.12
11.53
7.69
11.55
8.43
4.43
5.55
8.96
9.63
9.64
-8.01
10.66
11.82
12.08
11.68
8.98
9.98
6.31
-8.5
4.63
-5.71
6.27
4.99
9.33
14.73
14.84
10.96
1.85
-4.9
4.9
8.37
1.26
8.34
10.93
13.46
14.62
10.93
-4.31
2.22
4.98
-15.66
5.25
-1.46
1.71
13.14
16.5
14.66
11.45
11.97
11.24
10.02
11.08
6.65
-2.71
-4.98
6.89
10.38
13.55
10.91
4.38
14.89
16.5
15.33
9.52
14.11
14.82
7.42
2.47
4.45
4.44
11.24
11.54
8.01
11.7
16.53
9.44
19.38
22.64
23.68
24.07
21.07
21.32
14.38
23.76
21.41
15.05
16.91
15.74
14.26
13.13
14.94
18.72
20.28
17.04
0.45
19.71
23.78
16.61
20.91
25.78
25.21
21.85
18.6
17.35
14.34
11.11
8.38
15.72
18.94
22.58
23.7
24.65
21.61
15.6
25.67
27.72
25.19
18.87
18.19
15.42
15.86
23.27
25.87
25.77
23.24
21.81
26.14
30.96
30.44
24.8
17.14
15.56
11.79
22.09
24.93
24.48
19.78
17.68
-4.73
23.19
26.1
22.22
14.54
11.56
15.32
20.42
14.77
19.27
19.48
19.16
18.31
21.7
10.99
20
10.54
10.41
14.24
20.51
21.94
21.12
20.2
20.41
20.13
23.77
20.62
13.28
21.23
21.83
15.42
12.7
15.67
14
15.46
13.71
9.81
18.7
19.52
16.18
18.72
12.59
15.81
15.78
13.26
9.77
16.88
18.85
16.62
13.44
21.25
16.61
19.68
22.75
24.09
25.26
25.89
23.09
15.27
12.01
22.14
11.88
17.55
17.27
21.46
28.65
28.87
19.39
14.2
22.84
30.79
28.79
20.35
13.4
15.87
18.15
17.29
18.43
25.2
24.31
15.94
19.48
23.36
27.41
25.57
21.96
17.8
19.38
19.39
18.33
24.03
23.16
23.8
24.54
24.44
25.66
20.27
20.76
21.81
21.26
16.86
16.33
14.06
21.94
16.07
6.4
20.64
22.54
20.4
20.89
28.77
29.89
25.32
14.46
4.99
20.67
25.07
28.71
25.77
20.77
20.52
20.57
17.2
1.55
12.65
14.52
20.35
25.55
25
21.77
20.37
19.76
21.01
24.63
25.91
25.33
16.2
13.18
18.32
19.75
24.29
25.93
22.16
19.02
19.68
19.65
19.42
23.47
20.52
-4.32
16.28
23.92
24.08
20.95
12.59
24.24
23.25
8.89
7.94
16.09
1.94
21.09
22.07
18.73
13.04
24.19
28.84
26.47
15.3
10.56
-3.32
16.71
21.34
24.91
24.25
21.17
14.78
12.11
21.8
21.13
12.89
16.61
14.89
13.25
23.4
25.84
25.43
20.08
4.65
17.16
13.95
6.23
17.46
23.64
20.82
22.95
23.76
10.74
23.5
23.47
11.24
-5.76
14.54
25.24
27.02
19.95
6.02
13.09
18.9
24.35
22.57
16.5
18.52
15.39
13.99
18.92
10.49
16.21
15.9
7.94
19.35
22.78
22.25
19.17
15.91
19.51
17.44
10.89
16.33
13.75
16.49
14.07
18.36
21.35
15.26
8.94
21.72
24.78
22.43
18.84
5.71
21.2
25.58
24.35
20.69
13.9
17.29
16.65
22.6
26.75
23.92
9.79
7.16
6.86
11.59
18.44
20.29
17.45
9.59
5.11
7.3
15.22
11.49
14.64
14.29
15.49
13.99
2.22
4.81
6.58
3.76
10.73
13.25
5.85
17.27
17.26
7.23
10.06
11.84
12.7
8.53
17.03
11.17
3.7
15.4
22.36
19.06
13.54
8.51
13.54
13.67
9.41
10.15
13.61
16.64
15.8
10.08
-2.58
13.61
18.49
19.03
13.26
0.63
9.31
5.11
15.02
19.24
17.59
-1.72
16.46
17.22
14.85
11.64
12.78
11.9
3.45
11.67
16.49
15.84
14.73
12.03
2.19
5.6
7.42
5.26
7.65
13.96
14.92
14.25
12.69
10.61
11.94
12.25
6.63
7.16
9.21
16.91
17.07
12.56
6.1
8.19
10.69
15.79
16.28
13.46
8.9
-0.38
15.49
21.01
20.1
16.41
10.31
10.57
13.97
10.4
15.69
15.61
8.67
16.71
13.65
21.57
11.62
17.88
19.4
6.98
13.04
17.85
17.09
22.28
15
17.06
20.49
24.96
21.32
21.66
24.06
13.88
5.92
13.56
14.85
20.79
19.24
17.03
8.48
14.79
9.84
22.25
25.46
18
17.62
18.34
9.02
20.64
17.43
9.6
8.73
16.05
16.53
20.27
8.21
18.13
19.15
14.92
12.58
20.15
21.85
10.92
18.7
11.37
21.55
26.75
23.4
16.16
15.23
14.48
16.7
16.25
15.39
15.82
22.05
20.61
14.56
13.14
18.47
21.24
17.84
-3.35
4.16
16.95
18.62
12.78
4.83
5.07
16.52
16.13
19.73
20.65
16.65
20.56
25.11
25.83
20.86
12.35
17.93
16.74
15.16
24.07
22.06
8.9
24.58
26.55
19.89
19.7
18.61
17.46
12.21
19.9
18.59
14.15
21.41
18.19
11.82
18.99
19.45
22.99
24.02
23.23
19.59
13.56
17.38
20.37
16.12
11.63
1
18.64
18.77
13.17
15.3
22.7
23.37
14.39
14.37
20.9
20.44
22.64
19.82
11.69
8.99
5.9
17.64
19.08
18.12
21.35
23.79
21.46
14.15
20.91
3.63
20.18
18.49
11.2
13.69
15.73
14.13
10.45
3.35
7.65
17.65
24.49
23.72
16.68
16.67
21.62
24.15
23.91
21.74
20.2
14.54
18.47
23.23
20.54
11.85
19.02
20.34
15.37
21.77
22.74
18.42
2.32
13.44
19.22
21.43
19.38
15.16
12.43
18.7
20.03
10.56
15.8
13.48
13.11
13.3
19.47
17.66
15.8
20.7
22.1
19.57
13.42
14.62
18.74
14.56
12.87
24.88
24.25
8.89
19.22
24.63
19.67
16.26
19.84
11.85
11.53
11.77
8.36
12.76
5.57
18.33
17.01
23.41
21.16
13.09
6.26
15.83
19.44
20.43
16.26
23.6
25.51
9.45
11.73
18.28
21.52
21.93
20.3
10.59
18.85
20.59
-9.66
14.93
-0.52
10.81
22.06
22.85
21.27
13.89
19.24
16.97
19.03
11.36
17.83
17.47
22.34
16.27
21.36
28
24.92
18.34
16.79
17.21
21.71
19.82
-2.6
16.15
12.75
10.41
17.26
18.93
11.15
20.76
22.6
22.5
12.9
13.68
18.46
17.18
13.61
8.21
21.75
18.9
7.13
18.05
19.22
16
4.57
18.01
7.89
17.11
17.16
8.69
15.41
17.66
14.2
13.83
19.2
17.15
20.74
20.12
9.63
18.71
22.2
20.13
14.64
15.01
15.27
19.5
20.21
24.7
23.34
20.64
21.33
14.92
13.6
20.03
19.85
12.32
19.39
17.42
11.76
14.4
13.85
15.02
9.77
12.14
14.32
15.53
17.81
17.54
14.86
11.91
5.42
12.65
7.68
17.41
15.76
12.25
16.87
12.46
15.37
20.05
16.99
16.3
18.38
19.85
17.66
11.84
22.08
23.91
23.29
20.19
15.63
13.52
7.99
15.8
20.94
16.6
20.63
21.83
17.39
25.21
24.06
15.82
16.52
18.83
3.19
21.85
22.32
12.96
9.15
10.39
3.66
3.98
13.63
18.12
13.82
12.09
14.85
10.89
6.23
13.3
13.67
7.91
12.27
17.58
19.25
18.28
15.21
12.97
19.47
20.11
17.13
10.23
22.44
23.6
17.17
9.38
11.22
13.37
9.85
20.25
26.21
23.85
18.19
23.37
26.63
22.36
9.61
21.14
21.42
13.69
19.69
25.14
24.97
25.56
25.81
24.97
21.16
20.86
22.18
22.88
18.3
28.23
31.64
30.47
23.49
12.5
20.45
11.77
12.41
13.54
16.82
8.76
12.46
19.36
22.1
18.6
24.21
26.88
28.04
26.19
21.15
14.3
19.44
20.25
19.84
21.4
24.52
23.49
16.39
17.93
22.21
21.78
21.02
23.01
26.69
22.81
16.75
21.46
16.06
6.87
18.48
24.91
27.51
23.6
16.29
25.21
21.35
19.38
20.21
19.09
18.44
11.47
15.99
22.71
22.5
17.25
14.21
23.85
16.08
23.73
25.83
21.97
14.73
13.8
19.7
15.21
5.67
17.61
16.59
11.2
12.66
17.37
18.01
22.31
22.2
15.87
20.03
21.82
22.23
15.28
17.67
14.52
15.95
21.15
22.5
26.3
23.29
19.09
26.92
26.92
25.06
21.4
21.43
21.5
16.17
20.67
21.14
26.68
32.78
26.81
18.35
16.12
21.8
25.59
23.24
19.76
21.25
22.66
21.79
18.81
16.92
23.42
27.64
25.65
3.53
15.26
14.79
14.9
27.32
31.27
29
19.87
24.98
24.69
24.74
19.48
19.09
25.85
24.52
20.84
18.68
19.16
24.17
24.74
21.01
19.89
18.36
13.04
13.18
12.83
16.52
23.42
37.32
42.24
38.62
22.76
18.78
24.14
25.07
21.18
17.04
26.25
24.12
18.13
16.53
22.06
18.8
17.33
22.51
25.32
20.98
20.32
25.52
26.89
27.08
25.9
16.1
19.34
10.81
24.59
19.87
39.2
45.91
42.54
27.88
14.1
23.41
27.99
25.34
24.62
21.03
22.09
23.9
16.1
17.18
21.6
6.64
22.85
22.97
17.76
18.32
26.08
26.71
30.72
38.59
40.29
33.7
19.01
17.57
14.9
12.16
19.81
22.66
16.08
16.58
18.4
9.45
15.44
16.43
17.07
12.41
18.32
7.98
13.58
16.74
26.63
27.18
20.22
17.25
11.34
17.07
24.68
30.36
39.06
43.44
40.41
29.69
21.28
16.81
20.11
28.58
29.35
19.93
19.76
25.94
33.44
35.61
29.23
14.63
25.5
22.91
5.71
11.24
18.83
22.32
15.72
7.99
6.92
14.11
20.02
24.08
27.33
22.83
37.29
43.69
40.07
23.97
23.4
17.1
27.72
29.55
26.96
25.22
20.76
11.9
20.87
20.95
21.12
24.84
24.9
21.51
18.07
21.09
25.07
24.49
23.07
25.87
25.05
19.39
17.24
24.36
23.81
20.53
20.51
24.18
21.49
21.25
22.17
15.97
16.85
24.49
29.65
26.1
18.66
16.17
17.08
19.03
12.83
19.57
24.44
24.52
26.73
26.22
22.81
24.83
37.07
42.39
40.81
32.83
22.03
10.46
19.59
22.83
26.68
24.9
16.18
13.14
14.57
15.51
16.29
7.48
9.2
11.6
19.85
20.23
16.37
16.03
17.59
22.25
19.06
25.15
27.29
25.78
21.97
14.45
16.86
21.41
24.03
27.86
30.28
31.3
25.75
4.44
14.58
19.52
22.15
21.49
10.7
17.71
9.48
23.82
28.94
29.53
28.09
23.3
16.72
16.11
20.13
18.56
17.38
19.87
26.08
30.23
30.93
30.32
25.47
28.28
28.53
26.39
27.2
28.38
26.92
20.52
25.41
30.26
28.96
26.43
36.31
41.26
37.32
23.61
27.92
26.07
15.5
16.21
15.02
29.13
34.71
34.34
29.5
29.06
29.42
23.7
22.27
20.29
27.52
34.46
34.96
21.61
21.52
21.28
23.46
22.49
21.48
17.16
20.67
23.74
32.86
36.48
33.1
18.11
26.7
31.8
30.12
23.89
26.01
27.8
30.97
29.63
8.62
18.79
15.28
17.08
21.75
24.85
28.86
24.64
18.36
26.71
18.68
24.76
27.63
30.13
30.38
30.27
29.5
26.07
29.95
30.79
23.97
21.78
24.36
24.02
25.19
25.96
25.42
31.36
28.41
26.32
24.83
20.56
17.22
29.99
34.19
37.68
47.29
49.93
43.78
27.48
23.64
25.15
28.52
30.16
25.08
40.91
45.3
39.16
24.46
23.85
27.18
30.53
29.52
26.49
23.25
21.76
21.32
25.67
23.53
23.91
31.55
33.18
30.59
26.67
22.66
11.83
22.52
21.2
20.36
26.35
27.91
25.31
19.63
25.66
27.6
26.85
26.29
29.66
31.56
30.82
28.34
22.55
24.31
26.6
25.24
26.38
27.07
12.7
28.69
30.54
27.05
21.33
15.08
28.88
28.05
25.01
24.86
19.52
26.78
32.14
35.04
31.73
20.95
30.37
27.15
24.61
26.69
23.77
18.11
17.55
12.88
23.24
25.51
30.61
31.56
30.9
30.64
30.72
30.52
27.63
24.78
26.28
25.9
19.57
23.2
31.42
32.15
31.27
31.34
30.18
27.03
23.75
22.2
23.34
27.13
23.49
18.84
29.44
30.72
22.92
27.68
27.26
23.2
22.99
20.63
18.69
26.13
26.8
23.78
25.77
23.13
18.2
26.75
28.16
25.69
29.27
32.96
34.54
32.2
27.13
25.21
27.58
28.62
24.73
19.81
15.05
16.47
21.35
21.18
22.67
26.08
32.68
33.76
26.65
17.84
20.63
20.54
19.07
18.86
23.16
26.83
28.29
28.15
28.28
27.12
24.53
20.14
20.97
29.33
30
23.17
22.46
26.93
28.72
25.93
12.57
18.05
20.67
21.39
19.68
23.17
28.06
29
24.94
24.6
23.44
21.74
21
16.49
26.08
23.72
17.65
12
18.77
23.51
21.41
24.4
27.53
27.94
25.54
22.13
22.42
25.71
23.99
28.12
20.65
23.62
22.82
27.87
30.72
28.19
25.03
28.18
25.24
23.13
21.13
18.39
24.38
24.81
25.18
23.52
17.64
20.79
26.33
27.94
26.22
17.24
19.62
24.75
19.33
6.32
14.55
22.57
27.21
22.19
16.74
15.92
22.93
23.52
18.85
18.07
11.37
13.24
18
20.59
19.05
17.71
12.28
21.23
16.28
20.61
8.74
22.31
22.55
22.58
26.93
28.74
24.99
25.49
27.43
21.22
20.16
22.65
9.04
20.26
21.61
4.83
17.42
20.03
17.81
17.02
25.27
20.61
15.65
23.05
23.19
22.55
25.29
23.94
18.76
18.43
16.67
12.54
13.6
9.03
17.58
25.23
26.45
20.29
22.32
19.65
17.48
16
19.46
17
24.19
28.71
26.41
18.45
22.54
27.19
25.89
26.68
25.85
16.55
8.95
13.56
18.58
22.49
25.38
23.6
23.23
21.07
21.74
19.84
20.29
24.81
23.94
22.82
16.89
9.54
13.94
17.92
21.87
25.45
25.82
13.15
15.51
17.52
16.75
23.28
17.24
16.76
17.78
17.55
22.4
23.11
17.48
18.84
21.34
22.16
20.15
17.43
25.67
26.61
18.42
21.89
18.82
26.85
25.43
18.73
23.95
22.16
24.98
30.3
28.47
20.96
24.2
29.6
17.17
28.76
30.01
24.88
22.6
7.55
22.6
22.44
26.17
20.94
18.71
11.1
19.83
26.12
27.58
27.95
29.49
30.15
29.84
20.16
27.56
22.75
20.75
23.02
24.72
20.66
17.74
21.41
26.3
26.51
19.75
21.28
20.86
26.34
23.61
21.59
21.41
21.42
26.21
27.54
23.94
21.98
29.24
27.43
25.14
35.72
38.05
32.92
30.11
23.44
20.09
17.43
15.74
21.96
20.13
20.04
22.56
3.46
14.92
23.49
25.49
23.14
23.07
21.41
7.86
10.46
18.03
15.91
22.73
21.76
24.84
21.89
23.5
20.59
18.46
7.47
20.13
21.88
25.05
23.28
19.27
20.21
1.62
17.78
25.41
25.59
22.47
26.08
16.16
17.69
23.52
23.09
19.67
13.16
21.95
25.93
21.41
9.9
23.1
23.33
2.09
22.56
27.34
27.97
26.88
28.71
28.14
21.36
13.48
25.84
28.41
27.85
22.57
7.15
16.45
26.73
27.29
27.09
25.83
19.56
18.49
23.09
27.82
24.12
23.36
27.95
27.43
14.63
22.17
22.35
26.28
24.77
12.91
20.82
26.81
26.96
23.81
22.02
14.34
19.62
24.72
26.87
28.67
25.92
18.91
25.9
26.87
20.51
21.21
17.72
22.02
21.93
17.97
27.48
28.54
24.47
28.09
28.6
19.32
24.44
18.58
22.8
27.02
24.47
22.56
24.24
25.24
24.43
22.17
19.53
13.33
15.32
21.79
22.7
21.59
21.69
5.75
22.26
21.18
11.02
21.8
21.12
20.97
19.38
9.45
19.76
12.92
21.31
22.96
20.58
24.04
26.25
16.68
22.43
25.4
19.45
17.76
25.08
20.15
16.75
15.51
19.05
17.98
7.08
14.11
25.49
27.27
22.65
15.76
18.49
17.55
15.08
18.41
14.18
14.86
21.83
20.56
23.67
18.92
21.27
24.31
20.79
22.56
18.14
18.06
16.21
21.27
24.6
12.72
20.15
18.19
18.7
21.19
15.82
26.73
23.73
8.79
13.08
19.17
18.11
19.63
19.43
3.6
22.58
24.78
22.87
20.66
23.32
24.95
24.41
20.95
16.05
10.83
6.27
2.84
16.95
17.99
9.23
17.24
21.76
24.54
22.98
4.26
19.08
0.69
21.82
21.89
7.36
12.33
1.49
13.67
18.05
12.61
9.12
12.99
13.56
14.8
14
8.37
21.33
26.34
14.55
18.83
15.58
14.61
14.02
13.9
9.81
12.69
13.69
13.86
16.14
18.1
21.09
20.35
17.73
19.53
21.46
14.83
15.31
22.94
26.38
23.37
13.41
13.63
8.91
14.6
16.32
9.87
18.4
20.59
22.92
25.92
27.93
25.52
19.98
19.97
17.41
18.19
17.05
13.77
18.7
19.89
9.31
4.56
18.83
20.15
10.73
13.75
17.55
16.81
7.62
17.39
22.27
19.44
18.32
14.83
14.23
18.21
21.2
22.33
17.52
1.92
16.33
10.95
14.4
18.05
14.99
16.75
20.54
21.36
19.59
16.5
19.15
18.34
11.6
11.22
20.54
23.07
17.97
14.02
17.82
10.47
14.02
9.26
4.71
16.92
16.51
20.85
28.48
30.4
26.11
13.6
12.17
13.24
21.6
16.01
21.01
19.4
18.71
21.83
20.24
12.21
21.64
22.02
17.53
8.51
18.78
21.5
16.52
8.88
12.14
9.82
-2.25
12.1
15.42
16.26
20.89
22.48
18.66
8.35
18.42
20.83
20.64
20.32
19.43
19.7
16.94
12.65
13.37
22
26.05
21.19
9.55
11.29
19.36
20.32
7.67
16.3
15.41
5.69
14.02
7.09
8.07
12.18
17.01
18.2
18.29
20.69
24.57
22.25
17.17
15.49
19.94
21.36
17.39
6.86
16.4
22.24
22.01
18.45
16.29
14.29
20.25
24.83
23.49
13.58
14
18.71
21.35
21.1
18.72
8.57
17.76
19.68
11.3
11.47
13.5
15.47
21.4
17.88
0.03
6.08
16.1
18.61
7.3
15.87
12.25
12.22
11.71
22.68
20.69
9.01
13.24
16.71
16.79
19.09
18.46
17.58
17.62
8.07
17.29
19.77
13.58
21.65
20.26
19.79
20.52
16.14
13.94
13.65
17.9
3.35
22.67
25.13
21
17.74
13.08
19.33
18.74
7.39
13.38
18.44
10.98
8.58
9.07
8.12
19.83
26.11
28.62
25.49
22.23
34.15
37.6
32.93
11.52
19.36
19
16.16
9.92
0.78
13.99
17.4
14.38
15.35
13.05
14.13
21.65
23.54
21.15
16.62
6.66
13.54
12.2
-0.73
11.65
16.96
18.21
17.03
20.92
17.33
14.69
16.27
19.41
21.58
16.6
16.74
14.04
14.54
15.64
10.47
7.36
10.47
6.78
10.52
20.92
17.03
17.3
21.33
20.08
19.68
13.89
13.37
2.25
11.44
9.28
10.25
11.01
15.14
19.82
19.56
16.13
15.69
17.77
24.17
21.05
14.56
23.78
23.19
17.14
16.25
22.16
22.36
20.7
20.79
19.54
16.63
17.04
18.8
21.41
16.83
21.06
18.75
19.13
21.62
22.47
18.68
15.8
15.27
10.01
17.8
20.15
15.73
15.94
14.42
19.23
21.23
14.19
8.42
8.65
9.49
21.68
23.18
22.52
19.99
6.68
20.34
22.79
20.01
21.98
17.85
12.78
16.5
13.02
17.65
16.81
12.97
17.55
21.54
22.55
19.93
17.86
9.35
18.67
11.99
18.23
18.5
17.2
18.57
20.79
22.42
20.71
15.55
18.1
14.85
15.16
10.04
9.34
15.14
20.59
18.19
12.23
14.16
16.99
16.82
13.19
20.06
22.86
22.24
19.66
19.79
12.66
20.56
24.97
24.32
20.79
20.05
20.83
20.61
16.55
5.16
-12.88
3.16
13.22
7.33
19.64
18.95
9.3
18.74
17.65
15.83
19.08
16.52
0.53
16.16
17.84
18.73
22.79
21.81
20.09
21.41
16.82
13.1
15
18.21
17.61
4.38
20.15
23.49
20.26
6.68
2.55
9.76
18.91
24.37
21.11
10.25
19.49
20.12
22.62
21.21
13.11
15.04
15.71
10.81
15.11
20.23
13.76
14.81
18.61
20.38
24.3
24.63
20.4
14.29
12.97
19.07
21.74
12.45
12.68
12.02
8.69
11.01
18.24
16.37
8.93
18.7
17.2
17.29
20.94
19.75
13.67
15.1
18.72
18.84
16.42
11.6
19.01
22.64
20.09
18.8
13.57
12.62
19.67
16.32
14.06
18.81
15.79
13.75
13.92
2.43
19.01
20
19.3
7.7
8.18
14.12
12.4
15.31
17.85
19.78
15
8.27
15.88
11.37
12.06
17.91
15.78
11.23
16.12
8.71
3.01
11.88
13.04
4.74
14.6
15.62
5.65
8.98
9.49
13.61
18.13
19.59
10.49
12.21
17.16
15.11
17.24
12.02
9.73
18.49
19.57
16.55
7.54
2.44
-7.12
11.32
11.51
7.72
3.84
-0.68
2.19
11.13
13.7
15.61
16.33
17.14
18.29
17.07
18.26
19.92
15.34
5.93
8.67
15.79
19.71
11.23
10.13
12.3
15.93
16.97
16.83
21.06
17.69
1.56
4.65
10
17.84
17.9
9.94
18.1
18.34
16.26
14.94
17.66
19.74
17.51
10.84
10.19
15.52
17.77
16.58
16.19
17.34
16.66
9.73
9.27
14.89
17.32
16.04
11.34
15.34
17.61
16.48
16.35
19.36
19.76
13.95
1.5
11.75
11.16
6.19
12.48
15.1
13.75
9.96
13.12
14.29
12.45
10.95
15.12
20.88
20.89
13.57
11.36
8.47
9.05
12.79
17.66
17.39
9.44
21.26
20.15
13.75
12.22
15.24
20.49
15.37
15.88
9.68
8.32
14.24
19.64
22.22
21.24
11.31
16.53
16.49
16.33
17.11
15.71
11.83
9.6
14.51
16.86
7.9
16.17
20.19
19.78
10.12
12.95
14.82
8.87
15.75
9.99
14.59
16.09
13.76
8.88
8.08
8.44
15.65
15.33
17.16
13.49
8.11
14.76
12.29
9.4
4.11
5.41
13.21
16.4
17.14
17.34
18.95
15.48
14.09
13.99
11.55
10.64
14.67
15.39
13.36
10.58
5.91
10.34
11.95
21.6
22.23
16.68
14.59
9.93
13.76
16.18
18.01
17.72
18.2
18.5
12.38
16.55
20.95
22.28
18.04
-8.61
9.64
15.79
12.56
-15.54
13.42
17.9
16.97
15.54
16.24
8.43
11.23
15.71
14.89
16.95
16.67
11.02
12.35
10.54
8.98
7.42
5.65
14.42
15.46
16.91
18.55
16.45
12.61
15.82
19.68
20.17
19.6
16.92
4.51
2.84
14.45
18.62
20.71
21.11
19.95
22.94
24.25
18.41
5.29
10.89
10.72
13.27
14.99
15.98
14.71
7.14
16.04
20.59
16.44
3.92
11.53
12.56
-0.16
6.71
15.33
13.58
6.29
6.94
15.63
20.28
22.67
24.02
19.83
14.03
21.17
16.5
-2.97
18.54
20.45
15.93
15.8
19.4
24.39
22.52
18.17
20.71
24.24
23.94
22.82
18.17
8.45
12.23
16.45
15.62
17.87
17.31
11.74
11.43
11.39
15.65
12.45
12.48
19.26
17.41
15.24
17.52
17.76
19.78
17.85
7.26
18.67
19.19
20.19
18.79
17.52
13.44
13.14
15.95
12.03
16.66
21.58
20.22
9.58
3.74
3.21
13.03
17.52
15.64
7.51
11.29
17.46
18.64
17.2
11.88
18.38
18.88
12.61
9.61
16.66
17.5
15.5
14.92
13.4
15.94
15.69
9.62
7.05
7.59
18.51
15.64
2.97
13.15
15.09
16.07
4.89
8.14
15.36
17.34
13.13
13.24
16.92
16.94
13.97
15.59
19.02
20.04
15.29
4.49
-4.3
1.65
16.65
20.48
19.1
16.93
12.71
13.8
8.15
16.35
-15.69
12.98
13.73
14.9
10.08
9.24
10.1
2.77
16.57
19.7
17.08
12.76
18.38
17.46
7.94
7.62
5.54
11.56
15.58
13.29
23.93
25.33
23.18
20.91
17.16
19.28
23.32
21.63
16.01
13.08
18.86
18.62
14.21
16.9
20
19.29
12.95
9.39
11.17
12.14
13.35
14.76
20.82
17.09
3.96
11.86
10.55
17.76
18.91
16.52
14.39
14.97
15.65
12.06
7.17
13.13
11.1
0.38
18.72
22.26
20.1
10.3
5.37
14.82
17.72
15.98
12.01
20.8
20.99
11.21
15.03
14.25
8.04
15.96
20.07
15.85
2.04
12.33
11.89
13.26
18.36
21.82
22.77
23.04
19.05
17.51
21.25
18.75
17.47
15.28
12.47
7.67
14.9
18.68
19.18
16.59
11.11
15.75
17.8
12.6
13
16.23
12.67
13.23
18.4
12.01
10.25
13.38
17
16.81
19.6
19.67
17.62
18.52
16.61
15.2
10.59
11.25
13.73
-0.03
13.33
14.75
18.01
15.14
1.38
17.63
22.84
22.51
12.96
12.57
16.23
16.92
15.81
3.95
16.36
21.92
21.29
15.19
19.75
20.88
13.73
11.42
4.52
16.97
17.23
13.64
12.9
18.05
16.47
15.75
8.44
18.92
18.92
15.43
10.79
13.47
18.65
17.57
3.4
14.63
16.22
7.05
11.42
9.79
11.93
14.97
8.97
16.97
23.04
22.38
14.78
14.12
17.29
17.96
18.19
19.24
22.03
20.72
8.86
13.04
17.18
15.09
11.98
18.68
19.77
18.68
17.23
16.08
9.4
19.46
16.83
12.1
17.4
21.02
22.2
18.01
15.36
17.32
15.38
16.21
17.08
12.82
15.42
19.69
15.22
-3.87
13.77
15.85
17.03
16.45
19.03
18.04
12.36
9.42
15.02
20.46
18.36
17.59
14.84
2.69
0.84
11.5
15.44
10.38
4.62
13.88
12.04
15.3
15.37
11.54
14.25
17.73
17.2
16.93
15.74
13.38
12.3
10.04
6.95
6.8
20.4
20.04
12.95
15.61
14.42
9.69
9.77
2.26
13.82
19.77
20.07
21.18
17.03
8.96
13.54
18.88
16.61
5.03
17.25
18.25
19.04
20.36
15.58
14.08
12.26
10.86
4.15
12.66
13.97
11.37
19.33
14.16
18.53
22
15.62
12.68
14.66
7.03
12.84
15.04
17.4
19.86
20.1
20
16.98
8.02
5.14
13.25
16.35
11.39
3.62
17.53
14.83
15.63
21.8
19.58
14.03
20.63
19.84
20.67
19.08
12.44
16.41
18.45
15.2
12.23
17.7
14.66
7.15
15.69
11.4
15.62
17.65
17.03
16.75
18.64
18.55
14.19
6.24
15.2
15.16
13.16
13.08
12.06
6.1
4.76
11.24
12.64
7.66
12.2
16.1
10.6
10.26
21.91
23.99
21.29
21.67
21.97
19.66
12.49
18.25
16.87
16.01
17.84
14.93
12.46
14.35
14.48
14.92
17.02
18.06
15.52
19.54
17.82
15.02
13.99
16.14
18.83
16.27
19.58
20.98
14.25
12.85
21.04
21.95
20.66
19.93
13.44
14.18
20.33
20.51
18.55
21.92
23.69
22.75
24.14
23.58
21.49
17.59
16.42
19.17
17.15
8.62
8.43
9.12
11.64
19.15
22.92
18.33
14.95
23.63
24.96
24.05
17.63
11.51
19.52
19.97
17.58
11.7
12.1
4.55
13.33
16.1
14.55
8.35
18.22
16.99
23.28
24.74
19.19
7.73
17.6
22.57
22.67
17.85
6.77
18.45
18.34
19.04
21.12
16.6
16.69
16.64
16.84
11.56
20.31
20.23
20.18
20.14
17.38
18.41
19.65
16.78
14.06
19.46
21.43
19.18
16.58
15.74
17.08
13.85
16.06
22.29
24.21
19.84
14.91
21.09
22.02
18.56
17.39
8.68
14.77
22.07
25.01
23.76
14.52
20.12
22.66
21.5
20.19
18.92
19.43
21.36
22.55
23.42
21.51
12.1
17.53
19.26
16.85
11.39
8.91
15.08
15.67
11.32
13.84
14.85
4.91
17.54
22.29
23.33
15.98
15.67
23.8
25.13
24.58
21.99
11.18
19.14
21.69
20.5
19.88
16.74
10.57
13.13
18.54
17.72
17.66
19.24
13.97
-11.99
0.93
-4.84
16.26
19.51
20.33
16.18
10.95
3.67
7.69
13.47
20.35
20.16
17.13
17.45
16.02
15.49
13.67
16.64
19.47
15.59
17.63
21.02
15.62
-9.59
10.4
16.49
14.66
10.83
13.6
17.85
18.17
15.43
11.69
2.9
-1
8.08
9.81
12.06
18.47
19.78
9.84
12.45
18.6
19.64
15.97
13.27
9.69
8.09
17.62
19.57
20.66
17.79
9.46
13.82
16.72
19.31
15.59
16.82
19.87
19.13
15.29
7.9
8.78
12.22
16.97
17.13
14.4
8.03
13.3
16.38
14.59
16.67
16.22
16.01
16.9
14.21
1.09
10.31
13.53
13.41
8.06
11.64
13.53
12.72
13.94
15.35
14.24
14.4
17.03
16.24
17.37
21.99
21.35
18.86
14.6
17.34
19.18
15.39
11.07
6.9
10.01
13.66
2.68
3.75
15
18.38
12.95
10.07
9.62
7.77
12.71
15.79
17.42
15.79
16.85
18.11
9.02
11.57
14.79
15.84
14.6
5.16
10.99
8.59
9.6
-1.21
16.96
18.98
16.19
11.28
18.68
19
17.89
9.02
12.15
17.12
18.04
12.51
7.75
12.17
9.13
17.15
17.2
16.06
12.72
8.96
12.03
20.24
21.74
20.72
18.35
13.12
1.81
9.84
13.1
19.17
20.53
19.78
13.7
4.73
16.18
18.77
12.19
6.44
11.61
16.76
20.66
20.41
17.15
10.68
7.38
9.4
11.4
11.39
-0.12
10.25
4.91
8.92
9.13
1.61
1.75
4.11
5.66
-11.02
6.89
8.32
6.33
5.75
5.78
9.94
14.18
16.36
16.41
10.68
15.31
18.94
17.3
11.3
16.92
23.65
20.84
17.14
12.79
7.49
11.28
19.46
21.64
17.51
6.35
12.66
14.34
15.01
16.8
15.24
7.19
11.57
11.36
14.92
15.29
6.27
1.54
1.61
7.31
10.89
3.84
15.35
15.37
2.19
18.9
22.5
19.16
-0.34
11.24
4.58
5.29
13.91
20.04
22.41
20.87
10.52
15.6
17.75
13.48
13.7
15.15
11.55
14.09
16.07
17.2
17.43
15.21
2.41
9.8
11.38
4.45
8.21
13.68
9.33
10.07
6.95
-5.31
0.15
12.76
17.28
20.09
15.8
11.64
14.59
14.89
14.23
14.22
10.74
16.01
16.7
4.55
13.52
16.82
9.41
7.8
14.32
15.56
7.27
15.6
16.82
14.75
12.93
-2.59
17.72
19.1
16.51
10.31
6.19
11.2
10.34
18.17
18.97
15.34
6.05
14.97
13.87
-0.39
12.03
13.48
9.16
7.43
5.33
12.25
13.74
1.61
8.68
0.08
8.54
-0.29
20.71
21.84
15.04
12.21
2.75
11.64
11.34
14.29
18.96
16.05
8.49
-2.47
3.01
7.42
12.19
11.38
10.83
11.27
9.63
15.13
15.87
14.04
14.7
16.86
14.99
8.39
9.19
13.9
9.54
10.88
6.74
13.66
14.78
11.35
13.33
16.65
15.45
13.19
20.9
22.18
15.02
8.03
10.81
11.75
11.84
8.15
6.15
10.26
14.75
15.48
11.79
3.26
5.63
13.73
17.82
19.47
18.58
10.45
10.93
14.27
13.89
13.62
6.42
13.84
16.23
15.25
13.46
-23.82
13.99
14.69
19.57
22.23
19.51
11.86
7.74
11.23
18.68
16.66
3.37
8.16
3.18
-14.19
2.27
8.13
10.88
13.26
13.48
4.4
14.12
12.63
14.09
14.48
16.27
15.32
16.37
18.33
12.25
-2.05
7.96
6.47
13.69
17.6
16.39
11.32
4.47
6.22
9.45
13.95
17.33
18.37
19.75
15.66
3.26
9.37
6.45
15.07
18.2
16.57
9.38
11.06
14.68
16.1
17.15
7.43
13.13
12.88
11.68
-10.41
8.5
7.12
7.98
11.61
13.57
6.07
7.8
10.78
7.02
-4.49
10.17
15.51
14.08
13.66
15.8
10.86
9.33
3.29
14.65
14.27
3.14
1.1
12.6
17.97
14.79
12.15
12.01
14.61
11.26
9.84
15.74
11.4
9.48
12.89
10.78
13.46
11.73
15.2
17.94
12.03
14.84
18.14
17.66
17.68
15.41
5.79
10.61
13.63
10.11
-0.02
5.56
10.12
16.68
17.62
13.65
9.25
7.36
6.22
13.81
15.7
12.03
4.44
8.08
9.87
-16.56
3.93
11.75
13.4
13.27
13.55
11.74
12.87
12.41
14.75
16.18
9.38
10.75
0.38
4.75
11.12
18.88
19.28
20.58
20
11.06
2.33
3.47
7.28
10
13.31
17.61
18.29
6.31
13.94
15.32
6.73
9.75
13.57
14.29
12.88
11.04
12.04
12.3
18.56
20.35
18.9
17.86
13.98
13.36
16.99
18.92
15.96
8.83
4.94
9.48
4.42
12.47
16.69
16.36
13.12
9.74
11.94
15.11
13.91
14.15
18.18
17.2
19.21
17.75
16.64
14.46
10.92
14.06
10.95
-3.06
6.53
3.38
8.76
10.23
6.11
8.54
9.78
9.95
11.5
11.56
5.57
9.15
12.18
7.07
4.8
6.3
3.6
8.5
11.64
14.3
16.04
14.32
14.03
14.29
14.02
16.37
15.07
13.7
9.33
6.8
-0.19
9.47
17.67
16.96
7.93
0.97
13.02
14.44
13.82
9.71
4.49
0.09
11.14
15.01
18.26
17.37
13.23
13.25
10.61
10.21
14.51
14.45
13.37
7.18
10.28
10.63
-3.05
9.46
10.9
12.58
11.78
13.14
11.8
6.94
17.92
21.25
18.68
15.91
10.53
7.72
14.21
10.01
9.35
12
14.16
17.02
19.01
17.73
13.77
10.5
11.41
12.64
-2.84
7.34
4.01
-13.57
6.87
12.54
12.19
0.83
-10.67
13.05
16.01
15.28
14.42
12.43
9.97
10.24
12.38
14.73
14.25
7.35
13.24
14.15
6.18
8.49
10.23
2.39
16.33
17.54
14.68
15.38
16.36
14.93
5.06
6.96
9.33
14.25
15.71
12.76
14.22
17.14
19.25
13.44
5
12.34
14.63
8.41
8.83
11.58
10.96
6.27
10.35
13.62
8.72
6.15
10.27
11.93
12.82
12.38
13.49
11.3
9.07
13.25
7.88
15.46
7.62
7.07
4.67
-2.74
0.67
-6.27
10.62
11.43
13.3
11.78
5.57
14.32
11.52
15.99
13.36
9.59
3.61
11.89
12.24
12.26
14.08
11.54
10.5
11.82
12.1
9.24
6.56
12.42
18.02
16.77
11.9
5.58
7.98
15.45
13.9
-4.78
5.28
5.79
12.73
7.96
-3.91
11.08
14.23
11.32
5
9.62
15.95
13.56
4.39
14.48
17.31
15.1
12.42
1.17
10.74
11.62
1.11
14.49
18.15
14.21
-11.89
10.04
11.38
10.52
7.29
16.16
16.37
19.23
17.9
14.59
17.37
15.42
6.15
8.67
8.72
4.94
-6.24
3.95
5.98
3.57
0.72
11.78
7.23
10.68
11.15
-2.6
11.14
13.38
11.89
18.33
20.73
18.78
7.13
11.29
15.09
7.79
-1.71
2.3
7.68
15.64
18.74
17.46
14.3
8.67
12.93
16.43
12.85
5.58
14.8
9.76
7.96
15.28
10.63
13.53
1.73
9.96
17.72
14.07
7.4
3.93
9.79
7.63
13.73
12.05
8.8
12.65
13.78
11.23
-0.34
4.25
13.4
19.54
16.36
2.64
12.4
14.73
4.84
4.71
8.96
13.65
12.8
-7.99
14.34
14.82
7.19
1.7
11.17
10.42
10.79
9.56
-18.33
8.62
9.29
6.32
6.4
7.37
12.02
11.17
7.89
12.51
10.45
0.22
5.79
11.02
16.29
13.62
8.17
9.64
14.36
13.4
8.14
7.97
0.25
8.85
12.6
17.82
17.19
12.38
8.48
8.6
14.48
13.22
-1.57
13.19
14.77
10.61
19.39
17.54
13.07
9.54
10.26
12.74
13.8
11.98
10.65
8.56
10.53
11.03
0.64
5.86
8.55
10.68
11.23
7.95
0.72
8.63
13.47
14.54
14.73
11.02
6.18
11.72
-8.3
16.69
18.36
16.53
14.22
8.21
1.65
-3.23
0.96
6.19
18.55
19.18
15.15
10.66
12.7
9.32
5.25
12.35
13.28
-5.49
12.83
14.58
9.52
13.22
14.06
-2.16
9.49
8.89
10.36
9.25
7.84
10.57
15.17
9.65
3.11
11.84
15.21
11.25
5.08
15.66
14.5
1.61
8.37
13.82
8.62
8.45
9.71
10.05
9.84
4.71
6.25
7.87
5.74
11.85
13.44
11.75
8.96
6.19
-9.22
14.44
11.47
6.69
8.26
4.84
10.47
12.07
11.94
5.99
13.48
17.26
14
15.41
16.15
12.67
18.02
16.82
10.79
12.75
7.36
11.11
13.89
-5.15
7.24
8.53
16.71
12.35
8.02
13.2
5.86
18.41
15.31
-0.24
5.25
10.96
13.03
7.93
18.08
18.18
5.04
16.94
15.4
10.14
1.23
13.54
12.36
3.06
11.07
13.43
13.83
13.35
14.92
16.29
14.3
13.62
18.76
17.02
-6.08
13.6
9.77
12.31
12.64
2.33
8.09
13.55
13.01
12.79
12.45
12.64
12.28
8.32
14.67
12.69
9.22
12.03
5.71
11.9
7.56
-3.79
-3.21
14.01
17.62
9.65
10.29
11.17
0.39
2.76
2.7
12.18
13.44
12.52
6.63
12
14.65
13.19
10.69
8.07
5.4
6.7
14.8
14.13
3.24
13.14
13.73
6.67
11.85
8.83
7.27
16.24
16.66
6.86
11.25
6.83
11.26
11.27
8.99
9.1
1.83
5.4
4.42
8.43
15.31
14.07
9.72
13.45
6.43
11.03
10.36
11.46
5.14
11.69
16.81
11.73
7.05
10.69
14.64
12.78
12.42
10.27
6.85
5.45
6.44
3.38
4.75
10.62
12.46
16.46
18.53
17.68
17.14
15.01
5.82
-13.82
12.97
15.2
8.06
1.22
11.43
6.09
10.12
9.26
3.41
5.64
12.41
15.51
8.36
6.64
13.18
15.31
18.52
16.01
12.6
13.63
8.8
12.85
14.95
16.32
18.83
18.41
16.34
13.21
8.79
-5.36
10.19
11.73
6.43
-6.88
-6
6.56
0.34
10.13
8.37
1.05
1.02
10.46
9.27
12.7
9.55
4.66
15.67
18.37
17.98
14.93
8.5
1.7
13.36
15.31
11.97
0.29
7.21
8.69
9.97
13.27
11.89
5.61
3.5
7.97
11.14
11.62
15.69
18.52
19.23
17.08
13.66
10.63
5.09
8.37
12.66
15.19
8.24
12.29
16.22
16.76
11.06
16.38
19.44
17.75
7.62
4.07
12.66
8.59
6.8
17.96
23.2
22.4
17.13
8.25
3.5
-0.63
1.72
12.14
16.72
20.33
21
19.29
17.11
12.37
18.09
18.4
15.03
14.14
0.41
14.09
14.4
14.6
16.03
15.14
10.64
14.04
14.22
15.06
15.24
15.58
17.59
13.6
9.59
7.15
10.6
9.77
6.6
2.13
4.31
7.05
-5.64
9.1
10.47
12.61
14.79
13.02
7.2
5.85
11.47
15.1
16.86
6.35
12.72
9.23
11.18
16.38
15.84
14.02
12.7
12.61
12.88
12.96
15.31
15.48
13.62
12.43
5.7
-12.58
-3.07
4.59
2.89
9.03
14.8
7.93
14.87
16.37
12.58
7.38
5.4
16.22
17.5
6.74
7.38
15.37
12.7
10.89
7.27
4.87
9.22
11.47
10.22
4.04
4.07
-2.41
7.58
13.77
14.96
10.49
-0.52
9.61
15.61
17.5
16.54
14.38
12.88
14.55
16.18
18.47
16.86
13.54
10.12
5.39
11.35
-3.42
12.71
16.99
16.7
16.05
18.95
17.83
12.78
4.97
13.11
13.52
-1.57
8.3
-5.52
5.92
10.54
9.42
9.83
9.61
3.12
3.56
11.86
15.53
10.54
10.85
14.67
12.63
10.87
4.49
9.88
16.16
15.3
8.77
7.6
-0.38
-6.72
-5.15
-1.8
4.28
8.3
13.73
14.23
12.08
14.65
14.35
11.35
9.8
7.78
5.67
8.8
18.4
20.27
16.88
9.18
9.03
15.55
10.44
14.31
12.83
14.48
14.34
15.76
15.35
15.89
17.69
15.25
9.09
-2.63
11.62
13.19
3.25
9.72
14.63
12.06
10.92
12.73
10.88
12.69
12.95
7.94
8.93
9.2
13.6
11.56
2.28
-2.74
-15.08
1.19
10.02
11.53
6.65
14.14
10.68
10.98
15.88
11.4
3.44
10.4
10.61
10.81
12.68
11.26
3.54
2.85
9.64
6.54
11.22
9.76
-7.6
-16.67
7.92
9.79
1.1
11.9
10.14
7.94
8.39
12.94
12.84
8.62
3.19
-6.17
8.26
1.37
4.32
10
16.93
17.26
14.42
8.5
9.11
15.79
18.82
18.97
16.97
14.08
9.32
8.84
6.6
4.06
15.39
16.44
12.47
10.22
3.21
13.56
16.9
16.81
16.79
14.77
14.52
10.09
5.19
13.5
12.5
8.5
-2.8
7
11.28
8.84
9.34
10.08
-2.92
6.4
0.8
10.82
11.03
14.67
14.96
11.55
16.05
15.09
13.07
7.09
12.74
11.69
8.61
9.2
7.47
7.44
11.94
15.83
15.39
13.55
10.55
4.94
7.56
10.95
8.65
4.42
8.5
14.51
12.05
9.96
15.21
15.13
13.29
12.17
13.44
16.84
13.68
11.66
7.43
7.49
13.38
11.67
15.91
19.42
19.34
16.46
9.73
2.77
6.7
11.77
9.39
12.69
15.03
12.91
8.02
4.1
8.74
10.14
10.8
14.63
19.64
19.49
16.43
15.35
14.94
11.47
15.25
14.76
15.74
16.12
10.76
2.17
7.88
8.78
7.93
4.92
8.83
15.01
10.77
5.05
1.29
2.42
3.05
10.12
11.86
3.2
10.72
10.2
2.98
9.36
14.17
10.94
12.31
14.69
12.26
11.08
8.39
5.73
4.57
12.23
15.58
11.5
6.01
9.6
14.69
17.92
15.88
11.76
11.11
9.43
16.65
20.27
20.4
18.72
17.39
10.12
14.17
19.11
18.22
12.78
0.39
2.08
5.18
1.39
-3.94
6.54
11.12
13.28
14.69
11.5
6.28
8.08
11.6
15.44
18.06
16.79
12.99
15.48
16.59
9.21
12.07
12.74
4.76
11.9
8.81
10.14
19.52
20.84
18.27
15.14
14.11
11.33
6.28
5.76
13.12
15.97
14.54
14.25
13.19
4.47
8
10.03
6.83
11.68
13.96
6.4
11.67
17.17
17.95
8.36
1.58
3.42
7.08
2.61
3.57
10.3
14.27
14.12
0.47
-5.93
0.06
-21.46
-1.47
1.38
9.29
17.35
18.42
12.52
9.98
14.04
18.29
15.21
12.64
14.93
13.79
13.73
3.69
12.94
14.98
15.99
6.26
6.06
14.81
17.98
14.04
7.7
13.96
10.25
12
13.07
14.23
11.66
-9.53
14.66
16.46
12.75
13.23
11.93
2.65
3.95
18.46
18.48
11.86
13.75
7.09
-3.09
8.26
11.2
11.08
8.41
9.62
12.15
3.25
6.47
16.97
18.63
15.8
12.18
11.68
18.2
19.92
19.26
16.59
13.05
1.63
8.4
11.12
11.18
12.34
5.77
-8
7.33
10.79
12.53
15.58
15.79
13.07
8.99
4.64
-0.52
14.19
17.29
16.28
14.67
13.94
13.37
6.08
4.93
17.35
19.96
16.04
9.27
6.01
2.51
8.64
5.06
4.79
2
12.46
13.78
12.91
3.59
3.25
9.3
12.67
14.64
12.17
8.8
10.67
9.85
15.76
14.69
10.5
12.48
10.08
8.6
8.55
10.83
12.38
-5.64
12.76
16.16
16.91
17.66
13.62
17.26
16.83
12.45
15.12
13.57
14.01
10.77
4.38
9.76
5.17
8.97
13.51
14.03
16.6
16.89
2.3
17.92
17.16
14.86
15.45
14.07
10.6
9.9
12.51
4.74
8.18
9
-2.26
11.04
10.93
7.85
-1.71
9.26
15.33
15.87
13.14
12.45
17.52
15.79
4.33
4.27
12.07
11.59
10.38
13.71
15.19
12.33
7.25
10.27
11.85
10.94
10.29
13.42
14.05
11.21
9.92
12.04
10.14
13.61
14.62
9.79
12.13
15.52
15.21
11.95
11.85
11.03
7.53
8.39
4.41
9.08
16.51
19.03
17.16
11.52
6.46
5.33
11.82
14.17
0.37
15.64
