12.47
6.51
8.25
14.41
12.88
12.2
11.72
5.11
7.3
9.19
6.45
-0.76
-1.99
5.72
11.57
11.5
9.71
2.34
-7.35
0.61
12.82
9.53
6.48
8.85
6.38
8.74
10.96
10.65
5.06
-3.55
13.57
16.88
12.13
6.32
7.62
0.87
10.24
5.71
7.18
12.93
9.15
2.76
6.18
1.99
0.39
3.84
4.94
11.21
9.31
8.99
12.47
14.72
12.81
12.09
12.07
6.65
-6.03
0.55
0.47
12.59
11.6
2.95
9.56
9.9
10.43
10.61
5.79
11.64
12.9
6.04
4.91
3.02
4.66
8.52
14.45
14.3
10.8
12.2
16.49
15.61
8.54
16.95
18.22
16.87
16.3
16.84
16.8
15.21
14.75
14.89
4.46
4.96
5.3
7.88
6.56
3.94
8.51
6.69
4.66
-1.07
2.78
3.98
5.94
12.67
6.38
3.59
6.66
7.92
9.14
10.37
15.33
17.34
13.93
8
9.42
10.8
7.92
-0.65
-0.18
-1
8.44
4.93
-5.23
5.21
11.51
11.57
1.17
11.08
14.07
11.63
5.88
-3.07
4.08
6.43
9.21
6.45
3.32
6
7.32
10.42
6.04
2.81
9.51
13.25
12.9
14.41
16.59
16.27
17.44
16.71
10.26
8.54
8.44
-10.67
8.94
12.56
9.94
6.35
12.08
11.03
-3.24
10.29
8.82
-0.19
4.61
10.57
12.5
5.81
0.2
11.19
17.18
16.95
14
11.47
10.12
12.77
10.22
8.69
10.86
8.86
11.21
16.45
15.09
9.75
-9.15
9.52
8.77
3.87
7.57
13.38
11.73
9.29
8.19
-4.64
10.38
12.65
11.12
11.29
9.48
18.3
22.1
16.7
4.66
11.9
10.99
12.86
11.31
8.69
14.47
15.47
7.34
7.44
7.49
-1.24
1.38
3.63
-1.28
10.47
14.99
14.94
8.75
1.15
7.05
9.87
4.9
9.85
7.02
8.98
9.01
13.39
15.23
8.49
3.53
9.55
15.35
15.48
12.22
9.11
10.88
7.07
9.47
16.1
17.68
12.44
7.69
13.25
11.98
1.03
6.69
-4.12
10.36
15.3
14.04
7.38
13.94
12.85
12.23
14.53
9.56
4.21
11.62
13.48
6.8
-3.29
-2.6
9.3
9.8
8.1
5.69
-0.4
8.84
10.54
6.73
6.66
-4.22
8.56
11.48
11.64
11.72
13.78
11.09
10.28
10.86
6.5
6.14
11.34
9.95
8.19
12.84
16.63
15.41
9.78
8.39
8.73
9.35
6.97
2.04
8.88
-0.35
-4.67
4.92
11.33
13.33
10.23
10.97
10.14
9.55
8.12
7.45
7.66
-1.98
14.35
16
15.32
11.02
10.01
14.06
16.42
18.53
17.84
6.79
14.79
13.73
5.11
0.74
14
13.03
2.73
11.56
9.44
8.77
4.65
12.1
12.68
10.26
13.33
12.69
9.88
9.03
-3.58
8.26
10.82
-2.16
6.83
9.09
13.67
15.13
14.85
14.21
11.09
10.97
7.98
6.53
12.75
9.85
-16.28
-5.11
2.64
-2.54
-3.2
4.49
10.29
-2.48
3.75
-10.18
5.51
7.54
8.98
14.31
17.13
13.36
3.53
2.17
10.47
3.78
9.64
13.78
14.03
8.84
7.77
11.05
3.71
-1.9
-6.65
6.02
11.3
11.43
3.97
0.82
-2.05
5.92
8.53
4.52
2.19
7.76
9.11
9.48
10.28
7.6
3.41
11.76
12.12
9.36
12.56
14.36
11.4
5.33
5.82
11.13
12.01
9.67
9.24
7.75
-1.87
5.09
9.56
11.48
10.97
2.78
9.38
8.16
3.82
7.36
-5.54
8.29
7.3
0.16
12.83
17.28
13.62
-1.96
6.59
-1.53
4.13
8.55
11.49
2.3
6.73
8.21
9.69
11.26
9.36
12.27
12.4
5.25
14.87
15.21
13.2
11.45
5.43
-1.75
7.6
5.53
10.8
17.02
16.36
8.64
8.1
7.78
7.05
8.44
8.61
9.98
10.73
9.63
8.05
13.98
9.76
7.27
12.87
9.66
-5.38
7.84
7.62
-3.59
4.94
6.25
2.34
8.39
11.45
8.27
0.19
9.32
13.07
13.56
11.89
8.59
-1.24
11.84
9.63
6.96
11.8
9.89
11.86
9.49
5.96
11.22
10.33
5.25
10.86
3.91
4.03
10.08
11.76
8.15
8.24
7.57
4.69
12.23
11.77
8.56
11.03
9.37
7.48
13.04
8.88
7.75
-0.52
6.27
-12.15
1.3
0.37
6.73
7.02
0.26
2.17
7.89
1.27
13.07
17.86
16.22
3.29
1.77
3.62
10.87
10.3
2.02
-5.91
-5.36
9.37
11.46
13.94
13.36
8.87
8.21
8.6
11.28
11.82
5.79
3.92
11.03
10.39
-2.43
8.53
13.4
12.01
-1.44
10.41
11.98
2.31
7.05
11.69
16.17
15.63
12.8
12.07
11.82
8.96
9.12
5.68
5.86
6.62
-20.53
4.25
9.6
0.94
-4.54
2.94
5.67
-2.03
-0.48
5.05
8.67
8
-6.44
7.81
12.13
9.23
7.29
5.88
-1.16
2.26
8.88
-0.25
10.83
17.42
17.14
14.24
17.66
20
19.83
14.15
3.07
12.12
16.8
13.98
7.5
15.36
17.38
15.52
11.64
14.95
13.86
12.13
13.31
12.23
9.21
-0.1
7.49
10.3
9.94
8.6
5.94
4.37
2.39
4.82
10.78
12.72
12.31
12.07
10.12
6.86
8.05
10.1
14.22
11.16
7.83
8.42
11.9
9.86
9.11
5.52
3.98
9.01
7.93
7.83
12.46
11.7
1.3
7.84
11.06
11.32
6
7.4
11.56
8.47
6.95
10.89
11.52
8.72
9.4
11.75
8.63
2.21
12.19
9.52
8.33
5.95
3.77
2.89
14.16
17.35
16.77
8.29
11.6
10.36
3.48
6.26
8.1
6.37
-0.89
7.52
12.17
8.53
-4.64
10.61
12.55
9.26
5.45
5.85
4.26
5.38
6.2
9.43
13.8
11.3
10.55
13.5
13.14
12.87
10.13
8.02
13.28
11.03
2.04
5
10.49
9.66
8.36
10.89
8.74
5.17
9.97
5.88
10.26
8.93
15.07
16.68
12.77
-2.35
10.15
7.49
7.97
0.75
6.38
6.18
2.48
7.57
6.98
5.98
13.14
12.5
8.13
6.74
14.4
8.16
11.36
13.66
13
10.62
1.7
7.68
6.64
4.75
12.61
13.5
8.29
5.38
5.89
7.83
6.41
-19.59
7.89
10.28
12.93
12.69
1.31
13.63
12.13
6.89
8.05
9.89
10.94
8.44
-2.47
9.3
6.18
-0.38
11.43
13.23
4.46
11.77
16.14
13.58
9.77
9.04
5.25
2.34
7.02
5.44
10.78
11.28
6
9.67
10.53
5.37
-9.22
7.42
10.77
7.03
2.83
4.02
3.19
0.67
9.41
15.02
16.1
14.18
11.08
9.19
1.82
19.99
20.56
-10.15
17.29
19.54
12.55
14.53
20.41
21.64
6.69
24.25
28.17
25.39
20.89
14.93
21.01
17.57
10.33
17.43
25.62
28.8
26.4
18.72
23.04
19.01
23.02
28.41
26.33
20.87
16.9
18.15
22.31
20.77
11.67
8.05
13.85
20.46
24.88
25.86
23.1
25.46
24.55
20.94
20.75
24.66
26.27
23.98
16.63
15.88
23.38
23.39
22.38
24.42
23.29
28.99
28.98
23.86
12.04
18.51
23.61
21.35
15.23
26.47
28.28
26.2
22.89
23.88
21.94
15.54
21.84
14.92
1.43
15.29
17.19
19.56
20.35
18.01
15.69
22.35
25.56
22.12
-6.05
9.86
20.58
22.61
23.71
24.86
24.63
20.2
8.12
20.41
21.92
20.18
24.51
24.08
23.8
23.57
25.45
24.77
17.59
0.05
9.24
19.73
20.15
18.35
12.76
14.95
14.1
10.02
16.22
13.46
13.47
10.54
-20.41
19.57
25.9
24.93
21.98
23.07
22.56
20.6
26.34
21.09
17.01
17.92
20.48
16.6
16.6
18.11
12.74
25.06
26.11
21.97
20.45
26.39
28.49
22.39
13.86
21.06
22.77
25.62
25.31
21.19
6.01
9.7
10.83
19.61
25.64
28.19
25.84
16.73
13.19
20.25
23.09
16.61
18.97
21.4
22.41
20.76
24.32
28.04
22.98
19.34
23.96
23.38
20.08
14.34
15.22
21.28
16.87
19.98
24.76
11.2
22.85
22.25
26
28.23
26.43
21.97
17.58
19.34
22.22
26.63
27.44
27.75
25.75
21.65
21.8
22.27
23.81
23.33
8.9
23.01
23.51
12.98
16.16
19.16
21.49
25.88
24.36
25.54
26.29
25.48
22.39
22.04
22.93
24.17
23.74
19.88
19.55
20.43
4.85
17.36
10.42
25.13
27.68
26.57
24.84
23.34
14.36
19.03
22.91
25.34
25.24
19.38
6.44
17.07
15.38
8.82
15.71
10.11
25.01
23.23
9.07
9.69
16.64
17.03
6.53
8.76
14.95
19.08
20.74
18.29
12.53
7.17
6.56
5.08
15.45
21.86
26.03
27.61
23.93
13.37
15.71
20.76
20.21
13.58
22.86
26.22
24.37
21.2
14.28
21.85
18.39
20.1
17.21
20.84
18.5
17.61
20.09
15.86
8.59
14.83
18.33
21.73
22.98
24.23
23.28
14.34
10.88
0.96
12.07
18.08
17.71
21.58
24.99
22.17
16.67
12.16
10.57
9.58
18.24
8.32
15.1
15.79
8.89
18.7
15.32
13.34
20.05
18.53
21.96
24.28
17.39
19.99
16.51
13.97
9.17
19.82
25.89
25.51
23.3
19.45
18.1
25.01
19.5
14.33
18.33
15.38
11.34
12.19
21.9
21.47
6.26
10.55
14.3
19.6
18.44
11.79
17.33
19.58
22.29
20.8
14.15
14.42
3.51
17.22
17.89
9.63
2.21
5.95
7.08
5.07
10.05
12.81
15.92
12.72
2.15
10.31
12.73
5.29
5.46
13.5
16.98
13.03
21.21
19.92
19.18
17.89
19.63
19.77
15.62
16.24
16.36
12.22
16.13
12.34
9.11
6.24
13.73
12.45
16.06
9.11
11.18
12.8
0.17
8.79
10.29
-0.36
-3.56
9.46
14.82
12.57
10.71
9.89
11.29
15.65
13.28
6.78
0.14
6.93
4.5
-0.38
3.95
6.95
10.76
13.03
10.68
10.99
11.85
17.39
18.34
9.06
18.74
21.25
19.05
3.53
19.58
20.84
20.6
22.2
23.92
23.7
17.72
13.08
11.13
16.71
20.74
18.02
16.39
19.19
24.4
25.59
25.43
24.04
21.67
16.28
-2.06
11.11
11.5
15.1
14.29
10.39
16.25
18.84
20.08
18.48
16.66
20.44
22.87
24.06
23.56
14.5
9.72
15.07
19.38
23.39
23.65
17.83
2.62
17.58
21.09
16.97
20.13
21.26
22.35
17.08
6.3
17.18
17.44
20.77
24.67
24.59
18.81
13.67
22.17
22.46
18.39
6.4
18.29
18.31
1.36
12.98
10.28
23.17
27.8
20.01
11.58
16.94
19.77
15.19
9.2
18.89
22.63
23.74
22.71
22.38
16.23
5.09
16.5
17.61
21.97
25.57
23.36
21.16
22.14
18.04
10.46
12.1
17.63
15.21
15.99
19.18
20.9
15.13
14.57
19.74
9.82
19.59
18.24
25.13
24.76
14.81
21.17
26.58
23.67
11.58
21.76
24.23
24.37
22.02
23.19
24.27
20.69
22.44
25.31
22.99
16.99
20.64
17.75
15.43
20.2
21.03
18.03
24.7
25.05
24.26
21.09
7.96
9.66
18.31
16.98
17.35
18.13
17.23
18.16
13.92
19.97
24.77
21.49
15.48
21.3
21.63
24.74
28.26
25.84
18.69
20.38
20.06
25.97
27.52
28.23
29.03
24.85
13.5
13.91
16.21
15.53
14.33
21.41
20.51
16.9
19.76
24.78
22.32
14.57
15.87
24.79
29.68
28.53
23.54
19.91
9.27
14.56
14.88
18.02
18.06
21.8
4.39
19.94
20.22
21.91
22.25
19.59
18.46
20.94
21.19
17.68
19.9
21.96
20.2
22.14
23.24
13.37
17.9
11.42
13.05
15.84
21.67
20.08
19.65
26.48
22.92
8.14
16.54
20.51
18.75
15.48
16.16
12.25
20.43
22.35
8.45
22.75
18.56
12.07
16.23
23.9
26.2
16.02
25.03
21.56
17.94
21.45
21.58
21.95
19.11
26.95
27.42
24.06
17.03
10.93
24.15
27.35
24.15
21.46
18.94
20.64
20.77
18.39
22.21
12.35
15.72
19.18
21.15
22.49
5.4
19.76
24.95
21.34
14.03
21.42
20.07
6.44
8.8
13.65
19.81
13.69
17.6
23.82
25.82
22.8
0.01
18.2
22.05
21.4
20.17
17.97
11.15
17.8
19.65
22.43
25.15
18.84
18.55
18.89
16.99
16.61
10.72
17.56
19.57
15.32
13.4
-3.94
18.35
17.9
17.95
21.42
20.99
14.56
8.24
13.25
17.92
18
16.73
11.54
-15.78
6.88
16.46
19.13
16.07
18.91
10.31
-0.47
11.79
13.43
2.09
2.05
7.28
7.69
17.11
22.41
19.46
8.45
11.68
11.85
19.15
21.24
20.85
12.79
17.69
11.68
14.89
16.6
20.76
21.51
16.37
15.14
16.2
16.56
17.19
18.87
19.47
13.75
11.13
18.71
19.76
11.44
11.41
12.38
4.69
8.3
11.92
14.88
11.22
6.05
19.55
19.34
15.83
18.13
17.91
14.57
12.03
9.41
22.04
27.32
27.67
23.07
18.73
20.64
21.67
20.73
21.51
22.42
20.31
9.15
14.01
18
11.41
16.73
20.87
15.14
17.39
19.46
17.54
12.53
16.49
17.25
-9.68
12
5.41
14.53
16.18
5.87
10.55
16.52
1.59
19.12
26.09
28.5
18.19
11.61
19.81
26.19
26.93
21.98
16.05
17.26
18.91
22.87
23.28
11.87
13.75
17.14
14.83
15.15
15.24
17.74
20.87
21.65
14.86
18.93
20.16
1.95
12.79
16.08
2.92
20.31
18.5
14.92
22.41
25.16
25.1
25.28
23.04
18.71
23.93
21.1
16.48
11.07
11.94
12
20.58
25.88
20.08
14.96
18.22
17.26
19.58
18.74
14.43
17.1
23.65
19.84
18.37
20.24
10.78
-13.15
16.22
21.56
19.96
10.32
20
23.43
22.61
17.87
17.53
21.06
23.43
20.68
20.97
18.12
19.19
20.42
21.97
21.27
22.4
17.18
15.1
22.27
24.36
19.85
7.86
11.91
14.99
23.23
25.59
15.21
24.95
22.96
24.65
27
22.75
15.68
24.81
22.52
13.37
11.17
14.64
9.13
18.24
22.66
18.56
9.46
21.61
18.37
16.08
18.07
14.84
20.09
22.59
23
17.24
14.75
9.68
12.59
20.17
15.88
13.01
11.15
9.71
19.09
22.77
22.64
18.4
19.31
21.58
21
20.89
15.97
19.96
22.78
30.43
29.8
20.85
16.66
14.67
15.42
20.55
24.33
26.76
25.58
24.12
28.63
25.48
23.03
25.26
25.19
20.6
18.1
15.77
-4.74
27.31
32.64
28.15
7.78
26.71
32.72
30.48
23.8
15.96
9.05
9.32
23.04
21.03
13.34
21.76
25.45
20.14
14.98
11.58
16.79
27.8
30.18
26.28
13.64
18.68
14.87
26.22
41.03
44.44
39.06
21.33
22.12
26.27
25.49
20.09
22.37
24.56
23.07
23.14
21.73
11.28
21.32
17.42
18.29
25.34
23.87
21.88
21.32
22.33
21.13
4.01
7.1
22.11
24.47
21.63
41.02
45.42
41.19
29.35
22.9
16.81
9.87
22.03
24.66
7.21
19.77
18.77
9.49
8.17
15.27
11.54
8.23
16.59
19.04
18.86
20.69
22.7
19.63
12.42
19.27
25.28
23.66
3.85
20.1
20.7
18.43
12.02
13.93
22.36
24.73
19.4
3.4
20.52
22.41
23.35
23.25
25.76
24.92
17.68
14.92
15.91
16.13
19.58
23.72
24.21
36.69
43.53
41.34
27.61
18.72
19.96
16.25
18.92
24.96
27.86
28.15
26.88
30.89
32.06
25.1
20.25
16.96
15.11
12.44
12.62
15.52
21.25
17.86
11.76
26.17
25.58
16.11
22.87
23.47
24.58
44.19
49.14
44.87
29.38
10.04
15.88
15.75
20.91
23.72
25.42
23.96
19.68
15.33
16.1
14.42
21.07
24.12
24.59
19.32
9.91
19.55
22.63
20.35
22.31
23.98
25.44
26.63
21.5
19.23
17.17
10.96
18.97
16.75
18.9
21.28
21.18
23.19
19.63
21.1
24.92
22.76
20.26
14.78
18.83
18.37
18
17.27
22.55
22.15
19.17
18.37
18.44
9.85
17.74
34.31
42.3
41.99
34.56
23.64
15.55
16.04
18.24
20.32
19.9
18.58
22.35
19.02
15.89
21.08
20.97
22.85
21.38
18.63
14.78
10.28
17.34
25.5
28.3
24.5
12.21
19.06
20.07
22.79
22.57
21.97
13.55
11.69
16.86
12.43
14.94
24.29
24.52
12.39
19.78
23.08
20.99
16.45
24.65
29.62
28.15
25.64
22.32
19.82
26.42
28.04
25.74
8.54
20.66
20.54
4.56
20.41
21.42
21.48
11.19
17.49
22.86
26.77
28.35
20.44
19.39
21.53
19.82
23.63
20.67
26.34
39.3
41.27
34.41
17.6
16.78
23.81
26.77
23.77
20.55
25.71
32.51
34.9
31.24
23.45
24.82
25.87
28.53
29.84
38.09
43.8
41.25
28.63
29
26.05
16.5
18.84
22.7
20.19
22.5
23.67
21.88
30.22
36.86
35.69
29.67
28.18
25.59
11.27
17.33
18.7
30.2
33.58
25.32
27.39
20.76
24.85
18.04
7.51
15.11
25.08
24.22
8.88
20.74
16.69
15.33
16.99
14.04
22.68
23.26
23.45
19.79
21.28
20.83
24.69
22.11
3.82
18.29
25.01
30.14
35.4
35.42
31.41
21.54
25
22.59
23.07
25.82
29.22
46.73
51.02
46.18
27.73
26.63
25.01
27.48
27.81
23.99
39.11
47.72
46.19
34.69
23.84
23.27
25.7
28.15
27.15
25.29
29.23
23.21
19.93
17.24
7.12
7.53
18.91
20.48
12.55
14.61
13.26
19.69
24.73
23.75
27.72
21.72
22.42
22.93
19.91
21.58
24.66
26.19
31.44
31.04
22.44
20.82
14.15
27.53
32.94
29.97
29.57
32.85
31.03
27.88
30.9
30.74
18.42
22
26.28
25.14
19.33
27.68
22.36
12.23
15.42
22.94
29.85
32.24
32.91
29.7
24.85
23.54
16.73
15.32
23.56
24.2
17.12
26.39
30.23
27.95
16.2
28.9
23.55
22.77
27.05
25.31
26.4
30.29
29.97
28.7
21.55
21.33
24.44
26.08
29.09
35.73
33.17
12.67
30.64
30.23
24.04
21.46
28.46
31.64
30.91
31.37
31.98
31.2
25.32
21.56
22.18
18.67
26.66
22.7
16.22
24.9
24.51
23.94
27.85
24.08
14.72
11.72
19.27
15.76
26.76
27.41
24.87
22.88
24.45
23.12
23.37
18.83
22.09
28.14
31.09
26.58
11.33
15.44
11.91
16.25
15.96
22.77
27.1
26.42
20.34
24.75
31.01
26.67
14.83
22.31
18.21
16.17
25.17
24.19
6.55
19.22
26.23
27.87
29.05
27.33
18.08
11.47
21.74
24.64
24.01
23.55
20.64
15.16
20.31
22.19
24.68
24.73
18.78
10.45
20.4
25.28
20.04
25.85
27.88
21.03
13.71
17.78
18.14
16.71
6.21
17.39
21.52
21.62
23.97
18.8
17.61
22.63
15.29
10.77
8.15
16.65
12.89
18.09
10.21
23.86
22.12
19.22
23.84
16.68
18.13
15.3
16.56
22.25
21.05
18.25
12.32
16.56
-0.57
19.45
26.34
28.99
23.34
24.67
20.75
20.13
20.95
19.96
17.97
18.96
16.87
-19.84
14.06
16.79
16.69
12.95
17.78
18.93
8.82
21.04
14.12
16.79
24.7
20.62
20.09
21.74
21.2
20.3
18.5
11.8
13.56
18.77
24.58
22.09
14.14
12.24
14.18
20.26
28.7
29.55
25.62
6.2
24.01
25.66
19.94
24.71
23.89
11.44
26.48
25.16
19.22
-5.6
23.39
26.68
21.5
17.31
24.51
19.23
23.11
21.69
19.07
14.61
24.17
26.92
23.94
17.71
19.46
20.7
16.41
18
19.4
17.56
13.59
11.13
15.61
22.92
24.99
19.82
19.85
17.08
14.21
15.3
18.68
23.75
18.94
14.68
14.96
20.49
23.66
22.44
24.22
22.59
7.25
20.21
20.28
21
18.7
25.26
23.36
22.77
26.75
29.01
17.84
22.29
23.37
23.07
24.07
26.83
26.34
19.23
16.05
22.67
23.28
27.47
27.77
29.04
24.93
23.36
32.45
33.04
33.98
32.07
15.15
21.53
13.48
23.63
17.19
30.44
34.77
31.88
21.87
19.55
24.58
29.89
29.87
30.21
29.52
16.77
18.97
14.02
28.1
32.3
32.61
29.27
24.37
23.3
27.59
29.73
28.87
24.01
23.03
27.12
19.42
22.28
24.9
23.22
24.56
24.8
22.63
17.41
29.32
32.25
31.94
30.08
30.38
27.54
25.14
27.31
24.65
22
21.41
22.05
20.97
4.61
19.58
23.12
32.13
28.18
29.01
31.87
32.98
31.83
28.42
24.73
29.39
30.84
25.12
9.78
19.02
24.26
27.72
29.59
29.34
27.57
27.25
27.9
13.38
24.81
23.2
28.64
29.11
23.53
32.83
34.18
30.62
27.63
23.48
24.38
27.74
23.22
24.57
26.86
13.58
26.36
26.99
23.2
26.1
26.53
29.17
26.43
27.08
30.99
26.44
19.64
18.69
15.18
22.64
24.66
19.89
25.19
26.22
22.62
21.39
24.75
21.5
16.18
18.73
22.5
25.27
28.5
30.73
30.49
28.31
25.41
21.75
-6.68
21.37
22.01
17.23
17.42
18.4
18.54
23.38
20.35
14.84
23.19
26.07
19.16
18.59
17.07
26.77
26.8
15.81
21.79
22.99
13.19
16.62
23.71
24.88
23.62
21.69
21.51
24.77
22.01
23.72
22.85
19.66
19.24
23.27
27.37
24.73
23.7
20.98
10.41
10.25
13.18
24.02
29.7
30.42
27.81
22.85
14.76
18.55
14.67
29.29
30.03
25.94
26.67
29.06
28.09
22.91
20.26
20.63
15.67
10.78
20.93
23.71
23.54
27.02
26.02
25.59
24.03
22.39
23.18
19.95
19.86
21.4
23.65
20.68
18.21
21.35
26.48
22.56
6.42
17.82
25.33
27.95
23.16
11.34
15.33
24.27
23.93
23.46
22.89
13.19
23.81
22.82
17.43
20.5
25.86
26.22
19.39
21.64
23.39
21.26
17.08
17.35
22.93
28.23
30.18
28.19
21.8
14.09
15.55
20.32
22.29
21.74
19.2
14.61
16.7
15.08
10.53
16.54
15.31
21.73
20.53
15.76
18.32
-5.22
15.8
16.77
22.36
18.41
15.35
19.66
9.58
12.41
15.21
17.87
23.86
23.02
12.32
20.76
22.15
16.31
15.52
8.83
11.15
-0.54
-5.11
9.36
18.48
17.41
16.76
16.23
17.31
7.04
4.65
11.55
11.1
20.77
23.18
21.56
18.34
11.47
17.26
22.66
22.04
12.14
3.57
13.76
16.05
13.88
13.68
14.17
17.41
20.28
21.19
20.9
22.23
23.38
21.26
2.32
16.45
13.46
11.8
12.26
12.16
4.26
19.9
20.42
12.71
20.01
24.11
21.95
13.32
9.84
19.09
21.49
10.37
21.05
25.35
27.2
24.07
14.08
21.32
20.84
11.49
16.28
20.39
18.57
4.7
15.39
8.09
12.32
15.7
14.15
16.02
18.8
19.35
17.74
16.39
4.32
15.06
13.78
5.81
1.8
8.31
12.98
18.73
21.09
20.31
16.73
6.95
16.96
22.32
21.61
19.63
19.28
22.07
23.52
19.14
14.16
17.44
17.9
15.08
11.05
11.41
19.93
20.86
9.97
19.55
22.46
21.96
20.29
15.59
21.61
13.27
17.15
20.07
25.06
24.89
19.42
10.87
14.31
-4.62
13.95
15.59
16.98
10.95
17.78
15.9
17.12
17.59
22.76
22.69
5.92
13.89
19.4
16.05
22.24
25.06
24.81
24.27
20.93
13.52
10.18
21.93
24.27
10.56
21.71
21.81
22.24
21.72
20.8
19.22
13.03
10.35
14.16
21.17
22.65
23.95
24.52
23.36
19.57
20.76
20.28
10.64
13.52
17.45
10.31
5.22
18.49
23.37
23.73
20.27
16.48
6.97
15.31
15.6
20.03
20.66
16.62
17.51
20.71
22.74
20
11.47
22.49
20.76
21.25
22.79
21
20.81
20.32
20.39
21.28
6.9
19.84
13.81
25.77
27.24
18.62
14.67
15.34
17.88
23.36
16.77
17.61
19.65
8.49
16.19
19
15.96
6.8
16.22
17.26
21.12
16.29
12.54
17.18
13.71
9.77
5.16
17.35
16.61
13.23
20.65
22.05
19.26
17.96
20.81
22.23
18.48
6.18
17.17
19.47
20.12
13.1
11.72
18.57
17.19
18.7
22.2
15.54
11.57
14.01
20.41
24.48
13.61
14.57
4.06
9.18
12.62
17.3
11.5
21.16
20.23
7.69
20.32
24.62
23.04
31.38
35.9
32.05
18.7
5.33
22.16
20.57
14.07
24.4
24.17
17.86
17.64
21.24
19.46
14.93
16.88
17.91
18.54
17.86
14.29
13.56
16.5
18.29
9.02
12.3
18
14.03
20.93
24.59
24.44
24.82
24.02
19.97
17.2
12.17
18.45
22.36
20.7
17.94
16.96
11.84
16.77
22.65
23.92
19.26
15
14.67
14.32
22.95
22.67
21.67
22.99
21.65
18.75
18.47
12.14
16.52
21.64
21.49
21.72
21.91
21.75
17.46
-2.52
15.38
24.81
23.99
15
12.88
12.65
16.33
22.27
22.52
15.19
15.61
13.64
18.46
22.03
14.04
15.97
19.17
18.7
17.36
17.5
16.49
6.5
17.11
20.69
22.7
21.19
15.77
21.15
24.89
21.17
19.64
16.81
9.38
10.7
19.8
8.84
21.56
23.96
19.37
13.02
18.87
21.28
22.19
16.32
24.17
25.62
23.34
20.79
19.72
19.77
20.23
22.14
21
13.96
22.65
23.15
19.71
19.17
16.89
9.54
17.86
11.72
18.39
20.45
18.74
16.03
15.38
12.93
20.75
24.12
22.1
23.63
21.66
20.26
20.15
13.93
10.3
11.01
17.38
26.32
27.88
27.15
25.1
16.67
20.01
24.87
21.48
16.08
18.53
19.75
13.31
12.66
17.54
17.61
11.16
7.03
14.09
13.66
14.18
6.77
19.94
20.06
18.15
19.8
16.95
8.04
10.17
4.75
11.14
6.71
14.78
17.77
16.59
20.85
21.59
18.72
18.4
21.64
23.44
19.67
17.3
19.47
17.55
22.19
22.76
17.57
15.84
16.88
14.69
13.17
18.89
17.43
13.07
24.37
27.18
24.77
17.38
5.17
14.18
17.33
10.89
16.13
18.01
16.25
17.64
17.05
23.68
24.95
19.07
8.67
17.26
8.14
18.41
17.97
13.93
18.23
16.11
12.75
18.49
13.89
9.42
14.24
9.87
16.85
7.6
18.42
18.36
20.12
20.67
15.68
8.74
16.2
20.38
17.2
11.07
20.87
24.34
25.74
24.23
21.22
16.41
18.01
18.82
19.88
18.76
8.55
15.53
16.96
12.1
12.75
12.29
14.84
10.68
3.24
13.41
16.75
17.16
18.31
15.16
16.38
16.95
9.84
16.51
14.34
12.34
12.55
15.13
14.51
11.7
11.12
17.45
17.25
15.08
5.19
7.89
7.61
0.77
7.68
11.98
18.5
12.5
11.36
15.05
19.67
19.47
15.88
18.89
19.16
16.88
16.33
13.72
15.68
20.39
21.38
18.61
13.84
5
17.62
17.97
18.42
24.13
23.3
17.12
16.05
10.37
14.39
11.47
14.12
14.8
7.12
16.76
16.04
7.98
17.86
17.95
18.11
14.69
16.15
21.97
22.76
18.22
16.37
18.5
16.93
13.67
15.6
14.27
6.45
20.24
20.43
14.28
15.73
13.05
14.03
16.84
14.95
9.39
12.18
6.73
9.59
16.72
16.29
15.66
14.63
13.76
13.75
10.77
-3.22
12.26
13.55
9.17
5.83
15.79
20.91
15.71
6.38
7.04
6.87
11.49
14.53
15.6
13.36
15.32
19.03
21.34
20.86
16.76
10.61
5.78
11.01
10.37
9.15
10.36
5.43
10.68
15.58
19.44
22.18
22.05
19.96
16.69
14
15.9
15.34
4.57
7.72
10.39
10.96
15.33
14.98
7.46
-3.61
7.4
11.27
18.48
20.44
16.11
1.29
13.32
13.25
14.15
14.4
10.95
13.86
10.53
3.52
11.99
12.21
13.15
17.04
17.49
16.55
15.54
13.19
10.61
17.01
17.95
7.63
8.6
8.89
9
2.47
11.45
12.59
13.15
13.53
11.06
6.97
5.22
14.64
15.01
9.65
17.92
18.74
13.7
10.44
8.12
5.35
9.14
15.83
18.24
21.27
19.31
13.28
16.66
18.44
18.2
18.05
18.33
14.19
15.13
17.4
16.49
16.64
17.67
19.05
17.64
13.17
14.69
14.55
6.92
10.14
15.98
16.94
11.72
-5.6
2.72
8.78
4.51
10.17
16.22
15.1
14.92
17.47
15.33
10.71
16.22
18.92
4.79
15.79
13.56
3.59
2.98
13.46
13.03
-2.65
11.69
11.33
7.57
8.82
9.36
1.45
5.77
8.04
9.78
12.19
-7.69
6.65
15.62
12.68
6.25
14.11
13.96
11.64
18.99
21.34
19.81
13.66
12.69
10.37
9.97
18.2
17.53
16.11
7.87
14.08
20.13
18.79
18.86
17.98
14.57
17.69
18.86
20.1
17.81
12.11
12.9
19.53
20.46
18.4
18.12
18.67
19.73
19.43
14.7
9.02
18.77
17.98
13.86
16.19
18.32
19.47
19.84
16.78
10.71
9.15
5.94
6.57
7.42
10.9
12.98
20.02
20.96
12.8
17.56
18.15
19.58
15.79
8.77
15.53
19.14
19.65
20.61
16.77
11.76
12.19
11.07
6.03
14.08
15.09
10.42
15.51
20.1
14.23
14.37
16.77
16.15
6.02
15.02
17.07
16.99
16.17
8.88
-6.46
9.86
12.56
6.53
0.36
8.8
13.9
11.74
8.34
6.77
0.26
9.04
13.86
16.32
15.71
11.14
16.26
15.42
10.01
10.98
-3.17
4.69
10
6.87
9.4
14.12
14.38
14.75
14.77
11.25
13.92
16.57
9.46
4.67
10.81
13.66
18.05
20.15
20.79
20.26
14.73
-13.91
1.7
8.94
1.99
14.65
17.22
16.71
9.35
-8.22
11.01
13.28
14.35
16.35
10.94
10.79
13.91
10.99
5.21
16.14
19.39
19.61
15.07
10
1.66
4.91
2.01
6.99
21.74
19.31
17.6
15.02
11.59
15.72
17.84
10.98
16.14
13.9
8.22
17.39
19.07
11.46
21.01
24.17
24.39
23.83
21.73
17.43
13.33
16.5
21.37
21.75
21.15
20.59
18.78
7.4
15.95
17.21
9.76
15.03
4.88
8.88
12.16
11.06
13.22
20.23
20.81
16.8
4.65
12.62
15.46
14.16
14.86
14.32
17.24
13.45
-7.84
12.03
14.45
14.97
10.8
-7.49
19.75
21.71
17.22
19.4
19.68
22.26
18.41
18.83
21.99
21.26
14.46
17.96
19.58
22.1
22.46
13.92
18.46
17.05
16.58
6.2
13.47
16.45
16.04
11.47
5.52
5.41
14.72
17.88
15.02
9.62
9.74
7.23
12.57
15.66
9.84
5.95
5.45
14.59
18.09
15.28
-5.97
8.3
12.65
17.21
16.19
2.65
14.19
17.55
18.63
16.14
13.1
23.13
22.26
17.37
4.79
10.96
18.99
20.82
7.36
16.13
14.77
18.52
19.84
20.37
23.08
25.64
17.48
19.06
21.39
16.26
11.77
7.68
14.27
15.95
16.61
22.41
18.09
6.99
-6.64
10.42
13.34
13.28
10.96
16.15
19.49
17.82
18.5
16.25
12.87
17.05
10.77
10.24
-2.6
6.69
13.41
18.17
17.81
5.17
14.54
22.2
20.81
17.81
16.91
14.19
17.48
17.37
17.6
15.79
11.13
20.33
19.89
22.35
21.94
16.76
20.02
20.48
19.68
22.24
21.44
21.11
15.98
15.54
17.25
18.37
20.48
19.59
14.88
0.26
13.7
8.75
13.79
16.21
-5.16
15.65
18.22
14.82
11.76
19.52
20.45
17.71
16.53
22.31
15.97
12.49
15.09
16.65
21.54
13.52
12.14
15.87
19.77
16.49
11.26
17.93
21.6
20.07
15.01
10.33
9.98
11.75
10.72
12.6
12.4
7
19.11
20.12
19.53
16.04
17.48
21
14.57
15.57
16.76
14.21
17.16
17.56
6.95
9.8
15.9
19
15.48
-1.23
13.02
18.71
22.11
20.99
14.28
8.76
10.61
8.78
12.33
15.3
13.17
10.65
18.29
22.05
22.24
18.98
15.09
8.43
4.02
5.73
2.14
14.89
16.52
9.88
16.18
16.81
13.69
7.76
13.1
11.75
12.89
15.76
11.37
9.6
15.88
18.6
17.12
14.07
8.21
5.69
14.78
15.91
12.67
12.81
17.99
19.7
16.62
10.78
11.2
13.94
10.13
13.6
14.84
13.23
9.47
14.41
15.87
10.26
14.53
12.18
17.18
14.25
13.51
16.79
16.61
16.94
20.25
18.47
1.87
17.6
20.26
17.18
3.3
15.86
21.39
20.56
12.32
-1.38
-7.86
2.05
11.95
13.41
10.27
12.33
14.23
9.23
4.98
11.13
13.83
11.27
10.08
14.79
15.48
12.34
17.64
14.57
6.83
17.78
21.54
17.86
2.47
6.8
-2.8
-2.83
4.19
11.51
12.81
9.79
1.02
8.05
16.08
18.33
20.75
20.93
18.22
15.47
3.84
4.91
18.75
21.18
17.98
19.44
18.11
8.17
10.31
12.22
17.2
21.55
22.96
21.95
19.35
13.56
8.68
14.75
21.51
22.54
15.42
10.07
16.8
17.32
16.6
14.3
17.5
19.72
19.77
20.3
22.02
20.68
12.96
6.86
13.2
17.2
16.81
14.96
15.03
15.68
17.42
11.54
15.17
16.36
-1.5
13.29
15.53
16.89
17.76
14.68
14.47
15.16
17.49
13.25
10.58
16.03
7
16.97
19.24
18.96
15.02
17.9
18.94
14.93
14.88
9.09
10.82
15.44
17.59
19.1
17.4
15.13
6.19
13.67
4.39
14.29
14.57
19.68
19.17
15.93
14.54
13.37
17.21
17.48
17.1
18.54
21.43
19.59
12.8
4.07
14.11
21.26
20.51
20.65
19.88
-4.81
15.23
17.37
19.51
21.89
21.7
18
18.03
18.58
11.59
15.32
17.93
19.26
17.08
6.23
3.29
3.16
8.07
19.33
20.16
14.01
5.8
11
17.96
21.55
22.44
20.69
8.33
19.54
20.8
14.92
-0.64
11.11
15.48
14.07
16.21
15.87
13.6
6.02
4.03
15.59
13.37
10.76
9.95
2.4
8.52
13.85
19.85
19.52
17.9
11.81
11.45
12.17
18.71
18.94
12.86
20.23
22.16
21.02
22.22
21.55
9.52
20.29
20.06
19.67
20.81
19.11
14.88
12.14
18.75
16.35
16.4
19.09
17.97
18.19
17.11
16.87
11.24
2.77
12.72
18.48
18.13
18.93
21.17
19.67
16.17
19.81
21.99
19.25
12.29
-1.82
15.05
15.75
15.19
20.46
19.31
14.64
14.89
13.98
15.96
6.52
13.53
2.65
17.27
20.63
20.98
20.82
19.56
18.77
17.76
18.32
14.26
8.76
20.25
22.85
21.8
20.13
20.25
15.01
16.5
15.16
18.6
18.6
16.15
18.95
19.78
18.95
17.64
12.59
10.93
16.76
20.42
20.93
19.7
16.45
9.17
14.81
16.2
9.52
9.2
5.53
16.16
18.06
9.09
15.51
19.63
22.52
22.28
19.19
7.8
17.25
17.71
8
8.99
15.43
14.4
14.63
18.79
17.8
14.78
18.32
17.34
11.45
17.55
20.89
19.57
15.47
14.9
13.7
5.28
17.16
22.75
19.16
16.38
18.67
17.95
17.37
12.97
18.51
19.54
18.08
18.92
19.55
12.42
11.72
3.4
11.72
18.38
20.52
20.83
19.37
17.9
14.58
12.31
19.62
19.73
15.59
19.29
21.25
18.35
17.87
20.09
19.97
17.52
19.58
21.79
19.9
14.08
12.04
6.38
11.62
19.94
18.65
11.3
11.87
19.23
21.78
19.96
10.05
11.85
18.99
22.49
19.87
13.04
16.16
15.32
13.78
13.24
18.83
20.23
14.62
12.38
17.13
21.32
23.56
21.56
10.01
16.25
20.18
16.39
9.74
12.4
14.99
12.01
16.42
14.85
13.32
14.52
24.4
24.17
15.61
18.03
17.74
15.26
17.67
20.02
20.62
18.03
16.49
17.77
18
20.03
25.16
24.93
20.33
19.86
20.79
19.73
20.89
22.85
21.88
19.52
19.02
16.61
15.22
20.24
18.41
16.89
15.02
8.77
15.82
19.9
19.93
16.16
8.12
12.03
13.17
16.2
18.74
18.15
18.4
18.08
15.06
2.33
3.48
-1.95
5.46
4.76
13.46
13.78
4.01
-1.68
7.84
12.42
13.57
17.14
14.39
6.05
13.23
17.2
14.35
5.12
10.96
18.07
18.1
18.66
17.87
16.19
13.01
1.44
10.58
6.44
13.15
14.16
18.87
21.07
19.96
14.07
13.66
13.13
8.9
3.48
15.96
19.81
18.62
16.75
16.38
14.97
0.78
12.72
15.67
17.16
16.55
11.46
10.64
10.92
13.48
2.5
13.49
17.11
15.16
13.18
15.1
15.65
20.18
19.12
15.17
12.41
16.69
20.56
19.34
13.85
8.3
8.41
12.81
11.73
2.94
5.44
4.91
10.03
12.49
13.38
8.11
9.02
14.28
13.19
15.74
15.16
13.96
14.43
14.83
19.69
19.34
16.32
15.24
16.32
14.67
14.87
9.79
13.8
15.31
16.53
17.23
5.02
4.29
6.15
11.71
16.43
14.83
16.81
11.11
14.92
10.71
10.03
10.52
5.41
13.47
17.91
18.04
12.01
5.92
15.8
15.23
10.51
12.68
13.32
7.15
8.86
10.25
0.03
-2.5
-0.53
7.77
14.59
10.75
12.08
12.45
13.89
13.69
8.83
10.27
9.74
12.04
10.12
10.74
5.29
3.78
1.82
11.28
13.05
2.36
11.05
16.32
20.31
20.55
18.49
15.36
7.33
11.12
9.78
7.08
11.46
1.14
10.44
7.2
2.29
8.31
13.06
12.45
14
18.72
16.06
11.59
11.79
-1.96
10.64
9.19
9.32
17.79
15.64
2.81
8.48
5.53
13.94
16.23
14.54
12.57
5.56
14.75
15.35
15.04
12.41
14.65
16.45
14.94
5.05
10.57
15.91
14.23
7.53
-2.06
5.17
5.32
5.18
12.06
12.99
13.37
7.88
12.44
15.6
7.03
14.8
16.97
11.71
-2.23
2.92
13.4
16.53
14.86
16.26
17.9
9.88
9.13
11.58
13.28
16.61
16.27
11.86
13.68
15.06
16.21
15.2
14.68
14.11
10.25
2.67
9.77
13.48
16.26
14.6
11.05
11.11
12.82
14.74
15.97
14.17
10.1
5.64
12.78
18.19
20.12
16.98
12.08
14.72
13.16
14.3
15.4
12.41
11.55
8.9
8.63
14.52
13.1
14.22
15.36
11.27
8.85
8.26
6.95
8.54
5.5
12.99
17.26
11.27
-2.23
16.13
19.31
16.93
10.42
5.52
5.15
9.61
17.58
18.38
18.23
14.65
12.2
16.62
16.94
13.76
7.71
13.38
16.1
16.57
17.23
14.73
9.98
13.08
15.43
12.8
6.15
11.49
14.81
12
13.01
9.86
0.52
7.87
11.35
12.02
15.87
16.4
16.82
13.55
5.06
17.74
19.36
17.92
13.38
5.53
12.34
14.39
11.91
10.15
7.23
-8.47
3.35
10.92
13.55
13.76
10.32
10.25
13.06
10.33
10.24
14.95
15.64
11.24
14.82
16.27
13.26
-3.74
14.26
18.82
14.65
13.49
16.36
8.52
-4.1
9.45
17.73
16.71
7.03
14.24
18.78
15.08
7.78
6.64
11.6
11.29
10.71
1.27
11.57
15.35
16.79
12.8
9.33
12.19
13.47
17.49
16.73
14.56
16.51
17.68
10.37
10.64
11.43
11.99
0.34
11.54
12.02
14.49
16.29
14.8
17.03
11.35
-1.24
5.82
10.19
-0.37
2.43
13.56
15.62
11.46
11.19
7.68
9.51
14.73
13.47
7.36
7.79
12.61
12.93
10.85
4.63
-4.53
10.74
12.49
13.9
17.39
14.48
10.12
12.16
10.55
10.97
14.82
10.31
4.8
15.91
15.99
6.81
8.02
14.81
8.7
9.27
5.99
6.53
10.68
13.18
13.61
11.63
12.61
15.04
16.9
3.83
11.56
15.04
16.54
12.58
4.53
13.52
13.11
12.07
11.65
11.23
7.73
4.57
1.57
2.26
-0.01
10.36
12.55
8.2
6.24
9.31
11.99
8.61
7.85
8.38
11.26
11.19
6.33
13.37
1.21
4.89
-9.36
7.67
10.03
13.41
15.31
13.76
14.85
14.77
12.36
4.49
4.69
13.35
17.45
19.46
19.86
15.45
15.09
15.92
15.79
16.97
16.9
16.52
17.04
16.35
10.63
2.96
2.14
2.15
12.51
15.17
10.79
3.21
9.5
8.58
13.95
15.73
8.82
7.38
14.69
16.58
13.44
2.67
12.25
13.11
4.64
1.75
5.82
14.28
14.32
11.78
13.84
17.18
18.16
15.61
2.78
4.39
10.55
14.36
12.41
12.69
16.08
14.51
12.21
16.64
17.16
14.11
15.56
20.23
18.23
7.85
12.17
11.18
10.17
5.38
7.12
1.88
8.24
8.89
4.09
-0.13
10.07
10.98
9.44
17.15
9.48
7.03
4.14
2.71
6.64
11.5
12.92
14.91
16.24
14.05
13.13
14.97
18.17
18.22
15.48
9.77
9.72
13.46
14.63
14.94
8.28
4.65
6.1
12.96
11.56
8.95
17.68
13.52
16.11
16.07
13.37
10.07
13.41
19.17
17.93
4.5
16.95
16.89
14.7
15.04
12.14
16.62
17.54
13.07
6.63
10.01
10.61
7.21
5.69
8.46
9.19
5.06
7.06
4.65
11.34
15.1
13.84
12.37
10.54
11.03
6.76
0.89
13.73
13.17
9.42
12.17
9.79
11.9
7.71
12.62
19.16
21.17
16.84
4.43
8.96
9.88
11.41
8.59
10.27
17.08
8.86
10.11
10.65
4.74
9.84
9.48
-2.63
3.6
8.74
9.67
14.36
10.78
15.52
20.02
14.04
13.06
9.13
14.99
18.08
17.29
16.21
14.7
15.53
16.85
15.65
10.56
3.44
11.16
11.8
8.19
4.95
12.97
18.77
18.93
13.68
7.16
2.15
4.28
11.7
8.73
18.57
17.92
10.36
13.63
14.46
9.15
8.48
8.7
9.37
6.4
10.17
11.02
12.04
14.07
8.32
4.12
13.17
11.46
-7.13
1.07
8.21
11.99
-4.53
6.46
4.39
10.23
10.92
13.47
8.25
6.32
12.22
15.29
14.83
11.25
11.32
7.57
-2.3
5.74
14.19
17.08
14.23
7.1
8.04
1.89
9
8.56
4.94
12.56
9.43
16.69
18.94
13.64
11.12
8.12
4.88
7.42
13.27
13.55
0.8
2.42
5.78
11.54
13.03
9.72
15
16.42
11.13
14.05
17.33
17.39
19.56
18.54
8.4
14.8
16.61
18.84
16.36
3.66
6.14
7.68
14.46
15.51
8.5
4.53
11.36
10
10.69
13.76
9.34
6.4
-0.05
11.2
6.21
17.41
21.1
19.59
14.35
11.17
15.77
13.07
9.9
11.84
9.09
8.54
15.8
13.84
12.94
18.85
13.73
12.05
17.34
14.61
6.06
4.97
12.38
9.74
12.13
13.24
10.91
15.64
14.42
4.35
15.1
13.92
14.77
12.53
15.03
17.35
17.12
16.08
10.98
5.82
10.9
12.96
13.86
17.74
15.27
10.6
10.75
10.94
14.77
13.95
13.37
13.97
9.61
-2.48
3.85
8.39
10.49
8.39
12.19
16.92
16.15
11.82
4.45
16.18
14.6
8.96
14.84
12.36
13.62
11.36
1.99
9.05
14.8
15.16
10.57
13.45
19.27
18.52
12.89
-14.47
5.52
2.79
13.65
13.92
6.8
8.18
15.19
15.71
11.82
8.31
8.13
3.25
2.82
1.09
10.25
12.97
10.58
10.13
11.92
13.04
7.21
7.34
12.1
13.11
10.16
11.12
10.32
1.73
-2.67
12.41
14.85
8.46
8.53
11.41
7.99
6.19
6.46
10.06
14.12
14.72
10.05
11.58
17.74
18.83
15.41
11.06
0.08
14.7
12.27
-2.53
3.48
8.33
7.73
2.58
9.22
10.4
8.5
-4.33
6.61
15.05
12.9
4.68
14.7
17.66
16.6
13.42
13.28
17.16
18.11
14.83
7.89
10.37
9.62
1.03
12.01
14.15
14.57
14.11
10.4
6.3
-8.08
12.1
14.9
15.29
12.7
9.15
17.46
19.3
18.13
11.73
5.3
12.27
13.94
16.42
17.35
17.56
18.53
20.24
20.13
18.17
15.68
14.76
11.71
-2.96
12.96
15.36
13.95
14.58
15.14
15.49
11.12
6.5
11.88
15.51
17
17.25
13.29
11.27
11.52
6.82
2.39
13.82
17.76
14.09
7.25
7.27
10.89
15.31
11.97
-2.86
-1.92
8.45
12.48
12.46
2.95
11.11
14.33
2.95
12.83
13.51
8.54
7.48
10.73
15.04
16.06
13.27
-1.65
13.75
9.11
14.23
16.09
12.22
9.44
12.4
13.59
13.12
11.62
6.3
7.05
-4.33
1.42
-5.08
10.64
11.81
11.07
10.68
6.43
7.59
-15.04
6.24
0.32
-0.39
8.41
11.01
4.76
9.58
15.62
12.06
3.47
14.52
12.91
2.2
11.9
13.01
12.73
12.59
16.16
15.21
14.88
16.69
12.52
5.48
11.27
16.07
14.43
9.25
5.25
13.87
8.69
-2.57
13.12
12.55
2.87
9.9
15.14
9.37
4.71
8.74
5.13
5.18
11.12
10.83
3.27
8.89
7.94
8.63
6.46
5.41
10.54
7.88
13.16
12.52
14.99
8.14
3.51
6.08
-6.75
9.09
1.62
9.59
12
15.41
17.32
17.88
15.82
3.56
14.01
15
15.14
13.82
4.7
12.76
13.17
12.02
13.4
15.39
15.77
17.16
16.44
14.76
9.58
-1.14
8.94
12.76
11.4
11.66
10.29
-0.63
5.1
8.37
10.03
11.39
9.41
3.86
6.14
9.65
12.18
8.98
9.21
8.38
8.61
11.6
10.34
8
10.27
6.87
-4.14
7.43
9.15
7.86
12.59
12.52
0.49
4.01
7.18
5.85
9.62
8.42
10.48
11.2
8.4
13.91
14.27
3.94
7.1
-2.02
7.19
12.68
13.37
13
8.82
13.81
14.13
16.36
14.38
4.25
12.76
10.62
5
14.33
10.57
8.41
12.67
12.66
12.7
15.24
12.03
1.61
9.09
12.57
14.35
15.66
11.17
2.82
8.77
11.06
8.58
13.74
13.85
11.62
9.36
2.04
11.7
15.56
15.7
15.38
15.17
17.58
9.68
8.82
16.54
15.86
7.69
7.69
13.3
15.24
16.74
17.31
17.62
16.23
12.52
13.2
10.62
14.01
14.88
14.77
12.7
-0.89
10.59
17.18
17.94
14.25
3.14
3.88
3.98
6.82
11.2
14.22
14.3
12.54
1.89
11.8
11.56
10.57
11.1
11.85
7.6
9.05
15.3
16.05
12.55
5.84
13.53
8.06
7.02
10.43
17.97
19.98
15.07
4.95
4.92
-6.35
4.74
3.33
12.1
14.54
12.86
6.71
11.06
16.98
16.13
-1.95
9.7
9.91
12.92
13.54
1.33
2.09
0.36
4.46
3.42
10.67
11.95
7.85
6.89
11.6
12.48
14.85
13.92
12.35
15.77
15.93
9.88
8.99
11.32
10.28
1.91
13.84
11.71
10.38
9.6
-0.88
8.41
12.43
14.99
11.86
2.44
8.26
-2.86
13.41
9.68
10.72
11.45
11.9
7.49
5.34
11.53
8.15
3.14
4.38
14.55
17.15
9.92
13.92
16.47
14.39
10.97
8.67
4.42
-1.2
10.87
7.33
15.96
16.44
6.5
-0.63
11.87
15.93
10.17
9.92
14.07
12.46
9.86
9.98
8.29
13.9
19.68
19.23
12.16
-2.74
9.68
10.48
8.77
12.04
13.52
16.56
17.76
12.66
2.61
8.55
-8.79
12.86
13.36
7.6
-0.05
9.52
14.32
13.94
12.76
14.09
19.13
14.81
12.75
16.96
14.66
10.98
-3.79
-0.04
-6.7
10.22
13.02
4.07
-2.85
8.45
12.03
6.44
5.81
-0.15
10.26
13.21
11.01
10.43
12.38
7.72
2.25
5.1
0.28
8.76
14.39
10.57
1.41
11.38
15.06
14.63
11.66
11.82
13.71
11.29
10.69
13.38
12.76
5.7
1.72
-0.51
6.25
5.87
10.96
7.53
12.73
11.91
13.41
16.38
17.28
16.57
14.45
12.56
13
12.7
8.98
10.94
3.15
14.75
14.48
14.67
11.75
6.29
8.53
5.17
7
12.1
14.65
12.81
1.53
11.73
17
14.58
8.78
14.92
16.87
11.12
4
14.19
14.99
13.13
16.2
18.11
15.09
7.39
4.35
10.69
13.23
10.84
4.69
-1.11
-6.16
10.42
10.73
13.53
18.06
10.78
9.94
8.39
12.2
12.07
0.87
12.91
11.37
8.15
11.46
10.45
10.16
15.04
17.56
17.09
13.05
13.03
9.43
8.55
7.46
-6.52
10.8
19.12
20.15
12.24
12
13.44
12.37
14.63
15.41
11.31
9.25
13.66
9.35
10.29
10.17
-3.78
4.92
3.58
1.31
8.19
8.96
10.08
7.91
13.13
17.67
9.92
6.51
9.14
3.69
-3.52
-0.4
7.64
11.63
7.7
3.24
2.1
11.66
11.88
-2.07
-2.04
9.7
9.49
5.47
6.9
10.44
11.7
13.84
16.26
14.72
4.38
7.24
11.14
8.29
1.08
1.69
-2.23
11.47
11.74
0
-12.35
-5.86
1.97
9.05
12.6
10.68
11.13
10.33
9.55
7.39
6.86
8.11
12.19
7.73
5.07
10.84
3.21
7.07
13.57
4.56
7.36
0.6
0.67
2.48
8.7
8.58
8.24
4.89
11.43
11.49
3.34
7.65
5.64
9.22
15.82
15.21
5.09
-0.85
2.47
11.81
13.61
8.96
13.61
11.56
4.38
10.16
11.12
6.2
8.45
9.87
10.58
2.87
-2.6
13.7
14.73
11.76
12.21
10
7.81
14.95
15.34
7.77
5.32
8.91
11.04
11.69
13.66
14.51
11.06
8.09
-2.16
4.1
-0.43
4.78
8.75
11.04
13.19
15.19
15.33
14.13
15.9
12.16
1.1
6.14
6.87
15.63
19.27
16.79
9.9
11.86
5.27
6.33
13.22
12.46
10.57
5.66
3.46
7.8
12.46
10.5
15.47
17.29
5.85
12.33
8.36
4.08
4.4
13.73
14.83
14.73
15.41
5.58
8.3
8.99
12.19
15.56
11.26
-0.29
6.72
11.45
14.51
12.4
13.93
