11.24
12.39
14.45
8.6
2.95
7.33
7.26
3.71
3.01
7.2
3.28
6.87
10.97
12.44
11.43
12.35
15.4
15.12
6.84
9.52
14.51
11.61
1.57
-2.33
10.53
10.84
7.98
9.2
12.86
9.65
11.6
13.09
9.02
11.11
-3.74
6.38
8.97
1.37
5.86
11.6
5.03
8.19
13.94
12.22
10.14
11.67
9.3
9.16
0.78
1.49
-13.76
8.52
9.13
9.01
13.15
14.47
15.45
16.4
13.89
12.49
9.47
4.66
5.82
7.9
7.28
7.56
10.62
8.51
9.78
13.22
13.5
-3.63
10.7
14.65
16.21
15.16
14.48
12.3
-3.77
13.83
16.75
13.78
3.61
-3.67
12.3
12.45
13.8
13.54
9.58
-2.32
9.27
16.49
15.41
-2.41
3.7
7.94
13.06
14.91
16.23
10.13
1.73
2.49
0.45
8.31
9
-6.02
7.46
4.01
11.95
14.62
17.98
16.52
8.02
-0.52
5.92
6.26
4.57
9.13
8.69
4.14
10.76
15.68
15.79
13.58
8.34
2.96
4.45
8.33
9.36
11.62
8.53
9.5
10.57
6.49
12.77
15.35
14.59
5.95
12.32
11.73
10.51
12.55
1.87
6.04
4.28
-0.08
8.14
10.59
10.19
4.42
2.01
12.32
12.69
5.01
4.79
8.39
3.05
4.18
2.64
-2.54
-2.78
8.33
9.85
4.61
7.82
12.18
12.49
12.44
10.11
-1.05
8.28
14.37
8.16
-4.63
3.52
6.13
8.03
11.26
9.34
12.54
13.69
14.2
11.69
8.44
8.93
9.09
13.71
11.5
-0.34
9.67
8.44
2.01
-5.6
9.45
13.94
13.05
6.55
2.76
8.32
15.69
14.6
-4.61
10.26
11.67
14.15
15.66
16.59
16.85
15.17
7.43
9.65
11.17
5.76
11.02
15.17
11.85
5.37
12.79
12.1
9.01
8.18
9.42
9.35
14.15
13.2
9.34
4.21
-2.48
8.1
12.69
10.73
10.89
9.32
3.01
4.15
10.53
4.97
4.43
8.81
7.5
3.78
6.97
7.49
-0.67
2.94
0.98
-0.44
3.06
10.48
10.87
-1.76
10.8
14.21
14.78
14.35
13.13
14.48
12.21
4.93
11.01
8.12
8.62
8.44
-0.63
11.47
13.24
9.3
3.76
9.97
9.64
11.46
10.59
3.11
4.97
10.41
12.78
12.03
11.24
13.13
10.09
6.91
3.62
5.79
11.13
8.13
1.39
7.27
10.14
0.59
13.33
17.52
13.61
9.51
4.96
5.9
-6.55
8
7.5
9.43
5.67
2.8
10.94
15.03
13.68
11.79
5.86
0.69
-3.1
12.09
16.83
13.9
3.54
10.19
13.09
10.65
7.82
4.96
3.17
6.97
12.46
13.59
11.58
7.93
1.03
10.92
8.68
9.38
11.63
12.72
8.91
14.18
12.97
11.82
9.85
4.72
1.94
10.55
2.51
10.44
13.86
10.88
8.54
9.48
11.99
13.04
12.72
7.99
6.5
12.55
9.06
-2.3
-0.7
8.03
7.08
5.75
10.12
10.72
12.37
14.54
1.82
8.92
10.18
9.59
9.07
13.34
13.51
3.87
4.48
1.68
4.27
10.7
6.83
3.88
4.27
2.37
5.61
3.75
-4.43
-4.44
8.46
13.32
7.32
9.33
14.55
15.36
12.25
3.07
10.41
9.62
2.28
7.76
8.98
-8.84
-8.51
9.67
10.58
3.55
4.16
8.62
2.26
1.19
12.68
12.03
5.85
-8.77
-9.72
0.52
-1.88
6.46
11.19
6.53
11.38
11.06
2.77
0.29
2.14
7.68
4.83
2.77
4.05
6.56
8.19
9.55
7.85
0.53
-0.19
9.18
8.49
4.55
9.24
12.54
3.88
6.62
12.25
13.2
13.14
13.94
10.26
12.44
14.84
12.42
2.81
11.79
8.72
-1.54
2.82
5.35
-1.01
4.2
5.81
1.02
11.77
13.51
13.31
10.41
9.76
14.74
18.51
14.07
7.98
13.29
10.29
5.14
13.99
10.41
0.64
5.5
9.23
6.24
4.2
0.79
-1.02
2.96
0.19
5.68
7.66
13.8
15.12
4.25
5.78
-2.49
-3.22
6.23
10.91
8.44
5.94
9.97
11.24
5.1
5.96
8.36
-3.65
4.99
7.04
3.05
10.47
10.18
7.93
3.91
7.2
13.99
11.34
9.35
5.68
-16.56
3.4
7.64
9.38
13.49
11.03
13.9
16.4
13.05
5.78
-3.56
9.07
11.66
11.69
3.11
9.11
14.65
12.78
6.26
4.97
10.54
10.68
9.71
10.4
7.98
12.47
16.21
13.44
4.72
3.16
-0.9
5.23
11.78
4.9
11.22
15.03
14.91
9.67
-0.25
8.74
10.4
13.96
13
6.45
7.96
13.55
13.4
8.69
12.39
14.59
13.45
12.03
11.99
8.01
0.16
7.4
11.11
6.41
6.32
10.39
6.5
3.76
10.94
14.61
13.53
-7.09
8.26
3.53
4.76
3.52
8.57
8.61
10.22
6.55
1.72
2.19
-7.64
6.38
10.63
10.04
11.86
10.6
-5.76
-0.54
15.16
17.63
10.96
6.92
12.06
1.21
-1.94
1.7
4.17
-3.5
4.25
12.83
12.18
10.66
11.26
10.58
7.27
7.06
-4.75
12.58
15.88
9.42
4.24
13.62
14.65
8.24
9.21
13.48
11.15
11.36
14.77
13.26
7.16
-0.65
7.36
7.19
1.18
-0.74
4.95
8.03
10.2
7.88
9.52
5.51
3.23
7.93
7.52
6.02
-3.61
8.83
5.63
9.09
12.73
10.93
8.13
12.46
16.88
16.42
13.74
10.91
8.92
6.57
11.43
14.05
8.4
0.97
9.27
11.39
8.43
8.19
8.18
10.26
13.44
15.63
14.22
-1.37
12.05
7.02
-3.9
5.04
9.91
13.36
13.71
7.24
4.86
14.13
12.46
11.94
12.94
7.64
11.12
10.44
7.96
-1.82
9.97
10.82
10.71
7.22
2.64
-2.5
12.17
15.58
10.46
11.98
14.34
9.84
-4.85
-13.79
2.24
9.41
13.77
15.17
12.88
3.81
-3.43
6.19
14.74
14.69
10.4
6.79
8.48
4.53
6.95
-3.93
12.8
14.39
12.13
11.63
11.04
7.7
7.59
5.63
4.34
0.19
4.8
13.68
13.92
3.16
4.77
1.14
-9.97
4.48
8.55
10.36
12.82
14.69
13.56
3.2
13.14
15.86
-1.44
9.36
3.07
-1.23
11.1
18.16
15.97
11.32
9.24
8.16
6.76
0.6
5.09
8.53
-1.35
4.03
3.81
-3.15
-1.7
9.62
10.31
-4.22
12.95
16.28
15.85
10.49
3.47
9.48
12.27
10.54
4.83
4.68
13.24
9.18
0
7.01
6.62
-4.68
-1.64
2.31
5.73
3.95
-15.86
-1.33
-0.57
7.64
6.19
1.27
8.42
8.11
11.38
12.1
8.21
8.91
8.94
9.87
12.14
9.77
5.15
12.14
13.88
12.75
12.6
19.9
22.47
19.34
21.67
22.66
22.62
18.96
16.22
19.33
20.32
23.44
28.18
27.37
20.32
11.87
14.14
19.59
21.65
20.8
-2.8
23.11
21.28
14.7
17.18
23.45
20.18
19.82
24.9
20.18
18.27
17.73
19.86
22.6
25.01
24.37
20.86
18.58
24.37
28.28
28.19
23.13
18.01
15.54
14.76
17.99
24.39
22.95
6.52
22.59
29.74
27.51
22.96
25.06
25.83
28.2
31.26
31.02
26.4
21.45
24.53
24
17.95
22.01
20.72
12.75
10.1
17.12
19.66
18.26
21.38
19.16
15.2
14.79
20.46
20.71
16.03
7.12
21.74
25.06
22.2
25.71
26.11
21.01
16.1
25.43
22.11
15.47
11.98
17.52
19.86
25.44
15.54
18.37
21.66
20.14
21.15
21.3
10.2
13.55
15.15
11.3
15.64
17.33
13.66
3.94
11.56
23.28
25.24
20.44
14.71
23
23.06
20.98
22.63
21.57
17.56
23.55
23.58
3.16
23.84
26.68
27.73
21.61
12.31
12.4
24.99
25.9
21.12
22.55
25.72
25.94
13.14
21.77
21.16
17.48
24.34
26.83
23.37
16
21.44
27.06
26.88
23.33
21.58
21.29
20.91
20.79
15.9
21.07
23.35
19.59
22.49
19.85
8.26
20.56
25.51
24.33
14.28
23.74
23.66
24.23
21.86
11.62
22.32
21.86
16.79
22.53
12.45
9.41
21.45
25.57
24.7
16.73
18.43
24.69
22.66
16.84
19.43
19.79
21.21
22.5
18.91
4.67
18.15
22.7
21.17
16.14
25.78
29.96
28.13
24.41
10.78
21.84
22.78
15.39
9.73
17.49
16.94
13.14
10.92
17.26
20.34
6.51
24.32
27.16
27.17
26.84
20.88
9.99
12.29
12.85
10.25
17.35
22.72
21.09
25.93
24.76
27.48
27.81
24.86
18.61
-0.59
21.38
23.11
21.77
20.43
19.52
12.47
24.81
25.97
23.32
24.92
26.11
19.76
14.22
13.61
6.79
7.6
20.17
20.57
21
18.02
8.83
19.2
23.78
21.84
17.52
21.61
23.35
12.44
21.22
18.38
14.78
10.64
16.54
24.17
27.47
28.63
28.88
27.23
24.6
23.27
27.5
29.46
26.15
17.81
9.98
7.37
22.55
25.82
22.33
16.83
18.71
22.49
23.99
23.61
18.34
9.02
15.11
16.73
20.59
20.55
13.6
16.57
16.13
13.39
6.72
16.84
18.06
15.49
12.98
23.16
21.59
13.84
10.82
17.26
20.97
21.96
19.53
26.57
25.78
21.01
13.28
16.45
15.58
5.34
14.65
17.8
19.29
21.42
18.97
17.71
21.55
19.48
4.53
-2.26
11.81
8.93
8.12
12.89
16.72
13.99
5.82
5.13
7.23
-1.18
10.26
21.18
23.19
22.65
20.87
15.84
14.87
16.64
1.3
17.82
20.11
19.71
14.91
11.95
15.01
8.65
17.09
12.58
16
20.84
16.42
12.95
18.4
14.26
18.06
11.69
10.34
17.12
21.98
22.97
18.72
5.21
12.62
4.09
10.63
13.25
9.82
6.75
11.71
16
19.25
18.43
16.23
2.97
14.35
7.83
8.22
14.66
16.67
13.07
12.42
17
16.13
8.43
8.5
14.49
12.33
7.79
14.01
14.87
16.52
15.58
13.2
14.47
17.1
15.82
9.87
-2.02
-4.09
-5
5.23
4.96
7.89
8.78
15.7
16.89
17.48
17.29
18.27
19.1
18.73
20.71
15.01
14.07
14.29
14.5
19.26
20.3
15.39
0.77
7.62
17.06
23.99
23.14
10.41
0.71
10.39
19.48
23.7
21.11
1.55
16.45
13.65
22.7
24.68
18.6
13.75
20.88
24.64
22.46
12.62
24.66
18.03
22.87
24.87
15.62
6.62
11.63
5.91
12.41
14.57
11.57
16.99
21.23
24.02
21.28
17.35
18.74
16.15
10.5
18.53
19.84
16.63
16.66
17.12
20.48
24.39
23.76
22.2
-11.01
16.14
6.41
19.39
17.27
20.01
22.98
21.1
21.07
13.26
13.32
21.34
22.04
25.64
23.5
16.03
18.96
26.08
26.53
20.31
21.05
17.86
10.68
16.98
10.04
22.69
25.66
24.62
18.77
20.75
24.48
19.9
18.18
20.93
26.18
22.07
15.14
9.25
22.98
27.13
25.69
22.84
12.33
24.24
27.34
18.89
13.34
18.1
26.27
28.24
24.94
20.7
17.14
5.29
10.76
15.33
21.71
21.48
21.09
20.31
19.64
19.8
18.26
22.6
14.68
16.23
11.12
17.88
20.45
19.01
19.28
23.73
24.05
17.27
16.69
17.15
9.7
19.95
25.01
25.65
12.74
18.76
19.39
24.82
26.63
21.9
17.24
19.94
15.96
20.27
23.85
25.79
25.04
15.87
17.26
23.47
20.15
9.87
11.83
13.71
12.78
12.77
18.49
16.93
18.09
18.48
22.45
26.02
22.19
16.59
15.54
17.43
23.1
26.24
22.78
8.54
7.7
12.38
13.22
21.76
17.18
11.65
15.88
18.73
18.1
18.52
17.65
11.08
11.43
21.78
24.81
23.69
17.7
9.98
19.31
25.29
20.48
19.89
23.21
12.09
19.91
20.71
24.09
22.32
18.33
18.43
9.72
16.22
17.09
14.12
17.21
23.31
21.86
21.25
24.52
23.97
17.73
13.18
21.77
16.39
8.35
17.84
21.13
14.94
10.42
17.28
6.26
7.97
8.49
20.63
23.06
20.27
18.16
22.37
19.76
19.01
17.91
20.69
25.24
26.71
26.32
25.43
22.99
23.47
24.52
21.18
17.52
20.36
23.8
23.77
25.06
28.31
26.5
22.49
23.06
18.83
19.13
22.64
23.28
21.3
22.14
26.38
27.97
25.9
23.28
25.23
27.23
26.66
24.56
23.92
25.44
25.72
23.66
21.13
20.13
18.13
19.28
21.01
18.93
23.72
26.74
26.2
23.77
20.1
21.19
20.99
14.55
10.84
8.97
3.31
16.02
21.22
19.13
1
14.01
10.61
22.7
22.39
16.66
18.98
19.66
18.3
17.74
19.45
22.14
22.93
20
15.13
15.73
19.7
23.38
22.92
18.55
17.17
4.27
16.41
17.25
26.9
29.34
24.2
21.46
18.22
14.88
18.11
19.99
20.63
18.39
17.62
20.4
18.75
20.77
24.59
21.25
11.13
15.5
13.46
9.63
9.25
17.36
9.66
14.12
18.77
20.86
23.14
19.68
17.36
20.21
13.14
1.41
13.82
16.98
19.42
18.81
14.33
18.15
22.79
21.1
17.12
19.93
15.24
18.55
22.65
22.61
17.08
15.65
19.93
20.76
23.1
21.03
11.78
12.35
15.64
4.77
19.82
22.3
22.57
16.68
10.37
6.07
19.06
21.08
21.05
16.71
16.61
16.27
21.17
23.05
19.69
1.49
11.87
14.58
14.5
20.27
19
18.52
23.38
19.81
20.59
23.29
21.44
0.77
17.38
19.71
20.96
20.59
21.51
21.58
19.95
22.89
26.18
26.94
26.62
25.77
21.29
22.05
27.27
26.81
20.45
8.3
12.53
11.77
16.25
17.81
17.05
13.78
20.46
18.09
15.48
20.16
10.42
21.73
23.58
16.95
24.03
26.81
22.25
21.15
25.39
25.02
22.5
19.93
22.66
22.78
20.91
8.98
21.4
22.01
22.58
24.3
20.14
18.99
19.32
19.79
26.35
24.89
20.62
21.06
24.2
20.95
22.76
23.22
23.51
23.38
22.34
23.05
11.89
21.55
24.59
19.24
19.47
16.79
5.08
13.83
24.99
23.41
17.11
9.97
20.87
17.57
20.3
26.18
22.92
20.38
24.49
25.74
21.32
21.57
21.31
18.14
14.32
17.02
23.77
24.71
23.7
20.45
17.8
26.65
25.22
20.9
19.98
23.1
19.71
15.65
20.82
22.28
20.97
15.4
4.33
4.25
11.54
15.29
10.45
18.96
23.22
12.92
17.89
17.76
17.58
19.5
21.07
23.91
20.77
14.63
21.19
24.42
22.71
14.16
22.49
29.96
28.64
21.9
23.33
23.68
22.54
22.05
20.13
15.4
22.71
27.87
32.49
32.7
27.74
13.68
19.05
22.27
9.29
26.27
33.34
31.32
22.82
20.89
22.57
24.26
26.26
12.66
19.47
16.91
16.79
23.84
25.23
24.67
23.16
27.55
28.88
27.43
20.08
17.74
24.23
24.77
19.17
15.23
20.51
26.89
39.36
44.78
41.2
27.27
29.78
27.26
24.94
24.56
25.88
20.44
13.55
24.27
22.07
20.78
24.57
25.07
21.02
20.95
20.26
17.15
22.43
7.75
21.14
22.93
22.01
18.64
17.66
18.8
30.09
42.5
45.43
39.94
27.46
16.96
14.4
7.96
18.11
23.4
27.23
27.29
26.02
26.35
25.55
23.64
18.13
16.75
18.81
16.42
16.87
19
23.86
36.45
36.82
27.26
14.02
23.58
23.31
11.84
11.89
21.02
20.26
16.25
-1.44
23.14
29.02
29.17
28.05
27.51
25.63
25.57
24.34
15.53
16.72
18.74
22.91
27.51
27.91
27.32
26.26
33.89
43.35
43.3
32.97
20.18
15.35
22.5
27.41
29.78
29.67
25.47
21.05
29.06
35.26
36.35
28.2
25.85
26.22
26.55
26.38
20.22
7.75
22.37
26.49
22.42
24.34
23.17
19.02
24.64
25.05
24.27
29.02
41.92
42.82
33.72
17.59
9.09
20.99
23.8
16.31
13.69
18.93
15.7
20.22
24.53
27.18
25.69
18.55
5.25
15.98
25.8
28.04
27.05
22.1
15.82
15.37
11.2
12.85
-4.72
19.09
23.09
23.3
21.78
13.79
17.74
23.98
24.28
22.01
19.22
23.54
19.2
19.83
20.98
20.66
25.27
26.28
24.02
19.86
15.68
14.29
19.47
9.08
25.16
37.7
43.78
40.99
29.49
19.27
23.99
22.77
10.01
26.49
29.26
28.08
26.15
23.68
19.95
18.09
23.78
25.01
20.3
21.36
23.2
18.49
22.53
24.95
24.34
24.95
24.67
24.25
24.5
22.96
23.75
22.48
21.19
18.87
13.52
26.42
34.04
33.35
22.34
7.42
12.2
15.63
21.31
21.46
11.66
25.91
28.65
24.63
17.86
-3.66
17.79
10.91
20.12
22.28
21.86
18.24
18.33
26.99
30.86
30.27
27.54
27.54
29.78
29.9
29.39
29.07
27.66
26.96
27.94
28.8
26.37
10.05
29.65
33.12
32.81
29.07
25.61
26.78
31.04
28.86
26.96
28.74
29.16
28.87
27.89
20.41
22.66
27.89
27.59
30.46
33.23
34
30.16
26.3
29.01
26.62
21.65
26.04
31.67
31.09
22.63
29.12
31.07
32.19
28.38
12.07
7.23
17.71
28.62
33.84
34.36
29.25
24.28
7.32
30.46
32.03
30.32
25.98
18.35
28.86
29.03
26.86
19.24
30.56
29.7
26.7
25.82
15.04
14.88
25.17
27.29
22.12
19.48
26.82
26.9
30.17
30.74
25.07
23.29
24.09
16.33
28.02
33.94
33.85
32.33
22.91
26.88
29.81
27.25
19.73
28
46.38
51.16
46.06
31.69
31.71
29.64
24.87
22.39
26.29
41.65
50.26
50.09
39.51
27.09
31.95
27.99
27.37
30.3
28.01
29.24
28.31
26.86
25.93
31.33
31.92
30.44
18.08
26.94
29.2
31.85
31.87
17.32
29.72
34.56
36.54
36.41
34.05
28.08
26.46
31.56
34.21
32.96
33.94
32.55
23.86
29.74
29.67
16.19
28.72
29.71
31.62
35.99
35.97
34.6
31.78
30.25
30.73
35.11
33.42
29.35
26.23
29.54
26.37
32.4
36.19
33.97
24.33
31.18
29.57
29.13
32.68
27.81
29.85
28.43
25.77
20
22.54
32.23
31.76
25.95
20.4
23.39
31.46
30.66
31
32.29
28.51
20.58
19.65
26.96
28.75
27.3
26.4
33.76
28.96
23.35
22.65
26.25
32.28
33.15
28.32
25.94
27.77
12.17
23.44
28.1
24.38
21.18
26.13
17.73
26.57
29.76
30.07
29.55
35.04
32.63
29.44
28.42
26.05
28.93
30.34
25.72
29.74
30.96
30.19
27.4
19.63
26.09
26.92
22.89
21.34
28.43
26.62
20.13
15.08
26.92
26.12
27.08
26.36
23.28
29.44
30.35
29.31
30.08
33.54
27.81
26.5
30.1
30.04
28.61
29.66
30.61
26.98
18.06
23.67
26.61
28.53
25.07
15.31
27.06
29.94
27.34
24.7
27.18
23.54
12.12
25.02
27.83
22.03
26.74
20.89
21.86
22.7
20.15
14.9
20.74
27.87
27.26
24.27
26.7
21.75
13.43
6.3
23.68
28.3
23.92
23.17
26.49
23.59
12.25
7.47
21.17
27.52
25.1
10.58
24.24
23.66
15.78
17.32
18.93
18.64
20.18
21.1
24.83
26
23.64
12.14
12.75
17.9
20.4
23.09
4.96
17.03
22.92
21.08
23.3
21.25
26.59
30.68
28.95
25.23
23.83
16.9
14.09
16.86
17.67
10.53
3.01
19.98
23.1
19.19
28.17
24.36
10.87
23.22
19.36
22.23
27.24
25.36
20.78
21.48
24.69
27.54
27.96
24.23
21.75
25.87
27.34
22.37
22.97
24.86
21.17
23.32
12.48
19.33
19.67
21.74
18.44
17.86
18.43
19.71
23.5
23.58
24.62
25.23
24.4
23.33
20.48
20.61
20.33
23.98
22.29
22.79
21.3
26.48
28.88
26.94
25.62
27.4
25.91
22.29
23.83
23.05
16.85
21.42
20.57
24.66
22.88
13.72
13.33
20.34
23.67
25.7
27.84
25.89
16.58
5.14
12.97
11.62
9.62
24.15
28.41
27.09
21.29
22.78
24.8
21.11
17.38
8.03
18.71
29.53
26.77
28.3
32.03
31.02
27.2
26.81
29.33
30.02
29.24
29.18
30.29
29.65
29.84
28.52
27.4
32.17
34.42
34.24
32.3
30.33
29.9
30.39
30.92
30.26
29.48
29.09
28.68
27.52
24.47
25.97
28.75
29.21
30.29
32.9
34.63
33.59
31.7
29.08
24.39
21.76
24.57
24.1
24.73
27.57
31.02
27.89
13.35
19.77
27.63
31.21
29.18
28.09
30.04
29.69
28.49
29.03
30.99
32.96
33.34
32.83
32.52
29.07
26.21
26.24
19.81
21.99
22.08
20.73
25.97
17.65
19.18
30.93
32.82
31.49
31.48
32.78
32.15
29.93
36.36
34.2
27.95
23.09
21.39
18.56
24.39
25.09
20.82
19.18
19.99
27.01
28.75
29.17
30.49
31.27
32.22
31.72
28.94
25.8
23.95
24.05
23.48
25.48
25.42
24.51
27.74
31.6
31.52
29.46
29.61
29.17
25.37
14.63
20.63
25.48
27.59
24.73
23.49
29.04
32.13
32.74
30.31
26.39
23.04
21.24
23.01
25.91
29.24
31.62
29.19
27.68
26.08
24.35
25.3
23.87
23.52
26.55
25.65
22.65
21.27
11.13
22.93
29.42
31.53
30.3
29.14
29.4
30.81
30.5
28.38
26.67
22.13
7.91
11.7
17.82
22.37
26.07
27.07
26.15
26.51
28.04
28.06
31.15
32.02
26.26
23.31
26.41
26.72
26.48
24.62
23.5
21.31
15.68
17.29
26.55
28.46
27.89
24.11
22.45
24.92
26.62
28.31
26.13
24.2
27.14
26.49
17.25
14.99
18.28
19.72
23.11
29.83
32.41
30.48
30.27
30.92
29.64
26.64
21.66
16.14
20.66
24.6
26.95
27.83
27.98
27.56
26.52
27.1
27.63
25.01
23.62
27.35
29.68
25.75
10.25
19.82
22.79
23.04
25.41
27.33
27.67
28
26.74
24.6
24.33
25.6
23.49
25.14
23.83
19
18.49
18.82
21.3
26.93
28.17
24.51
19.22
18.61
16.65
19.75
22.36
23.27
22.29
19.33
21.35
26.8
25.08
17.14
15.45
17.99
12.15
14.75
19.23
18.72
13.14
13.35
14.46
-1.18
9.91
11.25
6.98
-5.98
11.22
12.63
11.6
16.45
21.43
27.27
28.29
25.05
22.67
18.28
16.35
23.65
24.56
14.07
22.77
25.83
25.63
25.02
24.6
15.5
14.89
19.26
22.18
21.33
21.09
16.12
21.48
25.22
22.96
18.44
11.87
9.18
-0.21
12.27
14.59
11.15
21.17
19.69
19.66
23.07
24.54
24.2
19.12
11.66
20.73
21.59
22.55
21.65
15
13.4
15.01
16.75
19.2
17.59
14.84
21.2
20.21
10.97
16.29
20.99
16.85
6.65
14.09
20.05
18.93
14.25
8.8
9.58
9.64
17.94
22.68
24.76
25.25
22.69
16.25
7.38
12.13
13.58
18.06
20.32
18.8
14.77
18
14.18
14.4
18.7
11.2
15.62
13.64
15.12
20.73
22.25
21.58
16.19
15.46
21.08
22.22
21.02
19.77
21.76
22.65
18.43
5.87
16.2
19.37
22.09
20.6
18.57
11.77
8.81
9.76
18.15
13.28
18.29
21.13
20.04
12.17
21.97
23.76
18.54
16.29
19.14
19.76
19.27
16.47
17.26
15.39
14.17
15.49
20.51
22.33
21.34
15.71
16.48
18.31
20.58
15.4
7.37
20.38
22.3
27.34
27.07
21.64
13.45
21.31
18.21
8.61
11.89
2.76
7.92
14.79
19.25
18.56
17.8
21.54
27.57
26.48
18.66
0.41
13.84
21.34
26.37
23.31
12.3
15.6
14.92
11.89
17.6
24.63
20.77
14.42
15.51
20.83
22.26
16.77
17.86
25.21
21.72
20.53
14.84
20.19
20.7
16.71
12.29
19.12
11.69
23.95
25.33
22.88
25.17
25.11
17.26
17.45
15.56
21.55
25.43
18.06
18.76
21.33
0.43
14.96
22.74
22.25
17.18
21.53
23.72
23.1
24.02
24.68
23.17
24.1
20.47
17.4
19.99
20.13
19.53
10.75
20.97
17.76
22.47
17.45
21.97
24.57
22.37
21.85
21.17
12.52
16.78
17.45
16.32
-5.5
22.94
24.62
21.41
26.32
27.7
24.15
17.85
22.33
21.98
21.7
9.83
12.08
4.96
13.14
19.35
24.12
23.06
18.12
25.9
26.48
24.93
23.12
26.42
26.08
23.11
22.68
22.55
22.68
23.71
18.02
13.87
17.94
17.54
14.71
17.75
17.79
13.64
21.61
14.82
19.15
17.35
12.82
19.55
25.14
25.43
10.68
18.25
29.17
29.52
23.37
16.1
17.45
31.66
36.45
33.35
17.74
20.96
22.32
9.17
16.38
16.7
22.91
21.48
19.45
13.38
20.79
10.81
19.08
22.3
6.53
16
17.49
24.11
27.73
28.83
24.83
13.08
23.74
19.05
24.56
24.64
22.4
19.09
22.98
26.34
25.78
21.03
21.99
25.17
21.57
16.26
16.66
17.85
16.17
17.12
20.6
15.51
13.99
12.63
24.17
25.31
18.55
21.81
24.3
23.83
22.98
20.69
19.38
17.13
3.91
22.94
26.42
24.48
20.36
21.37
25.32
26.32
27.16
19.46
21.06
25.06
22.8
19.98
22.32
21.56
9.1
20.14
22.55
13.32
27.17
27.26
20.72
12.8
20.48
23.4
20.34
21.69
25.53
25.97
21.13
19.68
20.79
13.79
15.54
19.71
16.34
17.23
21.96
24.53
18.84
17.71
20.36
22.4
25.01
26.57
21.24
16.91
17.93
16.81
24.24
23.47
17.19
15.45
14.24
18.84
18.1
2.44
19.71
20.4
15.89
13.95
18.5
20.71
21.49
18.98
17.22
17.16
15.32
20.15
27.19
26
19.04
13.22
21.98
26.71
25.92
25.78
23.49
12.32
12.48
22.72
24.04
19.35
23.38
24.12
23.62
24.27
24.46
25.4
27.29
24.36
20.12
13.93
9.33
7.49
12.14
18.78
19.3
8.6
17
21.09
24.68
22.12
15.57
18.01
23.94
24.11
20.11
23.64
20.98
4.94
16.89
21.45
20.69
16.68
18.52
17.18
11.32
23.22
22.73
19.98
21.51
20.22
19.04
20.79
24.1
23.28
20.88
21.83
21.05
18.55
15.88
20.49
20.66
21.52
23.42
22.98
18.85
13.93
22.36
18.49
17.76
23.19
22.09
24.04
26.47
25.3
19.96
8.77
16.79
21.39
19.28
19.35
19.73
20.74
23.2
21.37
4.24
16.2
15.87
12.32
17.36
16.47
14.38
15.83
15.95
13.39
15.19
20.02
21.9
21.8
17.2
-3.91
16.09
15.04
10.94
24.07
25.2
21.89
13.85
15.02
22.9
24.69
23.37
18.81
14.44
12.61
13.49
12.15
14.71
21.41
25.14
25.07
19.47
12.19
22.46
22.07
13.05
13.46
14.83
17.34
19.4
15.45
1.93
10.06
13.6
14.6
15.26
15.14
7.29
0.92
8.34
15.96
18.7
19.2
16.82
10.75
12.42
16.96
18.71
18.01
11.33
17.16
21.41
19.36
15.96
17.44
19.82
13.49
13.9
18.88
16.87
10.68
12.67
17.61
17.71
22.04
21.23
19.16
12.97
8.9
8.24
9.33
17.43
15.38
12.47
19.04
17.31
3.21
1.02
6
13.42
11.77
9.08
10.37
14.87
13.02
15.07
15.7
14.9
14.32
5.91
15.51
16.63
13.83
7.01
14.68
17.51
15.03
14.69
16.4
12.8
11.8
18.1
17.75
11.49
12.1
14.49
19.95
18.36
10.27
9.46
13.81
15.59
14.56
4.61
4.3
11.76
16.57
15.44
12.42
14.44
15.67
13.26
15.65
17.68
17.67
16.95
15.16
10.52
8.4
5.12
11.58
3.65
13.58
5.27
1.41
12.08
15.75
8.54
17.11
21.33
19.65
9.57
15.77
15.3
14.62
12.95
2.95
4.68
8.91
9.48
8.32
14.64
17.22
18.17
21.44
16.79
5.89
12.78
7.47
14.54
14.43
-2.72
4.13
9.78
14.13
15.84
11.83
12.27
6.94
10.99
17.71
15.77
-0.7
10.01
10.69
18.56
20.15
15.19
12.04
10.61
18.1
20.23
9.41
16.84
19.17
13.86
16.55
19.96
17.69
14.08
15.36
15.75
14.49
13.53
15.52
15.17
13.8
14.45
12.1
13.65
12.88
2.54
4.1
10.01
20.62
21.86
14.48
13.69
17.73
15.34
3.32
14.12
19.99
19.65
12.68
9.91
8.58
10.19
8.58
7.92
9.88
17.84
20.26
18.1
13.97
12.42
17.5
14.75
6.59
15.46
19.46
10.12
18.62
16.71
13.23
13.95
16.77
19.22
16.71
3.41
14.06
16.14
17.27
16.65
8.44
11.62
14.06
15.06
16.75
21.04
20.51
14.3
14.63
10.43
12.25
16
17.95
17.87
21.14
18.38
17.34
19.99
14.07
14.77
17.26
5.56
-6.38
12.62
9.38
15.5
19.85
15.88
16.78
22.98
21.44
10.08
14.49
18.53
16.65
14.49
8.45
6.38
8.08
17.29
16.71
-3.21
12.99
9.75
2.86
4.58
12.99
11
4
12.45
6.04
13.45
19.34
16.71
14.11
18.93
10.21
19.99
10.36
13.82
16
23.51
21.27
19.36
19.45
23.2
20.09
15.57
18.43
18.75
16.24
16.73
16.05
19.86
18.68
13.51
14.3
13.6
2.85
11.63
17.1
18.26
16.29
9.95
13.63
7.8
4.6
2.44
7.88
9.54
10.1
15.82
14.35
9.93
11.42
18.22
23.64
22.76
14.09
11.8
10.21
11.53
9.41
11.11
17.11
18.19
13.49
14.28
14.3
5.88
10.45
9.91
15.32
11.6
8.01
14.52
13.6
13.39
0.52
11.83
17.7
18.36
14.39
13.26
10.49
7.36
9.76
11.58
9.97
13.23
11.09
11.65
16.89
17
19.41
19.74
16.63
14.16
14.6
16.89
15.92
14.34
18.23
20.39
17.81
3.43
11.13
8.8
5.22
3.66
8.71
3.44
12.01
14.17
12.76
17.13
13.03
13.24
15.42
14.16
16
13.41
11.27
8.65
14.95
19.03
17.35
10.18
16.34
14.66
10.79
15.04
10.7
8.27
8.75
12.8
17.33
18.05
13.82
2.77
1.95
19.06
19.02
21.43
22.37
11.91
16.68
9.49
15.24
15.98
23.69
25.37
19.45
11.65
18.76
14.45
20.87
14.82
16.11
21.05
14.43
14.87
16.59
15.75
13.98
16.39
16.63
21.95
22.1
17.42
7.37
2.01
11.01
11.68
3.95
1.67
8.69
11.1
14.43
17.6
20.86
20.98
19.21
21.97
23.15
19.04
11.75
17.01
18.28
19.55
17.8
14.69
17.87
12.01
18.12
23.03
24.4
23.4
18.55
18.21
16.23
-4.96
8.98
14.47
17.63
20.75
18.16
15
15.47
7.01
0.66
14.56
18.84
22.43
19.97
17.14
17.14
12.18
7.59
-10.1
19.98
22.94
18.75
18.42
23.85
21.66
15.39
4.24
12.08
18.29
21.84
21.34
11.59
16.63
12.71
21.42
22.93
21.5
12.29
13.3
18.07
13.78
16.57
17.87
11.88
20.53
21.76
19.58
15.18
13.54
22.74
23.25
22.23
20.45
18.22
18.6
23.21
20.77
-0.64
2.38
8.56
18.05
14.27
16.7
9.41
17.17
20.99
22.68
17.41
15.77
20.85
20.76
22.91
13.19
13.48
12.3
16.64
10.19
15.34
19.08
19.73
20.35
15.68
19.65
19.81
14.78
6.25
16.84
16.1
15.24
19.05
17.29
18.18
17.44
16.87
23.62
27.18
25.44
15.79
10.44
12.05
7.11
16.32
22.74
21.65
18.53
16.46
0.57
8.07
8.15
11.11
8.4
-2.02
11.97
13.73
9.04
17.58
15.88
17.09
16.2
11.62
9.47
13.95
20.57
12.3
18.73
17.73
13.91
9.37
6.47
5.42
15.37
16.21
11.07
19.93
22.29
16.46
13.63
19.56
19.88
20.47
19.46
8.58
15.75
10.25
22.38
23.11
18.38
10.39
4.77
1.28
14.81
17.71
16.33
15.34
4.94
11.64
8.37
14.88
20.5
20.53
19.03
20.27
19.82
10.3
6.05
11.27
15.53
18.32
21.54
15.2
14.56
19.57
22.57
23.35
13.15
19.96
12.95
22.94
21.57
16.19
13.18
17.91
20.95
18.79
11.93
15.71
21.67
17.91
4.75
15.35
22.09
19.77
21.25
21.05
13.13
18.27
13.9
21.12
22.52
19.49
6.99
18.11
11.41
17.27
20.22
14.41
18.88
11.27
17.41
16.8
16.18
5.63
11.37
8.31
4.33
12.99
15.96
18.47
15.05
-11.75
11.87
20.59
23.56
17.12
6.91
21.4
27.14
23.16
11.99
2.01
18.51
19.2
9.95
18.2
18.71
19.37
22.5
21.14
14.85
9.27
19.89
22.91
17.76
15.15
13.96
11.62
19.48
17.47
13.27
5.61
15.81
15.58
17.82
15.91
16.06
12.64
9.43
7.32
12.42
16.23
17.38
16.02
10.89
19.91
17.71
19.39
21.67
16.72
15.12
6.63
19.33
19.58
17.15
3.3
19.47
23.18
16.9
5.06
16.18
24.25
23.71
20.01
18.32
13.99
5.76
10.03
15.27
13.9
7.92
3.27
15.99
18.7
17.34
15.53
15.14
18.08
13.04
11.44
4.29
14.19
14.46
14.71
18.34
12.52
13.25
17.49
17.58
4.56
14.47
18.54
25.26
22.41
3.43
14.57
11.03
1.92
16.3
20.34
18.75
13.17
10.31
15.88
5.92
14.61
14.08
14.52
18.41
11.43
21.29
20.11
14.53
13.22
14.55
16.1
4.99
18.14
18.85
7.95
18.47
16.19
14.26
9.23
4.04
12.92
11.95
9.58
14.08
12.1
15.13
18.87
17.77
10.26
16.15
8.97
16.27
20.8
18.62
12.7
-0.1
5.05
14.63
14.23
13.54
19.81
19.23
11.51
11.85
7.78
15.8
15.38
11.7
15.88
17.76
18.44
16.6
13.23
4.77
6.53
14.87
14.27
14.44
17.18
15.59
15.11
12.89
8.73
8.45
13.88
6.3
16.14
13.69
14.37
13.96
4.05
15.32
13.65
12.61
14.84
5.97
12.99
14.7
16.45
17.36
-6.75
12.54
11.81
14.01
13.95
12.69
17.25
15.6
7.05
8.12
15.06
17.73
20.36
19.81
19.19
19.34
10.8
13.66
10.47
7.62
15.47
16.27
3.54
5.08
3.34
6.71
12.14
7.61
11.02
8.73
7.85
8.56
7.15
7.72
8.39
12.3
15.36
18.59
16.92
14.56
18.16
17.5
0.24
12.43
13.89
10.91
14.54
17.72
16.19
12.91
14.03
12.96
11.2
14.58
10.66
5.23
11.81
13.34
11.7
11.54
14.02
13.67
7.41
-3.89
15.81
19.11
16.94
10.83
-5.24
10.86
15.17
15.7
17.01
18.79
14.66
16.1
13.44
8.91
9.1
10.61
2.08
13.42
14.26
9.21
9.44
7.2
14.99
21.12
22.31
14.34
6.16
6.07
4.18
3.25
9.58
10.4
13.2
12.82
5.8
-26.46
8.31
14.37
14.21
11.76
11
9.82
6.66
7.38
17.38
19.17
11.35
15.35
13.68
2.52
15.93
13.44
2.11
15.45
16.58
11.52
11.49
9.38
14.43
18.94
12.41
14.18
17.85
15.9
9.69
9.44
16.2
14.01
11.08
14.22
16.59
19.6
20.55
21.32
18.48
10.05
-0.12
15.26
15.42
5.79
8.32
13.41
15.87
17.07
14.17
10.6
4.39
3.58
9
8.61
16.73
17.68
15.08
14.93
5.88
6.99
9.58
6.67
12.18
13.49
8.59
9.25
6.24
4.47
11.37
15.64
7.81
11.25
15.07
18.23
18.92
17.89
16.56
10.27
9.57
13.34
4.72
13.05
14.78
17.43
16.86
16.83
19.12
17.62
16.38
13.3
13.93
14.22
12.5
2.58
7.04
7.33
-14.18
7.31
10.2
18.66
21.44
19.18
17.08
18.35
13.86
8.51
8.7
7.8
-4.73
13.3
12.49
10.58
4.92
9.55
15.73
14.98
13.66
8.71
13.19
11.08
12.81
18.7
16.64
11.51
11.08
8.34
17.19
17.93
16.83
14.06
1.78
8.98
-0.26
8.41
13.19
13.4
10.4
17.31
16.79
2.72
8.47
11.1
7.91
8.08
11.19
8.24
10.77
13.85
6.25
7.87
3.37
13.73
13.23
13.22
15.56
14.61
12.54
15.99
17.1
16.93
14.93
15.88
16.26
18.64
20.07
19.48
18.08
12.83
11.13
14.9
17.3
13.36
10.07
12.8
10.35
9.66
9.04
-0.78
3.51
4.82
7.23
9.98
10.18
6.3
7.04
9.94
15.18
11.48
2.59
3.62
9.3
12.83
15.17
16.82
12.62
12.57
16.35
15.65
11.41
3.79
9.41
11.19
16.16
14.62
9.29
6.28
-11.87
0.55
7.44
11.62
16.01
17.46
13.58
9.51
12.39
13.22
10.96
6.52
13.16
12.73
10.82
9.1
17.55
17
6.03
5.23
14.74
13.88
14.93
18.37
14.59
9.52
4.74
10.06
13.3
8.12
1.09
13.48
13.18
11.67
11.4
8.22
7.2
6.77
15.46
18.5
17.46
12.02
11.44
11.32
8.55
6.55
8.94
11.12
10.48
11.49
14.62
16.93
19.24
18.34
18.15
15.05
-0.58
11.12
11.31
9.81
9.42
4.65
-10.53
11.11
17.05
16.18
5.62
14.42
15.33
13.35
15.3
10.93
7.51
10.89
14.18
13.66
14.89
16.95
15.99
18.24
16.02
9.3
7.89
15.57
12.14
-1.04
6.23
12.48
12.34
14.42
20
17.77
17.16
8.63
10.74
13.16
14.54
18.47
19.97
16.09
15.85
16.02
13.95
17.58
13.89
-4
13.44
14.46
4.08
13.02
14.98
10.65
11.81
5.39
14.21
6.55
10.36
15.22
14.14
12.57
14.55
14.06
11.39
9.36
14.69
18.48
16.8
9.41
4.59
9.82
15.51
16.17
11.07
0.47
4.85
2.47
11.81
15.74
10.82
8.63
14.24
12.25
11.87
-4.47
14.54
16.61
16.66
15.24
13.08
13.16
16.55
15.41
2.39
1.98
9.04
11.84
3.76
4.91
14.3
10.48
12.23
16.94
17.4
18.49
16.34
6.5
20.49
22.22
18
-1.3
15.73
16.77
14.77
13.99
18.65
18.9
2
16.37
19.32
20.14
19.98
16.16
13
10.46
0.99
11.27
9.93
12.45
15.3
12.36
16.05
15.99
14.15
6.2
6.48
9.07
6.96
8.88
12.61
11.99
9.59
7.84
15.71
16.59
8.73
8.47
9.86
7.76
12.8
13.38
11.19
19.02
18.32
12.98
10.93
15.98
14.38
2.04
-13.11
6.76
10.72
9.58
5.41
9.43
14.36
6.67
1.08
5.9
3.83
3.69
13.49
16.53
13.41
8.25
6.12
9.04
8.16
6.97
14.45
17.48
16.08
11.77
-0.53
14.88
18.96
18.25
7.11
2.25
2.94
7.5
13.56
16.86
15.12
8.73
-18.45
6.68
16.63
15.44
-0.59
11.72
10.15
-5.77
11.03
15.34
14.93
7.88
4.33
12.51
14.8
17.01
13.83
9.26
9.49
12.67
13.63
15.03
19.24
15.68
14.83
17
15.18
8.88
5.01
11.35
11.35
10.21
3.1
-13.45
14.6
17.33
11.35
7.5
-0.21
10.98
13.62
13.05
10.82
4.63
14.8
13.17
-7.88
6.52
13.91
10.42
9.09
11.81
12.27
7.24
-0.21
9.11
6.76
-4.3
7.21
5.54
10.52
4.25
1.3
2.81
4.1
12.57
13.09
0.91
1.49
5.05
4.69
5.07
10.98
2.81
4.56
11.92
13.41
6.86
-5.88
5.01
10.82
9.93
0.04
3.58
9.84
10.86
16.15
16.2
9
-5.21
2.28
12.79
17.13
15.98
15.06
6.29
9.43
9.17
4.01
11.54
13.57
11.41
10.87
15.58
9.25
0.22
8.36
13.73
17.55
17.45
11.38
-0.19
4.67
13.82
16.25
14.25
10.29
12.5
17.03
13.25
-0.67
10.05
17.1
17.43
6.03
13.12
16.21
15.78
7.9
-2.36
5.97
12.18
13.04
14.06
13.72
-0.08
14.69
14.2
9.55
5.12
-1.64
8.09
10.66
10.98
15.34
14.25
2.37
1.72
9.53
14.94
5.84
14.5
16.63
15.63
16.05
15.93
13.8
6.64
6.3
-0.96
2.46
1.79
9.38
9.71
4.54
-2.48
5.54
5.47
11.65
13.93
8.86
10.49
8.86
3.86
1.22
1.18
9.04
16.03
17.35
11.73
-6
-1.03
6.5
9.8
9.25
8.69
11.91
14.06
11.15
11.26
9.47
8.07
5.66
7.99
9.31
4.75
-6.12
3.15
5.5
15.51
16.67
9.8
13.61
5.88
6.99
15.71
18.2
14.09
16.07
14.49
4.04
9.55
14.29
13.88
4.32
13.27
14.53
10.94
13.88
19.6
19.63
14.22
14.09
10.84
9.18
11.47
11.45
6.76
-1.84
16.26
19.03
13.33
10.32
14.52
12.98
-4.9
8.66
11.25
13.15
7.52
5.69
-4.4
8.99
12.19
9.54
7.31
5.02
3.61
13.77
8.4
-3.75
13.68
14.91
14.21
7.17
5.47
9.8
8.55
-13.76
5.35
9.84
11.22
4.34
-2.52
12.81
16.18
15.18
9.84
6.83
7.48
11.7
9.13
7.32
13.49
18.58
19.2
14.43
2.04
13.83
13.41
15.49
15.95
3.06
11.42
16.32
18.92
20.82
18.69
15.3
13.54
-2.78
6.42
7.77
12.09
15.24
8.34
11.59
17.03
16.93
14.78
8.58
11.28
16.44
17.51
16.3
16.27
15.18
15.11
13.09
5.92
3.86
9.24
2.5
1.97
10.7
13.78
13.24
12.75
13.63
12.09
7.06
15.92
16.65
15.86
16.89
14.28
12.39
15.92
7.46
8.48
13.59
16.69
16.74
11.82
10.88
7.98
9.11
9.02
9.87
3.17
5.88
-20.78
4.78
3.53
0.1
14.87
16.48
8.87
8
3.39
4.24
2.39
8.74
10.96
-2.68
20.34
24.41
21.28
15.02
7.8
-14.29
5.74
-3.26
14.7
18.02
12.33
-8.47
3.59
9.17
15.08
16.7
16.76
13.98
5.86
3.25
1.93
11.28
16.24
11.73
9.09
15.91
14.27
9.3
10.54
13.43
15.56
8.82
10.52
15.33
10.44
4.98
6.94
5.13
7.78
11.46
8.07
6.59
14.97
16.16
15.78
12.38
9.13
6.76
7.51
15.96
16.03
10.03
12.93
12.87
11.52
10.72
7.62
17.44
17.72
11.05
2.91
13.9
9.13
11.83
14.77
12.57
2.1
12.5
13.76
8.39
15.59
4.65
12.48
14.8
13.3
13.87
15.32
11.76
8.85
16.28
17.33
11.93
8.85
13.08
14.11
13.18
13.64
12.51
9.23
14.69
14.3
11.59
8.03
13.9
15.73
14.16
7.76
13.07
16.35
15.81
12.68
13.07
13.56
9.48
12.07
14.32
13.4
9.08
-6.92
9.5
17.24
18.12
16.81
13.46
5.8
7.76
5.19
7.64
-4.14
5.44
9.49
18.3
20.18
17.42
14.29
10.94
14.78
16.6
8.06
8.55
5.6
11.02
14.74
6.62
13.19
16.6
15.79
13.74
3.34
-6.65
8.37
10.85
8.87
1.78
13.52
17.48
13.93
9.8
8.65
9.18
7.3
8.11
11.96
14.73
13.94
2.62
9.83
13.64
10.27
7.3
9.41
15.91
13
12.43
18.33
16.96
14.64
15.17
17.55
17.41
6.88
0.64
7.2
12.38
12.31
14.74
18.71
21.53
19.56
15.91
13.07
9.21
1.61
13.35
16.6
18.15
17.62
10.92
12.71
16.24
15.23
17.48
12.29
6.29
15.38
14.35
-3.51
12.13
7.52
11.23
13.22
6.61
3.42
12.76
17.3
15.51
10
13.86
15.09
16.17
15.46
6.09
7.49
14.13
16.96
17.5
15.81
8.59
9.5
11.88
8.18
-15.9
13.08
-4.75
5.31
10.27
15.04
18.74
18.18
9.02
14.87
15.38
14.34
15.28
7.75
10.74
12.23
7.78
3.74
5.8
14.32
14.12
10.12
13.36
16.23
12.86
9.32
13.76
10.36
8.05
10.96
4.74
6.26
9.35
12.93
9.33
12.28
14.99
11.6
2.1
3.59
11.32
11.79
14.7
6.56
12.94
16.12
16.06
16.51
14.74
10.25
3.12
8.37
9.06
5.72
12.34
15.72
14.44
12.32
10.77
14.08
14.76
12.28
7.15
2.74
13.47
20.93
22.51
19.83
15.89
12.24
7.31
9.67
16.7
17
10.62
9.46
11.49
4.14
2.93
4.75
10.83
11.98
8.74
5.52
-0.7
10.51
12.8
16.34
17.8
16.72
17.19
16.21
13.19
5.83
-1.03
6.26
9.05
8.57
6.46
10.9
11.85
11.26
16.64
18.96
16.51
7.54
9.63
13.4
-0.84
10.29
4.54
2.33
-7.27
4.58
11.44
12.58
9.15
3.25
12.94
19.24
19.26
14.37
11.13
12.6
6.2
18.15
20.68
15.83
-9.88
11.83
15.93
19.38
16.82
12.9
13.38
12.88
8.94
2.48
12.31
12.82
5.37
4.38
11.18
17.49
19.32
16.37
13.11
4.62
14.22
15.23
16.39
18.19
16.28
11.24
18.25
18.81
13.56
2.88
10.87
13.24
10.82
16.06
17.54
11.31
5.43
13.44
12.11
6.89
11.27
11.73
1.79
7.33
7.78
3.28
12.85
17.26
16.09
9.01
10.16
13.53
2.4
6.92
6.58
16.48
17.94
15.26
10.21
6.91
0.65
9.42
3.41
9.02
11.34
-0.87
3.01
5.45
14.8
18.7
19.56
19.16
22.07
21.49
12.87
6.75
-1.05
6.25
7.99
15.38
18.54
15.7
11.46
14.2
13.13
1.23
4.02
-1.29
12.23
17.83
14.66
12.74
12.81
11.53
8.2
7.32
14.42
15.32
12.5
-3.23
5.13
5.09
6.23
2.47
13.5
13.69
12.07
7.13
11.64
13.5
9.91
12.59
9.29
15.47
19.15
20.31
17.39
14.81
12.86
3.69
12.87
11.9
3.03
7.97
15.95
14.15
3.06
12.12
16.25
18.2
14.97
8.93
6.24
-2.29
6.82
6.52
3.1
12.07
13.16
9.45
-6.41
9.8
14.5
14.72
11.09
16.72
21.14
19.17
16.22
15.33
15.15
14.89
13.73
13.08
6.71
8.43
13.7
10.73
11.86
12.46
4.55
13.28
12.59
6.35
5.66
9.99
8
9.95
13.93
12.02
7.17
-1.03
7.22
2.38
7.3
6.99
7.37
7.9
10.09
15.59
11.13
6.57
14.3
16.45
15.93
11.37
10.44
12.15
12.38
11.43
11.26
11.35
14.19
15.08
16.42
17.33
12.08
11.65
7.55
11.8
17.74
14.35
12.45
16.86
16.66
14.36
18.86
19.21
17.06
15.68
13.86
11.1
9.16
4.92
2.13
-1.51
5.72
13.9
15.81
13.77
8.66
-2.12
12.44
15.24
10.62
1.54
5.53
12.04
13.1
8.56
0.38
11.36
11.33
9.62
10.82
11.76
15.4
16.51
12.71
17.76
19.1
13.51
10.15
8.12
-0.68
15.03
18.57
18.84
15.61
8.21
12.13
11.25
6.08
10.87
14.81
15.5
14.61
11.8
13.64
7.81
12.33
16.06
15.26
13.96
1.27
14.9
15.34
12.9
11.03
10.46
11.04
1.89
9.41
-6.03
7.32
11.2
9.07
12.58
9.83
1.72
-0.39
12.45
4.97
12.59
15.97
10.21
-4.48
4.04
15.28
16.55
11.82
0.96
9.21
6.25
13.14
13.9
13.37
11.73
10.79
11.35
2
12.2
15.62
10.37
9.87
12.61
12.51
12.36
16.25
16.33
14.91
14.35
14.66
11.4
12.21
-2.65
4.83
6.81
9.08
14.07
12.23
11.08
6.86
-1.09
9.45
10.7
0.99
6.03
14.38
15.31
15.58
13.3
2.72
9.42
9.17
13.15
11.25
5.68
9.8
7.13
10.72
13.95
7.6
0.34
6.5
4.55
6.2
14.18
13.12
10.79
12.04
13.19
14.3
16.54
15.48
3.01
2.11
5.62
15.01
15.77
11.66
17.77
16.45
13.1
15.77
18.39
15.54
5.4
7.91
11.25
11.61
8.59
12.32
2.91
8.76
11
1.86
12.22
15.41
13.32
13.33
17.35
14.62
12.08
19.33
22.47
21.08
12.71
8.01
12.4
8.7
5
13.3
18.85
13.5
12.13
12.68
11.13
15.66
15.34
12.32
10.46
16.11
20.53
17.43
1.43
6.58
11.93
15.85
16.92
14.46
5.4
6.22
12.56
12.92
16.4
14.74
14.48
15
9.39
10.58
10.17
5.09
14.52
15.03
12.72
10.26
3.27
10.32
0.83
9.58
4.82
6.45
11.13
8.98
7.59
10.03
15.06
18.53
13.88
-3.97
3.47
8.34
3.65
15.72
16.54
12.49
0.46
10.97
10.67
12.04
14.91
12.41
12.21
15
12.94
8.77
11.34
8.88
4.41
7.76
1.35
4.6
7.22
5.34
9.76
12.76
11.74
16.87
16.86
15.86
22.65
26.22
24.72
17.74
2.18
8.21
10.28
12.99
14.02
3.49
10.82
12.86
10.13
11.81
13.7
16.44
18.29
17.66
14.86
13.86
8.65
1.73
11.84
13.78
16.68
12.95
-9.39
8.49
13.22
8.77
7.55
18.08
17.43
2.96
6.42
16.1
16.06
5
6.98
15.36
19.3
14.6
9.52
9.62
12.31
16.57
9.78
12.06
14.07
13.53
17.37
12.58
10.05
10.88
-1.05
9.01
6.93
9.72
6.45
3.27
10.65
15.46
12.73
17.4
18.04
16.8
14.57
12.52
9.28
9.85
16.89
17.53
12.77
2.17
7.69
10.47
7.91
13.57
13.19
7.57
16.76
14.92
10.08
14.97
12.93
13.36
3.03
16.34
20.14
16.17
8.75
5
10.83
11.18
8.21
16.41
13.63
9.51
-11.16
9.72
0.66
12.05
3.01
11.14
6.67
16.18
11.7
10.35
14.07
8.77
4.66
16.87
18
10.1
11.16
12.66
14.15
13.16
10.82
9.47
14.67
16.33
11.9
-2.84
-1.66
-4.76
10.19
14.04
11.56
6.82
8.15
7.49
12.17
13.66
9.11
12.96
14.54
16.24
17.82
15.92
15.32
14.99
9.59
11.54
-9.42
10.67
7.95
8.74
15.75
14.68
12.49
7.86
-3.97
1.92
12
7.82
0.41
7.51
8.31
11.44
9.7
4.92
8.88
9.52
11.39
11.76
4.3
8.64
10.89
8.34
9.42
5.66
-13.64
4.42
7.02
2.54
10.8
14.27
13.6
11.63
11.36
19.66
