13.2
14.74
13.44
4.47
-1.24
9.45
13.3
8.26
7.24
12.63
14.58
14.81
10.72
5.63
2.02
0.84
7.36
4.82
7.2
1.93
3.53
8.22
13.68
15.17
11.65
8.74
4.37
4.84
-3.55
1.73
2.12
3.15
7.07
5.93
13.8
13.34
5.83
7.37
-0.79
8.71
10.58
10.12
8.5
3.51
-11.01
1.17
-0.18
2.87
11.69
7.83
7.38
8.66
4.95
9.56
11.44
10.91
9.23
5.53
5.1
12.91
11.3
12.52
-4.17
10.46
15.31
11.53
2.07
12.5
15.91
10.49
-1.99
7.93
8.44
11.04
2.55
3.8
10.6
12.43
16.48
19.09
15.66
12.23
16.5
13.51
2.3
14.14
16.38
15.72
16.34
17.05
15.11
10.86
14.26
12.53
5.25
7.42
12.38
13.39
12.08
13.09
9.22
-9.2
7.01
11.87
14.93
16.29
14.44
13.11
12.28
11.43
6.76
7.46
13.42
8.86
4.04
15.03
16.78
11.36
3.2
-2.23
6.6
10.12
6.23
5.58
14.17
12.49
4.73
6.1
8.63
9.99
6.9
8.4
14.69
14.74
10.91
9.16
8.94
-3.76
12.61
12.87
12.76
16.28
17.45
14.14
8.92
5.6
10.18
11.62
7.59
9.92
11.03
7.37
9.23
13.27
12.06
9.65
5.97
6.35
12.86
13.84
11.49
-1.64
10.95
14.46
13.03
8.49
15.35
17.3
10.71
9.59
16.28
12.28
10.03
16.16
14.43
12
10.21
11.56
7.16
10.79
8.44
4.76
11.22
13.58
12.17
-1.16
9.1
0.61
4.92
8.97
0.68
2.26
9.52
14.58
14.41
9.91
4.86
11.3
16.61
19.43
20.15
18.35
12.95
2.4
10.15
10.36
12.24
15.52
15.68
5.09
9.35
11.84
9.97
11.34
12.14
4.33
5.93
10.57
8.41
4.89
6.58
7.96
9.44
6.34
8.22
12.49
13.8
16.03
12.67
9.56
14.65
11.12
3.73
14.94
12.66
-6.01
9.92
8.74
5.83
2.57
8.12
11.07
11.03
6.65
2.96
2.55
11.96
13.74
8.32
-0.7
9.41
11.81
13.28
13.36
10.71
2.93
7.66
4.88
10.84
14.75
15.44
16.37
15.8
6.09
9.61
10.07
9.41
11.13
9.23
5.07
12.02
11.82
9.71
5.52
-0.5
5.2
13.26
13.01
-7.37
11.04
11.94
3.88
5.6
11.43
14.91
12.66
9.03
10.37
13.93
10.88
5.95
1.84
6.76
12.97
16.32
17.88
16.82
13.76
8.02
7.1
10.39
9.48
9.85
10.57
7.04
-0.38
1.08
7.08
11.06
4.7
14.14
13.46
11.7
13.16
13.71
10.83
1.18
13.48
15.75
10.03
6.65
14.34
13.87
11.34
11.71
10.18
1.9
9.9
9.62
-4.41
8.19
8.98
9.7
4.67
2.99
12.16
16.41
14.09
7.48
9.15
6.09
11.03
0.24
3.89
-2.38
11.32
16.44
13.8
4.46
9.34
8.85
8.44
9.41
0.85
11.33
8.49
-1.08
-4.64
8.07
12.71
13.32
10.9
-0.61
-4.4
5.51
13.16
12.24
-7.83
11.83
11.79
0.92
-6.26
0.18
3.38
4.05
2.85
11.62
12.88
11.7
5.77
5.98
0.64
5.83
4.03
2.53
2.44
6.82
-1.14
1.11
11.73
12.08
9.42
10.36
5.38
7.49
8.71
5.65
9.85
12.62
9.78
9.56
11.26
10.11
-9.87
4.94
9.16
11.94
12.72
13.09
8.12
3.75
10.03
7.95
4.18
8.06
9.55
7.56
10.53
16.4
18.45
16.11
11.71
9.96
8.93
-0.59
8.05
8.41
-12.47
5.37
8.89
13.44
12.11
7.57
1.73
9.68
0.74
8.09
12.91
10.71
0.3
12.48
12.13
8.47
10.53
9.17
9.52
8.88
-0.43
4.22
6.5
-4.18
8.15
15.46
15.95
12.57
3.92
3.89
10.99
8.5
5.47
5.84
13.51
11.04
5.72
4.12
4.16
5.08
8.01
7.84
12.07
14.95
14.84
9.12
15.11
14.84
12.73
11.49
9.88
6.76
14.33
8.94
-12.9
8.05
11.93
12.86
4.91
3.47
0.2
-3.45
12.32
15.97
15.03
12.01
9.59
-0.21
12.25
9.87
-2.12
9.39
13.49
10.82
9.71
7.83
3.51
3.68
8.39
11.87
6.79
0.37
0.03
1.01
3.43
11.32
11.38
-3.79
4.79
1.97
8
10.62
9.31
8.32
3.63
10.11
3.15
13.2
15.25
13.41
5.51
1.5
-0.48
-1.14
6.5
5.81
11.4
12.94
8.05
10.1
10.6
6.38
3.02
7.84
7.8
12.69
13.76
14.08
15.69
12.08
6.96
7.55
11.19
13.86
14.92
9.12
6.26
9.21
4.04
-9.53
3.71
9.35
1.18
-3.78
2
8.85
13.71
13.03
-1.12
3.75
6.51
11.54
7.74
-8.47
1.97
10.04
10.99
-2.13
4.72
10.35
14.17
10.42
-2.57
-0.54
2.64
4.85
6.91
8.8
10.1
5.58
-7.09
7.78
13.58
14.41
14.93
14.26
6.12
-1.98
7.11
10.34
5.21
13.97
14.28
-11.28
11.65
11.88
12.99
12.95
11.14
9.49
14.72
16.96
12.57
4.59
6.72
2.62
-1.85
2.93
9.98
9
3.96
2.11
4.49
7.36
7.96
12.24
14.98
12.41
7.19
0.47
8.27
5.74
8.96
3.82
6.91
10.13
-0.26
2.85
3.54
11.21
8.74
-1.01
4.39
7.41
-0.36
7.98
14.12
15.32
12.66
5.35
3.51
6.22
8.18
8.05
6.29
6.35
7.64
11.46
14.96
12.56
14.25
13.98
10.38
10.31
8.95
4.35
2.83
4.14
4.47
11.03
9.59
-1.12
1.85
2.07
2.97
11.56
12.58
11.43
9.88
9.66
0.08
3.79
2.11
4.41
13.39
14.47
11.15
11.29
10.42
1.79
13.38
12.69
5.41
5.81
10.55
8.66
6.33
8.82
7.16
3.11
0.96
9.54
11.01
7.69
13.18
7.62
7.84
10.23
6.48
5.19
0.4
2.29
11.92
14.93
14.15
9.06
2.16
2
3.43
13.95
13.99
8.72
-5.15
7.74
11.78
-0.06
8.12
7.02
11.09
15.03
15.57
9.31
11.97
14.47
11.92
6.71
10.11
11.04
10.05
6.84
3.63
8.4
13.97
10.51
2.47
6.3
5.24
3.9
5.2
11.13
15.62
15.68
7.17
4.8
7.43
8.66
1.57
5.39
1.23
-3.32
4.55
3.81
10.5
13.1
6.78
-1.08
0.82
-1.3
8.73
7.91
0.41
9.65
6.02
4.49
9.6
4.64
0.47
3.1
3.19
5.41
10.88
8.97
7.67
14.48
18.67
18.66
15.64
12.3
8.94
3.61
5.26
1.99
3.75
-3.84
7.67
10.8
11.71
10.84
7.9
3.44
5.68
10.15
8.17
5.03
24.37
25.06
22.19
19.09
17.69
18.27
18.67
17.97
21.18
19.77
18.71
14.08
23.85
22.01
12.1
11.84
5.28
-0.22
12.6
20.93
24.88
19.35
21.3
19.17
16.1
17.35
13.17
13.1
-2.58
11.32
19.81
22.46
22.57
20.43
18.93
16.72
14.71
20.47
26.2
23.28
7.56
7.62
16.71
11.75
19.45
18.79
16.22
17.92
10.86
17.07
19.63
22.06
22.33
7.04
23.8
26.61
28.31
25.42
22.87
24.92
27
24.6
17.91
20.78
18.8
15.41
24.07
26.75
21.95
23.01
22.12
14.61
13.38
22.49
23.27
20.96
21.25
23.53
25.76
26.02
23.65
16
4.3
17.63
20.81
20.42
3.61
14.21
20.94
24.62
22.47
16.73
13.61
15.78
20.1
19.15
18.78
5.53
10.96
11.06
18.4
22.03
23.39
21.12
13.97
7.07
12.79
19.28
12.94
12.63
14.81
8.88
18.16
23.44
23.86
19.48
23.44
21.42
19.34
21.23
19.57
22.35
21.64
15.79
16.24
22.71
21.91
5.38
13.76
15.55
16.93
19.8
20.27
17.17
23
27.4
26.73
23.66
21.44
4.71
20.57
19.25
14.1
24.87
26.42
25.1
14.69
24.66
23.78
12.14
15.74
17.77
12.03
22.93
25.1
18.57
14.12
16.08
16.15
19.16
28.6
27.27
20.72
10
20.59
27.38
25.5
17.16
18.96
24.74
26.74
26
21.61
17.93
22.61
27.36
30.37
29.37
21.4
17.92
24.37
23.65
21.82
19.2
15.17
18.02
17.44
11.86
18.88
23.62
27.13
22.72
16.95
14.58
14.23
16.67
20.23
20.73
22.01
15.56
23.11
19.61
14.7
24.33
27.82
26.58
20.6
15.98
14.33
-3.76
2.08
18.37
21.16
20.31
18.9
9.75
24.91
26.43
21.54
21.54
23.61
26.26
22.06
20.38
15.44
12.87
13.96
12.03
18.72
18.89
12.9
25.33
26.72
21.59
20.15
20.89
21.13
18.13
20.03
19
16.24
17.06
18.48
18.91
21.36
21.31
18.05
18.02
14.1
15.12
16.18
9.58
13.93
13.71
19.11
20.64
21.58
25.58
27.9
25.48
25.22
26.65
26.86
25.89
19.95
13.44
20.11
20.96
22.24
22.08
8.72
19.78
22.93
20.29
22.08
26.42
23.04
20.24
17.48
16.57
17.13
17.1
19.46
22.65
26.6
28.08
24.19
12.34
7.05
12.5
19.71
23.5
22.08
17.12
7.1
12.69
15.93
22.44
25.61
27.36
23.3
21.55
17.42
18.58
11.23
9.74
9.04
15.79
19.55
24.12
24.42
16.1
19.24
18.65
24.67
24.86
19.9
11.02
12
16.12
19.67
21.65
19.99
19.21
17.22
12.83
9.6
19.09
17.22
-2.09
6.01
2.19
6.04
11.5
16.98
17.04
14.43
11.99
13.25
13.18
10.47
16.26
12.31
16.43
16.83
10.7
15.3
19.78
21.39
20.91
19.11
14
11.02
4.88
12.56
16.57
10.47
13.69
12.85
12.91
5.92
14.23
16.36
17.97
17.76
15.3
8.14
11.69
14.71
14.42
11.38
-9.57
1.02
2.86
5.65
11.05
15.12
15.21
14.09
12.85
7.99
8.03
15.76
17.4
17.31
15.98
11.09
9.57
7.14
11.96
17.54
16.57
5.14
9.17
11.12
10.51
7.93
6.19
3.7
12.71
21.32
16.87
6.55
14.58
18.28
21.31
22.63
21.03
16.25
16.61
7.08
17.73
22.12
22.03
20.64
20.96
19.86
21.73
24.64
24.7
20.61
15.71
16.03
19.17
23.37
21.99
17.48
17.21
21.5
21.73
17.03
9.64
13.7
20.44
22.04
23.94
20.8
2.85
15.82
13.49
14.3
15.26
14.92
18.28
18
17.29
16.14
14.4
6.14
13.58
5.88
15.8
11.66
16.01
22.43
24.09
20.49
16.79
17.08
19.02
21.89
22.26
23.86
21.75
13.56
11.8
21.22
23.69
16.58
18.87
23.29
24.19
26.33
28.2
25.08
16.11
20.62
21.14
16.18
14.95
18.49
22.95
26.62
29.15
27.37
19.51
9.65
14.62
15.19
20.59
20.45
22.33
26.06
24.89
22.04
25.83
23.7
15.01
14.31
19.7
14.57
15.46
18.91
18.71
16.15
17.2
15.11
20.03
11.66
22.04
26.77
23.68
12.2
16.14
19.79
12.77
9.13
17.31
8.33
13.61
15.16
11.95
13.39
19.99
21.24
17.11
11.76
11.89
10.01
12.51
20.2
15.77
14.28
21.31
23.38
16.62
23.68
23.38
10.33
15.23
17.47
4.57
15.9
9.73
15.45
23.99
24.66
16.64
15.06
14.35
17.17
9.02
14.82
21.53
26.23
27.16
24.3
18.36
15.34
22.58
24.16
26.76
24.97
15.18
11.33
14.74
17.4
21.73
22.83
17.82
22.98
23.94
19.52
20.68
22.67
20.66
19.45
24.32
27.33
27.67
24.28
19.65
20.29
23.17
21.87
12.33
0.19
6.41
13.45
19.63
19.42
15.83
20.52
21.84
16.01
21.93
25.24
17.41
15.64
20.24
23.61
24.87
24.85
24.02
20.39
17.38
23.47
24.49
19.32
9.12
18.95
26.29
25.77
16.28
19.98
19.25
21.2
24.23
23.66
18.5
15.71
22.21
24.67
24.97
17.8
14.49
22.17
22.85
16.75
4.97
9.72
14.74
18.67
17.09
18.73
18.57
19.51
20.93
14.96
11.38
13.87
14.8
19.23
13.25
14.21
11.24
17.33
20.01
8.81
7.46
13.7
18.29
13.05
2
15.69
15.26
15.23
21.37
24.21
25.57
26.74
28.44
21.5
19.84
24.74
20.8
18
15.9
9.27
19.67
18.63
9.91
13.38
7.46
20.59
23.42
19.88
16.78
14.42
16.04
22.03
17.65
22.47
21.44
-0.56
13.48
14.72
17.03
10.87
22.86
23.87
19.93
13.35
11.41
10.37
16.84
20.95
20.48
16.25
18.11
13.21
4.04
14.66
10.7
4.64
11.71
-5.05
16.79
19.18
16.09
18.15
17.34
12.53
16.98
17.76
18.73
21.05
19.53
16.33
18.52
12.25
9.79
16.88
21.81
24.23
22.42
13.91
9.52
13.35
15.31
14.85
16.85
9.71
19.21
20.2
16.45
22.04
24.8
22.87
18.54
15.89
18.92
19.16
16.94
22.86
23.89
22.18
17.9
5.21
15.31
22.35
24.67
23.35
20.32
7.65
13.35
11.42
17.22
17.95
12.35
11.48
13.22
18.44
17.01
19.74
24.22
24.96
23.18
19.67
18.61
10.3
7.04
9.11
6.27
16.71
19.17
7.6
11.31
19.94
24.3
22.61
14.76
15.53
12.03
-0.9
13.34
12.61
12.72
16.54
14.22
11.36
2.34
17.47
22.62
23.58
21.18
17.93
21.32
22.11
15.65
22.82
18.17
14.76
19.87
24.9
19.88
19.63
13
21.78
28.62
25.48
21.38
21.44
16.77
18.12
17.18
17.67
21.62
24.19
18.84
22.24
20.79
18.69
18.17
15.26
20.93
21.81
23.48
19.86
23.07
20.11
18.77
19.08
16.11
12.78
13.42
21.67
21.28
14.73
6.72
18.08
24.6
24.48
8.81
19.78
15.96
21.31
26.04
21.88
15.13
11.14
9.17
18.53
23.32
18.44
26.55
29.25
23.65
21.68
24.63
22.83
24.95
25.47
18.69
12.04
19.66
19.93
19.65
19.6
21.33
17.08
17.56
24.78
23.83
16.26
-1.11
21.12
23.96
16.68
15.86
19.72
15.38
13.9
16.67
15.26
15.07
13.33
18.25
25.45
28.62
26.57
23.69
23.41
22.41
21.84
11.8
14.64
16.33
17.96
19.45
23.24
22.38
17.48
16.35
9.59
16.66
24.27
26.34
21.28
18.52
23.52
21.82
17.26
16.68
19.07
23.01
25.11
23.79
21.86
23.15
25.07
25.57
25.08
23.5
21.51
18.38
9.29
16.63
14.98
19.08
22.03
22.45
28.2
29.96
24.54
14.62
13.08
21.4
19.6
17.62
20.89
22.63
25.19
26.86
19.69
8.8
11.2
15.98
20.16
16.39
19.57
26.62
30.15
28.19
15.92
14.04
20.28
26.77
29.37
24.47
24.77
22.58
15.58
22.63
10.31
18.1
21.39
24.65
19.21
15.09
13.95
23.23
21.37
17.77
23.42
21.11
12.93
17.89
17.51
38.94
43.84
39.56
27.62
20.98
11.68
20.79
27
25.25
21.53
19.41
13.83
15.19
25.87
26.69
22.33
19.23
26.01
24.58
23
17.74
8.31
7.55
16.45
23.9
25.56
26.68
37.06
45.58
45.92
37.47
22.66
22.7
14.65
19.42
22.77
18.13
24.31
29.52
29.57
25.76
21.98
21.89
20.13
14.04
7.79
11.74
10.38
3.52
-1.24
13.87
20.11
26.53
28.27
21.29
20.73
18.76
18.74
19.77
12.5
12.53
13.84
20.13
9.87
21.62
18.77
18.8
26.96
28.88
27.12
13.97
21.06
21.53
13.72
10.88
9.53
16.11
20.14
28.13
41.28
43.88
37.95
28.69
27.3
23.89
20.51
20.7
25.36
25.67
22.62
16.14
28.32
34.05
32.3
25.32
21.65
19.48
25.8
27.57
26.95
25.96
23.33
23.08
20.52
19.39
18.99
20.57
20.42
27.13
38.31
44.36
41.62
29.15
15.2
25.88
30.35
27.98
21.68
25.82
26.8
25.51
19.54
20.24
26.22
24.48
23.51
25.84
27.08
27.57
23.84
13.53
18.06
20.76
17.73
19.07
22.18
22.57
22.12
22.51
27.85
29.56
25.67
18.54
21.86
20.64
22.79
19.81
19.03
28.56
25.97
21.24
27.83
26.95
22.08
16.79
22.14
16.11
20.11
22.2
20.52
18.96
36.48
43.38
40.3
28.11
18.55
19.27
20.52
13.13
23.47
26.66
27.02
27.81
26.29
21.35
22.47
24.53
4.41
20.76
23
18.99
16.95
17.82
20.19
27.39
29.5
28.1
25.97
24.85
23.49
17.71
17.34
23.84
22.2
8.65
26.69
30.1
25.35
21.7
18.79
23.42
20.85
14.72
23.19
28.91
30.97
30.26
24.56
12.6
23.56
24.83
23.19
21.04
21.87
20.07
21.64
20.97
13.81
17.89
13.21
4.74
24.51
19.24
9.78
19.84
23.55
21.3
28.37
28.88
26.39
21.54
2.39
30.68
41.45
41.47
33.19
29.69
28.15
13.34
22.5
21.56
23.86
28.49
31.7
29.72
25.8
26.33
29.65
31.56
32.88
30.75
31.21
30.6
24.63
19.8
20.31
22.98
22.72
27.81
29.8
24.02
18.69
23.79
29.51
33.05
30.26
21.93
18.23
15.18
21.5
26.56
30.03
28.89
25.31
29.34
25
27.27
22.28
22.26
29.87
32.03
32.17
29.08
28.56
25.66
27.01
30.8
28.53
20.77
18.11
26.47
27.43
30.15
27.63
16.88
24.89
30.19
28.35
28.18
22.71
21.99
22.55
24.2
27.25
29.03
29.21
22.82
25.27
29.67
30.33
22.2
45.91
50.61
45.8
28.84
21.95
24.2
8.18
20.34
31.38
44.8
49.49
45.62
29.86
21.21
23.4
15.34
24.45
24.76
9.37
22.38
22.11
15.59
25.77
28.97
31.67
29.45
26.98
27.24
16.97
19.74
26.66
23.61
24.2
27.17
21.99
23.16
28.79
30.11
29.18
12.01
25.95
29.98
27.97
17.32
26.39
25.82
20.4
23.71
22.45
14.48
20.38
21.92
30.25
33.26
28.47
19.69
23.19
23.02
21.5
27.29
23.7
20.31
21.28
22.95
23.77
30.83
35.38
32.09
23.31
16.66
28.21
29.65
24.18
19.39
26.17
25.18
23.7
17.06
18.87
22.48
25.75
21.25
21.3
24.39
24.33
24.03
20.82
13.25
16
16.15
16.94
19.56
6.89
23.72
11.36
21.73
23.5
19.78
28.68
26.9
25.79
27.43
19.69
25.35
29.84
27.53
11.97
22.66
25.07
24.96
19.97
14.66
16.05
22.1
22.33
20.68
27.1
30.16
24.24
24.43
15.6
15.06
23.9
23.51
10.67
24.8
26.61
22.88
14.06
20.51
25.24
12.93
28.37
29.32
27.24
5.42
26.14
28.77
28.63
23.18
11.53
27.22
27.96
21.97
26.34
27.22
24.15
21.85
8.66
17.45
27.97
27.23
17.86
25.34
24.91
22.47
24.34
26.72
26.6
25.83
30.82
27.45
22.21
26.77
23.24
23.84
21.3
24.33
26.89
27.76
26.89
25.97
23.18
31.22
32.05
28.51
11.33
20.01
22.89
26.52
29.36
26.22
24.16
28.37
29.98
26.26
23.94
18.95
21.39
26.64
25.65
25.94
27.57
22.59
23.03
24.12
18.16
15.28
19.91
19.87
24.35
23.39
24.76
28.55
24.08
27.22
28.25
25.81
27.2
25.6
15.8
23.93
28.25
28.37
27.41
26.5
20.85
18.54
16.88
17.9
22.27
24.43
27.01
22.05
11.84
18.13
12.67
18.69
22.11
21.55
22.05
20.78
24.75
13.14
24.04
24.36
17.95
16.98
23.39
26.86
26.53
13.64
25.31
27.96
27.44
27.26
22.33
7.26
18.97
22.63
25.81
26.9
25.04
16.27
21.54
26.43
24
23.44
19.5
19.52
20.36
15.52
2.35
9.65
-3.2
15.87
16.4
12.72
15.06
16.89
23.16
27.39
26.18
21.5
24.57
22.55
19.3
26.41
25.9
21.18
21.42
22.33
26.61
25.68
20.17
21.71
23.98
23.89
21.6
23.3
24.21
22.69
16.45
17.53
23.62
21.14
21.02
19.72
11.57
6.69
14.67
9.37
5.91
18.44
21.12
20.86
17.34
22.55
22.73
21.28
21.66
19.42
19.39
21.67
26.1
26.84
23.99
19.09
18.95
12.97
10.3
20.59
25.67
25.41
18.77
13.01
20.09
18.57
21.98
29.6
25.82
25.37
34.31
34
25.68
29.42
31.58
30.1
28.8
15.52
27.12
31.44
30.34
23.78
27.18
31.8
30.42
22.49
25.95
29.78
28.87
27.08
28.64
29.05
30.44
29.12
27.23
30
31.12
31.68
29.27
27.91
30.36
29.82
25.93
21.5
26.47
27.9
24.69
16.43
22.6
19.83
22.05
21.61
18.63
17.24
13.27
14.67
24.06
25.19
30.8
30.01
25.93
19.92
24.43
26.94
28.41
26.16
29.24
35.88
31.09
10.14
24.68
29.22
24.94
13.1
17.35
20.42
23.46
23.74
26.89
27.64
26.69
26.01
27.86
23.46
17.66
10.95
21.82
27.65
24.7
19.88
19.91
28.19
28.45
21.88
16.46
23.19
24.88
9.94
25.58
27.4
26.51
22.31
19.9
24.45
28.91
26.18
23.22
21.97
23.05
6.89
18.64
26.98
24.6
14.67
24.67
27.13
29.78
29.75
29.28
28.34
21.81
22.78
25.68
23.5
24.56
23.1
21.74
25.71
20.03
19.37
20.06
15.27
16.19
25.53
27.43
24.37
22.63
26.9
23.32
20.02
26.83
25.77
16.23
14.75
23.06
19.83
19.55
26.18
22.17
13.09
21.34
17.35
22.83
24.91
26.15
27.67
25.77
19.12
17.47
20.58
17.95
19.68
22.82
14.85
26.87
24.82
24.22
26.75
25.77
18.75
26.14
28.47
27.6
25.67
21.36
22.47
26.44
23.65
17.42
19.79
18.29
12.62
14.85
4.6
24.24
25.22
24.08
17.59
-3.2
15.4
18.75
9.22
21.61
22.91
-2.37
27.64
28.8
27.63
29.63
28.76
21.62
21.69
26.32
22.96
15.9
14.61
23.81
23.81
21.72
27.38
26.61
16.39
18.25
16.38
17.55
12.34
15.01
12.76
20.9
16.69
14.23
25.9
29.63
28.54
24.37
19.09
15.45
16.08
17.94
21.68
16.77
23.96
28.76
28.12
21.37
4.12
9.56
18.67
21.54
24.49
19.35
14.92
19.59
17.47
3.01
11.87
14.59
22.17
20.34
17.75
16.51
9.23
19.62
21.28
23.6
24.89
22.57
21.59
20.91
21.94
22
21.41
17.81
15.29
22.63
20.92
21.49
25.98
26.84
21.52
16.73
19.85
21.84
19.74
16.93
19.37
20.64
20.7
18.68
19.36
19.89
11.05
18.13
18.18
7.35
19.18
25.55
24.47
19.45
22.49
19.88
11.21
9.16
7.05
12.73
17.18
9.08
23.01
19.95
19.35
21.26
17
18.22
13.52
12.38
15.96
24.76
22.69
11.19
17.29
19.59
21.1
20.34
20.83
18.67
17.58
23.25
23.9
18.52
12.56
20.9
20.99
7.68
22.28
21.58
17.03
9.37
12.18
10.01
4.62
4.34
13.32
19
21.27
24.21
24.18
22.59
20.99
21.26
23.73
19.06
11.4
10.9
23.87
25.23
22.57
19.79
18.73
20.96
18.97
16.79
22.85
22.84
17.19
12.02
22.71
22.49
14.74
20.85
21.73
18
21.39
21.03
10.22
13.94
10.53
16.56
21.56
20.47
7.31
23.96
27.36
24.74
18.54
16.88
19.31
22.23
24
23.3
17.24
7.81
21.7
24.87
23.55
22.1
20
15.82
15.88
18.79
23.02
27.31
28.62
25.8
12.74
9.9
1.73
2.78
17.9
23.98
20.5
18
22.56
22.05
19.41
18.49
24.11
14.9
15.08
11.34
18.09
23.32
16.97
11.75
19.38
19.96
17.33
14.73
17.07
15.98
12.62
10.14
18.89
22.52
24.33
22.89
18.86
15.67
16.29
22.31
21.31
13.46
8.8
19.51
23.74
24.49
21.66
18.31
19.71
21.24
14.37
15.91
18.67
13.9
-5.76
13.46
15.79
10.51
10.14
5.26
13.45
19.5
17.72
23.9
24.13
20.33
14.72
14.82
25.02
25.25
16
10.01
18.36
16.42
18.02
21.7
23.13
23.58
24.1
19.67
5.08
19.62
27.26
31.29
29.89
26.31
21.55
12.25
20.94
19.09
9.51
18.13
14.66
17.72
26.06
26.9
25.76
24.2
21.05
21.9
23.71
24.58
24.89
22.64
15.4
11.16
19.59
18.15
14.47
7.91
19.48
20.72
12.16
10.23
18.89
25.15
26.4
22.79
14.69
0.15
7.85
14.37
16.62
13.4
9.94
5.96
12.16
15.43
26.75
30.13
27.71
19.74
13.31
19.31
21.75
21.4
19.44
17.69
13.91
17.15
22.49
22.02
9.79
24.91
33.86
37.57
34.57
24.9
16.96
16.9
10.74
19.97
13.07
9.21
21.82
23.65
20.18
15.24
11.27
18.7
23.01
20.41
17.05
18.91
19.74
14.32
15.08
14.9
15.71
20.2
20.98
15.6
17.24
18.46
14.83
22.39
20.49
13.09
18.89
0.04
18.52
21.32
20.02
18.88
20.16
18.75
16.75
17.89
18.44
3.77
18.11
19.03
16.72
9.08
9.95
-4.29
14.8
20.03
18.61
14.6
14.25
20.69
20.67
14.98
17.24
22.62
22.64
15.89
25.55
26.37
17.43
12.61
7.86
13.14
19.09
19.66
3.54
19.71
19
16.46
11.62
20.13
18.04
14.55
11.98
17.67
14.97
16.32
13.14
17.28
12.47
11.79
11.34
14.3
19.92
19.46
21.65
20.89
16.91
8.54
15.6
13.45
5.31
10.53
21.48
23.32
21.79
22.51
15.1
21.15
26.32
22.05
-1.84
18.43
16.98
4.3
14.23
20.3
17.84
12.32
21.38
24.16
21.89
16.51
13.11
21.28
20.63
14.58
7.72
8.65
16.04
20.45
11.38
15
18.23
17.81
20.42
22.58
19.03
15.3
16.01
16.39
16.02
12.18
14.17
18.02
8.52
17.87
20.12
23.39
24.79
23.31
21.65
15.7
13.68
20.56
22.3
18.18
8.68
9.61
15.09
21.1
20.42
17.41
1.96
17.38
13.84
13.25
16.32
15.31
-0.58
18.3
22.86
20.59
16.95
11.63
8.78
12.44
19.41
23.41
18.4
15.47
17.18
16.25
17.38
20.08
16.97
15.54
16.53
21.4
23.74
21.03
17.52
16.3
22.5
24.96
23.52
16.1
17.57
22.04
20.89
8.06
19.85
20.35
16.78
13.19
17.97
21.15
19.65
13.15
17.33
15.41
13.5
11.27
16.24
18.12
21.59
19.41
13.1
0.08
13.91
20.44
18.62
7.38
11.69
11.64
9.1
16.9
19.12
17.84
10.35
17.46
23.66
24.53
24.62
20.01
16.96
19.26
15.33
5.27
13.08
15.7
14.91
12.87
19.91
21.91
18.88
3.61
14.52
12.28
8.55
17.37
17.76
17.12
19.88
19.93
17.55
2.13
15.96
3.66
10.37
16.95
18.59
15.12
15.45
14.36
15.39
12
14.63
11.18
2.65
11.1
14.3
14.89
14.31
18.26
19.53
19.21
13.55
10.87
16.19
19.7
19.28
20.3
16.56
13.91
6.41
9.43
8.98
7.52
12.13
15.84
18.84
17.16
13.07
8.8
5.49
15.5
14.7
4.61
6.86
8.02
8.88
7.28
11.61
11.59
16.55
17.98
16.08
18.19
18.46
14.56
6.72
12.3
17.13
11.04
7.82
5.7
8.5
15.59
15.89
3.7
18.14
11.35
10.34
9.59
7.8
14.24
15.52
10.63
13.15
15.1
12.85
14.35
16.83
14.27
7.69
6.65
13.42
14.17
15.97
17.34
15.11
11.34
8.76
16.86
19.7
11.1
9.03
8.86
11.59
19.69
18.05
4.02
14.79
13.61
17.49
13.02
9.1
7.1
11.83
12.53
13.72
3.59
1.46
4.63
13.27
16.57
14.83
13.66
6.31
6.83
18.87
21.37
20.45
16.63
13.56
14.28
13.55
10.14
12.73
5.82
16.06
19.35
18.21
14.85
10.47
12.9
8.78
12.34
14.06
13.17
9.55
14.96
11.24
15.22
20.1
18.32
18.09
19.32
12.15
19.44
20.32
17.17
14.07
14.13
15.67
18.31
17.68
13.96
15
18.24
16.88
15.39
18.85
15.16
16.5
13.17
9.89
1.71
11.37
20.07
19.68
0.37
14.37
14.46
16.39
15.68
16.85
15.71
9.71
0.33
11.95
11.72
-8.89
8.61
17.77
20.81
17.46
12.53
12.15
10.49
15.51
19.09
14.63
-4.08
11.68
8.96
4.55
16.18
17.12
9.55
11.61
16.3
-1.44
12.29
12.18
8.71
13.15
7.15
17.11
19.47
13.52
13.43
18.21
18.51
10.26
11.42
9.16
18.46
17.82
9.2
12.56
12.53
19.51
13.34
17.5
15.38
8.86
11.22
16.72
17.47
13.74
13.12
11.68
-0.7
-3.7
1.88
8.19
15.3
13.58
6.55
10.5
7.86
11.86
7.08
9.06
4.78
3.21
8.04
16.26
19.85
22.95
22.31
16.52
15.04
16.94
14.73
2.95
7.38
3.91
11.1
18.23
14.78
14.26
20.02
17.33
16.54
14.53
4.88
16.31
18.19
15.39
8.98
7.35
17.26
19.85
16.06
-1.47
15.21
21.32
21.48
15.64
3.23
11.28
16.76
15.1
12.3
12.67
12.58
13.51
14.8
20.14
19.63
18.97
18.23
16.95
16.26
19.49
18.68
15.2
17.77
20.3
17.72
19.24
21.87
18.69
7.82
16.61
23.63
24.91
22.87
10.97
22.11
21.53
14.58
5.85
-0.28
9.46
19.9
20.23
14.59
16.94
13.97
11.11
14.09
18.28
16.38
4.83
12.92
16.12
10.32
10.01
18.95
20.9
18.49
14.42
11.6
9.21
4.73
16.99
20.21
18.04
8.53
4.16
7.47
13
20.38
20.21
2.44
14.62
12.01
14
11.86
3.85
15.9
18.71
20.21
21.87
18.62
14.88
19.99
14.57
0.59
12.72
22.67
21.48
18.39
16.56
12.81
13.73
16.76
15.14
15.43
13.63
17.27
18.03
16.87
15.57
14.46
13.28
14.25
16.13
11.79
10.04
8.1
11.16
18.23
18.51
15.7
9.57
8.82
14.03
18.14
20.27
20.7
14.66
8.61
14.18
17.3
17.37
9.84
11.68
9.6
17.63
18.83
10.33
14.47
16.22
19.82
17.88
17.28
17.37
9.89
8.08
10.86
6.88
16.41
18.23
7.99
19.41
17.51
17.77
11.9
10.84
12.27
14.47
17.64
17.88
17.96
19.82
19.23
17.07
19.23
20.57
16.38
16.82
18.06
11.06
16.72
23.07
21.01
17.22
15.2
16.14
18.28
12.07
2.37
13.36
13.35
9.46
18.99
20.46
17.17
15.8
17.63
14.73
2.55
6.95
9.02
15.35
16.44
16.75
10.91
2.66
10.21
7.9
16.7
22.7
21.41
18.59
19.87
13.51
14.61
12.42
15.46
15.82
7.46
16.85
15.3
19.12
16.78
8.48
16.16
12.81
10.75
7.93
8.63
14.21
12.88
17.58
23.71
22.25
18.93
7.1
17.98
16.34
9.79
18.71
18.38
6.23
6.67
15.53
19.41
16.41
13.32
15.46
15.11
17.65
19.47
18.7
17.23
17.52
21.29
20.2
18.37
20.27
23.13
21.53
2.86
7.16
5.75
14.57
19.71
9.69
17.69
23.85
21.61
5.87
17.49
17.88
17.55
18.01
14.36
12.54
12.32
17.98
21.03
12.87
10.09
17.03
16.66
11.84
16.05
10.57
9.3
16.3
22.44
23.17
20.94
10.03
13.49
22.4
22.23
19.91
16.69
12.9
16.5
12.06
17.69
24.05
22.7
22.74
23.05
22.37
20.3
21
18.63
14.01
12.95
18.08
21.71
22.4
22.75
12.48
18.2
18.8
16.53
20.91
18.45
9.86
12.18
23.15
25.82
19.43
17.88
21.1
20.38
18.93
5.28
20.39
17.07
10.98
13.94
19.56
22.11
22.02
19.2
10.77
16.3
18.4
15.31
16.85
14.97
17.69
17.62
17.72
19.68
16.41
19.04
20.85
20.14
17.29
20.2
17.66
0.96
15.52
16.65
9.58
20.75
22.17
17.75
12.25
12.64
15.83
12.63
10.49
18.15
22.62
17.04
22.27
24.27
20.7
19.8
22.72
22.04
20.19
8.4
12.55
15.88
15.01
14.16
17.13
22.84
22.87
17.72
11.45
10.33
17.76
24
26.96
23.8
23.45
22.56
18.15
19.75
18.97
16.06
16.75
10.99
-1.86
12.81
14.44
15.23
18.19
17.96
18.52
21.09
19.98
18.58
13.66
9.81
7.55
15.36
23.68
21.54
7.35
16.66
13.06
20.7
23.19
12.51
13.89
16.76
21.31
16.34
19.56
18.73
14.5
18.83
21.5
21.68
19.4
15.2
18.01
19.74
17.07
14.11
15.79
11.68
20.99
21.79
20.88
18.58
18.23
13.32
6.93
7.54
7.94
11.1
12.57
9.7
13.22
16.71
18.24
12.37
8.27
-2.63
14.13
15.16
0.07
7.17
15.67
18.6
21
19.11
7.83
14.48
12.21
8.22
15.62
15.11
13.82
13.85
9.48
14.74
18.16
16.74
14.44
19.81
19.2
14.01
18.37
22.17
19.4
21.26
20.4
18.04
17.71
15.99
14.83
12.68
15.87
17
17.89
14.83
6.73
17.05
16.39
9.83
18.88
18.57
13.65
18.38
16.81
14.21
13.36
21.38
18.67
9.77
17.01
10.38
18.37
15.31
14.29
7.8
9.06
10.78
13.01
13.06
9.38
7.71
17.24
17
16.96
15.87
15.62
18.31
13.54
0.35
5.79
8.34
9.58
13.37
18.32
16.55
10.44
9.15
9.9
15.13
13.74
15.58
21.95
19.08
15.69
7.45
3.63
13.89
14.05
16.03
4.49
4.16
11.22
11.66
17.76
19.95
15.81
18.08
21.18
20.63
17.5
17.19
17.4
9.08
12.65
16.94
16.76
11.15
15.54
17.31
14.62
13.72
16.78
14.52
16.08
9.76
13.86
15.95
13.98
9.6
-5.21
9.94
14.04
16.79
17.98
16.05
14.2
19.51
20.86
11.57
9.07
15.39
22.38
22.49
20.31
14.88
4.32
17.66
20.64
17.43
16.1
14.09
14.8
14.47
11.27
9.37
3.77
13.28
12.21
6.16
11.81
11.94
-4.72
3.34
10.33
15.84
15.78
14.56
13.16
17.03
19.71
20.13
21.39
19.52
18.1
15.76
10.28
7.7
16.99
17.01
11.6
14.21
20.82
21.55
13.51
4.22
5.3
3.16
11.93
19.19
20.4
15.13
16.86
21.41
17.92
10.8
15.02
16.92
10.37
11.21
8.91
13.42
20.79
23.66
21.99
15.75
12.43
8.94
12.54
16.07
14.11
12.55
13.97
16.08
17.57
12.67
7.55
7.74
5.79
12.99
11.13
18.47
22.21
21.62
10.58
13.79
11.32
14.62
8.47
18.54
17.39
13.85
16.74
18.98
19.12
17.51
14.66
13.12
7.74
5.88
4.29
4.12
7.69
7.19
15.57
12.06
8.03
7.1
10.65
10.41
12.73
16.86
17.37
15.67
11.99
15.1
19.3
18.12
13.94
13.91
11.52
9.23
10.65
15.31
18.76
19.54
18.82
15.46
0.63
14.26
10.48
8.94
10.51
11.49
14.65
15.69
18.31
16.42
6.76
7.72
5.59
3.66
12.3
15.1
4.38
15.83
16.04
9.98
13.34
17.38
18.38
19.75
20.53
17.88
18.57
20.51
17.84
11.91
12.22
10.8
14.9
18.3
12.17
0.88
15.61
18.2
16.09
12.62
11.97
15.34
12.12
6.71
13.34
12.74
12.29
7.49
15.61
13.67
9.69
18.39
16.75
5.08
12.41
4.64
8.41
11.79
12.76
15.6
13.57
17.57
17.41
20.98
21.73
16.04
10.41
12.49
8.43
8.05
16.03
15.47
11.2
11.53
17.84
20.52
18.87
14.25
9.87
19.55
16.71
-14.29
7.38
14.92
18.56
18.3
18.9
13.93
12.26
11.61
-2.24
5.04
14.37
13.04
8.69
10.8
11.43
8.86
9.71
17.15
20.6
18.56
10.5
11.12
15.43
14.8
4.1
10.33
8.19
11.69
13.82
7.31
10.15
2.47
12.38
10.74
-6.52
7.29
9.23
3.82
16.38
20.96
18.55
0.64
11.69
17.45
19.2
14.29
13.23
16.4
13.91
14.63
10.8
3.82
7.52
12.95
15.05
14.36
9.22
10.23
3.67
13.01
10.01
0.47
12.39
18.87
16.67
10.48
13.94
13.63
10.03
14.04
17.17
11.22
13.13
18.57
16.73
3.37
9.19
4.45
9.57
8.7
6.2
6.36
4.8
8.48
4.52
2.84
5.66
8.33
10.7
6
8.8
6.69
10.31
14.96
15.5
7.49
13.11
10.24
-12.3
4.44
1.33
8.51
7.73
3.68
10.66
8.15
6.9
-2.5
9
5.32
9.28
10.83
14.17
14.07
12.23
16.97
16.26
13.35
12.84
15.65
19.9
18.76
13.97
17.05
18.93
17.51
10.1
10.97
9.75
-0.91
-5.08
5.11
9.97
7.86
12.33
10.29
0.17
-8.37
0.47
10.73
11.63
16.41
16.45
15.97
16.52
11.51
8.86
7.56
6.56
4.94
15.9
15.9
10.87
14.64
16.4
11.59
10.06
13.04
14.25
13.42
16.19
17.98
14.36
6.36
1.51
1.37
11.67
13.27
16.32
17.78
12.37
-0.41
10.97
14.54
16.45
14.28
13.07
13.31
10.37
0.27
6.79
10.35
12.31
14.53
2.48
14.41
14.18
7.12
8.48
10.59
4.79
10.1
16.21
17.12
15.39
13.59
12.34
-1.87
12.37
6.39
9.2
-3.64
13.37
14.31
12.72
11.5
13.59
16.24
13.47
-0.06
4.89
13.8
17.51
17.08
15.33
17.19
15.23
12.3
10.37
9.11
8.06
6.72
10
9.98
-0.37
11.87
13.42
-9.09
10.29
9
2.81
11.14
16.09
20.6
17.74
7.24
2.08
6.89
6.43
8.12
6.76
16.85
18.39
16.41
16.21
14.75
9.2
13.62
12.55
11.4
9.52
11.37
12.11
14.02
12.75
8.92
1.17
9.56
15.06
16.17
17.64
17.47
14.79
9.76
5.65
9.06
12.15
8.83
13.33
14.31
-8.89
17.55
21.72
21.19
18.05
12.31
6.61
10.42
9.37
16.23
15.54
9.36
13.34
10.44
12.44
12.77
17.2
17.82
14.12
13.43
18.08
20.5
18.71
12.03
7.81
12.97
15.44
16.07
18.33
19.36
16.91
14.3
12.41
18.41
15.12
7.33
10.67
6.46
9.89
12.78
12
-0.34
11.26
14.46
15.88
8.83
15.13
14.16
11.16
12.23
17.36
15.63
12.24
15.14
19.14
18.65
10.81
8.02
14.57
14.75
14.04
6.85
15.97
16.04
12.23
9.5
16.92
17.56
10.21
7.72
15.38
12.28
9.03
7.03
0.39
7.04
0.62
2.34
9.79
14.01
14.97
14.05
9.8
14.62
20.06
19.06
16.2
18.11
18.52
17.11
12.63
12.85
18.09
21.45
22.48
21.37
19.65
16.47
10.34
18.25
18.76
14.51
11.71
17.07
16.41
12.86
10.87
7.13
17.99
17.45
15.49
19.71
22.91
21.02
12.22
11.07
2.28
16.51
19.45
20.14
19.58
9.69
14.83
20.97
20.58
15.85
11.13
12.08
12.35
-0.91
10.65
13.14
13.14
13
17.84
20
19.91
18.89
14.46
16.01
18.52
17.2
16.14
15.5
15.69
14.57
16.37
17.71
7.56
15.44
20.05
19.99
15.21
0.43
10.84
10.18
9.72
6.72
10.78
17.04
17.75
17.5
12.72
6.07
14.93
12.69
0.19
12.02
15.13
17.41
15.96
10
10.86
9.45
8.43
18.11
21.48
20.46
16.28
10.73
15.93
16.97
14.77
8.75
16.19
17.87
16.59
12.01
8.47
16.59
16.2
13.81
6.14
3.54
8.01
14.7
7.07
10.54
15.29
19.89
21.18
19.04
15.75
10.12
0.78
14.17
17.9
19.35
16.44
11.36
17.44
14.83
1.88
12.77
15.42
14.85
15.22
12.3
2.58
7.58
11.1
13.2
16.22
18.82
18.14
12.31
13.65
16.7
16.16
15.57
15.25
11.9
14.12
18.71
16.56
15.64
19.08
17.52
10.66
9.04
5.26
10.6
11.89
13.57
11.22
9.56
8.29
7.63
7.87
16.72
18.89
10.5
12.03
14.05
8.44
-11.28
8.47
18.08
20.67
19.23
17.41
14.58
-10.76
11.52
14.9
13.6
12.38
12.75
10.63
15.09
17.93
15.44
14.12
13.38
9.28
5.42
2.52
2.11
5.68
15.05
13.05
12.4
8.81
-1.58
4.02
10.11
10.68
12.71
12.6
8.94
5.5
9.65
14.64
7.73
10.42
13.45
10.01
1.69
11.92
10.05
11.64
10.64
0.61
0.51
6.07
2.38
1.26
-3.06
5.63
8.61
14.99
12.87
10.48
9.58
9.6
10.71
5.23
10.88
5.93
-0.57
9.45
11.14
3.13
2.12
11.63
11.05
-7.33
7.04
13.46
13.52
14.12
13.47
0.87
12.73
14.67
11.41
4.42
8.3
11.31
12.16
14.41
16.75
12.28
12.93
11.05
8.58
11.8
11.85
10.73
7.27
2.91
11.98
17.29
13.65
10.48
11.01
14.23
14.83
14.25
8.53
3.98
5.69
13.14
15.76
14.59
11.22
2.58
8.91
16.26
15.05
11.01
7.82
11.78
8.37
15.66
18.05
13.99
8.78
11.72
12.35
11.34
7.79
-5.41
10.8
16.8
13.15
9.05
14.5
13.47
13.82
16.68
15.15
12.85
5.34
8.44
16.65
17.53
13.32
14.54
15.64
13.34
9.49
5.65
-1.57
6.79
6.33
16.04
18.94
13.46
8.46
9.58
-4.47
11.03
13.56
12
12.16
15.45
12.89
12.54
4.13
-3.21
11.08
10.7
10.08
8.44
7.82
12.93
17.81
17.83
11.8
6.05
3.77
-6.09
12.96
12.04
11.37
3.85
9.54
10
9.2
8.99
17.28
15.27
6.12
13.48
17.21
15.71
8.68
9.66
8.51
9.28
11.24
10.07
-0.46
6.31
9.86
15.78
15.5
18.11
16.66
11.11
12.1
12.33
-3.45
12.46
10.51
10.63
17.16
17.36
8.55
13.43
14.67
6.58
-0.48
-1.46
6.23
-3.42
11.27
11.16
-1.14
14.42
17.73
12.73
8.12
-1.87
5.87
1.79
13.16
15
14.14
14.49
13.62
13.6
9
6.7
8.2
10.06
2.73
1.26
10.95
7.04
6.35
11.57
16.12
16.45
14.6
10.29
3.94
9.19
-0.85
15.97
14.65
11.28
13.22
12.17
4.64
12.58
11.05
11.6
10.07
-4.08
10.21
12.75
10.45
9.3
12.47
3.34
5.25
11.69
14.47
10.9
10.88
14.71
7.28
8.59
14.98
18.63
16.97
14.75
16.1
15.84
13.07
-1.43
8.99
-7.98
14.33
15.41
15.95
15.73
16.12
17.55
9.07
11.03
6.58
10.58
10.36
10.59
13.01
14.1
16.67
17.26
18.27
17.12
14.42
16.43
13.86
-8.33
-0.32
8.26
5.32
14.16
13.54
4.17
3.07
10.13
9.62
8.31
14.03
17.35
9.78
12.63
15.03
8.63
7.78
8.78
4.87
10.11
9.37
13.42
15.6
13.29
14.46
16.02
17.26
16.89
14.53
11.12
5.71
5.49
12.44
18.37
17.33
12.35
9.23
13.38
15.41
17.52
18.47
18.93
17.45
12.38
7.4
11.8
14.32
13.13
5.12
9.16
11.29
3.57
7.88
6.53
2.41
-2.98
12.35
11.81
7.16
13.05
13.42
6.77
1.69
-3.87
7.01
9.21
10.31
11.85
6.99
9.9
15.1
12.74
8
0.39
8.79
17.72
17.58
9.12
14.38
15.48
12.34
9.43
8.21
12.53
12.99
12.62
8.28
9.8
13.89
10.7
17.6
17.33
11.56
7.98
7.24
9.86
10.88
9.04
6.13
-3.29
7.53
8.11
10.28
11.25
10.03
7.45
9.62
10.76
13.11
11.06
11.02
11.92
13.39
16.2
11.31
3.82
6.58
-2.77
7.87
4.23
5.11
2.39
3.37
5.29
9.42
-2.56
4.73
-3.03
5.14
1.05
7.4
9.17
13.72
16.97
17.11
18.06
14.78
12.98
6.7
5.52
2.3
13.21
10.38
10.87
4.43
5.28
-5.2
-0.2
8.77
13.57
16.8
16.84
15.61
11.57
16.16
17.02
10.8
10.39
18.14
18
12.99
5.07
10.69
9.97
10.38
9.66
15.07
1.35
9.52
2.7
13.43
12.8
11.95
14.49
15.19
12.12
10.52
12.07
17.4
15.38
9.23
7.2
8.67
9.54
12.91
8.81
9.59
7.61
4.22
4.24
9.36
13.78
17.42
14.38
1.87
8.76
13.04
14.6
-8.15
4.36
11.92
14.41
3.22
11.26
7.78
11.93
11.77
11.97
12.33
9.7
12.84
11.31
5.52
10.61
2.85
10.67
11.23
7.04
16.53
15.82
8.26
10.57
10.55
12.19
-0.97
8.18
3.33
5.61
4.1
3.57
3.53
3.64
13.22
16.45
17.16
17.24
14.22
14.17
18.11
17.43
13.8
5.43
13.66
9.23
6.74
6.16
6.28
7.73
6.85
10.87
16.32
16.17
13.29
10.47
5.86
-9.81
5.64
11.2
4.48
4.21
13.12
13.28
12.27
15.15
12.9
6.88
15.53
15.84
10.67
10.66
11.88
15.04
17.2
17.74
16.44
10.62
12.52
4.59
14.08
14.7
17.53
19.7
19.3
18.95
16.05
15.41
12.5
3.02
8.38
14.87
18.73
15.52
2.06
13.12
12.91
11.62
12.6
13.42
13.32
17.47
18.29
14.29
7.01
1.27
8.08
10.24
3.77
13
14.9
13.42
13.23
15.97
15.9
-24.02
8.9
10.94
11.9
6.45
5.05
10.49
8.09
12.18
13.6
9.61
9.89
10.89
-1.08
13.99
16.18
10.61
10.78
14.72
12.1
1.4
10.38
9.66
12.34
16.05
16.74
15.95
9.38
10.25
17.3
15.7
-0.28
11.65
7.52
11.23
12.44
7.86
7.82
2.6
7.91
5.6
12.31
15.86
13.83
8.81
4.34
10.35
3.78
11.77
17.25
11.56
6.85
7.42
2.31
1.98
4.68
-0.7
5.53
5.91
2.54
5.26
8.97
12.02
10.31
0.3
10.25
10.3
10.35
1.48
-0.48
8.95
11.44
11.37
16.49
17.21
11.95
9.44
11.95
12.88
11.88
11.2
8.81
7.16
2.87
11.49
-2.5
11.46
7.21
7.35
11.19
12.35
8.25
-1.37
9.43
12.2
10.63
12.41
7.42
8.15
8.2
14.85
16.08
6.42
0.56
-10.92
0.9
9
9.36
7.9
13.67
15.18
12.9
10.07
9.8
12.04
11.82
11.03
11.54
7.92
0.53
-1.75
5.88
9.85
13.2
8.19
6.36
6.82
9.24
8.93
8.88
12
15.67
12.66
7.84
11.32
7.93
-0.4
9.87
9.54
9.46
4.72
9.08
5.48
13.12
12.11
6.82
13.21
15.74
15.11
12.29
-0.9
1.85
6.62
10.54
-0.53
3.35
8.35
6.13
5.11
13.01
8.26
4.84
16.96
17.07
11.62
9.62
3.11
-3.02
5.95
9.51
10.32
7.3
10.03
13.89
13.05
12.73
12.56
7.91
5.06
5.15
4.87
-17.03
5.83
10.01
15.54
13.69
9.08
4.07
6.86
11.48
-9.67
8.93
6.56
7.81
4.3
10.43
14.28
6.04
6.25
15.22
13.33
10.93
6.21
9.73
10.23
9.5
4.84
11.49
10.92
3.29
0.9
-1.46
-6.45
0.12
6.96
7.4
11.29
14.72
14.16
10.53
4.57
4.77
2.99
2.37
7.94
13.4
12.04
-2.08
10.35
6.94
13.33
16.69
18.78
18.38
14.57
12.37
13.46
15.66
15
1.59
13.71
16.84
15.19
13.89
13.97
8.3
7.4
3.33
-1.17
-1.63
12.6
13.26
10.67
0.34
15.79
19.54
13.74
-6.52
6.24
6.43
11.82
19.02
14.92
7.57
10.8
2.51
3.76
0.65
-1.98
6.8
5.03
4.9
13.94
8.45
13.52
14.33
-8.73
9.43
9
10.85
13.86
11.97
15.72
19.58
20.08
18.51
13.19
7.73
8.72
4.78
4.39
6.69
-1.67
11.16
11.83
3.74
3.06
7.98
15.57
13.65
7.49
6.66
13.95
15.16
9.52
7.66
11.95
14.62
15.98
16.66
9.4
5.72
12.91
12.85
6.64
4.88
8.46
-17.3
12.3
13.04
5.06
4.39
11.98
9.01
10.1
11.18
11.44
14
13.26
6.32
6.05
11.8
10.95
6.38
15.06
4.93
17.83
20.45
18.86
18.32
12.65
0.07
5.16
2.51
13
14.74
15.63
14.85
1.51
14.23
16.87
13.08
4.76
13.1
13.21
8.89
8.86
10.92
-0.49
10.66
16.87
17.18
13.56
10.24
-1.82
8.78
11.26
-0.6
10.52
11.89
12.07
14.34
12.94
1.81
2.89
5.02
6.82
10.69
9.42
9.89
16.45
16.48
13.73
9.74
3
2.17
17.85
18.18
11
12.95
19.12
18.2
11.98
14.57
14.78
3.21
11.88
15.73
14.95
8.84
13.06
14.74
8.29
13.88
14.44
6.35
9.02
14.04
9.21
13.25
17.83
17.29
15.67
12.2
9.96
14.83
13.37
10.7
6.84
5.76
8.69
15.42
13.97
9.44
6.95
7.16
11.69
12.74
12.59
1.01
11.6
16.3
15.69
9.98
1.7
3.02
2.89
13.31
13.79
12.4
12.15
15.41
18.36
19.74
18.7
11.66
8.41
15.12
11.25
8.98
7.4
11.84
20.72
21
15.23
12.07
9.85
14.17
17.76
17.85
11.77
6.93
13.09
11.04
11.88
12.53
9.08
13.43
14.5
13.19
6.99
5.66
10.16
6.42
9.29
9.98
10.43
11.93
4.23
-7.7
-2.59
-9.06
-2.54
2.06
7.17
6.97
9.91
6.05
11.03
18.05
16.92
5.83
3.65
9.24
11.88
9.44
-4.68
-12.58
-9.19
12.85
17.7
15.18
12.38
12.8
15.41
12.46
8.73
12.79
16.22
13.42
4.36
14.7
18.94
17.27
14.42
13.85
14.56
9.73
2.31
11.29
13.84
16.99
15.46
-1.93
12.21
12.55
9.62
2.35
14.52
14.98
11.73
11.14
6.77
2.55
13.89
18.21
12.5
13.1
10.28
13.06
17.65
20.28
17.98
13.68
6.83
7.33
14.63
14.87
2.46
13.03
13.72
12.69
12.36
10.79
-4.68
16.06
18.5
14.31
10.28
11.01
12.87
9.61
6.18
6.99
16.88
20.5
18.49
8.15
11.73
14.02
7.87
17.02
18.4
11.13
4.04
14.33
17.69
18.58
19.89
