9.52
5.79
1.45
9.08
8.32
2.91
7.79
8.48
8.08
8.09
9.36
7.61
14.01
15.41
10.43
9.03
10.75
7.66
5.41
8.47
13.75
13.61
14.13
12.35
-11.06
12
9.87
4.1
4.19
8.62
8.74
-0.64
1.08
2.35
-5.48
8
13.36
13.04
6.97
8.53
10.27
12.56
15.11
16.14
14.44
10.09
-1.33
1.67
7.27
2.21
1.27
3.65
6.46
12.81
12.6
6.88
-9.76
9.41
7.54
1.84
4.39
10.99
14.9
12.26
8.84
9.45
14.67
14.37
4.49
14.47
16.74
12.99
4.1
4.13
1.16
6.55
7.49
2.3
-7.98
7.79
13.98
12.67
4.59
11.81
9.08
9.96
13.54
10.33
1.76
8.41
7.39
-14.47
1
4.43
5.85
7.19
8.3
7.98
7.57
8.4
8.42
8.86
3.97
16.1
16.58
12.01
11.35
15.75
16.51
13.77
10.03
9.1
13.71
14.2
10.82
10.15
11.24
11.83
9.79
5.69
11.49
15.31
11.91
8.34
5.53
5.46
8.84
5.2
9.28
4.32
13.26
17.39
15.74
11.91
12.51
13.91
9.79
0.91
6.6
12.67
14.21
13.32
11.82
4.93
10.46
16.9
16.8
10.69
-11.46
4.87
11.13
10.38
7.36
0.88
10.06
12.94
10.99
8.3
-1.04
5.95
12.61
12.02
5.19
13.06
12.8
5.13
2.28
-9.59
10.32
11.75
11.09
5.26
-0.68
9.07
10.13
8.11
13.42
10.46
-5.24
4.87
9.45
3.87
1.58
6.07
2.98
7.08
13.33
13.34
7.68
-1.08
5.34
6.71
8.06
13.15
10.2
8.91
9.18
-0.09
5.11
2.7
16.08
14.81
6.79
0.39
-0.13
-4.18
4.58
14.01
16.77
15.79
8.74
5.6
10.46
14.06
13.19
7.46
4
5.45
4.32
-7.25
7.04
11.14
8.45
-0.44
9.13
4.73
3.16
6.52
10.23
3.95
2.25
8.44
1.95
6.24
9.46
10.84
11.95
8.9
8.73
11.46
3.66
-11.01
4.62
5.51
8.25
9.38
6.87
9.17
10.7
2.63
10.57
6.08
-2.8
10.63
15.44
14.76
7.05
7.02
12.79
13.44
12.59
11.53
10.66
11.69
9.74
10.07
12.42
12.36
14.84
14.62
5.73
8.88
14.46
10.48
5.2
13.29
14.05
10.21
8.07
13.54
9.13
4.2
10.57
10.99
4.93
0.44
9.53
12.37
12.15
13.44
14.38
12.65
13.68
13.28
7.51
9.71
14.68
17.2
9.87
9.25
10
4.22
8.84
9.94
8.11
6.9
6.97
5.7
3.06
9.42
10.03
4.94
-0.7
8.63
14.18
13.66
-0.69
9.42
11.74
12.31
10.08
3.97
5.98
8.24
10.27
12.1
7.84
-2.91
2.15
9.8
12.32
11.33
6.78
15.91
15.16
14.36
12.78
5.22
4.29
2.6
3.67
-5.49
-1.53
2.74
3.71
5.27
5.13
1.39
-7.31
-1.42
-5.11
6.52
10.72
10.79
8.89
10.69
16.46
17.16
14.19
13.04
6.73
-3.14
9.63
15.25
15.95
13.95
9.68
4.37
6.31
8.4
8.13
6.73
-13.45
4.69
3.09
10.63
8.58
-1.35
6.93
12.93
12.28
12.14
13.94
12.78
12.47
10.72
14.62
17.5
12.24
5.37
13.85
12.95
9
6.68
8.1
-2.47
-1.79
4.42
7.09
4.98
12.17
-0.1
3.4
-2.77
9.08
14.03
16.29
16.39
12.97
8.09
11.29
9.93
5.62
1.57
3.51
7.47
8.1
7.9
10.68
7.66
6.81
10.56
11.63
0.97
8.32
5.96
1.16
-2.71
6.9
9.35
1.24
10.59
12.51
11.44
14.65
16.24
13.01
9.6
9.09
6.91
8.53
7.32
6.07
1.36
7.14
9.69
11.53
9.01
6.02
9.5
12.78
8.82
10.94
12.51
1.99
4.28
10.69
12.19
14.76
9.69
11.23
12.9
13.41
8.27
9.9
14.6
15.94
18.26
17.64
13.83
12.27
12.52
11.63
16.61
15.53
11.12
13.5
14.23
11.54
10.6
8.72
8.56
9.56
3.28
5.87
4.6
-0.51
4.47
-2.85
6.77
11.74
8.1
-4.92
-3.86
-2.59
11.45
14.22
8.32
1.76
3.63
9.92
13.5
12.3
12.45
13.95
13.21
10.32
6.31
4.88
4.73
13.18
10.1
4.23
9.82
12.61
8.29
0.16
3.82
7.48
-4.33
7.21
4.9
8.78
6.75
3.57
13.12
12.51
8.29
14.71
16.52
15.85
7.8
7.27
6.26
7.95
12.7
15.61
10.05
9.31
13.18
8.9
12.25
10.25
6.88
10.69
10.91
11.96
15.1
9.91
7.31
11.22
10.44
-0.7
5.89
7.36
-0.76
-4.1
4.81
4.9
-16.03
5.04
10.77
8.41
7.84
10.91
3.59
11.33
11.61
7.08
7.04
14.01
14.71
10.95
13.37
8.49
4.62
7.75
11.4
14.11
16.38
15.98
9.91
-6.38
6.05
10.54
11.56
14.66
11.81
11.33
14.02
13.18
15.46
18.2
15.31
10.37
4.61
5.82
6.86
11.64
17.58
16.57
11.89
12.88
8.48
5.62
1.93
12.97
16.37
19.27
18.09
13.73
12.53
9.12
4.24
11.7
4.58
4.18
5.39
11.89
15.23
16.34
16.37
15.05
11.88
8.59
6.13
12.77
14.99
6.64
10.97
11.51
6.71
9.58
12.36
12.61
12.66
14.35
9.7
4.39
10.86
9.6
2.89
6.08
4.51
-13.46
0.55
8.37
8.05
1.35
7.9
8.31
2.97
-0.06
11.81
11.91
12.58
13.37
12.69
11.46
14.2
8.18
11.25
5.78
14.7
17.26
12.8
-2.26
9.76
9.45
2.98
13.29
14.43
13.41
6.77
2.43
8.52
9
3.83
-1.66
-26.46
5.5
4.39
-2.92
0.3
6.3
11.05
12.96
12.16
6.7
7.82
14.57
8.68
2.88
6.32
11.45
6.26
1.6
6.13
3.04
8.27
7.38
1.22
-3.88
6.7
15.99
14.74
3.75
7.28
-0.67
11.56
15.37
8.25
6.38
0.06
-2.4
-8.73
-0.84
11.24
14.71
10.95
1.77
2.28
6.13
13.47
14.91
8.65
13.98
18.01
13.9
9.75
9.99
12.06
16.29
14.14
2.18
5.64
0.3
12.17
17.67
17.92
15.1
11.63
11.79
9.5
12.25
10.3
8.42
14.08
12.73
-2.74
14.85
13.23
2.48
7.56
2.57
6.43
10.43
8.31
2.06
0.55
3.02
-3.94
0.8
5.28
11.39
15.29
15.32
13.54
12.25
7.39
6.44
8.55
2.24
9.67
12.76
12.96
12.83
6.49
9.47
13.6
12.71
11.62
13.39
10.68
4
-2.77
4.01
-5.37
5.95
7.96
11.5
10.7
13.24
17.95
17.81
15.18
11.11
0.64
0.48
0.78
3.54
27.17
27.74
25.89
22.97
14.74
20.5
25.25
23.69
17.73
13.7
21.13
26.76
27.33
24.5
17.82
13.93
15.06
14.28
11.96
14.71
26.88
27.45
19.92
17.28
21.25
16.51
26.7
24.41
6.53
15.85
16.56
20.08
23.71
24.87
23.9
24.72
23.32
14.6
24.89
26.47
19.6
18.15
14.85
13.93
7.82
21.76
19.92
14.74
13.57
20.7
16.93
18.47
26.71
24.47
28.57
31.47
29.94
25.97
18.35
13.7
16.15
17.83
19.76
20.89
19.43
18.87
24.45
20.9
19.92
26.27
20.8
15.81
20.1
20.52
12.73
9.5
9.43
16.57
17.91
21.17
24.03
21.06
15.11
8.89
18.78
17.26
16.58
13.42
17.7
16.77
18.47
18.77
22.01
19.59
8.88
16.98
18.58
22.04
15.7
12.75
18.91
21.07
23.16
22.36
16.55
15
17.34
21.34
19.78
19.99
22.88
21.26
17.17
18.67
22.44
16.35
19.14
22.57
17.1
19.48
22.71
22.71
24.48
24.47
26.13
29.4
29.24
24.21
24.78
24.95
17.68
13.86
20.19
18.7
23.55
27.54
23.65
17.86
15.76
20.49
23.52
20.8
16.31
20.42
19.95
15.85
14.22
24.6
29.04
25.78
12.17
16.41
11.52
18.45
21.11
22.59
20.01
20.41
22.31
22.07
28.36
25.67
13.04
13.18
11.62
24.39
27.27
19.61
21.84
26.65
24.5
24.27
23.21
23.03
22.54
16.94
22.46
25.54
23.85
18.97
18.54
21.41
4.07
15.4
14.98
19.36
22.41
19.37
13.51
19.36
25.2
24.39
19.55
16.28
15.93
20.14
16.53
5.87
13.59
20.18
24.32
25.03
22.86
21.16
22.05
26.21
26.11
19.8
9.31
4.93
17.78
22.58
19.59
22.71
21.07
15.89
24.43
25.73
19.78
25.13
22.79
4.2
11.66
17.93
21.31
23.77
25.27
21.21
21.79
21.29
18.89
28.09
24.94
10.2
14.28
10.43
15.63
11.45
19.3
20.42
19.1
15.74
9.69
8.63
17.96
21.19
22.84
25.72
23
5.99
16.25
11.44
16.11
8
13.02
19.98
23.7
25.25
23.39
18.81
16.46
21.45
25.46
25.08
18.75
14.75
15.16
11.06
12.18
21.4
22.86
20.95
18.56
13.89
19.84
24.17
19.42
15.89
15.41
17.47
14.26
-2.57
12.49
19.85
23.46
23.02
15.83
8.2
15.7
9.52
22.43
24.22
17.28
16.55
14.8
16.15
12.11
17.59
19.87
27.21
26.94
26.06
23.66
14.72
15.43
14.06
3.53
5.56
15.21
25.39
27.21
21.85
10.23
16.05
7.55
11.93
17.17
16.16
12.89
9.94
2.98
19.02
18.36
8.61
9.81
4.37
11.63
21.33
21.85
19.42
21.2
20.87
19.27
15.62
13.05
-4.52
16.03
18.55
14.37
12.87
11.84
11.89
17.99
18.82
12.78
9.52
16.21
11.57
14.1
18.73
20.01
18.5
15.13
13.94
18.08
19.05
15.49
13.64
15.29
14.1
12.64
3.75
11.35
20.69
23.09
18.61
13.23
14.97
14.94
14.55
15.04
8.36
9.7
12.75
9.76
12.7
18.79
18.32
13.25
5.83
11.26
14.98
9.83
11.72
18.13
17.47
14.59
13.32
13.22
7.79
7.84
11.6
6.01
2.84
14.27
17.12
16.33
14.89
14.85
11.21
16.38
17.7
17.31
12.77
15.31
6.69
13.34
18.29
14.67
12.84
19.22
21.16
20.25
14.25
12.82
15.78
14.8
18.13
11.87
11.33
14.64
14.25
20.35
23.58
15.15
14.32
13.39
21.95
21.13
16.49
14.95
20.92
21.06
16.38
8.86
19.94
14.33
21.26
24.78
9.45
20.09
17.41
10.57
16.39
18.14
12.47
4.16
12.29
6.33
15.35
16.62
16.77
8.65
17.15
18.88
12.58
3.02
1.21
12.24
20.55
21.2
17.39
13.06
14.53
18.59
22.63
23.39
20.49
13.94
16.95
18.19
21.97
22.98
22.82
22.26
24.24
23.36
7.25
13.8
9.49
13.9
18.78
2.67
21.85
20.59
18.28
20.2
18.91
10.6
16.64
18.16
22.25
22.72
14.6
23.51
17.97
11.21
16.21
11.43
9.74
0.19
14.96
22.7
28.71
26.82
21.04
22.05
18.99
17.64
22.32
12.19
19.23
9.27
23.12
22.87
13.91
10.3
12
18.79
18.12
20.07
18.31
6.68
14.8
13.08
10.79
8.36
19.59
20.3
25.18
25.27
22.13
19.09
12.35
7.26
10.4
21.59
15.54
13.95
8.97
8.81
18.66
21.66
18.1
-4.03
26.29
27.77
19.03
13.33
18.28
18.98
15.44
17.09
17.7
7.62
9.86
22.1
26.06
23.7
21.13
24.88
24.35
16.96
12.25
9.13
19.04
15.93
14.89
22.6
22.64
16
19.68
22.53
18
18.74
15.22
4.48
17.13
21.74
17.39
4.01
17.21
24.65
26.11
21.6
17.15
13.93
10.1
16.59
17.11
20.46
22.61
19.21
19.89
20.3
20.29
22.36
14.73
4.82
15.98
21.6
25.71
26.46
21.57
18.61
10.41
25.36
26.77
24.7
24.09
21.97
15.92
11.66
19.23
22.56
20
20.98
17.7
11.69
10.76
20.83
24.45
26.44
19.31
21.78
25.73
20.87
20.37
15.13
3.65
15.71
17.32
16.52
21.31
21.62
16.21
14.74
18.51
22.41
25.26
27.33
25.27
22.07
24.89
21.25
20.33
21.45
11.53
13.74
15.05
14.83
26.37
27.16
17.06
16.96
17.41
5.35
21.86
25.02
20.75
19.87
23.18
13.98
12.48
17.65
15
6.87
9.6
11.12
22.67
24.74
17.15
11.87
12.72
15.26
16.21
24.03
20.39
17.21
24.49
23.61
24.37
24.62
25.46
24.59
16.4
17.39
19.18
21.92
20.24
10.51
14.13
7.49
21.42
20.76
12.62
5.9
9.59
14.53
1.36
18.11
13.89
20.11
23.63
18.08
2.8
16.8
22.17
18.67
14.5
18.84
20.1
19.64
12.63
8.93
9.22
14.27
13.59
15.78
18.32
20.41
17.21
12.12
22.08
17.06
14.14
18.66
19.35
21.78
18.38
13.44
20.55
20.6
13.58
15.62
18.41
19.83
18.3
18.03
13.86
5.1
7.14
4.95
13.99
16.37
12.11
7.16
19.77
23.2
19.35
6.19
15.7
7.85
8.08
10.64
10.01
11.6
15.76
9.5
11.33
18.12
21.51
23.82
26.58
28.07
23.81
12.24
19.22
-2.78
16.38
16.02
11.93
8.5
9.28
13.23
18.75
18.77
18.65
20.04
20.87
19.91
8.98
18.5
20.13
18.16
10.4
13.94
20.84
21.48
10.75
13.13
17.91
18.78
20.87
21.22
17.47
14.57
-8.28
19.38
19.89
16.74
6.79
20.97
19.94
16.92
22.03
26.1
21.3
19.99
20.99
14.88
6.39
13.51
20.87
19.82
13.11
9.1
9.34
14.05
19.43
15.79
12.29
10.74
19.12
13.8
20.44
24.24
16.8
21.44
17.52
13.88
13.79
6.7
17.74
22.12
18.78
18.89
18.29
16.7
17.31
23.26
21.57
15.31
21.92
21.82
10.05
13.23
19.22
7.64
15.65
19.74
21.5
22.49
20.04
-1.27
10.71
9.47
10.08
-2.28
11.77
19.93
16.12
19.26
24.62
20.06
19.93
22.26
21.7
21.33
19.84
19
17.69
0.62
19.21
19.75
17.27
16.54
21.46
22.02
18.17
19.45
19.35
15.57
11.69
9.78
16.39
11.29
18.22
20.09
21.61
22.52
10.74
20.28
20.42
16.49
16.14
11.73
7.09
13.58
16.13
8.09
19.43
21.95
16.58
10.8
6.57
3.93
6.06
12.23
16.57
18.58
21.1
23.79
24.38
22.15
19.31
12.22
12.26
17.46
18.43
11.26
16.19
17.99
9.92
13.27
17.25
21.47
20.49
13.96
16.31
14.49
14.9
18.28
29.55
29.09
23.48
18.59
20.22
16.31
7.86
13.17
17.09
23
26.25
25.29
19.74
10.15
5.24
8.24
15.42
20.13
19.95
19.22
28.89
30.58
24.84
12.8
24.06
23.17
22.44
26.1
27.17
20.37
10.71
16.59
23.39
24.39
22.23
20.62
14.46
-3.07
16.17
17.04
19.72
21.68
24.77
28.44
38.42
44.17
42.48
33.23
20.78
21.52
25.86
23.94
24.48
25.34
17.61
21.08
22.89
21.7
19.37
22.51
25.63
25.59
19.44
17.06
23.3
21.99
22.98
22.36
12.58
18.68
22.75
21.84
8.33
34.83
43.96
43.92
35.21
25.62
25.17
23.27
21.26
22.79
26.48
25.6
18.62
22.23
19.13
14.54
17.35
26.45
26.25
26.05
26.4
23.12
25.1
25.4
19.62
21.71
22.92
25.48
26.17
24.64
25.33
20.88
18.76
24.42
24.65
13.26
17.23
13.32
18.6
23.38
25.24
22.35
18.73
20.98
21.54
22.37
20.35
18.8
15.01
23.25
25.34
24.68
12.8
30.61
42.08
44.92
38.9
18.07
1
10.02
22.02
27.54
27.67
19.95
15.54
27.43
30.87
27.35
19
14.48
21.73
19.04
12.78
15.74
18.81
18.16
20.83
23.24
25.89
22.61
21.78
21.46
13.72
34.64
43.33
41.72
31.09
18.52
14.22
16.1
19.98
12.74
16
19.99
19.47
19.14
21.54
20.63
25.5
23.1
20.92
16.21
15.72
19.12
13.57
19.38
23.86
25.26
28.83
28.36
25.72
20.32
12.82
21.53
23.49
25.08
19.74
17.83
20.62
20.22
19.45
24.99
25.05
24.11
20.48
19.41
23.65
22.37
18.38
26.28
23.65
16.47
20.48
24.8
17.53
39.48
43.82
38.38
26.52
24.39
24.65
23.15
24.04
27.58
23.92
18.33
20.92
18.52
16.48
15.77
18.58
11.6
19.18
18.76
22.33
23.66
22.68
19.01
18.98
16.43
22.3
24.52
13.3
18.19
19.04
13.46
15.47
22.41
18.89
14.61
19.83
8.44
-3.01
11.08
12.36
21
20.79
24.12
23.81
28.99
31.27
28.62
21.65
18.7
26.86
28.17
27.44
20.42
21.88
24.29
20.53
21.23
23.37
22.61
14.91
29.29
29.53
26.23
13.27
18.32
20.94
17.9
15.95
20.58
24.44
18.75
28.03
30.71
36.96
38.4
31.54
22.83
31.87
30.18
23.3
13.77
28.67
33.9
30.72
20.5
17.63
24.45
27.37
14.04
20.98
40.63
44.38
38.5
11.79
29.73
30.4
25.88
27.61
30.1
27.22
26.81
28.65
31.81
36.41
37.98
32.35
18.83
30.04
32.93
29.49
15.16
12.4
25.52
31.09
28.66
25.15
20.44
17.62
11.04
16.08
19
27.52
28.6
23.6
22.29
27.41
22.75
16.76
18.89
20.08
16.05
18.76
22.29
18.78
31.39
30.49
21.61
16.92
18.33
18.34
19.69
25.72
26.81
23.13
23.25
24.05
-1.09
23.34
28.56
34.51
46.53
50.92
46.43
25.33
30.78
24.66
18.15
23.93
7.15
36.15
46
47.5
39.13
26.53
28.52
26.55
20.85
22.78
28.27
23.54
21.87
22.09
30.69
32.88
30.27
28.33
24.5
19.67
25.46
28.47
26.46
20.37
22.32
27.32
30.04
31.68
28.75
23.92
23.83
24.02
23.49
20.94
17.82
22.72
21.37
17.45
14.01
25.89
31.1
30.83
26.62
21.07
29.07
30.77
26.49
13.05
24.54
18.63
21.34
30.43
31.68
24.23
21.64
26.48
24.92
26.89
33.66
33.07
30.22
24.91
20.16
23.69
26.2
22.31
12.79
22.26
30.95
32.13
27.46
5.51
27.97
24.22
21.47
28.34
29.76
19.31
23.35
25.63
27.37
25.44
12.56
20.68
18.84
18.45
18.9
17.41
19.94
13.01
14.9
21.64
23.95
25.14
28.26
28.45
30.94
33.78
34.37
31.03
28.48
26.98
12.97
23.47
18.8
23.72
18.74
24.28
29.53
30.7
24.08
20.97
28.55
27.54
28.78
27.83
22.05
26.07
31.14
26.4
18.23
23.16
15.19
20.63
29.92
31.03
18.85
18.1
23.6
24.01
23.53
27.82
21.48
21.23
12.06
23.78
23.5
21.28
24.25
5.07
21.77
2.64
23.02
25.17
27.94
28.53
20.69
24.51
26.84
22.91
6.32
10.95
20.84
20.69
4.12
21.33
18.82
25.22
27.85
23.61
22.19
22.31
16.65
13.16
16.33
17.83
23.26
24.38
18.83
22.12
27.21
26.38
11.56
22.01
20.59
13.97
16.12
23.5
23.77
25.14
24.75
20.51
19.63
21.5
16.79
19.25
10.98
24.33
29.24
25.62
4.64
23.81
24.76
24.29
22.86
15.56
18.25
13.9
18.87
-13.31
17.25
16.22
20.75
18.92
13.13
10.93
18.61
23.07
19.93
18.62
20.27
23.44
16.93
17.91
8.98
17.43
25.12
24.29
7.88
15.37
16.24
15.74
15.7
18.56
19.05
15.91
14.15
14.6
11.71
18.88
19.32
14.13
16.31
18.72
24.92
25
22.74
24.66
25.86
22.11
11.17
20.65
25.81
23.1
11.46
15.22
15.73
24.94
25.08
21.26
14.54
5.2
17.1
21.76
20.05
17.84
20.47
26.11
24.44
16.29
18.59
18.8
19.48
25.01
24.91
19.59
20.64
23.5
25.92
24.76
21.55
16.66
22.09
26.05
25.71
20.35
11.88
23
21
15.06
25.13
27.05
22.37
20.07
20.61
23.81
21.47
18.11
20.82
21.49
19.65
10.47
12.27
10.17
10.23
12.48
14.39
-8.96
15.66
19.96
14.16
-1.75
21.24
21.34
18.69
22.22
22.33
20.75
18.18
12.26
6.07
18.68
19.87
16.54
22.12
20.36
24.6
29.58
28.4
24.87
28.47
30.23
28.49
21.58
29.98
19.66
23.32
21.48
15.4
3.12
21.34
25.04
20.17
20.11
9.17
16.88
14.74
16.25
24.26
23.81
14.29
25.8
26.54
22
21.65
23.63
22.55
14.05
12.17
13.25
20.92
10.94
17.21
17.24
25.6
26.3
28.6
25.42
21.92
23.19
14.47
20.82
20.61
25.69
27.58
29.01
28.34
23.2
19.45
17.89
14.74
23.16
28.26
25.71
14.39
21.37
29.87
26.45
24.78
18.44
33.59
38.49
36.73
29.49
20.66
23.74
24.2
32.12
32.36
20.47
13.12
17.44
24.45
26.58
27.69
21.51
10.9
19.25
15.36
13.46
9.81
16.95
22
21.3
4.99
19.98
22.47
21.09
25.23
28.85
29.52
28.96
24.15
27.4
22.8
23.79
24.42
24.59
26.52
23.42
16.32
7.24
19.13
8.9
8.08
20.22
26.5
27.77
21.37
14.31
24.47
29.34
31.9
28.73
19.33
23.7
28.17
22.06
19.9
22.48
23.19
20.25
19.82
21.41
28
29.61
27.41
21.54
9.88
17.93
21.85
18.8
18.61
26.89
26.25
18.83
16.48
23.62
27.42
27.6
27.56
26.64
24.96
26.29
26.2
24.78
23.75
25.63
20.52
15.91
22.44
24.87
24.57
16.25
24.74
24.37
3.47
23.32
24.24
16.81
18.74
24.21
27.3
25.71
21.06
19.79
24.9
28.14
30.01
27.59
18.53
13.3
21.42
27.48
26.81
19.33
11.13
20.06
20.59
15.87
16.15
18.86
26.41
29.23
28.16
29.14
27.6
24.84
27.78
28.83
27.38
19.15
20.79
21.2
21.82
26.03
22.3
20.56
14.84
22.53
27.51
26.82
24.54
24.96
23.83
18.34
16.94
22.9
16.95
22.5
26.52
28.66
29.11
26.33
16.98
19.84
25.48
23.66
13.92
13.8
13.17
19.39
23.19
21.29
16.81
25.36
24.93
15.53
16.75
23.38
25.44
26.22
26.98
25.15
23.17
22.56
19.56
10.48
5.5
6.24
20.89
24.25
24.08
23.69
21.17
17.24
16.27
16.78
16.7
19.09
21.22
15.62
16.08
18.59
18.36
18.92
19.4
20.04
20.33
12.11
13.1
-0.61
11.76
15.66
19.61
16.93
19.58
24.94
26.1
25.3
20.61
14.12
19.7
22.61
21.83
22.1
21.64
17.28
13.52
16.17
19.58
15.95
18.56
18.99
19.73
23.81
23.2
22.03
21.96
16.29
8.68
12.24
13.57
20.04
21
16.69
16.03
14.7
19.74
21.05
21.22
19.93
17.2
7.33
19.12
20
20.74
22.79
24.62
24.52
23.14
19.53
9.12
19.89
25.26
22.94
19.02
14.45
17.34
26.19
28.69
26.33
18.22
18.63
18.03
15.58
20.87
22.68
24.17
19.51
17.13
19.77
13.59
19.58
17.4
11.22
17.42
15.34
14.59
21.38
26.97
30.01
30.27
28.99
27.44
23.31
13.38
12.19
16.31
14.45
16.58
16.13
18.45
18.92
8.11
20.05
24.39
24.99
26.06
27.69
26.18
19.96
13.7
23.79
25.74
25.77
23.56
16.46
14.19
17.75
17.78
10.08
22.93
25.65
19.61
11.93
20.99
21.24
19.44
23.17
26.71
24.99
18.94
21.89
27.12
26.61
21.33
13.24
2.56
19.99
20.6
17.31
14.19
15.94
21.76
24.4
24.28
18.42
11.62
20.64
23.52
17.79
17.16
21.9
23.94
23.91
19.95
17.18
19.12
19.07
15.85
7.76
8.6
11.09
22.87
26.46
22.53
21.86
24.38
26.21
23.47
15.54
21.18
22.55
19.57
19.85
28.84
25.83
7.74
15.48
4.03
16.82
16.19
18.2
12.27
18.67
22.64
24.53
25.54
24.85
19.32
5.02
15.91
14.08
17.27
15.14
17.23
24.04
25.16
24.59
25.32
24.09
15.38
19.34
15.71
26.38
26.74
24.66
23.64
23.63
22.21
22.05
23.22
26.21
25.49
11.77
21.04
7.3
15.38
21.75
21.8
20.22
19.3
16.25
9.48
13.03
21.56
22.07
23.89
26.16
25.89
25.5
23.38
21.97
20.12
16.02
12.4
4.91
10.63
19.61
21
20.77
18.85
5.91
11.21
23.08
26.44
25.41
23.99
27.54
27.33
25.46
23.41
18.47
18.81
17.81
9.37
21.75
22.71
16.33
16.3
19.17
17.67
10.19
24.56
24.88
21.66
17.01
13.65
11.98
21.66
24.33
25.28
25.07
20.22
13.63
23.18
33.44
37.14
33.24
25.43
23.59
24.96
27.14
26.59
16.79
17.28
16.97
22.99
15.93
15.82
20.02
19.24
23.49
25.32
23.54
21.19
20.04
21.58
14.56
17.01
24.9
26.69
24.57
24.38
24.46
19.67
17.31
21.46
22.1
18.62
13.55
11.53
14.81
17.17
21.5
24.2
20.42
12.88
7.91
11.98
13.31
14.78
10.84
21.13
27.33
24.51
16.42
21.95
22.82
17.63
18.13
18.47
16.12
19.73
20.65
21.36
22.9
24.02
23.87
10.72
21.57
26.69
27.8
26.31
23.17
23.07
21.08
20.49
19.53
19.92
18.36
-8.98
15.17
12.99
3.67
13.43
15.88
13.08
22.95
24.07
18.71
19.68
21.97
20.92
15.46
15.08
11.8
13.9
22.02
22.19
16.13
16.55
17.31
23.67
23.9
22.76
22.6
18.73
19.93
20.6
17.18
20.06
21.19
26.44
28.97
26.6
18.99
14.9
18.02
15.2
8.59
11.88
22.39
22.32
17.65
14.68
10.48
18.88
21.64
20.71
16.65
13.63
12.98
15.26
7.42
15.46
4.49
5.8
20.15
23.11
21.8
21.65
22.55
19.52
13.15
16.3
20.78
18.65
18.64
20.09
19.95
14.33
4.94
15.19
22.04
25.91
26.42
24.64
21.77
18.97
18.56
18.79
18.5
18.9
20.05
14.98
14.36
20.23
18.67
12.09
15.27
12.44
16
20.6
20.79
16.59
19.84
17.45
15.51
19.76
22.25
23.73
22.97
16.36
16.25
18.34
15.51
17.45
17.29
16.26
12.28
15.57
22.04
22.92
21.35
5.5
22.05
23.91
24.08
25.23
24.04
21.37
21.87
19.32
13.83
13.73
15.61
18.39
20.98
20.68
10.2
6.02
-3.52
9.79
13.95
15.72
14.35
16.97
18.34
19.85
18.68
17.26
21.97
25.3
23.77
19.99
16.47
12
10.37
14.18
18.53
20.14
16.8
18.61
23.91
21.67
16.44
19.35
19.07
13.7
19.26
19.91
15.13
16.71
16.83
15.78
21.23
20.37
17.79
18.59
14.82
9.95
17.8
19.36
16.33
14.19
14.06
12.41
14.09
14.91
15.64
16.52
19.22
18.73
17.65
17.1
15.76
13.97
7.61
7.29
17.48
22.13
22.22
18.43
18.22
16.18
15.92
18.5
14.7
11.38
3.88
17.48
17.12
6.26
8.03
7.95
13.29
14.4
10.88
10.92
4.98
18.21
18.19
-1.63
12.04
8.39
12.8
11.83
11.81
5.5
14.17
15.82
14.18
13.31
-9.39
13.17
17.77
21
21.18
14.76
-10
5.09
10.98
-0.77
14.42
16.8
9.25
10.38
21.47
24.43
22.53
10.86
11.92
9.3
9.3
7.18
7.52
13.54
10.74
7.26
12.74
15.93
14.7
15.6
19.2
17.4
15.6
15.99
14.71
15.84
17.98
17.19
14.93
18.14
19.12
8.27
17.67
21.68
19.83
17.42
15.28
18.14
15.66
4.11
-0.24
12.58
12.68
-0.28
10.71
6.05
10.42
14.5
16.56
13.81
22.13
19.8
5.93
14.46
16.88
17
16.56
13.76
16.19
16.92
12.03
2.57
13.14
20.22
19.36
12.01
9.98
16.2
14.5
2.99
12.61
12.24
14.93
11.06
7.15
11.14
5.39
14.35
16.31
18.95
20.88
18.5
12.82
15.91
17.69
14.53
12.68
-2.2
13.65
15.29
12.25
-4.89
15.53
17.7
13.37
5.05
17.83
17.05
-8.78
14.08
14.41
19.03
17.96
17.5
14.99
13.64
16.94
17.75
17.28
16.37
18.86
17.15
11.44
13.01
10.86
16.17
19.08
15.56
9.33
8.34
15.69
18.44
16.58
19.73
20.48
12.68
13.19
19.43
20.04
19.46
18.98
16.87
18.11
18.88
13.04
10.67
14.32
5.56
10.18
13.82
14.89
11.75
17.19
16.12
10.78
12.69
12.37
13.06
9.75
9.86
4.71
9.39
-2.19
15.15
18.32
16.87
13.1
-12.35
16.51
19.13
15.63
6.4
7.75
12.92
17.63
22.35
23.58
20.65
15.44
9.65
2.42
10.78
6.65
19.01
22.65
23.77
21.97
15.22
12.99
14.01
6.44
12
13.92
11.94
18.29
18.47
10.78
9.41
15.14
11.7
17.59
18.69
13.5
8.71
5.33
-1.39
0.94
4.27
6.85
-11.28
6.11
7.12
12.95
14.36
11.7
13.24
16.66
13.38
7.4
15.48
21.07
19.8
12.64
-2.69
7.9
13.28
13.38
9.32
5.81
16.19
16.26
16.3
10
15.65
19.95
21.75
20.38
10.02
9.74
6.35
13.22
18.53
14.94
18.89
26.45
27.84
21.11
8.42
14.45
15.77
14.06
4.79
12.33
19.7
19.91
9.79
16.11
17.9
11.8
6.4
17.19
20.24
17.16
8.08
5.8
16.7
21.53
20.92
15.01
13.49
10.61
13.23
23
24.14
19.03
11.78
16.01
14.06
17.02
15.25
10.12
8.05
7.34
1.5
14.82
18.06
14.75
7.62
18.17
18.2
14.56
18.69
21.27
16.37
9.72
12.8
5.69
15.7
14.41
17.35
18.35
3.39
15.69
14.37
-3.29
4.28
15.27
22.53
23.14
14.26
-4
13.71
18.73
16.88
2.99
15.93
16.94
15.46
7.95
10.24
7.21
7.24
16.2
14.73
13.95
15.11
13.58
5.2
10.44
16.71
14.87
9.84
10.31
12.89
16.91
14.78
11.8
15.55
16.67
15.07
6.16
6.93
14.3
16.55
12.42
2.06
9.32
10.4
11.23
13.09
5.92
10.08
13.45
14.45
9.98
8
14.7
16.77
20.02
17.11
19.53
16.24
6.5
18.92
18.17
13.27
9.16
11.17
18.76
17.89
20.35
20.05
11.81
15.19
12.81
12.75
8.4
18.32
20.69
14.76
13.79
21.36
19.29
16.92
18.59
16.29
-6.93
14.92
15.32
18.49
22.08
20.32
13.3
16.69
23.01
21.95
16.63
19.79
18.04
10.9
12.14
18.51
17.79
13.13
18.15
16.98
9.72
19.88
14.81
6.5
20.1
21.29
17.22
16.34
14.01
20.73
20.97
22.08
18.28
13.32
15.85
10.99
9.21
9.96
7.13
14.1
20.63
19.7
10.58
17.33
15.24
11.15
19.04
21.11
21.35
19.93
14.01
14.87
20.76
22.09
19.76
17.41
16.76
17.55
15.54
14.13
12.54
13.49
14.68
8.77
5.37
11.29
18.24
16.94
6.29
13.61
7.73
2.97
11.17
12.99
18.92
19.15
15.83
15.83
15.78
10.22
15.69
5.93
12.7
16.01
17.1
13.07
10.21
13.58
17.45
14.81
12.42
14.99
1.48
20.59
22.77
21.63
19.47
16.91
11.58
8.04
11.64
11.71
11.45
16.6
7.08
16.48
17.19
9.87
8.11
15.53
17.07
10.61
11.44
16.54
18.44
14.66
12.34
17.76
19.16
13.38
13.23
21.52
22.18
19.22
23.66
21.5
16.34
13.18
16.72
22.3
18.82
12.29
13.59
21.47
19.88
10.33
11.98
5.52
12.66
17.16
19.11
21.27
21.64
21.53
17.5
13.86
19.23
-4.42
18.99
17.92
13.18
23.11
22.92
19.23
17.75
16.33
20.95
18.14
14.11
17.97
16.59
16.99
19.48
17.43
8.75
22.49
20.26
19.05
20.63
18.17
11.66
18.31
16.43
14.33
14.4
6.3
4.45
2.98
1.07
3.7
8.45
12.29
11.33
14.23
7.86
11.07
16.45
10.32
21.44
22.49
17.34
17.57
10.79
8.99
6.82
9.36
8.18
15.43
17.12
12.85
15.8
4.09
15.94
12.89
0.62
3.48
11
10.77
8.51
7.73
11.15
17.13
17.11
18.93
17.97
19.67
17.32
6.21
19.11
23.11
16.68
20.41
17.53
14.58
5.39
12.78
17.08
15.64
-5.51
12.58
16.02
15.09
-4.59
5.96
12.25
18.49
15.26
9.22
16.87
13.76
10.69
16.65
14.95
3.29
12.13
16.26
15.05
11.57
13.84
19.88
16.71
11
16.79
15.65
8.09
15.34
11.87
13.74
19.21
21.04
9.07
12.04
10.45
16.26
12.92
11.71
10.08
9.06
14.16
17.7
6.74
5.58
10.65
15.6
17.73
9.8
16.09
16.23
15.29
18.49
17.73
2.19
15.93
11.55
8.71
16.01
17.55
9.91
14.1
16.33
7.8
12.52
8.25
19.08
17.47
14.03
8.94
15.32
6.09
16.97
9.82
10.28
6.69
8.79
10.36
15.13
19.85
17.7
11.32
8.89
19.65
21.3
23.66
16.5
20.92
17.95
10.46
9.02
17.91
18.59
16.99
4.99
17.02
10.46
15.22
10.39
8.61
16.21
17.21
17.47
14.72
15.22
11.98
17.38
18.16
17.53
11.81
5.7
11.32
17
16.65
21.98
23.02
14.91
7.41
16.34
20.12
17.49
16.81
11.81
14.75
19.14
18.09
11.16
14.53
15.2
10.54
8.19
12.33
11.64
1.3
15.94
16.34
10.35
16.89
24.63
22.82
5.74
8.04
17.01
11.17
9.45
5.93
8.23
14.49
14.21
12.18
8.92
4.33
10.24
11.79
9.96
13.33
7.03
14.81
16.35
7.55
11.69
15.32
17.52
15.03
4.78
-1.34
7.62
14.89
8.8
16.38
12.31
5.41
10.34
12.02
5
10.15
14.39
16.08
13.86
9.51
12.33
10.62
9.11
9.35
11.43
6.05
-6.7
16.23
20.83
18.17
12.39
9.76
8.51
6.81
2.3
-5.05
4.29
4.57
14.06
16.53
0.27
10.97
14.57
16.69
11.63
9.68
4.01
12.57
17.38
15.21
13.54
15.45
15.26
12.39
3.63
9.94
12.98
14.54
21.02
23.25
17.08
11.99
8.91
1.64
9.8
10
13.56
12.66
12.3
14.12
12.3
18.69
18.57
15
11.89
14.99
17.76
15.73
0.02
16.89
19.42
17.19
12.53
5.95
0.43
4.52
14.38
16.96
15.51
9.64
21.8
21.54
19.99
22.02
17.96
4.59
2.87
10.93
1.45
-4.12
9.99
12.16
13.87
16.83
3.53
18.3
17.67
14.97
13.36
7.67
15.39
15.34
11.42
10.91
6.57
11.62
13.78
3.31
15.86
16.58
10.49
12.42
0.99
6.23
7.53
-8.12
10.03
11.11
10.65
7.73
14.76
20.09
14.82
14.68
16.29
16.75
19.27
19.66
12.73
12.43
12.99
16.97
15.26
10.06
11.97
18.56
20.12
15.72
8.12
1.68
10.19
17.21
14.85
15.13
6.14
14.8
17.42
12.67
12.51
17.79
19.14
16.51
14.27
12.78
6.8
6.65
14.23
10.64
7.34
10.57
14.09
11.13
17.35
15.1
14.56
17.71
18.64
18
10.32
2.61
4.17
-1.95
11.28
18.53
16.55
5.09
18.19
14.99
2.33
10.36
7.02
9.25
16.57
13.88
15.54
16.54
13.31
12.7
20.17
19.61
19.14
19.39
15.67
8.19
11.07
14.19
9.34
10.37
18.92
18.14
0.27
14.5
13.32
12.04
11.15
16.68
20.17
19.71
13.7
10.41
12.4
8.29
16.82
11
13.09
7.57
-1.57
-2.58
7.39
16.34
16.18
3.8
14.66
19.99
18.49
10.25
9.14
14.53
17.01
8.63
11.78
11.19
5.33
15.63
20.1
13.69
5.76
17.22
16.13
6.39
15.67
15.97
13.66
15.47
18.14
18.38
12.9
7.17
11.99
6.95
8.19
11.65
19.32
19.23
11.32
7.37
6.01
14.1
17.19
12.38
12.85
21.17
9.54
20.46
21.19
21.53
20.55
15.96
16.09
14.01
13.67
12.93
13.84
18.23
18.46
7.95
18.23
21.19
18.38
8.96
11.19
15.19
14.1
16.79
21.57
19.94
14.5
7.64
11.39
18.75
19.42
11.27
15.54
18.81
13.7
18.49
17.46
21.77
20.1
15.31
17.91
9.95
16.84
14.47
4.25
12.54
19.07
19.9
16.52
12.46
8.21
19.79
20.07
12.27
9.71
13.49
14.96
2.92
11.29
11.76
14.26
17.76
15.79
8.48
15.03
8.96
8.96
17.75
18.67
5.63
14.14
11.79
10.39
15.73
11.36
16.11
15.54
11.17
-3.8
6.97
9.51
17.25
18.63
11.41
11.88
11.05
17.16
20.1
17.84
11.67
9.67
10.87
9.94
17.31
19.66
14.97
4.72
10.16
10.66
5.71
10.56
2.55
14.93
15.53
14.42
14.52
8.23
9.02
10.97
11.38
17.79
13.74
4.71
10.63
3.49
5.03
-13.01
7.36
15.63
17.61
18.54
17.59
8.76
14.16
16.82
6.65
14.26
17.91
11.6
11.11
15.99
9.52
3.8
1.48
13.57
17.05
11.42
6.59
11.65
11.04
7.26
14.91
15.31
8.01
-1.8
3.66
9.83
17.26
18.51
13.89
8.51
8.91
16.41
20.44
18.22
11.13
5.8
9.99
4.75
5.22
14.21
22.26
22.12
17.92
16.39
9.48
3.21
6.06
11.23
7.63
6.45
8.96
13.8
15.44
16.84
16.58
10.42
11.84
19.48
19.28
12.59
4.14
13.12
16.03
16.28
13.73
5.79
11.85
15.68
19.16
19.46
19.33
19.7
16.06
-0.16
10.37
-2.23
5.89
2.76
14.5
16.61
12.97
7.19
15.12
10.28
10.81
14.69
-0.09
7.06
9.84
10.58
6.3
12.06
20.85
21.89
15.52
8.46
13.78
12.81
5.74
8.4
9.65
5.09
-2.93
2.38
10.3
16.17
16.91
13.52
14.25
15.67
18.34
18.22
16.56
15.89
15.91
14.67
12.66
13.57
14.49
16.93
19.2
20.41
20.37
15.62
13.04
16.62
16.09
15.24
15.54
15.93
14.47
12.04
7.79
8.13
15.8
18.08
16.95
9.33
7.39
11.97
12.85
9.46
7.64
14.09
16.79
9.97
7.42
15.23
17.82
14.97
-0.65
11.02
-2.64
13.27
15.66
11.78
11.09
16.64
18.05
11.89
10.33
10.5
5.32
14.59
14.05
7.43
7.58
18.32
20.58
16.72
2.45
14.62
17.21
9.58
3.59
-0.42
16.87
21.38
21.35
19
18.19
17.26
13.63
10.27
9.45
12.97
12.64
7.16
9.37
5.22
16.23
16.38
12.88
14.06
19.68
16.31
3.95
10.02
-1.49
11.9
12.2
1.54
7.4
5.99
11.15
16.37
17.71
13.67
10.99
11.91
10.38
2.87
7.77
10.91
8.4
7.76
7.89
8.7
15.93
16.05
-0.18
15.27
11.17
3.45
1.65
11.3
10.8
10.06
7.54
11.49
11.38
10.32
7.64
10.59
13.91
14.42
15.82
15.14
11.18
12.36
12.18
5.17
8.62
16.71
17.5
14.09
6.87
7.04
9.99
9.52
17.25
16.33
7.12
9.17
16.12
16.86
13.82
12.46
14.37
15.66
14.8
10.44
3.75
17.64
18.32
15.64
14.43
12.96
9.7
4.05
9.88
14.25
15.05
13.43
15.39
14.04
9.51
9.79
12.82
12.66
9.14
11.61
13.47
11.75
6.01
8.88
4.71
10.8
14.22
15.69
16.7
19.44
17.75
5.27
10.91
1.38
9.39
6.61
10.24
4.47
8.61
6.25
10.95
17.4
20.73
21.66
20.23
14.93
3.78
-4.25
4.6
13.88
15.34
18.14
18.33
16.84
11.46
12.17
11.05
11.99
19.21
18.29
11.69
-4.02
10.87
16.48
16.21
11.86
9.2
12.92
12.98
5.3
15.07
13.16
5.01
2.73
4.29
-2.92
2.29
6.92
11.13
9.3
-0.24
11.91
11.9
-2.65
5.89
0.32
8.2
7.36
4.04
6.64
14.44
13.27
8.92
9.12
9.32
14.16
15.2
10.88
8.19
13.83
13.57
17.73
20.47
19.71
15.56
9.01
6.76
11.87
15.61
15.69
11.16
-0.33
-0.26
-1.91
7.05
12.9
7.93
11.78
8.89
3.65
13.49
15.14
6.18
11.75
13.4
11.9
9.59
9.2
7.84
10.26
9.86
11.34
13.04
15.2
17.33
15.21
7.45
0.64
10.93
14.62
17.45
12.97
0.97
11.3
8.94
-8.67
11.55
13.58
11.09
4.41
9.7
4.24
3.31
7.35
5.09
8.63
13.6
13.54
8.34
10.09
15.72
16.04
10.66
-5.79
8.75
10.89
14.33
16.25
15.81
17.17
14.62
10.97
7.54
6.75
7.29
8.41
16.24
16.21
10.7
3.98
1.24
6.92
10.42
16.67
14.08
8.02
-3.55
12.46
16.4
16.33
13.45
14.18
6.9
8.44
11.86
12.06
6.35
-13.84
3.16
3.76
5.22
13.3
13.09
5.79
11.61
12.67
5.76
4.94
9.62
17.57
17.02
17.91
19.11
16.28
13.37
13.13
7.97
13.93
14.88
15.96
16.65
12.47
5.63
7.92
15.31
17.01
13.72
7.59
11.59
10.55
15.46
17.56
15.96
10.99
15.15
18.52
13.96
3.9
11.2
15.24
10.92
15.51
18.88
16.81
12.77
11.74
11.81
17.18
15.93
11.46
11.13
11.79
11.28
6.46
7.08
8.49
8.1
14.83
18.3
15.97
7.28
5.09
0.43
11.9
11
10.17
11.22
14.45
-2.53
14.54
18.37
19.07
18.4
14.78
12.15
8.73
7.46
-10.15
13.15
19.23
16.66
10.93
9.41
10.92
10.97
6.63
17.98
19.98
18.8
11.88
4.79
3.39
1.77
10.6
14.21
7.9
15.76
14.22
7.83
9.85
16.38
17.67
11.25
6.14
7.23
11.93
10.13
9.13
15.5
-5.46
17.26
16.75
17.1
15.64
11.67
14.49
16.99
13.94
14.31
11.8
4.5
13.5
17.69
19.5
15.61
4.53
-11.71
7.91
13.17
10.22
10.26
17.59
16.23
9.51
5.16
16.77
19.81
16.06
11.93
12.23
11.74
12.84
12.13
16.96
17.92
12.5
-5.02
8.36
8.26
13.42
15.34
14.21
14.71
11
15.44
16.28
13.04
5.4
-1.44
12.38
16.26
12.95
5.05
10.12
4.16
11.46
12.28
9.39
14.04
16.8
15.46
10.76
5.81
12.08
11.79
15.52
17.23
14.66
8.88
5.93
12.18
3.66
11.75
2.65
-1.16
11.5
8.52
10.49
11.01
6.22
-2.36
9.08
9.69
-3.85
11.62
10.43
8.96
12.16
6.34
7.88
17.88
19.64
17.82
15.18
9.32
12.69
13.76
16.35
15.58
10.12
5.22
10.15
14.32
6.87
3.1
-0.86
1.03
8.35
14.18
4.45
8.16
-18.62
14.57
16.92
12.99
7.14
11.11
15.07
11.88
10.01
8.76
10.72
17.2
16.27
12.19
11.25
11.56
9.38
2.16
-0.27
12.3
19.93
22.5
19.78
3.48
12.17
16.61
19.36
18.15
11.71
-5.94
-1.28
8.72
12.41
8.06
7.07
14.13
11.25
8.99
7.13
11.76
17.78
16
14.19
14.84
9.34
-1.73
9.43
15.81
18.46
18.82
16.19
8.01
2.71
4.31
12.27
15.43
10.9
8.73
13.55
10.93
8.34
8.36
16.84
18.19
15.62
9.69
0.55
12.08
14.21
15.98
14.38
12.82
14.95
15.41
16.68
11.13
10.81
18.46
18.37
12.17
1.89
12.49
17.75
19.29
16.06
9.89
1.03
12.31
14.13
12.74
8.57
-1.04
7.34
10.83
7.51
11.24
15.8
12.56
10.7
6.46
5.78
11.7
12.13
4.87
13.58
17.5
15.03
5.88
4.49
14.68
6.24
4.49
7.05
-3.72
10.68
17.01
16.5
9.78
10.02
-1.57
3.41
11.02
14.4
11.26
15.68
16.81
7.69
5.41
8.94
10.23
15.95
19.54
18.94
16.59
14.33
15.62
11.81
5.02
1.3
-0.88
3.14
7.4
3.66
14.15
15.48
15.88
12.25
12.11
12.8
12.31
11.4
10.25
4.06
1.3
11.26
5.16
11.79
13.22
12.62
8.29
4.61
10.1
5.87
9.24
17.27
17.26
13.23
12.12
12.25
12.14
14.18
13.33
10.52
13.16
7.95
15.57
21.73
21.04
16.76
9.22
18.66
18.37
13.2
7.32
5.2
7.55
5.75
7.91
10.42
7.77
7.85
10.39
15.55
19.56
19.24
18.35
17.51
16.26
11.49
-1.23
9.02
9.36
6.59
8.91
10.92
12.62
11.58
10.93
15.93
15.62
17.93
17.05
7.72
11.38
18.12
18.14
14.31
13.94
14.85
14.55
14.36
11.44
18
21.75
20.31
14.95
8.85
3.43
7.54
10.9
15.82
17.81
16.07
14.18
14.81
15.1
14.38
14.44
13.45
14.34
15.78
15.04
14.25
14.99
16.4
14.1
11.87
16.12
14.24
-0.17
2.53
5.88
12.79
13.68
13.35
9.77
-1.46
7.11
12.42
16.18
17.43
16.34
14.02
14.72
14.11
13.46
12.16
10.16
10.4
7.35
15.15
6.16
13.34
17.03
11.59
6.02
13.33
13.91
12.81
10
0.54
10.06
16.33
16.02
10.8
12.54
10.8
4.15
14.29
13.17
6.02
-3.2
-0.26
0.13
9.25
15.45
13.09
1.66
6.06
5.46
7.56
2.62
6.09
9.92
9.56
12.38
12.73
17.22
20.18
21.33
21.09
18.09
8.18
3.83
7.22
5.4
8.64
13.15
12.95
8.44
-2.35
6.51
3.23
11.75
14.23
4.29
6
10.32
11.12
12.81
11.73
14.68
16.33
11.57
4.42
7.47
12.92
13.75
14.05
10.36
5.46
6.23
-3.68
2.27
11.04
11.1
6.06
4.88
12.58
9.3
8.39
12.14
11.91
10.75
9.99
9.21
2.1
9.16
15.64
15.15
16.21
13.99
-0.26
7.1
10.58
12.15
9.88
6.3
9.47
1.35
7.32
9.76
7.61
-6.55
6.46
8.49
5.02
11.43
14.05
16.24
11.79
13.18
10.37
2.63
7.89
9.4
16.33
18.44
16.83
16.68
12.15
9.48
11.03
11.23
13.95
10.89
-2.65
6.07
4.94
-0.13
-12.28
-1.97
13.23
19.54
19.52
15.79
10.23
14.75
17.45
13.81
3.6
7.03
10.19
8.77
3.28
-3.32
13.21
12.68
12.22
10.64
12.2
14.69
11.05
8.97
10.14
10.83
7.68
14.48
13.66
8.79
5.61
-1.71
-1.68
5.26
4.54
13.34
16.44
16.21
19.61
17.67
11.55
17.08
18.13
14.47
8.89
7.43
4.73
10.02
14.14
12.3
6.78
6.44
9.71
12.47
9.33
1.83
8.28
11.08
7.67
10.37
12.83
5.44
5.5
8.34
6.89
3.62
7.06
3.28
-2.53
3.62
13.68
16.81
12.86
6.96
12.28
14.33
12.24
13.46
12.71
5.91
13.23
9.52
7.86
6.38
0.41
12.49
15.65
14.24
4.62
5.29
10.45
10.33
2.82
10.15
-1.97
7.88
9.84
8.63
9.8
16.47
12.77
8.44
14.04
15.84
16.42
12.26
7.9
9.9
-0.69
9.71
3.35
2.87
3.9
9.66
13.08
13.87
7.11
7.64
9.53
1.63
2.99
5.74
7.45
8.54
4.96
9.2
10.13
11.87
12.26
6.63
0.27
2.52
8.73
11.92
7.44
6.88
10.39
14.59
16.49
16.45
16.87
11.19
7.19
2.16
10.74
10.1
7.51
12.06
14.98
15.4
12.02
6.07
11.45
8.21
2.64
11.93
12.25
10.78
9.39
10.38
6.76
11.89
-3.56
11.04
14.62
14.52
7.25
11.56
12.73
6.58
14.19
14.99
2.64
10.03
12.5
6.53
8.93
11.15
12.3
5.84
7.8
13.34
16.76
14.45
5.32
11.05
6.47
5.4
9.32
9.1
14
17.08
12.22
-27.52
5.03
7.89
9.92
6.71
10.6
6.45
10.55
8.33
10.9
10.2
13.2
11.35
12.63
13.18
-1.58
9.17
9.01
12.56
8.42
16.24
15.59
7.79
7.32
8.79
16.55
17.13
11.31
15.25
17.14
12.76
-7.37
11.43
9.59
-2.21
-14.75
9.4
11.17
3.97
9.97
12.44
9.65
11.12
13.66
5.07
9
8.48
7.92
-3.11
10.17
10.08
6.89
-3.78
4.46
7.28
14.52
17.73
16.02
10.03
3.37
3.05
14.53
19.31
16.83
15.86
16.26
4.96
11.85
14.1
8.57
10.01
5.67
11.34
12.78
10.15
5.04
9.34
14.32
11.57
5.48
2.29
9.41
4.38
12.57
16.22
16.57
9.14
5.65
7.88
6.89
7.16
14.75
11.76
0.48
-3.55
9.12
14.16
14.31
13.88
8.79
0.19
0.07
5.64
10.54
14.17
18.1
18.45
18.06
17.14
13.33
6.64
4.14
3.63
4.79
8.45
9.15
11.81
15.44
10.74
5.65
5.88
11.4
15.71
20.74
23
16.55
1.03
6.45
13.89
17.61
14.79
-2.64
4.17
7.97
17.58
16.44
14.19
16.92
11.63
8.76
17.1
18.01
14.29
9.93
10.63
11.45
9.89
13.05
14.69
12.75
8.33
0.96
11.23
13.51
13.4
12.78
5.79
8.05
5.87
18.73
21.15
16.37
13.1
14.13
14.97
14.72
10.1
-6.19
3.16
4.62
12.51
16.3
13.71
7.98
7.76
4.35
9.99
9.04
6.45
5.38
3.56
3.66
2.84
6.08
5.76
12.21
-1.68
13.48
13.81
-2.09
10.56
10.04
6.19
15.45
13.6
13.14
11.6
-0.68
12.27
15.48
8.81
14.67
19.16
17.53
10.58
5.42
9.32
12.65
14.47
12.03
6.11
8.76
2.58
16.1
17.92
14.36
9.69
15.02
18.04
15.67
12.12
13.54
2.91
11.96
9.1
4.26
7.82
6.08
3.85
10.5
17.52
14.42
9.25
10.84
11
8.4
11.11
3.12
12.18
13.1
3.91
10.78
12.22
5.02
10.75
14.09
8.62
2.49
4.59
0.13
-0.09
9.51
9.07
13.05
18.22
17.12
14.62
13.36
0.3
16.52
19.67
17.78
12.31
12.53
16.88
19.01
17.42
14.84
9.27
0.6
4.1
6.76
6.51
7.36
10.54
13.93
13.99
10.53
7.99
2.87
2.83
12.29
11.49
-9.36
7.04
8.38
8.61
16.49
16.67
13.61
6.29
6.32
8.05
7.91
13.87
17.16
19.81
