6.46
5.33
-5.21
0.76
9.83
8.5
10.24
12.95
14.11
9.27
0.27
10.1
13.41
9.91
4.13
-7.62
1.88
5.51
14.34
14.59
14.78
13.12
10.28
11.82
11.59
12.68
12.5
11.28
10.5
9.01
5.52
10.41
14.55
13.75
9.5
7.49
4.9
3.42
5.95
8.68
5.24
8.01
10.06
11.96
10.38
7.86
14.27
5.63
8.46
11.92
10.34
6.3
2.41
-6.7
5.28
13.73
16.35
14.44
8.36
5.62
7.91
0.86
8.35
12.4
12.66
3.98
-1.8
-4.36
4.15
0.65
3.41
9
8.68
3.42
7.82
13.12
14.15
12
13.67
16.61
14.65
6.59
3.26
5.03
9.49
-3.98
5.99
10.9
12.68
11.93
6.75
12.47
11.16
3.3
11.93
14.92
9.1
14.07
17.4
17.08
11.62
-11.47
-2.84
3.45
4.08
0.15
1.42
12.76
16.22
10.35
-1.24
3.16
11.43
10.58
11.14
13.98
15.41
12.94
11.04
11
11.28
12.55
8.97
4.59
10.52
10.48
11.97
11.48
8.3
3.5
3.34
3.07
9.06
11.71
15.26
14.26
15.12
11.98
11.84
14.82
9.28
0.01
2.61
4.53
8.31
3.12
1.67
0.2
0.74
11.9
12.99
4.6
7.39
13.74
12.92
4.9
12.23
14.99
14.12
10.36
9.47
6.3
7.67
13.34
12.59
5.71
4.5
11.47
11.1
11.68
11.22
5.99
2.84
7.63
9.24
1.11
11.51
16.41
15.56
13.52
2.31
8.3
7.72
12
13.22
9.69
11.78
13.67
10.13
6.08
13.49
16.61
14.63
13.32
8.93
-1.96
-6.63
1.57
0.38
4.83
7.02
11.49
8.62
5.79
2.49
6.16
7.06
2.79
10.9
14.82
9.98
-16.38
9.56
13.44
11.98
12.51
16.87
14.27
0.97
1.49
3.45
12.74
16.2
16.94
10.27
8.25
11.54
-3.87
5.84
2.27
5.39
9.58
12.11
9.99
2.17
6.34
9.25
2.83
-0.39
4.49
7.24
10.12
10.76
10.5
8.58
4.78
13.08
12.28
7.2
4.51
14.59
14.18
8.26
9.06
13.27
13.8
7.63
2.41
4.14
7.82
7.08
14.29
15.08
11.66
14.79
12.18
13.62
15.01
14.47
9
-10.22
-5.32
11.79
11.79
7.72
4.77
2.36
3.3
6.16
11.7
8.8
10.53
10.15
8.29
10.51
11.22
10.01
5.88
11.13
8.43
11.39
3.48
15.45
14.41
5.93
-22.1
1.33
4.48
6.67
-2.56
10.48
13.76
15.95
15.91
9.92
-6.6
3.38
7.53
7.15
11.35
1.32
11.46
11.1
1.55
8.33
9.78
8.81
10.68
-2.17
7.25
16.66
17.03
11.33
11
14.75
14.17
12.83
7.63
8.76
7.43
4.07
9.14
12.12
8.34
5.82
11.6
15.29
14.74
12.11
8
10.07
9.97
4.57
13.52
17.06
17.02
13.68
7.54
5.4
11
14.08
14.48
9.82
6.39
14.61
12.05
12.15
11.49
12.11
10.8
11.09
12.19
8.59
-5.1
9.25
9.59
6.69
16.04
15.31
5.94
3.32
7.84
12.39
15.54
14.41
10.62
2.45
10.27
10.24
13.25
14.16
13.44
14.28
9.51
3.52
2.22
8.82
13.53
15.22
11.99
7.47
12.13
13.37
10.54
10.94
9.49
7.29
4.51
0.96
9.27
14.29
9.63
10.41
2.94
7.55
5.04
12.48
13.53
11.27
9.31
4
6.91
8.36
3.52
7.2
11.58
13.23
12.27
12.71
16.02
16.88
16.57
13.25
10.46
11.38
10.66
10.49
13.08
12.47
9.66
9.82
5.32
8.56
13.14
13.04
13.48
10.08
11.18
15.01
14.29
6.48
-2.43
-0.24
3.21
11.86
13.13
6.67
0.95
7.17
9.12
4.68
0.59
0.69
7.96
13.64
15.79
11.4
-2.35
-2.15
5.81
10.18
7.97
9.1
11.44
7.49
8.09
3.93
5.73
13.31
15.32
11.51
-3.5
7.35
8.25
4.8
10.96
4.38
3.6
11.02
12.95
11.56
9.15
6.79
13.67
11.61
8.64
14.39
15.53
9.75
6.15
10.94
16.66
11.79
8.88
6.8
8.9
6.82
7.51
4.65
-3.05
-3.54
5.96
7.33
-13.06
9.31
12.63
11.95
5.82
-7.6
0.67
7.26
8.43
9.4
7.28
10.1
12.08
13
12.66
10.96
15.09
12.4
-1.97
11.22
7.72
-5.72
4.68
2.58
5.2
10.03
16.07
17.39
14.65
9.44
4.34
10.24
13.02
14.28
14.99
10.69
1.49
6.05
13.27
13.73
5.92
6.88
0.73
5.82
-2.3
8.03
7.96
2.16
0
6.22
9.17
9.39
1.36
3.59
12.91
12.55
12.9
15.85
14.82
11.77
12.3
11.6
9.29
10.01
6.39
3.94
10.05
12.33
6.99
15.72
16.63
12.11
6.59
-5.76
5.2
5.8
8.11
14.68
15.78
11.65
4.29
1.07
6.39
9.58
10.53
7.67
-1.26
-1.17
2.31
12.73
10.91
5.75
7.43
7.68
3.81
-1.92
15.76
20.68
17.41
3.47
11.08
12.04
0.86
1.23
3.34
15.93
14.51
10.15
11.42
10.52
0.73
9.25
9.47
0.57
6.92
11.73
16.12
14.46
8.76
7.33
5.83
1.61
2.27
8.92
14.89
12.8
8.92
13.35
8.72
-4.47
3.28
5.68
9.73
8.13
5.17
9.07
12.05
13.53
9.75
10.46
8.06
7.15
7.18
5.43
6.65
-10.6
-0.34
-3.51
-0.37
0.92
6.94
9.93
1.13
11.55
10.91
13.4
11.09
-0.57
5.6
12.59
14.23
9.79
10.81
8.78
-2.67
-2.48
9.94
13.77
12.28
6.02
-2.81
-2.35
8.12
11.67
12.48
8.75
-1.77
12.79
14.56
10.9
8.64
11.58
10.84
7.78
9.18
12.74
10.38
8.79
2.23
6.66
10.28
12.11
14.23
14.5
8.64
4.65
11.21
12.4
11.65
13.32
13.33
7.31
-10.19
-3.18
2.64
5.26
13.9
9.72
-8.28
3.85
13.82
14.97
9.05
15.31
17.01
12.09
8.12
12.2
14.32
11.05
-17.19
8.21
9.95
-1.24
10.27
10.01
-4.48
12.28
15.23
12.72
9.48
12.14
10.79
2.33
12.03
9.24
3.73
8.46
7.93
12.16
14.75
18.68
19.45
17.78
14.66
9.91
3.85
4.31
11.66
11.46
4.31
5.75
12.29
9.54
-5.44
7.12
1.13
7.09
15.14
15.96
12.78
11.34
12.95
12.92
13.92
7.79
6.92
12.39
13.34
16.03
16.31
13
9.23
4.86
-6.95
6.77
15.4
14.39
12.42
11.37
9.01
15.13
16.63
12.79
-1.66
0.81
1.5
5.92
9.53
8.82
10.92
9.4
-4.71
10.3
6.8
6.65
1
-5.16
3.2
13.81
16.11
15.65
17.73
19.75
21.63
25.01
24.98
20.43
26.65
28.95
25.15
12.77
9.69
18.88
22.13
21.79
18.9
6.55
18.04
7.2
17.08
13.75
14.7
21.44
25.99
23.84
18.34
18.5
16.41
14.04
21.69
20.42
8.79
18.55
24.46
28.72
30.24
27.59
21.36
12.57
10.92
8.48
12.15
12.44
3.02
12.49
21.55
24.98
21.99
21.07
26.04
19.51
19.99
18.77
26.71
21.68
9.18
20.24
20.01
20.41
23.63
18
17.48
21.53
23.4
19.96
7.33
8.92
9.99
19.55
22.46
24.29
23.31
23.83
21.49
12.51
11.14
18.86
22.82
18.92
13.56
23.92
28.08
23.82
7.25
9.62
7.6
15.31
17.32
18.98
22.33
6.89
24.73
29.18
25.74
17.21
11.34
14.15
19.99
20.05
18.92
17.34
18.64
17.07
21.83
25.44
21.34
10.25
21.29
19.19
3.04
21.03
24.82
23.16
22.91
21.44
21.92
22.46
17.51
24
21.07
18.95
14.39
23.56
24.13
21.56
23.87
27.6
28.8
25.37
18.59
6.77
27.33
30.68
23.6
19.3
18.25
13.92
5.38
10.54
11.89
6.02
5.59
14.55
21.66
27.31
19.31
19.72
12.22
23.41
22.75
21.47
14.47
20.44
21.52
17.57
18.28
22.49
18.82
20.11
16.15
25.01
23.45
9.64
18.02
13.61
21.64
22.89
15.89
12.93
14.87
19.66
25.36
23.7
14.33
25.06
21.19
21.32
23.76
21.51
22.53
13.42
23.4
22.85
20.24
22.71
18.82
7.02
20.93
21.09
8.05
17.44
12.82
17.31
18.39
18.38
16.56
23.47
28.56
28.48
21.25
24.83
29.42
27.49
25.93
19.89
18.38
17.4
12.36
15.74
21.08
23.68
23.21
19.35
22.88
26.84
25.82
20.18
15.84
18.95
18.4
20.28
17.63
16.79
19.73
12.93
21.08
22.11
23.08
24.77
21.5
4.4
15.76
20.77
20.9
16.8
16.28
19.58
18.96
16.05
7.97
9.04
14.44
8.85
4.37
15.48
13.17
15.88
24.15
25.03
17.13
17.12
23.52
25.33
25.31
26.43
26.1
21.96
22.57
14.92
28.54
29.8
25.14
15.95
9.4
13.41
22.17
21.53
13.33
6.12
18.11
23.77
26.16
25.6
23.47
20.38
-9.53
12.97
9.67
17.3
14.42
17.65
17.04
20.75
19.17
12.69
18.77
16.3
18.05
22.98
22.1
18.53
17.64
17.15
19.34
21.66
20.4
24.76
26.82
23.61
16.96
18.07
9.59
15.35
17.71
13.28
11.55
9.02
13.54
16.39
24.09
24.16
22.7
22.99
16.79
4.9
16.4
13.08
11.54
20.81
18.56
-2.66
11.59
15.19
8.37
21.99
19.97
17.17
14.52
15.69
17.16
15.16
3.51
17.51
22.77
22.35
17.32
4.06
10.91
12.11
5.54
11.77
16.21
13
12.1
14.39
21.69
17.54
13.24
20.79
16.42
3.83
15.71
17.19
14.87
5.94
10.95
8.2
-5.17
4.6
-0.48
4.84
12.47
18.34
17.6
5.97
14.64
11.78
11.21
14.19
7.03
15.15
14.08
6.36
11.3
10.62
11.86
6.35
-1.42
8.15
10.67
5.17
-6.29
9.49
13.79
5.42
10.54
15.11
11.9
9.41
9.55
6.97
8.34
9.26
15.85
17.28
14.01
14.04
16.91
16.51
18.91
19.1
19.03
16.88
16.04
9.23
16.13
17.78
8.18
20.24
21.14
15.95
16.42
16.96
17.29
22.2
18.3
20.7
24.07
20.14
8.46
20.29
23.52
21.44
16.65
12.54
16.65
21.13
13.46
16.47
19.49
22.84
18.72
13
15.51
19.84
24.05
19.44
4.03
8.86
11.6
20.33
21.18
7.17
21.67
21.46
1.12
21.85
25.09
25.86
23.95
15.4
8.01
18.44
17.79
18.45
21.2
17.67
17.46
10.14
18.84
21.46
4.8
17.29
19.4
16.36
14.1
1.25
22.99
24.93
19.08
9.7
19.91
23.47
19.59
20.25
13.2
18.88
11.01
24.38
20.91
22.87
23.16
19.76
18.13
14.61
14.68
22.45
23.26
23.63
26.61
24.43
18.75
16.82
15.31
20.1
23.44
18.82
-9.38
15.32
22.03
23.36
23.45
21.39
20.96
24.6
23.26
9.32
13.24
17.41
23.7
18.48
21.16
23.46
21.84
18.22
3.44
7.41
19.62
25.29
26.24
25.71
23.91
15.69
21.59
21.36
12.7
18.29
24.04
16.89
23.4
24.93
21.17
21.52
24.96
26.66
24.2
22.68
19.42
19.33
22.69
26.27
27.05
24.48
19.59
15.77
21.08
26.98
25.27
19.96
16.06
16.33
21.22
21.29
18.21
23.61
20.98
23.65
24.83
23.69
25.63
22
18.21
22.93
25.07
19.28
22.04
22.34
10.46
21.45
22.09
22.66
19.97
13.86
14.11
22.1
19.83
22.76
22.88
20.97
25.99
28.16
24.13
14.57
15.49
22.69
21.31
17.71
23.78
21.09
23.05
21.93
19.86
25
27.44
23.29
14.85
23.51
25.74
25.58
27.15
28.8
26.91
23.3
20.68
17.78
11.32
14.91
12.49
19.75
28.58
28.47
20.63
21.74
25.42
25.75
23.36
21.49
16.76
15.83
14.28
16.16
18.49
24.02
26.57
22.8
8.23
22.12
21.26
17.18
19.35
15.61
17.3
20.85
25.48
26.17
21.33
10.28
21.3
23.64
20.71
18.15
19.44
19.39
21.43
16.54
17.66
18.14
19.1
10.67
21.99
13.7
23.34
19.52
20.46
25.74
26.01
26.82
26.37
18.31
19.12
22.89
18.52
21.52
19.79
17.36
16.27
21.9
24.28
18.62
21.63
25.09
21.65
22.14
16.57
23.24
26.72
23.8
11.54
16.37
19.62
23
21.72
18.16
17.69
17.11
15.74
23.62
22.91
12.52
14.14
8.93
13.52
22.51
22.89
19.44
7.97
20.25
15.35
17.03
22.47
20.53
8.39
21.04
21.38
13.63
13.27
15.94
15.2
23.34
19.89
10.89
18.08
18.97
22.18
18.35
18.67
13.96
15.61
23.86
24.44
16.55
18.37
15.08
16.74
12.74
13.88
18.04
10.83
8.32
14.4
11.47
17.57
18.52
4.29
16.98
9.74
13.11
20.55
23.5
21.08
10.44
11.95
12.23
9.36
22.46
23.57
16.04
5.29
15.07
14.85
13.84
21.58
22.5
21.44
11.77
18.52
20.74
19.85
17.95
13.81
24.93
25.77
17.69
19.64
20.04
14.99
13.3
10.44
12.45
13.78
14.06
6.25
17.24
15.46
13.16
19.93
20.5
22.16
19.54
12.55
14.93
16.74
18.25
20.64
17
20.58
18.21
7.98
8.58
15.76
9.63
12.11
18.3
17.27
13.23
17.11
23.57
5.38
14.29
22.61
26.32
25.41
21.28
23.28
25.35
24.87
23.09
19.85
13.86
15.82
3.25
16
20.91
19.54
13.13
12.1
21.4
22.09
17.31
24.2
27.08
24.87
24.47
24.39
20.23
17.55
26.6
26.28
25.29
24.11
22.94
25.49
25.58
19.74
15.84
18.2
17.12
14.35
18.25
20.89
22.71
20.94
20.99
22.48
17.81
11.95
12.14
19.7
20.89
18.23
16.17
19.58
16.17
15.35
17.88
11.08
16.58
11.07
15.65
21.06
23.83
21.21
22.89
23.85
25.1
18.59
17.26
22.27
27.33
27.55
24.06
17.34
11.55
7.91
14.71
18.3
13.23
4.87
19.32
24.36
24.39
23.97
21.96
20.29
22.08
18.36
24.01
20.84
7.58
16.89
6.46
22.21
22.04
18.83
20.13
16.05
14.71
22.02
24.02
28.53
28.26
18.33
14.55
21.94
20.99
18.08
24.26
25.16
13.9
18.94
20.32
22.61
21.95
17.01
19
23.51
23.58
22.82
25.75
27.64
26.15
20.55
1.27
20.98
26.77
26.52
19.8
9.97
18.8
6.87
25.29
21.27
23.71
24.94
20.34
12.07
5.32
6.6
18.08
29.21
33.03
28.66
-2.13
20.33
22.61
24.18
27.75
28.33
24.3
27.15
32.99
30.54
23.16
27.12
29.94
27.87
17.36
18.2
20.96
17.28
18.32
11.01
15.21
16.84
18.92
22.39
25.65
24.1
21.34
24.28
23.92
13.14
20.46
22.41
37.16
42.41
38.82
25.35
12.87
19.26
15.64
12.24
15.22
19.12
24.11
25.31
23.27
25.92
27.16
23
14.76
7.78
24.61
27.78
23.96
20.5
-0.88
14.56
12.24
14.08
20.31
22.88
12.65
41.11
46.65
42.9
28.51
22.45
20.92
17.43
9.59
10.79
17.35
24.74
25.87
19.13
21.03
12.8
21.13
22.88
17.76
8.61
-8
18.82
20.83
28.65
37.73
39.08
33.73
29.34
26.76
23.84
29.01
27.1
12.23
6.59
22.79
23.87
18.69
17.53
15.02
14.56
18.21
19.89
22.77
22.92
19
7
16.18
17.49
21.8
24.77
20.66
10.98
8.91
31.65
41.56
41.62
31.8
20.19
26.53
29.42
28.48
25.24
23.86
25.91
32.73
34.69
28.2
15.81
20.16
25.2
22.9
16.43
15.97
20.05
20.02
19.13
17.92
21.11
21.17
16.48
10.45
14.96
23.91
39.68
44.29
39.39
22.44
18.94
21.62
21
20.38
24.18
22.42
19.98
23.69
26.38
25.83
25.1
24.71
25.86
26.59
24.78
19.36
20.19
17.67
18.3
21.8
25.95
25.19
22.99
20.77
18.25
10.63
17.26
12.36
16.31
9.2
22.89
22.74
22.32
21.86
22.88
21.31
19.89
22.6
26.11
26.08
25.34
23.09
20.32
21.95
26.15
26.97
21.94
29.02
42.42
45.33
39.74
27.2
23.3
23.84
27.95
29.35
25.14
19.8
24.03
23.95
8.98
22.28
21.32
10.37
10.64
20.39
20.73
17.88
16.09
13.75
17.45
21.14
21.88
21.97
22.68
21.7
23.83
25.49
23.07
18.37
17.63
19.77
29.42
36.93
37.26
31.62
25.48
24.69
26.27
26.42
26.04
27.69
25.4
25.82
24.85
24.67
25.99
23.57
17.89
21.49
24.76
23.87
-3.43
20.28
26.08
25.66
17.44
18.12
17.42
27.68
29.92
29.61
28.6
26.15
19.88
21.1
29.43
31.49
30.73
18.01
34.5
35.8
27.54
27.68
30.16
30.81
30.75
30.79
29.73
25.08
34.84
34.66
21.86
24.1
26.63
32.89
34.07
21.5
28
40.01
40.78
31.15
24.13
28.7
26.36
25.62
24.34
27.58
31.74
30.75
6.41
30.87
33.02
26.13
23.15
23.92
25.52
22.2
28.73
26.44
27.18
35.58
32.59
15.37
27.35
31.68
31.53
28.35
21.17
17.76
24.43
8.25
30.11
30.53
27.25
29.13
23.33
28.25
26.44
17.67
29.24
34.6
33.05
27.24
20.81
24.06
24.54
24.39
30.66
32.28
17.05
30.21
29.81
23.41
29.29
27.72
27.86
23.68
39.18
49.7
50.17
40.12
29.68
27.87
21.1
18.64
24.59
30.84
43.81
47.27
40.7
25.26
18.7
28.43
28.51
23.83
11.87
29.9
30.34
30.09
30.83
34.11
32.54
15.01
28.78
27.46
25.23
22.73
15.73
9.22
20.16
25.84
26.05
25.52
26.86
23.45
19.62
24.69
23.92
30.71
30.97
25.84
30.8
29.2
31.47
34.49
30.62
18.31
30.58
29.82
18.93
31.76
33.24
24.15
24.61
29.25
26.73
20.7
29.61
30.92
31.81
29.18
31.01
34.75
32.46
21.57
29.67
25.39
32.86
35.59
34.7
31.37
29.17
34.34
28.17
29.78
34.95
31.05
25.86
28.25
23.31
25.1
26.17
26.71
19.55
24.71
29.83
30.39
31.71
27.85
29.36
35.74
31.79
29.54
35.67
33.47
26.97
32.42
32.98
26.8
16.91
26.07
30.92
35.74
32.34
27.31
27.85
23.51
28.48
31.49
28.91
23.67
24.81
26.22
30.74
30.68
9.81
30.05
32.48
27.83
19.18
30.01
30.49
24.68
26.92
26.5
9.53
25.79
30.73
30.87
24.62
30.62
28.4
20.66
25.67
21.33
31.07
33.09
32.72
32.03
29.31
15.81
25.47
28.87
24.41
26.54
28.75
28.9
20.33
29.99
26.26
28.08
31.4
30.55
26.26
22.91
24.85
23.78
25.32
13.52
23.98
21.23
23.91
30.43
25.33
16.93
23.72
28.89
29.23
16.17
28.41
26.31
17.75
29.04
26.09
12.16
24.24
22.28
15.84
21.57
21.38
21.46
25.83
20.09
30.14
30.33
26.71
5
23.25
25.94
21.61
25.74
26.04
18.13
24.5
26.96
26.22
12.57
19.7
17.26
23.13
19.3
21.76
21.42
18.56
19.56
26.09
23.22
20.15
18.54
3.26
22.14
24.99
26.95
24.86
20.34
18.32
19.5
13.97
15.17
10.07
22.83
16.17
22.95
24.92
20.99
23.55
25.4
24.93
21.58
23.72
21.79
18.45
11.53
10.63
17.23
9.16
21.84
25.99
21.9
16.18
10.35
19.96
20.84
17.15
22.85
25.96
20.93
21.18
19.3
23.58
25.26
15.37
8.06
18.81
21.53
12.96
25.29
25.18
20.27
20.22
24.53
20.95
14.63
20.26
16.47
17.14
22.75
17.51
15.31
19.13
9.76
23.03
22.87
24.49
18.19
23.14
22.14
11.79
24.88
26.75
24.16
20.28
17.3
21.25
14.27
17.42
11.74
18.21
22.12
21.66
20.33
18.25
21.08
25.55
25.39
12.11
19.74
18.94
15.6
19.71
20.58
16.63
11.93
13
17.78
11.29
15.62
18.45
7.79
18.96
23.76
24.82
23.71
20.16
25.12
25.47
15.09
21.25
22.67
19.91
17.4
19.79
22.61
18.1
27.75
28.59
20.7
13.17
19.73
23.38
23.04
11.43
21.82
25.43
25.5
19.14
21.17
27.72
24.56
22.75
22.8
16.26
26.89
29
28.58
27.06
28.04
28.89
23.74
23.07
22.58
23.18
23.92
24.59
23.16
15.2
20.71
23.35
27.22
28.12
23.66
18.13
21.4
26.82
28.31
27.01
25.49
29.83
30.54
22.1
17.56
16.67
26.67
34.2
34.03
28.87
30.83
31.47
27.31
21.45
24.56
25.76
17.48
25.92
26.68
24.83
32.4
31.32
24.28
27.14
31.04
29.48
28.05
21.43
23.12
29.55
29.52
28.82
27.75
26.45
28.27
24.39
11.42
22.25
27.02
28.24
27.62
24.12
26.1
21.83
16.53
26.96
28.79
26.43
22
24.51
28.9
27.58
25.61
28.36
30.48
29.42
31.89
29.9
24.33
23.59
22.51
25.05
27.95
29.1
22.97
19.18
18.14
-1.54
18.79
24.49
23.05
17.88
29.15
29.59
26.53
26.38
22.56
13.94
20.79
25.16
20.68
21.88
23.04
27.89
31.98
30.78
23.47
13.81
21.28
19.83
16.38
16.28
4.72
21.83
30.28
29.69
22.27
15.47
18.39
25.34
20.66
16.71
20.12
20.95
19.78
23.03
25.75
21.2
24.11
26.75
27.05
18.66
17.28
18.18
22.63
26.49
25.62
15.23
10.97
8.26
22.85
22.61
13.04
22.6
30.56
27.32
23.85
21.46
22.76
17.57
21.92
22.25
19.71
23.12
23.77
27.4
29.5
29.23
27.55
25.97
26.32
25.76
22.37
3.92
22.15
19.39
12.46
18.73
22.05
21.74
22.24
18.35
18.87
18.78
20.16
25
17.07
14.78
12.2
17.51
17.53
22.6
25.14
17.33
18.03
23.75
22.06
24.79
22.94
17.37
19.11
24.04
16.82
14.44
17.05
18.35
21.81
21.53
12.11
18.07
23.54
24.61
23.23
15.08
17
23
23.81
22.35
13.67
16.99
11.48
19.19
18.63
19.53
24.43
23.98
17.7
13.14
19.04
21.31
24.09
25.14
23.5
18.04
17.59
22.01
16.07
15.08
23.67
23.64
16.7
7.52
5.96
18.83
23.62
19.44
9.83
-8.45
6.38
9.72
19.19
25.09
23.38
23.97
21.67
3.52
19.7
19.87
13.87
5.84
10.47
19.41
21.54
18.77
12.82
15.15
19.99
21.26
23.58
16.69
14.09
21.57
22.52
25.09
27.32
26.13
20.67
18.23
18.18
18.65
13.87
18.51
22.03
19.58
25.77
24.71
15.58
19.15
24.28
22.47
17.06
17.21
17.73
9.54
2.48
13.53
7.68
21.25
20.66
16.09
9.68
-0.75
6.66
19.27
27.15
28.27
22.59
9.91
-4.65
12.37
15.17
4.07
12.44
7.88
14.94
15.92
17.58
22.32
23.8
16.98
3.53
10.19
6
20.76
20.65
14.3
5.16
5.71
17.5
23.24
22.57
21.26
25.86
23.67
20.44
15.96
-11.07
9.63
13.97
13.72
9.32
7.19
1.78
2.91
15.75
14.99
22.08
23.8
19.64
18.61
25.24
25.36
22.2
18.23
14.68
13.93
13.99
23.52
19.58
-4.15
15.79
20.58
21.88
14.22
8.1
16.69
19.14
11.08
12.06
7.79
17.08
20.49
15.85
19.93
25.58
24.27
16.49
15.57
10.19
-11.18
14.76
14.53
19.57
21.05
13.22
20.26
16.71
0.49
11.73
12.89
21.85
25.72
25.01
19.8
9.41
20.76
24.55
21.42
19.13
19.18
21
19.65
17.5
23.79
25.99
17.43
15.33
15.2
18.11
21.27
22.21
17.18
15.64
19.51
23.89
16.68
27.66
25.43
3.35
22.72
22.74
10.32
15.11
14.24
5.39
11.77
18.1
18.01
23.05
19.27
15.41
21.25
22.79
16.17
12.99
15.8
17.72
13.29
18.4
22.27
24.58
25.13
18.3
17.88
14.27
6.93
19.6
19.81
17.78
21.77
12.54
20.56
22.59
17.38
18.95
23.11
15.26
21.25
25.36
24.73
23.76
18.22
14.69
6.65
8.58
14.95
24.21
24.57
22.69
19.78
9.88
16.96
15.46
24.12
21.98
19.46
20.64
24.4
20.88
9.79
21.74
23.4
9.85
21.8
24.18
20.37
18.46
18.88
21.46
18.41
17.42
15.74
15.98
15.9
19.74
18.01
16.65
24.77
25.18
23.08
22.36
3.54
15.2
9.37
17.67
24.32
18.16
17.9
11.83
18.73
22.03
18.25
28.04
27.92
21.58
25.39
34.05
37.06
32.69
22.91
19.84
18.39
16.31
16.18
13.78
17.21
12.52
21.21
15.01
19.5
25.01
22.55
23.96
23.84
8.49
24.12
24.82
18.41
19.33
22.51
16.5
15.93
16.68
15.49
17.39
16.52
14.77
14.82
20.12
19.5
17.89
20.68
16.26
10.95
19.02
16.21
18.66
22.22
4.75
22.69
18.94
20.35
25.38
22.59
4.49
24.51
25.11
22.31
16.43
12.61
12.25
21.23
22.49
13.27
14.36
22.07
20.28
16.89
20.13
4.64
22.71
24.72
25.3
21.97
5.96
18.54
15.51
18.91
17.16
18.69
23.34
18.38
19.81
23.06
3.63
24.43
23.8
25.14
24.27
12.96
18.17
14.65
16.66
15.01
12.3
13.21
-4.04
17.33
18.89
16.68
15.59
11.93
6.03
5.82
12.19
14.27
8.6
19.06
21.99
24.4
25.58
21.36
17.88
20.07
13.53
18.57
18.63
19.14
23.05
19.51
16.27
11.58
24.57
26.62
25.07
25.96
19.93
20.71
17.83
17.12
-3.24
20.58
20.37
12.8
21.21
20.25
10.23
20.71
20.59
2.54
12.98
0.53
16.36
19.76
19.43
15.08
22.92
24.59
21.39
13.63
7.05
8.18
22.7
26
24.73
21.93
20.39
20.11
17.59
13.6
9.88
19.09
22.56
15.58
9.05
7.79
18.75
24.31
22.74
22.75
22.95
12.69
24.09
24.02
17.61
22.05
17.48
3.48
9.9
15.02
10.18
8.88
15.14
14.6
13.37
22.69
21.04
17.57
11.97
4.36
15.43
15.33
9.01
17.87
20.44
14.07
-1.28
6.46
20.92
23.07
10.86
21.61
18.69
14.4
22.62
22.57
13.5
11.46
12.47
21.18
20.9
13.38
-2.98
14.49
16.94
16.02
20.07
20.71
22.03
24.22
21.76
15.6
18.62
19.55
17.88
8.16
19.12
20.99
15.35
13.5
7.53
7.09
6.91
7.58
21.01
23.48
21.84
18.14
17.64
18.85
12.06
11.74
17.06
11.48
19.18
22.07
19.49
18.68
10.56
4.14
14.95
21.06
24.81
23.32
15.63
12.21
13.4
13.26
16.05
21
22.41
15.89
17.76
14.33
6.7
9.6
11.18
15.21
15.26
9.17
5.37
5.75
12.23
6.37
11.96
16.89
20.35
18.9
0.62
13.23
12.23
6.89
6.63
9.87
15.86
7.83
12.76
13.76
7.91
9
16.21
15.85
10.36
12.75
16.76
13.13
7.25
13.04
16.35
14.92
16.04
14.59
14.37
9.97
13.02
14.28
6.63
19.54
20.41
18.63
18.28
14.87
10.71
12.23
15.28
7.7
13.22
16.18
11.36
1.41
12.84
9.39
5.96
16.57
16.97
11.71
8.14
5.98
15.6
19.46
11.57
17
15.07
9.04
15.7
16.14
2.59
6.57
10.49
13.81
13.28
10.62
15.11
19.43
20.73
18.7
12.07
15.49
-1.95
15.05
16.39
17.43
15.93
10.21
18.46
19.32
19.27
18.99
11.62
12.59
16.36
17.2
18.24
17.21
20.4
20.49
11.63
17.12
16.83
11.7
6.69
16.99
18.06
9.72
17.09
14.11
16.51
14.57
-4.65
13.42
18.61
17.73
17.86
16.05
12.01
19.88
20.95
14.62
15.15
14.45
6.58
10.35
15.63
15.84
12.54
11.98
12.22
14.22
16.69
14.59
10.47
4.8
1.45
13.85
11.51
-6.9
0.96
6.89
14.35
14.49
-10.14
15.76
18.88
19.57
16.05
5.69
3.18
11.44
13.95
16.84
15.6
2.72
12.3
12.93
6.88
9.56
13.08
16.5
16.98
17.66
16.49
15.05
14.99
4.61
14.95
17.27
18.8
15.7
18.2
21
20.39
17.49
9.75
12.66
12.12
2.48
13.68
15.43
8.74
5.78
4.42
12.76
17.93
18.66
13.43
11.76
17.09
11.54
-2.67
13.41
15.19
15.98
13.36
-6.05
13.31
16.14
8.99
15.04
16.74
10.79
10.76
16
16.91
10.07
15.8
14.86
16.79
16.02
15.8
12.4
20.84
23.42
19.48
11.04
17.06
14.02
8.16
16.64
14.69
5.77
7.8
11.7
16.92
15.97
14.33
7.43
19.78
18.78
15.51
20.4
17.18
12.5
11.84
18.85
20.44
8.02
17.02
20.01
20.61
18.32
11.23
14
17.12
14.68
13.07
3.23
11.81
11.64
16.25
17.18
3.45
13.88
0.12
3.89
14.77
20.48
22.35
21.97
20.39
18.65
13.78
18.62
18.7
13.05
-2.57
5.68
9.26
14.38
20.81
18.29
16.75
18.98
19.34
16.11
7.92
12.87
11.38
9.08
17.26
20.9
19.75
18.33
16.41
11.7
8.88
12.61
14.19
6.98
11.9
13.95
19.86
22.38
22.29
19.88
18.09
11.37
15.45
12.82
14.08
17.12
10.22
15.09
-2.56
14.14
17.7
23
23.48
21.84
20.19
14.18
12.38
0.16
9.95
10.05
18.79
16.61
6.42
15.79
16.34
14.39
4.42
18.74
21.83
18.5
11.63
9.01
9.8
15.32
14.61
14.37
21.85
18.18
6.57
12.39
9.42
8.49
-3.83
13.23
6.32
12.96
15.28
10.54
16.56
17.56
16.47
16.97
14.89
10.61
13.48
14.93
13.91
14.51
17.02
18.6
15.72
12.64
17.91
17.81
13.49
7.98
5.52
5.28
16.71
20
13.84
11.51
11.67
10.09
3.66
7.15
-2.57
13.2
14.43
9.86
9.9
12.96
17.05
19.2
17.56
9.53
7.55
10.33
10.91
15.37
16.03
11.48
11.83
14.64
19.26
19.31
15.27
12.96
5.71
13.89
19.88
19.25
16.16
17.55
15.15
3.73
9.76
14.29
16.92
18.34
21.36
19.86
12.78
4.66
8.75
9.57
13.52
6.19
7.93
7.22
8.57
16.81
15.42
7.86
6.88
1.37
13.48
13.14
19.47
20.97
18.79
15.94
7.39
12.54
16.16
19.44
21.63
17.09
11.06
7.45
12.48
13.68
17.08
14.68
9.12
11.97
19.38
16.53
10.78
7.79
10.36
8.46
15.84
18.21
19.21
15.91
6.61
5.97
16.03
15.09
7.44
17.04
18.65
19.39
21.25
21.6
22.7
22.53
16.54
11.84
15.41
14.16
18.69
16.84
13.05
14.6
7.21
14.12
18.64
21.14
22.17
15.77
11.74
18.68
18.91
19.35
17.91
17.35
20.25
16.27
6.16
10.29
21.52
18.55
14.17
17.59
14.42
15.58
18.07
17.52
13.33
13.6
13.18
14.29
11.45
11.41
11.16
11.89
12.99
18.95
15.08
11.31
14.61
0.73
15.72
11.09
-7.67
10.28
15.5
14.09
3.97
7.83
14.76
17.11
15.22
19.14
21.14
18.04
15.57
12.63
6.32
-1.1
13.27
10.07
15.14
14.36
13.64
15.44
15.26
19.65
22.42
20.27
16.72
14.84
1.47
5.59
8.45
18.12
21.28
17.18
16.11
13.56
17.16
16.97
18.24
15.45
12.17
12.99
13.34
3.63
18.74
20.03
17.63
18.57
13.4
9.64
10.26
13.6
21.82
21.72
20.65
14.64
19.58
24.29
22.31
18.31
16.01
15.84
20.63
22.36
19.76
15.29
-1.81
18.63
20.01
18.77
20.74
19.7
18.3
19.28
16.37
21.52
12.63
21.18
21.45
18.99
23.29
18.31
17.46
17.86
18.21
23.18
21.92
19.25
22.55
16.92
10.73
13.74
17.64
18.35
18.75
14.17
10.99
14.84
16.28
1.12
6.42
-3.24
8.12
1.97
14.15
12.46
14.29
13.78
18.36
21.35
20.88
14.89
18.02
13.99
14.92
11.55
22.46
21.44
9.43
15.87
18.9
17.16
15.26
16.08
19.77
25.01
25.08
19.64
9.65
17.83
10.96
15.62
20.59
19
10.27
15.6
19.03
23.05
19.57
8.69
10.5
14.02
19.99
18.58
12.35
16.42
15.95
12.24
11.64
2.44
15.34
11.85
11.11
16.16
8.14
16.81
20.29
14.48
5.18
17
16.95
11.51
9.16
16.19
13.96
13.71
20.04
22.57
18.43
8.24
5.23
18.06
14.13
17.65
20.68
13.95
14.69
17.63
12.11
-0.25
13.23
21.5
22.12
22.87
24.78
19.17
10.69
16.87
17.35
12.73
13.93
13.39
18.87
21.14
23.08
18.88
6.67
17.31
18.18
6.37
16.66
19.94
21.36
18.32
3.08
16.77
13.5
11.63
15.01
4.9
17.62
22.23
20.8
23.1
20.85
20.87
18.49
16.48
20.02
13.79
19.99
24.49
21.13
19.91
22.74
23.1
19.7
13.82
14.29
14.82
18.03
24.75
23.45
15.23
4.15
17.19
16.2
5
13.75
-1.33
2.97
14.39
6.21
15.62
16.63
16.08
12.79
14.4
14.58
6.09
15.37
8.26
6.99
-1.42
11.23
13.28
14.28
18.16
17.49
17.53
16.81
1.29
14.25
14.87
16.52
19.82
17.26
14.61
18.63
22.77
22.73
16.2
15.93
16.25
7.98
9.26
9.83
13.11
18.2
21.38
22.94
12.38
19.56
15.18
10.82
12.23
11.47
1.34
15.74
13.85
14.78
15.66
10.87
10.77
12.43
11.76
15.59
9.52
-0.59
13.16
12.39
4.59
14.99
14.4
6.1
11.52
7.57
11.22
16.51
10.71
12.36
12.12
1.46
11.37
15.91
6.57
4.19
10.32
9.26
17.96
17.83
10.66
3.47
14.96
16.33
8.77
16.47
-5.7
11.46
2.92
7.48
12.91
4.68
14.32
17.5
15.71
14.64
10.5
11.57
13.27
17.65
12.3
9.8
10.26
14.87
17.96
17.32
17.1
18.06
19.1
20
17.72
12.35
15.46
12.46
10.78
6.74
6.07
14.66
18.84
16.58
13.62
15.42
4.68
15.89
18.27
17.43
11.37
12.44
15.88
13.67
15.51
12.85
9.13
10.23
-2.09
12.99
8.51
3.45
3.29
5.83
7.91
12.05
13.88
11.17
11.85
13.41
17.52
15.92
11.23
7.96
14.54
14.93
12.39
13.53
8.61
16.54
14.9
13.04
11.48
9.51
17.74
18.53
13.53
8.66
6.96
10.6
6.17
11.96
16.08
14.04
17.46
16.3
12.2
14.25
12.83
6.32
9.68
2.11
9.1
8.18
15.57
12
14.62
15.05
10.19
19.02
8.84
15.91
12.57
11.04
13.64
13.87
9.29
-2.77
6.96
12.89
10.35
9.02
5.79
-4.73
5.74
4.05
7.45
6.39
10.55
11.84
8.14
7.54
8.18
2.38
9.69
8.08
13.59
6.67
15.9
11.84
9.33
13.71
-6
9.45
18.21
15.47
16.96
19.75
12.72
15.71
19.3
15.18
13.97
14.1
9.39
1.28
10.43
16.85
18.44
14.8
9.34
13.19
15.8
11.93
13.97
14.18
14.19
12.81
11.53
17.18
17
7.69
3.89
10.45
1.52
12.76
16.65
10.64
8.78
2.71
-1.72
4.79
15.9
12.93
3.71
5.1
17.24
21.59
17.19
7.67
11.96
7.77
19.82
20.61
9.6
13.91
12.03
12.8
17.85
9.77
4.92
10.65
16.34
17.51
15.06
11.71
9.21
3.84
6.86
11.96
-10.12
9.5
6.4
6.65
-0.59
12.29
6.1
12.42
10.38
5.55
7.84
12.85
19.21
17.83
8.86
1.83
14.97
18.36
16.22
13.32
13.17
4.12
12.88
15.67
12.14
13.3
12.78
12.76
14.01
9.58
6.29
4.87
14.87
15.74
15.25
16.02
14.8
12.97
12.56
13.59
11.5
1.71
2.91
10.64
15.98
16.99
15.53
16.14
18.48
15.5
16.74
17.31
13.23
4.31
10.64
9.38
9.37
14.1
10.8
-3.54
-0.66
10.97
13.59
16.7
19.54
17.45
16
16.15
13.09
5.49
2.31
6.18
1.61
11.63
8.38
12.4
11.29
13.16
13.45
15.04
17.03
15.58
12.6
15.92
12.09
14.98
17.37
16.83
10.69
10
14.53
12.84
7.87
14.09
17.48
15.5
4.09
8.44
12.52
17.04
17.87
13.77
-2.27
4.45
7.57
8.44
14.22
16.39
4.58
10.66
11.97
7.83
15.49
15.61
7.33
6.2
-0.32
13.56
15.56
17.18
17.63
14.25
15.33
17.42
9.52
12.26
12.92
3.47
5.41
6.43
4.98
1.29
1.19
7.23
11.71
12.97
10.33
8.21
3.77
14.13
15.55
9.31
9.4
3.28
9.77
-0.06
9.23
15.16
14.64
15.62
17.87
18.02
6.67
7.69
7.01
9.42
16.82
20.97
20.44
16.82
12.42
15.45
15.63
8.41
13.93
18.92
21.03
21.65
18.82
11.11
10.78
16.35
16.93
3.91
15.74
18.97
17.09
18.4
18.79
15.81
18.82
19.79
17.92
13.49
3.1
-7.3
11.48
17.29
18.91
17.13
8.51
4.55
11.16
10.85
-0.63
10.46
18.12
20.56
20.79
19.63
16.34
13.92
15.12
6.56
6.59
11.34
13.72
13.7
13.72
9.87
8.45
9.82
12.7
15.45
17.55
17.52
16.96
20.36
17.65
14.96
13.08
9.38
9.87
6.08
11.74
17.81
15.33
-2.28
7.67
11.11
12.3
7.45
8.37
15.81
16.63
13.69
7.54
17.02
17.65
11.45
4.93
11.66
15.52
17.77
17.86
15.45
14.08
15.65
14.69
8.41
2.44
8.47
16.65
18.91
16.49
14.18
11.44
12.22
15.55
5.39
9.96
12.95
15.8
18.32
18.06
16.03
14.75
18.65
19.2
11.98
11.69
11.99
-1.85
10.5
10.8
13.98
18.26
19.09
17.72
16.78
5.97
8.42
17.11
18.51
17.21
14.29
13.17
11.43
13.62
12.06
2.41
13.34
12.6
6.57
11.11
17.06
14.75
10.28
11.74
13.64
9.61
14.06
14.43
9.18
7.25
6.33
15.25
13.91
9.74
0.07
4.46
10.77
12.42
2.26
8.67
10.33
10.38
-8.51
15.08
16.19
5.51
1.42
12.11
14.31
14.98
13.19
7.96
4.24
4.13
3.19
4.93
1.68
3.2
10.02
13.23
13.7
13.41
13.81
10.48
10.6
13.65
15.67
13.31
5.39
-2.35
8.06
11.9
11.94
8.73
-1.85
16.8
18.91
13.89
9.68
6.73
10.72
8.51
6.6
5.7
12
10.98
9.52
11.05
14.4
18.76
18.61
13.38
11.03
13.02
15.93
18.38
14.89
-21.07
12.06
15.7
16.15
10.81
9.1
8.56
6.06
5.79
1.19
11.64
11.1
11.25
11.55
10.85
7.88
16.01
15.92
5.08
6.75
9.33
13.83
15.8
14.27
13.45
7.91
13.41
17.06
12.27
7.85
11.41
13.58
18.02
16
4.72
11.13
14.14
12.48
12.85
13.28
9.16
-0.17
6.32
9.79
5.06
6.54
9.67
14.76
17.73
18.23
17.09
10.54
-1.33
-3.3
6.93
13.31
15.82
12.57
5.49
10.62
14.35
15.55
13.81
9.36
9.31
8.23
9.75
10.48
13.91
16.85
15.26
4.13
14.83
10.4
12.48
9.66
-6.91
12.21
19.84
18.79
12.12
12.15
14.73
18.22
17.41
15.32
14.08
13.29
12.41
-0.13
15.54
18.01
16.89
15.3
16.32
17.46
15.7
13.22
1.98
10.19
2.96
11.26
15.72
16.38
12.64
-5.49
5.88
11.61
9.75
10.15
11.72
11.01
7.24
9.32
16.29
16.74
12.79
12.07
12.55
5.9
7.35
13.15
14.99
12.57
9.44
10.68
7.84
3.78
0.86
5.39
-0.59
6.81
1.29
11.47
7.02
12.21
16.71
17.48
14.77
13.51
12.48
12.56
15.74
14.29
11.72
12.86
13.15
5.52
7.23
13.24
6.12
8.64
13.52
15.75
13.8
-0.51
13.58
13.75
11.99
13.26
13.24
12.89
15.36
15.52
13.29
5.8
12.5
15.82
13.85
14.72
13.99
13.07
12.57
10.01
10.4
6.95
16.66
14.38
9.81
9.47
13.85
5.03
9.32
0.87
2.84
-2.09
-6.52
3.39
10.92
10.65
16.01
16.37
12.41
13.9
14.99
8.53
11.17
15.2
15.27
14.35
10.31
6.46
12.6
13.46
11.32
15.81
18.19
15.68
13.87
14.14
13.95
11.7
9.3
14.31
11.59
5.91
-3.88
13.63
14.18
1.08
11.56
12.85
12.24
-6.92
14.04
12.21
5.15
14.27
16.55
12.86
7.59
-0.86
9.23
10.72
3.28
6.42
7
12.4
14.87
10.87
9.51
12.96
6.93
8.3
18.93
20.73
16.63
5.92
7.64
16.67
17.76
13.94
10.93
-4.11
9.21
12.25
14.66
14.26
3.43
16.56
15.9
13
12.78
12.48
1.63
13.36
17.84
15.22
12.63
14.92
13.04
6.98
14.84
15.8
11.93
9.25
3.56
15.14
17.05
15.71
12.88
7.86
2.04
0.05
14.17
12.87
-4.31
12.69
15.38
14.89
11.35
5.75
9.26
12.79
13.13
13.36
3.79
11
7.44
14.12
14.91
15.53
16.72
15.72
16.82
16.75
13.06
16.37
14.22
13.73
17.94
12.36
6.37
15.63
18.8
14.4
3.36
16.63
19.79
18.76
15.35
15.73
15.95
9.05
2.54
10.63
19.09
20.5
15.72
7.03
6.85
12.27
3.75
-3.91
3.7
-3.9
12.16
19.96
21.28
18.92
16.42
12.17
10.48
10.74
7.46
9.67
18.27
21.26
18.33
6.01
9.27
11.48
7.17
5.71
12.51
16.59
14.94
12.26
5.58
11.94
20.25
24.7
21.48
7.09
10.01
12.12
13.94
11.69
11.27
6.67
3.15
5.05
4.97
11.87
16.4
17.47
13.43
-7.98
9.7
14.16
15.03
14.55
12.8
11.4
11
3.91
11.46
16.2
17.78
18.68
16.71
9.1
12.46
13.83
12.25
14.67
14.03
6.4
3.42
15.04
20.47
20.95
18.26
14.25
12.99
11.65
12.63
16.87
19.37
19.25
14.74
5.85
12.59
16.79
17.5
13.88
14.06
11.22
8.21
12.67
17.94
16.82
12.41
8.74
10.1
14.1
13.28
12.27
13.15
15.87
15.83
10.05
7.94
11.74
13.92
15.79
15.48
11.35
5.21
10.1
12.24
13.15
15.97
12.96
10.65
4.09
11.01
15.75
19.19
19.5
18.89
14.38
13.44
16.99
15.21
13.53
15.15
18.09
15.27
7.51
13.96
17.94
19.17
19.82
18.15
12.52
1.38
7.18
13.49
15.1
16.11
10.37
4.44
14.7
17.77
19.29
18.84
12.87
4.09
10.87
15.53
18.61
17.19
14.78
13.9
13.01
14.81
13.36
7.61
18.18
20.21
17.67
9.15
9.17
11.19
11.29
11.22
6.64
17.79
17.52
13.63
14.18
14.88
16.62
16.98
17.83
18.74
18.12
15.18
17.08
17.72
15.26
12.73
14.62
14.46
9.52
6.36
12.03
14.05
10.75
7.28
12.69
16.8
17.56
21.12
22.82
21.54
14.89
12.47
17.66
16.63
12.09
6.58
8.22
7.2
11.27
12.27
11.79
11.59
11.28
11.17
14.5
20.68
18.87
14.45
11.66
11.11
12.93
14.39
12.41
8.06
14.51
12.91
-2
2.84
7.93
13.41
14.52
11.25
13.42
13.46
11.39
13.1
16.41
20.41
20.43
16.62
14.95
16.97
18.49
19.54
15.54
-4.89
11.54
11.59
1.52
7.57
11.63
15.72
15.64
11.9
7.28
10.3
13.14
13.08
17.03
16.26
10.88
3.21
12.2
15.58
10.24
6.74
4.07
7.44
9.27
2.56
8.43
11.04
11.34
10.9
12.02
7.12
8.94
5.44
7.63
10.69
9.91
6.86
14.14
16.74
13.87
11.5
12.08
9.21
9.22
9.23
14.51
9.46
-4.46
7.14
10.15
7.93
17.32
17.52
13.1
14.26
15.85
14.37
12.42
14.61
10.02
1.26
5.95
17.05
17.67
12.2
15.11
15.56
10.73
11.58
9.57
4.7
6.16
13.2
11.42
11.67
11.12
5.91
0.91
8.17
9.41
4.33
10.47
10.36
11.17
9.86
13.17
17.79
17.64
14.09
9.61
8.75
6.33
9.38
9.2
6.03
9.27
8.71
12.15
11.84
6.34
3.76
8.15
10.76
11.7
5.39
8.56
14.77
10.95
7.49
5.46
2.87
9.09
-3.05
9.09
11.27
12.87
7.84
11.76
17.26
15.97
12.76
11.01
12.51
11.43
5.77
6.74
-3.48
0.26
4.85
15.88
18.57
14.9
11.38
14.85
16.13
12.84
-0.34
11.47
14.53
12.16
11.41
11.83
11.84
15.25
15.59
12.51
7.7
0.12
7.53
9.98
13.31
14.36
13.13
18.42
17.91
4.23
12.82
15.29
13.6
5.44
1.54
10.44
9.8
10.74
12.49
7.86
13.58
9.55
-4.57
8.97
12.04
12.48
10.79
10.01
9
12.39
-1.84
10.02
0.78
2.09
11.65
14.33
5.17
-0.48
-0.05
10.55
2.86
9.17
11.67
-23.57
12.09
10.69
9.68
12.8
17.01
20.83
19.18
12.15
12.31
6.28
14.07
11.58
10.35
12.3
11.38
4.26
6.72
10.37
16.99
21.68
22.48
16.12
11.33
15.95
6.55
9
12.88
18.32
17.32
3.06
13.15
12.84
14.44
10.75
4.49
10.09
14.68
14.46
9.16
9.65
14.73
10.01
2.5
2.16
3.7
3.57
8.93
11.99
7.08
0.29
8.38
11.76
-2
-6.58
6.83
8
5.93
1.67
13.59
11.04
1.62
7.59
1.05
9.22
12.97
8.81
12.7
12.69
5.02
6.05
10.67
14.69
14.07
11.63
13.28
10.34
1.8
5.86
6.98
-0.02
1.96
-6.8
5.76
17.44
19.5
17.89
14.08
4.13
13.34
17.8
16.37
16.33
13.63
6.3
15.94
16.42
6.92
11.58
17.88
17.32
10.61
6.51
9.07
14.95
14.66
6.72
-3.14
7
11.38
3.96
2.35
9.13
12.82
16.11
16.71
15.19
9.08
8.8
13.54
12.09
11.92
7.88
11.7
-1.66
9.51
10.36
11.82
10.6
3.95
5.05
5.79
14.05
16.84
12.28
2.32
13.94
16.05
11.82
10.7
9.04
4.72
13.43
12
6.06
-3.85
-5.87
-6.67
11.51
13.46
9.46
4.61
5.48
14.26
16.3
8.22
7.35
8.78
10.45
14.15
11.59
3.02
8.95
13.32
12.89
12.1
16.76
16.73
13.21
1.33
16.42
17.42
15
4.8
4.02
7.59
8.62
12.51
8.3
4.69
9.52
-0.73
3.43
-11.48
-2.12
-0.72
2.06
11.35
15.2
13.04
10.6
10.47
9.65
12.04
6
8
6.89
6.66
6.02
5.93
13.43
10
10.23
12.26
12.45
8.13
4.84
11.27
8.41
10.22
13.44
12.52
5.75
4.33
9.78
11.25
-12.3
-4.9
8.97
11.13
8.37
11.71
17.61
18.19
16.98
15.46
8.26
13.06
19.01
18.2
5.36
14.56
11.67
10.72
15.67
15.76
14.98
12.36
-7.25
11.96
11.46
5.37
11.03
14.47
13.54
-3.6
13.5
17.52
14.31
14.14
15.94
15.33
13.38
9.89
13.06
13.82
4.99
7.4
13.18
13
12.87
15.53
15.94
17.84
17.88
12.57
15.75
16.87
11.73
7.33
15.05
19.13
18.15
18.49
18.08
7.96
12.96
11.48
2.47
9.27
14.91
14.2
7.53
5.79
9.14
11.4
8.98
-2.97
10.29
16.36
15.98
12.28
14.62
18.33
17.73
8.5
9.09
13.35
7.74
5.65
13.5
14.12
7.71
7.93
17.16
17.57
16.15
17.53
18.78
18.84
12.35
-14.51
-0.64
-13.71
5.22
10.54
14.08
14.96
9.46
0.72
13.87
17.46
19.05
17.74
9.98
9.94
9.15
13.07
14.73
14.74
10.74
13.42
18.24
17.8
11.26
9.93
11.37
8.02
11.71
14.88
17.38
17.21
16.31
14.64
7.07
7.4
17.02
19.04
17.05
14.57
5.14
11.51
14.77
18.55
20.34
18.14
7.53
12.94
11.33
14.94
13.39
8.12
13.98
12.98
12.28
5.55
9.29
-2.11
9.72
13.42
13.35
4.93
6.07
6.53
10.92
15.77
16.61
12.3
8.93
13
14.48
13.32
9.2
14.91
17.15
9.89
9.49
15.19
11.83
8.51
13.55
18.33
14.93
-8.61
9.91
9.72
13.07
15.14
10.29
10.31
16.68
12.03
3.49
4.64
11.67
13.07
14.06
13.71
13.08
14.86
11.46
3.72
11.96
0.84
9.37
12.13
14.01
16.22
15.98
9.47
7.31
18.03
19.18
10.81
4.62
7.52
14.73
17.31
17.23
16.38
15.26
13.81
11.25
17.97
20.38
18.62
11.61
-1.93
1.9
10.26
12.98
13.66
2.12
10.91
13.63
13.35
10.87
7.65
7.47
8.48
-4.92
7.99
9.11
5.34
4.93
2.99
11.62
13.04
13.22
9.67
13.18
20.11
20.41
12.41
10.9
14.58
11
1.87
-1.04
1.45
14.39
16.58
10.85
8.93
9.16
13.75
15.98
9.74
12.24
15.36
12.44
3.33
3.56
7.31
11.66
15.22
12.92
6.89
1.65
5.43
2.17
9.93
12.78
10.77
7.64
2.56
12.86
15.94
17.97
18.25
15.23
10.94
8.65
6.86
17.74
19.91
14.87
17.13
12.06
10.4
7.98
8.98
16.22
17.35
13.88
7.09
8.77
15.9
18.38
16.25
9.61
8.11
7.94
10.79
11.18
14.02
18.55
15.6
1.2
12.82
13.62
6.14
14.21
17.99
17.49
19.08
19.8
18.07
14.14
10.98
13.31
15.37
17.42
17.67
12.06
5.09
13.12
15.43
10.24
0.59
-0.21
9.14
6.71
8.24
9.1
15.23
16.89
13.4
8.53
3.38
13.83
14.76
9.6
5.29
-4.24
12.06
15.41
13.58
11.48
13.4
16.78
18.08
17.29
14.65
5.01
6.34
1.04
6.63
5.85
9.47
8.71
3.19
-5.39
5.87
7.24
8.19
5.76
8.63
12.83
11.24
9.15
10.27
9.98
3.42
6.25
8.36
9.48
11.6
7.09
0.92
9.61
