13.11
13.28
10.05
13.16
12.74
11.18
10.3
6.16
1.51
-2.52
3.07
7.94
8.29
10.19
13.93
14.8
12.45
12.31
11.5
7.35
-1.13
-0.34
9.86
5.21
-0.71
6.21
8.06
12.06
12
7.06
1.35
-8.09
-5.78
4.99
-0.92
5.31
5.38
11.24
10.58
12.49
15.31
16.78
15.31
7.27
0.34
3.73
3.93
5.52
5.62
9.27
9.52
12.97
13.26
8.66
8.09
11.42
11.06
14.14
17.27
18.26
15.63
11.07
-12.29
8.88
0.82
15.2
15.82
14.48
9.99
8.59
12.27
10.78
5.65
8.65
10.39
8.28
8.63
9.64
-4.27
7.28
9.32
10.63
15.04
10.11
4.68
6.35
-1.81
3.84
7.81
11.87
11.86
7.74
9.48
12.49
4.57
4.77
8.27
12.94
12.08
6.23
7.54
12.26
11.7
6.13
12.14
15.09
11.91
12.65
13.03
13.39
11.89
9.06
16.88
17.91
14.39
9.45
3.83
6.79
10.14
0.72
4.95
8.1
11.26
8.79
9.63
12.27
11.88
4.24
0.5
-2.8
3.39
9.4
14.26
15.32
14.07
11.46
17.11
19.56
16.62
9.5
13.04
10.04
9.82
10.23
10.12
14.18
17.19
18.49
16.43
10.79
3.17
7.96
10
8.72
6.9
-20.53
7.99
7.17
9.74
12.1
0.01
11.59
14.03
14.95
11.53
7.6
15.53
14.11
14.32
13.3
13.6
10.52
7.31
13.23
15.88
12.1
7.84
10.42
13.17
15.13
15
13.07
12.24
11.08
11.49
12.21
9
-3.35
-12.68
-2.57
4.21
12.16
13.71
6.37
8.28
13.98
11.6
12.12
12.17
12.8
17.31
10.04
-0.27
-0.04
5.32
12.14
8.21
4.92
11.92
8.81
4.96
-2.81
-2.6
3.88
4.11
0.57
7.21
8.64
6.1
0.87
13.56
13.94
12.56
11.13
13.64
14.19
14.47
12.89
7.69
13.28
14.27
13.36
13.05
13.05
12.6
-9.88
14.35
17.54
16.36
12.44
6.13
11.7
6.51
7.62
6.02
5.02
9.97
7.2
7.08
8.33
4.46
7.53
14.58
15.5
13.31
10.95
7.72
9
10.97
7.7
10.79
5.37
12.05
16.26
12.19
12.67
15.96
14.06
11.36
2.39
4.51
5.41
3.58
2.63
14.15
16.15
14.17
15.08
15.51
13.03
10.79
3.29
-4.74
6.71
3.84
9.91
14.54
16.02
17.28
14.54
14.71
16
13.13
10.82
14.87
16.69
14.42
12.22
10.57
5.83
2.57
8.95
11.08
9.46
3.29
6.97
4.26
5.69
0.7
7.37
12.63
12.29
12.41
11
2.67
5.87
7.48
10.63
13.93
10.59
6.2
4.91
3.32
12.29
11.6
10.22
12.37
8.27
-8.26
8.59
12.96
11.9
12.5
15.07
15.25
14.5
4.68
1.49
7
11.24
14.54
17.59
16.53
16.22
14.76
13.68
7.5
6.77
14.6
13.45
9.18
12.04
6.93
-3.46
-4.42
3.78
4.65
4.88
12.76
16.04
15.65
12.23
8.45
-1.09
1.88
6.82
7.3
10.22
6.98
4.15
6.62
10.96
14.39
13.36
12.73
13.15
2.91
-0.99
4.6
4.9
4.81
6.14
12.61
14.34
14.44
16.23
15.38
11
10.89
12.03
10.1
-1.11
-0.66
10.37
10.13
9.55
10.06
10.75
5.79
11.57
12.2
12.32
11.82
14.12
14.31
6.93
3.38
6.04
4.05
11.55
11.77
10.61
13.25
13.93
14.29
12.05
10.95
12.9
14.32
15.76
14.32
8.5
-11.35
2.74
7.68
11.75
9.79
-1.97
-0.58
4.18
9.33
14.06
15.96
11.44
-4.99
9.46
14.39
13.8
11.85
11.03
12.6
10.13
-1.02
7.35
-2.17
7.05
8.93
14.77
15.31
12.49
13.22
16.64
13.6
4.91
-4.81
-12.35
5.54
9.7
1.71
-1.21
-0.36
0.74
2.53
0.85
11.05
10.23
9.43
12.62
11.13
-1.44
10.14
4.67
5.84
9.56
10.84
9.58
14.63
8.81
9.79
17.19
17.97
14.37
1.76
11.95
11.67
11.3
10.69
12.56
11.18
7.28
-2.48
-3.94
6.35
12.61
9.15
6.98
10.33
6.34
4.14
11.19
8.67
9.4
14.69
15.48
12.84
13.31
13.09
4.89
5.35
11.97
7.29
3.3
11.13
11.58
8.18
10.28
7.87
11.56
12.3
8.15
3.61
12.96
14.64
7.43
12.12
12.26
10.72
10.55
4.26
1.73
10.53
16.1
15.97
9.52
12.81
13.16
12.22
7.15
-8.98
-2.6
-3.75
-0.95
8.66
10.34
11.28
11.02
9.16
13.73
17.23
15.16
7.61
2.95
7.95
8.5
9.81
13.83
9.03
-5.73
9.11
9.99
-3.47
5
5.26
6.6
6.8
2.49
-35.16
-5.77
5.4
-1.31
6.5
9.8
7.32
-21.89
-0.49
3.99
13.86
17.37
14.73
5.72
5.02
6.96
8.44
11.14
12.37
9.39
11.79
10.14
8.15
9.37
6.25
7.87
15.62
12.57
5.86
8.35
14.14
14.93
8.74
8.01
14.33
15.25
10.08
14.71
15.11
7.23
-13.54
3.39
8.11
6.46
-9.55
-2.34
9.1
2.37
10.14
13.18
16.58
13.82
10.04
6.45
-4.02
9.01
15.31
15.89
11.23
0.9
5.72
-4.49
6.22
7.57
6.29
6.39
6.09
5.46
4.63
1.62
6.85
8.51
2.43
5.58
0.16
2.48
0.49
3.24
12.65
16.66
12.01
1.75
5.91
7.53
11.14
12.46
15.56
14.71
10.58
8.72
10.32
11.13
14.42
12.05
0.17
-8.11
4.55
10.05
10.78
12.4
13.13
3.62
8.39
13.76
12.15
7.9
8.97
14.49
13.3
7.21
4.05
7.26
7.49
4.27
-1.36
7.08
10.08
9.47
-2.48
3.27
5.96
9.81
10.41
9.9
7.38
6.33
2.58
8.13
12.95
13.84
14.53
16.64
15.82
10.45
2.43
3.22
2.31
-0.45
6.05
-1.12
9.82
12.45
5.18
9.24
11.01
6.14
-1.16
-0.66
7.01
11.08
8.83
6.84
2.5
14.59
16.03
13.83
2.78
12.62
17.47
15.09
10.04
8.04
3.94
7.73
11.99
4.59
11.35
13.72
9.07
7.78
10.83
-18.17
9.08
10.2
5.58
-0.05
6.7
11.79
9.71
-6.25
-4.76
9.05
15.56
16.93
13.31
13.34
15.67
13.4
6.75
7.52
-6.67
11.82
11.43
6.54
12.03
10.59
12.76
12.82
13.34
11.33
4.55
7.37
15.54
16.1
13.29
7.66
2.49
-0.48
9.68
2.7
7.08
4.65
-0.64
6.41
13.95
14.84
13.53
11.61
5.84
10.54
14.52
14.24
13.64
13.4
13.18
10.53
2.25
2.21
8.17
11.02
13.07
12.37
13.33
13.79
2.36
19.02
18.34
9.11
20.01
19.22
20.51
24.05
19.45
14.26
23.14
28.11
26.26
20.2
18.19
19.98
20.49
16.27
18.33
23.31
23.34
22.76
27.32
22.36
17.63
22.91
28.41
28.37
21.49
11.71
15.42
17.24
16.29
11.82
16.18
17.68
18.25
24.92
27.34
24.86
19.08
13.74
14.52
15.44
10.4
13.12
20.77
17.66
9.68
13.42
14.84
12.15
19.55
24.26
23.26
19.94
9.33
21.45
9.04
14.76
20.77
21.55
-3.1
19.37
15.16
7.2
22.36
28.15
27.92
20.13
13.58
15.94
15.37
23.05
21.16
17.95
19.17
19.38
18.47
23.7
16.45
17.8
20.25
20.92
20.19
23.25
20.29
7.57
17.35
24.1
26.06
20.44
9.89
20.83
23.77
18.04
14.43
13
21.02
22.26
15.39
13.31
11.81
18.71
22.81
20.2
7.66
3.74
12.04
11.85
16.29
18.79
16.94
15.87
15.03
15.3
22.12
18.82
16.41
22.28
25.62
21.07
22.1
20.45
18.33
16.39
18.82
17.86
14.86
10.91
17.65
28.06
26.59
10.74
19.2
26.72
29.53
25.35
5.79
16.67
19.98
21.19
18.25
15.6
11.92
8.07
14.07
17.05
24.83
30.89
28.71
15.39
22.02
26.26
25.08
20.06
18.54
21.8
21.26
22.24
30.64
32.22
25.91
17.19
26.86
27.04
23.21
18.98
17.68
19.04
22.18
25.15
27.61
25.97
17.42
14.21
25.62
27.82
23.06
11.87
20.65
21.92
23.29
24.28
24.6
25.52
22.79
17.25
14.27
18.75
25.98
28.32
19.93
17.83
16.8
4.95
19.4
22.07
23.45
24.17
24.04
29.07
31.29
27.94
20.63
22.78
17.32
15.94
20.48
19.99
13.72
12.77
22.32
27.9
25.12
6.78
23.96
27.21
25.1
15.79
14.22
21.5
23.34
23.78
22.53
20.72
11.29
13.22
9.34
11.37
6.24
23.99
28.11
26.05
14.79
4.52
12.7
13.16
16.01
21.49
22.14
17.69
15.49
16.37
13.02
6.22
14.11
11.59
17.9
17.73
24.51
25.42
24.85
22.3
16.07
11.72
12.54
16.46
19.63
14.75
22.3
27.62
25.45
10.77
14.9
22.46
16.96
9.51
-0.24
18.41
24.1
16.95
15.71
19.86
19.51
18.65
7.9
14.88
17.26
18.37
20.16
18.09
16.4
17.38
18.96
8.09
20.78
26.14
24.96
20.49
15.61
15.7
21.32
19.82
11.76
4.03
9.13
16.86
23.19
22.33
17.6
17.3
22.22
20.09
21.69
21.65
16.21
6.97
11.89
9.03
18.35
22.96
23.64
19.62
13.25
24.86
23
13.02
6.11
3.78
16.19
19.22
17.2
17.73
13.15
1.39
6.09
13.53
10.03
11.11
14.83
14.93
14.92
4.68
12.46
10.32
8.71
19.02
22.13
19.89
15.33
12.07
6.45
3.47
-2.45
11.11
10.34
18.15
11.32
9.52
9.04
7.24
17.8
20.04
18.35
11.98
18.28
11.25
8.9
14.27
16.48
15.4
11.16
2.85
13.17
16.43
16
6.91
16.84
19.53
12.66
-1.88
-6.52
2.8
9.34
6.72
1.05
6.39
10.26
13.96
14.05
16.38
9.32
7.35
13.49
12.02
12.38
12.71
11.72
6.09
9.97
12.75
14.18
15.4
18.29
17.57
16.25
14.22
14.54
15.55
11.1
6.65
5.88
12.79
18.61
13.89
3.21
-0.9
17.54
18.71
10.4
7.85
12.47
18.47
21.2
18.15
18.65
16.42
14.55
16
23.01
26.71
23.27
11.46
20.02
12.36
26.16
22.79
21.05
17.55
3.85
8.54
14.28
10.03
15.47
20.6
15.75
12.69
18.03
23.57
17.71
15.34
18.75
12.78
0.8
14.57
18.37
8.87
16.76
21.3
18.31
15.45
18.52
17.55
14.86
17.06
13.11
15.07
13.93
15.55
12.42
14.76
15.36
14.21
16.76
9.92
0.02
8.22
11.69
9.88
-3.33
12.29
11.53
12.47
7.08
19.59
16.95
11.05
13
9.95
12.43
6.17
17.69
21
16.39
16.47
12.21
17.09
14.95
6.03
21.89
20.64
22.32
24.45
15.84
11.4
3.89
9.41
21.52
21.42
16.8
26.06
22.81
22.84
25.28
23.6
23.78
25.15
21.24
12.59
11.92
20.5
12.88
18.11
14.49
18.37
0.03
19.75
12.03
17.09
17.58
2.4
14.41
15.07
13.45
16.93
22.39
20.87
12.49
9.51
15.51
19.86
18.21
13.29
2.27
9.05
12.31
10.23
17.45
18.33
16.43
14.15
19.62
23.03
23.18
18.77
12.79
21.18
19.86
17.96
17.95
19.57
21.6
12.11
18.29
14.21
-3.1
-5.33
18.55
25.32
27.09
21.08
21.6
22.36
20.05
20.21
18.01
22.36
22.82
17.67
15.64
20.53
22.96
23.12
18.34
14.88
19.36
14.87
21.58
25.99
24.56
21.83
12.57
15.18
23.1
25.64
19.16
17.52
22.53
22.1
23.33
21.88
18.92
19.6
16.67
12.39
19.75
22.34
4.05
21.9
25.6
26.83
26.43
27.26
27.47
22.92
16.9
16.43
16.64
20.78
15.64
10.29
6.77
3.25
12.62
9.79
19.19
25.5
25.75
21.7
11.24
13
7.34
20.83
21.29
24.7
21.91
25.41
26
21.07
20.23
19.8
19.92
21.35
22.93
24.04
19.5
15.26
20.08
21.38
18.36
22.07
25.09
22.79
17.33
17.41
16.82
12.09
11.87
15.27
9.8
14.38
13.88
5.72
20.08
25.27
25.21
16.6
13.21
16.49
12.86
15.78
21.53
19.3
6.68
17.26
10.51
15.17
18.45
19.3
18.39
19.05
18.86
4.42
21.7
22.58
0.44
17.09
18.73
21
20.49
14.76
3.35
6.9
17.34
21.78
18.77
8.86
0.65
18.21
21.93
15.22
11.69
20.4
21.66
20.02
13.31
19.27
23.8
18.18
14.3
6.6
15.65
18.58
18.85
15.57
17
22.92
12.79
10.93
15.12
13.13
5.98
10.74
14.5
18.62
17.98
9.95
14.82
16.31
14.5
18.88
13.51
1.78
21.08
22.26
8.1
4.55
14.1
20.88
24.19
22.69
19.64
16.33
13.82
21.9
21.42
20.7
17.47
22.96
23.82
21.72
18.39
12.15
16.1
20.27
16.64
9.84
18.06
15.48
16.26
17.56
18.27
15.93
6.49
8.79
12.91
-6.77
12.17
16.92
20.55
12.6
14.32
9.33
16.35
12.26
15.95
-2.51
19.07
23.53
20.36
7.58
8.31
5.41
17.2
24.24
23.39
19.42
18.28
18.49
12.01
12.5
18.29
18.75
17.02
13.37
12.93
8.42
8.69
19.32
23.16
22.66
19.42
4.8
11.66
7.01
15.73
21.52
21.48
13.43
12.2
18.03
21.72
20.77
7.68
13.38
12.84
2.18
12.87
12.91
15.36
23.1
26.09
24.77
16.74
14.2
19.02
20.14
12.5
21.74
22.75
13.58
17.5
12.26
20.04
22.4
15.81
16.89
17.73
23.02
25.4
24.59
23.26
24.37
24.65
24.23
25.05
20.87
16.4
18.94
9.29
19.88
21.55
22.88
23.52
21.85
22.45
23.05
21.91
20.86
19.39
19.01
21.43
19.18
25.34
24.01
19.34
20.93
21.99
19.41
8.31
7.65
12.68
19.89
22.08
20.13
17.31
9.16
19.31
25.11
24.96
23.79
23.14
17.31
21.17
19.9
19.26
20.9
19.7
7.47
15.63
7.86
16.7
15.2
12.13
12.38
15.07
18.02
20.59
22.09
18.72
12.33
14.02
20.07
22.58
22.12
0.44
20.37
19.96
24.74
25.29
25.19
25.39
21.93
14.91
16.38
15.05
13.35
17.34
16.96
16.58
19.52
18.64
5.08
18.17
18.04
22.1
2.64
20.39
21.67
21.51
15.98
21.53
21.56
19.91
21.09
19.19
19.73
14.68
9.34
16.94
9.79
21.79
27.2
28.92
24.26
5.38
13.2
22.49
23.32
23.14
20.74
14.05
13.25
30.19
31.69
26.37
23.34
22.24
17.24
18.75
14.5
17.14
21.73
27.25
30.36
31.49
33.95
32.75
21.72
14.7
7.6
12.26
15.02
15.89
20.73
17.86
17.62
21.55
12.21
13.67
19.58
21.94
19.85
20.76
19.18
17.07
19.69
22.82
39.62
45.49
42
28.44
22.41
22.81
23.9
23.05
22.74
22.93
21.36
18.8
16.86
19.05
19.87
17.57
19.09
21.43
19.98
19.19
20.49
18.26
22.57
25.04
22.93
16.18
15.37
5.45
39.13
46.16
43.27
28.94
8.45
2.83
15.21
19.58
16.94
21.74
13.8
18.77
25.09
26.03
22.1
8.26
23.96
22.99
18.16
21.77
24.33
28.02
15.67
29.47
30.53
24.46
18.25
17.1
11.32
16.43
20.79
17.95
24.33
25.35
23.53
24.7
25.11
21.33
25.78
27.02
22.88
15.01
19.78
23.07
18.62
23.41
20.92
8.01
19.5
24.04
23.46
28.62
40.97
43.41
36.85
16.99
13.21
20.28
21.71
20.72
27.79
27.42
18.43
11.88
31.71
37.21
33.44
22.1
23.01
22.11
17.37
9.84
19.97
21.52
17.04
18.91
17.01
18.87
18.47
20.86
17.08
25.96
39.88
45.23
42.12
31.86
24.55
15.66
2.95
12.41
24.98
25.39
18.51
11.58
20.83
16.63
22.23
21.48
22.21
24.58
19.83
20.99
26.6
22.32
16.24
17.32
11.55
15.94
16.75
16.05
15.15
21.53
22.94
19.65
21.74
18.99
21.66
20.68
7.91
23.81
20.99
13.7
15.89
18.41
13.29
-3.37
12.47
7.83
12.41
22.07
23.12
20.43
21.25
23.55
36.09
42.94
39.77
24.28
15.07
19.23
19.45
18.73
15.02
16.91
12.54
17.18
16
13.01
17.65
23.07
18.6
8.33
15.68
19.32
17.14
20.31
21.94
20.87
20.89
20.53
21.16
22.91
23.02
21.27
19.31
15.34
-1.88
21.99
29.27
27.85
19.22
14.82
9.81
-5.17
16.07
19.85
9.61
16.08
23
25.13
21.74
18.66
19.68
21.33
21.46
23.32
25.48
17.16
21.7
24.15
23.87
22.53
16.78
19.61
24.58
27.26
26.35
24.33
24.82
25.34
21.41
20.19
27.46
28.64
22.02
14.78
33.57
38.84
34.81
24.81
24.05
14.45
25.93
26.5
20.78
18.36
20.52
26.47
29.66
23.15
17.31
27.14
30.53
26.63
37.69
35.74
14.15
25.16
25.08
23.64
28.31
29.19
26.13
28.36
31.73
29.92
28.37
35.54
35.65
24.45
22.59
25.42
25.23
26.48
23.69
24.31
33.13
36.82
33.61
25.97
21.94
17.56
22.42
24.79
12.96
13.08
6.31
9.23
18.87
24.85
25.64
28.04
30.6
30.05
29.52
29.04
15.2
24.16
24.56
26.9
25.59
28.36
29.38
29.21
31.18
33.65
31.83
23.16
26.72
28.81
25.64
24.21
18.1
33.41
47.34
50.86
46.04
33.28
28.95
28.19
28.83
32.15
30.74
35.83
47.4
48.91
41.13
27.66
28.99
27.29
24.62
29.94
33.01
34
28.56
21.63
6.65
25.76
19.3
27.07
20.57
26.39
29.65
24.51
23.99
28.91
24.33
20.61
24.69
29.36
25.75
21.19
26.04
25.1
29.69
25.76
22.97
21.61
24.18
25.64
24.65
18.52
20.4
10.33
20.18
16.03
27.55
24.66
18.51
24.17
27.98
22.92
23.7
20.13
15.29
19.36
16.17
18.24
26.87
26.83
30.21
26.29
22.83
27.67
26.8
21.2
10.76
14.91
24.91
28.14
20.87
25.14
27.08
24.14
28.34
29.03
27.45
28.43
26.77
21.82
23.69
24.25
8.55
24.71
24.47
23.91
30.08
27.43
25.62
30.09
23.63
22.31
23.67
25.38
19.45
26.12
32.18
32.28
26.32
17.64
13.03
26.08
21.16
20.66
17.83
7.97
21.81
25.8
21.96
18.74
8.46
18.21
25.44
25.03
24.39
30.85
28.84
25.63
22.17
17.65
21.39
17.37
18.46
14.26
18.79
23.72
22.98
13.37
14.67
16.29
19.46
23.06
24.77
24.07
19.05
16.1
5.2
22.02
26.23
23.36
27.32
27.81
26.02
23.85
27.78
29.14
24.97
24.01
24.35
23.54
26.53
31.23
33.02
29.29
23.6
24.9
28.05
25.58
18.62
20.86
23.75
25.9
27.81
26.58
21.17
15.58
24.23
28.32
27.39
17.41
19.76
21.75
22.38
15.36
19.8
24.05
23.17
23.17
24.73
25.35
24.99
13.84
21.26
11.69
23.09
17.05
24.86
21.54
20.55
17.39
11.09
16.93
28.27
30.12
20.51
21.07
20.08
17.39
17.05
22.57
23.23
16.06
24.74
26.9
29.4
30.89
23.58
20.79
26.82
26.7
22.77
21.27
12.89
28.83
28.3
22.26
21.58
15.81
19.79
25.52
25.75
20.86
26.21
25.6
21.79
20.32
11.67
21.17
22.24
23.1
24.49
26.81
23.55
22.73
24.44
17.55
18.91
21.96
19.78
9.94
16.96
21.31
21.83
25.11
27.23
24.61
20.09
26.54
25.27
21.51
23.88
27.12
26.42
23.96
13.8
21.92
28.44
29.28
24.42
13.53
26
28.2
26.01
20.5
14.76
24.29
25.29
26.85
26.76
21.1
12.94
9.03
21.32
21.1
16.84
22.33
23.96
25.79
25.68
21.13
16.65
25.34
22.18
17.12
15.37
9.54
23.65
24.22
21.26
17.86
21.35
25.1
25.07
25.63
19.21
9.9
8.22
17.36
23.07
18.75
2.87
16.93
8.97
15.67
23.93
28.45
20.47
25.51
28.13
22.05
19.48
23.47
17.98
22.47
24.82
28.68
28.3
19.63
22.48
17.37
24.16
23.95
20.36
22.76
25.3
31.16
31.56
30.92
31.4
26.81
20.5
26.61
19.23
20.04
21.47
14.37
1.35
24.96
30.37
28.28
18.04
27.27
26.7
19.3
19.43
24.57
21.05
24.3
26.46
25.54
13.85
20.03
19.43
20.33
24.29
25.01
18.07
22.28
27.23
27.07
28.24
31.16
27.75
18.14
24.5
18.65
9.07
19.57
13.35
10.36
23.55
28.63
28.29
24.3
18.17
25.29
17.93
12.22
17.94
16.35
14.61
25.32
32.69
34.91
28.88
25.78
23.53
19.53
19.59
22.83
19.1
22.56
29.29
30.13
26.55
23.89
18.02
17.66
13.81
26.83
28.21
23.69
22.99
11.41
25.45
24.36
20.31
23.31
19.45
23.14
22.03
21.14
28.65
28.82
20.3
28.53
25.62
17.95
25.04
25.87
26.5
20.2
23.96
28.78
22.82
25.21
29.36
21.47
20.58
21.94
16.31
14.45
29
30.4
22.61
13.31
15.5
13.87
22.72
17.11
21.38
20.74
8.9
8.35
15.28
19.04
25.5
25.82
28.07
28.39
24.88
20.09
23.39
26.82
23.05
23.59
27.76
26.83
28.4
26.53
23.61
26.21
22.54
20.38
24.76
29.22
28.67
25.8
27.13
28.64
25.62
22.78
25.51
27.02
26.49
22.73
19.66
24.85
26.17
24.49
22.76
24.53
24.18
19.07
22.49
24
26.48
23.04
24.21
30.04
23.46
25.09
29.72
26.81
27.74
26.53
24.41
24.6
21.24
22.34
20.13
21.3
25.4
26.37
22.7
21.21
24.25
24.37
20.7
20.95
24.48
25.04
21.46
14.49
23.35
23.85
20.32
16.97
19.5
20.78
19.56
11.25
18.29
21.52
19.58
15.07
12.53
9.1
13.14
19.21
16
8.52
12.97
6.98
14.29
8.29
18.37
20.57
20
22.23
17.77
18.9
17.21
9.82
14.91
10.27
15.02
25.86
28.09
25.19
15.89
19.04
25.25
24.85
21.01
23.78
26.08
27.66
28.75
27.06
21.83
20.97
13.55
18.06
17.87
20.74
17.68
10.72
20.43
23.06
25.33
26.92
24.27
11.08
21.44
26.66
25.83
21.33
20.69
21.77
18.79
12.39
5.89
-7.76
17.58
23.6
23.33
17.71
7.3
-2.92
10.96
23.95
27.17
24.14
10.35
16.22
16.41
2.74
12.35
20.17
21.52
19.07
17.42
15.86
20.6
25.71
27.07
27.07
26.11
23.94
21.31
17.09
23.51
24.59
21.27
18.46
11.78
16.32
14.9
24.45
25.18
24.13
23.76
22.83
23.13
22.39
21.45
20.05
13.1
20.1
15.95
15.2
21.08
19.88
15.94
14.76
11.38
16.81
24.08
22.89
17.84
19.92
22.87
19.66
7.56
22.78
24.01
21.29
15.45
16.3
25.15
27.59
28.19
25.21
20.29
21.4
20.65
4.1
20.07
19.67
5.65
13.73
14.71
14.36
13.79
2.59
20.33
24.04
24.64
26.23
25.37
22.48
21.66
23.57
22.38
23.8
22.95
21.1
24.17
24.58
25.16
21.86
14.42
22.47
19.57
22.39
25.44
24.71
25.42
24.61
21.97
18.09
8.95
21.33
20.69
9.72
14.96
21.74
24.14
21.97
23.3
24.89
22.88
15.13
21.05
18.06
21.75
25.94
23.38
17.29
11.18
16.52
24.38
24.24
18.77
20.73
23.65
20.74
11.46
17.78
23.08
21.56
19.91
21.05
12.08
20.48
18.68
14.98
19.92
20.24
15.04
7.96
12.14
17.38
18.82
15.58
21.04
26.28
25.23
21.37
17.86
12.75
20.5
19.66
6.27
17.92
17.57
16.09
22.53
18.48
16.06
21.33
20.81
19.68
17.5
5.37
19.73
23.9
22.51
19.14
17.79
17.81
10.97
19.62
26.54
27.47
25.33
19.02
16.6
19.13
19.64
18.83
16.1
12.1
14.66
16.31
18.1
23.34
24.11
19.14
20.52
25.02
24.2
20.69
20.33
17.83
21.84
18.99
24.46
25.56
16.31
18.63
21.95
17.73
20.16
23.92
22.84
20.56
14.33
15.31
-8.78
21.74
24.33
17.65
1.7
9.11
9.23
-4.88
11.94
17.06
17.48
17.78
24.43
23.61
17.25
13.9
18.16
21.28
18.52
19.13
18.57
24.2
25.44
24.7
24.71
17.32
13.27
16.41
17.81
19.27
9.9
20.56
21.05
18.95
23.08
23.37
18.37
12.47
15.74
20.82
23.55
25.44
23.07
19.44
23.54
27.89
27.63
23.26
20.45
30.51
36.63
32.22
23.14
22.46
16.93
11.84
16.19
22.29
22.81
22.06
19.35
17.67
18.9
13.21
15.11
17.47
14.54
13.47
16.55
19.97
18.75
12.48
13.25
22.62
23.79
18.16
15.26
14.21
14.97
18.29
20.35
22.48
24.44
24.66
16.65
16.55
11.06
20.73
21.41
14.67
12.05
16.98
13.65
12.15
17.18
21.12
18.64
19.55
17.04
10.71
23.86
23.04
17.79
19.91
20.03
17.82
18.42
19.34
8.58
16.72
12.78
2.74
1.47
11.43
10.45
22.62
27.05
27.03
24.57
19.91
17.3
11.39
9.95
16.6
17.96
-0.58
15.74
6.94
17.59
22.16
23.82
13.7
12.89
11.44
19.59
19.94
15.72
17.33
6.62
14.48
20.39
23
23.04
18.18
4.83
13.25
12.47
16.5
22.39
22.51
18.25
12.57
9.69
10.63
9.69
21.95
24.92
24.3
20.29
16.21
16.47
14.43
4.65
13.21
17.84
20.08
19.27
20.43
21.42
18.76
9.7
10.54
18.12
18.56
16.57
10.97
14.34
14.4
11.08
20.81
25.01
21.15
19.36
21.54
18.08
14.67
19.96
17.19
5.52
11.59
17.24
18.77
16.51
14.65
13.36
15.36
14.2
16.97
4.81
12.67
5.53
20.36
21.71
18.24
18.22
19.67
24.88
26.11
22.23
16.11
10.47
22.92
24.35
20.7
18.51
15.41
17.09
16.36
2.97
15.78
13.15
8.45
3.21
18.06
19.11
14.17
13.56
21.22
24.58
24.59
23.97
17.28
9.97
13.95
17.4
18.37
19.19
14.81
7.15
16.55
19.01
20.36
20.25
18.65
12.11
14.25
17.8
19.22
19.07
17.46
21.33
22.32
18.85
12.76
10.37
13.04
7.3
14.26
21.85
23.36
20.56
12.19
13.02
11.24
6.69
16.58
17.86
12.58
16.9
19.22
20.02
19.27
18.89
19.46
20.68
23.3
21.84
15.75
13.63
15.11
17.39
15.7
2.95
15.38
13.08
9.5
9.82
17.02
22.51
22.75
21.53
20.78
20.69
20.97
20.06
15.92
9.59
21.51
22.89
13.09
13.51
17.91
13.49
10.5
5.82
14.85
2.8
20.6
21.18
11.72
15.54
16.76
8.77
13.42
17.31
19.18
17.49
12.05
10.39
17.59
19.77
18.6
14.9
13.2
12.79
16.53
14.54
13.74
16.22
16.89
14.47
11.09
9.64
8.81
11.16
16.69
15.71
11.77
15.29
20.59
18.76
15.62
18.01
-0.23
17.89
16.52
7.95
9.82
14.45
18.35
16.96
7.47
-4.51
2.81
7.11
11.11
-5.27
4.65
1.1
10.47
12.43
12.17
18.87
19.69
14.52
4.94
15.82
15.81
11.52
0.92
16.47
21.37
20.99
16.77
21.33
17.99
1.86
3.75
16.28
17.88
16.25
21.06
15.64
14.12
11.16
4.45
3.3
-2.38
7.08
11.42
4.21
0.2
13.88
17.57
18.68
16.69
2.08
9.02
12.21
10.45
11.93
16.69
17.12
10.79
14.77
19.51
13.77
11.04
12.74
12.61
15.25
11.82
15.59
17.23
11.57
12.51
18.79
17.61
9.81
14.48
8.8
7.74
10.7
6.24
6.41
12.88
17.34
13.07
8.09
9.48
15.94
15.17
13.81
12.97
8.12
3.97
2.8
-3.12
2.99
8.3
1.94
5.73
15.01
19.17
17.45
7.71
10.66
11.36
0.91
1.81
8.86
15.79
14.77
8.17
10.11
10.57
5.05
12.46
9.15
13.31
20.56
21.33
18.53
17.07
11.38
0.03
7.4
-13.66
1.07
10.95
17.96
20.47
16.63
3.22
6.53
8.38
-13.54
18.66
20.8
15.3
12.95
14.35
16.78
18.02
17.09
14.57
14.49
18.09
15.66
11.9
12.23
15.22
7.76
9.75
12.13
8.03
10.48
10.77
8.1
8.52
14.2
17.89
13.91
2.99
18.86
20.99
11
17.55
22.26
21.66
18.76
18.57
20.06
19.53
13.53
10.82
9.52
13.6
17.27
16.44
15.9
11.05
6.4
16.51
17.49
16.12
16.98
18.67
16.96
14.52
6.85
10.87
13.51
17.11
18.79
15.09
9.41
9.78
12.9
14.59
1.85
15.54
16.84
15.83
13.34
11.59
11.43
10.55
11.12
4.65
8.7
15.32
18.66
15.3
7.34
3.08
5.7
0.97
4.39
9.62
12.82
19.62
19.81
12.2
3.19
17.54
17.2
13.11
7.74
11.5
10.8
16.37
19.6
9.41
14.06
19.85
19.94
13.82
8.04
8.5
10.99
13.01
2.91
17.13
20.56
19.78
18.33
14.66
10.56
15.27
0.79
18.61
20.36
13.82
4.63
10.29
12.45
13.17
11.93
12.54
17.18
12.59
8.42
20.05
21.84
16.67
5.74
17.78
14.3
12.39
19.32
18.71
12.34
4.21
7.38
-0.27
10.09
14.82
19.81
21.93
16.34
9.53
12.13
16.73
20.2
20.43
16.61
10.8
5.6
-0.48
-1.64
10.86
14.45
18.4
20.38
17.16
9.58
11.66
18.73
21.12
20.48
17.21
18.55
16.19
13.44
13.98
4.47
1.14
2.75
14.93
17.93
18.01
20.45
22.19
21.57
13.82
13.35
13
9.37
15.62
12.72
17.16
19.67
17.62
12.42
9.3
7.24
5.69
7.34
15.85
19.49
15.52
8.5
7.31
6.15
0.14
15.54
13.85
12.87
17.99
5.43
8.67
11.33
10.71
4.49
7
16.03
19.15
15.95
6.71
14.41
17.56
21.61
21.51
20.89
19.09
15.41
7.36
8.46
12.95
13.36
6.21
15.56
18.62
20.6
21
18.67
16.05
15.88
17.92
18.9
17.47
17.78
18.17
19.68
20.67
14.54
-2.33
17.1
22.78
19.91
17.13
1.57
15.7
10.14
19.28
7.59
7.38
12.22
17.1
9.1
12.53
17.82
15.36
11.7
13.8
13.78
13.19
12.96
13.08
18.04
3.04
16.94
16.73
20.01
17.8
10.97
5.6
12.47
16.15
10.93
2.33
14.25
19.04
20.41
20.91
16.69
12.58
12.48
4.76
17.61
11.49
16.52
20.68
14.82
8.87
11.86
13.55
17.79
7.59
12.88
17.86
19.47
18.8
11.26
8.9
15.84
17.76
13.82
3.72
8.36
15.36
17.79
10.34
16.17
17.17
15.77
13.44
9.02
18.15
20.27
20.45
13.67
12.04
4.01
18.49
21.46
20.12
18.98
20.2
21.08
22.56
20.68
15.33
18.03
16.18
17.12
14.34
13.48
15.04
8.62
-5.64
12.63
17.75
19.23
18.56
16.46
15.88
16.06
18.24
13.79
11.78
4.86
7.72
12.84
14.67
13.62
3.67
16.04
11.09
15.53
16.25
9.29
21.33
21.88
18.52
11.99
4.15
7.48
14.35
14.97
8.59
11.63
18.18
11.98
9.7
11.9
2.41
13.12
18.08
14.94
16.49
16.69
20.08
17.91
14.12
-0.7
14.69
14.08
7.02
8.38
7.23
10.79
11.3
6.02
3.97
11.77
3.53
6.09
12.48
15.96
17.14
18.64
14.48
13.76
8.85
10.11
0.77
15.4
20.42
22.19
19.1
11.64
12.94
-3.1
16.01
17.77
16.07
17.01
17.52
19.33
20.73
18.46
10.42
9.36
5.82
18.02
18.54
-1.07
11.68
6.27
9.35
11.09
9.5
11.11
14.64
18.3
16.37
12.94
10.11
18.92
18.74
18.05
19.04
20.26
18.83
10.91
7.93
11.4
12.32
11.57
18.53
22.53
21.99
18.35
15.74
18.5
17.71
12.02
12.64
16.93
1.47
17.24
19
15.99
8.48
9.92
7.78
-10.34
3.01
8.92
15.48
4.6
12.37
18.76
20.69
15.66
14.22
13.97
-8.47
14.14
16.03
16.54
17.93
19.85
18.64
8.41
15.4
14.3
9.72
3.11
14.52
18.26
13.15
11.36
14.95
16.31
15.25
15.63
14.57
14.04
-1.63
11.86
15.17
16.07
11.36
3.86
2.85
11.02
16.06
17.17
14.34
8.96
15.52
20.87
19.76
19.25
19.29
17.95
16.19
15.81
10.69
0.49
11
9.45
-0.62
0.08
-1.14
8.17
18.18
20.07
14.87
6.75
10.93
15.7
20.23
19.78
18.24
15.79
11.88
13
12.27
11.59
16.57
17.14
4.73
11.47
13.02
14.69
15.93
15.84
21.02
23.31
24.28
24.62
23.28
14
13.2
15.79
14.41
11.15
16.61
15.59
10.21
13.55
19.6
17.32
7.81
14.68
19.54
18.27
18.17
17.34
15.69
16.97
23.33
22.79
20.61
19.81
14.03
11.67
14.27
2.21
11.43
14.91
12.33
3.62
9.06
11.69
13.49
10.16
6.1
15.73
18.66
17.41
13.67
15.98
16.62
6.83
0.15
2.62
9.91
15.79
15.1
12.58
11.74
10.12
14.94
15.27
6.87
13.55
18.05
15.73
3.37
17.53
18.7
16.85
8.76
8.76
-0.14
7.6
13.23
18.26
17.8
7.9
14.94
14.79
6.92
5.88
4.55
12.98
14.44
13.92
13.42
15.6
1.73
13.55
15.08
14.35
15.04
16.55
15.01
11.69
12.92
16.51
13.11
4.72
11.75
16.53
17.88
10.09
3.17
6.7
8.45
8.97
3.39
9.26
16.69
15.28
14.39
15.06
11.19
6.31
-8.34
3.92
10.38
14.63
14.82
14.06
16.06
16.11
7.25
11.29
13.91
12.95
14.96
15.68
10.32
15.44
14.28
14.26
16.63
5.79
11.09
9.55
11.18
14.38
14.15
12.82
3.44
14.22
11.15
15.02
16.58
13.54
17.3
18.85
18.5
21.37
19.98
11.61
6.14
8.17
8.66
9.78
14.7
14.57
19.57
22.55
15.91
16.65
18.96
16.85
15.69
13.69
7.28
13.08
6.34
12.97
11.35
-0.56
5.48
8.02
-2.06
12.22
18.26
15.52
13.23
16.86
15.91
14.71
11.5
9.85
4.85
14.68
15.54
19.47
16.97
4.53
8.32
15.38
13.97
9.39
14.78
18.22
14.36
10.42
16.28
18.02
16.05
10.11
7.04
2.51
13.05
17.23
16.62
15.9
13.68
14.65
8.24
11.77
12.22
8.52
10.73
2.34
15.24
17.4
11.09
-7.37
8.69
9.32
9.28
13.56
10.81
7.47
13.36
16.8
17.11
13.15
8.66
12.56
19.21
15.38
12.7
16.34
17.04
15.34
14.55
7.56
9.31
-1.29
5.83
13.59
7.02
12.55
13.17
14.81
14.34
13.29
13.62
9.38
11.17
-3.81
6.5
14.39
12.36
11.67
13.6
10.99
12.37
15.77
19.38
18.38
14.93
10.07
0.31
5.35
10.63
10.17
9.8
10.68
9.26
14.17
15.55
6.15
14.83
17.17
16.53
16.29
14.53
13.27
13.38
13.39
12.85
13.62
7.43
4.94
9.78
12.58
19.52
19.37
15.3
19.08
19.21
15.16
9.99
8.85
8.81
18.2
18.51
6.01
15.29
17.08
2.62
13.54
18.33
18.03
11.62
6.82
4.65
2.57
10.35
18.28
19.49
18.67
17.97
18.09
15.2
9.15
6.86
8.82
8.59
15.63
19.67
16.14
16.89
16.99
14.14
13.52
9.18
19.35
20.1
16.87
6.6
3.54
9.55
7.48
13.48
16.3
19
20.76
16.11
7.99
5.94
-0.32
13.67
12.87
8.56
-0.11
10.03
14.45
14.1
1.83
12.73
11.12
7.79
11.77
12.01
6.38
7
13.31
13.36
7.26
1.12
1.37
13.6
12.69
11.73
12.33
9.86
14.51
16.69
17.19
16.15
8.23
11.43
10.56
16.97
16.6
11.18
4.22
7.81
17.54
20.44
14.06
11.37
13.76
11.8
7.15
12.46
13.22
12.53
14.29
14.06
15.35
10.23
4.38
13.12
16.25
11.48
13.61
13.66
16.22
20.1
18
6.02
7.74
11.64
11.81
7.92
6.82
6.49
13.45
12.83
8.41
3.4
8.19
6.81
6.16
2.38
14.89
12.52
11.78
20.34
19.2
6.04
4.02
5.28
0.54
9.44
7.5
4.66
9.23
12.02
8.59
3.43
3.93
-5.3
4.13
10.75
14.66
11.27
9.48
5.23
13.48
18.53
16.99
10.61
-3.02
10.58
10.79
1.85
14.63
11.51
13.27
18.66
17.75
6.57
7.09
10.9
11.16
10.14
11.93
14.2
11.29
15.66
12.45
10.68
7.42
-3.29
6.2
9.58
7.86
2.81
17.01
18.44
11.6
13.83
15.97
13.28
13.62
12.25
12.43
9.15
11.31
9.14
9.92
12.73
10.56
12.52
15.95
20.83
19.45
15.52
12.6
-3.76
11.53
14.81
15.63
14.98
10.76
6.39
12.38
11.54
8.25
7.07
12.16
12.9
0.99
13.96
9.78
9.06
10.87
5.19
10.79
14.85
13.02
14.93
13.1
9.35
15.92
16.71
7.13
1.28
3.58
13.48
13.44
11.75
10.74
10.81
9.87
8.07
7.9
6.49
9.14
4.15
3.35
8.37
5.58
7.28
-0.22
10.43
12.84
14.21
13.26
15.45
13.88
11.61
9.46
-0.61
14.15
11.97
8.06
-7.74
12.55
11.43
6.86
14.96
18.56
20.53
17.86
7.7
7.45
12.98
7.76
7.88
11.49
13.35
15.17
12.84
11.91
15.07
16.58
17.38
15.16
3.37
8.93
6.94
0.58
6.89
-1.01
9.47
13.54
6.97
5.63
15.56
14.73
15.79
16.72
10.97
11.67
11.04
13.13
13.87
5.32
8.9
3.66
-0.82
7.81
13.13
9.32
12.02
12.47
9.77
6.44
11.39
2.11
9.14
10.26
16.86
16.94
12.29
-1.1
7.42
9.1
9.06
4.32
12.85
8.59
9.89
12.24
11.34
9.59
6.25
10.04
15.95
18.5
17.64
11.06
3.19
14.3
17.63
15.82
8.63
8.8
13.88
11.93
-7.52
12.02
16.19
14.45
9.56
14.65
14.05
11.68
-3.51
10.1
10.9
14.8
12.03
5.9
9.58
11.21
13.53
11.47
8.5
9.69
13.07
8.47
4.13
2.93
8.17
15.17
16.06
14.8
15.3
17.3
15.73
10.72
4.33
-4.83
7.22
14.35
7.12
4.36
12.37
14.23
10.85
9.92
13.77
13.17
7.7
9.91
7.02
2.67
8.7
13.73
17.16
15.64
8.8
-8.62
11.68
9.6
1.36
2.58
3.49
8.1
7.33
5.15
2.93
14.88
17.29
11.45
8.97
14.74
11.5
7.17
9.98
-4.81
6.51
12.73
10.47
6.17
10.42
14.64
14.35
8.81
-8.01
5.96
11.06
10.94
0
6.59
10.35
12.65
9.58
8.02
12.71
8.1
-2.58
4.11
8.42
7.57
10.6
16.18
17.99
13.37
-3.41
9.85
16.3
16.97
10.59
5.37
8.57
9.3
0.53
-1.63
-4.64
12.05
12.28
-5.87
7.29
11.6
11.59
4.01
14.55
16.96
16.19
15.33
13.98
2.53
10.7
13.27
9.27
-1.92
6.75
6.31
10.87
15.58
12.91
6.66
4.14
12.22
16.07
18.68
16.12
9.65
15.02
18.42
17.53
14.94
14.75
13.95
11.73
8.24
6.83
12.35
7.34
8.79
15.98
16.46
12.5
12.88
12.2
8.48
8.63
0.62
14.45
17.42
14.15
8.93
-3.01
4.87
8.71
10.71
6.13
12.97
15.86
15.77
15.43
12.65
5.71
13.97
11.39
3.99
10.25
11.86
-7.89
10.02
10.69
10.1
11.01
9.05
5.01
7
3.1
-3.73
7.44
11.13
15.25
10.47
5.75
5.64
0.96
10.95
8.01
12.22
10.19
11.12
12.31
13.6
14.28
12.54
9.11
10.52
12.72
3.03
2.75
0.94
10.45
14.64
16.74
14.35
10.48
12.39
12.87
12.36
13.38
9.7
15.68
15.51
6.01
6.02
11.58
11.93
7.56
10.4
16.98
16.99
15.71
16.03
12.47
14.14
10.85
6.3
13.12
14
18.01
14.69
11.33
10.84
8.5
11.29
14.4
5.19
6.25
13.02
16.02
15.4
8.92
2.92
12.65
17.92
16.54
7.55
0.98
10
13.92
11.86
7.96
12.32
4.65
8.36
2.85
5.13
11.13
16.48
19.02
18.63
14.96
11.27
11.08
9.84
-5.79
12.97
16.76
14.4
12.06
16
19.34
20.57
12.09
9.02
9.72
-10.08
8.7
9.29
9.45
0.18
13.86
17.01
12.73
9.95
10.95
11.66
12.47
15.47
17.97
13.21
2.64
-1
8.89
8.92
5.26
15.87
16.36
10.96
13.9
16.68
13.8
7.99
-16.07
12.38
17.72
17.53
14.56
12.11
-0.84
10.49
6.32
3.39
11.39
11.99
5.22
6.38
3.23
7.2
2.92
8.23
8.27
10.04
15.71
11.26
-1.02
-3.04
7.63
14.85
15.07
11.35
1.93
4.09
12.79
16.72
12.83
3.71
15.78
17.33
6.99
15.38
19.02
15.5
17.56
16.14
6.17
8.17
6.19
9.4
17.33
17.62
4.72
13.83
17.4
16.83
12.72
10.19
11.86
9.62
8.53
7.24
10.38
9.39
16.37
18.09
8.98
0.49
7.11
14.71
13.25
10.88
17.32
17.79
19.35
15.33
-0.44
13.06
17.96
15.53
9.14
5.83
3.05
4.09
14.12
14.02
14.2
11.53
6.09
11.45
9.77
8.67
12.09
10.13
12.49
14.56
14.3
13.77
17.17
19.06
14.03
12
19.5
18.92
9.65
15.37
16.03
16.14
17.55
18.36
14.28
0.53
2.82
6.7
3.03
15.41
18.27
13.13
14.66
15.76
17.06
15.01
12
11.01
12.45
16.07
16.23
8.93
0.61
8.4
10.53
12.12
14.3
15.32
5.84
9.15
11.41
16.33
14.06
9.15
8.19
10.12
12.39
9.12
-19.59
7.52
14.57
9.84
4.64
7.58
0.44
1.35
11.39
17.33
14.33
6.55
15
16.34
5.82
12.5
16.18
14.69
9.46
12.83
12.17
14.24
17.94
18.17
8.06
18.05
21.48
19.96
14.2
20.22
17.52
12.81
13.16
12.5
13.49
10.41
6.11
5.42
9.15
13.67
9.75
3.53
13.94
19.05
19.41
16.48
14.17
7.61
1.57
4.18
9.92
13.42
13.17
3.9
6.72
13.99
17.33
16.05
1.58
12.25
15.25
15.65
11.37
17.33
12.92
8.18
11.82
15.85
15.89
12.34
6.48
7.97
16.23
18.15
15.23
13.53
12.27
6.8
7.55
8.49
3.76
11.62
11.35
12.78
10.27
11.92
18.63
18.76
11.1
15.61
17.52
15.19
11.79
14.29
10.55
13.17
13.93
9.73
6.89
3.42
8.55
13.92
12.7
12.18
12.11
8.62
18.58
19.26
10.91
11.3
12.39
6.45
8.65
13.96
14.12
7.75
13.48
17.65
12.41
10.59
13.12
12.82
19.85
19.75
15.17
2.64
2.01
10.19
14.05
15.85
16.89
13.42
1.66
8.87
15.42
17.5
16.16
9.55
8.13
14.14
13.23
10.27
7.8
8.1
11.58
16.43
17.64
18.46
17.27
14.01
11.58
-2.48
9.1
18.05
22.39
22.28
16.47
9.9
10.2
10.63
8.63
4.42
7.95
9.14
15.23
15.61
12.62
12.24
13.02
14.6
14.23
15.15
13.71
7.67
14.25
14.11
11.84
7.01
11.64
13.61
8.56
10.74
15.48
17.33
13.62
2.7
7.11
17.39
19.95
19.65
18.59
16.49
14.6
4.28
10.79
9.63
8.59
1.7
6.36
15.75
19.58
15.19
7.73
18.01
18.04
4.71
17.1
19.99
15.9
14.66
16.58
2.46
6.41
-9.47
13.19
14.26
-5.82
10.54
8.3
8.11
9.19
-13.85
10.55
14.12
15.12
4.22
13.48
12.53
7.74
14.89
10.39
14.92
17.37
13.88
15.5
8.81
11.57
12
19.79
21.56
17.18
13.15
9
6.73
0.09
12.44
12.41
15.28
21.24
17.45
7.99
3.32
13.17
10.72
9.77
12.19
6.56
17.84
21.09
20
16.09
14.31
14.4
13.83
5.24
13.01
12.24
-13.11
12.82
12.15
12.83
11.82
8.04
7.99
8.5
15.72
15.48
8.53
9.81
5.7
10.54
14.06
11.43
3.84
6.98
10.65
14.53
12.12
14.09
16.94
17.45
16.5
5.2
12.77
15.35
16.87
13.28
2.17
12.4
15.27
14.56
6.84
8.75
13.69
3.57
17.24
16.6
9.29
7.25
8.07
12.91
0.11
10.43
10.21
4.43
13.81
17.79
12.86
10.28
18.03
14.67
-6.83
12.54
9.45
-8.6
-1.99
0.51
6.43
13.17
17.1
11
7.38
4.7
13.86
11.38
12.78
15.6
11.6
9.56
17.76
15.79
-10.96
9.2
9.72
8.04
11.16
11.62
-6.45
12.92
8.51
13.6
17.42
-16.08
17.65
17.8
14.52
-8.77
5.45
8.17
9.81
11.64
10.93
-11.46
14.31
14.9
11.94
9.88
12.89
14.28
6.39
5.43
9.86
8.51
0.04
10.79
16.99
15.32
10.53
11.32
9.76
13.49
9.75
14.64
13.15
10.41
7.64
8.58
12.17
14.6
10.16
8.39
11.21
14.25
16.81
16.06
10.64
8.35
-6.12
7.46
13.78
14.89
13.91
9.41
1.06
11.82
6.27
13.94
17.47
13.06
4.03
4.43
3.75
8.67
6.98
17.64
10.55
15.31
14.59
16.38
18.07
15.46
6.96
3.5
2.93
-3.69
2.84
6.91
-8.5
11.42
14.11
15.51
17.37
15.36
7.84
15.58
13.77
-6.11
5.76
10.39
14.32
17.87
14.05
7.16
17.05
17.59
13.57
10.24
7.32
7.45
14.25
15.33
11.05
10.12
7.97
7.88
11.02
15.08
17.7
15.35
5.06
12.19
5.17
12.22
18.07
17.64
14.03
5.02
7.01
8.6
8.66
15.32
14.09
-16.08
9.91
0.67
6.38
5.69
10.08
12.38
14.41
15.38
12.27
3.97
1.49
3.44
8.64
6.02
16
18.77
15.47
-0.64
10.76
15.98
14.86
11.44
16.67
19.09
17.01
7.08
2.92
11.79
14.5
16.87
11.89
7.36
10.4
4.47
8.65
12.7
7.91
8.85
4.97
2.4
5.71
6.88
7.8
6.79
-7.47
10.93
10.62
9.75
11.12
3.16
15.37
18.13
16.71
14.87
7.8
11.04
6.58
3.35
10.7
6.9
11.72
9.04
12.87
15.73
14.19
13.11
10.45
4.22
10.76
7.35
10.65
17.12
19.03
17.28
14.58
8.47
7.5
12.85
13.19
11.86
5.98
5.93
7.61
12.65
15.17
11.43
8.91
11.46
-1
6.14
7.2
4.27
2.52
9.68
11.65
6.3
9.98
13.22
10.25
5.37
-0.89
-9.22
10.75
17.49
17.29
9.4
15.51
17.84
14.51
1.93
13.65
11.44
1.61
-21.01
10.63
14.82
11.44
5.88
4.65
8.02
16.34
12.37
8.21
4.88
7.57
4.96
8.09
-6.06
8.47
7.9
9.44
15.89
12.58
1.08
-3.05
4.07
10.09
14.71
14.95
14.82
13.81
12.2
9.12
4.29
15.32
14.95
6.61
0.34
5.88
9.65
14.66
11.55
13.8
14.45
8.78
8.99
8.84
13.73
16.53
14.5
13.55
9.55
-5.45
7.12
13.43
13.29
-14.79
14.97
12.28
8.91
9.23
10.8
6.45
5.56
13.67
11.52
7.25
9.18
16.33
19.09
19.75
16.7
-0.06
3
7.03
10.82
11.89
15.73
14.81
5.62
8.72
9.49
12.74
15.35
12.76
12.39
11.28
5.13
11.66
9.7
-6.3
9.84
13.95
14.89
14.4
6.99
5.52
5.03
6.7
12.29
11.62
-5.09
9.19
10.99
10.97
13.15
11.09
2.82
11.38
13.64
14.01
11.77
7.32
8.52
14.5
12.36
11.51
8.52
12.7
16.65
8.53
13.82
14.86
8.49
13.61
6.61
13.63
4.79
11.66
11.09
10.02
12.06
11.87
13.84
15.89
12.91
6.42
13.26
12.12
2.74
0.4
11.08
13
11.75
9.14
3.06
13.41
14.04
12.85
8.51
8.95
8.25
7.88
11.4
2.67
-4.32
4.44
4.92
5.74
7.93
13.84
7.31
4.99
4.56
10.21
9.31
4.04
13.22
7.5
9.97
9.67
12.94
9.91
11.32
8.66
12.58
9.24
10.5
11.26
6.89
-3.54
-7.91
-6.44
8.54
14.29
9.29
-8.3
-2.37
10.33
11.05
12.35
18.23
17.26
-4.86
11.45
12.64
11.55
10.69
10.87
9.12
8.87
10.64
11.31
10.42
11.31
13.95
19.88
23.88
25.69
23.76
20.91
17.05
13
10.62
15.29
18.87
19.28
18.86
12.35
6.34
10.61
11.93
14.96
15.97
12.39
-0.34
6.97
6.42
10.63
18.21
13.58
7.35
17.36
19.81
16.49
1.92
9.41
8.45
2.49
4.35
10.96
12.28
11.87
14.66
5.12
-8.45
-1.48
6.57
9.72
1.8
1.04
-1.08
6.34
12.32
5.59
8.78
4.13
7.24
6.1
3.35
7.63
12.63
14.24
9.39
8.86
13.7
10.08
8.16
2.73
-2.52
3.65
8.4
13.32
10.34
6.21
11.4
15.09
16.91
14.47
13.92
16
15.31
13.4
8.29
15.97
12.9
13.98
8.39
11.87
12
10.26
10.27
12.93
13.2
10.34
8.85
4.72
2.41
13.11
15.41
9.49
11.16
6.99
2.83
6.98
2.01
0.25
9.76
10.15
13.61
15.19
13.52
11.27
14.8
14.37
8.38
-1.28
7.92
11.41
15.23
13.48
-2.33
8.18
13.52
15.74
10.82
17.5
15.14
-1.32
6.71
5.88
14.58
16.02
15.77
4.59
14.17
13.4
10.12
8.74
12.61
11.44
13.49
14.55
11.12
6.05
13.05
14.16
11.46
14.19
11.43
5.64
4.88
6.68
8.39
15.29
11.29
3.25
4.36
3.83
11.14
9.48
6.14
12.07
4.9
15.26
16.7
14.45
13.28
13.91
15.86
14.73
5.22
14.72
17.83
11.86
7.84
-1.71
3.1
0.47
15.26
14.11
9.18
11.1
9.59
8.93
15.46
11.47
6.19
9.09
12.95
