6.63
6.95
6.8
6.9
11.16
11.47
4.97
1.63
11.1
13.29
9.73
9.25
13.17
12.77
15.19
16.19
12.81
3.56
6.24
11.58
5.13
9.05
14.28
14.61
13.06
13.1
10.2
3.3
0.72
-2.05
6.52
6.73
11.94
13.86
11.79
13.41
13.58
8.59
5.91
10.4
8.85
1.91
12.85
11.88
7.27
10.36
15.75
16.13
14.35
11.17
9.55
12.96
11.3
12.1
9.9
6.81
8.82
-9.04
10.28
11.85
0.33
9.34
10.41
6.45
10.6
14.21
12.94
7.76
10.48
15.56
10.44
-0.89
2.03
7.18
0.17
-4.87
-6.73
9.06
12.9
12.93
11.75
13.53
16.18
14.21
11.08
7.92
2.9
10.56
3.67
9.59
4.47
9.55
12.11
1.94
5.4
10.17
13.11
11.76
10.82
11.75
8.03
4.51
9.94
13.36
11.29
9.39
13.64
14.26
10.72
2.36
-2.32
-3.32
4.99
14.83
16.98
13.76
4.46
3.38
10.8
13.49
13.62
9.95
11.6
6.28
-2.53
-4.75
-0.13
8.33
7.19
-10.73
-1.86
-11.28
-1.59
1.99
2.23
-9.28
11.45
12.34
4.56
1.33
9.89
12.03
10.73
11.11
10.66
3.64
-3.94
9.66
10.67
6.89
11.35
14.76
14.46
9.11
4.76
10.85
12.46
15.5
14.31
9.84
7.54
10.96
7.81
8.57
10.75
9.08
-17.4
6.02
9.23
9.92
8.59
10.18
16.75
15.13
3.95
6.91
10.96
11.54
6.81
-0.67
-1.53
2.09
7.59
8.3
9.8
11.19
11.46
12.6
11
0.1
3.77
7.22
12.36
10
-1.77
3.86
1.04
6.25
12.11
16.63
15.64
7.03
4.61
-6.66
8.46
5.63
-1.53
10.76
13.81
8.96
2.08
-1.5
-0.81
2.74
3.62
10.47
10.23
-3.97
6.29
8.08
7.32
10.54
12.94
12.22
6.1
5.56
2.3
8.99
9.43
-8.16
6.78
9.4
5.03
-3.5
6.47
10.55
14.09
15.54
8.21
5.87
2.92
5.66
11.26
10.18
-7.48
6.62
5.83
10.78
15.15
13
7.84
10.8
14.47
13.74
8.09
9.3
12.31
14.1
16.24
17.45
15.03
9.69
-5.67
8.56
8.7
6.31
6.09
0.71
7.01
9.17
4.36
4.24
8.04
10.26
5.73
5.15
8.13
5.88
5.16
11.03
14.31
13.91
9.01
3.96
4.84
13.76
17.29
16.67
12.74
5.81
6.72
10.9
13.77
15.25
12.79
8.85
12.55
12.11
6.67
0.54
11.66
12.4
10.94
13.38
14.92
11.79
7.64
1.88
9.28
10
-4.18
7.31
8.3
7.17
7.59
11.41
11.24
9.35
12.3
14.02
14.21
10.96
6.81
9
3.44
-16.86
3.26
9.44
10.38
4.61
11.6
15.65
11.64
2.63
9.19
13.88
10.58
10.49
11.52
5.59
0.36
9.23
10.56
5.95
12.07
10.51
7.88
7.06
6.85
14.35
14.31
13.06
15.26
15.28
10.6
-3.62
4.11
13.05
13.66
-0.25
9.16
9.39
4.33
8.17
14.74
14.21
6.76
6.74
7.39
9.79
11.39
8.76
6.34
-0.85
7.33
10.31
7.17
9.99
13.08
9.42
2.03
9.4
-8.06
10.42
16.02
16.33
13.7
13.57
15.49
13.84
7.25
11.75
12.02
5.92
-0.9
3.69
5.76
-0.52
1.13
6.42
10.95
6.03
0.47
1.45
10.42
10.51
3.84
12.8
16.46
13.98
9.72
8.59
5.66
6.5
10.17
8.79
8.61
4.3
2.96
9.57
10.61
3.38
6.48
0.97
8
11.1
-6.43
16.51
19.44
16.6
10.34
-2.04
0.29
-0.46
5.22
11.65
12.74
11.37
5.43
-4.02
2.7
11.4
15.31
13.68
11.48
11.4
3.2
11.6
9.83
13.36
10.83
-12.58
10.65
9.94
1.21
-4.47
-4.08
4.81
11.59
13.89
10.97
2.63
11.92
9.91
1.09
0.07
-3.05
7.88
6.86
9.98
13.81
15.19
10.87
-2.05
5.02
9.53
12.38
11.55
12.72
8.96
11.97
11.45
5.3
6.28
14.39
13.35
7.66
8.34
7.1
7.01
9.25
14.23
16.2
12.22
8.68
7.62
-17.77
6.15
3.67
-3.55
10.24
14.1
12.82
-0.92
3.16
10.92
14.16
10.29
10.62
12.42
9.1
10.25
7.03
-1.28
8.38
4.33
-5.65
-1.53
6.2
8.12
9.39
12.44
11.94
8.9
9.2
7.48
4.07
5.07
11.22
6.2
6.24
6.7
10.48
1.8
9.05
12.85
13.58
12.38
4.61
7.62
-6.7
8.8
11.7
12.45
8.64
4.31
7.85
3.6
8.01
7.55
-4.72
8.37
10.7
15.67
18.09
16.29
7.48
1.67
6.38
7.72
-4.4
5.32
5.95
7.74
11.46
11.73
5
10.99
12.06
10.56
11.79
11.37
10.55
8.03
3.98
9.5
12.31
12.97
13.36
10.68
4.28
1.48
2.33
8.22
6.68
10.17
12.05
11.54
12.5
13.15
11.57
8.43
11.82
14.75
10.48
2.83
8.17
15.09
14.28
9.18
7.5
16.67
17.58
15.31
12.84
6.57
9.1
16.77
16.42
14.17
13.18
14.58
13.38
8.39
8.94
11.09
12.37
11.81
2.28
1.87
-6.24
10.98
12.85
11.52
11.41
12.12
12.19
11.7
9.67
9.82
10.61
11.93
13.17
13.7
15.5
13.87
10.44
9.03
11.76
9.96
-0.63
9.99
7.2
-8.24
9.01
14.07
15.99
15.97
15.82
15.95
12.5
1.78
8.49
7.81
11.89
12.06
14.61
17.47
13.15
7.38
7.55
4.91
7.78
11.61
9.86
7.95
5.25
2.37
10.48
8.35
3.73
4.17
8.45
1.14
8.17
11.65
10.09
8.99
13.92
12.96
3.63
-2.23
-0.73
2.84
2.41
-1.62
-1.52
5.42
5.31
3.29
8.14
10.76
6.52
4.88
10.39
7.28
6.81
10.75
8.8
15
15.19
12.46
10.56
10.68
10.62
10.11
10.81
12.24
15.07
14.27
9.16
0.08
-2.24
3.74
7.7
10.49
9.9
3.18
4.37
14.28
14.34
-8.7
12.05
13.99
13.14
9.66
-8.81
8.83
12.31
12.59
9.45
3.21
5.28
8.12
2.89
1.93
5.71
8.92
9.22
-0.69
11.71
10.22
3.58
6.95
-2.47
2.08
9.87
9.18
8.11
9.02
10.82
14.67
12.44
4.09
4.48
12.52
12.54
12.49
9.83
-1.26
8.77
11.44
10.95
9.71
11.19
10.8
8.46
6.48
8.27
8.64
11.18
15
18.3
15.94
-1.69
13.27
12.11
6.4
6.79
9.1
7.76
3.57
11.27
14.21
13.64
12.28
9.73
0.36
1.8
-1.63
0.39
10.21
15.13
15.08
12.11
6.02
2.58
-0.06
1.77
0.93
7.33
10.84
15.9
20.88
21.71
19.65
16.37
19.12
24.28
22.99
17.28
19.91
6.39
19.02
18.06
13.12
18.48
18.77
18.42
17.05
18.09
18.93
24.67
23.87
22
23.39
19.67
13.41
20.12
16.53
17.48
20.9
17.05
-2.04
16.87
24.17
26.03
22.9
10.53
22.45
22.31
21.97
21.03
13.84
14.75
20.15
20.94
13.7
12.19
23.13
25.71
24.01
24.47
25.17
20.72
27.11
26.73
24.66
22.87
19.97
10.16
16.17
21.98
21.08
17.21
21.27
18.09
11.35
15.67
22.68
20.68
19.92
12.24
18.53
20.49
10.46
17.73
15.24
20.72
24.38
17.89
17.78
22.27
20.58
27
29.27
24.94
18.3
14.31
12.24
14.7
17.66
19.42
22.55
21.7
27.32
29.57
26.76
23.42
17.97
2.91
14.66
20.07
24.16
23.21
21.28
23.24
19.82
15.96
13.62
18.21
22.31
18.69
9.04
15.25
15.93
15.54
17.09
17.08
21.76
27.21
24.85
15.43
24.62
21.03
20.78
23.09
19.65
15.71
16.27
16.66
24.11
19.62
20.29
17.69
18.11
26.62
27.91
24.15
16.59
17.2
15.58
14.42
19.7
24.84
22.53
11.44
20.05
25.06
24.56
20.94
10.05
15.86
16.68
8.58
19.53
19.56
9.36
12.06
11.8
17.81
25.28
25.61
20.93
19.87
25.78
29.42
28.47
25
26.46
26.99
19.87
26.13
28.25
26.32
23.86
22.46
23.55
24.2
21.97
13.82
20.82
23.06
20.08
15.25
19.55
24.35
22.78
31.44
33.58
30.08
28.08
25.84
22.58
22.4
20.7
26.4
26.9
24.43
16.45
16.84
21.12
23.06
24.17
22.46
22.81
23.62
23.52
20.17
17.81
20.97
21.57
12.65
17.71
19.76
21.61
27.86
22.23
18.58
25.29
24.42
24.5
22.43
21.66
20.43
7.14
13.07
18.41
22.87
22.47
19.73
8.91
17.67
21.32
11.83
20.31
16.21
11.68
10.98
13.14
22.88
23.52
21.38
17.2
4.95
10.84
21
20.05
3.98
17.76
23.78
27.96
29.07
23.22
3.51
9.54
17.16
20.87
18.06
21.14
20.18
22.5
26.44
26.97
21.07
20.51
20.96
17.61
18.1
19.7
18.75
15.19
-7.95
7.83
15.93
21.48
23.02
20.78
16.39
14.82
21.52
26.7
27.17
22.45
18.22
21.83
21.43
5.84
15.15
-16.52
14.12
20.47
19.7
8.46
14.52
12
6.96
20.58
26.36
24.05
17.71
22.63
20.48
11.64
15.83
10.44
8.94
12.58
8.62
16.44
16.23
13.4
11.67
9.59
17.13
23.46
24.57
20.99
20.82
18.31
5.55
17.99
21.54
19.01
10.93
-0.22
14.19
14.36
13.08
16.78
18.84
17.78
20.08
20.07
17.66
17.57
15.01
4.9
18.12
19.17
16.44
9.74
16.6
20.32
20.37
10.82
18.76
22
21.5
16.96
-2.78
5.6
10.85
15.73
17.25
16.25
6.76
13.13
15.52
7.64
5.88
11.69
13.73
16.29
16.09
13.72
13.12
18.23
15.86
11.24
9.57
5.71
4.59
9.64
5.55
10.55
14.78
9.58
12.6
17.1
16.54
16.44
14.67
10.53
16.45
17.15
14.37
13.6
7.74
6.96
6.33
-3.33
9.29
10.62
3.79
8.16
4.21
-1.44
8.44
4.5
1.36
15.03
19.22
19.32
20.88
18.81
17.04
18.01
16
13.09
6.81
18.47
20.96
21.84
18.67
14.36
24.49
24.05
11.85
17.05
16.48
7.59
12.03
20.68
21.67
13.71
21.28
22.34
19.6
9.1
16.29
20.03
12.8
19.8
25.35
20.25
19.92
24
19.19
16
15.9
19.2
18.66
-2.3
18.71
20.98
20.7
23.59
24.43
20.59
5.71
13.43
14.26
19.63
16.31
10.98
1.37
7.49
5.97
10.16
13.91
9.2
14.98
23.14
25.32
22.16
4
17.57
19.06
22.43
23.53
20.41
14
14.45
14.14
27.02
29.01
23.31
16.72
7.87
12.71
16.29
10.24
17.93
20.94
20.59
11.5
15.75
15.06
7.69
-0.27
14.95
2.76
22.89
26.98
26.92
20.35
16.93
23.27
21.91
16.77
16.86
18.79
12.83
15.47
20.91
24.6
24.93
19.88
18.91
22.5
22.89
14.88
23.21
25.19
22.95
20.92
16.58
19.43
22.92
15.18
15.99
15.85
21.08
21.47
17.38
13.52
21.44
22.89
18.56
20.9
17.11
11.4
9.91
12.72
14.23
2.84
13.46
20.14
21.85
18.33
2.3
11.13
14.88
22.63
26.33
25.15
21.1
19.78
19.14
20.86
20.63
6.94
20.26
23.52
22.28
24.65
26.14
23.21
18.76
16.91
6.94
22.69
21.86
12
17.27
12.02
16.87
21.51
18.76
13.59
10.52
14.73
13.52
23.48
16.56
16.76
17.37
15.53
24.66
25.62
19.57
15.48
20.15
26.31
25.39
16.05
14.47
20.01
17.7
14.91
16.44
20.93
22.02
20.62
15.79
17.55
21.91
14.02
17.9
20.55
17.62
14.62
2.98
16.48
19.11
20.74
22.78
14.95
17.69
14.31
14.48
19.52
17.29
15.29
10.25
19.08
19.32
20.54
25.3
25.06
22.32
15.17
18.05
6.06
19.77
22.36
19.74
15.58
13.47
9.98
12.81
12.56
12.03
20.8
20.58
22.47
20.25
19.58
21.08
21.51
20.33
20.79
19.29
18.56
22.12
22.81
16.99
19.37
19.26
18.9
18.97
4.95
16.76
8.54
20.53
22.98
15.43
12.06
18.14
23.28
20.74
10.83
10.95
15.48
13.95
15.49
2.09
18.01
11.99
22.21
28.51
27.52
18.11
20.56
21.16
11.47
19.96
20.36
15.3
20.45
17.4
6.54
6.94
-1.19
18.27
19.05
9.74
16.8
14.27
16.43
14.72
17
21.51
23.2
12.09
18.73
15.95
13.05
15.69
15.65
19.86
13.06
10.91
18.98
21
14.18
1.21
13.78
10.83
10.84
14.5
21.02
16.87
20.52
19.32
13.49
13.75
17.73
16.2
13.49
13.9
10.12
15.67
18.7
15.37
11.18
2.14
9.88
13.39
6.71
11.78
16.42
17.94
18.72
19.86
20.6
19.16
19.62
18.18
13.16
0.72
16.01
21.65
21.09
10.07
16.55
15.77
14.49
16.32
14.76
11.84
15.4
20.66
21.13
22.74
19.3
11.08
18.87
19.63
18.15
9.31
21.37
23.48
20.6
17.48
17.28
14.43
14.7
19.51
19.47
16.31
7.61
11
16.22
-1.6
20.1
19.9
8.75
12.45
10.21
11.79
8.96
5.95
15.76
9.86
4.03
-5.56
11.96
14.74
13.45
7.77
18.43
19.24
9.8
16.3
18.73
15.24
0.94
18.47
21.42
19.09
16.43
25.3
25.59
20.57
17.56
21.32
25
27.91
25.07
15.96
3.26
12.63
16.26
14.39
22
24.98
22.44
7.85
17.1
15.23
9.26
16.41
14.01
16.92
4.61
21.58
20.18
19.45
21.68
15.27
18.2
23.55
24.99
24.67
23.49
21.88
20.08
20.68
13.29
16.41
21.81
22.83
22.05
20.83
24.66
20.68
20.93
24.57
14.19
16.83
15.47
11.26
15.87
20.66
20.66
14.54
23.16
21.06
15.96
21.38
-0.58
23.53
27.01
27.99
28.33
24.6
18.31
25.13
17.31
23.82
22.09
5.46
12.94
20.91
22.42
17.67
21.41
21.02
19.11
17.56
17.24
11.31
18.1
13.36
19.9
24.64
23.72
14.59
23.46
26.16
20.49
19.35
23.96
26.73
25.36
26.34
26.61
23.58
19.37
17.49
17.57
17.86
15.31
8.75
20.27
24.03
27.1
26.95
26.73
22.98
5.74
21.15
22.33
13.09
14.49
15.21
4.77
19.18
19.03
9.24
20.45
25.37
23.39
23.63
27.24
26.41
24.58
17.31
22.19
27.33
27.44
33.83
34.01
23.66
23.44
23.38
20.13
18.75
22.58
23.62
22.76
26.36
31.66
30.79
26.89
24.18
23.82
24.88
21.43
21.31
30.28
35.02
31.88
26.11
22.56
29.4
32.92
30.6
23.18
19.18
19.88
11.3
20.68
28.16
27.08
16.4
18.56
20.77
22.46
23.26
22.29
24.49
12.99
28.67
29.65
23.28
30.91
42.08
43.92
35.92
16.92
15.7
22.28
23.77
21.36
13.06
18.18
18.56
17.64
20.92
24.48
23.89
22.32
20.46
19.58
24.22
26.71
24.77
19.9
20.63
20.11
7.32
16.09
22.26
23.18
35.3
45
44.17
31.64
22.25
17.7
20.45
22.74
18.78
11.92
22.61
24.55
22.49
19.21
22.33
22.38
22.24
23.02
22.09
23.11
26.34
28.3
23.5
36.59
36.37
26.13
16.89
24.06
20.55
12.25
13.7
22.82
27.89
26.06
24.95
22.81
12.68
14.82
15.87
18.5
17.92
18.44
23.28
13.58
11.65
23.44
26.36
27.09
27.74
25.97
21.05
17.19
32.64
41.99
41.82
27.9
28.2
26.13
23.37
24.33
26.22
28.15
29.42
26.35
24.98
33.24
30.08
22.82
18.35
14.42
14.43
16.25
14.27
24.66
25.69
18.42
17.67
11
3.63
19.7
22.28
20.79
29.82
41.46
43.24
34.87
17.63
18.24
22.14
23.16
27.19
28.21
24.3
21.37
24.19
22.86
5
19.96
9.66
20.93
24.86
27.97
30.55
29.82
21.69
17.23
10.72
16.26
17.9
20.73
21.65
24.58
26.7
26.6
25.9
24.17
22.1
17.95
13.14
12.98
21.67
24.09
23.98
19.38
26.39
25.61
22.79
20.04
16.3
14.37
17.59
21.7
17.89
21.97
36.66
42.35
39.69
26.71
15.2
17.74
16.74
24.73
16.29
20.53
16.5
23.7
27.36
25.11
16.75
20.53
26.22
25.67
16.55
22.58
21.7
20.28
19.44
17.69
22.22
24.45
26.29
25.1
17.08
18.47
20.94
24.38
28.43
24.24
9.15
24.24
26.04
24.97
22.56
18.65
21.69
24.59
21.38
16.11
29.75
31.87
24.41
18.09
15.88
17.58
16.66
21.66
21.53
10.68
16.07
19.25
12.46
15.23
18.26
21.07
28.62
27.31
25.86
25.67
27.05
26.64
16.72
27.95
25.3
15.48
22.02
21.45
31.53
37.67
34.82
27.44
25.03
26.61
29.3
26.58
17.07
18.65
29.92
37.05
35.29
25.87
17.56
28.09
26.09
27.95
32.09
24.04
23.22
22.07
25.56
31.86
29.62
23.79
23.23
23.84
22.1
24.63
31.67
36.53
36.4
22.96
24.33
23.29
25.7
24.27
20.42
15.65
24.07
31.32
27.5
26.92
28.16
22.55
26.13
33.39
31.71
29.77
31.26
29.89
28.57
26.09
25.77
27.56
27.18
28.26
30.34
26.69
17.78
15.17
20.28
28.28
29.23
27.7
23.62
20.07
28.46
31.48
29.98
27.32
24.67
30.87
24.16
25.92
28.69
36.02
47.49
49.55
42.08
24.27
18.8
25.58
27.82
22.29
25.98
28.15
35.65
45.34
47.92
41.21
20.87
24.09
20.77
20
28.08
25.42
19.17
17.17
25.58
23.2
25.84
25.18
25.09
28.04
24.35
13.26
28.84
31.22
27.41
17.26
29.34
32.67
28.95
23.1
24.05
18.41
25.78
28.53
30.36
24.58
11.23
25.86
27.15
21.61
18.09
27.57
30.06
29.35
22.07
22.74
24.42
21.98
17.61
26.01
26.37
19.78
20.44
25.13
25.46
24.56
30.36
28.47
24.46
24.96
16.63
20.67
29.56
28.08
20.48
19.26
21.95
27
28.29
24.44
26.25
27.36
25.27
26.36
20.13
25.12
29.49
23.93
18.63
25.74
27.59
25.55
19.16
21.09
17.9
20.73
23.7
23.33
20.45
24.76
23.55
21.84
21.45
16.66
26.59
17.16
27.28
30.77
30.42
27.87
12.37
21.96
22.94
27.49
28.73
25.01
26.89
29.97
31.46
24.39
24.23
25.15
27.07
24.88
19.44
17.91
21.07
27.3
29.77
30.68
29.41
26.95
22.43
27.98
30.58
25.43
22.61
23.65
16.36
16.25
2.76
22.64
25.45
25.29
27.7
27.76
26.8
30.84
32.57
27.55
29.46
26.45
18.83
24.5
24.26
27.65
27.87
25.53
27.28
17.04
21.62
19.76
18.23
13.74
19.67
16.25
22.94
30.81
30.11
29.49
27.87
25.45
18.88
13.04
16.35
16.99
21.41
24.48
18.17
27.94
29.52
25.62
15.73
26.98
25.01
25.94
24.97
16.56
25.44
27.29
27.01
25.52
19.36
16.5
19.09
16.7
21.4
16.76
17.95
23.59
23.93
23.09
27.23
25.92
19.63
18.97
21.73
26.99
29.24
22.85
25.15
17.21
20.44
22.68
22.81
24.05
21.13
23.35
25.8
26.69
20.88
17.62
21.7
18.96
23.23
28.36
28.81
27.67
24.35
9.43
18.93
24.22
24.67
26.15
26.48
27.1
27.04
23.64
18.32
16.93
16.02
15.58
19.63
25.1
22.38
20.89
20.69
21
20.72
19.28
25.4
23.18
15.06
19.68
23.59
25.49
20.21
21.86
20.94
16.19
20.11
21.79
21.96
23.07
22.96
19.5
17.81
20.71
16.63
13.3
15.36
20.58
17.26
17.63
22.43
22.24
23.24
24.48
21.47
19.69
17.85
14.17
22.6
18.06
7.44
17.16
21.02
17.05
21.58
20.81
17.03
22.52
20.52
17.5
19.73
20.2
19.69
18.5
16.98
18.3
19.65
20.42
24.53
25.17
20.39
9.8
21.06
19.22
6.67
15.5
20.59
20.96
28.38
29.96
29.35
26.48
26.28
27.98
25.17
16.43
29.38
32.48
32.29
27.88
19.53
21.01
22.38
25.27
23.4
18.83
14.85
24.61
26.6
28.13
29.78
29.24
29.88
32.71
31.91
30.35
31.78
31.13
27.68
30.38
31.91
27.71
13.56
24.12
31.67
32.68
30.11
24.9
7.16
21.08
18.31
15.02
21.17
25.14
16.61
19.27
26.67
30.21
30.96
27.45
21.76
17.37
25.44
29.9
29.03
21.28
26.46
31.69
34.94
33.87
30.83
33.04
33.75
33.57
31.91
30.14
26.36
25.53
28.24
26.75
25.01
28.54
32.02
33.08
31.9
28.53
26.79
32.7
33.11
27.48
31.41
31.49
27.28
12.3
26.48
32.17
30.7
21.69
28.5
33.31
34.55
34.72
30.84
25.36
25.07
22.75
24.05
27.16
29.85
28.89
29
30.05
25.85
22.9
19.51
15.54
15.54
17.28
18.56
25.66
26.48
22.65
16.98
27.26
25.72
22.54
24.97
30.63
31.93
26.44
26.54
30.56
30.06
24.36
13.82
8.47
23.98
20.6
24.58
25.33
20.89
11.09
14.95
18.35
24.49
29.64
30.97
30.35
27.41
21.69
0.22
20.12
27.3
26.23
15.8
28.7
29.53
27.18
27
27.34
26.01
25.08
23.22
23.26
25.01
22.64
25.29
27.43
24.17
24.47
26.01
22.7
18.26
21.65
23.94
26.22
28.7
24.2
21.42
25.42
26.81
26
18.95
22.49
18.58
16.61
15.64
23.7
22.75
15.61
17.82
21.09
24.73
27.37
24.91
20.99
22.23
12.11
11.05
12.71
18.89
17.33
15.17
20.88
14.48
21.93
19.25
17.79
17.73
11.91
20.65
22.06
13.24
22.3
24.51
15.29
20.31
21.23
20.31
16.61
10.43
17.83
9.55
16.42
21.5
26.71
26.55
24.61
19.9
22.79
21.19
14.39
25.04
23.38
13.91
7.96
17.74
21.26
21.98
20.71
15.75
23.03
19.07
8.58
16.85
22.13
22.36
21.34
19.47
13.75
13.24
15.05
16.48
16.82
15.76
16.64
25.68
28.6
27.17
25.09
21.94
15.03
23.47
15.9
17.39
15.05
14.09
10.35
13.69
16.66
12.99
9.91
15.3
7.55
19.89
20.57
23.72
22.5
15
-8.11
14.68
17.04
20.25
24.98
27.74
27.58
23.31
19.28
18.96
13.99
16.02
16.51
18.75
16.48
10.62
11.88
13.17
18.45
24.23
19.42
17.14
17.58
12.82
14.3
19.24
22.2
22.44
19.67
23.85
18.23
1.7
9.66
16.64
22.15
18.99
15.85
2.85
17.52
20.62
19.6
20.94
18.73
19.29
21.88
21.32
17.32
5.45
14.34
18.91
24.21
24.23
21.32
16.34
12.57
4.84
10.77
9.53
9.55
6.9
21.4
27.22
25.05
15.95
19.71
13.7
7.72
13.49
15.62
19.17
21.22
18.88
19.64
18.7
18.34
22.36
18.17
17.29
22.6
19.09
9.02
22.12
20.55
15.03
16.1
20.36
20.31
10.3
14.76
14.36
14.74
24.21
28.3
29.81
29.5
25.99
23.45
26.39
23.85
17.75
18.18
18.19
13.54
19.28
22.58
22.96
23.21
22.89
19.8
4.86
21.1
16.16
19.18
26.35
24.72
16.86
13.91
10.46
19.46
20.89
24.82
22.31
12.1
14.68
16.25
25.57
28.38
26.62
22.08
22.92
17.9
22.89
28.63
28.65
23.52
17.65
4.56
21.46
21.53
21.61
21.24
13.64
10.87
18.66
17.18
13.17
14.29
13.86
6.22
11.34
19.52
21.59
16.56
4.98
16.53
19.5
12.87
14.21
21.71
22.61
19.38
19.2
21.11
12.45
9.8
10.63
24.28
27.92
23.6
15.69
17.65
12.78
19.84
23.27
23.05
26.39
22.8
21.87
21.43
10.83
14.09
14.76
18.36
17.28
16.28
19.48
4.63
17.96
17.54
10.73
16.93
13.54
21.52
23.3
14.81
7.17
14.26
19.1
8.42
21.82
22.86
23.97
20.49
13.58
22.01
26.61
26.62
19.65
6.75
5.59
7.73
22.59
27.19
23.72
21.18
22.43
18.68
13.6
19.27
23.2
23.54
19.26
10.86
18.36
13.27
16.6
18.13
19.82
22.75
24.12
21.38
15.04
15.84
12.3
12.23
20.76
19.16
17.68
16.94
16.7
17.63
19.89
19.47
9.69
10.39
10.33
21.97
21.21
13.19
11.92
10.88
19.79
19.77
12.13
21.73
21.4
15.69
23.14
16.31
23.56
24.48
13.63
13.82
17.45
11.59
12.15
10.24
16.41
17.38
20.42
24.76
22.55
17.99
21.48
32.13
36.7
32.12
22.93
21.59
17.16
11.46
20.67
12.63
16.22
17.15
15.97
17.34
11.1
8.88
17.37
19.15
19.49
22.45
20.48
19.52
22.47
19.93
14.68
8.61
8.98
12.74
16.79
17.67
16.36
16.47
21.38
23.14
21.49
20.17
20.81
14.54
12
17.75
21.12
20.89
19.19
22.25
24.11
21.66
20.4
22.19
19.96
15.42
10.27
7.1
17
16.18
19.36
18.61
10.4
12.47
7
18.79
16.37
-10.32
7.4
16.34
16.47
23.33
25.21
21.73
21.45
17.04
9.72
16.13
18.54
15.57
7.66
15.36
16.85
15.12
14.47
20.8
22.42
21.71
23.44
25.11
24.16
20.13
14.71
15.76
18.82
15.51
6.31
10.13
15.01
19.15
19.26
15.47
13.46
9.78
10.49
17.1
20.14
19.18
14.07
22.36
20.89
14.29
5.93
17.57
25.69
24.77
14.14
12.47
16.07
20.91
23.02
24.25
19.79
9.7
15.59
18.99
20.63
20.9
21.52
15.4
12.97
16.94
19.78
17.52
18.99
23.84
19.94
18.08
18.47
21.41
23.96
23.53
19.15
13.33
0.89
17.43
14.79
8.18
14.24
14.61
16.08
18.03
18.79
21.8
22.39
18.42
13.79
21.73
20.73
-1.66
17.32
19.65
18.83
2.62
4.71
10.92
16.2
18.98
19.6
15.52
11.04
17.18
12.61
12.19
14.42
10.56
13.89
-2.86
12.24
15.68
17.43
21.07
18.42
11.77
18.13
18.39
17.08
12.34
18.78
13.81
-1.11
9.03
18.02
21.29
20.73
18.3
13.8
12.59
18.21
10.23
10.36
11.16
13.6
16.6
2.18
9.49
22.07
26.37
25.01
19.5
23.45
23.42
18.89
6.55
15.16
12.79
6.33
4.1
14.24
19.54
17.79
7.89
15.15
19.32
16.45
11.09
13.65
14.21
11.39
12.73
13.68
15.18
15.32
18.08
18.5
13.23
11.36
10.76
19.22
19.65
16.81
18.28
13.52
17.65
11.97
13.41
14.31
16.9
16.68
13.36
14.41
15.06
12.74
15.94
20
24.66
24.34
20.47
19.02
16.5
13.65
15.83
1.01
13.88
12.15
3.08
17.66
20.3
19.91
17.31
11.71
4.59
13.53
17.14
22.28
22.76
17.35
16.8
13.66
-1.51
5.15
11.85
18.15
20.48
19.48
10.13
6.35
-8.43
10.8
18.34
19.39
16.94
17.53
16.36
12.93
11.31
15.09
15.74
6.78
16.12
19.42
19.62
16.93
8.66
1.72
15.62
17.23
11.14
11.15
15.88
18.75
18.87
10.18
11.28
2.43
17.2
20.86
21.44
21.1
18.9
15.72
15.17
8.31
-0.57
13.16
18.65
18.77
18.29
20.49
22.53
22.14
21.1
19.22
11.9
9.7
13.35
3.63
16.81
19.52
16.72
17.22
14.05
-0.34
15.82
11.01
15.45
15.35
2
-10.41
6.53
13.96
17.54
19.15
19.2
17.09
12.61
12.95
16.24
15.5
9.53
5.79
12.94
16.36
18.04
19.08
19.55
17.06
16.84
13.78
8.76
15.23
17.61
16.01
11.74
13.94
2.14
6.82
15.37
20.59
19.13
11.53
2.57
13.67
17.94
19.1
15.53
3.62
10.98
7.59
8.69
13.22
14.54
20.3
17.95
-1.75
18
20.1
15.45
12.35
9.78
-6.05
15.17
21.43
14.72
12.22
15.51
13.6
19.22
19.7
16
12.28
3.43
-0.63
11.59
15.55
15.19
9.43
9.8
15.42
19.44
13.67
11.08
7.52
15.71
18.98
16.69
19.16
18.22
17.39
20.73
18.02
3.59
16.52
13.51
6.76
7.88
9.59
19.43
19.38
17.62
18.22
16.25
17.94
18.53
16.3
13.27
13.56
6.72
10.3
11.93
14.29
13.88
2.4
8.64
12.41
19.55
17.47
13.89
9.34
7.37
4.78
9.09
-5.61
13
20.42
20.77
13.11
6.58
17.04
18.96
10.98
20.52
22.37
21.13
18.69
9.49
16.68
20.12
18.52
10.87
9.71
13.11
16.82
16.33
9.74
8.49
6.62
13.07
12.05
0.98
14.79
12.86
21.41
21.72
17.88
20.52
21.85
18.67
5.63
7.47
13.2
19.07
8.89
18.11
20.65
1.93
16.59
14.15
16.76
10.42
5.01
10.42
14.75
17.4
16.95
8.5
7.77
0.29
16.05
15.68
16.29
13.25
22.55
24.01
15.35
15.43
-9.2
21.28
21.84
19.95
17.75
15.87
7.96
10.62
12.31
13.39
19.9
21.17
13.99
11.83
19.18
19.95
12.92
17.41
21.05
18.49
13.89
8.02
17.87
17.19
10.4
8.86
21.3
22.28
18.85
4.55
14.66
18.18
19.11
15.33
13.62
14.08
17.46
16.74
5.35
13.67
14.24
20.32
20.49
6.64
15.45
15.71
7.43
18.78
18.94
6.89
17.21
20.52
17.5
20.04
18.74
17.11
19.59
19.89
18.86
15.44
2.96
19.41
24.55
21.94
6.53
15.43
18.44
19.48
19.94
16.46
9.02
14.96
14.86
8.78
13.92
14.56
16.19
15.2
7.63
6.6
17.68
18.93
12.84
2.83
3.73
11.78
19.15
16.29
-0.8
17.62
18.38
16.68
20.26
16.38
19.83
22.6
18.5
18.55
23.1
22.49
19.56
18.62
13.57
10.56
11.7
13.14
14.01
6.14
17.46
14.64
13.52
17.21
13
19.67
21.05
18.42
16.39
13.28
14.1
14.65
8.56
-5.69
7.14
11.73
14.74
13.44
10.2
1.53
13.42
15.4
18.5
18.46
13.83
13.34
11.57
14.98
19.95
13.32
13.41
17.08
10.09
13.97
12.29
-2.1
17.33
20.01
20.35
16.3
16.89
19.16
19.94
23.6
26.28
23.27
13.68
2.7
16.38
21.72
22.59
23.68
23.4
20.89
18.81
11.37
11.28
14.84
17.16
21.36
17.21
9.86
7.56
11.13
19.44
21.74
24.42
23.85
14.46
13.11
14.67
10.44
13.55
19.96
22.12
21.48
12.67
16.2
20.26
17.65
15.34
18.74
20.67
13.8
18.13
20.41
20.63
12.81
4.65
11.34
12.67
-0.66
17.01
20.43
18.76
22.15
22.63
20.87
12.94
17.98
17.45
8.18
-0.37
14.42
19.84
18.67
17.91
19.63
22.69
23.82
21.12
17.8
18.28
18.69
16.41
16.12
13.14
2.83
12.94
20.12
24.15
22.95
16.38
18.18
18.01
-0.74
12.81
18.9
21.04
16.37
16.5
16.15
16.52
14.2
9.42
17.99
17.1
13.56
15.9
11.64
19.44
13.62
8.81
10.74
19.76
21.04
15.03
18.96
17.74
10.21
16.73
18.21
4.3
10.85
12.25
0.84
14.04
22.76
21.35
8.31
17.55
16.04
15.35
21.16
16.72
10.98
18.41
17.73
13.75
6.75
13.01
17.69
8.54
21.22
21.67
15.47
6.67
7.15
12.58
19.37
19.71
18.93
15.82
15.29
17.47
15.54
16.89
18.98
17.48
15.83
14.95
21.74
20.93
12.48
4.45
13.68
18.3
15.4
7.53
19.31
16.03
15.09
19.36
20.57
24.87
24.03
17.69
12.97
19.34
20.91
20.22
19.39
20.78
18.04
14.19
13.76
18.42
22.79
24.37
16.12
19.57
20.04
7.63
20.31
18.7
19.7
18.94
17.16
19.11
21.8
16.91
6.03
18.46
23.51
23.33
17.83
11.99
14.57
18.07
13.89
3.49
10.61
20.55
22.39
24.18
22.37
14.53
12.72
15.16
2.46
17.08
21.6
18.41
12.98
8.39
7.66
14.37
5.03
18.28
23.13
20.83
7.12
11.06
2.09
9.67
7.18
-13.01
10.91
14.41
15.48
-2.83
14.19
15.72
6.97
12.27
20.87
22.31
23.45
20.33
7.45
18.58
16.72
17.74
14.73
6.3
11.51
17.71
21.08
13.9
15
23.66
21.8
6.65
15.46
12.73
19.81
19.96
17.65
19.93
16.49
4.59
12.12
16.97
20.66
18.93
19.92
22.43
23.8
23.74
18.14
18.15
20.68
17.29
16.78
21.69
23.92
24.63
22.65
17.33
12.34
9.87
9.84
6.96
19.59
15.05
14.83
20.71
19.46
11.76
20.77
16.65
17.26
20.51
16.98
17.29
-13.01
19.9
20.28
19.44
15.39
10.45
13.23
16.33
17.18
19.91
16.85
12.47
16.16
13.86
6.59
10.33
10.09
17.9
20.04
19.89
18.58
10.8
10.38
18.36
23.24
21.76
17.52
15.85
20.35
18.07
-3.6
10.25
9.84
13.58
9.62
13.54
17.57
19.71
20.64
18
17.99
22.66
21.53
13.51
17.97
15.09
13.69
17.51
14.43
16.23
17.1
19.55
21.69
18.78
18.66
19.83
19.12
15.11
2.78
6.16
17.05
13.49
11.94
11.72
11.92
19.52
21.23
14.06
11.18
17.78
16.82
16.91
21.36
18.4
9.04
8.61
17.67
22.28
22.01
14.76
7.64
17.84
21.94
19.08
14.19
3.2
12.89
14.21
18.33
16.19
11.18
2.47
1.26
18.21
19.71
18.7
19.14
21.16
21.49
18.47
15.36
14.92
20.74
22.95
21.91
17.13
13.81
14.07
13.34
11.89
12.55
16.78
18.35
16.43
10.84
9.56
-5.62
2.69
9.25
15.11
17.32
19.09
16.87
12.32
17.3
19.11
14.13
13.69
17.95
17.54
17.02
19.1
17.1
8.75
10.93
16.4
17.73
14.41
14.89
20.31
22.6
20.93
16.61
5.67
17.31
23.21
22.98
18.69
2.64
11.18
11.3
12.66
14.27
19.76
20.99
17.5
18.1
18.01
8.99
5.06
13.7
17.28
17
14.49
10.61
13
14.58
12.45
12.98
18.2
18.16
15.02
17.65
16.81
15.56
16.77
11.86
13.52
19.35
20.34
21.82
20.64
19.25
17.21
11.96
13.65
1.98
8.34
16.37
19.49
17.34
13.68
12.13
9.58
14.12
15.37
16.56
16.92
17.15
18.32
19.13
16.78
17.11
16.22
11.73
10.95
8.89
8.57
14.61
16.48
7.92
12.28
16.11
13.86
5.78
13.17
16.76
18.8
13.6
4.14
17.05
19.12
17.52
15.13
9.68
11.15
15.7
15.97
13.34
14.96
15.58
12.44
15.26
14.09
15.46
15.33
13.71
15.06
12.81
10.45
12.44
14.98
17.42
15.82
20.34
18.89
13.73
0.69
12.96
10.09
13.76
17.87
14.93
11.6
-5.38
9.14
12.35
10.55
8.34
12.54
13.93
2.25
17.34
16.41
6.42
20.66
21.64
15.76
10.06
11.61
14.42
16.56
12.87
7.39
11.47
13.47
8.91
13.3
19.59
19.83
7.33
17.74
21.56
22.01
17.81
7.66
11.07
14.9
12.76
-3.89
6.44
13.64
16.08
14.8
16.63
17.02
14.76
4.77
0.34
7.66
5.43
13.84
14.34
12.57
12.58
12.76
13.29
13.74
5.78
12.73
16.04
11.32
5.12
-3.48
5.65
11.25
16.15
15.93
8.09
9.37
11.47
-1.82
8.06
12.92
16.37
13.52
7.1
17.61
20.42
20.46
17.1
13.84
13.33
17.36
20.78
17.49
5.88
12.46
15.09
14.56
14.88
2.34
17.4
18.99
18.89
11.02
10.64
5.71
7.79
17.45
19.75
16.14
15.26
14.52
15.09
13.9
13.21
11.65
2.21
3.04
3.38
1.65
15.59
17.93
16.43
17.5
16.96
13.61
-16.75
9.09
12.89
19.64
21.44
18.76
6.81
5.82
6.59
11.4
11.8
8.76
19.07
18.52
8.64
13.35
15.11
18.79
19.28
13.28
7.59
9.46
12.14
11.88
8.2
14.55
11.23
5.94
12.24
14.53
12.92
8.11
10.27
11.36
1.27
15.18
12.71
15.33
13.72
10.68
10.8
13.33
15.76
8.26
8.23
15.25
16.12
14.27
13.9
8.88
15.84
18.84
16.67
16.29
14.02
14.14
0.89
5.52
10.49
11.88
14.03
14.03
8
8.7
11.29
13.83
14.54
11.78
11.27
15.31
17.04
16.1
9.23
15.93
18.85
13.37
6.36
10.17
9.63
13.96
14.62
7.07
12.81
15.09
11.06
12.38
12.48
8.73
11.47
12.94
11.16
10.04
17.33
21.55
18.96
10.4
11.44
11.45
11.79
12.29
10.76
6.77
10.52
14.2
11.76
3.74
-2.4
7.22
7.91
12.24
10.27
2.01
7.09
9.2
15.67
17.27
14.18
9.83
5.35
14.53
12.79
5.74
5.48
16.17
18.59
-9.79
15.61
21.17
22.31
21.41
20.35
18.9
13.21
8.33
12.99
14.8
13.74
17.13
18.64
14.23
11.78
13.41
14.91
12.44
6.69
12.91
16.05
17.28
15.75
14.02
8.81
8.95
16.25
19.65
19.13
16.1
15.77
14.71
12.35
13.61
19.03
20.01
13.19
7.61
6.51
10.87
10.89
10.99
7.13
5.93
14.52
15.9
14.98
17.41
17.63
15.5
8.42
6.42
9.05
-0.63
10.32
12.77
13.82
15.59
17.82
18.57
17.82
14.22
3.57
16.79
16.2
12.5
12.58
6.36
2.94
0.68
5.14
6.14
7.43
13.42
14.73
10.76
18.34
19.42
15.79
17.99
12.23
14.47
17.51
13.63
-11.62
13.5
16.84
15.63
7.47
9.9
11.55
9.69
15.33
16.86
14.1
15.83
18.21
16.04
14.88
13.64
14.02
13.95
7.86
17.08
18.03
9.51
5.91
9.49
11.6
13.5
12.42
8.95
15.78
17.87
16.03
16.67
12.82
10.29
8.1
12.71
16.54
17.31
19.04
16.02
-1.08
3.13
12.76
12.91
6.33
12.95
15.04
10.27
11.18
13.43
1.95
12.1
15.68
11.83
8.13
13.97
15.32
10.52
9.5
12.85
13.79
15.86
18.36
16.2
7.95
8.55
11.02
15.35
17.24
16.65
10.91
9
10.58
0.3
12.31
15.41
9.72
3.63
10.61
15.18
12.73
11.81
10.34
11.1
14.54
14.6
10.78
9.81
11.84
15.32
17.43
11.65
16.69
20.82
21.05
16.89
11.3
4.86
9.07
4.17
11.81
19.37
20.52
18.55
17.16
16
16.54
17.15
16.48
15.65
19.03
18.05
16.49
14.66
6.79
13.44
13.18
10.99
13.54
14.85
15.29
15.38
17.68
17.19
11.25
6.65
16.34
17.33
3.93
11.7
12.89
8.01
-2.22
11.3
17.91
18.39
13.98
6.8
14.26
17.55
17.99
18.91
19.09
17.54
19.01
19.8
15.05
11.29
11.67
10.15
1.96
13.28
18.73
20.99
19.39
10.14
-0.51
11.1
16.5
18.9
17.55
11.09
1.2
-1.79
4.45
10.68
11.04
12.63
14.36
13.94
10.61
16.02
18.34
17.11
15.73
9.12
5.81
1.55
2.09
9.23
6.24
9.41
4.31
10.24
11.49
11.98
5.47
7.66
5.17
12.49
15.63
13.19
11.88
13.96
11.11
8.55
6.5
15.56
15.72
16.36
13.94
13.06
11.76
8.99
12.13
17.33
15.32
12.25
18.72
15.12
9.85
10.76
7.56
16.33
18.48
18.7
18.54
18.47
17.42
15.96
17.02
13.32
3.26
10.43
12.27
18.27
17.1
11.18
13.49
10.64
10.06
12.42
10.68
11.48
10.87
9.49
3.11
3.25
3.13
-1.41
-7.84
2.58
16.21
18.64
11.37
2.62
6.73
9.53
6.64
9.54
1.53
12.77
16.71
16.67
15.71
9.97
3.15
13.01
11.04
13.05
17.93
15.69
13.02
14.98
15.12
14.03
11.08
4.33
11.11
13
9.68
13.43
14.76
12.37
11.17
5.2
13.17
19.73
19.68
16.49
12
8.89
6.73
6.38
12.99
11.91
7.83
9.5
6.46
8.27
11.09
7.45
3.52
16.97
21.19
17.48
12.92
13.76
16.23
18.06
16.82
11.34
9.53
12.3
14.05
13.62
10.09
13.17
14.19
17.33
19.83
19.62
16.38
11.32
9.75
6.51
4.95
13.23
15.77
12.92
6
-0.48
7.69
12.44
11.68
8.7
0.96
7.23
3.25
2.17
0.25
6.51
11.9
12.16
1.13
16.98
18.23
18.21
19.38
20.04
16.44
6.11
15.9
12.52
7.8
16.89
17.99
15.9
13.6
10.13
2.3
7.73
9.77
12.7
14.52
6.42
11.04
10.91
8.74
14.1
13.84
11.39
14.24
16.61
16.48
9.56
-7.35
-2.13
8.62
1.12
3.39
14.89
16.22
14.05
14.41
8.36
8.91
15.77
14.18
12.63
9.51
6.8
11.04
11.52
9.53
9.13
7.18
4.95
-0.21
6.61
14.54
10.57
13.6
13.45
11.91
11.24
-0.27
14.27
18.18
14.54
2.41
3.85
12.31
9.86
-2.11
13.31
13.95
10.49
9.84
12.54
17.36
17.6
11.87
-0.64
10.06
17.65
18.21
10.04
1.02
3.95
9.2
11.48
13.98
10.39
5.74
11.7
13.6
14.32
13
10.12
11.26
4.14
12.56
15.33
21.2
21.12
11.6
-11.77
8.08
13.46
11.42
12.93
16.73
11.03
7.9
8.58
10.84
17.66
18.97
15.99
12.62
14.61
13.89
12.28
8.91
12.37
12
2.94
11.49
12.62
5.06
-8.61
-7.96
-3.07
12.49
18.01
17.71
9.58
11.74
12.73
9.9
16.18
12.66
0.94
6.87
9.94
11.45
15.64
19.55
22.95
18.48
8.39
10.02
12.61
9.57
8.01
13.26
4.85
13.23
15.33
15.07
13.51
0.84
15.6
22.77
22.5
18.13
15.6
7.14
12.46
15.27
15.66
16.04
13.68
5.77
-1.5
10.1
13.75
11.92
15.25
13.17
2.3
7.69
14.92
17.04
4.86
13.67
16.76
11.6
0.28
4.38
14.32
18.66
17.8
9.75
6.48
13.71
16.86
17.08
14.72
11.61
9.67
12.67
14.73
12.47
12.15
13.6
8.65
6.77
1.09
9.36
12.14
11.68
15.15
14.34
11.52
13.4
14.92
15.37
16.63
12.02
13.43
16.13
17.74
16.49
11.21
15.74
17.61
8.28
12.6
16.13
5
8.8
9.88
9.18
6.94
10.91
8.33
5.67
-5.46
13.13
16.5
17.38
16.01
15.45
16.45
16.85
15.33
10.68
5.97
10.51
16.93
17.72
13.37
15.61
16.63
16.22
14.71
14.2
12.16
6.81
11.49
13.16
13.7
13.33
12.36
13.5
12.57
11.7
-0.75
8.43
13.78
15.94
16.43
14.95
10.17
13.41
16.62
14.17
12.08
13.47
16.61
18.52
12.59
12.6
8.07
11.12
19.19
18.66
15.04
11.86
0.93
-1.2
0.81
9.54
11.73
11.95
12.74
6.09
5.5
11.26
10.52
11.84
8.73
1.45
5.17
8.64
5.22
6
11.58
14.92
10.13
5.16
1.67
8.98
14.11
13.38
8.31
14.93
17.61
12.83
5.14
9.29
8.16
8.92
11.11
10.49
8.06
13.68
11.74
8.34
10.01
7.29
9.5
16.05
16.02
10.67
7.9
12.84
16.09
14.54
7.23
7.8
3.66
3.05
13.74
11.95
6.22
-13.01
13.05
16.64
15.88
13.69
10.19
10.63
9.86
14.16
1.07
12.41
14.03
13.21
16.16
16.13
15.28
10.23
7.01
3.18
3.04
9.3
12.08
0.55
5.63
-0.97
6.49
12.57
14.51
14.28
11.87
8.29
13.56
14.71
10.66
6.5
10.04
8.73
9.15
14.39
13.54
11.87
7.03
11.19
11.68
9.63
9.39
6.67
3.14
7.26
-6.74
13.13
14.03
4.38
-4.4
7.21
13.37
13.68
14.23
15.32
14.17
11.92
1.66
12.6
16.36
15.25
14.01
15.99
13.84
9.03
4.66
14.25
18.02
17.13
13.45
10.04
15.66
17.15
8.57
10.25
15.06
17.6
18.11
13.38
-19.29
12.13
16.09
18.48
14.24
10.93
17.55
19.02
19.11
16.15
10.92
10.74
12.23
14.36
17.08
12.81
14.4
21.19
19.8
16.45
1.16
13.83
11.85
9.93
11.24
7.2
1.39
12.2
14.36
15.89
9.8
13.91
18.76
15.7
12.73
18.4
13.51
4.52
1.99
11.32
15.89
15.85
5.35
13.14
14.18
9.31
9.56
-1.45
8.33
10.19
12.08
16.93
19.21
17.43
13.75
16.54
17.48
15.32
12.29
13.56
17.26
13.85
11.02
12.87
13.96
14.41
10.71
6.32
15.34
19.38
20.46
14.4
4.56
12.54
16.48
17.07
15.69
8.52
12.49
19.57
19.51
17.14
11.44
4.29
3.79
3.18
8.68
11.01
8.24
1.47
5
2.46
-3.73
6.6
12.03
11.77
5.2
13.4
20.72
21.68
17.06
14.16
17.16
13.09
13.27
2.17
10.79
15.18
17.22
16.98
12.88
0.56
14.03
16.03
16.75
18.22
17.21
12.27
12.05
11.67
14.49
10.77
11.28
16.77
13.37
11.8
-2.56
16.39
15.56
8.13
-2.78
6.56
13.85
15.15
12.67
14.08
12.13
15.51
14.93
11.25
3.21
12.89
12.15
2.41
9.65
16.74
11.15
7.71
12.75
14.63
15.81
13.72
13.32
13.49
9.8
-2.04
15.42
16.86
15.75
14.66
3.97
12
12.08
11.03
20.02
17.12
9.77
8.56
11.27
6.08
5.84
15.27
18.13
13.01
15.53
19.59
16.91
13.26
10.82
6.78
-2.36
14.42
14.44
5.83
10.78
9.19
18.47
16.35
1.67
13.6
17.98
17.97
15.86
10.23
9.4
9.84
10.41
12.71
-9
11.22
11.42
-0.73
7.83
6.37
12.67
17.35
14.23
5.79
9.02
10.32
7.25
11.64
14.02
12.44
10.9
6.35
8.41
13.68
12.81
7.23
0.8
10.3
13.76
14.24
14.03
13.19
13.97
9.3
14.22
9.08
12.98
15.93
12.76
12.77
11.87
4.71
12.33
12.24
12.6
12.04
11.59
13.05
13.84
7.19
0.73
10.33
13.82
11.75
8.55
-3.91
12.21
12.54
4.76
9.97
14.21
15.36
11.65
3.63
1.75
9.47
10.29
1.94
11.53
14.12
10.3
11.88
12.82
14.07
16.1
16.34
12.77
11.8
9.59
6.91
3.56
6.9
-4.33
4.99
11.51
14.55
7.82
10.44
10.08
1.99
5.06
5.41
14.02
15.37
10.81
12.81
9.03
9.36
14.72
15.24
14.45
11.99
13.75
18.26
19.12
16.98
13.04
10.3
11.61
12.97
11.64
9.98
7.33
14.28
15.65
12.11
5.92
-1.58
3.41
13.24
12.47
7.54
9.25
11.98
12.88
10.75
-1.47
6.1
11.62
12.46
10.92
7.7
3.07
-2.22
2.63
6.32
9.54
13.94
11.97
4.59
11.16
15.13
11.78
-0.35
9.76
11.27
3.01
2.81
2.07
-0.46
2.31
2.5
-6.44
4.56
-6.35
8.07
10.44
-2.81
4.51
9.2
9.44
10.25
10.13
6
7.04
0.56
-1.14
11.06
12.18
4.51
4.2
8.4
12.63
15.11
16.67
15.11
13.34
14.51
15
12.97
14.63
12.84
-0.13
10.5
12.57
7.97
1.72
6.17
13.11
10.67
7.85
8.72
10.88
9.2
5.79
2.34
-0.31
8.06
8.18
-26.12
-3.98
5.81
6.02
4.6
15.56
16.08
11.75
8.51
2.39
7.73
12.55
11.2
0.77
7.06
4.14
10.35
17.65
14.98
0.11
13.07
13.2
-4.68
17.56
20.17
14.55
2.5
13.65
15.39
14.47
16.52
17.92
14.76
10.94
15.97
16.03
10.59
4
13.9
14.13
11.49
10.05
12.99
16.04
12.22
-9.97
4.03
13.31
17.58
14.06
1.66
5.24
8.18
11.15
10.71
11.34
2.58
-3.97
10.27
13.9
15.24
8.28
12.47
10.41
12.08
15.23
16.12
14.62
9.78
9.16
8.77
8.69
-8.13
6.85
7.74
2.14
4.4
8.92
14.28
8.23
5.71
0.62
11.07
16.34
16.9
10.8
5.26
11.56
15.46
17.25
7.81
9.07
4.62
1.87
14.66
15.68
12.98
16.76
17.72
15.08
13.59
8.87
0.91
9.8
11.48
17.84
16.5
4.19
13.11
14.31
15.45
14.57
13.94
5.91
8.91
6.15
11.59
15.62
13.94
8.6
10.09
12.68
-1.15
14.88
16.3
10.42
-1.19
5.69
7.77
3.93
-1.21
10.13
10.67
7.21
15.15
16.1
11.52
12.11
6.73
-1.08
8.89
5.75
13.12
11.95
6.87
10.55
15.66
15.72
8.19
12.99
4.47
10.88
14.19
9.98
10.05
5.22
8.11
13.24
13.58
11.69
5.19
9.58
16.22
17.94
14.33
8.89
16.69
14.4
10.62
0.72
3.39
9.79
-18.7
8.14
10.15
10.25
-0.75
12.43
15.52
11.48
-3.15
3.05
1.67
10.78
15.19
17.16
18.33
16.09
8.77
4.31
12.86
15.58
15.99
11.3
7.72
10.31
11.27
6.82
7.74
12.47
11.89
10.25
11.97
14.16
8.98
12.23
12.18
5.78
10.97
15.49
15.66
13.63
9.55
7.4
15.15
15.48
12.04
3.07
10.88
17.47
16.88
13.54
15.04
16.09
12.67
11.45
5.23
1.52
4.67
9.21
3.16
2.77
-8.12
4.28
-14.36
6.94
14.15
12.74
7.09
5.77
1.85
-11.01
9.09
7.96
7.81
0.55
9.36
10.94
4.1
12.24
4.61
7.96
14.36
12.55
9.46
9.91
9.39
0.95
4.95
12.39
15.75
12.43
-4.94
11.12
12.72
9.27
6.48
12.41
10.15
11.68
11.26
10.95
16.5
11.72
8.85
16.05
14.44
18.85
19.01
13.76
4.22
9.84
13.43
9.28
18.83
19.54
15.03
5.92
13.07
19.73
18.59
15.06
14.18
10.46
7.48
17.13
20.23
18.22
13.87
13.93
14.6
8.38
3.04
6.98
11.15
16.77
16.77
11.88
11.9
13.82
10.63
5.87
3.84
7.98
14.07
15.55
7.3
6.73
13.21
15.03
4.54
16.21
14.03
12.61
10.01
6.37
-0.29
3.97
5.75
10.23
11.19
11.6
7.7
6.81
14.59
12.28
7.98
13.44
11.95
11.72
17.82
