12.34
9.45
6.97
4.07
10.57
10.81
7.6
5.25
4.59
10.85
13.89
13.69
6.98
2.47
4.55
-4.37
2.13
5.86
3.18
11.13
3.9
4.27
3.37
-1.24
1.3
5.2
7.09
-6.12
7.63
14.59
15.57
13.72
10.61
7.24
11.19
10.52
10.94
12.6
11.95
9.31
2.66
-1.99
13
17.89
17.78
11.61
10.3
11.35
8.58
5.45
3.28
3.1
9.08
6.74
7.48
6.72
3.96
15.12
17.2
13.6
12.7
16.6
16.36
13.19
8.7
8.47
10.03
9.21
-3.92
-1.42
-2.43
9.17
13.75
12.39
8.2
4.73
11.98
14.64
13.72
10.19
9.36
12.4
11.62
8.08
-4.18
7.02
0.38
9.34
10.36
14.11
15.15
13.42
7.26
5.32
-0.61
9.3
9.26
11.99
13.8
11.1
7.63
13.07
12.68
8.88
9.69
5.18
3.79
-0.73
-3.1
10.88
13.31
8.93
8.81
3.03
12.11
14.76
8.65
12.99
16.78
12.56
2.57
1.26
-3.66
2.5
10.04
13.53
16.04
15.75
10.62
2.1
3.51
11.05
11.14
6.45
9.71
4.49
1.39
5.42
11.56
4.46
12.61
15.98
14.04
6.07
6.18
1.78
8.41
7.94
6.43
1.38
7.06
10.36
7.99
7.86
10.45
15.38
14.84
11.08
8
0.84
9.04
3.27
6.53
12.62
10.22
-3.4
-3.49
5.5
-4.48
5.2
1.46
-7.4
0.4
5.22
10.2
9.7
4.64
2.89
8.92
13.99
12.14
8.79
6.17
0.95
2.78
2.18
3.3
10.94
10.03
1.49
7.76
-9.09
7.63
11.12
14.5
14.66
14.07
11.64
14.19
21.26
22.94
20.2
15.48
14.52
14.08
10.31
4.26
5.35
12.49
11.42
3.66
6.16
14.05
14.92
11.74
5
7.08
11
9.76
5.89
7.96
9.23
4.01
2.16
-6.24
9.84
12.62
8.6
7.08
6.68
3.84
-0.32
6.69
7.3
5.68
7.78
12.24
13.7
9.79
1.66
0.23
7.37
10.65
6.06
8.55
6
6.12
3.57
5.87
12.25
7.75
-8.17
6.58
4.45
7.65
11.95
10.63
8.62
12.12
15.37
14.04
2.71
4.61
-0.63
5.37
7.66
11.48
12.91
15.93
15.91
8.87
4
6.27
11.97
12.96
12.37
4.9
9.98
12.39
11.4
10.62
12.74
15.25
11.29
10.51
15.86
12
8.98
7.72
13.87
16.38
12.58
8.83
2.74
2.41
3.33
8.74
6.71
8.58
9.52
10.59
13.14
11.06
6.1
5.69
4.82
4.48
6.87
10.3
14.99
15.14
9.47
4.25
2.99
8.27
14.05
8.46
0.2
8.59
11.13
10.29
9.91
13.25
14.68
11.26
-3.48
-3.48
8.52
11.81
3.5
6.41
2.38
3.33
-0.39
2.51
7.13
11.74
14.74
14.38
14.13
10.67
12.44
16.72
14.95
9.21
7.16
9.71
11.09
9.94
-2.59
5.4
1.53
11.57
14.57
10.06
11.49
18.17
17.27
11.84
-0.11
9.77
5.75
8.84
7.92
4.48
3.65
-3.85
3.14
10.59
13.38
14.87
13.86
7.6
-1.95
8.24
7.37
5.26
8.79
3.47
4.31
2.6
12.05
10.62
12.62
8.61
3.59
4.84
0.37
11.53
15.25
12.03
8.06
-1.58
0.86
10.92
13.42
9.08
-1.96
13.07
14.42
12.35
11.43
1.25
7.06
12.56
12.72
9.4
2.94
11.49
13.07
8.48
-2.53
4.89
11.27
7.78
-13.15
4.99
4.75
3.65
10.22
14.24
14.58
11.75
4.66
-1
5.26
13.77
14.05
9.47
5.22
-5.85
-3.79
3.29
13.76
13.77
11.79
8.34
-0.13
8.27
13.35
13.22
9.74
2.67
13.69
12.69
8.82
2.92
3.19
4.85
6.83
8.69
5.67
12.68
10.61
-11.83
7.49
12.22
9.02
-1.42
-4.88
4.36
7.59
-1.69
9.14
9.67
11.5
12.67
8.34
0.72
12.26
14.21
4.29
13.1
5.59
9.64
10.88
8.14
7.83
3.07
10
11.66
13.24
13.49
12.12
13.6
5.05
12.01
13.97
9.54
8.85
10.8
12.14
11.68
14.71
15.98
9.05
3.66
1.44
4.59
10.85
8.05
11.28
14.06
11.26
12.25
13.76
13.03
15.18
10.67
7.03
5.28
6.09
7.42
6.1
9.74
3.57
8.49
10.89
2.29
9.09
9.7
10.26
9.47
2.86
10.47
13.3
12.52
7.15
12.93
16.81
11.14
7.62
12.14
5.62
4.58
10.08
13
8.68
12.62
8.44
8.77
11.55
9.43
0.18
2.36
1.3
10.85
8.57
10.38
12.16
10.08
4.8
-6.43
6.39
9.8
5.21
11.31
13.4
10.45
1.77
4.52
10.02
4.27
10.03
8.41
9.95
8.92
13.66
16.13
14.8
10.34
10.03
13.5
-0.4
7.8
7.4
7.34
0
8.35
6.61
5.25
6.21
-3.2
8.97
11.32
9.5
11.23
11.12
8.35
10.97
7.17
4.76
6.02
-7.17
8.98
12.74
10.5
6.6
9.73
8.27
10.76
11.38
13.36
10.36
6.56
9.79
6.3
12.73
15
11.31
15.54
15.93
3.9
6.19
5.68
8.57
11.48
7.17
-0.5
8.08
-0.76
6.59
5.9
4.82
10.15
11.39
9.14
9.93
16.69
10.59
8.76
13.96
14.76
10.69
2.28
11.48
9.78
5.16
8.19
13.08
13.76
11.96
10.78
12.39
13.17
7.41
2.3
-5.24
1.84
7.78
9.18
0.43
1.09
5
5.29
3.6
-3.07
3.37
4.63
10.36
4.66
7.03
13.14
6.31
2.14
-4.72
-3.85
6.93
8.28
5.2
15.4
16.99
11.08
8.8
13.38
10.39
-1.52
3.42
10.35
11.17
10.71
9.28
16.97
17.84
10.64
-13.01
6.78
3.91
-4.52
-1.65
4.08
6.1
3.48
12.06
5.82
7.74
8.44
11.99
10.95
11.72
12.66
6.1
-6.43
3.68
10.6
8.81
7.31
7.66
11.85
9.9
8.44
7.6
10.88
15.76
14.68
13.42
14.93
13.48
13.93
12.09
9.11
4.06
7.17
14.04
10.42
1.89
2.6
9.96
12.46
-1.76
12.06
8.81
1.55
7.66
13.42
11.25
7.38
5.23
5.26
7.38
3.29
-2
-1.22
2.32
2.17
-8.54
0.14
9.25
11.23
6.39
6.98
8.04
3.26
5.37
10.65
12.84
12.72
12.03
-0.32
11
12.32
13.38
12.21
7.46
8.4
13.36
15.44
15.05
11.22
7.54
9.08
12.18
9.63
16.25
16.52
10.27
-9.93
5.32
11.36
13.28
12.79
11.32
10.44
9.94
8.09
3.2
11.3
9.94
1.06
9.45
11.91
11.91
4.82
0.77
7.98
8.22
5.69
3.82
7.09
11.07
13.37
17.73
12.96
15.65
22.94
25.54
27.07
25.95
22.13
21.22
13.99
17.73
24.48
22.84
9.46
9.53
11.32
16.33
14.95
7.36
22.58
27.1
25.03
20.45
16.87
16.96
18.86
26.07
25.6
15.83
10.29
5.95
19.05
23.68
22.62
12.04
12.21
19.01
26.07
30.04
28.81
22.99
20.11
20.08
15.61
9.34
6.47
12.13
13.22
19.98
23.3
2.72
24.67
24.71
23.97
28.5
25.76
7.43
14.11
11.62
14.16
5.45
9.62
-6.79
5.78
12.28
19.3
24.25
25.65
23.42
19.97
17.39
15.89
21.36
20.85
16.4
10.71
13.14
18.77
17.89
11.33
26.21
27.24
22.42
22.9
26.89
26.21
24.45
20.75
19.86
17.88
16.62
13.05
20.55
24.06
28.1
28.44
23.61
18.18
14.88
1.32
18.48
22.84
22.85
22.08
17.23
12.26
20.82
22.38
8.96
16.87
22.92
24.71
16.91
20.51
20.55
13.33
21.19
25.28
24.25
20.21
21.26
26.09
24.09
16.26
21.45
27.54
26.9
22.91
22.46
24.86
24.65
20.63
19.77
18.31
22.68
26.65
23.12
19.88
18.74
18.59
16.38
11.56
14.78
21.14
18.64
12.45
23.14
27.34
25.32
25.92
26
23.77
22.1
20.64
12.63
18.09
18.53
13.79
18.34
22
23.3
15.27
15.43
24.66
25.59
19.69
20.51
18.43
18.29
14.14
19.35
8.14
12.64
14
24.39
23.06
19.41
23.23
24.93
23.29
19.86
11.95
21.42
24.21
26.96
24.77
4.66
15.68
3.28
22.4
27.91
24.5
18.4
16.52
8.45
17.35
17.07
15.54
21.53
21.18
19.74
17.5
-0.48
19.86
22.59
14.02
17.44
20.4
24.31
23.49
22.37
21.03
22.86
25.1
25.29
21.39
24.02
28.04
24.1
20.17
20.77
20.19
19.13
21.55
24.9
22.77
6.89
14.62
21.48
15.29
11.98
21.08
17.35
13.28
16.84
20.76
19.07
14.37
18.79
19.56
15.7
18.22
18.4
14.76
15.42
12.03
21.67
23.58
22.3
22.66
20.53
17.94
15.85
11.51
17.3
25.92
27.76
25.52
21.27
21.22
11.16
19.82
27.2
29.84
26.97
21.09
17.78
19.23
23.43
25.94
22.61
13.45
9.64
23.29
25.53
24.91
25.58
22.91
11.64
14.06
18.48
12.97
7.62
11.46
19.44
4.88
17.33
20.79
19.34
14.23
11.73
17.22
19.2
9.05
17.42
24.25
24.27
22.82
24.11
25.22
22.9
6.92
12.91
-3.29
9.73
15.3
19.56
17.47
10.05
21.4
19.58
15.99
17.35
18.3
12.68
10.03
14.73
14.03
20.76
22.27
21.37
21.6
20.1
10.56
9.98
17.81
16.5
14.17
16.9
9.81
12.36
18.7
18.9
10.75
12.73
15.86
17.51
19.39
15.03
6.98
-11.77
4.1
0.58
11.69
21.23
18.93
9.46
4.91
10.35
4.55
3.35
9.83
0.09
18.2
22.78
21.85
17.85
15.95
19.72
19
12.57
10.32
7.64
13.89
12.28
7.67
17.5
15.37
9.15
13.34
15.3
8.84
-4.93
9.56
6.94
2.94
11.15
17.61
14.38
6.35
7.25
-10.81
6.03
-5.67
11.04
6.8
6.2
14.14
12.77
8.01
-9.14
5.65
7.52
11.2
13.59
12.35
4.13
4.04
9.22
15.65
18.82
16.6
8.84
11.93
14.6
22.81
15.3
17.39
21.32
18.7
7.46
18.48
14.1
16.9
10.26
10.69
16.92
22.47
15.17
19.53
19.21
13.79
13.25
22.45
25.08
20.93
9.68
16.72
-7.33
19.54
16.28
11.36
16.01
13.07
21.47
19.51
13.02
19.16
21.58
20.26
16.71
12.82
8.74
18.36
14.63
18.09
24.11
22.91
20.69
19.75
17.77
18.09
7.32
19.53
19.97
20.66
19.97
11.4
18.79
23.01
19.57
23.67
24.93
18.8
18.76
22.3
20.55
18.27
21.14
22.58
17.94
9.88
11.4
17.49
25.8
27.29
25.13
21.85
18.24
14.38
20.68
27.47
27.19
23.25
13.45
21.23
12.57
14.35
15.34
18.62
21.14
14.69
20.36
26.32
25.72
19.16
7.96
14.27
19.99
14.03
9.9
8.8
16.78
23.35
24.83
25.74
20.17
21.26
13.39
21.5
20.45
18.37
11.59
14.69
15.46
8.5
14.35
10.56
7.91
12.55
12.5
20.97
20.44
15.22
13.58
17.84
19.71
14.51
18.21
13.39
12.96
8.56
16.26
17.57
10.46
0.6
14.3
9.64
16.92
18.65
8.33
11.41
13.04
24.19
27.5
25.07
18.92
19.25
19.41
17.6
16.5
18.07
10.85
6.77
20.47
18.98
9.57
19.55
16.46
18.36
24.07
25.41
25.47
23.87
11.18
9.12
8.46
19.93
21.19
14.08
16.1
20.62
20.52
19.87
18.75
16.43
8.17
21.83
19.54
14.01
18.23
15.93
19.99
21.46
18.76
12.92
15.88
20.79
20.74
12.88
12.64
17.76
20.51
18.69
15.53
22.14
18.01
21.31
21.38
15.05
18.09
18.05
16.08
21.47
21.13
10.89
18.85
23.96
19.96
16.12
21.52
18.75
21.32
16.44
11.03
9.95
10.66
20.24
23.99
17.5
18.88
19.18
23.06
17.94
20.28
23.18
18.7
21.61
20.32
18.12
22.55
22.16
16.87
19.39
17.69
13.87
19.55
20.47
18.71
-12.45
18.2
25.55
27.15
24.58
17.69
7.56
17.9
22.86
21.02
16.68
22.43
24.19
22.3
7.62
20.82
20.01
15.85
16.84
22.11
22.32
20.31
13.36
15.19
16.09
17.73
13.55
18.68
23.51
25.42
22.61
21.68
16.25
20.21
22.22
23.14
18.41
17.78
9.55
13.03
12.79
11.3
22.07
23
9.78
18.27
17.2
21.28
17.38
15.24
17.6
15.18
17.67
4.18
15.66
17.73
20.53
18.48
13.82
15.45
14.54
16.78
20.67
12.05
9.98
17.3
17.74
15.44
9.4
16.69
24.55
23.42
10.95
10.21
18.53
22.23
21.16
8.43
16.03
18.21
18.76
21.17
21.95
16.1
14.53
16.36
13.09
19.69
21.73
17.48
7.32
12.18
13.25
17.95
15.06
3.67
16.23
21.38
21.9
19.22
16.29
21.29
23.42
21.93
21.29
17.62
5.47
5.06
12.43
13.75
8.83
8.88
10.84
-0.26
13.27
20.06
21.42
18.19
16.87
17.95
17.55
18.01
18.45
16.73
8.68
16.89
21.1
15.9
19.79
23.51
18.51
12.13
20.11
21.93
18.54
15.51
18.49
20.2
18.56
21.29
23.57
17.89
16.3
21.91
17.2
12.33
8.78
12.72
17.1
15.66
14.57
10.32
9.44
2.95
9.36
15.54
18.95
17.75
14.35
7.19
4.03
8.8
12.16
18.44
24.89
25.42
22.58
23.82
25.5
25.6
23.74
21.21
19.15
16.52
21.07
23.17
19.98
22.43
22.93
23.76
22.13
21.07
22.37
22.06
17.16
14.86
22
22.04
14.92
15.07
22.87
23.45
18.69
21.65
18.12
8.61
19.25
20.58
16.42
19.97
15.05
7.08
14.65
20.14
16.46
23.23
20.33
9.03
2.59
11.55
8.28
11.89
10.84
21.09
23.75
21.66
15.99
16.98
11.33
10.43
10.8
19.46
15.73
8.93
18.03
20.88
21.94
22.1
20.56
12.96
8.66
11.96
12.29
18.23
20.84
10.66
17.79
19.27
16.41
16.05
16.82
16.22
19.4
23.88
23.01
22.03
16.52
19.59
21.01
16.58
19.01
21.73
23.69
23.76
22.49
13.74
18.66
20.26
23.66
23.79
19.13
21.15
21.25
20.49
14.18
7.9
20.62
19.87
18.79
12.02
19.05
23.52
24.5
23.82
23.77
27.5
26.97
20.6
16.74
14.86
23.93
26.15
24.04
20.94
16.31
19.31
23.96
25.74
29.75
29.06
19.92
20.8
16.62
23.4
30.35
25.54
18.38
27.12
22.78
13.74
22.13
18.1
17.05
27.25
32.29
29.86
19.69
19.6
24.62
23.99
21.5
18.56
8.18
28.42
34.83
33.71
27.65
27.24
25.98
21.58
16.21
21.4
22.25
21.76
22.03
16.39
18.83
23.18
22.56
13.73
24.78
27.3
27.31
22.01
15.78
24.93
24.71
23.76
30.06
42.24
45.54
40.57
27.02
13.2
12.29
20.31
16.25
16.18
26.28
26.85
23.73
21.31
17.49
10.25
19.54
21.31
22.99
25.49
25.76
18.35
7.36
14.19
20.55
19.06
20.09
20.51
35.5
45.24
45.71
36.51
20.01
18.95
22.09
22.49
18.67
9.81
17.97
22.16
24.07
22.61
25.29
27
24.81
20.49
14.41
12.2
15.4
5.29
22.69
29.41
30.01
25.97
20.42
20.73
23.25
18.93
14.38
22.64
24.66
26.01
28.43
27.52
16.38
20.74
19.17
20
24.06
21.96
17.48
26.44
28.44
26.32
17.91
12.79
20.26
23.99
25.99
21.72
17.57
36.59
42.77
40.22
28.04
16.71
17.63
23.35
25.26
21.47
20.73
12.09
11.15
23.65
31.72
28.01
13.07
18.36
18.27
20.93
19.63
14.84
16.81
23.38
25.35
23.95
26.61
24.98
21.51
19.27
11.9
34.13
43.46
42.73
33.37
23.97
18.53
16.31
18.59
15.42
13.68
21.03
19.18
21.44
27.01
24.19
13.49
18.52
24.57
22.58
25.72
29.79
26.63
18.24
15.08
13.23
10.58
6.43
11.61
7.58
15.24
16.72
24.06
25.3
15.37
8.57
13.7
20.77
23.63
24.78
28.01
26.83
22.43
17.48
23.03
19.32
8.32
24.53
28.03
27.9
25.78
14.1
36.31
46.06
46.57
38.27
25.37
23.07
23.11
21.84
16.2
10.28
12.75
20.01
24.3
26.59
26.59
25.88
25.3
29.14
28.61
22.24
16.96
19.24
20.78
19.67
23.31
24.98
24.34
22.36
18.34
21.23
26.28
27.18
23.44
21.47
20.78
21.75
27.26
21.83
16.2
17.95
15.91
19.41
19.06
6.39
23.69
29.66
31.34
25.77
12.77
24.73
25.54
22.43
20.18
15.45
9.86
7.69
7.17
16.64
17.95
21.68
27.48
29.29
25.09
22.13
24.42
18.64
21.97
22.13
19.93
20.61
22.18
18.52
28.96
38.69
40.88
34.66
20.35
17.94
24.91
21.03
19.77
23.24
14.4
34.42
37.53
32.18
21.81
26.64
31.45
28.7
21.26
19.05
29.79
37.8
34.68
26.55
30.72
29.02
21.52
28.09
27
19.13
25.1
35.9
37.69
31.14
23.35
17.79
22.53
27.1
20.1
14.02
19.26
22.83
28.42
31.52
31.24
21.73
22.35
18.25
11.13
16.71
16.19
12.29
12.79
17.68
22.32
21.52
20.73
22.82
27.08
29.03
25.62
12.28
32.42
35.32
30.44
17.74
20.94
12.65
22.37
28.96
28.32
21.34
24.67
24.46
25.49
24.19
23.05
25.45
31.96
45.68
51.06
47.8
35.33
21.29
19.77
19.81
11.43
22.18
25.75
37.93
46.83
46.91
37.36
18.1
14.13
18.29
8.33
24.33
29.36
29.34
29.99
27.22
24.15
27.39
23.98
11.42
20.31
25.26
20.04
15.35
17.72
11.67
15.22
25.59
25.98
19.85
24.91
21.96
20.56
29.9
30.68
28.3
28.62
27.25
19.64
4.52
10.9
4.74
21.69
19.33
27.34
27.63
15.81
17.84
17.42
26.28
15.52
28.08
29.31
29.2
16.04
27.98
29.66
29.96
17.14
30.32
26.64
23.05
29.02
27.8
18.62
25.72
14.17
11.5
26.81
30.38
32.51
32.49
25.61
26.89
24.65
19.31
20.25
23.87
27.12
25.5
29.24
30.75
19.9
27.68
30.46
30.2
29.52
22.61
24.57
26.19
22.57
24.76
29.05
28.75
26.64
23.04
25.88
31.38
27.09
24.09
22.56
28.4
27.95
21.51
20.93
26.25
25.78
16.66
19.97
14.41
25.02
28.21
20.1
24.02
30.23
31.4
28.54
25.88
25.42
22.26
30.11
28.34
21.38
20.15
26.78
27.65
17.83
27.01
28.43
24.48
27.47
24.57
27.4
28.8
29.1
27.21
16.42
6.74
28.53
31.71
29.9
29.08
26.72
28.05
30.03
28.44
26.25
26.38
24.08
21.94
29.31
26.97
25.86
28.33
18.64
24.8
29.28
27.53
26.33
27.95
23.21
28.32
31.18
31.03
29.45
22
23.73
26.53
24.01
22.76
7.02
14.93
20.13
14.13
28.38
26.71
27.2
32.53
30.92
25.72
27.66
27.08
18.76
28.8
31.9
31.6
29.66
28.45
24.5
19.13
18.28
17.14
19.76
26.06
24.24
23.05
17.07
20.65
24.67
25.02
25.04
26.54
28.38
26.67
16.53
23.64
25.5
18.89
12.24
21.29
20.39
22.75
23.73
26.26
26.2
21.95
19.86
25.32
26.76
22.6
19.97
22.54
20.85
26.45
27.81
25.95
24.56
20.57
18.88
23.92
26.33
27.45
27.03
28.77
27.77
24.6
24.99
22.12
13.83
19.58
23.73
21.47
12.54
23.29
26.42
27.25
26.75
28.18
26.05
23.03
21.22
22.43
25.13
26.24
25.15
23.38
21.67
14.88
17.55
21.31
20.59
23.67
23.62
15.32
20.78
22.73
23.82
25.93
23.43
16.2
12.42
21.72
20.96
14.51
22.09
23.32
25.23
26.62
25.25
19.85
6
15.44
21.4
22.65
18.59
-22.15
14.55
14.11
19.18
16.4
8.68
8.75
19.12
23.7
23.8
23.89
25.53
22.8
16.21
11.68
13.54
19.37
22.17
18.15
23.83
23.49
30.49
31.25
25.19
12.59
23.35
27.28
27.92
25.26
26.2
30.32
27.42
26.98
27.94
21.17
28.44
20.67
19.95
17.69
23.91
22.76
15.05
22.29
25.72
14.31
12.23
17.34
21.13
22.35
25.06
8.79
24.5
18.07
25.01
27.21
31.06
31.82
30.63
27.12
21.02
23.08
30.68
31.18
27.01
21.61
28.83
30.04
29.47
19.43
27.7
28.11
21.45
9.14
11.95
20.91
23.84
17.35
27.08
33.32
32.09
24.56
17.72
19.96
30.91
30.28
23.31
13.51
13.37
19.31
24.42
25.31
11.98
21.4
19.24
26.06
11.33
33.67
38.54
35.47
7.29
27.54
27.85
23.59
19.55
16.13
18.11
17.55
13.58
20.95
22.83
21.59
12.22
25.06
30.24
27.81
7.69
16.33
7.93
23.68
24.74
11.39
24.52
23.54
23.83
24.2
18.94
24.47
22.39
17.79
25.92
28.26
28.99
25.52
15.9
23.63
28.05
25.06
22.26
20.39
23.32
23.08
19.93
6.48
18.23
19.78
24.14
21.9
25.11
17.91
-4.89
19.69
26.06
26.74
24.14
26.79
19.4
13.04
21.18
25.84
21.79
19.15
24.35
22.91
9.39
22.34
27.44
28.98
25.72
26.46
27.48
24.27
13.33
20.48
14.62
28.33
29.44
20.04
21.56
18.06
22.05
26.85
23.36
17.23
25.71
25.84
14.94
17.05
22.37
27.06
26.45
18.15
3.7
16.5
19.31
-5.64
14.02
11.33
24.85
27.19
19.65
17.11
26.28
29.76
23.01
16.27
23.69
18.59
20.84
22.45
23.03
23.03
22.33
25.88
29.33
30.29
28.32
20.44
23.06
26.14
19.35
16.61
18.79
13.31
22
16.44
6.2
14.53
18.84
16.78
13.55
19.11
18.97
16.99
17.31
22.36
24.29
26.71
25.28
18.49
17.43
26.32
26.06
20.58
18.52
19.52
23.82
25.52
18.76
15.73
10.42
17.25
20.17
20.67
22.07
21.53
15.3
15.29
5.01
-1.79
19.71
24.98
24.94
19.23
19.3
19.43
18.97
17.4
21.8
25.23
20.93
14.48
21.82
15.77
17.26
19.37
19.55
14.57
20.48
19.26
13.71
11.37
6.83
11.34
18.1
18.87
17.87
24.14
25.06
18.85
10.16
-5.15
9.78
8.7
12.86
-9.08
19.59
24.9
24.06
22.09
21.6
17.54
5.93
9.15
13.71
17.71
12.42
2.25
11.07
19.15
21.5
19.7
12.96
19.16
24.41
23.86
21.06
11.99
16.69
18
19.15
17.84
3.48
14.6
5.28
12.7
-6.93
10.23
10.64
6.73
18.35
22.62
23.42
22.1
16.24
15.81
15.38
13.17
18.84
19.52
18.83
21.63
22.36
20.66
17.77
11.09
16
5.83
18.84
11.24
16.71
16.6
15.5
22.81
22.88
18.7
2.71
5.77
12.3
14.58
7.15
13.93
16.26
14.09
12.38
15.8
17.56
23.34
22.34
14.74
10.07
16.32
16.6
8.89
12.11
14.72
19.74
21.94
21.87
20.28
16.64
11.29
23.6
24.95
23.47
24.6
22.22
0.25
17.19
12.71
9.87
16.91
22.39
18.51
10.12
17.63
11.13
18.67
14.71
17.09
16.98
19.7
17.6
21.19
18.33
17.98
20.2
13.94
19.41
15.63
6.44
11.02
13.9
12.42
19.65
17.49
16.24
21.01
13.03
20.02
9.88
19.92
23.48
17.91
15.57
18.99
19.88
22.67
17.92
14.08
20.32
18.08
20.32
19.09
21.93
25.77
25.48
19.12
15.1
19.23
14.85
12.39
16.82
14.64
5.93
12.14
14.62
24.39
24.03
21.29
17.1
17.86
23.59
22.57
16.64
16.4
17.69
14.08
1.79
19.74
21.86
21.77
20.95
14.53
21.27
25.05
22.57
17.01
17.87
19.1
18.7
8.41
18.57
21.78
20.67
19.82
24.19
25
16.51
14.36
19.61
24.07
20.92
10.28
21.59
21.68
11.8
7.95
14.71
12.9
20.73
27.5
28.07
25.15
19.13
1.85
20.06
15.82
17.27
25.21
24.06
17.14
26.68
27.4
23.12
21.85
19.56
23.85
27.89
23.24
16.96
25.87
21.43
13.48
19.76
7.42
20.36
20.35
21.75
21.67
11.26
22.89
19.38
16.44
16.17
15.88
13.15
13.85
14.45
23.01
25.49
25.46
19.31
18.95
22.38
19.77
20.83
22.83
22.5
19.83
17.48
23.89
23.95
8.37
15.99
10.72
11.02
18.5
16.1
10.08
10.59
6.17
18.76
24.28
23.86
19.03
24.02
23.47
22.06
24.59
23.26
14.94
24.75
23.81
32.59
38.61
34.74
27.65
25.44
19.64
19.79
18.42
16.61
15.7
15.44
10.75
12.93
17.82
16.42
15.93
5.66
9.99
14.62
19.22
13.85
9.81
17.25
17.26
14.08
22.38
25.87
24.18
9.66
18.43
21.29
19.83
6.96
16.58
17.05
14.68
11.6
18.17
15.63
13.09
16.39
-9.93
17.68
19.49
17.98
13.01
20.7
16.76
-3.62
18.13
21.81
22.56
19.93
17.16
12.18
11.67
16.71
18.13
14.18
13.58
18.8
19.81
9.79
15.85
20.44
22.6
22.65
16.89
3.57
13.98
19.29
16.54
5.81
14.27
22.11
19.42
3.7
19.02
21.02
19.08
21.5
24.24
25.07
18.5
19.81
24.58
21.42
15.7
21.7
20.01
16.98
16.27
16.02
17.62
9.8
13.59
19.26
17.94
13.67
15.74
17.3
5.51
22.14
22.68
20.36
17.79
14.39
18.37
16.02
10.91
21.04
24.18
20.42
13.36
15.57
21.74
24.72
21.43
21.44
23.22
22
21.67
18.34
15.58
14.49
10.59
13.66
17.09
10.49
17.44
9.11
19.98
20.51
14.8
19.07
19.94
23.12
22.5
18.78
21.33
18.97
14.81
22.56
15.79
20.74
19.1
21.87
17.88
19
18.45
10.47
13.81
20.54
20.52
23.47
24.84
19.99
14.81
10.54
22.53
13.41
21.83
23.22
12.09
18.09
19.27
19.81
20.31
19.91
19.38
20.4
20.94
16.92
8.29
20.34
20.32
18.47
15.89
12.89
11.22
18.02
20.32
20.54
21.57
18.92
18.4
21.58
22.75
24.4
22.98
10.64
19.7
21.91
23.04
22.43
16.5
16.65
16.76
9.73
22.39
21.24
19.75
19.17
13.75
15.54
6.31
17.04
18.76
14.6
16.14
16.07
16.62
21.55
22.15
15.74
19.13
14.18
10.01
10.48
-2.89
9.76
9.62
-32.15
9.77
14.24
16.63
21.85
21.04
-0.73
17.4
17.55
16.33
15.37
9.82
21.39
22.45
20.26
15.35
4.55
16.26
22.76
21.57
15.5
15.61
20.93
16.7
14.98
22.98
21.63
14.38
20.05
17.54
13.8
11.73
15.21
12.9
14.48
14.67
18.43
17.12
11.54
10.88
5.78
5.43
-1.5
8.62
6.44
9.08
1.68
11.39
19.81
17.54
11.03
18.02
19.41
20.91
18.67
11.7
13.41
12.02
14.44
19.07
18.57
15.77
20.1
17.98
17.72
18.38
14.59
8.02
16.85
10.59
0.25
2.88
17.55
18.88
17.19
20.21
20.79
19.04
17.09
18.17
16.11
11.6
12.28
10.84
12.26
13.78
13.61
7.16
12.05
15.14
19.37
23.45
22.69
16.98
16.08
16.31
15.67
18.28
19.81
18.81
15.68
16.18
15.67
12.79
17.36
21.1
21.53
18.48
18.18
20.1
17.06
5.05
7.18
17.53
17.21
11.63
10.63
13.33
17.79
16.06
8.74
5.05
0.94
2.64
11.33
16.93
20.19
21.54
18.77
12.68
4.49
16.06
18.76
10.37
-8.87
18.29
23.33
20.19
12.73
13.88
15.76
15.37
14.83
1.5
18.35
19.84
19.72
19.58
16.69
14.52
16.95
9.3
8.8
10.96
11.64
14.45
11.26
7.95
18.57
19.26
10.72
10.32
3.6
11.48
13.67
9.89
7.74
14.56
17.2
11.14
16.2
18.74
9.91
6.81
12.93
13.28
9.59
16.96
11.66
11.06
16.83
17.76
19.49
17.08
5.32
16.73
16.29
14.85
17.75
16.91
12.33
12.6
13.67
11.39
6.04
-2.94
4.31
13.24
18.86
20.1
12.2
5.16
7.64
14.61
9.75
6.85
12.84
13.49
2.31
-3.96
12.27
7.19
14.79
17.65
9.53
12.61
11.14
4.7
5.4
6.59
14.16
18.27
18.75
16.63
14.75
15.84
10.55
10.97
9.35
8.76
8.81
-3.08
8.2
17.93
18.67
17.16
15.76
6.41
11.95
7.17
3.23
12.04
16.15
16.57
12.69
4.53
13.82
10.74
6.89
9.59
14.96
11.29
11.53
15.9
11.2
7.56
11.97
11.59
8
6.96
2.43
6.52
10.92
10.25
20.01
23.1
19.7
15.44
18.3
20.18
17
10.82
14.51
7.51
13.51
16.69
13.89
9.97
21
17
13.9
16.44
-0.82
18.76
21.04
17.49
12.82
15.67
18.24
14.37
8.25
13.98
7.76
16.87
20.79
22.35
22.08
15.53
19.2
18.66
20.46
23.01
21.39
17.82
7.44
15.5
19.31
13.58
5.82
10.71
16.27
17.62
16.11
11.46
10.83
10.37
19.91
21.17
18.9
17.94
23.09
22.97
10.33
14.08
7.61
15.48
12.39
12.81
21.08
19.13
12.51
-5.26
9.62
16.1
16.86
18.69
21.48
20.93
14.14
6.86
9.92
9.15
7.86
12.29
10.18
18.05
17.97
11.71
15.29
17.96
15.95
8.69
10.5
13.49
20.85
16.44
1.84
0.39
10.29
20.35
22.52
21.11
19.75
17.3
10.95
13.96
8.22
14.5
13.95
16.06
17.59
18.52
16.06
7.96
9.78
9.68
16.73
12.89
8
17.2
14.02
6.46
14.72
12.47
13.68
10.22
10.52
9.13
14.43
15.05
14.06
18.3
13.58
14.56
21.05
19
10.24
16.16
18.2
14.49
8.26
15.02
9.55
1.11
9.38
12.71
13.36
14.01
9.78
8.64
16.17
18.72
18.29
17.98
13.24
7.35
15.14
15.22
10.71
11.3
13.01
12.27
14.56
10.5
2.32
8.24
11.35
12.1
10.76
3.05
16.43
17.23
11.51
16.24
19.35
18.96
17.02
6.26
16.2
7.91
9.83
16.5
18.83
14.66
9.56
13.54
17.2
18.17
16.1
13.78
9.17
11.82
14.47
15.28
19.51
15.59
7.02
12.88
18.89
17.85
16.82
17.26
16.24
14.77
8.83
13.37
16.02
15.81
17.03
13.26
10.66
12.81
10.89
15.37
16.94
14.39
12.87
15.57
-2.6
13.85
19.79
21.44
15.86
2.65
13.82
3.64
13.45
11.99
10.25
19.6
19.11
13.23
1.97
-0.63
16.6
17.43
12.92
13.61
16.19
18.25
19.08
23.88
23.92
21.58
20.97
18.6
15.95
14.68
14.95
12.21
4.35
11.25
13.84
4.06
14.43
16.47
17.68
21.03
21.31
20.29
18.56
15.03
9.74
10.51
12.64
15.16
13.41
4.42
15.48
17.56
10.6
13.73
20.36
20.45
16.52
12.82
8.26
15.81
17.34
16.96
17.08
16.61
17.36
14.33
5.55
11.58
15.55
15.78
17.52
12.97
11.74
3.3
3.8
11.64
10.88
11.16
13.67
15.33
17
13.67
11.43
15.26
14.73
4.25
10.13
4.75
15.06
20.19
21.84
16.85
2.08
13.59
16.17
12.3
7.48
8.54
8.16
14.38
14.83
4.73
10.69
14.76
5.45
12.23
15.43
20.33
20.17
17.29
16.64
10.86
17.13
17.56
14.87
-2.15
16.71
19.59
7.5
16.49
19.37
15.57
-11.35
11.69
6.62
14
20.81
21.64
15.8
2.54
13.46
12.31
3.52
17.14
17.54
10.06
6.38
13.45
14.5
18.61
17.13
14.66
14.05
17.37
14.81
17.73
21.16
19.32
19.79
13.22
13.03
10.2
12.34
12.08
13.36
13.35
12.97
14.92
13.99
11.05
10.79
19.9
18.51
9.57
8.86
13.65
19.01
18.87
15.48
11.72
9.54
5.34
13.08
14.9
12.46
8.64
7.82
14.34
15.5
12.52
3.84
7.72
17.64
21.59
19.45
17.64
15.6
14.15
20.14
13.29
17.58
19.91
16.25
12.14
17.12
18.99
14.37
13.66
5.84
15.82
21.93
24.18
20.12
11.12
12.59
9.93
10.73
12.58
10.53
8.94
12.49
20.91
17.92
9.19
20.39
17.25
14.97
21.23
20.41
16.71
3.97
4.02
11.01
15.29
13.69
17.84
16.65
9.4
7.49
9.68
9.36
10.65
13.48
8.77
10.48
11.36
5.1
12.59
11.44
13.08
10.02
16.51
14.57
9.38
4.53
-3.49
-2.34
9.54
8.78
12.68
15.25
14.18
15.3
13.55
10.39
15.33
11.06
17.05
19.16
14.84
7.52
9.37
5.73
15.88
19.34
18.71
16.07
12.69
13.71
16.71
5.79
14.47
1.71
17.59
13.92
8.84
16.67
15.73
18.74
16.88
13.62
6.82
6.28
-2.01
3.22
8.25
16.09
14.85
9.24
13.42
11.21
11.04
10.27
9.14
18
11.47
18.26
17.32
19.08
21.63
16.44
13.28
12.22
18.79
18.2
10.76
15.68
19.08
14.34
7.41
10.41
6.31
11.89
14.18
19.05
15.4
12.13
18.53
18.82
18.06
18.94
12.67
-1.1
8.98
17.34
17.2
20.59
22.24
19.92
14.34
13.11
18.08
18.07
17.71
19.29
14.97
13.27
12.62
12.86
7.34
-2.81
6.05
12.43
17.34
14.61
11.13
6.61
15.56
17.53
13.69
14.21
9.08
9.47
9.19
6.71
13.12
12.63
12.17
18.66
16.35
12.92
16.14
8.44
12.78
13.15
17
17.93
15.03
13.21
15.01
15.61
17.18
11.55
12.02
19.13
17.54
12.99
15.29
14.52
11.62
17.83
18.54
18.33
13.28
15.71
17.34
16.12
13.24
8.03
11.15
14.77
14.06
3.84
7.51
8.77
3
8.88
7.19
15.92
16.66
16.25
14.54
14.62
14.13
12.59
14.55
13.1
14.14
15.33
10.44
13.69
18.2
16.9
10.24
2.72
11.74
13.01
15.95
17.9
18.59
15.71
11.51
15.59
16.78
13.88
15.02
12.64
15.38
17.2
2.56
14.07
15.56
17.52
20.56
19.51
11.18
5.73
15.48
17.51
18.97
21.22
16.8
12.02
15.54
12.48
11.28
10.83
10.24
14.17
16.93
19.7
19.42
15.77
20.06
21.8
20.17
20.86
22.36
23.19
21.31
15.84
4.22
10.35
9.27
7.52
13.42
16.34
17.43
14.06
5.43
16.37
16.21
16.73
17.16
17.11
17.9
17.75
16.74
12.89
13.94
10.1
8.13
11.01
-0.61
13.54
14.9
8.33
2.88
4.47
15.55
16.59
12.47
10.97
13.69
12.16
9.51
13.88
9.59
14.47
18.24
19.29
22.19
17.23
3.4
11.59
16.11
20.23
21.56
18.61
12.14
8.73
8.55
12.92
0.88
16.68
15.6
13.38
19.98
20.87
21.92
21.04
17.61
16.72
13.85
9.54
14.13
11.03
19.02
21.15
19.09
13.27
11.04
17.06
16.22
9.68
14.14
16.73
5.29
7.3
3.38
4.15
8.46
14.87
20.07
16.62
15.8
17.08
15.56
13.39
13.21
-2.01
14.35
17.37
17.47
19.34
21.47
21.12
19.38
14.11
8.67
13.82
16.75
15.31
14.09
10.19
8.08
8.55
14.63
17.83
12.53
6.92
5.64
14.84
13.3
10.91
12.75
9.37
11.94
15.95
9.77
4.26
10.75
9.37
15.68
19.27
20.1
21.08
22.73
21.72
21.13
21.39
20.51
18.97
12.25
-1.09
9.22
15.71
17.16
11.09
9.61
19.84
19.57
16.17
13.23
13.77
6.94
11.79
13.59
8.18
16.74
18.62
20.66
21.52
12.55
13.3
16.08
11.57
11.87
13.87
16.4
13.22
7.33
15.8
17
8.91
11.06
5.2
16.59
17.87
14.64
10.43
17.65
13.71
15.44
21.75
22.7
17.91
10.53
14.69
11.52
9.28
-3.37
14.38
14.87
9.79
8.28
10.3
-8.88
10.96
11.25
9.69
17.94
4.67
19.1
18.67
10.55
13.55
17.27
15.72
16.01
18.35
14.4
11.37
5.85
8.36
9.99
7.96
6.97
14.85
18.9
17.67
10.5
12.62
13.27
3.26
14.67
12.52
-1.46
-13.79
13.72
15.37
14.17
16.02
9.07
12.8
10.83
6.76
12.83
13.11
11.76
16.16
11.98
8.42
12.97
16.49
16.71
7.94
12.36
12.86
8.32
4.78
13.91
15.57
14.69
16.09
-0.52
8.77
15.44
14.42
-9.31
7.99
15.17
15.67
-4.79
15.32
16.72
17.53
8.94
10.4
4.74
7.21
9.72
12.37
9.79
10.72
7.48
12.85
18.24
16.56
17.64
16.27
10.26
14.61
15.3
14.63
9.78
11.17
12.14
11.76
11.56
15.99
6.37
9.88
7.85
11.72
12.74
10.33
1.34
1.66
-2.59
6.7
12.37
9.23
16.51
13.43
14.98
13.12
14.34
8.19
10.64
11.42
8.84
14.07
15.85
16.04
12.84
6.4
6.9
9.42
11.92
17.9
19.04
15.77
6.95
6.64
6.91
-1.98
2.78
0.78
11.48
16.4
16.28
16.56
18.98
17.78
11.78
14.39
14.36
12.65
10.18
12.76
15.72
13.78
12.23
10.98
3.35
6.42
13.76
11.27
1.88
-0.51
15.52
20.7
19.36
15.84
15.66
12.56
2.28
11.61
12.35
11.06
18.74
16.17
7.54
17.67
14.15
16.26
16.81
15.84
11.72
9.94
13.95
15.15
11.67
4.46
8.56
13.46
8.58
2.45
8.65
19.24
19.91
14.34
8.81
5.09
10.1
11.38
10.82
7.08
2.25
5.45
4.28
14.76
15.86
9.34
-0.27
-3.39
10.52
15.65
15.7
13.52
11.66
-5.42
13.95
16.67
12.11
9.92
14.76
18.5
19.7
18.2
9.17
12.69
14.99
14.82
15.29
15.9
16.03
10.69
6.63
4.51
7.87
7.07
8.74
-4.17
4.11
7.65
8.73
12.23
13.99
13.94
11.32
15.21
8.35
18.13
19.01
11.18
7.44
11.77
-6.35
15.25
18.15
12.43
10.53
17.28
15.36
-9.76
10.32
15.41
15.65
14.79
15.67
11.6
6.03
7.3
12.25
15.18
13.4
3.74
6.11
12.35
20.38
19.32
10.89
14.14
10.17
-3.59
10.33
13.72
5.06
8.92
7.21
2.77
9.98
2.8
4.16
14.09
14.43
9.97
10.07
8.86
15.44
15.03
10.66
17.21
18.61
15.99
15.06
12.45
14.89
16.41
5.72
14.67
4.65
16.91
14.67
3.55
7
8.46
5.87
1.89
4.22
8.96
3.54
-4.79
-2.05
9.27
13.37
16.24
11.01
1.71
2.33
8.31
9.91
13.83
7.15
10.84
6.51
4.55
7.27
0.58
9.15
14.6
17.08
14.55
14.46
17.69
11.57
13.06
9.67
10.95
11.55
6.22
-0.22
3.14
8.4
15.24
12.02
4.98
11.74
1.82
11.56
7.04
11.7
7.89
4.5
9.39
11.44
12.14
18.21
12.23
16.91
17.81
6.3
17.8
15.95
10.39
11.58
8.25
9.63
4.02
1.55
5.46
14.26
16.26
16.3
17.3
14.31
10.04
17.18
15.36
10.95
0.14
7.27
9.75
2.09
11.84
14.71
13.97
12.63
11.63
13.24
14.57
11.02
6.3
12.47
13.64
15.74
14.94
-3.72
0.21
12.85
17.75
15.93
11.11
12.48
9.19
13.28
16.47
13.98
11.27
8.57
-4.61
11.81
15.98
9.97
5.37
0.02
4.22
12.16
13.18
7.64
2.28
12.12
8.22
15.24
14.72
7.7
16.11
11.69
15.19
16.87
14.75
13.72
8.55
-6.05
6.91
14.25
14.32
13.32
10.73
5.16
5.06
-0.67
2.45
5.11
8.4
-4.98
9.16
13.65
14.37
7.59
6.62
6.17
11.3
10.49
10.66
12.33
15.08
16.27
15.97
16.39
17.05
14.39
8.07
7.36
10.93
-1.87
11.21
13.53
14.67
15.26
10.28
7.1
11.26
12.73
9.61
1.24
11.62
14.6
12.25
7.01
2.55
10.4
13.7
14.79
17.6
17.8
15.22
17.35
18.29
16.06
14.43
12.95
17.84
14.11
-1.92
8.44
11.17
-0.28
11.57
14.68
16.48
18.78
17.21
15.03
15.14
16.6
17.96
17.16
14.83
11.85
11.64
16.16
16
13.88
9.23
7.93
2.42
8.33
8.01
4.4
7.69
14.2
15.25
4.19
10.86
11.44
7.83
-0.86
1.42
5.74
7.65
9.79
14.5
16.16
9.97
5.36
8.38
-3.16
-1.35
-16.46
6.02
8.71
11.75
14.84
16.68
12.91
10.81
9.65
15.32
15.29
15.47
18.17
15.35
11.06
14.01
13.25
10.7
12.31
13.69
15.09
6.38
12.07
14.17
10.71
-0.93
9.49
13.92
12.91
12.84
10.17
11.86
13.08
16.43
17.12
11.45
8.82
8
12.6
15.51
12.64
5.77
-8.13
4.55
12.01
9.57
8.53
10.89
8.12
16.8
16.91
13.04
2.62
-0.45
5.27
9.89
15.25
18.78
15.36
9.42
10.26
13.07
13.04
15.31
17.92
14.87
-3.1
3.65
12.22
11.74
3.04
13.38
7.95
11.03
9.59
5.48
11.94
15.35
13.29
6.15
6.2
7.2
12.23
9.11
5.23
13.34
10.91
8.23
13.42
14.4
13.67
-8.21
2.3
14.88
15.37
0.12
13.87
17.07
18.02
14.64
17.48
22.32
19.74
14.09
13.92
14.07
15.95
13.83
0.87
5.44
8.79
-0.9
15.26
12.21
11.66
13.63
16.08
16.65
10.17
7.41
2.98
13.17
17.09
20.21
19.64
6.06
7.47
12.81
15.54
14.28
10.79
6.75
12.21
-11.89
19.03
21.47
17.12
8.84
5.18
8.1
10.57
4.41
11.36
8.32
9.83
9.83
12.5
8.54
15.06
15.75
6.43
10.81
13.55
17.68
16.37
2.16
8.88
8.07
12.23
14.11
12.62
-15.29
1.85
12.95
-1.96
12.51
10.88
4.42
10.19
15.11
15.31
16.92
16.25
14.46
12.64
8.83
8.15
7.07
7.07
4.94
12.35
13.91
4.73
7.9
-10.85
1.04
12.41
14.46
15.4
3.88
15.31
2.59
16.92
16.87
13.63
10.24
0.38
8.34
0.01
13.69
10.78
3.18
7.57
9.57
13.88
7.83
13.86
10.43
9.12
14.28
14.46
11.39
5.08
10.5
15.04
16.25
17.04
13.26
14.48
14.89
11.94
5.92
18.22
15.03
13.06
8.62
12.25
12.23
13.54
17.55
14.69
12.64
11.97
12.38
13.62
-1.62
10.21
11.84
8.39
14.47
18.07
14.81
-0.44
7.04
2.19
14.45
7.27
14.59
17.59
16.56
16.51
14.78
7.08
2.36
5.19
11.48
-2.99
12.12
18.28
10.36
13.22
12.17
13.94
18.48
17.24
11.52
8.68
5.09
-1.24
10.8
11.48
6.76
8.76
16.77
17.19
12.61
4.01
11.77
12.06
9.36
13.03
4.9
14.65
13.27
12.32
5.64
-0.27
12.09
8.42
10.16
12.75
15.05
5.48
11.06
4.78
10.08
8.66
8.26
7.03
13.01
14.59
14.72
11.61
3.21
11.77
10.54
10.34
15.98
18.91
10.93
10.81
15.38
17.81
18.35
10.07
7.4
11.16
3.31
1.21
7.61
-5.53
12.74
10.5
11.31
3.04
10.9
8.17
8.12
10.73
12.06
16.84
18.33
14.36
13.56
9.84
5.24
8.09
10.74
2.02
9.63
14.23
16.13
11.62
-7.4
11.91
16.3
16.22
9.84
5.16
13.92
14.65
3.01
6.23
14.46
16.12
16.47
17.82
17.28
12.39
14.21
17.99
13.39
9.35
13.77
10.59
14.3
14.4
13.42
8.76
1.82
11.75
15.12
16.63
14.92
7.37
8.79
15.07
10.32
12.9
16.32
14.13
13.42
12.45
13.74
16.08
10.73
-0.8
-10.34
2.01
15.11
18.34
16.47
14.82
9.64
3.64
8.83
14.66
15
6.8
5.52
9.88
8.39
11.88
14.4
16.63
16.9
12.35
11.47
8.74
9.89
17.4
17.76
15.79
2.72
8.94
12.64
19.23
18.78
11.1
-1.21
7.77
13.04
13.32
12.14
10.69
10.06
1.5
10.26
6.87
2.96
9.74
11.38
9.52
0.47
12.12
12.4
11.34
18.35
18.81
16.15
12.1
11.4
12.35
16.39
18.84
17.98
12.81
9.4
12.74
12.21
15.38
16.98
12.45
-8.39
8.79
10.35
5.02
11.27
6.25
14.49
16.48
7.89
2.21
9.46
4.43
8.35
10.44
13.09
18.23
15.96
15.9
4.48
16.36
16.51
11.21
9.59
17.41
18.96
16.3
8.93
11.42
9.32
17.54
18.74
17.91
10.23
4.72
11.71
0.87
6.99
11.88
6.51
10.45
12.15
11.9
14.28
15.64
14.46
8.31
10.2
11.17
-4.32
12.89
14.99
14.75
14.22
13.63
12.61
12.92
15.74
16.85
15.52
3.24
8.61
8.18
7.92
15.12
10.04
3.37
5.86
0.68
13.5
14.31
5.71
10.6
4.09
10.2
16.66
19.48
20.57
17.53
13.58
14.13
11.14
7.27
6.69
10.27
10.78
9.28
16.83
21.31
19.98
17.62
15.9
16.68
15.6
12.28
9.06
6.96
14.03
17.03
16.97
9.36
12.56
16.21
9.95
12.16
12.86
4.47
1.96
8.67
4.63
15.58
20.94
18.85
8.96
6.57
14.38
14.35
8.96
8.47
15.42
14.26
13.43
16.26
13.64
11.46
10.38
12.83
12.71
6.57
9.2
1.87
5.75
6.19
12.67
16.89
17.66
13.69
2.39
12.28
12.85
7.25
9.36
16.02
14.86
12.8
8.34
9.34
11.67
7.27
13.6
13.12
6.23
15.5
3.92
16.08
16.9
11.07
0.42
7.08
-0.8
4.62
3.17
17.26
18.36
15.03
13.1
16.23
18.47
15.85
4.81
3.19
2.94
13.65
16.61
14.88
15.18
15.45
10.46
15.8
12.54
-3.46
5.72
15.31
16.31
11.54
7.82
-2.43
3.18
6.32
10.26
15.26
18.68
16.97
8.77
4.51
5.1
4.56
14.3
15.32
12.54
9.79
10.84
7.96
11.22
7.6
9.32
10.68
4.82
4.9
5.05
5.07
6.96
11.44
8.1
6.77
-3.49
11.31
16.11
15.83
14.54
17.22
15.91
9.84
10.51
7.49
10.23
12.13
14.4
14.99
12.31
-1.21
8.41
2.61
16.54
16.52
4.66
9.67
10.12
-13.2
5.89
7.88
5
6.67
15.29
14.27
4.77
6.38
11.96
15.08
17.14
15.92
13.19
12.42
15.69
19.04
18.83
15.66
15.15
16.59
15.56
13.23
13.54
13.93
11.99
8.52
8.79
8.11
2.93
8.91
9.14
-1.49
8.7
6.99
7
14.54
12.94
3.35
8.44
14.26
13.23
9.18
9.22
12.23
17.86
19.45
14.94
5.85
-0.86
-3.04
14.08
17.69
17.43
11.76
2.49
2.57
6.66
10.12
13.67
11.81
9.27
11.3
10.49
12.26
12.29
10.01
12.14
10.92
6.38
4.64
13.24
14.3
8.41
9.41
11.73
4.13
-5.08
2.7
11.08
13.52
13.25
12.88
14.26
12.7
3.51
9.4
14.07
15.78
17.25
16.07
14.4
16.88
12.55
5.1
4.73
7.15
10.64
13.3
13.24
10.86
10.25
6.06
7.51
8.19
9.03
11.75
5.38
10.98
17.8
17.12
14.04
12.96
10.34
8.24
11.95
12.38
13.16
3.7
-3.64
8.88
12.4
14.14
13.06
10.53
13.93
14.37
15.87
15.43
14.32
10.77
4.89
4.36
5.77
8.98
1.53
1.87
1.33
0.65
11.46
12.34
11.95
13.88
10.42
10.84
13.19
10.74
11.82
12.17
14.25
14.93
7.05
10.55
3.98
15.03
17.19
12.26
-3.56
13.78
20.54
20.61
13.96
-0.09
1.02
1.44
10.73
14.3
17.4
18.61
16.09
8.52
17.38
18.95
16.03
13.37
14.96
15.86
13.82
11.24
9.6
12.72
14.13
14.9
12.59
10.17
10.5
10.84
6.83
-0.05
-15.08
-9.15
13.97
19.32
16.98
15.27
17.15
17.77
17.21
15.06
7.66
1.73
8.32
13.89
13.49
14.68
15.69
13.03
14.95
19.48
21.96
21.04
20.08
18.63
11.61
12.32
14.33
15.51
13.95
5.96
10.5
11.42
10.6
12.29
13.59
5.5
14.04
21.45
21.88
19.02
17.08
18.07
18.6
17.66
17.98
18.17
17.77
18.9
16.84
9.68
6.72
12.48
11.84
7.84
11.93
13.84
11.03
13.44
13.07
14.73
15.6
14.6
14.14
11.8
10.94
7.97
6.84
6.82
6.98
11.57
15.29
16.56
16.42
14.62
9.52
9.2
13.94
14.91
10.88
-2.04
13.36
14.81
7.26
12.33
5.63
12.02
16.83
13.67
5.97
11.01
18.46
19.74
17.26
10.51
13.78
16.69
12.89
9.7
14.33
13.92
17.21
18.82
15.37
3.8
7.85
12.79
9.76
3.2
11.4
17.2
16.45
13.95
14.44
11.1
14.67
16.77
15.41
7.74
16.31
18.25
13.96
-2.32
8.49
4.42
12.02
13.37
10.67
3.13
5.45
7.94
13.63
14.65
11.89
12.1
11.89
14.99
12.14
18.4
21.45
21.02
14.55
5.58
5.92
11.48
3.63
9.15
14.27
8.77
12.94
16.47
19.87
19.34
14.93
6.24
-0.14
2.83
12.17
13.3
13.07
6.04
7.49
11.22
16.76
17.74
14.81
13.27
13.6
12
18.11
21.07
18.61
12.38
14.89
16.97
16.44
11.52
4.49
-2.45
11.17
9.05
8.4
15.54
14.77
7.18
9
14.03
7.19
3.47
10.05
12.25
9.15
6.97
13.94
12.89
8.08
15.36
11.69
4.2
2.84
1.82
4.45
11.33
12.06
14.06
13.57
15.09
14.47
-2.65
18.15
19.71
15.3
13.14
11.22
16.3
19.96
17.47
13.83
19.49
18.09
15.49
13.46
7.62
7.49
6.37
15.82
19.67
17.03
2.34
14.86
21.18
21.78
16.46
7.71
5.78
16.14
19.59
17.08
13.32
14.08
10.65
12.44
15.03
16.82
17.45
16.17
10.43
4.42
10.35
6.89
5.03
4.63
4.1
10.41
3.15
11.75
16.1
15.2
13.53
13.15
9.82
6.33
-1.72
5.11
7.69
13.35
15.59
16.45
17.15
14.52
7.61
15.84
12.62
4.16
8.87
8.46
