8.06
9.24
15.22
13.13
11.81
12.21
9.56
7.83
7.57
1.48
-5.3
6.19
10.36
5.5
-0.92
4.73
7.96
9.69
10.45
7.03
-4.09
1.5
1.88
9.53
10.6
12.36
11.72
15.2
16.47
16.57
17.1
15.04
10.28
8.22
-12.85
14.42
16.94
11.51
7.12
14.38
8.99
9.99
8.15
7.07
13.97
15.29
10.32
4.84
6.87
8.6
5.31
2.42
4.58
3.25
4.52
-1.46
12.85
16.36
15.32
9.03
-20.5
2.79
3.14
0.83
9.84
15.41
12.51
5.36
2.26
-6.43
-2.29
-0.13
6.82
12.82
14.21
11.62
7.14
10.1
12.3
3.87
-14.28
-3.64
0.02
2.6
9.92
8.35
4.91
10.75
8.71
7.64
11.4
10.02
3.25
-0.12
5.27
6.55
12.8
15.43
7.39
-1.31
8.02
15.42
15.61
5.45
-9.09
-4.56
-0.23
12.06
10.85
9.37
11.81
12.91
12.7
7.29
2.52
0.9
4.77
8.03
10.06
11.83
10.12
1.16
11.36
5.65
2.4
-12.45
10.05
12.45
12.98
13.18
6.77
4.81
14.31
12.47
6.9
13.74
13.98
14.98
7.25
10.81
12.27
6.56
-2.5
3.29
-1.88
9.4
11.71
9.24
-1.27
6.72
7.49
9.48
9.13
14.31
13.52
8.21
10.42
13.62
16.25
15.58
9.23
8.71
14.28
11
10.38
11.89
7.03
1.97
1.78
9.62
9.52
11.38
15.33
14.12
-1.89
13.75
11.86
6.15
9.49
6.76
7.85
12.82
7.38
2
2.12
7.54
9.03
11.99
11.81
3.72
14.18
14.65
13.11
9.98
4.03
2.19
8.55
10.62
8.12
14.6
17.45
15.18
15.02
14.81
12.1
-0.83
-2.72
10.69
14.13
5.28
-4.68
7.95
12.55
9.73
-2.78
5.97
7.57
6.1
6.76
15.37
13.28
11.45
8.46
-4.51
7.95
8.92
0.99
13.13
14.07
12.98
9.03
6.77
2.53
5.17
8.43
13.74
13.46
-1.44
13.07
11.02
10.48
14.84
14.09
9.84
3.3
6.86
12.36
13.53
13.66
14.22
13.66
7.5
3.52
11.86
13.57
7.02
-6.66
-20.53
1.03
6.06
9.08
9.45
5.65
12.54
13.82
16.08
13.4
8.2
6.87
9.67
5.28
10.62
10.78
10.73
10.93
8.19
11.31
4.98
0.96
4.3
12.35
15.72
14.28
9.51
-1.52
8.68
11.53
11.33
13.84
13.18
15.23
13.38
10.12
10.98
4.12
-6.72
5.65
13.32
18.62
17.21
9.75
4.87
5.39
10.81
6.06
3.22
7.92
7.55
7.37
11.95
12.91
11.66
8.37
5.14
4.44
7.28
6.68
-1.57
5.94
-6.61
4.56
11.07
15.2
14.45
12.72
15.15
16.28
12.45
-5.11
7.31
8.54
5.92
4.51
10.19
14.06
16.19
11.98
0.61
7.53
-2.98
3.79
3.32
10.28
11.69
10.12
6.78
3.93
2.92
-2.12
9.96
6.03
4.33
7.07
5.85
12.39
15.8
12.76
10.15
11.85
9.72
1.89
4.26
7.96
8.94
17.6
16.85
7.71
9.71
11.26
10.84
12.63
15.24
13.48
8.4
13.03
15.52
15.55
12.78
7.6
12.33
9.09
10.45
12.18
7.52
-0.9
-0.9
4.73
9.06
6.63
-3.2
-4.68
1.82
11.01
10.42
6.54
11.46
13.27
11.72
13.08
11.49
1.77
10.21
-2.74
8.43
11.46
10.21
11.38
7.42
1.27
-0.35
3.77
10.25
3.56
2.82
8.96
13.56
14.6
15.63
10.93
-2.77
-9.71
9.5
12.58
8.07
0.24
12.41
12.88
11.35
9.14
-5.67
10.41
9.61
-6.66
-5.81
8.94
13.35
14.67
12.89
9.19
8.5
3.09
6.61
9.14
9.96
10.85
9.7
3.92
8.36
3.66
10.05
10.26
7.41
11.6
16.42
15.74
13.59
12.21
7.33
11.1
12.99
9.07
1.57
11.5
9.99
9.51
12.87
12.11
4.8
6.09
13.23
9.58
2.48
6.98
7.64
3.19
7.85
0.21
12.41
13.55
5.09
7.34
11.04
6.24
-4.64
11.38
14.8
11.86
11.86
3.62
7.03
5.25
-9.3
-4.3
5.66
4
0.3
7.95
1.77
7.74
8.46
11.9
12.07
14.55
16.67
13.9
8.08
-5.11
-10.1
6.62
10.44
-0.01
11.79
12.27
10.01
2.01
5.79
13.34
17.56
17.5
16.4
16.77
11.29
6.8
11.49
13.65
15.31
16.28
15.86
16.73
15.96
14.7
12.82
10.87
11.01
13.76
17.16
17.14
10.67
-11.38
-1.87
8.15
11.3
5.75
8.22
15.3
15.29
5.64
11.23
14.64
12.06
-5.73
9.73
5.12
-0.12
-3.24
-3.65
3.74
1.49
-0.65
9.24
13.55
12.21
2.01
12.38
14.58
4.42
11.37
11.54
3.05
4.35
4.79
14.37
13.05
8.37
9.2
10.16
5.86
6.5
11.59
12.75
9.41
10.54
12.39
2.38
13.73
13.26
6.08
15.66
15.73
12.81
6.99
-4.62
10.49
6.76
3.37
4.3
9.09
8.27
6.55
12.4
16.58
17.18
13.21
8.52
9.81
12.69
15.94
18.4
20.7
16.79
-3.34
8.15
12.04
10.85
-1.69
15.74
13.1
7.51
14.35
11.93
8.33
11.09
12.7
6.37
9.72
12.88
10.89
9.86
2.08
2.3
7.47
13.48
11.63
11.88
9.24
5.28
10.49
6.19
10.16
12.58
12.9
12.84
12.63
8.89
2.81
-9.88
-4.49
4.52
6.81
10.75
4.39
9.19
12.52
9.13
-2.58
12.97
13.89
3.79
3.84
7.67
3.11
7.87
5.28
4.79
14.34
14.89
11.3
-0.3
7
11.07
13.82
16.34
16.44
14.1
13.57
11.64
9.35
10.91
10.36
13.61
18.09
18.75
18.27
16.34
9.32
6.92
4
10.31
10.91
12.56
2.86
11.04
9.16
7.23
10.13
9.43
13.39
15.96
13.9
12.96
12.86
9.95
6.71
4.15
9.74
7.72
7.49
6.58
6.82
10.55
10.63
7.52
-6.21
5.68
3.37
12.8
7.09
6.11
13.23
16.54
13.35
-8.36
12.81
12.54
-6
9.76
7.63
9.98
11.17
2.12
8.26
13.68
6.71
5.92
11.93
13.62
12.92
13.86
15.37
12.29
-0.8
12.21
11.07
11.04
15.57
13.54
9.15
13.02
12.64
10.56
5.58
6.71
2.85
1.29
-17.98
9.92
11.08
7.63
7.27
8.15
5.85
1.71
0.7
11.26
15.24
14.47
11.18
8.8
6.46
0.31
6.26
7.49
9.07
8.3
10.97
11.19
3.6
6.37
11.82
11.52
2.47
3.45
0.12
11.35
11.56
8.27
-1.68
-4.28
8.25
11
10.17
12.54
9.17
7.68
13.4
10.48
6.62
10.63
12.58
15.17
15.65
19.69
25.21
20.88
15.68
9.26
15.4
18.7
1.18
14.23
17.8
19.82
15.78
10.16
11.73
15.04
20.81
17.48
1.29
7.34
18.49
24.18
21.52
11.76
22.53
21.59
25.43
28.82
26.16
19.7
17.92
19.71
23.35
22.59
21.68
21.69
20.95
20.37
29.18
30.95
26.96
16.03
10.32
19.63
20.29
20.45
21.91
21.73
19.03
0.88
17.76
20.35
26.5
28.31
18.95
25.33
16.45
23.37
19.33
19.53
24.23
21.63
14.2
8.78
15.26
17.77
18.03
15.55
25.05
23.04
17.51
21.29
20.24
16.99
17
12.99
18.44
19.24
20.06
22.69
19.68
18.79
19.62
11.32
20.7
25.89
21.46
5.73
12.77
18.92
23.98
25.65
22.71
18.85
25.25
28.66
28.36
24.48
20.29
17.55
5.78
16.46
17.02
18.75
11.91
17.05
22.55
22.41
19.36
16.34
20.32
22.75
21.37
13.5
8.47
11.72
7.42
3.5
6.22
21
27.89
29.33
28.38
27.22
25.58
21.04
14.13
9.27
3.31
9.54
10.67
24.95
26.26
19.59
12.37
25.19
28.74
28.98
25.98
20.29
11.94
16.64
21.25
18.81
15.53
21.93
23.32
24.13
24.39
24.68
25.73
21.77
19.72
17.59
18.4
22.27
10.03
23.63
26.44
25.22
25.33
26.29
25.28
22.6
17.37
15.32
21.64
21.05
8.53
19.02
24.54
24.82
24.93
23.36
18.46
22.98
26.57
26.76
26.26
22.87
18.62
16.2
12.33
17.99
12.03
22.57
24.04
20.16
22.56
19.97
26.03
23.91
21.47
22.55
23.75
14.01
15.73
24.04
25.42
16.74
19.77
27.15
28.95
28.02
24.52
21.24
-0.28
26.37
24.98
18.38
24.68
22.9
9.99
21.9
25.07
29.26
30.96
28.9
26.41
26.64
28.85
29.15
23.71
21.95
24.73
14.98
20.92
21.23
15.75
20.16
22.16
17.26
17.48
17.27
10.19
14.57
23.6
22.46
8.29
17.43
16.89
19.6
25.53
24.08
19.84
16.24
17.35
22.41
21.36
3.2
17.68
22.3
25.75
22.21
21.24
21.34
25.64
26.68
22.57
13.98
20.21
25.02
23.41
17.49
5.44
12.2
9.46
21.68
21.27
16.18
18.69
19.37
13.07
11.27
13.42
17.73
21.23
21.72
19.13
16.19
16.61
17.92
17.99
18.58
21.62
20.36
26.31
28.68
26.48
21.64
16.82
20.21
21.25
18.27
17.62
18.24
12.1
20.41
22.17
25.41
28.22
25.87
26.94
26.8
21.27
17.17
20.5
20.19
19.71
0.23
18.99
15.5
16.18
17.65
16.46
27
25.45
16.42
15.91
19.51
20.38
19.48
19.22
20.81
19.86
19.79
17.17
13.87
18.93
13.63
8.46
18.98
24.46
21.58
15.41
15.39
13.98
16.48
20.04
20.68
21.19
23.52
24.63
22.75
18.31
14.77
13.32
15.97
20.85
21.08
16.81
15.87
19.5
20.99
17.73
11.78
13.74
15.17
15.07
12.07
2.22
13.41
19.11
18.74
19.31
21.36
19.83
15.04
12.15
5.25
11.97
16.75
13.19
9
10.3
10.31
13.55
16.37
14.56
10.16
5.35
14.78
19.5
20.07
20.19
15.72
12.5
4.44
6.97
7.85
15.05
17.91
15.17
12.34
11.06
0.03
14.69
15.27
0.37
4.39
11.22
15.78
11.25
12.51
14.25
14.14
7.82
16.96
15.22
4.92
6.06
17.31
17.11
13
19.38
15.79
11.59
9.72
13.92
14.48
7.24
14.92
15.29
5.37
15.15
13.34
18.23
10.22
20.85
19.57
4.88
14.43
17.79
12.57
20.14
23.16
19.17
13.14
14.59
20.09
20.82
22.61
21.94
19.86
17.92
17.47
21.34
19.9
20.01
21.59
14.98
18.3
25.12
27.07
25.36
19.57
1.48
14.34
17.3
15.26
17.09
13.39
7.63
12.78
19.49
17.74
11.47
19.64
19.3
10.09
20.93
24.61
18.72
9.27
12.65
26.57
29.55
24.36
23.79
24.63
15.31
17.59
19.91
20.93
19.38
22.95
24.78
15.76
16.11
18.65
15.68
20.15
22.96
22.85
14.92
21.31
22.95
18.57
18.45
17.76
19.41
19.04
19.58
18.46
27.14
30.54
29.1
24.89
20.84
17.51
13.2
18.01
21.39
18.95
9.61
14.35
19.05
12.18
18.12
19.48
18.4
15.98
4.79
12.98
5.99
14.8
19.2
18.69
12.09
15.19
19.86
19.79
19.54
19.22
13.43
13.1
14.33
15.92
18.29
17.82
12.08
12.69
14.97
16.94
19.57
21.82
23.34
24.39
21.31
17.29
18.07
10.31
17.41
20.66
22.84
25.32
24.12
12.62
25.59
27.32
15.96
15.03
17.66
20.36
18.49
18.26
19.33
8.35
13.05
10.99
-2.28
12.62
18.75
12.76
20.57
23.2
21.06
18.88
21.49
24.66
22.42
13.96
10.34
16.42
20.28
21.25
16.89
14.6
19.33
20.02
19.48
14.56
6.33
18
18.63
9.38
19.02
24.33
23.13
13.63
11.07
16.86
19.49
17.15
13.03
13.25
10.94
1.08
15.38
21.1
20.91
15.91
9.37
12.72
19.47
22.58
23.95
24.02
20.91
14.94
14.19
14.72
5.74
10.75
16.12
16.41
15.97
17.6
21.71
23.8
21.67
15.84
11.97
19.23
23.71
22.35
15.75
21.05
22.48
21.64
17.53
15.73
15.86
11.53
13.6
19.65
17.28
17.14
16.81
5.54
14.92
17.77
8.83
17.27
19.26
13.67
15.6
23.22
20.68
18.17
22.83
21.27
16.68
14.21
15.43
19.01
19.82
15.06
14.33
20.68
24.25
25.74
23.86
20.66
16.6
16.2
20.5
20.53
18.26
3.69
16.61
20.2
19.57
14.37
14.08
15.79
12.11
18.45
19.09
12.33
13.79
10.05
-1.82
6.6
13.76
17.07
16.37
13.07
22.23
21.6
9.15
14.03
20.16
19.23
11.19
10.19
16.73
20.91
19.65
12.02
15.9
20.15
16.26
1.97
12.13
15.99
18.73
14.86
14.73
17.77
21.24
22.49
22.21
25.04
26.77
21.9
11.77
15.69
19.71
22.15
15.23
2.79
8.33
14.54
18.38
17.24
10.55
12.5
17.67
20.53
19.94
18.36
17.51
16.64
20.12
19.14
13.98
19.49
19.7
16.61
10.45
13.73
13.72
16.28
16.09
14.6
18.9
22.08
22.73
22.49
23.04
20.48
14.95
17.94
17.14
15.69
17.92
15.21
14.54
17.03
13.53
17.21
14.41
17.8
22.62
23.66
23.95
21.83
14.62
8.63
7.79
-4.8
15.11
10.57
10.96
13.72
21.02
21.99
20.27
19.92
18.88
18.18
21.78
22.77
21.17
21.03
23.32
24.06
16.64
16.86
20.27
24.52
19.48
22.02
27.03
26.54
23.11
9
22.72
27.79
29.01
28.02
22.02
-2.54
14.84
4.46
15.21
17.14
13.77
13.46
19.07
21.66
24.34
19
17.37
21.3
22.96
27.1
29.07
28.38
26.06
18.03
21.54
18.82
17.51
23.49
22.55
21.1
20.86
24.23
28.15
27.15
22.29
19.86
20.32
19.91
22.8
20.62
11.43
11.43
20.23
22.38
22.67
22.36
23.32
25.22
23.56
18.88
20.73
17.79
21.48
25.96
24.6
21.85
24.74
24.03
22.26
19.91
12.13
15.89
21.21
25.73
25.13
24.01
23.44
18.26
8.08
9.29
19.55
21.24
19.59
19.38
23.75
19.35
15.17
22.31
21.35
15.76
18.51
25.58
28.83
26.74
19.63
18.05
11.76
16.6
20.82
21.81
23.95
24.82
19.63
14.31
10.5
9.06
15.15
15.63
15.9
17.07
17.17
13.39
18.56
16.47
13.35
15.21
17.31
22
19.99
18.73
20.08
19.05
17.45
14.73
18.26
14.59
16.53
16.66
15.14
22.43
23.25
24.41
23.63
20.92
13.95
24.56
32.29
30.08
21.52
23.65
22.36
20.45
16.44
22.1
22.33
28.74
31.18
26.03
19.52
26.05
26.2
20.99
17.17
24.1
8.5
31.62
33.15
26.13
12.75
22.78
26.73
26.06
22.07
17.08
17.38
17.98
16.92
21.77
23.75
22
19.5
18.34
19.14
21.24
23.55
24.64
17.83
20.15
25.53
18.96
1.23
36.05
44.56
43.54
33.49
21.06
14.94
11.1
17.63
22.02
17.33
10.37
12.24
12.47
5.7
18.45
22
13.4
13.32
21.33
22.72
21.25
21.87
22.89
21.96
23.84
24.13
16.88
24.06
37.5
44.14
41.89
31.49
24.86
20.58
13.54
18.83
22.02
16.29
20.66
25.27
21.25
19.02
16.47
15.69
16.13
13.31
18.68
21.59
15.81
12.64
26.05
32.16
29.86
24.08
17.91
10.57
8.32
19.37
21.73
26.16
27.1
19.65
17.12
24.37
24.83
18.78
19.75
20.69
20.2
22.34
23.13
20.71
19.08
20.36
20.81
21.83
21.79
15.01
21.65
20.13
31.76
42.25
42.12
33.26
21.02
17.96
20.29
22.45
19.89
20.38
25.75
30.93
32.23
24.4
14.44
12.73
17.25
23.98
24.27
23.14
20.76
19.61
20.09
21.97
18.74
15.1
15.28
21
21.62
36.79
46.56
46.9
37.15
18.04
18.54
16.88
19.1
20.16
22.09
24.88
26.82
24.86
21.62
23.73
25.38
15.19
24.55
28.93
26.2
14.21
20.79
22.12
22.02
23.7
27.4
21.46
13.47
13.73
10.5
17.1
18.59
17.5
12.96
18.46
19.96
14.74
17.21
25.09
24.55
16.7
11.77
15.07
9.17
13.04
17.28
10.54
17.07
22.35
23.42
15.52
16.73
32.44
44.42
46.66
39.76
18.96
6.21
18.33
16.95
17.61
16.27
23.87
26.53
21.66
21.35
23.65
16.76
8.46
9.99
1.73
15.26
20.51
22.5
26.52
25.44
23.85
24.09
23.44
21.82
18.84
17.86
20.12
15.38
22.27
20.61
11.42
19.55
28.35
24.03
15.23
10.37
18.12
22.31
22.84
22.63
20.83
24.74
29.15
25.97
13.28
5.11
17.84
21.81
22.74
17.44
13.61
15.56
19.51
20.26
17.68
14.95
14.36
23.9
23.9
25.94
25.85
23.34
19.56
19.04
20.25
17.55
18.53
23.74
29.4
37.34
38.7
31.58
20.1
24.94
28.94
29.27
23.01
18.58
19.97
29.99
35.72
31.32
17.21
9.08
26.78
31.57
30.75
33.07
40.83
41.79
33.27
27.85
27.47
9.24
24.62
23.11
20.35
10.7
26.22
29.5
35.13
36.75
31.45
22.02
3.72
19.98
19.13
11.78
23.89
5.35
32.97
33.99
25.25
21.59
26.11
21.88
15.15
14.47
22.25
21.92
11.97
22.46
19.16
21.92
29.46
28.95
20.74
23.95
30.21
28.26
16.79
21.04
23.19
27.52
28.81
21.7
25.11
29.84
31.18
27.57
21.65
27.46
30.07
28.79
28.95
30.76
38.01
48.55
51.91
46.88
31.36
19.89
21.91
17.48
19.39
32.86
45.42
49.19
44.52
28.24
27.99
25.48
3.37
27.69
32.46
34.34
34.76
31.42
18.24
20.47
21.29
16.16
23.07
29.06
28.45
25.8
32.1
35.67
31.92
12.33
26.18
25.65
26.12
30.45
31.07
29.51
20.49
21.6
29.16
29.37
22.73
30.8
33.52
30.1
31.34
32.6
28.24
17.09
31.56
34.56
34.21
28.22
25.91
32.55
29.88
14.36
26.55
30.03
27.32
26.88
30.84
34.66
28.62
27
30.41
32.21
32.19
27.29
19.35
25.71
25.71
19.42
28.48
29.01
21.36
14.47
22.57
15.82
20.14
25.44
27.12
29.27
26.74
25.55
29.2
30.05
26.06
17.58
24.75
28.72
27.42
23.03
31.02
31.33
19.61
24.88
28.43
23.78
26.71
32.44
30.2
34.69
30.17
26.59
29.62
26.4
16.84
28.03
30.37
23.49
26.49
34
35.53
34.26
29.11
6.71
28.72
28.73
29.42
26.83
22.78
24.24
22.59
31.17
32.22
26.26
18.61
28.02
26.9
26.95
30.37
26.72
18.6
21.24
19.05
25.65
12.99
27.69
30.23
28.01
25.54
24.06
18.53
21.26
25.91
19.29
29.6
35.24
35.28
30.7
16.96
24
21.59
20.25
28.48
31.18
28.12
15.76
20.14
26.69
24.56
9.61
24.24
22.87
14.67
14.94
10.84
18.87
7.1
19.96
21.4
22.8
26.5
26.21
20.87
15.31
4.59
16
19.72
20.96
24.92
26.28
25.13
19.8
21.9
28.71
24.81
12.64
25.59
28.34
23.07
23.57
27
27.34
22.89
-3.51
19.81
26.97
24.55
18.27
26.94
26.37
24.34
12
20.69
25.01
21.95
16.13
22.18
27.38
25.6
25.25
29.07
28.36
24.3
22.8
22.23
15.6
25.76
26.47
25.92
21.6
26.91
30.93
28.65
23.17
23.08
24.65
20.65
16.34
19.28
26.59
21.59
11.92
21.05
25.86
23.2
20.02
25.01
22.55
19.34
22.73
21.84
9.87
18.41
20.59
24.36
24.18
12.49
19.9
22.46
26.31
29.06
27.48
20.42
8.63
11.67
20.38
23.49
15.59
16.27
28.67
30.18
26.02
19.94
24.39
26.01
27.2
27.94
17.72
27.05
26.36
19.58
21.64
25.37
21.55
19.57
14.51
18.25
21.07
23.51
22.44
19.92
18.35
9.64
15.08
7.59
20.17
23.06
21.29
16.84
22.08
24.65
20.25
22.45
24.06
20.24
13.65
21.1
16.76
21.49
23.12
16.01
14.97
6.36
15.04
13.16
30.67
27
15.54
27.07
28.07
15.75
10.65
17.63
21.51
16.13
23.57
22.91
8.15
19.41
22.6
10.25
20.25
20.63
13.94
22.37
21.97
12.04
22.2
24.55
26.98
30.67
26.51
23.65
22.86
5.5
24.35
29.39
29.05
30.07
25.87
11.49
25.67
18.57
25.36
30.44
27.78
18.17
25.2
21.51
15.9
22.34
27.21
25.86
21.37
22.01
26.63
26.6
20.73
18.83
27.52
20.53
22.27
26.12
23.3
20.59
2.63
23.58
27.37
22.99
23.81
29.84
22.67
16.3
26.42
26.4
20.95
21.97
27.29
27.47
26.49
29.01
28.85
24.28
25.32
35.02
31.37
21.55
27.87
29.14
23.44
24.67
30.34
26.16
22.38
24.54
24.06
18.67
17.83
25.18
21.5
21.07
24.82
25.45
27.04
19.62
21.1
24.65
23.94
27.88
26.23
17.52
15.95
23.61
25.47
15.09
27.85
30.37
23.63
20.36
26.99
28.94
25.18
23.52
22.89
22.9
14.09
19.7
25.67
23.63
14.07
23.86
16.85
25.94
28.35
21.76
21.67
25.79
24.34
27.89
27.32
23.65
21.02
20.37
21.83
29.42
29.86
22.08
27.01
26.4
20.51
17.61
20.18
25.66
23.8
21.58
25.83
24.79
22.65
24.7
27.95
27.73
17.75
25.8
26.18
17.33
18.13
25.57
26.75
23.51
22.55
24.28
21.05
18.37
19.44
19.24
25.56
25.4
17.39
18.33
23.27
22.25
26.68
28.38
26.35
19.02
14.9
17.38
12.64
25.24
27.45
25.45
28.63
29.41
24.74
6.41
21
15.42
21.89
26.03
26.79
25.98
24.41
17.97
9.16
12.86
23.01
23.35
15.05
22.99
23.82
23.59
23.6
13.8
23.26
23.92
16.14
17.63
19.3
10.08
20.13
24.85
25.86
25.42
18.42
21.48
26.25
25.89
18.6
22.62
24.22
17.21
14.91
22.86
21.94
21.72
20.03
15.81
13.08
10.82
15.07
9.88
19.21
16.58
25.04
25.73
21.46
12.13
15.97
19.41
17.99
13.22
14.95
14.98
19.4
23.05
9.36
24.11
25
26.11
24.85
15.64
4.94
5.04
17.56
23.08
22.74
20.33
14.41
18.69
18.13
20.37
20.2
18.32
15.78
17.67
19.63
19.81
14.77
11.79
13.79
18.09
18.49
7.76
16.88
20.04
20.65
13.21
11.6
15.59
9.51
16.17
20.34
19.59
11.7
11.44
14.96
18.7
24.08
22.52
17.08
22.98
22.49
18.07
16.56
11.53
16.68
21.61
22.01
15.98
12.75
13
4.36
13.13
11.13
17.86
24.25
24.65
23.24
15.51
15.45
19.63
17.92
17.4
17.52
13.62
12.8
18.47
15.93
21
23.2
22.28
13.48
14.81
15.51
21.96
18.97
10.92
8
12.28
14.34
20.22
21.32
18.16
10.24
11.79
-11.46
13.13
11.59
19.29
17.4
17.49
23.74
26.09
26.56
25.77
22.78
19.84
22.64
23.14
20.71
21.41
20.19
12.35
22.67
13.8
21.4
21.95
24.3
24.99
27.12
27.17
24.86
16.65
20.07
26.08
26.01
22.15
17.98
20.48
11.77
19.21
23.07
18.42
22.47
23.01
14.44
-2.67
13.22
0.62
21.04
21.43
19.64
22.66
22.31
20.9
19.54
18.36
20.81
20.4
17.64
17.88
13.04
16.9
20.69
18.86
12.36
17.62
28.45
30.73
25.76
15.31
21.87
15.11
11.8
20.25
21.33
15.9
14.66
21.74
20.77
15.52
20.88
20.08
8.76
15.67
20.08
23.94
20.2
20.01
21.32
22.9
25.21
21.26
19.41
20.66
19.89
23.63
28.05
22.4
17.11
20.84
7.57
7.52
19.38
14.22
22.46
18.75
13.69
25.2
31.05
30.78
25.53
22.53
21.28
10.72
4.55
19.21
25.24
26.44
24.59
22.43
18.55
16.51
22.37
22.55
26.22
28.11
26.51
25.77
26.45
20.21
1.29
8.13
22.02
23.66
18.71
15.99
17.14
14.44
21.6
20.78
18.64
9.65
23.39
25.19
19.14
14.86
17.82
18.91
22.09
20.44
21.08
15.82
21.68
18.73
20.92
18.33
11.05
13.03
16.33
15.39
5.8
4.23
17.7
19.49
12.29
18.57
25.15
25.25
10.96
27.22
27.78
22.8
14.87
15.41
19.86
2.25
21.9
23.82
22.06
19.78
23.76
20.31
-1.03
17.03
17.41
16.53
5.91
18.9
15.92
12.86
20.21
4.45
25.19
25.99
19.97
16.38
18.74
18.98
13.84
14.73
16.6
17.64
22.03
27.32
25.92
27.07
28.97
22.67
25.01
33.79
37.33
35.73
31.14
21.17
21.45
23.72
23.64
25.6
20.6
24.11
19.98
12.2
7.55
15.41
14.65
11.18
1.8
6.85
17.46
19.67
10.48
18.58
19.4
17.06
5.63
16.21
20.06
20.96
21.96
17.35
18.87
23.03
21.9
5.55
20.39
17.95
14.51
19.74
13.98
9.96
19.6
22.62
16.81
15.67
22.48
26.97
21.25
25.08
23.95
12.44
23.1
19.34
23.33
19.19
14.09
17.36
16
20.49
25.02
22.63
21.05
22.21
19.78
7.35
21.63
26.48
22.29
4.07
15.48
16.29
22.08
25.16
25.15
19.76
19.25
20
11.58
23.4
25.17
26.84
25.82
19.12
14.58
14.6
0.86
10.46
8.15
18.94
21.01
15.15
17.46
22.67
26.17
23.08
1.68
9.67
20.07
25.81
20.82
16.11
18.41
22.06
19.52
18.08
24.08
17.08
17.96
19.47
16.21
21.9
25.62
24.61
19.08
15.43
16.26
17.42
18.71
23.35
22.48
15.26
12.28
-4.49
15.29
14.97
-7.22
9.9
4.4
10.94
15.65
17.96
18.45
15.72
17.93
19.2
19.15
20.64
19.36
1.47
9.81
6.21
7.99
18.63
24.68
21.07
15.52
16.49
24.92
23.43
15.33
25.04
20.81
11.21
19.74
23.97
22.52
19.03
15.53
14.51
15.19
14.3
18.55
15.34
3.75
15.97
19.95
21.96
22.65
19.56
11.53
11.56
19.56
19.53
18.44
18.62
17.67
18.59
4.5
20.01
17.62
10.6
22.02
24.67
25.32
24.27
19.93
14.47
16.04
9.13
17.46
20.85
18.05
14.71
17.57
20.73
21.21
10.07
14.36
19.65
21.81
18.58
13.21
16.49
22.62
21.43
8.04
15.08
14.66
14.88
14.03
12.96
13.62
17.08
15.95
14.21
12.68
15.01
21.44
23.47
24.79
25.04
26.63
25.62
21.99
16.61
13.81
13.65
12.39
10.78
5.69
-0.05
6.42
16.73
17.42
19.71
17.77
14.25
19.32
14.24
2.57
9.44
19.58
21.88
14.82
9.44
11.49
14.84
7.95
8.28
16.67
16.94
18.85
18.47
11.58
19.88
13.94
-0.84
12.41
15.73
14.72
10.05
14.2
15.33
14.04
15.48
14.7
7.87
10.4
11.61
18.01
17.06
14.81
17.52
17.49
7.55
15.58
15.94
12.81
9.92
11.45
16.01
19.08
16.12
-3.78
14.37
17.66
15.12
9.85
18.08
17.56
15.7
17.24
15.09
16.67
17.6
16.89
15.62
7.96
9.27
15.71
13.38
8.44
18.2
17.44
13.57
15.87
15.17
8.65
12.87
7.94
8.03
14.08
10.37
4.2
14.43
18.59
14.65
7.65
9.34
17.44
19.82
13.18
8.02
8.75
9.84
16.96
17.45
16.46
14.4
14.4
15.8
7.63
15.81
19.07
19.26
20.19
20.97
16.81
14.35
17.02
11.38
14.95
17.2
7.41
9.69
16.36
18.38
10.58
15.85
20.18
11.31
-1.31
13.39
16.1
9.31
8.6
12.51
11.51
-2.35
15.88
19.7
13.73
15.84
20.8
20.91
19.83
18.58
18.44
19.48
10.2
12.15
19.96
23.42
22.54
11.79
16.27
4.65
19.53
22.09
14.94
8.67
3.99
14.55
13.11
4.63
8.23
12.84
17.35
16.8
12.65
15.5
18.5
16.66
15.52
17.59
20.39
17.8
7.66
-4.19
14.87
15.68
7.78
2.58
8.52
12.37
5.29
13.08
10.63
14.17
14.99
7.54
8.86
12.86
10.56
17.66
15.74
4.1
10.55
9.21
14.06
16.23
-0.19
17.62
18.41
17.39
15.25
8.73
10.84
18.49
18.39
11.52
6.02
2.67
14.41
8.82
0.88
14.31
22.53
22.63
17.33
9.78
14.53
15.72
9.67
10.17
16.42
16.72
16.93
19.48
17.02
-3.1
13.2
5.25
14.85
19.98
19.62
15.28
13.45
11.66
-16.56
6.88
1.24
11.56
20.7
21.75
8.23
20.02
20.62
18.43
15.08
11.31
16.62
16.38
15.08
14.26
13.33
9.96
11.8
15.13
8.16
8.96
6.47
0.43
0.29
4.96
-0.7
13.53
19.38
18.05
16.25
14.14
16.37
14.05
13.15
15.71
16.8
20.53
22.65
23.24
17.48
14.11
12.88
7.5
11.04
17.52
14.17
14.35
10.94
9.49
10.05
6.96
14.32
20.81
21.96
20.85
19.65
12.8
9.96
12.28
11.45
16.49
13.91
19.4
21.52
20.31
18.28
16.91
15.3
20.79
16.5
1.58
5.09
21.79
24.75
20.53
17.5
20.54
15.17
2.07
1.06
-0.13
14.6
18.22
10.89
15.8
19.48
13.09
20.76
17.93
4.26
13.97
17.89
19.92
12.9
5.54
15.05
17.17
17.92
14.16
11.15
11.06
5.54
11.1
14.61
16.67
17.32
5.13
16.55
21.8
21.2
16.37
18.52
22
19.68
17.12
12.23
6.35
17.85
21.58
20.11
16.51
9.49
0.54
-2.84
4.38
11.08
16.91
13.87
2.46
10.43
16.23
17.16
17.17
15.41
13.14
9.68
-5.16
11.27
16.84
16.6
12.7
0.75
5.06
13.83
17.99
15.34
8.34
12.54
15.35
16.46
22.78
23.47
22.25
21.97
21.14
20.08
17.21
3.78
6.89
-2.6
18.03
22.54
22.31
17.03
5.6
10.55
9.24
5.77
9.67
14.63
16.1
13.7
13.98
15.55
15.03
10.05
5.79
9.28
10.5
9.58
13.17
14.77
7.07
6.7
3.52
12.93
20.16
19.22
13.83
11.05
-2.35
15.77
17.85
7.61
15.37
18.75
20.16
19.83
17.79
11.74
13.93
18.45
14.26
5.9
7.61
13.69
13.86
17.37
11.74
12.79
16.21
19.24
20.26
18.33
18.67
18.73
13.79
14.46
16.71
10.08
11.71
14.38
17.45
15.79
5.22
9.12
9.88
3.24
13.13
7.71
18.98
20.91
10.74
16.43
18.48
10.32
13.17
19.63
17.77
13.37
11.59
10.34
8.82
9.09
11.22
14.29
12.92
20.42
17.29
4.52
15.26
19.97
19.76
12.37
14.17
19.74
17.61
7.95
8.36
16.93
20.06
18.66
13.24
6.71
8.57
7.8
6.32
12.29
14
17.43
1.51
16.46
16.82
15.52
10.18
13.82
16.64
9.36
18
15.51
13.04
16.61
19.67
14.48
16.44
17.14
-0.32
17.12
15.91
10.39
14.36
15.17
21.6
20.23
11.37
16.44
12.03
17.75
19.1
12.19
10.71
15.37
19.5
20.56
21.03
17.28
21.14
17.97
16.92
22.47
16.47
17.88
16.55
12.09
16.74
18.62
17.13
9.43
11.27
16.86
15.48
4.91
5.36
10.84
9.05
14.75
13.31
8.75
9.38
15.31
16.18
15.69
17.93
5.57
19.11
19.95
17.63
14.56
13.42
11.9
8.11
14.21
10.09
8.58
18.92
20.3
15.98
21.19
22.41
19.2
17.16
16.47
19.94
18.6
14.92
17.22
10.48
15.43
8.15
19.46
21.46
13.05
4.43
12.22
12.36
1.87
12.83
16.34
8.28
4.6
2.92
5.36
12.5
8.15
13.14
17.24
7.66
13.16
5.09
13.29
14.05
3.22
14.76
15.82
7.98
18.03
13.95
9.91
14.56
14.84
2.4
11.34
11.81
19.14
14.48
16.31
9.96
11.23
16.41
16.95
10.62
12.51
12.98
10.03
10.99
20.27
22.96
19.72
7.01
12.33
16.88
14.06
15.08
20.32
15.99
9.07
17.98
22.22
20.53
10.77
15
5.81
15.63
15.66
16.22
9.78
9.17
13.51
14.1
14.62
16.09
14.97
8.28
-0.03
-0.72
7.45
13.63
15.26
13.25
10.97
17
15.62
19.89
18.87
15.55
7.09
14.11
11.05
19.56
11.35
10.7
14.11
16.68
18.68
17.23
19.77
20.91
16.58
6.2
12.83
9.5
14.93
21.47
20.43
7.02
9.36
10.22
3.03
9.38
19.63
19.72
7.17
-3.59
4.98
14.4
18.25
11.4
15.28
17
18.49
8.07
15.35
19
18.82
15.39
8.13
9.67
4.61
14.2
17.1
14.63
17.4
19.41
15.47
11.54
16.65
19.05
13.26
6.19
5.66
20
18.3
11.7
15.14
9.54
4.3
7.82
14
12.05
1.73
2.37
9.4
15.9
20.09
20.55
16.45
16.45
12.49
1.33
9.82
16.36
19.4
18.32
17.83
13.7
13.33
17.03
18.85
16.27
17.42
18.23
9.69
17.74
19.88
14.02
10.89
18.72
17.9
12.21
8.64
12.88
7.06
-7.74
11.41
12.03
11
12.41
19.32
19
13.34
11.69
11.08
11.34
14.45
15.29
3.04
14.67
14.32
17.4
18.94
11.03
10.44
5.18
0.71
17.72
22.02
19.16
4.3
7.98
12.83
13.39
20.51
15.06
16.92
18.91
15.45
7.35
10.3
10.83
2.89
16.65
14.55
17.36
19.1
15.81
16.89
11.4
13.33
12.38
15.97
16.33
4.91
17.13
21.68
18.59
17.14
19.1
18.57
9.21
6.57
2.63
1.43
12.84
16.06
17.61
20.35
19.42
4.6
9.23
9.88
16.44
11.37
5.45
2.08
6.64
10.6
15.8
10.63
14.28
18.78
17.2
11.72
11.36
15.38
9.93
14.08
17.51
16.82
6.03
13.31
10.64
8.13
12.75
15.57
13.61
12.5
8.01
-7.19
2.89
8.16
11.07
14.71
18.13
16.56
15.11
19.61
18.79
11.24
9.94
13.84
12.79
-11.97
4.47
11.43
15.69
17.15
16.14
10.96
15.9
15.64
7.12
9.78
8.02
8.03
9.39
12.55
13.67
17.94
19.22
9.08
12.82
14.39
6.92
14.52
13.37
13.75
16.62
16.12
15.01
14.96
13.78
5.26
10.82
14.92
14.34
11.63
18.29
16.15
-5.98
12.05
10.58
10.92
2.84
12.24
11.47
14.11
11.48
8.92
18.12
18.15
15.69
15.57
15.82
17.77
19.99
18.85
16.89
12.12
12.43
10.52
17.32
15.78
-10.75
12.85
12.59
2.06
8.44
8.9
13.15
17.16
20.85
22.41
18.77
10.73
14.91
17.72
16.64
9.34
10.07
14.08
7.21
6.93
8.33
0.79
10.04
11.42
14.15
14.72
14.09
15.37
14.46
2.04
11.65
13.48
11.57
10.47
11.65
7.74
0
2.08
2.65
6.98
1.92
5.03
8.39
5.38
8.64
18.21
18.75
14.79
13.95
13.23
11.23
11.7
9.67
13.61
14.6
16.25
16.06
18.66
21.04
21.35
20.52
16.29
0.97
6.27
2.88
15.36
13.13
13.44
15.16
16.43
13.87
15.9
15.46
7.61
15.7
12.09
7.41
12.51
8.72
4.87
8.93
15.15
15.12
15.96
14.84
11.45
14.04
12.8
14.34
17.3
18.53
17.02
12.5
-9.03
14.53
18.85
18.4
18.05
20.65
17.25
9.27
14.9
8.3
4.44
12.77
14.58
17.91
17.61
16.03
16.69
16.95
12.19
9.86
13.38
16.55
19.14
17.15
5.17
16.19
10.58
13.51
16.33
10.52
14.8
20.09
21.06
15.41
2.49
14.95
15.28
11.38
10.77
10.5
8.86
2.79
5.5
-4.37
8.07
16
19.64
19.73
18.43
16.98
18.25
18.52
15.94
16.66
14.74
-3.59
11.4
8.58
7.66
15.86
16.91
15.96
16.4
11.74
-3.41
11.56
13.28
2.96
-2.41
-2.52
8.5
12.3
8.46
-0.4
10.77
4.03
18.33
20.88
22.55
22.45
21.45
21.75
21.25
16.39
1.81
7.14
0.11
-3.04
11.41
14.98
16.85
17.93
14.77
10.22
16.88
15.8
10.35
7.93
11.29
18.99
21.34
15.46
-7.98
12.06
17.93
19.59
19.48
18.04
14.68
15.31
16.39
10.86
16.74
17.14
9.75
13.4
12.63
10.26
0.34
7.78
7.63
7.88
10.55
13.78
11.74
-4.81
12.35
13.69
5.65
4.46
3.64
7.58
10.7
14.46
13.66
14.86
13.12
2.71
9.26
8.84
16.38
11.62
14.37
17.48
14.94
2.64
12.68
12.78
13.01
16.16
10.41
8.07
10.76
13.52
10.37
12.14
19.68
23.14
20.32
8.82
7.89
-1.96
9.63
11.74
15.8
17.37
15.19
11.78
11.96
12.34
13.73
16.76
14.91
14.82
14.18
9.24
13.22
17.93
18.75
17.35
16.56
14.1
3.06
7.59
4.1
-13.06
6.84
13.73
11.73
-2.34
1.73
-3.2
-7.1
3.02
8.72
17.86
18.75
13.6
12.73
15.49
13.86
7.4
10.22
9.14
6.71
10.92
10.79
11.01
10.73
8.61
-2.67
11.85
12.32
11.19
18.77
19.33
14.53
-4.27
10.95
7.12
11.75
7.55
-6.98
11.68
14.2
14.86
14.1
9.85
15.42
15.2
0.87
4.56
10.84
9.65
8.9
0.87
8.6
10.88
6.87
10.77
6.98
6.34
5
-5.76
8.58
11.97
12.18
7.16
3.99
7.42
9.19
12.41
7.76
13.21
15.53
15.49
12.88
11.18
10.57
0.73
7.32
18.29
18.04
13.33
11.81
13.84
14.14
4.19
14.15
3.86
12.83
14.18
8.64
15.12
18.09
15.91
10.24
10.48
11.51
11.9
15.29
17.56
14.81
14.5
15.35
10.73
4.83
0.5
5.67
-3.44
1.84
3.48
-5.21
4.5
10.84
16.07
14.95
11.67
9.9
4.61
13.73
13.65
8.28
6.31
7.49
9.3
10.39
13.93
17.07
12.29
8.29
18.89
20.52
14.18
16.68
16.98
15.53
13.88
6.7
8.32
11.26
15.36
8.76
8.48
11.35
13.06
13.73
14.52
15.13
13.81
9.62
12.23
14.82
8.17
10.48
8.17
1.3
11.05
11.55
11.9
12.97
14.4
11.73
5.51
7.31
-6.14
11.59
17.5
17.77
15.95
14.53
11.13
-2.57
10.5
12.49
15.01
13.91
10.71
4.88
7.33
8.74
7.37
-1.57
7.4
11.11
16.37
15.46
9.62
14.33
11.82
6.09
12.89
16.19
15.29
14.5
15.48
15.2
11.57
5.05
7.68
12.21
11.13
7.09
13.02
13.03
3.95
13.48
16.67
20.37
21.11
14.66
11.76
11.33
5.92
3.39
10.51
16.91
15.43
6.5
9.95
11.27
6.01
9.52
3.31
11.42
14.91
13.9
5.2
5.69
8.66
11.86
14.98
18.52
17.33
12.64
8.25
10.18
11.37
13.28
9.81
8.93
11.75
9.41
7.25
9.77
8.79
7.54
13.76
13.81
10.19
9.62
13.15
4.05
11.32
15.5
16.15
15.82
10.33
11.13
14.65
12.84
11.05
11.86
4.52
7.34
14.52
18.64
17.55
12.02
3.55
12.88
14.15
9.86
10.96
12.5
14.42
14.1
15.04
12.68
14.46
5.48
11.82
16.02
17.43
13.74
12.86
17.87
16.17
16.04
16.02
12.65
10.8
14.3
12.18
-4.45
8.38
13.01
17.5
12.66
7.19
13.91
18.7
17.94
12.94
14.61
15.85
17.3
14.5
13.25
11.47
15.53
13.12
8.04
7.28
5.31
5.94
12.83
9.2
9.71
13.83
11.24
12
11.79
5.23
-1.99
2.64
10.22
12.87
14.6
13.75
14.25
16.5
19.38
19.73
18.69
18.87
21.41
23.04
20.02
12.59
9.22
13.03
18.94
19.65
16.38
5.78
13.51
16.82
11.45
8.51
14.76
16.1
19.03
14.55
4.65
11.85
10.88
-2.59
6.18
7.34
11.54
11.14
12.21
8.29
14.71
12.42
12.1
10.86
8.96
9.6
12.32
15.79
19.27
19.67
17.9
13.95
14.48
16.64
13.21
13.57
16.74
17.03
18.04
19.52
18.16
16.21
13.67
7.66
13.12
21.38
19.91
15.7
10.75
14.23
17.15
16.05
17.89
20.53
20.84
17.98
12.98
10.69
7.72
7.84
14.37
11.42
8.68
9.27
10
12.94
16.98
15.53
15.17
-3.33
12.4
15.09
16.15
16.24
15.23
10.26
5.94
-6.38
7.52
8.99
12.96
16.55
17.29
13.89
6.11
0.37
12.16
17.68
20.42
20.83
15.6
10.96
11.9
8.1
10.92
16.07
16.83
13
13.23
16.05
6.53
11
15.91
18.81
18.02
12.9
10.74
11.22
4.76
-0.91
-1.27
14.04
11.11
10.32
16.65
13.77
3.41
10.09
14.56
10.34
9.47
13.47
3.25
13.34
14.91
10.76
16.92
17.32
14.49
11.97
1.52
9.07
14.05
16.31
16.05
2.61
11.43
10.7
12.74
18.35
19.5
14.43
-14.75
3.37
-0.17
-2.63
8.68
11.91
8.18
7.84
13.19
17.89
16.13
10.55
14.99
17.06
16.9
9.36
16.67
14.66
12.7
18.11
11.63
12.2
11.11
13.02
17.47
17.15
6.27
9.57
12.98
19.22
12.91
13
14.73
2.15
-0.65
12.35
19.81
17.78
13.18
11.25
10.03
15.54
14.14
16.01
18.57
17.09
15.65
15.22
15.68
17.23
16.1
13.76
14.97
17.47
17.46
9.72
9.84
9.51
14.41
18.59
18
12.55
5.34
11.79
3.15
3.13
14.34
17.78
17.85
16.46
3.29
14.59
17.8
13.9
4.85
7.33
12.69
14.59
9.11
3.75
7.98
11.37
10.91
11.55
12.45
17.45
16.53
12.55
10.06
12.03
6.27
5.32
10.91
13.74
7.93
7.05
15.07
16.34
12.17
-8.01
7.49
9.08
14.6
16.49
10.09
2.32
6.74
9.64
11.75
11.36
11.69
13.7
14.09
14.15
8.05
-6.76
8.86
9.4
13.43
16.84
13.81
10.57
11.31
9.71
6.97
11.39
16.25
14.42
8.52
6.28
11.27
11.4
12.42
14.44
13.63
11.72
9.76
15.11
11.71
5.48
4.01
9.16
9.41
-6.35
4.75
3.07
12.4
12.13
4.67
9.09
15.85
17.09
10.61
14.69
19.6
14.24
4
12.8
15.64
16.03
14.28
16.04
18.12
15.46
11.17
12.88
7.31
0.84
8.74
12.36
10.55
10.46
12.85
6.79
1.71
-1
16.78
18.98
12.09
8.04
9.92
2.12
1.23
1.75
9.87
15.55
15.29
12
7.31
1.48
4.49
7.81
12.68
9.86
8.22
14.04
16.84
12.32
-1.23
12.36
12.66
12.71
16.59
12.77
9.44
11.64
12.72
13.87
9.66
9.85
18.19
18.06
11.42
7.8
8.81
3.57
11.43
14.64
9.42
8.9
1.83
10.12
15.67
18.16
8.66
10.2
5.99
7.6
3.48
13.14
12.69
10.85
16.36
16.93
14.59
14.32
13.96
13.08
11.1
8.27
7.95
6.31
13.69
12.87
5.27
6.56
2.63
4.81
7.58
12.24
6.29
7.84
9.65
4.24
15.67
18.43
13.48
6.43
15.85
18.02
13.94
4.91
1.43
13.39
10.5
2.74
8.65
17.5
15.57
10.21
9.84
4.4
6.64
12.12
14.32
10.53
3.66
12.61
8.09
-3.97
10.92
16.59
17.02
13.9
11.84
9.72
-2.72
4.37
8.59
10.29
-6.46
9.96
5.03
6.22
9.05
1.2
-0.8
-11.98
1.75
6.51
5.89
3.74
6.89
4.38
-4.51
7.74
13.81
12.85
9.31
10.94
-0.04
8.34
-3.63
11.85
12.85
4.01
-1.92
11.92
17.41
12.42
-0.09
-0.44
4
10.43
5.63
4.49
10.23
12.45
11.85
5.18
1.64
11.99
15.85
13.37
1.76
9.48
7.98
6.46
-6.52
5.91
10.5
8.9
15.49
16.38
9.46
8.6
10.74
7.81
9.68
3.31
-5.64
5.88
12.45
8.54
10.86
11
1.24
5.81
-1.58
11.71
16.02
16.26
16.28
13.78
3.74
1.11
9.66
13.4
4.06
16.34
15.88
10.06
8.28
8.43
13.15
13.45
9.02
9.96
12.44
16.48
12.6
8.34
12.64
15.03
10.18
12.4
16.14
5.71
9.38
9.56
14.24
11.65
9.98
10.59
1.73
11.31
15.65
14.53
13.46
11.35
11.04
8.77
0.44
9.08
16.53
15.33
11.58
9.62
10.09
3.79
12.14
11.28
2.97
14.93
11.08
11.3
14.69
20.31
18.33
12.38
10.87
12.61
9.92
4.75
6.92
11.9
11.35
14.61
14.96
9.12
16.11
14.89
11.59
11.87
11.9
10.03
11.68
17.54
10.48
14.25
10.42
8.15
11.75
8.8
4.65
9.2
11.15
7.38
9.27
3.83
7.14
9.44
6.28
12.51
10.39
11.29
14.62
8.51
7.7
10.28
12.73
9.18
13.55
16.61
17.33
15.55
12.97
13.94
16.69
13.19
10.11
15.71
-3.15
15.42
18.32
16.77
15.46
7.53
13.56
17.06
10.61
5.22
10.81
14.12
10.97
12.63
13.85
11.23
12.29
11.96
4.32
9.53
10.14
0.81
3.79
8.45
11.42
15.43
16.84
11.86
0.03
5.56
10.54
13.24
8.76
3.39
6.35
10.38
14.35
14.2
13.69
14.67
12.49
8.32
9.82
-17.66
7.85
10.26
5.34
9.33
12.63
13.19
12.17
8.13
12.14
11.85
13.12
13.19
0.53
12.91
9.52
5.55
10.06
14.46
10.12
9.51
8.54
9.11
4.66
-0.56
9.92
14.89
9.17
12.25
14.53
2.99
8.67
13.26
13
11.61
9.95
9.52
13.72
15.14
9.2
-15.31
-2.1
8.35
14.53
15.13
7.18
4.86
-3.64
0.04
1.3
12.9
17.45
17.77
13.1
8.36
4.66
10.38
15.86
15.6
1.45
13.13
8.48
12.6
17.79
19.4
18.78
18.7
20.87
20.07
13.22
-3.42
2.95
1.51
-4.14
9.32
13.22
3.36
9.12
5.73
7.9
11.19
7.92
9.08
9.62
1.58
11.86
11.68
1.24
14.21
15.22
8.98
14.91
16.21
3.45
5.8
8.52
15.47
14.8
13.34
13.6
15.28
14.31
3.75
5.6
8.08
13.88
17.19
14.48
11.32
3.32
5.68
8.3
16.45
17.22
18.49
13.94
7.58
14.3
15.39
10.97
8.8
12.83
11.48
3.44
9.73
11.24
9.59
15.01
8.73
8.69
3.58
7.85
12.15
10.76
11.68
17.12
14.63
3.91
1.98
4.68
7.09
0.21
10.32
15.01
10.13
7.43
13.51
15.36
18.31
16.69
4.76
15.34
16.46
-0.02
9.93
14.35
16.42
13.73
12.04
8.09
7.31
15.33
15.62
14.05
3.65
3.75
10.57
9.92
10.3
13.43
14.09
12.52
8.47
-2.41
9.16
7.62
4.1
2.19
9.11
12.64
9.66
10.67
15.33
15.64
5.18
8.83
10.13
6.95
3.27
6.55
9.91
12.28
3.11
7.94
12.27
7.57
1.93
4.1
9.41
9.43
-0.78
-4.36
9.18
11.63
4.49
3.71
7.4
7.49
8.77
17.96
15.19
10.53
11.75
9.75
9.35
11.83
15.35
16.72
16.46
17.39
16.7
14.66
15.4
15.17
13.73
13.43
14.07
10.46
11.49
-1.09
12.29
14.22
11.96
0.37
8.06
5.83
10.35
13.01
8.7
12.37
15.96
11.97
10.44
11.96
7.21
6.54
10.35
10.75
12.9
12.52
15.23
15.41
14.7
13.75
14.73
12.76
13.42
6.87
5.98
5.02
5.87
10.9
14.94
15.43
11.7
3.75
5.8
7.59
6.91
2.92
9.61
18.61
18.92
17.58
17.89
17.78
16.67
15.03
12.19
11.02
12.51
16.97
16.99
2.56
14
14.74
19.97
20.99
17.7
18.99
18.48
7.28
2.44
7.61
12.02
16.32
15.53
10.89
-6.75
4.33
12.25
16.81
19.32
18.06
11.5
8.98
6.34
7.72
11.02
7.6
3.27
10.89
12.62
11.4
11.96
18.81
20.42
16.59
11.37
16.61
18.78
18.84
17.83
9.34
10.89
13.93
7.73
3.85
10.96
1.52
6.1
4.48
7.21
7.23
10.97
16.24
14.79
-1.82
4.71
5.51
11.2
16.29
17.52
20.09
20.64
14.89
3.24
12.03
9.86
12.72
10.31
11.48
10.82
10.81
11.15
12.06
13.61
13.79
11.88
4.28
1.74
10.33
8.55
7.58
12.86
11.91
10.37
3.98
-4.89
3.12
5.28
12.21
15.31
15.69
13.72
-1.16
8.9
7.76
14.18
11.01
-7.05
13.61
16
14.87
11.8
14.89
15.67
15.45
11.41
7.38
12.31
12.83
8.4
2.1
2.55
4.67
-4.41
6.13
14.69
16.35
12.43
10.82
13.61
13.69
12.46
11.99
13.42
10.09
7.12
9.29
14.6
14.57
13.97
11.39
4
6.79
14.43
14.2
8.19
5.9
14.68
16.59
12.11
11.96
17.14
17.99
14.97
15.05
16.78
14.46
-0.21
12.02
8.84
12.42
16.52
14.23
-3.74
10.88
13.07
12.08
12.13
11.98
12.02
13.12
15.68
15.79
13.21
8.64
3.38
-6.21
4.2
3.91
5.48
13.61
18.03
19.2
17.01
11.98
13.81
11.19
4.84
14.26
16.17
15.78
14.29
8.8
11.54
15.56
12.19
16.16
14.81
-2.49
14.2
9.51
8.32
12.03
12.93
7.22
5.79
3.73
12.82
14.31
9.11
13.74
13.51
7.67
11.12
16.26
17.44
14.77
7.98
9.83
11.19
5.46
1.97
-20.41
8.61
7.33
3.2
4.52
11.44
6.85
1.9
0.61
-4.88
-5.61
2.24
8.94
6.67
9.41
14.47
16.17
15.6
13.19
11.14
14.55
14.49
13.83
12.75
13.84
16.47
19.29
19.9
17.09
14.99
12.28
6.07
-4.29
12.15
16.84
15.25
14.33
15.3
12.63
5.26
2.88
-0.19
3.43
4.12
13.31
13.57
10.56
11.79
11.8
12.44
12.98
10.15
12.95
15.45
14.56
13.86
17.2
18.74
16.41
11.62
9
14.62
16.7
14.73
4.65
-0.78
9.16
12.52
7.56
-6.27
9.07
14.01
9.99
14.41
14.58
10.29
8.73
9.22
9.92
-7.05
11.24
10.43
4.84
7.9
10.41
16.5
18.31
16.31
10.72
-17.48
6.7
4.36
-6.38
6.62
