8.54
7.58
10.41
10.84
11.43
10.96
5.08
6.16
3.8
7.16
12.08
10.95
-0.11
4.1
2.48
9.89
15.66
16.56
14.01
11.25
9.4
9.52
10.16
11.65
9.79
11.52
11.89
6.43
1.81
7.9
10.24
6.81
1.97
14.03
15.17
12.8
12.24
6.36
9
-0.38
10.1
11.93
13.28
9.54
-1.46
2.73
-2.02
4.94
11.01
14.3
15.96
16.49
11.57
4.31
10.52
5.23
10.05
10.2
8.79
4.56
10.32
11.11
-1.19
8.35
10.98
13.2
15.94
14.31
-4.85
12.72
12.91
12.45
12.91
10.59
6.94
4.7
10.88
13.92
10.25
11.09
10.21
2.62
11.04
11.21
4.09
4.54
-0.39
7.06
13.18
17.01
17.3
12.36
-0.27
3.82
6.1
5.6
13.73
16.41
16.03
9.13
1.92
-0.43
14.82
17.97
11.3
12.82
7.34
9.99
14.55
9.86
7.71
8.8
-9.08
6.05
9.23
11.15
1.61
7.61
6.27
0.2
6.77
7.39
1.28
7.35
5.46
7.71
9.33
7.67
8.95
15.53
16.69
14.58
6.23
3.39
9.79
10.41
13.39
12.82
7.14
6.32
8.72
-3.27
8.89
9.71
10.36
12.79
10.29
-6.96
-2.57
7.79
8.95
7.99
3.51
8.82
6.78
6.83
6.79
10.14
13.11
6.69
12.11
11.64
8.67
13.33
12.1
9.86
11.96
16.26
10.43
11.92
15
12.28
11.29
9.05
1.76
1.14
4.88
11.41
7.43
7.51
4
9.5
-3.2
9.51
11.78
7.69
8.17
9.33
4.97
-1.44
5.8
13.56
14.95
13.7
14.05
14.4
7.8
1.46
14.15
15.29
5.93
6.93
10.83
7.71
14.02
17.17
16.21
15.47
16.32
13.22
12.03
13.38
10.56
7.53
5.31
4.99
10.32
9.21
3.44
12.08
7.89
7.41
8.07
7.91
8.79
3.87
-0.77
6.37
10.27
12.88
13.96
11.3
10.62
18.75
15.25
-2.23
8.96
8.05
-0.1
9.16
11.86
-6.67
5.37
2.5
-0.99
-4.68
1.91
7.84
-7.67
7.69
12.2
11.31
7.31
1.78
8.52
12.52
9.69
4.82
12.38
9.93
4.65
-1.32
9.74
12.97
14.38
14.56
9.95
9.13
3.88
14.45
17.08
15.11
4.29
4.29
6.05
-3.21
7.76
10.46
10.16
0.28
5.24
1.55
4.47
8.4
8.5
11.02
11.15
11.01
8.92
-3.48
-3
5.63
11.92
10.22
13.5
16.59
14.18
14.86
10.52
7.91
12.74
13.54
14.98
13.52
7.32
8.03
10.83
8.79
-0.18
9.95
16.11
16.39
13.77
12.08
5.55
7.83
-3.96
10.63
12.91
3.96
0.78
5.48
4.17
10.45
8.07
7
11.23
11.23
13.77
11.65
3.6
7.42
4.34
13.72
13.62
10.33
4.02
3.5
-3.23
7.11
2.17
2.41
9.35
10.67
8.72
6.77
11.12
9.01
7.25
15.57
16.74
14.62
6.65
-5.3
5.26
3.66
4.46
5.82
8.75
10.08
11.6
9.35
9.88
5.52
13.28
14.24
16.86
15.95
3.88
10.4
12.05
10.17
8.08
-0.7
11.49
9.96
0.73
5.01
10.54
9.17
8.85
12.18
15.12
15.89
13.78
9.82
1.61
2.86
0.88
11.1
12.66
10.44
8.99
11.59
11.14
13.22
15.03
12.31
5.7
7.7
12.86
9.61
3.16
7.56
-1.59
0.81
7.74
11.03
8.35
7.91
5.26
8.44
10.76
11.67
11.39
6.25
8.89
11.58
14.2
15.58
13.62
11.42
8.33
10.18
11.8
8.73
2.6
8.98
12.24
10.75
10.89
15.24
15.4
5.97
5.57
9.2
9.19
10.37
9.13
11.85
14.47
11.68
8.15
7.2
6.27
7.17
6.72
15.16
15.66
12.37
10.33
10.07
4.92
7.64
4.09
11.4
16.14
16.93
15.44
7.36
-5.36
9.17
16.93
16.46
9.64
7.47
15.29
14.98
13.16
12.65
6.15
0.73
13.7
13.8
9.93
8.34
12.41
16.41
17.69
15.6
12.33
4.43
7.26
14.52
12.82
8.29
14.5
13.17
13.17
15.84
17.13
15.06
10.17
12.07
11.71
13.93
12.6
10.02
9.81
4.3
11.92
13.12
12.18
12.87
11.1
10.6
11.14
8.07
12.97
10.34
0.44
6.72
11.96
14.2
12.18
5.99
1.81
6.72
2.59
5.12
10.58
12.79
14.78
15.07
10.68
-11.21
-0.55
-4.95
6.96
3.84
8.57
4.61
2.33
11.62
13.39
8.86
10.32
12.66
13.27
10.2
6.24
9.62
13.33
11.69
2.71
1.68
11.43
13.24
12.88
8.74
-6.24
11.54
14.48
5.84
-7.46
8.42
11.87
11.8
10.26
10.9
13.84
9.35
10.2
8.42
1.12
6.3
10.06
12.08
11.91
4.43
8.74
7.87
-4.23
1.61
5.88
2.3
7.57
9.52
-0.24
13.55
13.39
5.18
5.2
5.92
14.28
6.07
4.76
5.7
-0.9
11.08
13.29
15.34
16.71
11.82
4.64
8.29
0.45
11.29
11.94
8.49
9.46
-1.1
3.64
8.04
8.66
6.04
6.21
11.75
15.89
9.29
8.7
10.19
3.91
10.19
9.47
-11.51
8.66
-1.32
6.7
11.14
14.95
12.58
6.64
12.5
12.8
10.07
7.95
3.86
5.55
9.72
8.2
12.08
13.01
7.43
-5.58
1.37
4.1
7.1
9.74
8.94
10.17
8.21
5.32
9.55
6.96
7.99
1.23
7.78
15.92
14.51
6.99
13.73
15.77
12.53
9.6
3.66
13.58
15.28
13.24
8.15
2.71
3.71
6.53
5.65
7.67
9.75
13.03
12.06
8.1
7.52
10.08
9.96
10.17
4.36
-5.64
-0.51
8.93
13.04
13.26
11.68
7.66
-3.55
6.64
8.33
4.05
-4.59
10.96
11.44
4.85
2.85
5.73
15.49
17
11.4
10.77
11.91
7.28
8.71
11.56
12.42
12.38
6.52
8.43
2.34
5.64
11.42
5.77
2.69
0.1
9.9
12.45
12.6
12.28
12.7
11.35
-1.79
12.13
15.45
10.45
1.89
9.52
10.3
11.59
13.4
9.36
2.91
5.69
14.41
14.99
7.31
4.01
13.42
14.33
13.95
13.83
10.5
11
13.05
15.88
14.04
10.62
7.01
15.02
15.92
12.36
3.01
6.26
6.89
4.73
4.09
-0.63
-0.08
12.68
14.67
7.95
1.93
8.41
8.37
8.01
12.2
13.83
8.32
6.53
11.59
6.83
3.8
0.24
10.66
14.63
12.59
12.03
11.42
9.69
6.2
-5.59
8.81
10.2
12.15
10.63
11.64
15.83
17.15
14.46
9.91
9.12
10.82
9.45
4.81
9.62
11.68
11.64
8.71
3.49
9.07
1.73
-0.36
-3.13
5.9
9.18
11.07
8.39
21.71
24.03
18.72
20.83
13.5
17.87
25.03
22.15
18.99
20.33
20.84
21.99
21.4
21.54
19.64
13.53
12.53
20.08
18.09
8.67
19.94
20.82
10.92
13.52
11.27
21.68
23.17
18.48
14.87
15.54
14.64
2.54
10.14
9.59
16.91
20.41
23.49
27.99
27.51
22.33
-2.51
17.05
13.23
11.97
10.76
14.77
20.04
11.49
22.13
25.85
24.93
15.9
10.16
8.37
17.42
18.54
13.95
11.41
17.48
19.71
17.13
19.53
14.45
14.04
17.86
18.16
17.16
17.3
5.17
14.83
16.05
15.62
14.15
11.94
11.96
17.87
14.79
7.05
13.47
20.58
19.4
16.76
13.84
11.9
10.55
8.43
16.72
14.03
13.44
13.87
12.02
16.38
17.1
18.73
19.94
15.92
5.39
16.7
11.17
17.63
17.12
19.51
19.69
10.04
3.97
20.64
22.39
11.61
14.19
13.96
13.69
17.29
9.15
17.54
12.16
8.44
15.41
15.43
16.01
21.76
25.3
26.73
22.83
16.88
3.17
16.7
7.45
17.13
20.5
24.97
27.7
25.48
20.22
17.58
23.8
26.33
26.35
25.29
23.74
22.05
21.14
21.77
18.54
18.32
22.52
21.72
15.97
14.7
24.54
25.8
17.54
12.68
20.09
22.07
20.62
13.14
19.06
23.98
27.66
31.1
30.61
24.86
13.59
8.87
17.61
25.17
24.17
18.81
18.54
22.95
28.36
29.03
25.92
20.45
19.97
22.98
26.07
26.89
20.69
21.33
23.98
22.27
24.73
23.02
26.85
23.05
21.02
27.95
26.92
25.77
27
23.03
23.38
23.68
13.46
15.88
21.32
24.1
21.13
30.21
34.04
32.67
27
23.24
26.65
24.06
16.11
22.09
17.97
9.75
8.28
22.27
27.49
26.13
24.77
27.39
26.95
27.14
27.9
28.38
29.1
26.56
18.36
24.46
23.18
17.31
16.27
15.63
12.96
23.36
26.46
29.54
28.51
24.35
18.94
9.45
15.88
12.85
20.65
15.4
17.18
20.29
22.03
18.29
17.61
18.4
11.07
15.58
22.72
22.23
21.95
25.31
19.7
15.92
22.36
24.42
16.91
15.69
18.97
25.01
27.64
25.34
20.58
28.03
26.38
21.6
22.81
19.33
18.02
26.04
23.64
18.85
18.67
22.93
25.17
17.54
17.71
19.67
19.01
20.08
20.18
18.55
15.74
18.74
12.43
23.02
24.79
20.41
12.01
13.58
18.33
23.07
22.86
19.12
12.43
21.42
28.05
28.64
26.65
22.96
18.82
27.15
26.1
16.63
8.2
-6.02
8.12
17.47
17.73
15.53
14.53
22.45
22.22
12.78
16.82
17.61
9.66
4.62
10.78
12.96
11
9.81
14.38
13.48
15.97
14.53
1.07
17.09
20.44
20.71
19.68
20.69
19.21
16.5
11.17
7.92
10.22
9.91
2.92
8.69
3.49
13.69
10.5
4.59
6.07
13.6
17.15
15.23
9.54
4.66
13.19
5.95
13.66
10.21
-3.27
9.56
6.52
7.23
8.71
10.05
9.56
10.24
13.39
14.18
14.8
11.67
12.08
15.95
15.62
9.55
13.1
9.25
11.56
10.72
5.47
4.29
11.17
10.95
11.66
13.38
12.23
9.08
-4.95
10.76
14.25
13.76
15.16
13.66
9.59
12.15
15.07
16.66
16.76
11.62
3.47
7.88
9.92
14.78
18.89
17.84
17.74
17.96
13.4
12.36
14.77
5.57
15.96
16.18
12.01
14.72
20.82
23.67
22.58
14.31
-0.47
15.81
23.08
23.48
10.63
18.56
20.7
18.25
15.73
20.4
20.9
16.98
16.81
19.08
15.68
2
15.19
22.73
22.48
19.11
21.12
23.14
14.25
14.33
20.65
24.76
24.29
13.98
7.57
13.45
15.76
18.39
22.18
23.09
21.26
10.93
19.8
12.67
18.42
24.68
22.94
15.44
16.14
24.4
28.22
26.28
21.83
23.72
26.83
28.39
26.83
26.74
27.86
26.14
21.92
20.35
21.4
21.25
18.18
15.85
19.15
27.96
28.81
25.76
19.19
13.58
21.16
24.84
24.12
19.62
17.29
21.23
18.84
16.46
21.81
20.38
20.07
22.36
24.56
23.42
16.86
14.84
9.82
21.2
24.23
19.46
14.69
16.68
23.5
27.11
16.72
25.84
23.78
16.02
17.32
8.1
16.78
23.42
25.66
21.95
11.14
1.85
16.32
20.74
18.17
20.19
23.69
24.79
22.76
17.38
19.76
17.26
14.17
19.74
15.67
24.37
21.79
16.94
20.51
23.33
23.1
20.06
16.02
15.77
22.33
20.12
14.55
12.23
-1.1
14.95
18.3
20.43
22.79
24.55
17.97
14.67
10.71
16.48
13.94
13.18
23.38
24.23
18.96
14.22
17.58
21.22
17.16
23.86
25.57
19.44
16.02
17.27
15.94
19.53
21.01
23.18
24.33
19.81
15.75
14.51
20.28
15.73
16.13
13.89
23.63
27.33
24.13
10.78
5.17
16.07
20.05
18.68
12.76
15.7
14.71
20.03
16.43
18.95
24.31
19.5
15.09
12.49
14.05
12.48
6.91
12.09
21.26
25.66
23.15
18.92
17.92
21.88
21.41
21.38
20.33
12.29
14.26
20.83
25.21
24.36
21.32
20.46
12.28
20.43
24.84
27.61
26.56
23.27
22.21
14.57
1.83
3.86
16.93
16.01
0.03
8.16
20.8
24.42
22.96
21.95
25.69
24.24
20.36
17.41
12.87
21.1
22.82
16.31
1.92
22.93
28.15
29.63
28.73
26.45
22.39
15.35
14.88
22.92
28.21
26.96
22.98
24.64
27.33
25.07
15.48
13.88
20.31
13.14
15.8
23.14
22.73
23.87
26.68
27.99
28.7
26.12
11.61
23.35
23.96
25
28.63
29.16
28.34
27.12
23.09
14.8
16.32
19.3
17.69
15.53
22.6
20.16
20.83
25.74
24.39
23.24
21.71
18.74
17.26
20.18
22.31
20.68
18.96
20.55
23.35
22.98
14.65
13.43
15.43
10.64
-3.98
11.42
14.85
15.62
14.02
15.12
15.73
16.08
18.77
18.22
15.58
11.77
3.44
4.92
10.24
16.18
17.73
16.23
16.9
17.97
18.56
16.04
15.19
16.57
17.67
15.23
10.05
13.95
15.22
15.78
19.8
22.41
20.49
12.68
12.5
12.97
7.74
13.89
20.16
20.61
16.42
10.82
12.27
18.72
22.79
18.66
3.95
8.78
17.03
18.2
12.25
10.61
3.72
16.28
14.83
11.59
17.51
15.62
18.16
18.16
11.22
13.52
3.67
19.74
25.08
24.02
22.76
22.11
11.63
17.48
20.11
18.13
13.58
21.16
19.53
13.52
24.41
24.88
19.51
17.28
19.56
19.02
15.94
20.33
18.24
12.41
7.78
19.06
19.96
17.73
20.47
23.66
22.35
15.1
18.42
22.28
12.84
19.41
20.14
24.21
25.79
21.27
15.5
12.67
20.14
26.83
27.18
20.41
19.37
22.2
23.18
24.81
16.83
9.83
-3.2
18.4
25.89
22.74
12.72
14.89
21.78
23.96
22.44
27.25
28.38
21.63
10.47
7.21
12.18
21.12
26.13
26.19
19.67
20.37
21.61
24.87
25.17
21.3
1.2
18.95
20.86
24.33
23.19
22.02
23.8
20.14
16.61
22.24
12.06
14.69
17.56
21.76
22.23
22.66
19.35
14.01
21.08
23.01
21.98
22.67
15.36
20.06
18.36
18.23
18.96
7.96
17.95
22.32
22.99
20.62
14.7
20.1
18.78
6.04
2.8
16.72
18.48
1.7
19
23.41
23.11
17.44
18.23
20.64
10.34
21.63
21.4
17.82
22.7
16.07
16.42
20.78
21.34
26.09
24.34
18.45
23.15
12.57
19.78
22.49
22.18
12.78
7.22
20.59
24.11
21.25
20.99
21.07
13.89
9.78
18.34
24.02
21.83
18.32
19.57
21.03
20.16
15.57
19.17
23.94
23.41
17.37
17.9
19.75
21.51
18.75
8.46
15.64
21.69
34.27
35.18
26.14
17.92
10.13
15.18
21.69
27.8
30.34
32.64
34.1
31.4
23.96
15.53
14.48
14.15
18.88
17.44
19.48
27.78
33.53
31.62
24.18
18.3
27.83
29.35
24.57
11.81
23.52
26.62
22.18
21.75
21.71
12.9
10.62
14.06
14.98
15.99
17.82
20.9
20.51
20.92
21.9
25.21
37.63
43.7
41.69
31.94
21.07
16.34
12.39
19.92
24.81
24.03
25.26
26.58
24.57
23.02
24.61
26.91
23.42
16.45
20.42
19.74
15.51
16.15
20.09
21.86
21.5
19.14
16.25
21.1
25.65
38.4
45.95
44.64
33.61
17.06
20.4
23.92
23.42
14.85
23.72
30.08
30.71
26.3
21.56
25.32
28.13
25.44
22.22
26.26
18.77
19.23
15.96
27.43
34.56
31.89
19.84
27.51
26.67
19.81
15.53
9.61
20.65
25.45
19.62
20.67
20.11
13.57
3.47
11.1
21.13
23.1
18.85
12.79
22.8
23.71
24.54
27.74
25.63
22.37
19.41
20.66
38.43
44.12
40.92
28.95
22.39
20.47
18.57
22.04
25.75
28.14
24.64
10.35
24.31
27.31
22.97
24.72
26.76
28.03
26.17
22.37
19.97
16.88
18.28
18.74
15.09
26.22
25.08
20.59
20.87
18.9
27.37
42.43
45.4
39.06
22.66
16.51
21.27
25.67
23.81
20.44
17.64
20.07
18.49
20.88
16.7
22.99
24.64
20
18.56
21.76
22.75
20.95
15.91
25.12
24.57
16.61
23.87
24.6
19.24
18.27
17.42
10.88
21.13
23.94
19.3
25.12
25.64
21.99
19.73
24.15
28.58
29.73
27.23
23.99
24.77
24.68
17.42
21.56
22.9
19.68
18.76
22.62
27.62
40.24
44.51
39.35
21.12
13.68
13.32
20.37
19.3
14.63
17.71
-10.35
17.51
19
14.3
4.15
14.15
11.16
20.5
22.97
22.91
16.68
5.04
-0.44
11.38
6.15
21.23
21.6
12.75
19.03
22.23
18.98
18.59
17.61
19.84
26.25
23.75
20.58
24.05
27.08
26.94
25.52
21.58
11.81
15.19
25.39
30.53
29.74
18.94
17.97
22.96
20.53
7.3
18.62
26.53
23.87
15.94
25.19
29.35
26.78
16.12
22.2
4.9
21.81
25.3
25.53
23.11
24.66
25.47
20.74
15.07
11.95
20.84
30.38
39.55
39.37
29.52
30.1
27.16
19.26
25.07
27.27
24.48
30.29
34.45
28.19
21.82
13.2
17.24
21.91
30.32
34.03
30.75
26.95
26.68
18.44
26.75
22.42
28.96
29.45
24.04
8.44
26.39
33.8
34.33
27.61
22.23
24.59
19.04
9.76
20.62
25.07
31.38
34.37
26.64
25.75
26.52
24.8
30.55
33.32
31.73
28.42
25.51
24.66
21.7
25.9
28.62
30.28
29.86
29.56
28.95
29.72
31.36
28.75
26.68
29.27
30.89
28.64
27.18
24.79
23.71
18.21
33.05
33.82
26.2
14.75
17.79
23.35
23.85
24.55
22.55
26.79
45.17
50.44
46.45
32.11
17.14
18.26
22.56
18.64
35.96
47.52
49.08
41.51
26.15
21.09
23.34
25.52
22.7
25.13
30.3
28.47
18.95
18.06
14.08
21.19
23.52
19.69
18.76
20.22
24.78
30.8
31.95
29.3
28.67
32.65
34.92
32.92
31.3
30.17
27.43
29.42
29.65
31.37
30.54
20.55
22.72
29.93
33.23
31.47
29.17
28.92
29.88
25.8
24.89
30.09
28.5
23.83
23.31
31.45
28.15
16.89
21.41
27.28
28.67
22.72
28.36
33.25
29.3
26.91
30.51
31.46
28.29
18.82
28.98
30.36
28.99
22.27
30.35
27.69
23.14
23.67
27.17
24.23
23.89
26.3
29.24
28.71
20.43
19.31
24.92
27.34
23.79
29.59
31.47
28.11
24.47
26.16
29.72
29.84
22.08
26.97
32.01
32.82
31.5
28.75
29.68
28.06
24.45
23.57
22.09
22.22
21.36
25.83
30.13
26.43
29.02
32.85
32.56
27.09
20.03
32.79
35.67
33.4
30.25
29.68
29.69
29.6
29.18
27.58
21.74
24.09
26.6
25.64
31.07
31.37
31.3
30.26
24.46
17.87
-4.3
21.31
27.33
26.67
28.19
30.81
30.15
27.05
27.49
27.3
28.41
31.62
34.48
33.26
23.04
25.17
25.08
22.71
20.45
18.73
29.57
29.83
24.48
26.33
30.07
29.52
28.38
28.94
28.84
26.65
18.88
23.14
27.23
27.84
29.37
30.45
32.32
32.71
31.38
28.59
27.69
27.86
23.65
18.26
28.98
30.08
28.17
29.83
25.49
26.44
24.31
20.99
22.42
21.72
22.88
25.39
24.66
24.86
21.72
23.77
25.43
21.48
13.15
20.9
23.55
26.66
28.3
28.28
25.46
15.94
21.65
20.69
14.24
8.88
21.28
23.56
21.75
9.51
18.77
25.16
25.85
23.1
27.39
27.83
19.73
19.16
25.88
26.83
22.57
27.07
29.49
29.72
27.21
20.74
19.81
24.03
19.67
10.61
18.87
20.99
24.53
26.19
26.7
23.61
8.65
22.9
17.55
18.43
22.97
21.8
24.96
24.79
24.66
23.18
13.41
19.63
22.16
21.08
8.41
21.82
20.24
13.63
16.35
20.64
21.51
22.32
19.08
18.4
19.08
7.14
7.97
8.3
10.16
19.72
23.77
28.03
28.23
23.74
12.79
11.79
21.88
23.12
22.06
18.53
14.47
23.51
24.93
21.76
18.32
25.8
24.22
17.69
9.99
20.58
22.32
18.77
19
21.71
24.81
25.02
18.61
9.52
10.72
15.79
21.37
22.96
22.82
21.06
20.17
23.3
24.68
27.23
31.79
30.5
29.5
32.24
32.62
31.75
31.83
29.99
20.89
18.42
27.24
29.58
26.95
23.41
26.48
18.65
29.28
30.35
29.76
31.67
31.65
30.63
27.8
22.55
7.31
24.84
22.54
25.27
25.7
22.99
21.94
20.65
20.59
28.13
29.98
26.4
24.64
28.87
28.27
17.5
11.98
7.22
20.68
27.33
27.8
25.03
28.11
26.02
20.09
21.07
16.52
10.89
22.74
29.86
33.24
32.34
28.7
23.06
15.58
22.96
17.61
22.64
20.22
20.01
26.58
27.96
30.79
30.23
23.76
18.68
23.85
24.08
23.62
23.74
17.42
16.52
25.97
34.41
37.5
34.11
15.73
27.8
30.72
29.02
24.08
27.56
27.74
20.51
17.54
24.92
24.08
22.53
26.67
18.15
26.22
28.32
24.91
19.77
28.22
28.91
27.73
29.97
30.8
30.33
25.23
25.06
26.88
16.2
19.69
21.17
21.14
15.96
18.25
17.6
12.97
12.7
4.12
17.13
26.86
28.91
21.79
27.77
27.64
22.5
17.54
25.1
25.89
20.84
21.62
27.74
25.74
15
22.87
27.64
31.4
31.3
25.66
21.34
22.07
18.02
21.33
20.05
24.98
24.74
26.83
31.52
27.53
20.26
23.13
27.44
29.41
28.9
26.28
17.79
6.53
14.04
15.6
24.38
27.82
24.34
27.94
27
26
25.16
19.31
18.77
17.68
21.32
23.97
24.86
25.36
23.47
19.94
24.45
26.03
26.33
26.57
23.62
25.98
24.68
26.34
32.63
32.78
31.37
29.41
19.24
15.04
18.45
14.62
22.34
17.2
16.36
20.71
17.82
19.1
24.09
27.64
24.09
13.43
24.42
21.88
12.33
24.34
24.29
22.34
23.34
20.73
18.3
14.67
11.54
19.35
23.79
25.25
22.81
20.93
18.62
14.84
17.87
4.59
18.24
22.25
24.19
22.75
25.93
25.64
20.68
22.58
22.53
20.51
8.44
12.46
16.9
11.43
21.15
25.23
23.51
9.17
24.19
22.61
6.7
18.69
23.88
22.54
22.85
23.72
20.98
19.42
19.21
16.59
20.15
21.61
15.39
15.21
13.34
1.78
14.75
21.01
24.63
24.1
17.81
14.97
16.17
18.6
20.22
20.34
21.97
20.62
16.84
19.67
19.8
20.07
14.56
14.73
18.89
19.21
20.79
25.42
26.51
24.44
20.69
16.81
17.32
10.95
13.11
20.19
23.1
20.93
16.79
17.89
14.8
5.79
11.13
16.81
12.88
12.32
17.71
17.4
22.62
25.06
22.95
15.21
4.85
13.61
15.29
13.7
13.9
14.98
-0.78
15.01
16.42
16.76
17.49
14.4
10.38
14.81
13.39
24.29
21.55
24.74
26.53
24.4
22.72
23.1
18.25
2.31
14.22
14.59
19.78
18.89
17.76
21.14
24.36
25.35
22.98
19.64
21.11
21.72
18.5
20.76
23.44
23.04
20.65
19.42
17.68
14.54
24.9
22.42
10.4
19.55
15.27
16.76
20.99
23.2
21.78
20.33
22.76
24.54
24.67
23.19
20.8
20.86
20.41
20.19
14.71
17.95
21.84
18.16
14.41
18.67
21.51
15.04
13.68
17.33
12.38
18.98
23.85
22.05
14.63
18.34
20.16
16.71
18.72
14.04
12.65
15.48
17.48
21.43
16.67
12.18
19.67
21.37
21.93
25.28
27.95
25
18.88
20.23
22.57
25.65
3.2
13.78
26.65
29.8
25.97
21.61
22.61
20.75
22.01
24.11
20.64
21.5
22.76
20.33
21.76
20.63
21.91
23.85
18.22
19.6
23.35
23.06
17.05
15.76
20.89
12.7
19.87
22.53
18.26
20.15
26.91
26.04
25.84
28.8
28.13
22.98
19.28
21.97
19.88
19.39
15.63
23.91
26.23
19.53
18.22
25.68
27.7
25.17
12.24
15
9.76
12.33
14.98
17.98
22.23
9.67
22.35
23.68
17.78
26.06
22.86
17.45
19.24
19.5
16.69
19.38
23.52
22.1
16.04
18.37
22.55
20.25
14.9
20.74
18.92
15.09
13.64
10.24
18.98
12.44
12.19
14.66
13.28
13.97
14.23
22.67
28.16
26.46
20.62
24.13
23.34
20.58
23.25
20.38
19.13
23.61
23.33
24.45
26
22.66
19.28
23.99
25.99
22.38
19.15
12.12
15.59
16.75
21.92
19.43
16.14
19.28
19.27
19.82
21.31
21.71
21.08
22.16
23.09
20.84
16.12
8.07
20.22
22.72
21.31
21.56
20.45
5.25
21.7
22.23
22.23
22.28
15.48
7.31
12.62
18.88
13.08
24.2
25.22
13.98
21.77
25.75
26.19
21.73
6.3
29.41
35.19
29.42
18.51
14.04
18.69
21.41
22.54
23.29
23.05
15.92
20.59
22.12
18.78
14.45
17.26
20.93
22.15
21.84
17.84
18.74
21.57
24.91
26.99
25.91
24.28
22.27
21.72
22.45
24.52
25.57
25.91
26.06
25.19
20.28
17.36
22.01
19.96
15.6
5.36
14.55
16.91
22.47
25.34
26.5
25.56
21.86
18.85
19.09
19.31
22.3
24.1
19.62
14.87
17.12
18.47
19.03
8.43
8
-12.11
17.04
20.72
19.05
12.76
20.12
25.65
25.07
19.15
11.05
11.24
8.39
12.08
13.66
17.13
24.14
21.35
6.36
22.61
22.54
23.97
24.5
20.52
14.16
1.03
18.1
12.1
19.16
22.71
21.96
18.53
0.36
10.23
15.64
17.18
16.65
16.11
14.09
15.75
18.96
18.54
18.79
22.13
25.37
28.47
25.53
15.3
21.36
24.31
21.79
11.89
7.94
7.99
18.22
21.61
13.46
16.42
21.91
24.01
23.9
22.68
23.36
19.14
10.73
4.47
10.99
19.45
23
17.97
20.87
22.04
18.59
19.5
20.59
24.27
25
21.23
13.25
17.6
16.11
12.07
14.89
14.28
11.26
19.82
21.38
16.86
8.86
16.17
21.64
18.07
20.88
24.77
21.86
18.27
21.8
25.47
24.31
18.88
8.77
6.49
18.21
23.33
19.49
13.28
15.47
20.08
21.75
22.63
22.37
19.18
0.23
18.87
20.74
15.51
14.06
24.44
26.42
25.35
24.46
19.13
11.75
19.72
16.01
20.66
20.66
17.14
19.55
17.66
13.34
17.45
16.88
17.02
21.58
12.17
15.86
20.05
13.14
16.61
23.52
24.48
20.88
16.82
22.1
23.11
18.92
18.37
15.77
18.6
21.26
20.85
17.96
15.48
15.05
16.87
16.62
18.41
25.4
27.45
24.03
14.06
10.65
14.16
12.4
9.99
21.43
23.52
20.75
23.38
22.87
19.35
15.44
19.28
20.73
19.92
22.68
23.48
20.91
17.33
13.39
16.31
18.86
14.88
0.55
15.1
20.21
20
13.69
17.43
21.09
21.19
17.84
21.26
22.26
19.2
19.92
13.37
13.31
9.28
15.77
15.7
10.18
2.98
15.03
18.23
17.29
16.75
14.06
6.23
10.89
15.75
11.06
7.59
16.19
17.67
12.07
12.96
15.77
16.43
15.03
18.12
14.26
-2.98
-0.38
5.39
12.44
11.32
12.59
16.97
18.2
17.23
12.6
9.37
20.47
21.73
18.74
18.01
18.32
15.6
15.39
16.44
15.06
8.55
17.37
19.99
19.03
14.58
17.74
15.7
12.29
8.37
10.11
2.93
6.46
9.41
4.6
3.21
11.27
10.22
9.65
17.87
18.3
16.06
19.27
20.75
20.9
17.56
1.37
12.35
19.27
17.33
2.7
4.26
14.45
12.61
5.32
11.31
14.13
18.28
17.64
10.1
6.31
12.67
18.67
16.61
14.41
17.1
16.49
10.54
-4.63
15.52
19.92
18.79
12.93
10.08
11.48
3.29
8.66
17.14
19.97
17.6
11.92
13.5
13.1
6.82
18.1
18.02
13.16
-11.26
6.34
11.18
12.49
14.6
11.16
12.81
12.36
12.85
19.79
20.88
21.14
20.61
15.46
9.9
12.48
16.32
15.22
17.25
16.81
1.86
9.06
12.95
15.16
12.31
12.11
10.94
3.84
-4.83
17.19
21.98
19.93
16.99
14.27
11.26
10.49
14.89
13.86
13.03
10.8
14.05
17.68
16.45
18.53
17.4
11.58
7.41
8.11
13.31
13.76
15.7
17.36
13.95
11.4
14.2
6.19
6.99
-3.7
13.63
17.43
15.12
12.29
16.03
21
22.37
17.87
13.52
20.98
21.13
18.16
15.61
6.73
13.51
15.04
8.5
13.68
18.66
15.06
15.15
20.09
19.97
15.84
14.81
17.65
13.02
10.27
13.3
13.45
15.26
17.14
18.97
15.96
-4.42
10.53
15.89
19.19
16.38
12.74
12.02
14.2
13.6
10.53
8.01
7.77
10.04
13.03
14.79
15.57
11.15
11.23
11.95
11.72
13.23
15.47
14.18
-11.08
12.87
10.43
13.29
12.33
5.78
9.6
3.59
13.1
15.82
9
11.3
7.09
-1.89
13.27
21.63
21.74
14.75
11.41
16.75
22.04
16.56
13.59
17.91
16.76
20.02
18.8
8.82
17.36
20.31
16.42
16.01
21.08
22.4
17.25
2.77
7.51
1.95
16.33
16.44
8.01
-3.3
16.52
22.94
21.93
11.75
10.88
16.2
14.45
20.53
21.88
18.63
17.15
15.42
13.21
13.78
9.61
5.18
15.94
17.31
13.26
18.47
17.02
12.95
12.51
15.24
8.79
12.04
16.67
17.61
15.02
10.8
9.31
19.24
19.06
5.55
15.65
11.59
13.08
16.91
15.24
11.35
17.26
16.02
8.8
11.45
19.96
18.42
13.01
19.11
17.29
18.84
16.53
10.89
10.19
13.78
13.15
12.11
7.78
0.62
6.3
15.55
19.89
18.65
15.6
19.47
12.33
-3.29
8.47
13.41
13.57
10.13
5.72
4.53
13.28
16.15
15.45
7.57
11.14
17.25
17.85
16.33
14.45
13.14
13.7
12.03
14.1
20.96
21.72
17.86
17.61
20.02
20.79
20.11
17.44
20.16
23.26
20.15
9.48
9.53
10.48
12.75
11.48
11.3
10.19
7.44
15.62
20.41
17.13
4.49
15.03
17.19
16.34
16.07
11.12
10.31
14.55
10.8
12.8
14.75
5.39
7.63
4.01
10.03
10.45
10.45
13.35
11.05
5.93
15.68
10.76
14.57
16.82
15.88
21.09
15.15
20.39
20.22
15.82
-0.33
0.48
11.57
18.62
22.79
21.49
15.98
18.24
16.39
7.41
14
15.25
13.59
13.65
8.88
17.7
16.25
5.23
10.74
14.71
11.9
18.53
18.15
15.85
18.21
15.25
4.37
14.43
18.87
18.35
17.61
19.61
21.61
19.73
16.88
15.61
9.22
15
16.75
18.8
15.18
11.52
22.67
23.12
18.38
15.87
14.65
12.83
6.1
18.9
17.46
17.73
18.47
14.87
13.36
16.01
9.7
15.56
15.54
20.49
12.49
14.15
19.29
12.12
14.73
18.62
18.29
14.9
13.54
6.95
20.95
22.21
15.61
7.24
12.52
14.27
14.05
18.35
18.11
16.11
19.59
11.45
2.15
16.11
16.57
12.6
11.95
12.27
-0.85
16.38
11.63
12.03
18.28
13.34
10.6
12.56
13.21
15.7
16.2
20.21
21.98
19.52
9.74
16.62
19.97
13.4
16.65
20.61
15.82
11.44
15.02
12.96
11.79
14
8.36
1.64
12.31
13.13
14.77
13.99
2.43
12
16.85
15.6
15.74
19.95
22.03
20.3
15.89
11.98
15.89
16.34
10.61
9.45
11.83
8.71
11.72
12.2
5.92
17.02
14.56
18.62
17.96
8.37
16.71
22.4
18.58
16.99
22.55
18.52
10.61
17.98
15.22
7.98
14.39
20.25
21.15
20.77
16.87
15.69
12.59
15.47
21.13
20.27
4.53
14.43
-9.57
15.18
15.11
18.07
15.14
-0.19
8.9
16.31
17.91
10.98
8.26
11.83
10.23
7.9
17.8
17.88
8.5
6.17
5.04
3.17
9.15
17.55
17.87
15.89
13.15
17.1
13.04
8.13
10.19
15.25
20.1
15.89
15.79
19.83
19.47
20.36
19.46
1.23
15.17
21.69
18.8
18.2
22.3
18.64
21.08
16.85
17.18
21.27
18.84
4.82
12.2
14.38
22.95
22.77
18.18
15.12
18.6
15.58
16.54
17.56
16.86
20.59
18.65
12.97
18.5
20.64
16.43
13.32
12
15.92
10.64
14.38
7.81
5.99
4.95
16.39
17.86
14.17
4.81
14.66
14.74
14.18
17.34
23.25
25.7
23.41
15.47
12.03
18.21
18
14.52
16.26
15
14.81
20.29
21.25
19.3
13.18
14.98
14.99
13.61
15.21
-3.08
12.91
15.3
4.44
11.13
13.73
9.15
14.32
17.95
7.85
7.53
-9.64
17.47
22.63
19.88
18.48
21.52
20.21
14.41
16.97
13.98
9.01
8.67
14.9
19.02
7.78
11.57
13.45
18.03
14.55
-12.65
16.49
12.87
9.17
13
5.41
6.68
15.01
13.92
17.61
19.19
15.89
7.83
18.61
16.92
17.28
22.08
13.4
11.62
13.12
12.36
15.01
17.85
23.38
25.47
20.27
2.12
15.12
21.09
21.23
18.04
18.3
10.45
15.5
11.41
13.19
13.43
12.03
9.09
11.49
11.19
7.52
10.97
16.3
16.66
-11.38
6.4
16.89
19.91
13.94
8.22
13.25
14.38
9.67
6.06
15.17
14.5
10.05
16.64
19
22.48
21.46
0.91
18.51
21.08
18.15
3.96
15.29
18.41
16.69
18.33
12.65
13.66
14.17
1.13
12.73
16.69
19.04
22.7
22.52
9.17
17.6
13.47
8.94
15.36
7.29
16.22
3.71
15.83
17.86
17.35
15.86
10.68
19.96
21.21
13.57
16.99
16.52
10.78
-0.03
11.6
18.43
20.52
18.65
15.29
18.45
21.18
16.88
11.36
14.59
12.74
20.27
22.4
21.09
13.12
0.28
10.3
8.35
20.37
21.84
21.96
23.26
22.8
18.99
13.68
13.46
15.74
18.46
18.42
16.79
16.93
15.93
20.03
20.41
20.37
18.11
0.17
15.01
18.99
18.63
17.51
20.49
21.07
18.77
20.82
22.94
19.76
15.7
13.92
13.93
13.14
18.23
17.01
15.42
15.3
11.61
13.7
14.33
13.53
15.36
17.68
21.02
22.21
21.49
17.18
12.33
9.66
7.6
19.14
20.74
11.91
9.17
12.34
18.68
16.87
10.93
11.86
17.92
15.31
15.04
14.83
17.13
21.63
19.01
12.52
15.49
18
13.06
17.15
14.3
0.84
9.79
13.81
18.45
22.32
20.47
18.83
18.35
21.23
24.89
24.4
20.7
19.5
20.76
18.72
17.55
15.34
12.03
18.07
21.34
17.42
-0.07
9.77
16.37
17.23
8.88
9
10.45
18.78
19.5
19.11
16.9
18.91
18.53
15.71
15.57
16.95
14.98
18.72
18.59
17.06
9.65
5.44
18.68
21.06
17.43
16.82
20.17
22.09
19.1
9.33
10.78
10.32
16.74
8.38
10.96
12.26
10.69
8.63
18.4
17.45
17.93
19.72
19.79
16.44
4.29
3.45
10.87
19.38
19.27
15.75
3.4
12.18
16.91
11.25
4.17
9.74
14.88
17.37
15.04
7.23
7.57
5.08
13.81
15.41
15.41
13.74
-4.2
13.4
11.2
13.16
18.73
12.09
11.61
18.74
20.49
14.59
10.01
6.19
16.09
19.8
13.68
11.96
18.11
18.7
11.39
6.96
7.68
15.01
15.35
5.65
13.57
15.09
16.75
6.85
8.08
12.67
15.87
19.01
18.3
17.64
13.78
6.71
14.08
10.98
11.87
14.21
16.4
13.6
-0.23
14.32
16.19
9.84
13.39
17.16
12.66
12.52
13.48
12.35
15.32
3.4
9.93
14.55
13.47
13.2
8.7
10.71
12.45
2.18
14.33
17.82
13.79
12.99
18.05
14.24
6.3
15.67
18.92
5.13
13.74
13.11
10.04
15.34
16.43
11.3
10.11
13.19
6.05
11.34
6.38
11.62
12.92
15.06
16.69
14.56
12.68
15.79
14.83
16.52
19.11
10.36
8.87
10.78
13.96
16.59
18.25
15.58
12.9
12.96
11.38
11.52
15.75
3.71
10.89
12.88
10.3
5.61
15.9
19.01
17.58
15.61
15.39
15.04
20.05
14.28
15.35
-6.88
13.15
12.12
9.86
11.15
18.55
18.77
18.36
18.63
12.03
15.38
20.44
15.26
9.52
16.36
19.42
16.72
12.8
7.63
8.93
17.8
18.89
11.37
11.32
19.05
20.93
14.2
15.83
9.79
8.27
16.05
15.65
10.2
8.1
10.8
14.94
14.24
2.59
2.7
-1.36
-20.81
5.12
10.7
15.37
14.45
4.83
7.76
10.94
9.56
4.4
9.22
10.44
17.04
17.79
11.46
13.9
17.68
17.9
13.1
6.84
12.72
10.64
6.38
6.91
8.55
14.06
15.12
15.08
8.88
3.98
0.72
3.1
9.35
12.5
7.21
12.01
15.14
16.49
12.72
9.53
5.72
11.99
11.51
0.47
0.25
9.02
12.58
12.02
11.82
8.95
17.29
16.91
16.21
9.23
8.44
4.2
5.82
12.54
10.04
15.17
5.78
15.1
14.51
9.07
10.87
5.42
-2.38
12.2
14.62
11.67
3.44
9.91
11.82
10.26
11.18
9.46
3.92
4.09
14.14
15.9
15.7
16.92
13.09
11.72
15.57
7.49
6.19
1.45
12.82
7.69
6.67
5.55
8.39
0.53
14.22
20.81
22.26
19.02
4.35
14.29
17.58
17.79
14.51
10.71
3.75
6.45
8.81
-6.79
8.56
11.47
3.76
10.97
9.9
11.8
16.24
10.91
17.17
20.83
18.8
14.71
15.37
14.73
14.36
13.02
15.47
10.74
4.57
14.2
14.82
13.2
11.95
12.13
8.02
12.94
4.62
8.91
9.51
12.37
7.6
12.57
14.12
5.68
10.62
7.72
8.49
10.69
7.04
5.54
13.15
12.56
4.67
6.89
19.36
18.1
10.54
14.71
15.05
13.36
14.03
12.69
11.65
14.09
14.71
13.42
12.63
11.46
1.91
7.89
12.63
17.49
14.62
12.44
12.58
15.56
18.03
14.64
10.95
6.46
-6.87
5.8
3.11
13.48
18.07
15.96
12.45
14.06
-2.54
2.86
7.29
8.02
0.59
-2.01
11.01
10.51
10.29
15.21
17.14
15.06
5.74
-11.24
-14.36
-3.87
2.19
13.75
14.97
9.72
10.65
10.34
12.84
12.87
11.23
11.74
14.46
14.38
7.78
10.11
0.33
7.82
11.56
9.33
4.31
5.13
6.22
5.94
9
8.29
6.85
17.95
18.41
17.59
15.89
8.04
11.78
17.52
18.17
9.53
8.9
17.12
18.1
15.28
14.01
15.34
12.34
12.61
17.14
17.82
19.59
18.29
10.79
12.94
10.4
11.75
15.56
15.31
17.32
14.75
2.93
11.82
10.28
4.56
6.85
10.17
11.35
14.91
19.99
19.91
15.19
10.24
16.26
14.32
15.31
20.06
19.57
3.27
13.92
10.29
13.53
17.07
16.27
13.75
18.02
19.6
16.81
16.14
16.24
11.91
5.84
10.32
9.9
11.94
10.67
9.34
2.26
0.59
7.7
8.76
7.77
7.84
11.86
11.02
11.38
11.47
11.05
14.86
15.94
15.87
15.75
15.12
13.63
10.31
5.75
7.94
3.27
7.35
3.64
4.02
11.45
15.17
17.7
15.14
10.38
15.16
17.41
13.16
12.03
12.95
-2.74
1.37
11.21
9.3
4.7
5.4
7.95
8.98
17.84
19.06
19.07
16.12
11.55
12.95
11.47
7.39
12.14
14.91
14.92
9.44
1.08
4.08
12.17
11.71
9.5
3.85
5.92
8.62
9.02
11.92
13.12
14.74
12.62
10.63
12.68
15.71
13.94
2.82
5.18
13.08
18.13
17.33
14.17
15.21
14.12
4.88
6.56
8.46
12.37
12.12
8.39
13.68
17.12
14.64
16.37
16.04
13.33
7.59
3.21
7.2
1.08
8.4
14.69
14.21
12.9
10.71
2.02
15.01
17.52
13.96
8.65
10.09
14.96
12.59
15.97
14.63
10.46
11.92
13.17
11.57
4.63
5.04
10.89
10.07
12.87
10.12
9.96
8.37
9.23
15.69
14.69
16.51
17.28
14.5
-0.32
14.27
16.54
15.93
12.34
-7.25
9.1
12.71
9.56
2.77
12.06
5.02
3.45
10.39
15.73
13.28
13.29
17.68
21.3
22.28
16.85
4.58
13.39
14.78
13.87
12.25
14.04
15.46
11.27
7.42
12.07
10.96
-0.25
10.86
13.04
16.62
13.01
12.82
11.48
12.97
4.99
5
6.55
12.96
12.16
10.13
-1.12
12.3
13.59
12.25
5.86
1.19
2.84
3.87
10.59
16.24
19.54
17.12
12.18
-5.73
12.91
16.13
15.58
15.92
11.96
-2.62
12.39
14.53
14.2
15.29
14.65
15.27
11.67
-3.62
6.9
12.77
16.05
15.83
10.91
12.58
10.44
10.79
12.94
15.11
13.02
9.38
14.58
8.33
7.7
8.67
12.12
18.24
17.97
16.5
15.24
15.15
11.45
1.87
7.97
10.53
11.41
7.56
10.1
14.46
9.94
-1.47
7.49
7.95
4.33
8.84
1.22
3.09
7.79
4.29
4.86
11.35
14.72
11.81
12.16
15.63
10.5
6.37
12.01
11.61
10.61
5.63
13.72
14.87
8.15
12.54
17.23
12.3
7.05
10.53
4.95
3.86
-31.01
10.73
16.91
16.91
12.41
10.36
12.15
9.23
2.83
15.2
17.63
17.11
16.23
16.51
19.71
18.55
16.22
17.1
13
12.9
13.85
16.13
15.03
15.76
16.83
9.94
10.79
14.73
11.82
9.52
6.76
9.52
-1.98
8.8
16.12
18.74
14.75
13.64
16.73
12.97
7.19
15
14.93
6.44
15.56
18.01
9.07
-0.75
3
11.7
13.64
10.08
9
17.91
20
19.12
16.47
12.84
-3.46
11.84
9.21
3.39
7.94
8.51
13.9
15.83
12.76
10.82
15.12
13.27
13.87
12.63
3.81
7.38
3.34
16.46
17.67
10.8
12.97
14.6
8.25
4.28
15.65
19.9
17.11
10.92
11.11
16.13
15.39
4.13
6.58
10.29
8.88
10.05
10.01
4.71
2.44
1.4
12.74
17.5
16.44
13.6
9.35
10.81
2.26
14.89
19.68
16.85
-0.21
8.8
5.53
5.19
6.26
3.1
7.2
11.06
7.9
9.52
15.71
16.79
10.1
-0.93
4.14
7.29
5.86
8.5
11.85
15.7
15.64
12.43
9.84
9.72
9.92
5.47
12.05
18.21
17.7
11.56
4.85
9.65
-0.48
12.92
17.35
14.35
11.16
4.6
13.27
14.96
7.6
4.72
15.99
17.08
12.74
6.96
3.65
-0.18
5.1
-10.67
7.16
12.63
13.64
13.36
13.97
9.69
15.63
15.67
5.92
12.52
15.29
14.22
12.35
9.42
11.81
11.68
7.34
0.72
8.15
9.2
-2.18
-2.23
8.54
9.55
12.41
11.38
11.24
12.97
11.77
7.64
2.86
8.64
7.11
6.46
7.91
12.14
9.93
6.35
-1.98
7.85
13.7
10.28
8.63
10.22
13.3
12.82
8.74
8.93
6.6
6.68
2.45
5.71
10.72
10.91
8.71
2.54
13.01
15.23
12.43
11.44
11.59
14.46
14.59
15.2
8.47
5.42
1.75
11.65
9.44
13.45
13.77
6.99
3.68
1.67
12.06
14.45
8.2
10.24
6.85
1.85
2.04
10.68
7.41
15.51
14.81
3.85
-10.09
7.62
10.21
7.49
12.78
-8.79
11.3
16.28
18.74
18.09
12.94
8.71
2.18
12.94
15.59
15.79
14.63
8.54
2.76
-7.5
10.39
16.31
18.24
17.05
13.51
11.86
10.66
13.66
16.34
12.81
15.67
18.27
15.96
16.98
12.48
7.23
16.25
17.17
9.42
8.47
10.02
10.29
9.81
4.85
11.97
13.41
9.5
8.13
13.14
15.21
13.74
12.48
-9.53
16.61
18.51
16.27
11.15
11.55
14.3
13.99
12.53
4.52
6.94
8.85
10.41
6.95
-5.22
5.73
12.35
16.33
13.73
9.01
12.01
14.84
15.74
13.34
9.46
6.58
4.67
9.71
14.79
13.23
6.24
12.76
12.86
12.53
12.63
11.63
8.39
16.16
19.6
21.03
19.05
9.66
6.58
10.13
10.14
2.75
7.65
13.88
14.87
13.33
12.53
10.45
11.3
13.61
10.7
16.66
15.76
9.2
7.24
10.31
15.19
14.44
10.85
9.26
16.66
17.37
12.55
10.12
15.52
17.54
17.01
17.22
11.36
15.45
16.44
10.22
16.46
17.14
11.07
8.22
13.99
12.6
13.81
13.01
4.99
15.06
15.27
16.25
16.13
8.31
12.33
16.61
13.87
4.67
10.2
15.54
12.82
5.68
10.04
9.65
8.93
16.46
19.87
19
11.41
7.64
4.98
-2.59
5.66
2.48
10.95
14.81
13.92
13.04
13.67
12.76
6.97
14.4
18.65
16.95
11.23
12.12
17.28
11.81
14.88
15.51
3.38
9.01
7.11
11.75
13.86
17.81
14.71
3.44
3.11
2.72
11.12
13.97
13.42
13.06
-2.33
12.78
15.23
11.88
10.21
6.87
11.76
19.18
18.2
10.94
-2.04
13.83
13.05
12.93
18.7
16.86
7.02
9.65
13.91
13.03
6.02
0.55
-2.91
-3.1
7.81
8.52
16.79
18.14
14.58
9.18
6.74
3.39
12.96
16.75
12.64
10.26
4.14
16.37
18.51
15.17
10.09
3.14
10.86
10.01
12.25
13.13
6.14
12.04
20.85
23.33
20.69
19.37
17.94
6.7
11.29
11.22
1.55
9.7
15.91
14.99
8.25
14.13
10.81
-1.17
7.89
13.91
16.58
18.14
17.67
16.42
10.98
10.03
17.12
16.93
10.66
10.61
18.27
20.66
20.08
16.95
8.27
6.65
7.22
3.43
2.58
14.86
16.6
15.67
13.79
12.31
12.49
15.44
14.33
12.15
14.67
11.87
-2.81
13.03
15.74
16.74
16.85
10.73
12.52
20.25
21.63
17.66
10.6
6.05
4.48
12.32
13.66
7.88
4.75
11.72
8.88
13.55
16.43
9.79
10.11
4.28
10.91
14.21
10.96
5.79
13.64
10.63
-0.66
5.22
11.88
16.35
15.07
12.16
13.44
2.29
12.4
15.16
14.19
6.7
16.1
18.54
11.11
9.19
15.12
12.53
14.64
13.1
13.06
16.99
16.67
12.71
12.83
14.06
5.51
15.12
13.62
3.93
13.93
17.89
17.48
18.56
16.53
7.29
14.23
20.32
20.15
17.84
12.09
13.36
19.91
20.97
18.99
16.02
14.82
12.46
9.56
9.03
15.2
14.7
5.29
8.59
8.14
9.57
7.53
3.15
0.47
12.14
13.97
12.55
7.18
-4.98
0.69
13.21
16.18
10.8
5.5
13.26
16
14.27
-2.62
8.64
8.32
12.67
14.97
10.37
12.29
14.34
10.5
13.89
6.73
6.42
13.99
16.02
10.73
-14.62
5.8
8.81
6.24
6.05
-7.76
6.94
9.29
4.25
8.33
9.2
12.9
17.27
19.65
17.64
13.43
7.49
12.31
14.1
1.67
10.46
6.03
1.21
1.22
8.01
10.78
2.5
-1.2
10.04
13.91
12.93
9.43
-1.58
2.19
15.4
18.69
13.25
5.9
14.21
14.65
14.83
6.41
12.38
15.91
12.2
14.86
18.57
17.6
7.34
13.17
15.97
13.61
12.77
6.78
10.24
14.06
12.08
6.19
6.44
-0.03
4.03
15.33
19.49
18.79
13.54
13.17
14.88
-14.17
16.12
17.65
16.31
2.03
11.44
12.7
11.74
-5.86
8.5
11.21
8.81
-1.34
7.67
7.22
5.72
6.12
13.42
11.99
5.17
10.36
12.17
15.94
12.76
11.33
7.79
2.32
12.31
15.99
16.68
12.09
11
7.33
13.05
10.99
12.54
16.94
15.91
15.59
11.11
8.86
13.26
13.01
11.02
9.8
14.21
14.91
15.92
16.07
14.46
12.51
9.29
-4.22
6.09
3.95
-0.22
4.96
2.21
2.75
12.7
7.44
11.14
12.68
14.12
16.23
14.89
-6.52
10.99
-3.89
-3.65
-4.16
7.91
12.49
2.38
5.19
0.52
2.17
13.54
12.5
10.39
9.82
5.98
6.78
13.54
16.97
15.85
11.5
-1.7
9.5
13.31
12.73
10.11
10.11
-5.16
5.44
6.3
14.57
15.38
16.49
13.99
-12.16
5.81
-2.48
-4.38
5.86
3.37
5.41
12.51
13.83
3.66
7.65
11.07
10.65
11.17
11.7
4.09
5.4
9.68
10.2
18.01
20.13
21.7
20.22
13.66
2.39
11.83
17.91
16.2
12.87
10.53
13.77
10.64
-2.17
8.82
14.5
16.65
10.97
4.39
9.56
10.66
9.59
11.03
13.26
10.68
6.94
-1.48
-14.48
4.41
9.11
14.03
12.19
12.75
10.58
12.98
11.14
5.53
7.02
11.28
0.55
6.92
5.59
1.87
3.4
-4.62
4.46
9.19
8.34
1.32
5.47
9.71
10.56
10.22
-7.2
9.12
10.37
13.43
15.11
14.72
9.52
-3.41
5.59
5.58
0.27
11.11
16.58
14.22
18.21
21.4
17.57
7.89
13.3
15.83
16.15
11.28
19.64
18.91
16.64
18.15
17.3
12
3.34
9.26
11.74
14.32
8.13
-3.64
-1.93
9.91
17.05
14.2
6.88
12.88
2.5
11.78
13.82
12.31
7.65
11.51
8.98
-5.43
12.03
14.63
7.28
1.03
11.35
9.98
1.28
0.47
6.73
11.17
13.38
16.06
16.58
14.72
14.44
12.6
5.63
-1.8
2.74
13.62
15.05
12.8
8.97
11.93
16.17
12.88
11.22
14.99
16.26
11.16
6.7
-6.27
13.14
18.51
20.01
17.73
16.85
15.5
-5.5
5.19
8.5
11.09
17.23
19.44
16.64
14.18
10.27
0.78
14.09
12.72
0.05
13.18
14.65
12.95
5.64
10.24
9.59
-5.21
-3.67
0.58
9.56
0.59
6.84
2.35
1.6
9.39
8.01
6.53
11.8
13.86
14.75
10.42
-2.25
11.52
15.08
16.66
17.88
17.88
12.33
-1.19
10.02
11.77
8.88
10.76
11.23
10.49
8.06
12.31
17.98
18.2
13.17
6.14
6.4
14.4
5.66
13.28
10.26
10.71
7.87
4.37
12.11
10.68
-2.27
12.99
17.2
19.65
17.47
13.33
12.25
9.68
11.81
16.82
17.27
15.26
-0.8
12.76
8.05
12.31
16.38
14.7
15.21
17.08
15.77
9.15
12.44
19.06
19.85
17.68
13.81
7.05
6.64
12.6
13.17
6.47
10.22
10.99
9.56
6.64
5.85
10.79
13.05
7.68
8.5
13.56
8.85
10.59
8.68
9.63
