6.6
9.29
11.31
1.79
3.26
8.85
8.22
0.05
-0.13
7.44
13.74
17
12.68
3.41
6.52
4.86
10.64
11.5
9.95
12.21
8.58
4.98
6.8
13.06
11.42
0.15
4.35
-4.21
5.9
10.9
13.65
13.94
11.05
7.94
12.79
12.19
8.65
9.22
11.21
2.98
7.91
4.99
11.15
17.86
19.5
14.69
11.4
13.38
10.87
6.36
-0.29
8.38
12.87
6.27
4.71
8.81
10.3
15.55
17.03
13.65
14.22
16.93
15.35
9.73
-1.98
-1.14
4.36
6.5
7.11
4.02
4.15
3.95
12.29
5.83
2.66
2.44
13.27
16.65
13.86
10.96
13.6
11.49
3.8
-6.99
8.7
9.74
-1.17
6.56
7.06
12.23
14.27
11.86
-0.19
12.17
8.74
4.76
9.83
7.7
9.61
11.12
7.78
5.29
4.69
-4.08
7.17
0.02
10.69
9.97
6.91
11.17
16.16
13.49
7.02
4.58
10.44
13.81
10.76
9.39
10.25
3.73
5.67
1.96
6.86
4.8
4.09
12.16
13.43
12.29
6.28
2.42
0.19
13.88
15.15
5.54
12.81
13.59
9.71
2.87
12.41
10.21
13.41
14.32
10.52
8.08
11.25
10.83
7.25
5.42
0.98
1.75
-0.65
10.24
11.5
12.4
14.31
16.52
16.4
8.47
2.9
-5.84
3.74
-0.9
11.76
12.44
8.07
-3.57
4.59
7.1
-0.66
-1.44
-6.83
6.67
8.85
6.42
11.73
11.89
6.91
5.35
7.26
12.26
9.26
8.07
8.43
8.62
9.23
3.01
4.98
11.9
11.01
-6.16
6.49
11.46
15.35
11.36
8
10.74
15.31
14.63
14
14.26
14.56
11.75
7.78
4.48
3.93
0.41
7.43
0.97
13.51
13.55
5.95
6.7
13.71
12.64
6.49
4.33
-8.5
-5.86
-1.76
6.39
7.76
7.29
-0.45
0.09
4.21
13.82
15.71
11.22
5.19
5.75
10.41
9.04
1.74
-2.49
-4.4
1.25
0.91
9.51
11.09
10.15
9.95
5.54
-2.6
5.55
13.15
15.35
13.26
9.38
11.71
12.51
7.66
10.68
12.46
8.76
-2.34
10.35
11.73
11.32
14.48
17.41
14.01
9.69
10.4
-10.63
6.94
10.9
11.36
7.28
13.15
11.18
-6.05
8.84
4.36
4.69
-18.7
-2.17
-0.55
0.69
4.69
-1.73
-2.11
10.3
14.89
12.16
13.97
15.99
12.45
5.03
-1.62
13.04
15.55
6.23
3.82
-3.8
1.64
6.43
10.57
11.29
13.91
13.37
8.02
11.67
14.27
15.11
14.27
8.95
10.61
10.43
8.04
13.48
15.12
14.47
11.05
5.71
6.98
9.45
5.22
-3.97
-0.88
8.95
11.11
8.1
12.77
16.43
12.25
-20.3
0.18
8.85
12.86
6
1.82
5.35
-0.24
4.78
10.38
8.92
8.1
12.9
16.45
16.7
12.53
12.25
16.66
17.22
11.96
6.13
-6.8
9.16
10.92
-5.86
0.91
7.15
13.21
15.79
14.8
15
19.64
18.98
14.42
4.42
-0.57
5.09
0.59
7.65
10.24
10.25
8.29
6.92
14.85
17.21
18.15
15.08
4.13
-2.44
8.33
10.85
7.34
6.99
0.56
-4.69
4.48
6.97
4.38
9.92
6.79
-17.29
4.06
3.94
4.4
12.59
13.17
11.2
3.43
1.53
5.31
4.86
0.51
2.84
11.68
13.27
12.72
1.32
9.59
4.13
9.84
4.37
5.94
10.57
10.72
12.76
12.76
0.24
1.55
-2.68
-10.08
2.26
4.8
7.59
6.67
5.71
10.26
13.01
13.78
4.73
7.43
8.31
3.57
3.95
6
0.6
9.66
7.98
-5.35
8.59
11.64
5.84
-5.49
4.15
10.38
12.8
10.11
-4.3
-7.67
5.05
8.66
10.41
8
7.08
5.65
-9.05
0.57
9.29
14.03
10.64
10.19
13.72
12.51
11.39
-7.48
15.06
17.83
15.64
9.38
7.11
14.34
15
10.96
5.69
-3.36
6.58
3.91
8.75
14.78
16.68
15.86
14.2
10.47
-0.09
5.49
7.81
9.95
11.88
13.79
10.19
9.45
8.65
11.08
14.2
14.27
2.1
12.52
13.02
3.65
13.21
18.14
14.88
7.8
8.63
-0.43
6.31
7
8.61
14.66
10.61
4.48
11.1
14.29
12.82
10.4
9.62
7.04
10.05
9.52
13.55
13.75
5.95
9.1
8.65
4.46
1.67
8.59
5.35
1.46
-1.41
-4.51
2.85
3.34
7.05
11.72
10.19
4.67
4.17
7.5
11.45
9.53
5.88
0.53
10.02
9.96
5.1
13.41
17.17
14.3
11.71
14.09
17.12
17.82
15.43
11.48
3.5
12.8
13.73
14.13
13.16
10.83
11.9
14.31
14.53
9.28
0.7
9.56
9.64
8.45
4.45
0.74
3.91
3.92
-5.75
6.32
9.67
10.86
13.66
12.46
0.23
-4.43
6.79
9.95
10.11
11.69
5.71
8.55
9.84
4.6
-8.47
-6.83
4.32
-4.63
11.82
11.14
3.64
11.93
14.99
13.78
5.37
11.36
7.84
9.52
10.4
15.27
16.71
13.67
10.11
2.87
7.48
11.06
2.43
5.4
8.52
12.88
14.34
9.13
3.91
5.16
11.19
7.32
3.55
3.81
0.47
6.06
10.91
13.34
12.38
10.25
8.28
11.42
7.91
2.41
0.45
3.53
9.12
7.89
7.8
3.02
-0.51
6.75
10.74
10.64
7.54
5.04
5.75
6.27
3.72
0.36
9.39
11.01
9.16
9.97
15.62
15.77
15.52
16.17
4.62
7.97
8.18
11.06
13.81
11.32
9.95
14.24
17.98
15.45
6.9
6.58
10.4
9.21
5.97
10.59
13.44
4.63
11.09
10.09
9.4
12.45
9.23
2.14
4.01
7.98
11.75
12.45
9.46
9.61
5.6
9.39
1.53
9.74
12.65
13.02
7.73
3.11
12.37
12.23
-1.34
9.33
11.97
13.67
9.83
2.73
6.76
13.59
11.48
-2.57
-8.88
6.89
7.17
9.86
13.21
15.43
11.12
0.94
10.31
11.29
3.01
14.43
14.18
10.01
5.32
8.99
9.99
16.41
15.59
11.3
7.27
7.09
-11.99
9.55
10.48
11.8
13.33
10.66
1.24
-3.87
8.27
5.97
1.15
5.32
-1.92
1.99
5.25
9.55
12.45
16.09
15.88
11.67
-2.46
6.53
12.55
12.44
13.44
13.66
8.82
-12.15
6.21
3.28
0.66
-12.88
9.6
3.82
4.28
5.13
7.36
11.27
14.24
13.41
5.32
0.48
11.42
15.06
11.62
-1.92
5.32
9.11
-1.5
6.58
5.1
12.95
12.31
9.04
5.09
9.31
5.98
9.17
9.64
6.8
4.61
-6.52
-7.76
3.17
0.66
4.76
-1.17
6.52
10.28
8.39
7.92
8.76
12.94
15.45
12.46
7.53
4.08
7.3
20.48
20.85
10.34
15.94
12.72
20.1
22.79
16.84
20.86
22.17
26.17
26.41
20.88
18.24
11.7
13.22
17.16
13.27
11.09
18.06
23.15
23.26
23.39
21.3
14.46
16.22
19.21
15.93
19.63
-1.78
16.91
19.49
19.14
18.7
20.89
22.32
9.83
13.77
22.8
23.56
17.73
16.91
4.34
13.63
18.61
20.97
13.6
12.8
22.97
29.44
28.39
21.59
20.06
15.2
27.95
31.55
29.55
24.91
23.14
25.78
27.21
26.47
20.77
6.76
13.23
15.37
22.33
23.33
14.11
20.17
17.86
18.58
22.58
22.28
23.51
25.88
23.52
16.07
17.49
17.91
15.79
17.27
12.26
25.97
23.45
16.65
16.22
13.52
13.86
18.17
18.11
17.17
20.79
19.06
22.2
19.24
17.6
25.64
22.48
15.3
15.5
17.74
17.32
16.77
16.34
9.84
13.15
19.16
21.24
19.69
13.19
6.12
18.47
23.14
23.17
21.92
21.85
19.17
19.92
22.23
20.14
13.5
10.94
16.06
18.6
19.16
11.42
16.05
22.81
20.91
24.9
25.28
23.17
20.52
18.95
28.3
28
13.73
14.64
12.23
11.41
18.13
12.44
13.25
4.45
15.4
23.32
31.42
30.74
23.42
20.3
24.83
25.26
21.39
21.05
19.6
16.64
9.29
18.58
22.41
26.26
27.66
25.02
19.86
23.53
23.61
25.5
15.58
17.08
22.71
19.28
20.69
20.74
17.85
22.39
25.7
23.13
18.09
17.24
23.8
15.51
26.02
21.51
18.6
23.27
19.58
19.46
25.59
22.4
19.36
27.45
24.99
21.61
19.14
19.38
23.88
18.28
12.94
24.89
25.34
23.36
24.21
26.18
27.09
25.13
20.98
15.53
18.36
17.59
14.75
17.41
19.78
24.28
25.2
22.42
16.34
22.66
22.86
12.85
22.15
19.8
24.11
21.49
10.84
16.49
18.15
19.07
21.95
19.6
21.84
17.9
19.8
15.31
12.12
17.26
13.07
16.21
14.25
19.11
16.59
18.2
2.28
11.29
16.22
17.95
15.33
18.14
19.23
20.39
23.37
22.65
19.56
17.14
13.66
21.38
22.54
18.21
25.13
27.72
23.31
18.46
21.07
20.59
25.04
25.18
20.93
16.13
15.32
19.82
21.3
14.63
11.7
20.33
19.33
14.88
19.46
19.79
14.55
17.4
17.6
17.59
15.17
9.47
13.98
16.57
22.58
24.44
21.45
13.19
8.17
13.44
15.68
19.37
22.66
18.03
19.82
11.38
22.68
25.48
21.32
-2.42
14.07
15.46
7.21
18.32
19.66
16.99
13.04
17.3
26
28.09
21.88
17.55
17.08
22.94
19.93
12.78
8.95
18.63
15.72
20.11
23.82
21.94
19.45
20.64
19.72
16.73
13.99
15.5
7.19
9.74
10.62
-11.86
14.08
16.71
12.65
15.86
12.77
4.59
9.76
14.33
11.69
14.31
17.88
18.06
20.56
19.14
17.53
21.29
22.22
20.32
16.41
6.81
1.35
12.99
12.13
11.51
14.89
17.21
13.13
2.16
9.43
5.71
14.33
17.27
17.69
11.41
6.05
15.64
14.77
13
9.52
5.85
9.61
12.2
15.99
19.34
19.09
16.01
13.39
5.24
8.79
1.66
-4.12
7.52
10.26
8.42
5.12
1.35
1.57
-0.16
6.1
9.21
11.77
14.71
14.81
6.14
3.59
0.33
12.01
19.62
18.84
15.97
21.41
22.44
20.26
16.61
23.86
25.54
23.51
20.82
22.85
23.39
21.25
20.53
17.42
8.04
22.8
27.08
28.35
27
26.87
27.25
26.1
25.69
29.22
30.09
26
15.57
17.49
23.29
25.69
27.58
25.33
19.32
21.08
23.67
23.64
24.33
24.17
21.82
20.49
19.35
20.63
24.8
22.18
15.85
19.27
20.13
18.14
8.99
19.53
21.96
27.44
30.87
29.96
27.3
26.78
24.71
19.91
18.69
21.73
14.64
20.25
25.72
26.81
25.17
23.3
22.3
20.53
21.4
24
24.54
26.68
31.02
30.8
25.89
21.83
23.05
24.89
24.28
24.33
26.52
26.24
21.88
18.83
24.72
27.26
25.01
20.31
15.34
24.47
30.19
29.15
23.74
19.59
23.96
28.79
30.68
28.16
18.68
24.79
25.44
22.27
24.49
25.98
20.93
15.17
27.38
29.66
22.98
20.19
25.21
23.73
22.67
24.9
27.69
27.8
23.69
19.06
18.75
17.51
18.15
17.78
21.97
23.26
18.68
19.39
20.04
24.26
23.31
20.63
23.51
17.74
17.63
16.7
10.72
17.95
16.11
14.79
18.45
17.38
21.19
23.4
23.63
25.82
27.06
25.98
19.82
15.15
16.61
15.59
13.46
23.9
29.36
26.14
14.43
24.35
26.29
27.47
22.92
27.03
28.48
22.24
22.38
19.25
7.88
14.75
13.49
9.49
17.65
18.81
5.24
20.96
18.39
15.98
12.16
21.13
23.09
15.66
13.96
15.23
12.04
13.75
18.42
20.55
18.13
21.28
13.4
10.88
10.44
8.2
20.74
19.9
20.14
21.96
21.01
27.69
27.65
23.28
19.61
24.08
26.71
24.76
21.89
18.9
19.82
25.17
27
26.3
18.83
20.47
25.09
19.4
20.23
19.92
23.17
16.49
19.51
23.68
22.41
18.13
25.04
25.33
15.01
19.94
19.03
17.75
11.53
20.72
13.84
23.86
28.21
26.26
-1.15
21.1
20.44
16.73
15.94
21.99
15.5
19.44
27.37
27.76
16.41
18.22
14.86
22.91
25.82
20.91
14.44
21.82
27.02
21.77
21.39
19.82
24.45
28.39
24.17
18.14
23.66
23.06
23.71
22.41
24.86
26.97
22.87
13.63
23.69
27.39
24.58
23.87
27.08
27.54
27.64
27.38
24.18
19.33
12.86
21.86
19.18
-1.88
18.29
20.55
12.43
17.51
18.96
12.46
22.97
20.77
19.7
22
11.95
19.09
17.67
16.41
17.91
4.26
19.69
25.2
26.28
23.11
14.66
11.57
19.26
18.02
7.1
-1.94
13.45
17.64
9.12
14.81
16.89
20.39
19.39
16.54
20.1
21.08
24.13
24.25
22.41
18.9
22.08
23.91
20.03
8.43
12.24
17.55
19.18
8.51
18.09
19.28
7.02
19.69
25.29
24.94
17.94
21.07
25.01
24.58
23.83
23.09
22.12
19.75
8.51
15.37
18.01
18.09
18.06
16.84
11.6
4.03
8.3
16.09
18.78
3.43
22.38
25.55
21.54
17.34
19.09
24.28
26.72
26.47
23.65
11.44
19.86
14.26
8.31
15
19.27
19.96
19.5
21.53
22.05
16.07
11.51
13.91
17.19
20.44
20.84
22.39
20.68
1.66
17.09
18.55
11.46
24.08
23.06
13.77
12.33
19.15
18.97
12.43
13.96
16.09
5.03
19.21
21.91
18.29
14.24
15
17.6
19.29
21.61
19.39
22.1
18.8
20.54
24.36
8.97
16.66
14.27
14.49
20.55
23.18
23.78
21.93
22.08
17.34
16.44
9.67
9.4
11.32
18.91
20.43
21.43
25.5
27.44
21.99
17.41
19.6
13.64
15.68
19.51
21.96
24
17.84
9.63
18.62
23.08
24.62
20.16
13.93
15.79
4.29
20.92
23.3
14.23
23
17.74
14.68
24.31
27.78
23.22
25
19.59
22.35
21.91
7.36
20.53
21.74
24.45
17.22
15.96
18.46
23.13
21.74
13.6
16.87
17.86
10.53
15.35
16.63
18.35
-3.92
13.08
12.57
4.5
1.5
17.27
22.46
25.26
26.02
24.55
25.02
21.94
11.91
5.47
12.4
23.52
22.14
10.99
19.55
18.5
15.15
17.37
17.23
18.5
19.33
8.31
13.96
19.44
22.48
19.67
9.88
11.78
21.2
23.28
18.25
23.7
26.04
26.35
24.79
22.01
18.94
11.69
18.31
8.7
18.93
24.72
20.91
18.84
21.25
20.09
18.86
24
25.16
24.19
19.34
12.22
21.88
31.57
32.51
23.51
19.29
27.09
27.7
16.3
17.23
18.23
13.51
23.44
32.29
31.57
23.82
15.11
25.81
25.24
19.2
18.21
21.45
24.09
26.71
27.67
24.4
19.65
24.74
24.83
22.17
21.73
-0.55
12.64
16.65
16.77
17.27
17.65
27.55
26.68
22.59
20.53
17.62
19.57
14.09
15.78
20.5
20.58
31.66
42.5
44.7
37.97
17.66
14.27
22.35
26.22
27.68
27.21
23.24
21.58
26.2
26.44
24.93
19.11
16.26
13.76
17.95
19.75
25.48
28.06
25.49
16.76
21.7
28.39
25.7
19.74
21.35
37.76
45.36
43.82
34.24
25.8
26.31
27.18
26.37
21.5
23.61
26.24
20.15
11.61
18.41
12.9
22.06
21.3
20.73
25.59
21.66
21.48
25.66
22.07
18.19
23.3
15.75
22.68
27.35
24.39
22.96
25.13
23.6
16.8
16.41
14.77
13.83
16.35
21.01
14.86
24.23
23.57
19.54
25.01
24.22
7.62
20.17
18.81
18.27
15.33
14.66
17.76
22.76
35.91
42.35
39.61
27.54
12.17
3.67
21.48
25.08
19.4
24.7
25.07
25.57
30.72
32.93
27.01
10.26
20.25
22.56
15.21
10.89
20.07
24.83
23.62
15.77
20.38
19.44
18.93
22.88
20.07
12.57
30.35
42.32
44.01
36.69
24
13.46
24.79
26.03
21.07
11.5
19.32
14.72
17.66
22.7
22.82
19.57
23.86
24.67
24.17
26.71
26.75
26.05
22.15
17.07
23.22
21.18
6.26
17.77
7.09
16.67
13.98
9.38
16.95
19.78
8.09
15.55
17.6
9.45
20.98
18.66
18.2
24.29
21.64
18.46
23.15
20.66
9.28
17.93
24.89
23.91
20.6
26.93
39.47
43.91
39.83
26.02
14.26
26.15
27.75
26.83
21.86
13.84
17.13
16.32
16.75
18.31
21.28
20.37
9.42
21.82
26
25.6
18.23
20.19
20.92
12.82
20.62
6.8
19.01
27.88
27.15
22.55
16.61
8.99
8.98
19.09
27.55
28.25
21.27
17.68
24.67
27.85
27.02
20.83
8.8
23.29
26.99
21.58
0.76
11.69
12.49
21.97
23.72
12.87
21.66
23.8
17.16
21.53
24.38
26.37
27.36
25.33
21.82
26.05
24.27
21.15
18.61
20.53
17.19
6.87
22.9
25.73
23.66
25.09
31.34
37.94
36.06
25.87
24.02
17.27
20.4
27.08
26.68
26.6
20.34
32.07
35.68
28.99
21.25
30.92
31.52
30.97
32.71
31.05
27.13
17.73
27.1
26.66
22.36
17.02
11.57
22.39
26.24
21.99
17.21
28.58
31
28.3
23.04
22.49
20.93
19.93
16.83
14.16
26.32
35.8
34.05
16.77
23.51
24.09
29.27
23.82
5.43
19.96
24.31
26.72
24.54
15.47
25.5
29.24
26.19
21.72
18.6
24.87
27.26
28.19
25.56
26.8
28.07
23.53
23.06
17.17
28.73
33.2
32.69
31.76
32.47
32.73
31.15
26.85
18.23
36.63
48.02
50.49
44.24
30.23
30.48
30.3
25.27
20.28
32.22
40.89
39.92
22.24
16.06
23.57
23.23
16.34
19.75
27.07
25.14
31.12
29.12
21.15
21.13
19.33
26.36
31.42
33.75
28.57
20.02
15.87
25.49
27.69
16.38
20.3
10.75
24.76
21.23
11.18
28.41
31.52
30.66
28.15
19.91
18.07
22.23
22.57
18.3
8.72
9.47
13.92
23.48
28.24
30.06
27.49
21.56
30.93
30.72
29.16
29.57
26.01
21.37
24.37
25.71
23.56
25.86
29.07
30.9
21.99
22.31
28.19
30.72
28.87
20.46
12.42
24.62
26.21
18.05
30.35
31.73
27.78
29.06
30.17
24.69
14.43
1.55
9.65
27.3
32.53
32.69
27.89
20.57
21.58
22.64
28.93
29.2
21.1
23.51
28.1
25.94
14.09
14.82
19.91
23.76
24.34
18.9
23.69
33.18
31.93
22.09
17.97
23.18
29.88
30.29
24.19
19.84
25.69
26.24
28.37
27.14
29.85
30.52
28.48
21.92
20.72
24.72
21.56
17.58
19.28
24.44
23.33
21.59
19.84
27.88
29.81
27.48
28.83
27.75
22.52
24.01
27.72
20.02
17.55
18.89
28.5
28.28
31.55
32.25
29.1
25.88
23.86
21.61
18.96
-5.44
18.04
18.43
29.7
32.08
30.45
29.07
29.5
31.77
28.37
19.94
21.41
13.3
24.34
29.68
25.85
-1.39
18.01
20.26
26.13
16.5
28.82
28.95
25.91
24.32
17.83
18.28
24.89
25.38
20.88
20.37
23.65
12.59
22.86
24.78
20.84
17.79
25.93
23.73
26.32
30.72
31.52
29.2
22.44
23.33
24.06
27.72
22.44
18.02
21.31
16.57
22.15
16.56
13.9
19.89
8.4
22.08
24.14
23.48
24.43
21.86
19.77
21.24
27.26
12.79
25.69
27.48
22.67
15.46
19.88
25.17
24.12
19.75
21.15
23.57
12.35
26.96
26.44
19.73
21.32
15.16
9.89
12.43
18.35
21.15
12.95
14.67
21.25
14.92
7.85
14.13
24.27
24.02
22.81
24.69
22
16.08
16.85
18.97
21.31
22.38
19.37
18.15
20
10.32
15.22
17.46
21.67
22.85
20.31
23.56
20.44
19.35
17.01
3.83
13.63
21.18
23.67
20.82
18.36
17.7
17.29
18.52
20.77
20.22
18.94
22.58
20.55
18.69
5.82
12.06
1.38
18.37
18.55
18.71
23.91
21.12
18.3
21.18
23.36
21.65
18.43
21.8
24.54
23.7
16.04
-2.43
15.41
15.18
6.21
-0.3
7.71
13.4
18.58
23.67
21.01
10.64
21.9
10.95
12.89
25.7
27.66
27.31
29.06
27.86
27
27.07
23.57
22.01
20.73
15.27
23.56
21.97
22.18
30.97
31.65
24
17.82
23.14
24.75
25.22
21.96
22.92
29.98
29.2
23.12
16.13
25.06
29.92
29.3
27.12
30.74
30.5
30.84
29.46
26.85
26.56
27.96
25.14
18.17
28.98
28
20.54
19.11
27.78
31.07
29.34
28.03
22.34
14.48
23.41
26.32
23.44
20.45
26
24.64
19
27.44
31
28.5
23.24
31.19
29.94
24.6
28.35
25.03
18.26
19.62
15.03
21.53
24.46
23.71
14.73
14.57
24.78
33.65
37.41
38.13
30.78
20.26
23.63
20.61
23.88
23.15
21.2
16.5
22.7
25.05
24.65
22.11
15.6
25.31
30.75
27.9
30.28
31.14
22.58
19.26
24.68
24.64
25.24
27.66
27.64
26.73
29.05
30.49
30.16
26.54
24.33
27.13
30.08
32.28
28.87
17.88
23.09
28.59
29.59
25.44
10.39
22.17
22.21
23.12
31.29
33.38
31.47
23.08
18.93
25.62
22.53
15.41
20.13
23.19
23.26
29.95
31.56
29.81
18.95
24.36
26.55
23.83
25.46
26.93
26.09
21.73
29.05
25.74
21.7
18.25
4.59
16.34
23.98
21.98
18.47
25.87
27.92
28.72
26.88
18.86
30.13
29.46
20.35
29.41
28.66
21.79
14.89
22.98
17.94
12.76
4.51
21.8
27.17
23.94
24.18
25.83
19.14
27.04
30.53
27.96
20.09
19.73
22.21
23.54
20.02
25.17
27.2
21.53
18.93
24.18
25.08
27.86
23.64
23.59
27.64
25.94
24.79
23.89
16.49
20.63
23.23
25.11
26.09
24.92
17.57
21.77
25.54
27.43
25.9
11.41
16.26
15.3
20.88
11.4
22.14
10.74
23.83
14.3
23.52
28.5
28.57
24.89
23.53
17.09
24.52
21.27
21.75
24.6
19.8
24.75
24.45
10.13
20.86
23.86
23.19
24.69
21.55
23.13
26.02
21.45
12.73
25.25
23.31
20.23
27.57
21.78
15.63
22.72
24.06
23.26
22.25
20.79
22.91
22.13
14.29
15.35
12.08
12.53
12.23
2.87
12.91
8.23
12.36
21.12
22.95
21.57
18.57
18.47
19.78
21.93
11
21.05
19.64
12.53
19.9
21.88
19.74
10.46
17.81
22.9
21.01
14.73
19.44
24.27
25.88
19.41
19.67
15.87
14.98
19.43
22.36
21.65
17.06
11.56
21.61
19.77
17.31
20.67
13.19
14.11
16.04
16.69
17.07
15.16
12.13
12.7
19.79
12.25
11.93
10.86
-1.03
11.28
16.88
15.37
8.94
11.66
10.56
14.07
15.23
10.25
10.16
20.27
12.87
16.22
1.98
15.26
14.91
9.13
25.07
28.52
25.65
16.77
20.07
15.41
21.15
25.03
23.56
20.98
16.1
7.55
18.14
21.91
18.4
16.47
19.79
19.78
19.85
17.31
17.43
18.87
18.99
15.75
13.11
10.89
21.39
22.48
16.47
16.64
12.93
19.11
19.17
-0.96
18.17
13.29
12.12
21.26
21.63
10.52
-8.74
2.69
12.17
21.84
25.81
26.29
18.34
7.39
15.99
20.79
15.46
18.43
21.28
22.2
21.39
18.56
15.62
-1.62
14.02
20.94
19.05
-4.05
0.24
9.4
8.56
21
18.98
8.63
14.32
11.4
17.7
21.64
20.13
11.41
25.75
29.4
26.13
15.07
7.87
11.12
13.23
23.39
27.26
25.99
13.02
19.89
22.67
19.28
20.14
25.48
26.64
22.9
17.97
13.55
9.38
15.1
20.83
23.55
18.8
14.36
14.95
16.97
23.6
24.88
23.42
20.02
8.91
9.05
12.57
18.04
10.5
18.37
21.54
20.66
22.95
24.34
27.33
29.98
28.47
15.52
21.34
18.64
17.93
19.57
12.48
21.59
14.89
10.72
16.88
23.61
21.23
13.5
25.08
28.83
27.43
20.37
17.47
13.06
21.3
19.98
17.07
23.83
24.2
23.68
26.1
25.04
21.69
24.33
24.17
20.72
19.77
19.66
18.62
19.23
19.63
25.09
21.65
24.05
24.3
15.5
25.42
24.5
20.21
15.86
8.39
16.85
23.57
26.91
26.66
26.16
19.95
-1.42
14.85
19.41
24.56
22.13
19.97
22.91
20.35
16.83
22.5
26.03
25.06
26.11
26.87
20.92
14.53
19.42
21.91
22.94
23.4
22.62
22.26
17.08
13.27
9.79
20.09
19.99
13.01
20.52
12.19
10.52
20.47
26.68
25.4
20.1
22.95
25.52
20.12
14.57
19.61
14.6
18.49
19.02
24.46
23.98
27.08
34.87
37.52
33.82
21.14
17.79
23.07
20.38
24.2
29.94
29.38
22.26
12.26
18.45
14.33
13.28
22.51
19.11
13.76
12.06
18.29
24.01
21.21
14.76
4.48
19.76
24.92
21.99
21.36
23.4
24.68
24.76
20.72
22.67
23.88
14.56
10.08
17.78
22.98
19.51
21.08
25.95
24.3
16.21
22.79
25.68
22.95
9.47
19.99
21.12
19.41
19.71
19.45
19.48
15.43
19.96
22.69
20.08
12.23
2.5
18.5
22.27
24.52
26.22
22.57
25.04
28.08
26.47
21.85
11.66
15.74
25.47
27
24.23
21.06
15.93
19.82
24.41
25.38
23.99
24.5
24.45
22.9
20.36
15.38
22.7
22.61
20.35
22.15
26.69
27.26
25.1
17.57
16.36
24.71
26
24.4
22.03
22.5
24.29
15.17
19.5
22.6
20.46
18.06
21.04
21.35
24.04
19.13
16.66
22.93
17.16
21.48
23.32
19.83
25.74
26.54
20.19
12.74
14.27
20.27
19.2
10.1
18.25
20.54
19.58
20.46
18.39
14.59
22.15
23.85
24.25
23.27
23.67
20.26
12.42
11.51
7.57
8.22
21.13
22.08
19.2
18.8
16.67
9.76
18.3
28.42
30.76
26.03
4.59
21.75
24.79
24.75
21.13
16.39
24.86
24.28
17.42
19.68
19.36
21.12
23.26
18.17
14.36
19.08
22.19
15.52
21.95
22.76
16.24
10.53
16.18
21.94
24.03
22.1
16.43
13.29
17.66
22.91
22.49
17.32
16.54
17.11
14.77
21.25
22.49
18.96
14.27
8.82
16.5
15.05
5.88
16.24
15.12
-5.79
1.54
13.14
6.45
20.62
23.42
23.81
19.8
12.49
18.74
17.31
21.32
19.21
18.27
22.39
21.46
22.04
17.28
10.91
15.39
16.45
11.91
13.94
17.24
21.8
20.43
20.14
18.81
19.48
20.91
15.73
16.35
14.82
15.28
20.45
14.13
15.19
20.43
21.71
21.98
20.51
24
24.16
14.8
6.26
11.13
7.56
4.5
16.81
22.14
19.64
14.9
17.91
11.73
10.93
12.24
16.87
14.23
5.72
17.01
19.2
15.34
15.55
13.95
13.44
10.89
5.41
6.59
16.39
15.74
14.21
8.05
0.41
6.66
6.18
13.6
15.7
12.03
13.06
18.84
20.76
18.02
20.22
18.71
19.44
16.04
12.21
16.22
13.35
8.68
16.88
15.19
9.84
4.19
5.67
-2.99
7.52
12.66
17.64
19.55
18.34
12.25
12.74
15.18
11.08
14.06
14.3
4.49
4.17
11.72
15.53
14.56
4.53
12.09
14.9
10.51
4.63
-1.8
0.38
5.38
6.11
5.3
3.51
9.32
9.15
13.14
9.25
1.86
12.65
15.58
6.09
12.15
17.79
17.76
17.21
20.72
18.96
13.54
20.95
21.33
16.83
9.03
12.88
20.44
21.94
21.84
16.15
10.04
16.51
17.5
17.2
18.55
18.28
17.39
10.71
12.37
15.12
9.26
12.9
15.01
8
14.5
16.56
14.45
-4.89
11.42
16.01
13.73
14.18
4.35
16.26
18.19
13.08
11.4
17.13
15.99
12.81
18.51
17.69
17.15
16.14
14.45
15.46
16
16.22
7.93
-1.49
1.63
15.28
12.61
14.26
19.45
18.88
17.61
17.5
20.17
20.32
17.38
17.73
19.9
18.87
16.14
6.21
17.07
16.01
-9.88
4.35
4.66
16.51
17.83
1.6
5.66
2.83
13.59
17.11
14.39
8.62
6.43
9.46
-1.44
9.95
2.95
13.6
7.07
20.09
18.45
4.61
8.62
17.55
16.91
16.03
17.58
14.64
4.73
-0.83
7.73
0.19
4.91
-8.76
14.51
19.43
21.03
17.21
3.28
8.83
5.48
11.76
9.61
13.68
15.3
11.96
11.47
11.14
14.01
17.88
18.5
19.16
16.52
14.96
19.54
18.66
19.69
19.82
15.47
16.93
16.79
13.03
15.48
9.51
11.76
11.1
13.83
11.45
9.53
13.62
8.99
12.67
6.91
15.13
17.9
19.7
19.25
14.12
-3.62
11.75
14.18
10.92
8.81
13.43
17.63
13.24
8.49
13.48
15.1
4.75
17.5
20.77
17.78
8.66
14.94
17.59
16.62
10.4
2.58
5.11
14.02
14.15
12.44
8.6
3.24
14.66
18.25
14.94
4.75
7.18
11.1
9.34
13.78
11.12
10.58
18.31
17.55
4.39
10.67
19.4
24.28
24.86
21.61
17.82
1.17
17.39
15.28
17.25
17.39
17.26
16.95
22.61
21.38
21.67
19.47
10.46
12.64
7.94
18.63
19.48
14.03
10.69
11.04
15.06
23.18
26.53
23.39
13.23
6.51
3.34
14.3
17.58
17.46
11.46
4.29
11.5
16.35
9.87
18.13
15.35
1.5
12.72
17.73
19.22
11.84
4.77
13.87
17.48
10.84
18
16.01
21.38
23.98
22.96
19.8
14.3
13.33
16.01
17.51
13.77
13.6
9.76
19.09
17.11
12.77
11.92
10.18
8.75
16.97
21.73
19.67
17.06
18.84
19.02
11.83
18.08
19.35
15.01
9.03
12.71
19.25
22.12
21.63
19.62
17.09
14.46
7.76
8.8
9.32
13.68
18.83
17.15
12.69
15.76
9.86
3.27
11.67
18.2
21.04
16.53
10.58
16.98
10.63
-4.75
-4.92
12.47
16.07
12.84
13.81
18.58
19.12
10.2
13.39
14.23
8.54
10.36
2.23
13.2
11.48
7.55
-1.27
4.79
14.19
12.92
6.59
13.57
10.54
11.28
17.27
18.95
13.68
10.62
9.52
11.63
15.67
5.03
20.3
21.81
16.8
19.88
20.57
13.14
7.33
15.69
6.13
14.63
13.11
5.74
1.53
5.96
14.73
18.05
18.1
13.05
16.47
17.9
11.41
7.07
7.23
6.32
-11.71
11.43
13.51
18.16
17.43
10.89
14.35
17.33
18.31
18.07
19.42
20.27
16.05
11.56
17.46
19.24
12.33
5
11.69
8.95
1.03
7.45
9.7
13.67
18.21
20.7
16.44
17.21
18.91
2.93
12.22
9.32
15.01
-1.7
9.79
-5.51
7.21
17.01
18.23
15.3
11.02
1.72
12.96
11.24
9.55
13.15
2.66
12.28
13.61
10.5
6.53
17.53
19.35
12.31
7.46
17.76
19.17
17.15
-8.07
15.86
14.57
17.44
19.1
12.59
3.02
13.02
12.57
9.39
16.55
16.07
9.82
13.85
19.67
20.91
17.37
13.33
16.88
16.93
14.93
17.05
16.48
11.66
11.64
16.76
14.19
13.34
14.76
16.22
11.24
4.39
13.95
17.64
6.33
13.84
6.33
12.43
21.3
19.16
19.83
23.14
20.25
18
16.4
18.31
15.95
13.12
17.91
17.25
16.7
16.79
16.72
16.64
11.8
3.93
19.26
23.41
21
15.48
15.32
17.32
19.76
20.28
17.14
17.05
20.32
21.04
20.89
21.19
18.38
12.43
4.79
14.41
20.57
19.03
17.15
19.34
17.84
5.67
11.65
14.13
12.17
10.64
14.13
6.47
-11.38
18.3
13.76
5.17
15.98
19.15
8.01
14.5
10.88
14.57
4.09
21.92
22.71
18.08
15.11
15.56
14.22
12.21
16.57
18.86
18.53
17.39
14.86
12.76
16.4
20.14
19.19
18.5
11.41
2.62
15
17.26
13.7
14.96
19.87
20.62
18.6
11.43
16.3
14.8
14.11
7.42
13.45
12.55
17.63
22.46
19.13
18.29
19.12
13.26
16.15
17.2
16.01
15.58
14.19
15.23
17.17
16.34
9.51
1.62
3.43
13.39
20.06
21.2
20.52
12.32
13.8
4.03
10.1
12.21
20.19
18.58
18.98
21.22
19.83
18.48
20.3
22.3
22.23
17.25
12.15
16.35
13.63
12.37
10.79
15.8
10.02
16.74
15.76
12.77
-2.76
13.25
7.68
3.58
14.42
17.58
15.33
11.32
14.93
14.09
13.56
9.06
20.19
15.94
10.33
18.55
18.49
18.02
17.45
9.33
14
10.02
14.63
12.96
16.3
24.01
23.43
11.8
9.97
17.82
21.34
13.81
15.76
15.62
11.91
18.67
15.78
9.23
16.98
20.99
18.64
17.33
3.32
2.91
19.82
21.2
14.72
10.92
9.58
1.33
7.15
15.06
17.5
11.51
11.94
8.14
12.02
-2.41
10.84
16.24
12.49
17.71
17.43
19.52
20.5
21.34
16.32
-1
16.31
18.73
11.76
18.06
17.01
6.33
10.49
0.82
13.42
16.98
21.27
22.25
19.74
20.18
22.73
22.06
17.24
17.75
18.54
16.29
15.18
13.86
-0.02
0.97
4.59
14.83
17.72
14.13
12.44
18.65
13.71
6.61
11.12
15.01
11.65
9.26
10.97
11.71
6.47
13.17
17.68
3.49
18.16
15.26
11.2
-10.11
16.42
19.06
16.46
11.2
8.58
5.44
3.64
16.68
20.08
17.62
13.58
16.39
18.2
11.57
11.69
2.77
13.61
12.06
12.73
13.88
5.38
7.97
12.13
16.8
12.11
14.11
17.39
20.46
18.11
21.8
14.51
0.22
5.72
17.46
17.01
8.32
15.68
12.6
13.19
21.8
23.48
18.28
5.65
1.24
13.75
13.32
13
13.63
5.65
-5.38
17.38
18.85
8.1
15.53
18.4
12.33
20.59
21.29
14.83
9.67
14.82
14.3
11.7
16.33
19.6
16.03
13.43
16.87
7.65
14.01
11.28
10.96
-2.55
16.89
16.78
11.35
0.02
-3.76
10.32
12.62
19.42
21.85
17.72
9.69
19.34
17.09
16.53
19.85
13.17
17.84
20.34
20.31
15.37
15.76
18.64
19.87
18.24
4.33
15.69
11.38
9.76
15.39
9.76
18.43
21.68
17.26
20.83
19.95
14.82
-5.66
-4.59
12.48
18.68
18.76
-3.51
17.58
12.82
13.74
12.14
18.47
15.53
12.36
18.66
13.27
15.48
13.36
2.91
14.39
15.89
17.34
17.04
15.4
16.16
10.37
14.55
18.13
20.2
22.52
24.52
23.54
20.7
15.3
12.99
16.57
10.61
13.64
17.1
7.27
15.55
15.83
13.78
13.78
22.99
22.71
15.27
9.16
13.12
15.3
11.86
1.09
7.47
10.83
8.38
12.8
18.7
17.96
17.23
14.35
13.08
19.21
16.36
13.28
5.26
13.4
12.31
16.17
17.76
10.46
11.07
7.32
14.21
16.79
6.86
11.86
11.05
13.64
11.43
10.65
17.75
16.14
10.23
15.22
13.01
12.92
6.6
-5.35
16.35
20.22
6.56
14.9
14.35
14.61
10.52
15.69
15.51
-0.89
11.13
13.03
16.17
13.18
6.87
11.21
14.75
15.36
19.26
22.86
19.61
11.52
17.33
18.47
19.84
18.67
15.3
17.3
18.67
8.05
13.76
10.61
16.79
21.46
18.31
9.02
14.04
7.27
12.92
1.53
18.55
17.23
12.44
-12.96
15.56
19.87
20.65
20.17
19.52
11.9
11.09
12.37
-1.14
9.03
12.52
11.37
7.57
13.48
16.08
8.48
4.71
5.33
11.1
18.59
20.84
18.95
6.29
7.52
7.78
12.66
9.61
11.4
10.65
11.42
15.53
13.79
8.47
19.51
19.83
10.82
16.42
10.99
12.76
18.96
16.16
8.79
16
18.87
9.89
14.16
7.31
11.33
10.87
17.76
16.39
12.43
15.29
16.75
14.38
5.42
1.6
8
6.55
15.12
14.92
11.6
19.68
20.9
15.24
2.06
14.57
14.81
12.67
16.19
9.25
3.95
13.46
16.29
8.85
11.49
15.3
18.74
14.28
12.18
12.67
13.92
5.91
14.48
17.47
15.26
16.22
19.17
20.72
18.37
11.19
7.22
0.96
1.04
7
12.59
11.66
3.02
17.69
20.9
19.53
21.43
17.45
12.11
15.8
15.94
7.07
12.77
4.89
4.81
14.69
15.35
9.43
9.29
-0.19
12.69
15.27
8.29
19.96
16.5
15.78
9.05
10.04
11.89
6.63
10.42
14.89
13.62
10.5
12.61
13.03
7.67
5.77
16.5
20.81
15.24
12.62
13.47
15.01
11.91
14.46
14.34
8.25
9.38
10.84
11.18
17.35
15.43
6.55
1.91
12.97
2.91
14.42
8.7
13.21
16.4
16.7
16.98
12.25
-4.47
10.31
15.63
16.55
11.68
0.64
9.16
2.34
6.82
6.43
5
-2
9.02
11.66
14.18
9.54
9.3
9.02
1.37
11.51
16.37
12.84
5.2
12.46
5.51
2.78
14.97
15.82
13.67
16.2
12.18
9.88
4.74
11.38
11.23
8.94
15.47
16.96
11.97
13.68
16.56
13.73
9.94
11.34
0.7
16.34
18.26
15.3
13.57
5.4
10.81
10.29
0.95
12.9
16.42
16.54
13.77
12.31
8.37
3.19
13.72
14.21
6.94
5.14
10.22
13.27
13.27
7.89
2.46
4.79
2.53
-0.22
10.59
15.17
12.54
3.41
12.18
17.33
21.54
19.82
10.9
-2.85
9.26
16.72
16.04
8.82
6.31
7.27
3.93
13.34
13.4
7.25
15.54
15.53
15.29
12.17
7.1
9.33
11.9
14.53
11.48
11.84
6.39
-7.92
10.97
14.61
13.03
10.05
6.93
2.42
-4.89
9.2
15.47
16.24
7.49
13.62
14.36
13.67
9.13
8.85
-6.3
5.63
3.74
11.41
13.1
15.95
15.83
11.13
11.17
13.63
16.68
20.56
20.63
16.45
10.28
3.21
9.28
14.33
12.35
14.81
14.13
7.42
7.37
9.73
13.6
10.53
11.53
12.22
8.53
9.84
14.05
15.63
15.21
15.66
15.82
14.49
12.27
11.23
6.88
16.85
14.92
6.51
7.94
13.34
9.61
8.73
8.68
17.91
19.92
16.57
15.61
19.21
19.31
13.86
11.63
13.6
8.81
4.49
4.17
10.04
10.51
18.43
19.02
19.12
20.27
18.92
18.41
16.45
12.77
17.02
18.11
15.45
11.85
12.57
13.54
9.76
2.82
12.96
11.77
6.38
6.81
5.59
11.32
10.04
9.68
11.66
11.69
12.7
11.25
13.5
16.44
14.47
10.85
12.5
16.07
16.22
10.42
18.1
17.71
13.85
15.07
18.35
18.01
12.44
11.23
18.36
22.14
21.62
18.44
16.92
18.54
18.71
18.84
12.33
10.58
13.16
17.3
18.59
16.84
14.5
5.69
9.5
4.35
14.71
16.01
19.28
21.82
22.07
16.23
3.99
8.73
9.82
3.85
9.58
5.21
12.02
14.7
16.79
14.16
8.89
-0.53
-1.67
7.3
14.92
17.15
18.52
17.32
14.45
1.37
5.13
7.76
14.36
13.51
6.58
13.76
15.06
14.1
17.07
10.45
11.24
15.83
14.61
11.02
1.04
7.43
1.95
3.43
2.96
-2.03
3.68
0.26
3.87
12.31
12.19
13.5
13.59
6.55
9.97
15.59
16.02
0.63
8.81
9.47
11.95
11.02
-2.52
0.12
2.02
11.7
16.57
19.01
16.15
13.79
18.64
20.55
13.79
1.99
5.1
-2.4
8.84
15.79
12.23
12.12
9.38
7.38
8.1
17.5
18.57
18.34
16.79
11.89
-8.73
11.96
10.8
12.21
15.01
3.95
7.06
-6.01
5.31
8.34
14.84
13.91
5.26
11.15
17.81
16.97
14.98
9.78
10.8
17.3
15.77
9.03
1.28
13.96
14.8
11.68
6.89
8.83
15.49
16.44
12.06
10.85
10.16
18.17
15.38
11.22
12.24
3.81
9.91
9.89
14.36
17.36
9.47
-0.07
10.91
11.13
10.64
15
17.35
14.29
-5.52
2.5
4.25
12.75
15.31
10.42
8.29
11.19
14.82
16.05
11.02
0.97
10.54
15.43
6.73
12.1
17.87
18.28
14.36
4.84
12.89
11.61
10.14
10.58
9.47
2.15
10.52
15.1
15.29
10.42
11.03
11.37
14.12
12.55
13.73
15.86
11.73
-8.45
7.18
13.39
14.98
16.63
18.15
15.73
11.55
5.21
-1.49
5.58
9.97
8.27
7.84
7.2
14.97
13.47
12.33
10.34
7.25
7.53
10.62
6.63
9.95
16.53
16.02
15.38
12.91
7.95
7.71
10.3
7.82
5.35
6.24
2.55
16.62
17.54
11.86
7.23
13.67
12.92
8.89
16.53
18.53
5.23
10.43
9.08
6.6
8.36
14.07
16.51
14.43
9.05
4.16
11.72
9.47
16.86
17.11
8.99
12.72
12.3
9.36
14.23
17.73
16.81
11.33
1.1
9.55
9.42
14.53
16.28
16.42
9.33
0.5
3.88
12.32
15.41
13.42
9.85
6.52
11.17
9.55
7.02
13.14
13.61
7.74
-0.92
1.5
7.54
12.33
9.59
6.48
12.26
13.64
15.85
16.94
9
11.19
13.66
7.93
6.53
4.19
9.22
9.98
16.7
20.86
19.26
14.12
5.23
12.49
14.74
12.23
18.85
20.95
18.37
14.9
14.18
14.82
17.05
16.49
16.15
18.17
17.45
15.38
15.9
10.22
-3.73
14.35
13.52
7.13
12.38
11.84
14.53
16
13.97
8.1
2.32
6.64
16.03
20.19
17.38
10.02
-17.3
11.24
11.95
15.42
16.05
15.05
11.19
3.66
13.15
16.68
16.81
14.54
14.76
16.24
16.2
6.98
16.53
19.63
17.25
17.72
16.66
11.2
3.82
4.13
2.8
3.35
12.98
16.14
16.61
17.46
15.27
-0.05
1.99
16.9
19.19
14.05
6.61
8.42
-0.44
-1.07
13
17.94
11.99
-4.99
12.66
16.35
14.72
11.34
19.33
22.81
19.57
8.62
5.4
-5.11
4.15
7.28
5.89
-0.54
2.74
12.48
11.61
3.43
4.69
7.03
0.85
10.02
12.67
14.9
16.53
15.51
14.19
13.55
13.25
10.08
5.64
-0.35
0.42
5.03
2.58
0.75
3.16
-16.99
10.01
8.25
-5.51
5.86
-6.38
9.41
4.09
11.13
13.97
14.3
12.73
11.54
7.94
12.59
14.42
1.17
11.89
3.16
10.66
15.28
11.6
2.9
1.05
3.66
-4.97
0.85
8.37
10.62
5.79
14.91
18.82
18.6
11.82
-5.57
-1.46
13.04
17.83
15.91
8.52
0.02
-0.1
5.04
12.32
11.58
7.93
10.03
17.5
15.95
-8.39
13.97
14.79
10.33
6.23
-1.35
5.65
8.05
11.89
10.39
6.21
11.26
7.03
6.28
9.07
5.78
7.87
11.48
0.65
7.34
12.93
15.07
2.26
9.43
3.17
13.81
10.02
8.52
11.46
12.7
12.1
9.13
10.03
13.32
10.58
7.37
15.04
17.04
13.86
-0.91
4.77
-0.71
2.97
10.85
17.86
18.89
12.6
3.08
14.56
16.92
16.39
16.08
15.46
9.73
9.92
12.52
2.68
7.65
14.54
13.93
2.07
10.58
15.53
16.99
13.95
11.67
15.64
12.8
5.11
2.55
11.1
6.13
7.79
7.49
15.16
17.74
5.54
5.13
9.37
16.45
16.1
15.61
12.41
-5.35
13.26
15.06
16.05
13.7
2.58
4.81
1.85
12.37
11.3
13.75
18.21
12.58
11.93
13.27
8.69
8.68
2.75
10.42
9.27
7.75
10.01
11.23
2.96
5.93
1.04
14.91
9.87
7.02
3.96
13.36
19.26
17.88
8.61
7.03
7.49
0.41
3.51
3.29
-5.41
5.91
10.22
10.02
11.28
7.98
12.79
15.26
14.69
11.17
9.52
12.37
10.82
-5.26
-2.17
5.8
5.93
-3.79
8.67
0.99
9.62
14.37
10.82
5.83
12.5
14.04
14.71
13.48
11.46
9.33
12.7
10.57
7.21
17.05
13.91
-3.49
0.92
4.29
10.52
6.82
-1.91
6.78
2.64
11.38
12.32
8.41
6.43
1.41
8.18
9.74
13.25
15.51
12.61
9.58
10.83
5.31
6.82
9.49
8.1
7.2
4.82
1.95
-18.62
6.2
8.63
11.85
14.69
15.39
13.54
5.78
13.82
15.73
7.18
-3.27
5.93
9.41
12.89
14.35
8.16
4.85
13.2
11.99
8.62
12.39
8.87
6.26
12.02
7.1
15.58
17.87
13.21
6.72
10.14
16.38
12.68
12.67
12.05
13.79
11.21
12.93
18.47
18.3
16.69
11.51
12.38
15.87
15.99
14.41
14.28
12.49
7.6
11.5
14.97
14.87
14.54
13.55
11.88
10.22
1.17
12.67
4.26
11.13
8.6
5.41
5.4
4.7
10.63
12.66
18.53
19.2
13.7
-0.54
3.1
12.34
9.1
12.1
20.26
21.71
18.85
14.45
15.5
1.23
8.69
8.3
11.73
13.01
11.97
10.96
11.75
14.11
9.73
6.95
12.55
14.87
10.99
1.06
4.68
8.12
-0.03
3.51
9.62
11.07
10.08
14.44
12.54
14.85
13.01
10.29
12.8
7.78
12.98
12.45
12.7
18.36
21.03
19.51
12.74
12.03
11.73
1.15
4.44
9.04
8.31
3.97
5.53
11.25
1.71
11.68
12.13
11.89
11.59
12.65
13.94
11.54
14.28
18.08
17.09
17
14.13
5.52
14.56
12.53
9.87
11.47
12.19
7.13
3.14
15.6
15.33
16.65
18.74
8.23
4.52
9.18
13.74
11.08
11.87
16.47
18.4
15.57
5.56
-3.32
-1.2
7.55
16.54
16.15
8.83
9.52
14.06
14.93
16.08
19.66
19.72
18.46
13.52
6.74
7.01
-10.31
7.19
15.1
16.11
10.43
15.09
14.31
10.52
15.84
16.71
14.43
9.89
7.99
4.47
-3.04
8.76
12.8
10.9
14.22
16.66
14.5
12
15.56
15.51
13.59
6.53
0.58
8.41
16.54
17.88
12.16
2.4
7.83
5.57
-1.13
14.63
14.18
-1.94
9.36
15.09
15.43
15.18
13.44
12.54
16.37
13
8.36
9.29
-1.83
10.6
15.7
8.77
13.56
11.57
3.11
8.4
1.04
3.48
11.78
17.71
20.43
18.79
-8.76
18.56
18.59
13.13
6.47
10.4
16.17
16.17
11.54
-8.34
9.49
12.29
11.15
6.53
9.49
10.03
10.55
8.43
10.13
12.75
15.81
15.79
16.69
15.27
8.44
14.91
16.53
10.43
-1.31
7.89
9.39
10.62
7.36
11.61
17.77
18.18
5.2
14.25
13.48
13.15
16.47
10.27
4.86
10.6
11.4
7.01
14.4
15.82
14.06
14.14
10.99
10.22
16.11
14
6.04
12.82
11.44
17.76
19.67
16.1
-0.28
8.67
5.29
1.41
14.16
12.37
-1.85
11.27
13.78
7.04
4.25
8.94
10.04
13.66
14.18
9.67
7.56
-4.16
7.59
9.96
10.53
11.13
9.87
7.04
10.88
5.83
6.62
9.25
6.1
6.42
5.97
11.45
4.54
5.69
3.3
6.2
15.24
17.16
16.7
16.06
11.84
13.48
18.27
14.79
7.78
6.29
1.65
8.25
2.73
4.92
10.6
9.71
6.87
7.16
15
11.15
-0.29
-3.09
11.64
-0.96
9.44
5.08
4.5
9.17
5
10.27
-4.56
5.13
4.83
11.24
14.82
12.75
11.74
14.42
15.93
15.36
9.88
11.57
13.53
12.96
10.89
10.22
11.23
13.48
12.29
4.23
7.48
10.15
5.95
-2.57
9.94
2.81
11.21
5.75
9.23
10.98
5.87
2.72
8.9
13.78
4.76
6.47
13.93
15.96
12.81
12.05
14.7
14.76
16.41
13.3
-1.46
14.79
17.59
10.49
8.17
12.81
13.58
10.88
7.93
4.05
1.85
6.69
13.77
16.86
15.15
12.04
12.67
10.3
8.95
11.18
4.84
8.94
12.08
5.19
16.15
16.71
12.68
7.35
11.65
11.91
12.12
12.45
13.2
13.97
6.04
11.94
14.97
15.93
16.47
17.08
15.01
11.69
12.72
14.94
9.77
6.48
-9.68
5.28
5.71
8.6
14.26
15.21
10.22
6.61
13.52
8.57
12.33
13.35
6.55
5.88
9.89
4.51
5.67
11.37
10.7
10.94
8.96
11.66
11.25
7.59
6.95
10.69
7.4
4.99
-3.7
11.57
12.82
17.21
17.83
13.14
17.31
16.9
13.75
9.11
6.61
3.22
14.6
16.74
13.5
4.54
10.02
6.62
6.39
14.5
16.36
10.41
12.27
9.79
1.55
-8.13
2.37
10.66
11.13
12.56
18.23
15.69
5.96
3.64
10.5
12.6
13.63
12.91
14.82
13.33
2.96
-3.05
3.37
4.03
-2.29
4.73
-14.75
14.25
15.82
7.65
0.56
11.35
14.92
15.34
12.3
1.9
3.36
9.21
6.19
3.19
9.4
11.97
3.68
0.56
4.83
4.81
11.23
14.02
14.2
12.75
2.31
6.38
17.37
23.78
24.82
19.66
14.2
11.96
3.23
9.59
8.65
-2.11
13.1
14.73
3.92
7.5
10.67
11.32
8.81
11.27
12.97
10.18
-0.36
13.23
15.9
14.77
12.37
8.64
8.1
11.05
9.57
12.57
11.54
15.14
14.98
9.12
10.55
11.91
8.38
3.47
5.46
11.97
13.63
14.66
17.45
16.13
12.51
13.39
16.22
14.23
13.43
7.06
-6.72
-2.63
10.41
13.79
5.02
13.29
16.91
13.22
-7.12
10.6
12.03
9.03
5.61
-3.41
9.7
11.32
3.08
11.47
14.19
10.6
10.53
7.86
16.36
18.73
17.78
13.28
8.1
1.79
7.73
8.69
6.04
-2.04
11.56
14.38
12.09
16.15
13.58
11.97
11.44
11.13
8.77
5.64
11.07
14.13
8.56
10.94
11.86
2.3
13.24
11.31
12.84
10.56
10.28
8.47
7.18
12.16
12.33
-4.37
12.56
12.25
13.42
13.94
14.38
19.17
19.22
12.72
16.12
14.28
12.45
14.03
13.68
12.29
14.51
9.96
10.39
13.29
13.96
9.8
7.43
10.93
11.21
6.84
-4.5
2.76
-25.61
8.93
12.95
12.22
4.65
8.51
11.48
11.13
13.88
10.37
7.69
6.45
2.79
3.71
13.06
12.89
3.22
7.52
12.51
14.68
14.76
13.46
3.92
12.37
17.05
12.25
9.44
17.43
19.11
16.27
6.06
15.37
13.89
-2.21
10.22
11.65
4.34
-13
2.57
5.92
3.34
2.35
3.51
4.7
11.32
13.91
15.15
15.3
16.73
