8.97
-0.22
5.24
6.79
1.22
-10.08
9.53
10.64
4.81
8.22
10.47
-10.1
1.75
1.01
5.59
9.75
1.74
3.91
7.89
5.33
3.27
9.8
7.95
5.73
2.32
6.61
11.28
9.51
8.46
7.26
7.91
12.32
11.4
17.38
17.6
12.84
9.98
-4.52
9.98
9
9.42
5.97
7.96
13.66
9.5
11.99
13.11
4.67
-6.15
-2.72
-7.17
-0.08
3.54
-2.04
9.38
13.14
6.63
8.95
9.73
5.46
9.41
11.8
12.25
12.44
10.81
12.39
14.05
12.08
11.29
9.89
-2.43
9.93
4.94
9.61
10.97
5.73
12.73
16.57
14.79
10.41
11.1
8.45
-1.14
4.23
11.05
10.54
4.03
-6.13
8.65
6.47
8.4
12.28
12.13
8.21
3.74
2.64
-5.22
1.46
6.27
4.6
12.52
11.43
4.37
2.99
0.96
3.29
-2.23
4
-6.44
7.54
10.25
5.66
11.76
4.07
3.86
12.34
15.37
14.67
12.02
10.45
-0.12
5.65
1.83
1.54
-3.13
5.89
8.68
6.84
2.47
3.91
7.41
6.98
9.35
12.87
14.75
15.12
16.24
16.33
13.02
11.44
9.67
8.71
10.74
11.07
11.09
6.6
6.82
9.86
5.89
5.43
13.04
14.66
15.73
15.61
11.57
8.14
7.65
6.32
2.43
-6.75
3.18
14.07
16.58
12.63
-12.07
5.76
7.58
9.66
-7.13
8.28
8.63
5.71
1.81
8.98
4.19
5.49
-1.14
8.6
0.16
12.38
15.42
12.3
2.88
7.36
13.04
15.68
11.8
5.17
1.77
6.09
8.84
11.95
11.89
10.38
13.57
12.98
10.67
9.01
13.24
15.55
16.07
14.14
9.71
9.22
8.21
9.49
11.22
-0.53
10.63
10.45
9.48
8.42
5.18
8.61
12.98
16.42
13.93
8.48
13.53
17.02
16.53
13.95
9.21
6.31
-1.66
3.68
8.62
9.02
3.12
-4.56
4.01
8.15
-0.31
6.85
8.47
6.77
7.84
13.54
13.14
10.78
-0.23
-1.6
3.46
5.78
3.88
7.92
12.82
14.54
13.69
12.93
7.81
4.88
6.24
4.31
6.36
6.02
8.28
12.25
14.16
12.49
12.21
12.42
12.58
13.91
12.94
13.65
12.28
8.48
4.29
1.66
0.65
1.37
4.15
6.88
11.91
12.84
6.35
2.87
3.89
-1.35
2.02
9.6
10.69
11.24
12.68
12.31
8.49
3.07
6.05
9.09
14.33
13.14
7.08
3.99
4.06
5.67
3.16
9.21
9.78
12.84
11.07
8.34
10.28
8.02
2.77
7.83
3.88
3.14
8.61
4.84
5.41
9.14
7.72
5.88
7.02
7.9
9.66
6.28
3.27
11.36
11
3.4
8.89
14
11.42
-2.35
5.64
-4.56
11.96
11.86
5.52
13.75
13.76
9.24
11.02
7.68
6.03
9.2
11.74
13.58
9.82
1.7
2.26
4.82
10.5
10.34
3.69
3.06
2.09
1.91
3.85
5.02
-13.91
1.43
9.41
8.01
7.31
10.56
8.17
-4.81
3.91
3.93
7.35
-4.45
-0.62
7.04
14.38
14.37
9.15
13.51
12.58
11.27
7.85
8.42
14.07
10.8
0.12
1.03
2.16
-8.16
3.94
7.93
11.52
11.33
11.31
12.72
10.24
0.46
4.77
1.37
4.95
4.55
9.35
15.98
16.02
9.85
-0.77
2
6.14
10.5
12.85
5.63
7.11
12.68
16.66
15.88
13.94
12.18
7.83
1.47
11.46
15.73
16.53
11.2
0
4.62
5.99
7.58
3.25
-8.63
9.72
13.76
10.31
-0.8
-13.25
12.14
11.9
4.95
10.62
7.55
6.24
6.36
10.12
8.22
5.19
10.03
16.96
19.1
15.13
4.76
0.08
3.16
2.11
7.2
11.53
13.62
12.75
12.45
13.37
15.7
15.26
11.37
4.07
-5.34
4.65
0.21
0.96
8.08
6.81
-0.81
9.08
8.37
0.72
9.83
6.74
3.92
6.04
-0.33
10.02
11.72
7.91
9.35
8.9
8.19
8.36
1.77
2.47
6.65
12.49
10.77
7.87
13.2
13.08
11.13
6.51
1.55
9.73
10.88
14.18
14.93
14.26
10.58
-7.03
1.94
6.71
5.59
1.96
5.8
2.33
2.83
10.98
10.8
3.45
12.94
8.06
9.97
13.81
13.05
13.13
11.05
10.3
12.02
10.15
11.58
16.44
16.63
13.64
12.88
4.16
7.51
2.97
6.14
5.27
7.14
12.27
8.8
9.35
7.64
10.08
13.78
15.2
15.41
12.61
10.76
10.74
6.7
4.65
9.79
7.53
-5.5
4.59
-1.72
-7.6
2.96
12.07
15
12.72
10.18
7.07
11.57
13.46
8.92
-5.72
9.14
6.45
-1.21
3.55
-1.12
-9.89
8.11
10.59
4.65
3.33
13.51
14.04
12.03
10.94
8.73
7.44
8.03
9.88
11.22
6.94
7.92
7.66
4.17
6.8
0.56
6.49
13.14
16.1
12.17
5.51
2.23
4.38
5.28
9.77
10.38
8.4
5.77
7.2
10.88
13.39
3.15
10.51
6.55
6.61
9.84
8.81
7.59
6.71
3.41
10.27
14.7
15.08
14.82
13.44
2.11
10.47
9.14
7.32
9.42
8.17
5.78
8.92
7.41
5.75
7.36
8.08
11.18
15.6
14.06
10.83
3.44
4.07
7.32
10.48
9.81
8.41
9.69
-1.09
7.31
-0.41
4.58
10.81
11.35
11.98
10.95
8.42
-0.44
8.01
4.37
5.95
9.62
8.37
11.41
10.45
2.97
1.68
9.04
8.72
9.63
9.96
-7.05
8.23
14.58
15.95
9.62
1.78
-11.01
6.03
9.27
10.34
6.38
7.16
6
7.01
11.57
15.52
16.28
15.5
14.35
13.5
10.71
11.94
13.63
11.89
-15.32
9.16
-0.82
5.99
-0.99
4.55
8.48
11.08
14.77
15.31
12.92
8.68
8
9.5
10.87
11.75
12.19
14.82
13.43
11.23
14.64
8.71
11.44
12.05
11.09
7.74
-3.33
1.01
-3.98
-0.7
4.36
5.77
9.36
14.93
15.61
14.72
11.94
7.83
3.05
4.85
3.83
8.19
11.16
4.82
8.17
13.08
4.47
4.39
8.12
2.57
-6.77
6.38
7.93
-0.56
-6.71
-6.24
-8.7
3.14
8.46
9.44
11.41
10.23
4.15
2.93
4.01
10.71
8.69
6.92
10.78
12.56
10.24
4.04
11.97
14.69
13.15
13.66
15.74
14.89
11.62
9.79
10.21
7.8
2.18
-2.11
5.66
14.12
18.1
17
12.26
6.97
9.45
10.54
7.59
3.31
1.14
6.16
3.26
9.57
10.23
-0.12
0.31
6.6
6.62
10.06
3.96
3.24
6.99
-4.35
-1.77
-2.67
2.65
9.65
9.01
10.06
2.2
9.5
12.26
12.17
13.17
14.07
11.87
8.52
2.6
-2.89
23.27
24.22
21.17
19.64
23.18
26.76
27.19
22.78
16.44
18.95
26.17
26.05
17.68
16.77
9.52
7.93
12.58
2.89
14.35
18.78
21.12
23.24
23.71
23.51
21.06
21.19
23.34
14.64
14.1
16.74
16.25
23.06
24.23
17.19
15.04
19.14
17.19
21.52
19.8
16.47
10.96
22.33
23.98
19.54
20.91
25.04
24.5
20.91
20.4
25.66
26.39
16.65
18.2
23.47
29.52
29.47
21.69
20.34
23.26
23.62
22.51
20.96
21.01
14.04
18.28
17.43
22.83
25.19
23.18
20.6
11.12
12.03
20.04
17.03
11.84
3.62
17.78
6.19
11.69
13.13
18.77
20.17
23.37
18.2
22.39
24.49
21.36
22.35
25.76
24.2
22.88
22.65
9.75
17.51
13.03
15.89
17.05
19.41
17.43
1.74
12.32
10.65
16.15
21.03
19.67
17.05
11.44
16.41
13.61
2.82
19.3
19.56
10.47
5.4
18.2
24.26
22.87
17.76
19.89
21.86
19.25
24.29
22.34
5.65
19.3
25.88
24.5
10.44
19.11
16.73
24.21
24.82
18.14
22.66
28.78
30.8
24.55
15.35
17.31
11.7
12.3
15.69
14.04
13.34
7.57
20.25
26.48
29.26
28.62
20.98
13.7
19.03
19.9
17.95
16.33
10.95
10.18
13.78
15.35
15.74
28.56
27.66
18.11
22.08
27.76
28.07
23.09
8.95
22.66
26
22.01
7.44
13.91
22.86
19.25
19.27
25.98
23.39
5.92
21.89
22.99
25.7
26.92
22.6
19.85
23.17
20.49
18.91
21.8
24.12
29.51
28.8
21.94
8.3
16.34
22.4
17.21
11.06
15.32
20.07
22.96
13.93
18.1
20.28
22.69
22.59
18.41
18.16
16.66
17.72
19.31
10.3
21.09
20.85
16.02
17.59
12.87
18.52
10.21
-1.52
22.21
23.82
12.6
19.55
22.41
23.8
25.12
19.24
17.34
20.64
25.09
28.73
26.99
17.84
20.02
23.92
20.64
15.88
18.73
20.97
20.75
21.11
16.4
10.38
18.55
20.83
17.37
14.03
12.6
15.63
18.75
20.73
12.66
19.11
20.05
16.26
22.02
24.43
25.8
22.8
24.62
27.45
24.37
12.82
22.02
23.38
25.39
22.77
19.63
25.28
23.64
22.39
24.77
23.4
25.78
27.98
22.72
17.11
13.76
17.45
22.93
22.07
11.57
15.99
22.79
27.14
24.19
13.91
10.36
6.85
15.62
4.04
9.54
9.67
17.56
18.82
19.73
24.03
22.24
19.84
19.75
22.58
22.02
21.24
22.08
20.32
14.18
12.87
17.11
22.68
25.71
24.23
21.28
17.7
24.32
22.68
19.32
21.07
19.8
17.71
13.03
6.52
10.95
17.33
17.55
11.63
13.88
17.39
17.7
14.69
14.7
14.52
12.81
13.48
12.63
12.26
16.58
21.17
16.21
4.86
13.91
17.12
10.23
6.95
15.24
18.17
11.48
9.53
12.8
21.65
22.39
14.71
11.72
14.06
19.02
20.05
15.97
12.87
11.92
10.62
13.01
16.03
16.11
12.43
13.66
11.95
12.62
14.44
13.13
8.65
15.36
5.98
14.61
16.36
10.33
12.31
13.74
-5.06
12.07
9.59
7.42
10.24
14.35
11.47
4.93
10.16
10.36
10.35
9.73
11.59
13.82
14.14
11.13
15.36
17.23
16.63
13.63
12.77
14.26
14.36
16.08
17.17
8.2
13.51
18.91
20.59
19.41
17.72
15.25
7.06
17.33
15.2
16.63
20.97
7.17
14.95
14.47
20.38
21.26
12.37
13.85
21.51
23
20.05
25.06
21.06
16.81
21.61
21.47
13.43
20.12
7.04
17.46
21.62
25.07
22.98
13.22
14.61
20.33
25.65
27.9
23.01
9.48
17.57
17.08
6.42
12.38
17.26
12.79
20.64
22.69
20.39
25.69
25.48
20.53
14.25
17.13
22.13
15.06
14.24
-12.04
20.88
20.21
11.67
22.49
17.62
14.86
15.92
4.6
15.5
22.16
23.41
20.2
22.46
21.91
11.49
17.34
15.73
12.49
-5.86
16.66
21.81
25.94
25.65
20.73
15.53
13.59
18.59
13.24
17.83
19.39
7.73
13.29
21.86
14.86
22.46
13.4
20.47
21.2
24.14
22.87
18.27
5.08
17.68
17.14
20.35
23.04
22.96
21.99
16.45
6.29
19.73
20.15
20.76
22.65
17.44
21.2
22.21
17.93
-2.38
16.65
24.14
21.01
18.74
23.52
24.07
19.94
16.48
9.89
-2.48
16.42
24.25
23.97
22.93
25.1
25.6
22.26
17.57
13.02
8.53
15.12
15.88
6.43
18.27
19.83
14.4
6
20.42
26.57
24.03
8.95
21.66
21.29
15.55
13.27
5.22
12.58
17.84
11.42
18.41
10.42
22.32
21.74
19.28
20.83
19.46
22.06
23.83
20.94
17.2
22.1
22.35
21.29
17.76
18.47
20.82
11.74
13.6
16.6
17.94
17.69
21.75
25.68
28.38
26.61
18.29
10.33
19.74
19.23
24.6
24.95
13.72
15.67
17.58
20.15
18.06
9.1
15.42
21.97
26.03
23.55
8.74
22.72
19.86
10.8
22.24
27.1
25.16
21.77
17.11
18.6
20.59
21.5
10.5
22.64
21.2
6.5
13.3
17.18
14.35
17.83
18.34
14.44
18.97
20.93
20
9.92
13.81
8.58
11.49
15.63
13.36
16.12
23.27
21.87
14.3
16.54
21.79
22.31
19.53
17.99
20.02
17.71
20.23
17.89
21.07
22.35
17.87
18.07
24.33
21.29
18.13
8.04
15.87
12.68
21.64
19.38
14.72
10.14
11.98
17.64
21.58
21.51
18.06
15.7
19.57
17.83
12.76
17.77
7.98
9.32
15.2
14.93
17.7
20.69
22.33
22.29
19.67
12.85
11.07
17.52
23.89
23.09
16.88
14.24
15.84
19.82
22.14
9.83
20.45
18.14
4.85
21.07
17.4
15.89
9.96
13.41
23.64
22.06
13.3
18.51
12.82
9.08
9.5
18.88
-0.47
16.95
11.33
12.95
19.49
21.58
21.95
20.41
12.82
19.02
16.73
10.29
13.78
16.53
17.4
17.31
6.55
12.84
20.22
20.58
11.93
11.16
20.3
15.98
6.89
10.14
16.07
22.09
21.77
21.21
19.65
15.18
15.61
5.54
20.4
22
15.08
17.52
22.89
18.29
6.47
14.92
13.27
14.87
15.29
16.21
18.93
12.2
12.46
16.94
20.46
19.67
11.62
13.01
10.02
6.98
7.46
16.33
14
13.05
15.9
17.81
16.73
5.79
1.92
11.26
14.4
18.78
21.34
18.01
14.11
16.85
22.92
20.93
3.52
16.35
12.5
11.94
12.27
11.18
20.02
16.46
16.23
23.06
19.92
14.1
12.38
17.17
16.93
16.89
18.58
17.6
17.88
16.61
11.15
17.37
15.02
20.43
19.34
17.62
12.83
23.64
22.6
18.95
17.28
8.07
16.51
20.72
17.73
17.39
16.4
21.78
12.24
20.88
21.42
14.67
16.14
18.6
19.23
11.09
15.87
21.26
19.92
18.67
20.87
21.53
23.32
18.96
16.69
21.11
5.91
15.02
18.13
20.61
17.38
13.23
14.95
18.54
12.03
0.84
19.99
26.37
21.3
15.02
19.16
18.29
15.54
19.28
14.95
18.07
23.66
23.28
23.64
17.41
7
12.39
11.83
17.08
18.76
21.23
18.22
12.38
19.34
21.21
22.24
23.11
23.29
17.45
15.92
22.32
19.4
15.22
19.39
21.37
21.82
21.92
21.82
22.64
24.07
21.51
24.73
26.62
23.32
23.59
23.44
20.83
23.91
28.12
26.34
17.46
7.91
9.55
19.04
16.58
20.43
24.47
25.87
20.96
10.71
15.89
21.08
21.64
22.39
25.38
20.51
17.17
25.9
27.52
24.87
18.35
16.15
22.57
21.64
14.33
17.55
20.96
15.14
15.28
22.38
17.01
12.24
7.04
20.83
22.74
16.85
20.94
16.08
22.7
29.72
26.09
15.27
14.96
12.62
16.21
20.31
20.86
22.61
23.33
19.26
24.5
23.81
22.28
22.19
19.69
13.8
5.64
14.56
29.39
31.95
24.88
18.6
29.01
27.67
19.88
16.9
12.31
24.59
22.92
25.16
24.49
19.81
19.78
16.47
1.87
12.7
16.09
17.38
5.02
21.96
26.37
23.07
12.57
22.88
39.78
45.51
42.12
27.79
10.29
20.97
26.41
23.84
3.12
23.07
24.02
21.26
16.89
7.83
18.6
22.37
16.46
-3.56
19.81
24.95
27.38
29.16
25.48
15.72
13.64
10.61
24.64
34.92
43.94
46.03
39.36
22.15
23.8
16.76
19.97
17.49
22.02
20.46
15.53
13.99
17.02
12.4
3.58
11.36
17.04
21.55
17.29
20.62
27.98
28.79
22.48
23.61
26.96
25.71
25.23
18.14
12.26
17.23
14.82
22.54
25.46
21.29
15.44
14.03
6.47
11.76
21.04
25.45
25.18
21.58
23.95
21.67
22.57
25.68
25.26
20.38
21.57
7.39
18.2
20.69
34.22
41.59
40.8
31.29
4.09
23.46
26.88
27.08
26.85
26.88
20.77
28.4
33.98
31.06
19.27
13.55
16.5
17.97
12.65
10.44
11.52
19.52
28.07
29.28
21.92
22.8
22.8
19.51
18.04
18.42
34.3
42.32
41
31.49
27.16
22.56
17.89
26.63
24.15
16.41
20.55
24.05
24.04
23.03
11.12
18.72
22.14
18.04
4.75
18.82
18.14
15.11
10.06
21.41
24.84
24.61
20.78
18.83
20.47
23.29
22.29
17.98
17.56
18.16
12
17.59
19.42
22.78
26.06
25.65
21.77
13.3
17.18
15.46
23.34
20.65
7.93
21.73
21.79
18.63
23.32
38.64
46.53
45.97
35.88
16.54
18.26
15.39
23.48
25.54
25.26
24.76
21.28
12.78
19.86
18.87
16.97
19.11
11.67
11.34
15.12
20.88
20.07
20.33
16.81
15.72
17.46
19.71
15.99
13.74
11.96
21.66
20.24
7.55
0.37
3.42
26.96
33.84
31.78
21.64
17.61
23.87
28.34
24.67
5.9
18.41
24.15
26.98
23.78
0.44
12.51
12.27
13.6
13.59
22.97
25.93
24.83
27.93
30.2
28.46
14.1
21.2
27.94
21.21
15.97
10.13
10.48
15.86
20.77
20.5
21.66
20.94
23.36
16.17
34.08
38.75
35.8
21.47
25.69
25.19
17.17
26.81
22.04
18.18
33.14
38.38
34.78
20.49
14.01
25.56
32.42
27.56
25.16
37.36
40.23
35.18
27.08
24.3
22.71
16.18
22.8
24.15
11.84
23.54
31.31
34.96
33.93
29.37
23.62
5.04
17.34
14.15
20.29
10.33
29.59
32.28
22.94
13.08
21.17
24.91
22.94
26.26
22.06
20.04
25.68
26.62
24.7
27.78
19.46
25.9
27.97
20.84
19.82
15.16
23.41
26.35
29.76
27.71
28.37
27.78
20.69
27.75
30.9
30.31
30.13
27.05
14.96
22.39
23.54
25.64
16.17
21.74
38.87
48.66
48.68
38.17
28.86
21.32
19.44
18.41
31.91
43.82
48.95
45.63
31.93
18.08
19.3
28.21
27.59
17.02
21.95
31.22
30.93
25.07
16.45
23.51
32.35
33.08
29.64
27.66
23.81
19.63
19.33
27.88
24.86
21.82
22.04
23.03
28.11
30.16
21.69
25.05
29.03
29.12
27.82
25.33
27.59
27.95
28.71
32.03
30.72
26.26
26.21
34.94
35.97
30.05
23.24
11.87
32.06
32
25.41
24.06
23.94
22.78
21.08
20.97
24.26
32.55
33.7
26.55
15.67
18.58
22.94
8.69
25.08
20.31
21.68
26.3
21.96
21.71
7.68
28.23
30.24
27.32
27.37
26.68
26.27
20.79
27.32
28.03
25.43
29.73
28.03
16.74
18.03
27.91
27.37
19.88
7.2
22.43
25.22
21.8
25.23
18.66
25.77
20.84
27.31
31.41
30.89
21.81
28.14
28.8
25.33
22.36
23.21
26.74
30.21
33.07
31.19
18.18
31.95
36.24
32.47
27.89
27.13
27.57
26.23
26.06
29.28
26.27
10.26
25.28
28.5
27.54
17.77
33.72
35.63
31.09
27.67
27
26.73
26.05
23.96
24.49
16.52
21.1
29.05
27.85
21.95
21.22
17.6
19.09
24.45
32.71
31.79
26.33
22.87
26.08
27.8
18.37
28.67
23.1
19.73
16.39
14.76
20.01
29.07
27.56
20.35
25.12
19.98
20.45
19.11
18.06
15.4
20.53
28.74
26.77
12.22
16.19
11.46
20.89
24.02
25.71
23.73
24.01
28.68
24.19
21.87
-0.03
25.37
23.56
20.37
24.03
25.28
22.82
-35.16
21.26
21.21
21.93
21.06
17.4
25.1
26.7
12.69
26.98
20.8
16.86
15.3
20.72
26.3
24.41
22.93
22.71
25.83
20.68
20.91
26.18
20.59
24.21
24.88
20.4
21.54
19.81
22.81
26.69
20.41
17.44
21.23
13.7
20.87
25.08
23.4
6.53
21.16
11.66
22.76
22.33
4.44
13.21
8.38
14.27
15.26
23.52
18.39
23.69
16.35
22.15
20.36
25.59
25.72
23.17
10.13
20.62
20.69
16.52
17.73
16.82
18.13
14.09
9.06
13.3
11.21
16.73
19.52
21.16
11.33
21.83
23.35
16.93
17.62
22.06
23.96
16.84
19.51
23.62
15.88
18.37
14.28
18.88
19.79
18.57
18.58
17.66
25.73
24.4
22.59
17.65
17.02
17.92
20.77
23.06
23.48
13.9
14.77
12.37
7.69
15.18
15.89
18.52
11.24
16.42
11.4
18.34
14.43
19.03
15.6
20.57
21.14
10.65
9.25
13.22
24.27
26.25
27.14
27.25
22.4
24.36
30.48
30.06
27.13
26.22
24.88
22.18
23.3
29.2
29.59
27.15
30.57
33.01
29.33
23.4
20.49
19.38
13.3
26.81
29.86
21.58
20.97
21.2
25.39
27.91
28.34
29.51
29.63
28.59
31.27
32.95
30.46
22.77
7.74
17.3
27.96
28.17
21.77
17.98
24.49
28.48
29.3
33.72
33.73
25.29
11.01
17.16
18.75
23.45
24.37
24.41
26.14
17.13
27.4
22.69
22.99
25.7
23.29
23.09
24.42
27.56
26.17
28.13
23.96
22.39
24.83
25.63
23.42
21.78
14.57
21.3
22.53
17.8
32.58
36.83
32.85
25.22
24.33
22.57
13.62
21.61
26.08
17.33
24.44
23.78
15.49
7.67
23.51
29.56
28.38
19.33
17.89
25.34
3.59
22.77
22.22
23.15
17.04
13.76
13.65
21.31
25.99
28.56
26.21
24.92
28.89
29.35
27.23
27.14
25.77
20.27
20.69
29.95
28.9
26.43
29.41
26.51
21.15
28.05
29.7
31.09
31
28.01
28.41
29.5
25.45
25.72
21.45
10.47
11.56
17.9
22.06
24.86
25.11
26.31
24.94
25.85
26.07
22.96
21.19
23.12
22.56
14.62
19.68
23.95
24.86
21.44
22.33
16.56
20.59
23.69
27.14
23.75
22.61
24.69
24.27
20.37
22.31
21.73
21.96
20.07
18.86
14.18
5.05
15.43
15.55
3.33
12.97
10.06
18.55
20.63
15.06
18.69
17.05
12.42
17.79
19.2
23.97
27.42
28.57
27.63
24.71
21.38
16.36
4.45
16.34
22.26
15.84
5.43
13.71
21.74
26.84
26.77
25.04
24.93
26.59
29.05
28.78
26.52
25.94
26.03
24.8
20.73
13.58
21.17
24.71
19.9
12.82
12.77
19.66
20.53
20.96
22.41
14.88
6.04
19.11
24.7
26.26
23.57
17.93
15.96
20.23
22.14
14.23
14.64
20.66
22.14
23.11
21.42
14.37
17.39
17.5
4.78
11.5
21.09
25.63
20.54
14.29
21
17.68
-0.45
5.47
6.34
19.93
23.88
17.32
17.07
16.68
10.2
20.03
21.73
10.94
15.98
19.12
21.5
21.51
22.66
22.44
18.94
17.46
20.83
28.44
29.75
26.95
23.41
21.41
21.99
23.87
23.43
19.01
13.44
17.33
20.25
22.34
21.61
20.47
22.99
20.85
14.17
12.5
2.59
14.85
18.27
3.68
21.9
25.33
24.87
21.2
19.02
18.57
17.43
14.28
11.6
10.44
-4.47
13.01
12.03
16.62
21.21
19.45
20.22
16.23
15.2
19.47
19.22
23.85
26.64
23.26
19.86
21.17
19.7
11.06
13.31
16.76
8.1
13.45
11.81
23.85
23.8
19.98
19.79
19.36
19.48
12.97
1.22
7.49
18.92
21.1
21.6
24.57
25.79
19.31
4.22
14.33
16.98
11.25
17.98
15.14
16.07
18.9
17.58
8.43
23.4
27.92
26.61
12.17
20.91
24.29
24.15
18.27
11.71
20.18
22.28
18.45
7.49
17.66
20.96
23.93
20.05
11.04
21.01
22.41
18.74
13.96
18.34
20.09
19.67
14.48
18.14
18.62
21.46
21.19
13.11
14.64
20.8
20.61
17.5
17.38
17.27
12.06
16.05
16.41
16.52
19.42
17.59
22.83
20.21
3.24
12.89
14.71
21.02
23.42
20.87
17.86
14.35
17.36
19.7
25.33
25.24
23.06
14.36
11.42
13.67
12.1
21.44
24.58
22.5
6.62
18.57
18.13
6.51
15.04
23.38
22.91
17.95
22.1
23.55
20.51
12.44
19.96
23.92
26.51
25.66
23.64
18.9
17.34
19.94
17.63
20.41
18.39
10.93
13.93
16.03
21.82
22.35
18.84
13.28
19.16
26.6
28.84
24.54
21.15
21.36
20.34
20.57
22.14
19.74
13.34
14
12.62
-3.11
16.85
16.43
4.85
15.1
15.02
20.35
19.05
0.78
8.74
15.14
18.94
18.9
24.01
23.38
21.06
21.93
22.21
21.66
18.04
15.67
15.51
15.93
16
15.33
16.62
20.46
22.38
23.22
21.44
22.88
19.88
6.08
16.3
19.56
20.78
21.5
15.99
17.69
14.53
17.81
18.21
16.16
21.6
17.36
26.58
26.01
16.99
9.27
1
19.98
19.94
-11.31
16.39
16.79
21.32
21.05
19.42
18.62
15.02
1.33
14.79
19.2
17.22
16.99
15.79
7.42
9.19
17.98
19.75
19.53
16.8
15.86
18.7
21.23
26.22
26.61
21.67
17.44
19.8
22.62
22.95
21.88
25.98
26.5
27.79
27.93
26.62
25.71
28.08
33.95
36.27
32.09
25.9
15.29
10.93
16.97
19.99
20.66
19.97
14.65
2.32
7.57
15.69
20.91
22.74
20.86
14.45
14.3
18.65
15.78
19.43
14.26
12.78
17.99
19.59
18.52
19.28
19.95
24.09
24.1
18.32
14.97
19.74
21.25
22.54
24.18
22.49
21.43
16.31
13.76
22.87
25.88
25.19
21.45
20.55
21.4
21.81
19.92
14.46
11.53
18.48
16.87
17.06
19.31
19.72
18.07
20.49
21.92
17.53
11.87
16.82
19.45
15.63
11.89
19.4
23.16
20.48
13.27
16.89
20.08
22.12
22.87
18.53
17.38
23.28
25.71
22.24
-7.72
16.81
20.52
23.69
21.21
13.31
7.27
9.51
13.14
14.51
15.68
19.48
14.79
7.55
-0.79
12.88
20.22
20.45
12.96
13.38
17.98
22.85
21.89
10.2
17.1
14.5
13.59
15.72
13.59
24.05
24.73
15.24
15.93
21.76
21.97
17.75
15.78
18.25
17.69
20.57
23.31
23.22
19.47
17.62
11.35
8.53
8.98
6.24
9.59
12.04
-1.21
16.79
16.9
12.9
13.75
14.5
11.66
12.27
15.89
14.43
18.24
22.14
22.32
21.49
14.17
23.41
25.11
23.62
22.95
23.32
23.83
23.98
20.53
11.51
14.33
15.46
8.65
12.84
15.69
17.81
16.83
19.06
22.32
23.05
22.35
17.25
15.61
17.35
19.44
21.21
16.78
15.72
19.65
21.27
16.43
13.14
12.18
19.32
14.78
15.99
17.02
11.67
13.28
15.54
16.91
18.8
13.55
7.77
14.81
19.67
21.19
16.54
18.8
24.73
25.01
22.73
21.76
20.9
21
22.42
15.68
16.49
20.02
18.46
17.11
13.93
14.73
25.12
23.31
7.75
15
17.44
3.33
16.29
16.76
15.98
15.73
14.47
22.34
24.09
20.06
23.63
22.49
1.8
16.46
10.16
11.28
15.97
18.08
16.98
22.69
23.81
17.22
5.97
17.3
21.23
19.81
13
16.15
18.24
17
10.81
8.4
10.59
12.41
20.6
20.81
15.98
13.48
12.33
19.72
18.62
22
21.38
22.15
19.83
16.34
14.34
5.01
15.39
12.47
9.26
15.42
16.24
8.84
-2.33
0.81
8.1
15.03
15.36
19.82
18.53
14.04
15.59
15.22
13.02
16.94
14.05
1.9
14.27
10.01
11.76
15.76
14.88
16.78
18.43
16
11.11
10.53
16.92
18.21
12.18
1.71
12.33
16.49
14.03
14.31
16.76
5.47
14.01
14.76
16.99
21.19
16.88
1.9
5.8
13.04
15.78
13.71
9.77
2.82
11.17
13.87
14.04
14.21
15.12
16.91
16.87
15.31
14.11
9.63
6
12.37
17.05
18.49
15.84
17.66
18.41
17.05
13.97
17.17
18.47
18.51
12.37
13.17
20.72
22.97
22.43
16.09
16.76
16.07
15.76
13.79
11.77
11.42
10.31
16.06
15.88
13.27
17.24
18.83
13.47
13.24
16.97
16.91
11.54
9.09
4.93
8.16
14.65
14.27
9.74
17.56
10.73
15.95
18.41
12.01
10.4
15.29
14.22
7.72
13.07
13.93
8.98
1.21
11.58
17.23
18.35
18.1
18.53
17.82
10.6
17.93
21.72
16.91
9.21
11.82
15.65
13.95
5.33
16.39
18.44
17.77
16.43
5.35
10.79
15.96
14.29
13.3
14.26
8.76
4.31
8.5
14.61
17.26
13.32
0.15
4.25
8.98
2.87
10.69
15.13
14.29
11.51
-1.08
5.92
9.92
14.58
15.15
0.96
10.4
12.34
14.28
-2.02
14.39
17.05
11.18
1.61
1.8
12.26
16.95
12.47
11.61
14.66
19.03
16.27
-9.93
6.15
14.94
13.54
8.15
5.36
12.85
17.92
18.08
12.69
8.21
10.85
9.31
14
15.24
14.71
11.78
13.25
9.41
-15.62
12.19
14.41
10.25
15.28
17.39
19.33
20.58
16.91
12.52
15.63
11.92
8.44
7.63
10.64
17.19
16.16
18.05
16.85
9.29
16.6
16.28
15.8
15.58
16.41
15.5
5.52
9
5.48
10.62
14.85
16.08
16.52
13.69
14.56
12.17
11.64
18.58
21.78
23.24
20.8
14.41
13.75
14.14
9.14
7.83
2.79
12.54
7.41
12.01
16.92
15.07
9.46
9.05
9.17
12.43
14.25
16.06
12.99
9.83
13.33
9.11
1.11
8.54
9.63
13.57
16.1
10.66
3.3
12.24
12.26
16.11
16.52
4.69
20.15
21.42
17.07
11.51
7.06
15.64
15.3
10.13
17.35
12.17
7.4
17.62
19.34
14.69
10.26
8.06
5.43
9.7
12
13.05
15.38
19.12
14.73
12.99
20.99
23.34
15.16
14.04
16.18
14.95
6.63
13.8
0.52
15.9
20.26
18.63
10.99
9.33
12.68
13.89
15.99
19.09
14.71
10.85
19.76
18.02
18.82
20.82
21.08
19.15
11.8
17.46
15.44
13.5
-4.72
11.77
7.02
14.53
1.79
10.98
13.81
4.22
1.88
10.9
4.1
13.8
14.48
15.45
7.46
9.69
16.22
14.52
-4.94
9.31
-7.05
15.27
18.49
17.07
11.84
7.45
8.39
8.21
7.3
6.41
3.59
1.28
-3.93
11.6
14.06
14.72
15.39
13.47
15.85
14.26
12.83
9.98
8.13
10.57
-1.53
9.66
7.91
6.46
10.14
9.91
13
13.94
2.12
13.46
12.02
6.49
7.72
3.41
13.17
18.91
20.14
16.2
8.37
-6.84
4.09
7.55
9.09
10.67
14.57
17.59
18.13
16.95
14.72
10.61
22.57
25.02
24.49
18.62
8.49
18.62
22.67
18.8
19.42
25.37
24.19
18.37
17.84
21.27
16.66
12.13
15.38
14.89
13.25
1.29
8.3
5.77
16.15
21.42
21.91
20.76
20.67
22.11
21.49
19.86
15.81
18.27
20.95
19.16
15.56
16.79
14.89
8.96
20.82
22.27
20.53
20.45
23.15
22.62
16.5
13.42
16.23
15.23
14.21
12.83
21.57
20.49
10.46
18.03
22.1
22.35
19.95
22.52
25.63
24.66
22.98
23.31
20.86
17.2
15.08
6.49
11.83
17.64
16.79
6.99
9.3
13.9
9.86
11.86
19.13
19.27
14.61
8.12
10.12
10.32
12.25
14.92
17.16
18.1
13.3
15
17.33
17.31
12.59
16.66
15.79
17.43
19.68
15.79
9.78
18.49
19.93
16
7.92
-1.68
1.14
13.49
20.91
20.91
14.66
18.33
25.03
26.32
25.01
22.63
24.01
20.48
12.01
15.48
12.72
11.87
9.43
10.14
14.48
19.31
18.24
17.52
19.36
19.61
17.78
21.59
24.86
24.76
18.59
21.26
21.49
18.49
8.65
12.5
17.57
11.95
20.4
22.35
21.18
14.9
21.52
26.16
23.34
10.23
8.27
16.26
17.69
19.57
15.12
9.62
19.43
18.83
9.97
15.82
9.09
10.77
10.76
8.38
11.94
7.88
13.91
1.62
20.39
23.45
18.04
7.08
19.78
23.98
24.14
21.85
21.34
20.45
16.94
7.39
18.65
23.6
24.33
23.32
20.65
10.24
10.1
16.56
13.8
4.88
9.58
14.07
20.85
22.44
20.42
19.09
20.63
18.49
16.04
16.16
16.39
13.94
17.32
20.75
21.14
18.06
15.83
21.31
20.89
7.92
17.21
17.22
17.73
18.62
15.67
17.36
22.77
24.86
21.97
5.21
16.37
20.06
22.42
23.16
18.17
17.71
20.78
17.82
9.88
11.29
14.25
15.21
12.18
16.49
5.61
16.6
20.03
21.19
22.47
18.41
7.22
12.21
13.94
17.56
21.79
21.25
10.88
9.16
6.47
16.91
12.87
10.74
14.29
16.33
16.4
18.36
21.12
20.06
17.08
15.68
17.24
8.05
20.35
18.2
10.43
17.2
17.37
16.32
21.16
22.28
22.57
22.4
19.28
19.37
11.74
21.32
21
8.91
11.73
21.01
19.95
9.96
7.46
16.11
12.76
4.52
-11.7
11.38
7.22
18.95
14.01
6.79
7.85
4.52
16.89
20.56
23.92
25.14
22.52
11.7
7.09
17.23
19.56
15.78
4.45
10.29
13.2
13.16
16.04
18.48
16.71
11.03
10.94
10.29
15.29
18.83
17.82
5.74
5.77
9.55
16.33
17.21
16.98
17.8
18.04
16.07
2.71
16.13
20.31
18.88
14.43
7.63
11.46
15.6
13.69
13.12
18.39
21.83
20.17
15.43
15.82
14.15
15.27
13.67
7.1
16.13
16.19
13.06
13.98
15.04
10.92
8.46
12.32
15.99
17.22
10.3
15.76
20.67
19.3
17.2
20.7
21.79
13.6
10.78
15.15
16.34
10.07
13.34
16.57
17.76
17.65
17.35
16.04
10.54
19.07
14.89
8.25
12.76
8.05
16.24
15.15
9.5
15.34
13.2
9.86
16.58
6.43
14.42
9.41
10.4
16.81
17.91
16.13
12.62
13.43
14.5
17.49
16.4
6.21
12.5
5.31
3.1
13.1
16.46
18.3
14.89
15.2
17.81
10.62
11.37
8.53
-11.15
10.13
12.82
9.03
8.92
19.07
17.76
5.72
4.71
11.63
0.08
14.14
11.89
7.91
5.19
8.38
9.71
11.03
19.31
18.1
8.51
20.77
23.21
17.85
-0.36
12.24
15.03
10.32
10.88
15.45
7.88
17.95
16.44
15.48
5.96
13.67
10.88
13.78
13.15
17.98
14.03
12.56
10.87
15.45
20.64
14.83
13.48
12.51
5.02
6.6
15.56
18.37
19.59
17.08
17.63
8.41
13.69
20.11
17.31
13.21
6.19
9.83
9.56
18.04
10.65
16.07
15.48
10.98
11.72
19.69
22.85
21.13
12.61
3.72
9.72
8.27
11.59
9.41
19.98
18.11
13.74
15.49
11.99
10.47
17.08
17.74
17.58
18.69
13.62
15.32
12.57
12.17
12.25
11.18
17.42
16.56
14.6
20.98
20.93
20.64
19.24
17.23
13.36
18.2
20.09
19.32
15.23
9.56
12.64
15.5
15.73
9.51
-5.02
21.51
22.1
9.14
1.94
13.5
10.77
18.14
12.4
12.79
13.8
13.89
16.94
16.04
9.95
13.15
5.04
10.18
15.27
16.87
16.96
7.26
5.32
12.22
4.62
14.63
6.77
17.42
19.31
17.03
1.92
9.05
10.52
15.82
11.86
11.87
19.05
21.29
15.95
11.65
13.29
14.69
-12.89
16.99
18.84
10.83
17.96
20.41
14.31
5.56
8.7
5.6
4.89
13.87
12.35
7.78
7.54
9.86
6.41
17.25
19.55
20.41
17.31
10.39
12.14
13.86
2.86
7.65
15.2
13.98
13.87
21.45
18.41
13.75
13.57
11.62
15.95
8.34
10.78
10.34
3.11
6.18
-2.75
17.51
15.53
3.73
8.5
7.14
13.14
16.88
17.18
16.84
15.21
16.5
7.36
4.69
18.7
22.14
16.44
10.08
9.15
7.89
3.45
1.88
5.91
9.24
17.14
12.59
15.46
21.43
21.95
16.34
12.66
9.3
15.91
18.61
12.47
17.89
20.27
18.15
14.71
15.41
5.98
11.36
9.7
14.55
11.39
10.6
18.4
18.72
9.29
1.9
15.44
17
18.21
11.63
9.55
19.66
18.81
8.98
8.11
3.73
13.49
12.46
4.91
1.26
16.85
16.09
7.59
14.47
16.63
15.32
14.29
14.33
16.76
21.43
21.11
10.45
15.75
13.52
17.55
15.6
16.6
15.68
12.74
-2.68
9.72
14.28
20.21
19.09
11.08
17.52
17.5
9.1
13.62
7.16
13.06
15.45
10.15
6.1
7.37
13.13
17.93
16.68
13.49
9.02
15.31
14.22
19.86
15.35
18.96
17.88
18.2
7.01
5.42
11.67
-0.62
16.01
17.53
21.92
21.59
8.36
8.4
12.96
19.73
19.41
15.67
10.52
9.47
15.2
20.03
19.43
15.85
17.92
18.45
17.73
15.52
12.77
10.87
18.47
15.88
2.16
14.83
19.82
18.63
16.18
18.79
19.25
11.37
19.37
20.52
17.8
14.36
14.17
8.47
10.89
3.8
14.27
6.82
14.04
15.78
12.93
18.06
12.53
5.45
13.45
8.28
9.41
13.27
10.25
10.69
16.23
13.78
8.15
2.3
4.68
12.1
15.14
19.66
19.46
6.52
5.86
15.01
18.07
14.18
0.47
6.33
12.23
17.46
18.13
9.05
14.52
12.23
13.73
16.95
15.12
7.84
3.2
12.26
11.16
10.29
18.05
11.9
16.69
8.41
11.67
14.57
15.28
12.24
5.88
6.98
14.04
15.98
12.66
9.07
15.68
19.1
16.59
6.27
2.09
13.04
15.98
4.44
12.81
10.09
14.2
17.72
19.36
20.26
17.87
18.3
14.33
7.5
15.23
15.5
12.35
2.84
8.59
9.58
6.37
15.98
14.9
11.52
10.62
7.94
5.08
4.85
12.24
15.79
15.42
16.56
17.18
14.72
10.37
15.59
16.68
11.79
3.62
11.02
16.27
14.95
7.71
-2.81
3.01
9.54
16.62
20.05
18.05
3.49
14.01
15.95
15.89
15.31
15.4
13.75
5.83
13.93
14.17
13.06
11.79
10.29
7.8
10.32
15.25
12.14
8.76
14.86
10.18
9.75
4.16
3.28
7.83
10.9
2.09
8.75
12.87
12.38
15.9
19.63
19.13
11.69
9.45
19.35
20.99
18.17
11.06
14.06
17.27
15.04
13.25
14.78
12.8
-0.59
-9.64
6.75
16.84
14.73
7.02
16.68
19.91
16.74
7.29
11.24
7.71
6.68
10.38
13.48
12.4
13.68
12.73
14.81
17.4
16.3
10.99
11.56
16.15
14.1
3.85
12.71
14.96
12.96
12.75
15.46
18.28
17.85
10.74
8.35
7.26
13.49
14.19
5.55
13.97
13.55
11.56
17.24
11.4
3.11
4.9
7.47
18.92
18.93
15.38
14.28
15.28
19.08
16.16
5.76
12.92
-0.31
11.48
10.42
9.99
8.91
4.06
7.84
2.21
3.81
13.08
12
0.1
8.61
9.68
9.81
13.64
13.14
15.04
13.74
12.35
6.43
14.76
18.63
7.52
14.77
13.45
6.13
12.37
9.19
7.12
15.22
18
18.13
15.67
-1.01
17.86
19.27
13.92
17.28
17
9.83
11.47
15.67
12.55
11.04
15.09
15.38
11.79
8.15
14.36
13.16
15.28
14.86
10.28
1.78
9.45
11.22
1.01
9.3
17.18
17.97
11.04
5.05
6.71
3.59
16.76
16
4.66
16.14
16
11.81
10.51
12.95
13.18
12.78
12.61
13.8
11.5
12.83
18.87
17.44
13.56
13
11.7
11.15
9.02
4.95
7.21
14.95
12.6
7.49
14.98
17.95
16.74
16.79
19.03
15.57
4.95
9.53
10.09
5.19
7.6
-17.03
11.83
14.79
13.01
15.34
14.08
8.77
-0.64
10.7
14.21
13.33
13.81
8.22
10.22
14.58
12.63
16.26
19.24
15.82
7.44
7.85
7.91
2.53
7.96
11.55
7.39
2.42
7.46
4.23
11.5
16.34
17.21
12.36
5.82
3.97
15.2
19.57
17.49
12.92
8.09
12.02
12.7
14.31
15.65
12.21
16.08
15.34
13.77
13.69
5.3
7.69
10.7
10.67
7.67
13.89
15.05
15.48
11.89
3.31
9.19
7.47
10.83
13.25
11.3
1.37
7.79
14.67
17.84
18.86
16.6
13.96
10.42
5.92
6.7
12.79
13.81
6.09
3.96
5.01
9.08
3.29
13.65
16.99
13.79
0
11.68
14
5.89
12.77
14.87
17.16
18.43
15.77
9.54
-0.2
0.38
-1.32
-0.18
-3.43
10.48
12.76
5.71
11.76
10.43
13.99
9.64
13.89
12.7
13.1
11.93
11.05
17.29
17.11
11.96
12.55
12.95
10.12
3.9
-0.14
0.83
1.4
-8.77
5.44
8.47
6.39
9.58
15.53
14.5
3.12
10.61
10.83
13.18
16.93
7.78
10.93
4.64
-3.63
12.44
11.33
5.42
10.13
12.29
9.72
3.04
-0.86
7.5
5.59
7.38
7.33
3.73
7.95
10.66
13.65
14.14
11.25
11.48
12.98
14.87
14
10.61
7.79
14.45
16.42
12.18
-8.34
13.07
14.16
10.27
9.46
0.52
14.44
18.64
16.81
14.01
11.22
-7.31
9.4
11.06
11.91
14.24
17.8
18.79
15.75
11.68
13.22
16.74
13.07
0.38
-6.68
7.45
9.68
2.91
13.51
14.85
13.17
13.29
14.57
14.01
15.47
15.78
14.24
6.33
3.48
5.78
9.74
12.4
14.38
13.73
11.74
13.39
11.48
6.6
2.26
11.31
10.8
12.21
13.23
8.68
4.9
8.25
5.3
9.17
15.2
9.98
6.01
5.95
4.17
6.02
10.41
3.62
12.02
15.21
13.91
7.99
11.26
1.11
9.32
10.71
11.29
13.37
13.69
9.87
-0.98
11.56
16
18.31
17.34
12.04
7.06
14.16
9.98
9.94
7.44
2.37
12.29
17.23
15.4
9.65
6.04
13.26
7.18
-3.4
1.67
11.53
9.7
6.17
1.94
6.68
4.71
5.7
6.07
11.51
14.01
10.86
12.76
14.87
10.62
9.61
4.31
10.56
11.27
16.04
20.47
16.58
12.82
15.79
18.15
16.08
11.88
11.38
8.34
8.58
13.63
13.18
7.51
6.14
16.41
17.27
16.38
15.24
17.3
20.04
18.66
10.03
11.86
1.77
6.26
8.58
6.89
4.22
7.14
14.18
14.83
12.89
11.58
-4.18
0.41
13.29
15.38
12.48
4.71
8.9
11.52
10.93
1.67
1.13
2.95
8.57
12.65
7.55
0.93
8.17
15.36
15.49
11.16
2.62
13.34
10.98
13.39
14.65
12.71
15.12
17.13
15.5
7.53
6.47
11.71
6.58
6.94
9.06
12.41
7.4
11.71
13.25
7.06
3.51
9.92
11.8
13.46
5.86
10.6
-1.06
16
16.53
11.42
5.56
3.47
-0.54
9.01
3.56
1.62
7.45
9.48
-6.75
1.17
-0.47
6.01
11.29
14.9
12.88
14.28
11.41
11.44
13.67
12.73
8.19
3.66
7.28
14.36
11.32
8.63
7.16
5.53
9.19
7.4
5.89
2.5
3.53
11.14
10.47
11.75
12.5
13.5
14.71
7.44
6
-10.94
6.48
13.05
12.94
6.1
8.1
7.33
2.57
7.71
4.64
12.39
17.25
11.29
11.76
11.56
-6.16
4.05
11.41
14.42
10.57
3.3
8.69
10.11
0.2
9.08
10.63
17.9
15.84
4.82
1.8
12.67
7.89
-0.75
3.12
8.11
12.25
14.09
8.11
-2.93
6.86
6.9
1.84
6.62
10.01
8.73
4.05
-4.02
7.82
12.64
12.24
10.63
13.49
13.5
8.39
-0.88
10.84
12.16
11.98
16.1
19.59
18.38
12.25
13.02
14.24
15.63
15.4
8.25
7.42
2.13
-3.28
2.73
4.02
9.19
10.31
9.83
10.49
9.86
13.32
14.95
14.1
15.39
16.13
12.78
2.68
-1.03
9.63
12.59
10.03
6.96
1.38
-0.25
0.23
9
12.81
1.43
9.95
11.54
-10.35
7.58
7.57
14.2
11.43
-0.88
8.83
11.83
7.6
6.02
3.9
1.66
4.65
12.39
10.33
-2.4
-5.68
5.74
5.37
11.27
5.98
2.8
3.5
10.04
10.26
-0.41
-7.48
13.34
10.27
-10.53
6.48
12.68
13.34
7.14
9.98
14.74
13.52
10.68
10.77
10.51
4.95
16.74
19.35
16.35
13.51
13.57
12.21
9.14
10.05
10.46
12.95
14.76
14.9
14.41
14.52
11.42
10.51
11.14
0.1
9.84
14.34
15.76
14.2
10.02
13.79
15.34
14.98
13.67
11.13
12.87
9.99
6.01
15.06
17.51
20.27
22.14
20.16
13.72
9.06
14.53
17.06
14.49
7.75
16.87
17.74
14.04
16.7
19.49
18.7
18.31
19.43
15.06
-2.52
8.84
14.25
7.37
12.02
11.9
2.41
8.9
16.22
16.3
13.32
10.11
12.24
15.49
10.09
8.13
13
14.52
5.16
10.38
14.11
14.35
15.71
14.08
15.53
13.29
-4.09
13.37
19.02
21.02
19.54
15.64
16.24
14.64
10.34
13.59
14.8
14.3
16.12
14.86
12.55
10.26
13.7
14.99
15.64
10.39
4.95
1.72
15.82
18.25
11.54
11.51
12.88
14.53
16.42
19.15
21.32
19.83
18.12
17.08
17.44
17.26
18.5
20.02
17.36
11.12
7.83
-3.64
11.64
12.11
14.31
17.26
17.09
14.3
14.36
17.96
21.04
20.78
18.63
16.83
18
19.78
19.46
21.86
22.86
20.67
18.06
16.94
10.9
6.81
13.92
16.15
17.94
17.94
17.15
17.77
18.47
19.66
19.88
17.59
13.89
11.08
5.66
11.23
11.72
7.47
3.21
10.84
13.59
9.59
8.16
11.26
16.92
18.44
17.81
19.3
19.25
18.41
15.73
10.46
-4.53
12.4
15.55
15.97
14.86
14.19
17.96
20.21
20.19
18.82
14.92
11.37
13.4
9.5
10.11
13.54
10.33
4.92
8.3
16.19
18.27
17.36
17.5
17.82
16.41
18.08
20.49
19.4
16.54
13.21
8.89
6.42
14.35
16.16
12.23
7.95
13.54
17.55
18.83
19.37
20.72
22.06
20.18
16.15
13.27
9.72
9.98
13.74
11.93
-0.74
3.76
6.97
9.39
13.17
12.62
15.28
19.23
20.51
20.98
21.52
18.6
9.32
4.48
1.19
8.54
10.43
10.68
12.99
14.47
16.05
20.21
21.03
17.14
12.97
14.51
16.71
17.26
17.81
19.54
18.78
16.56
9.86
9
17.3
17.19
14.33
13.38
13.41
14.75
9.5
12.84
17.35
16
6.17
8.99
15.16
14.77
8.62
9.56
15.3
19.02
17.85
9.6
4.32
11.62
19.87
19.34
14.7
14.64
14.29
11.88
12.41
11.48
13
13.62
6.59
9.39
13.69
12.55
13.76
15.02
15.84
17.33
16.33
16.98
18.3
16.85
15.93
15.88
14.38
12.1
11.17
16.78
19.84
18.38
9.51
5.8
8.67
5.97
8.18
9.03
16.65
15.27
3.99
0.33
12.31
16
12.63
12.6
12.21
11.05
2.41
9.11
5.43
8.65
15.82
19.26
17.42
13.21
11.02
11.5
14.8
16.27
15.4
13.71
10.16
14.93
15.38
16.73
13.39
12.1
15.37
16.19
13.7
10.89
9.27
12.17
16.96
10.67
11.18
15.18
17.06
16.9
9.82
11.25
11.28
9.28
11.4
11.59
12.85
11.46
13.53
16.34
14.84
14.83
16.88
15.77
11.87
0.74
5.86
5.41
9.58
14.2
12.45
15.59
13.56
-4.71
8.59
9.21
7.96
14.67
14.26
6.92
5.32
8.03
9.94
6.97
9.18
15.3
15.8
7.94
10.12
9.54
-14.53
13.99
15.95
10.5
4.14
8.91
11.43
0.98
3.83
3.02
10.55
15.94
16.86
15.03
10.18
9.35
14.27
13.99
4.12
17.01
21.47
17.63
12.02
0.9
9.54
2.3
8.84
16.35
17.73
15.71
9.98
0.18
7.44
10.58
12.53
12.3
10.23
-14.51
13.1
16.75
14.87
10.45
13.92
17
15.25
15.61
17.28
15.72
8.4
5.79
12.34
11.18
11.31
4.72
9.27
13.62
17.07
18.4
16.26
15.47
15.33
13.63
8.32
10.47
10.16
5.31
-0.9
3.06
10.82
14.23
13.77
7.43
15.07
7.63
12.2
8.62
-11.51
10.99
17.13
15.25
10.67
1.26
0.97
-1.29
12.79
9.12
9.96
9.29
8.95
5.11
9.29
11.21
14.22
11.96
15.03
19.86
20.45
16.56
12
12.86
9.69
9.32
10.4
-2.47
3.62
6.22
11.36
1.21
13.36
10.7
-6.65
9.32
17.48
9.29
12.05
13.08
12.71
12.63
10.29
11.71
14
11.26
9.32
11.67
11.39
7.81
11.78
16.17
13.81
10.99
5.15
11.38
16.25
11.4
11.45
14.17
12.16
13.11
15.45
13.3
11.5
10.91
5.56
3.26
6.63
19.09
19.2
11.92
12.73
18.15
17.27
15.68
11.93
-0.91
3.65
9.23
13.66
7.89
8.88
11.06
6.45
1.11
7.6
6.86
17.19
17.94
7.49
8.66
11.6
7.43
7.3
7.74
6.71
13.34
8.76
5.81
-2.28
6.75
-0.3
12.53
4.62
12.72
11.12
-5.66
6.95
6.86
11.01
12.87
9.65
1.13
10.58
-4.91
19.58
23.3
23.95
22.32
17.69
0.48
14.25
17.37
15.99
5.09
9.51
6.76
16.81
14.56
15.22
17.74
15.54
15.69
17.06
17.59
15.06
16.04
10.89
13.98
9.39
4.91
12.47
11.16
4.98
6.65
11.87
13.05
10.59
5.72
8.96
12.51
14.91
16.95
13.51
12.1
17.84
16.46
8.41
-3.65
12.56
15.3
11.17
11.61
9.2
7.9
16.55
17.27
9.24
9.44
14.65
13
9.78
9.42
7.75
8.83
6.74
7.14
7.29
13.96
15.52
9.7
8.05
9.65
10.07
13.4
9.68
2.22
-8.05
9.47
11.16
9.77
9.83
2.36
0.14
1.88
1.53
5.05
9.76
17.18
19.89
13.3
10.42
12.05
11.45
9.23
2.46
11.16
7.73
-1.82
12.46
14.6
12.27
10.08
10.04
7.22
17.61
8.7
14.18
13.41
12.75
13.12
9.81
7.49
3.95
5.32
9.15
8.12
1.5
-0.16
7.09
7.45
17.04
15.16
11.37
10.18
3.86
5.71
6.83
7.96
9.79
4.84
13.2
18.01
19.79
19.01
17.96
16.82
14.1
16.29
15.51
9.9
12.55
14.92
13.73
14.13
13.38
7.72
5.27
12.31
15.83
15.48
11.91
1.59
4.29
-0.87
4.81
5.78
0.18
11.97
13.97
12.69
11.05
14.09
8.41
13.86
19.02
17.44
11.57
10.12
12.02
10.14
15.25
15.34
13.91
15.19
12.91
-0.99
11.75
11.72
13.38
2.15
10.64
7.93
8.79
13.11
14.7
16.6
15.35
