-2.9
2.45
6.63
7
9.72
2.96
1.78
6.08
7.96
7.9
2.54
4.1
5.95
-3.37
3.1
4.01
-0.15
3.39
-0.5
9.93
13.26
12.35
11.4
2.67
11.25
9.45
7.86
-0.38
8.91
9.96
14.76
13.35
5.68
3.42
12.44
12.13
4.15
1.81
7.87
10.07
9.33
4.32
-9.84
4.98
-1.11
9.47
-7.05
4.33
-3.95
6.99
-3.34
9.17
13.47
8.43
9.87
12.29
4.07
-2.47
5.59
15.08
17.29
15.47
11.52
-3.82
10.64
15.09
15.47
12.33
-2.88
6.36
7.44
8.83
15.33
17.48
15.89
13.37
8.96
-8.12
5.35
2.83
8.67
14.89
15.62
10.44
-8.61
3.05
13.45
12.79
5.16
8.93
14.71
13.35
5.8
10.1
14.82
12.96
13.64
14.91
13.71
6.31
-4.55
11.26
13.38
8.4
0.87
0.7
8.21
8.29
11.41
13.14
1.34
5.72
3.63
9.77
11.99
7.72
1.73
8.38
5.22
1.11
8.31
7.14
3.98
6.93
4.58
3.88
-0.57
3.42
11.8
12.64
11.48
5.71
8.65
13.53
11.1
8.39
-1.63
5.06
2.21
5.75
14.46
17.19
14.52
11.62
14.82
15.72
12.2
12.12
15.41
11.82
13.96
16.06
13.31
10.63
0.34
1.22
-4.38
6.98
1.89
-2.45
-4.02
-3.59
8.67
7.43
-0.71
1.56
6.99
3.43
-4.15
7.44
11.74
13.75
10.11
-12.94
7.08
11.16
10.16
-4.91
9.53
9.37
6.07
4.41
4.42
9.07
5.74
9.25
6.26
-2.99
8.88
11.54
12.72
7.32
10.75
-1.63
10.35
9.81
15.76
17.27
21.29
25.64
26.46
25.11
21.04
12.9
13.65
13.13
10.5
8.73
9.43
13.43
12.14
-4.29
0.17
8.95
7.67
4.6
3.06
8.96
8.08
8.73
10.84
4.85
7.82
10.03
8.77
6.11
5.3
5.61
3.72
8.12
8.72
11.17
3.14
6.38
-0.62
3.53
3.15
9.53
9.88
-6.99
4.25
-10.85
4.71
6.55
5.34
8.76
7.32
13.58
15.36
15.69
14.61
0.09
12.9
12.69
11.67
14.02
13.14
10.99
12.75
16.84
16.73
9.96
6.73
7.35
8.71
9.2
9.53
9.16
9.33
11.97
9.02
10.65
13.11
11.65
8.06
3.19
0.56
5.47
-3.2
9.17
10.07
0.17
-0.76
8.12
13.83
10.81
11.91
10.61
6.49
7.98
2.27
12.71
9.55
-2.28
-0.94
6.59
1.05
9.82
14.47
11.48
1.96
7.95
9.36
9.01
8.03
12.33
15.67
12.04
3.66
13.23
12.18
7.52
16.49
14.56
6.77
5.81
10.5
3.58
15.12
15.7
10.68
5
6.07
4.92
7.19
6.71
7.15
14.31
14.84
7.89
3.81
5.93
0.02
10.76
8.83
9.49
10.82
6.43
7.54
14.8
17.38
15.79
10.84
5.02
11.38
13.98
12.96
12.37
14.37
12.31
7.52
10.59
1.9
11.5
6.63
4.87
5.62
5.2
3.08
1.75
11.84
15.3
14.3
9.54
4.42
9.14
10.37
8.24
1.7
9.96
11.24
3.15
2.73
0.35
12.33
9.78
9.06
4.91
12.08
10.2
8.79
5.64
3.92
2.85
1.28
5.19
0.11
6.64
3.2
-2.01
9.43
10.89
9.48
4.9
-3.11
1.73
11.64
11.3
0.87
-7.89
6.98
-1.27
1.76
8.86
13.03
14.91
13.14
3.59
1.02
0.75
3.76
10.97
12.9
10.41
8.34
8.62
11.02
1.64
11.06
5.59
9.72
11.31
8.67
10.07
11.27
7.33
-1.24
9.46
11.17
9.86
1.56
4.77
10.58
9.67
11.97
13.48
8.47
10.56
12.69
7.58
3.69
10.37
10.57
6.63
8.72
9.77
16.06
16.28
14.37
11.76
7.9
10.17
10.93
4.44
4.5
6.29
15
12.48
1.37
9.78
14.15
10.93
13.83
15.8
14.75
9.37
2.26
11.83
7.11
5.62
14.29
15.33
5.3
9.4
9.89
11.09
9.39
4.21
-0.12
-0.51
10.57
13.46
9.41
11.94
8.72
4.62
5.67
10.62
13.49
12.08
7.47
14.95
13.91
8.34
4.66
10.76
12.26
1.32
15.7
12.19
5.18
2.71
15.33
16.56
15.69
13.59
4.76
2.42
11.37
11.84
14.76
16.49
10.19
2.56
13.13
16.81
17.41
17.36
15.43
8.58
2.31
1.54
2.15
8.92
13.9
17.55
15.74
13.46
12.9
12.21
9.96
-19.76
5.99
11.47
14.18
14.52
7.88
9.21
9.28
7.58
3.94
5.68
7.73
7.56
12.99
16.45
14.12
13.7
14.71
10.63
8.48
11.75
15.32
14.42
11.91
10.93
6.83
4.49
10.2
12.97
12.53
8.6
7.25
10.98
11.6
11.92
9.45
-4.78
-6.5
10.69
13.44
11.19
6.41
10.98
11.42
10.59
11.94
11.14
10.63
11.68
3.23
13.16
16.77
14.12
12.96
10.36
-1.07
10.42
9.5
-1.35
-7.44
-1.03
-7.01
2.89
7.2
7.21
6.12
12.08
14.5
14.84
9.36
6.7
9.48
8.04
-28
5.38
1.94
10.41
16.46
13.97
-3.13
-11.89
9.33
12.71
10.16
-1.66
7.54
13.91
16.44
14.55
7.1
11.03
8.34
7.48
8.76
8.61
6.82
5.67
1.76
10.31
13.97
12.27
5.65
6.43
14.39
12.47
10.79
14.3
13.01
9.51
7.33
6.02
6.9
4.86
4.67
2.86
-0.21
7.77
10.35
5.57
-10.28
5.87
12.98
12.3
10.45
12.95
13.27
12.79
10.61
-1.53
7.99
12.38
13.69
10.24
-1.16
9.5
4.42
6.01
4.67
2.04
6.55
13.18
11.45
14.32
16.4
14.78
12.29
12.75
11.35
5.41
1.79
8.27
16.59
19.28
19.47
17.63
12.75
8.42
13.55
16.02
13.59
12.72
6.76
-1.22
2.78
11.54
13.26
14.01
11.96
-2.2
5.5
10.28
15.35
4.54
13.59
13.15
9.53
8.48
12.69
13.13
8.8
12.92
14.82
9.75
-10.94
4.73
11.18
12.47
6.86
6.55
6.95
-3.04
-3.95
2.76
7.51
9.2
8.81
9.6
12.44
15.94
13.21
5.08
4.21
10.55
5.64
7.95
14.95
17.34
14.94
11.01
11.01
5.6
2.54
11.63
13.91
-5.41
13.32
13.08
3.63
1.37
-0.61
8.07
10.52
13.69
14.42
11.43
-0.99
-0.03
12.15
12.89
7.96
1.36
6.42
-3.57
12.31
14.9
12
10.33
13.41
11.79
9.18
9.36
6.13
9.96
9.34
4.56
13.18
13.99
12.9
2.64
2.91
8.03
10.51
7.32
12.17
11.99
11.22
13.66
16.05
15.33
10.88
1.45
-1.66
6.19
14.68
17.57
16.82
11.52
-0.49
7.32
-5.75
19.33
21.73
16.89
0.58
9.2
8.5
12.08
19.48
22.55
24.46
23.65
11.42
3.3
12.09
16.89
19.7
19.28
19.77
17.86
22.8
22.39
15.7
12.14
16.82
23.17
18.47
19.97
20
13.25
5.99
11.56
3.59
15.81
20.88
25.55
27.26
25.16
15.01
26.85
27.35
19.09
17.26
16.57
10.01
9.13
17.16
4.68
17.33
17.8
24.67
23.42
17.66
15.41
14.96
27.75
31.54
30.07
24.3
21.08
17.91
20.23
21.19
18.16
16.65
15.87
12.88
17.35
21.28
17.82
13.19
18.46
16.85
11.72
13.86
19.96
21.75
21.96
22.34
25.35
19.39
20.43
20.53
0.87
19.41
21.18
24.89
26.12
20.78
16.81
15.47
23.98
22.29
13.49
11.29
24.8
29.26
28.22
26.37
23.73
18.6
14.1
13.17
17.97
15.9
18.34
22.92
21.79
21.46
18.25
15.86
20.58
20.15
18.22
18.76
18.41
15.75
13.35
20.09
15.98
13.28
18.87
20.97
26.23
23.1
18.37
17.24
1.26
17.85
15.08
15.98
18.31
12.45
22
17.06
21.7
27.58
23.57
20.29
16.04
13.08
17.57
13.72
-0.5
16.52
17.18
8.16
23
26.92
27.9
24.6
11.15
3.89
5.55
14.39
19.48
18.42
-0.48
12.91
17.07
21.9
14.73
11.03
22.6
24.41
24.29
26.1
26.64
25.05
26.28
25.61
16.07
17.26
17.56
19.2
23.01
22.88
22.83
26.64
21.44
16.8
24.12
23.56
19.19
20.38
19.75
21.14
23.74
31.7
33.48
28.33
22.42
20.51
20.57
18.33
19.77
20.63
21.75
15.19
20.76
26.56
25
22.14
20.26
21.59
26.55
29.13
27.29
18.97
16.1
20.43
22.6
22.35
17.39
18.4
18.5
25.8
20.42
24.76
22.68
10.02
14.36
18.96
20.44
21.66
18.79
15.58
14.65
11.47
7.34
16.56
10.41
18.6
19.2
11.07
10.7
21.43
17.57
4.63
15.64
21.47
20.16
21.26
19.59
5.29
13.84
23.48
26.77
25.6
22.96
19.38
17.83
19.53
16.39
20.56
19
15.11
19.03
21.34
20.74
19.88
22.44
23.03
21.41
18.3
18.09
20.62
19.78
18.77
22.17
22.34
13.09
6.51
11.42
13.68
24.67
26.44
24.1
16.34
13.97
18.01
20.7
19.77
15.36
17.35
26.84
28.28
15.98
14.89
8.6
5.99
21.12
24.06
15.91
5.86
15.64
23.96
23.48
24.63
23.4
17.06
19.85
22.35
16.45
14.95
17.39
20.26
16.03
15.02
19.32
9.15
13.52
16.58
19.1
20.63
22.05
22.22
17.24
9.34
13.21
15.44
15.78
13.22
15.52
15.81
14.35
12.75
8.18
13.96
17.28
13.36
0.33
12.42
11.51
8.96
13.03
16.47
18.2
17.53
11.28
9.35
7.41
14.91
19.09
20.31
7.19
21.46
24.34
23.87
20.1
16.42
19
14.06
17.87
21.96
22.68
18.98
12.25
16.83
13.7
12.13
6.55
12.31
12.57
7.03
15.87
10.16
18.6
17.7
15.46
12.54
9.3
9.71
3.97
9.52
12.67
6.62
9.69
13.03
9.42
0.46
6.31
11.47
11.73
19.51
17
5.88
0.61
3.42
4.24
8.46
7.55
5.9
10.08
8.8
12.38
14.97
11.59
13.83
8.19
1.91
16.43
10.55
15
20.59
20.93
16.09
7.58
8.94
14.47
23.72
26.58
24.21
23.26
23.79
21.34
19.1
12.35
16.23
17.83
22.25
25.2
24.18
23.3
23.04
21.94
22.21
20.32
14.78
13.58
14.87
12.77
11.15
5.74
9.74
16.23
19.95
13.11
16.45
23.79
24.49
18.99
14.02
19.89
18.64
12.39
17.22
19.41
21.08
22.73
17.69
13.7
17.01
11.74
19.99
13.21
8.47
19.31
22.54
15.96
15.01
17.2
13.29
9.86
11.36
13.58
15.76
16.9
21.99
24.17
18.77
20.3
22.09
19.82
18.8
21.44
24.66
26.29
26.05
21.45
23.71
25.65
21.84
17.92
15.58
11.65
7.16
5.9
13.3
17.98
18.23
21.22
22.24
20.04
19.08
22.57
23.55
22.29
19.87
15.56
10.37
10.56
22.32
17.91
22.86
24.98
20.97
25.38
22.64
-1.51
20.23
24.37
25.23
22.41
13.6
17.5
22.42
16.63
20.35
19.87
13.04
13.75
23.51
24.73
20.93
19.53
12.64
20.99
20.27
19.13
16.15
18.35
17.45
20.14
13.45
13.55
18.83
19.97
16.79
19.76
22.3
20.03
15.98
20.32
25.67
26.08
22.22
16.72
-0.98
16.05
12.47
19.17
16.16
12.88
14.5
12.06
20.35
23.34
21.1
13.77
20.97
21.19
24.67
26.34
23.06
12.95
7.79
17.04
22.43
21.28
12.3
20.41
22.26
28.29
29.81
26.05
14.08
16.45
16.52
19.04
20.28
12.13
17.66
17.57
15.99
19.97
14.86
19.91
15.39
17.54
20.59
17.59
6.1
22.69
24.63
23.73
25.04
22.44
21.06
20.73
13.75
7.55
6.36
19.83
20.45
21.66
25.1
25.35
21.96
15.83
22.67
23.22
22.97
23.43
22.01
17.37
11.55
11.67
16.29
10.41
7.15
9.76
22.62
24.65
18.78
15.05
19.89
18.4
18.75
16.08
16.54
13.15
14.06
23.82
25.39
20
16.41
17.8
19.69
19.33
19.15
21.24
22.39
25.57
23.88
13.65
15.15
17.79
17.79
20.64
17.84
16.22
19.06
18.44
4.01
20.2
20.94
19.87
16.94
-0.13
14.1
16.76
15.47
6.88
6.19
16.49
12.43
16.16
17.66
13.95
19.18
24.52
26.74
21.23
8.58
7.77
13.34
17.62
21.52
22.4
19.21
16.42
20.78
9.73
22.06
24.85
23.4
20.44
18.83
19.8
21.49
22.61
25.17
25.89
22.19
11.92
13.87
20.37
19.52
14.47
17.6
11.3
14.48
22.97
23.94
18.69
19.66
14.7
10.51
11.09
1.87
13.14
14.17
12.82
15.43
13.78
13
10
-9.89
8.21
3.67
5.65
11.88
13
17.14
15.42
16.95
19.31
21.98
21.79
17.59
18.02
20.38
16.22
4.88
7.1
15.53
20.44
23.75
23.94
20.22
13.82
14.39
18.45
16.64
17.9
16.9
15.98
17.33
20.56
19.32
12.66
14.08
15.95
12.8
13.06
15.07
12.19
15.95
10.54
5.24
9.86
8.3
-0.02
14.47
20.32
19.8
17.26
19.84
14.46
14.87
18.53
21.65
22.56
14.08
15.4
14.93
10.11
12.63
20.27
18.85
10.9
16.1
11.14
7.03
9.66
18.56
19.92
19.11
17.39
-3.51
16.87
19.31
14.75
6.64
15.57
16.29
17.36
19.66
21.53
16.84
21.96
24.18
24.69
17.81
15.33
20.74
22.56
19.59
18.66
24.18
26.68
25.71
25.34
25.91
25.64
23.44
19.97
18.78
24.21
27.4
22.61
24.98
24.91
21.67
21.55
19.78
14.44
9.64
17.93
15.12
12.49
21.41
24.33
25.69
25.85
26.31
24.88
19.91
16.04
8.35
20.78
27.63
27.08
24.73
24.57
23.69
22.66
23.11
22.72
16.7
17.56
22.82
20.6
22.01
22.36
19.26
12.19
16.85
19.37
16.18
22.7
22.16
21.69
22.18
19.27
20.13
21.84
18.61
21.69
26.04
25.13
23.6
22.77
21.39
25.71
23
21.66
26.16
21.63
10.73
13.48
17.89
23.76
25.6
21.54
13.15
13.29
10.01
18.72
23.6
25.38
12.13
14.49
7.74
12.05
16.35
24.17
22.57
17.98
22.71
26.99
23.99
24.32
22.52
13.86
16.33
22.59
20.74
17.64
22.98
23.82
22.92
24.62
25.59
24.48
20.83
14.35
4.27
17.65
17.75
22.92
24.67
21.13
17.26
14.82
-1.24
13.46
16.46
19.37
25.84
26.41
26.35
22.88
29.13
26.91
20.72
21.8
23.99
25.52
28.82
28.05
17.14
22.32
25.98
18.1
14.79
25.1
29.26
28.9
27.61
27.47
29.75
32.1
32.14
26.5
18.97
24.66
27.8
25.34
11.5
20.38
21.36
20.29
17.24
15.99
20.49
-0.26
14.59
15.78
20.18
19.7
11.65
21.32
25.43
23.84
17.55
27.67
37.79
44.68
44.43
34.83
11.21
14.06
19.84
20.44
11.52
26.06
26.81
22.95
23.68
23
21.45
21.3
22.12
17.85
8.02
17.1
22.06
24.59
24.75
22.29
5.8
21.67
21.26
14.42
24.06
41.86
46.82
42.62
26.03
1.41
21.66
24.84
16.42
19.47
22.78
23.51
25.6
22.03
11.78
3.79
25.16
25.34
21.77
15.51
20.92
26.5
20.59
23.19
36.07
37.96
32.5
25.69
20.04
25.82
25.69
20.91
16.11
26.77
25.36
20.65
16.64
13.44
16.54
22.37
25.41
25.86
27.51
26.88
31.11
28.77
14.7
22.83
23.03
19.95
14.03
21.94
33.85
42.42
42.19
32.7
22.45
25.98
23.87
10.77
9.86
7.01
24.13
25.55
22.62
28.77
29.32
23.21
23.27
27.21
23.89
7.56
18.58
25.1
26.64
21.85
16.61
20.86
16.07
23.57
23.21
17.72
22.96
32.02
41.21
42.4
35.12
25.88
20.97
26.33
29.44
29.03
24.31
23.53
28.93
30.38
28.92
21.34
12.85
20.34
26.78
27.22
28.29
22.28
21.97
27.99
26.83
23.92
22.17
18.65
19.98
24.38
22.53
23.7
26.74
27.07
28.36
28.13
24.64
17.9
13.51
19.82
23.05
22.47
18.97
23.27
25.79
25.88
26.91
25.93
18.92
7.87
15.45
8.37
34.69
44.02
44.02
32.2
30.09
28.03
20.31
21.15
20.28
14.94
24.59
26.61
25.61
24.25
24.39
26.4
27.93
27.36
22.68
6.74
17.06
22.67
25.27
26.41
25.61
21.3
-0.75
14.11
8.59
23.96
24.74
19
16.48
21.72
24.28
27.85
30.03
26.22
19.01
20.91
22.77
20.93
8.5
20.55
25.44
25.23
17.98
18.58
27.35
28.1
24.16
18.35
12.39
19.74
20.15
22.57
25.41
23.12
14.37
6.78
14.2
24.96
-3.04
25.43
26.43
26.77
24.81
20.1
19.85
20.79
22.88
27.76
33.08
40.18
42.17
36.32
26.55
30.02
28.79
24.32
24.6
26.2
26.58
33.15
37.53
33.69
7.67
26.45
34.92
36.28
28.36
41.34
44.96
39.68
12.76
26.29
26.89
26.13
24.91
16.11
15.85
24.93
31.73
36.98
37.52
30.92
29.11
24.37
18.55
16.53
12.99
11.41
-2.22
26.84
30.15
23.64
15.49
18.62
30.18
30.5
19.6
18.96
23.32
25.65
24.12
13.82
20.21
26.91
27.76
29.11
28.66
27.9
30.65
31.14
30.86
29.14
25.48
25.02
25.68
26.91
28.07
26.46
28.08
29.25
28.45
23.7
28.46
27.52
21.44
26.56
27.63
45.12
49.84
45.6
28.7
25.53
28.32
27.56
1.49
24.78
38.71
48.08
48.65
40.07
18.62
24.2
24.59
23.39
26.03
26.35
24
26.71
26.73
20.59
25.39
33.68
32.95
22.49
27.66
22.37
21.66
23.94
24.16
21.99
20.47
29.93
32.82
29.98
22.79
22.84
27.17
20.55
23.34
21.64
25.89
27.99
28.25
31.46
32.16
32.06
30.63
28.04
29.24
25.27
22.07
27.45
5.25
25.47
27.98
29.77
28.95
30.21
31.58
30.68
33.32
34.95
31.03
16.3
28.48
28.59
31.6
32.01
27.41
29.82
29.62
27.77
28.22
27.6
24.51
19.38
21.69
28.91
24.28
17.11
27.13
32.42
30.14
20.03
16.41
26.49
30.9
30.6
31.58
33.45
32.43
26.85
19.67
24.75
29.47
30.71
31.58
33.9
35.68
33.61
19.24
25.82
27.95
24.1
15.16
24.46
30.11
33.27
33.6
30.87
27.38
28.04
29.6
30.38
26.5
20.63
30.81
30.72
35.12
35.82
30.36
12.44
7.53
26.78
29.35
20.53
22.39
27.82
32.78
32.29
24.44
21.91
27.46
24.63
16.36
26.44
30.21
29.84
25.92
24.91
28.51
34.44
35.95
32.21
31.73
28.87
27.78
27.05
24.01
25.19
28.63
29.56
31.01
28.38
29.87
29.56
28.63
27.76
27.92
29.99
31.05
28.12
29.2
27.18
21.36
22.92
5.42
13.7
25.71
27.25
22.96
19.91
27.61
23.67
19.04
19.86
22.09
24.52
27.42
28.87
31.59
31.69
24.85
14.08
21.34
21.65
26.41
29.79
29.12
29.49
31.93
30.07
30.31
30.79
29.94
29.13
25.94
18.54
30.24
28.16
26.49
22.21
14.53
22.32
21.51
22.06
27.1
25.2
14.96
21.88
18.24
5.81
15.83
20.96
20.6
23.44
20.94
9.95
20.84
17.4
18.6
24.34
26.25
24.24
27.48
30.63
30.18
28.38
28.2
23.59
18.48
27.85
30.04
30.46
30.74
28.24
25
26.9
25.27
22.33
28.7
29.21
26.41
25.8
26.69
24.66
11.01
17.56
20.79
24.59
25.24
23.1
20.52
17.49
12.05
27.05
28.4
23.62
23.74
28.13
25.67
19.92
26.14
27.83
27.1
25.65
24.59
25.52
27.3
28.69
28.9
28.01
27.58
25.03
15.86
23.68
25.51
26.35
24.72
24.09
20.64
5.03
21.64
21.41
23.14
26.55
25.7
20.06
14.78
14.65
19.08
21.1
12.2
12.08
13.18
-11.23
15.34
24.04
25.93
25.35
25.53
22.83
17.43
21.83
26.31
26.12
23.16
25.48
21.61
19.04
16.28
24.57
25.49
22.49
25.63
12.24
24.4
23.36
20.86
19.69
9.46
23.96
25.09
21.12
27.35
25.63
-3.57
24.74
29.05
30.49
29.89
29.39
31.73
28.22
14.86
14.99
27.79
27.9
20.23
21.34
23.64
16.02
18.99
5.51
23.55
22.63
15.73
25.89
26.48
19.22
8.31
21.99
29.07
29.58
13.13
26.27
24.67
20.64
19.9
13.73
20.94
25.45
30.97
31.83
26.87
24.05
16.79
25.07
27.48
25.6
25.12
16.96
16.62
21.47
25.8
28.06
26.79
16.05
22.57
26.63
27.09
24.92
24.51
24.9
15.47
29.91
35.33
31.19
15.33
26.05
27.43
25.45
24.81
23.94
17.55
22.15
24.06
23.42
27.25
20.65
21.86
26.45
26.34
25.23
23.89
24.79
25.72
24.07
25.98
22.14
29.3
30.72
26.6
22.5
21.35
18.67
13.85
14
12.86
22.77
24.48
22.53
22.39
21.51
24.04
28.6
27.97
22.47
23.36
22.54
11.15
20
26.32
23.93
19.05
17.72
16.07
18.6
25.22
28.04
21.83
22.21
22.48
20.32
23.29
22.48
4.87
17.75
21.64
20.85
20.25
23.38
22.45
16.11
15.09
20.11
20.68
20.44
21.57
22.28
21.55
24.74
18.94
9.63
18.03
18.14
8.6
16.3
15.09
26
24.64
24.55
21.47
13.77
20.06
10.42
16.27
24.12
26.19
24.85
21.43
19.84
23.57
22.53
19.75
13.62
13.08
17.19
19.11
19.51
23.24
24.24
24.69
24.96
27.61
28.15
24.88
19.96
9.72
9.87
20.7
20.5
20.24
22.92
26.81
25.47
15.67
18.6
23.39
22.03
18.85
17.94
17.33
9.25
22.6
20.86
22.06
22.25
13.64
19.75
21.02
16.83
14.02
22.16
25.49
22.86
9.89
22.28
24.89
23.95
21.71
15.94
18.51
23.08
24.03
22.19
21.83
17.69
-11.11
7.86
15.72
16.3
10.27
18.43
16.47
9.68
12.12
17.38
21.06
19.3
25.26
22.05
20.06
24.73
20.87
16.98
19.39
18.49
19.09
19.09
16.23
20.15
22.19
24.74
24.82
20.84
19.72
21.04
18.65
12.5
20.88
20.77
8.38
10.45
14.35
14.13
3.79
10.42
7.91
5.88
9.57
15.83
12.81
1.55
13.91
21.95
21.62
23.17
22.89
21.68
16.65
15.55
15.15
13.62
15.08
20.27
19.3
23.46
25.83
25.4
24.13
22.87
19.45
9.38
8.41
10.44
6.47
12.82
16.75
17.91
21
20.44
19.61
19.25
17.84
18.26
14.77
10.3
17.83
17.37
15.07
21.62
21.75
18.76
17.01
9.4
9.77
16.07
10.5
25.38
26.39
15.69
16.48
17.13
12.19
16.9
21.43
18.26
8.52
20.43
20.24
21.11
9.96
1.89
16.35
17.22
16.7
18.46
22.1
17.55
12.78
17.83
18.49
12.83
11.99
18.7
16.1
0.65
17.92
20.22
18.78
12.91
8.96
9.93
15.6
18.63
18.14
15.76
21.59
23.83
16.96
7.62
-2.63
14.72
12.97
12.15
20.22
24.63
22.82
20.32
19.56
17.4
14.51
17.53
16.68
13.28
21.52
15.94
12.61
16.94
17.41
17.46
19.64
20.54
3.45
19.54
20.44
16.34
15.02
20.69
17.26
9.31
13.01
22.86
25.59
20.57
12.97
21.22
21.48
20.62
16.21
17.15
4.13
17.92
21.36
23.07
23.02
17.66
17.69
18.24
18.22
23.06
24.45
24.47
23.52
21.19
17.46
22.29
23.15
19.22
7.63
15.34
16.49
7.38
16.86
16.58
11.74
21.28
22.7
13.38
17.32
19.47
15.23
18.91
25.48
23.21
13.14
18.72
18.96
20.47
23.52
21.7
18.16
28.78
28.77
23.74
13.88
12.1
12.74
3.8
8.58
12.19
8.76
18.47
18.36
19.46
18.91
13.44
4.18
14.74
16.99
13.75
11.63
14.13
12.03
5.91
-4.67
9.58
12.44
23.3
26.78
18.3
17.33
14.45
10.27
22.99
26.48
25.08
18.93
16.34
15.28
13.67
16.5
17.52
19.13
17.16
13.42
17.38
19.13
9.68
18.44
21.67
24.05
22.72
18.15
21.61
22.35
21.08
19.16
22.69
17.11
15.53
23.89
24.18
17.24
16.15
14.76
18.09
18.63
17.53
11.3
20.72
22.05
20.45
14.12
12.04
19.91
19.56
7.38
12.34
17.27
17.9
21.01
22.11
21.16
20.29
23.73
24.4
21.63
19.4
13.14
7.34
21.15
26.47
23.11
10.65
17.05
25.52
27.12
25
23.6
25.21
30.98
35.34
30.71
23.22
9.75
14.93
14.22
11.32
14.84
12.82
1.86
21.74
23.46
10.18
21.88
16.76
8.38
8.07
16.31
20.6
22.51
20.66
11.61
7.64
22.53
23.89
15.96
18.38
21.32
19.11
17.57
20.08
21.52
19.31
19.03
19.43
11.69
10.25
15.63
7.81
13.49
-0.17
7.85
11.82
19.29
22.63
22.1
20.58
20.03
22.23
23.54
23.96
-1.4
19.45
14.7
-2.25
16.54
16.48
10.33
11.43
16.44
22.63
22.17
15.6
20.92
23.28
20.11
15.3
8.12
12.42
16.66
11.05
12.21
7.84
2.39
16.26
21.55
21.25
16.15
12.29
19.56
15.04
10.75
16.6
18.12
17.5
14.94
13.33
17.93
18.6
18.72
20.52
8.66
17.67
12.75
1.12
5.98
13.37
18.9
11.66
15.26
15.33
17.46
21.02
20.68
12.54
14.39
14.44
2.89
11.42
11.54
14
12.32
15.29
16.04
16.66
15.74
3.57
15.54
17.94
8.83
8.81
13.68
13.47
22.48
24.2
18.36
11.55
12.76
-2.45
15.76
16.83
10.86
23.21
21.75
11.24
9.34
11.66
15.99
17.92
15.55
12.56
9.74
3.53
12.19
24.06
25.26
19.74
20.67
12.39
13.23
12.63
13.23
7.53
13.79
19.44
20.41
17.62
15.74
20.43
21.39
19.66
21.3
20.67
11.43
17.21
15.35
11.99
18.17
11.43
16.29
15.22
11.92
18.06
13.08
19.42
18.7
20.89
15.74
16.63
14.14
9.92
16.83
13.62
11.64
20.53
20.54
13.2
12.26
15.75
19.97
20.17
20.2
16.91
4.74
3.17
14.06
16.78
13.14
14.24
14.82
9.48
19.92
20.77
16.96
18.99
18.5
14.32
-4.34
12.11
12.11
11.48
14.45
15.89
21.24
18.11
12.33
18.6
21.58
18.82
8.9
1
10.15
14.33
14.24
10.44
15.81
12.81
13.82
16.04
14.17
3.25
0.82
7.16
13.79
16.3
15.01
7.04
17.38
20.75
10.12
17.82
13.66
15.85
12.61
17.48
11
3.16
8.56
17.98
20.79
18.67
18.57
21.89
21.82
-7.87
5.32
9.02
10.73
8.52
14.88
16.37
13.39
8.9
13.53
17.72
12.43
14.53
13.01
16.72
17.17
15.94
15.17
16.48
16.59
11.27
5.43
5.4
16.16
21.76
22.43
12.19
15.34
19.86
20.56
20.12
20.26
19.98
10.87
7.66
13.46
16.42
11.34
17.52
19.42
15.88
9.97
3.88
14.7
12.42
11.7
16.59
19.65
20.17
18.08
12.53
8.25
14.89
13.96
9.02
3.17
13.31
16.51
15.8
14.5
15.61
13.4
9.66
8.31
-2.17
1.71
15.49
19.3
15.05
8.98
17.18
19.56
11.18
15.84
14.77
9.51
14.47
15.01
12.5
12.99
17.24
21.02
16.24
7.7
13.51
13.2
15.07
14.1
14.09
16.45
12.62
3.08
8.65
15.15
14.66
6.25
8.26
14.61
9.25
5.38
9.42
6.48
7.99
14.71
15.49
15.04
13.02
10.39
4.56
5.09
16.61
15.73
-0.95
11.52
11.32
2.71
15.2
17.88
16.91
15.51
11.71
10.83
8.79
10.98
19.73
23.67
22.69
15
0.08
-2.46
14.82
15.3
6.48
4.75
4.95
-3.97
9.71
16.62
16.93
8.32
15.84
18.52
8.17
8.94
11.91
-0.71
15.03
17.67
13.2
9.79
8.5
16.82
16.56
17.22
16.52
14.96
-4.06
11.06
13.38
14.01
15.79
12.28
10.48
16.1
14.45
12.65
19.14
19
11.3
4.67
13
15
16.12
18.15
15.36
17.87
16.03
2.09
14.49
11.3
13.82
20.57
19.59
10.92
13.29
17.28
18.8
14.33
-2.04
11
16.19
17.41
15.8
20.85
22.46
15.79
13.18
9.13
10.76
14.83
20
22.21
18.42
6.02
17.6
16.38
15.94
7.99
16.86
18.47
10.67
9.75
11.41
3.62
11.39
15.74
16.92
14.41
16.88
13.16
11.64
17
17.39
15.73
17.91
17.35
7.79
-3.1
2.52
11.29
19.2
19.44
14.72
19.33
20.9
21.58
17.41
10.84
13.65
13.84
10.05
9.09
-11.71
16.83
16.13
10.24
11.31
14.47
12.2
14.99
16.63
17.8
10.59
17.62
17.31
19.25
19.12
15.43
15.55
14.59
3.33
11.27
10.68
18.14
24.21
26.2
23.53
15.69
1.82
9.17
12.58
5.94
15.7
16.2
7.81
18.4
16.9
8.34
14.21
16.74
17.64
16.31
20.79
20.71
21.31
21.44
12.85
14.9
17.38
15.19
15.2
18.4
21.32
22.14
19.05
12.25
7.99
7.04
5.69
7.28
13.1
13.69
11.71
-0.58
8.3
15.36
18.47
23.27
23.87
20.11
15.41
13.56
15.72
16.43
12.58
17.6
14.42
13.91
13.87
9.42
12.64
13.93
1.9
15.86
20.27
18.15
7.92
9.17
15.43
12.17
19.61
21.85
15.49
16.77
18.82
16.94
18.41
14.57
10.01
12.64
15.52
12.7
8.16
12.6
15.88
18.04
15.69
5.9
16.34
16.23
5.21
5.38
12.09
17.08
14.16
13.6
11.13
13.74
21.51
23.08
19.99
16.29
16.77
19.2
15.54
4.16
13.25
3
13.91
20.03
19.03
15
6.77
6.7
6.79
7.95
7.22
8.53
7.96
13.07
16.84
15.5
9.95
8.64
4.29
8.65
13.5
13.9
14.26
17.89
13.35
18.52
21.75
18.61
11.79
-7.42
-2.77
12.23
17.17
18.63
12.89
9.63
15.69
20.98
22.23
13.62
13.82
21.3
22.38
17.52
18
19.35
18.77
22.92
21.39
16.09
16.38
15.85
-3.26
10.79
15.05
18.6
13.08
4.63
12.02
14.06
10.33
15.79
8.52
5.23
13.43
16.31
14.4
16.33
16.86
16.41
15.88
11.65
6.97
9.96
12.88
8.67
0.47
-0.79
-1.64
8.95
3.93
16.44
15.35
12.45
10.31
13.23
16.43
2.58
19.81
20.32
14.82
13.4
13.97
14.67
16.7
16.62
18.41
20.51
15.37
2.31
10.26
10.52
16.74
19.77
20.51
18.17
15.01
18.27
15.44
6.75
13.22
20.18
18.2
14.38
15.79
16.55
22.67
25.2
24.31
21.42
14.32
10.06
9.7
10.28
15.33
18.04
16.62
15.34
16.18
12.88
16.62
15.4
9.88
19
22.39
19.74
14.35
15.86
13.89
15.36
14.52
3.6
6.5
19.64
22.12
16.32
9.47
12.37
17.23
17.01
3.3
9.86
4.39
5.66
6.46
12.99
14.39
14.87
7.64
3.34
6.61
15.32
18.75
16.49
19.25
21.86
21.99
19.71
14.29
15.57
16.66
18.09
17.49
11.77
13.27
14.39
5.48
15.26
21.28
17.86
9.8
14.26
14.66
15.7
10.98
10.07
18.15
18.45
15.23
12.09
9.65
15.28
16.95
13.97
17.01
15.35
13.59
18.16
20.18
17.22
9.31
13.05
18.23
19.41
17.47
16.83
17.77
19.05
15.23
9.93
13.68
10.73
1.21
1.25
5.6
9.61
12.15
13.55
13.94
19.23
19.72
16.91
12.48
15.85
16.96
16.92
17.34
15.01
7.05
9.79
11.73
19.94
21.4
12.38
17.79
19.91
14.18
13.44
12.67
12.24
12.87
14.44
15.9
9.78
9.01
4.31
13.33
17.86
19.78
22.81
24.4
21.49
15.04
10.16
10.26
12.22
19.21
23.17
22.36
17.02
15
17.31
17.71
12.01
12.53
12.56
8.32
5.54
11.37
14.37
14.87
15.41
14.42
15.66
5.48
14.96
16.78
17.94
20.41
22.45
19.21
9.87
5.67
11.49
18.48
17.78
16.23
16.55
17.33
18.67
21.1
21.21
16.8
18.88
16.72
13.01
4
9.08
10.34
4.14
12.9
13.52
1.78
14.75
18.87
19.61
15.7
8.97
20.69
21.64
14.55
16.85
19.64
14.83
17.47
20.39
21.97
22.03
18.27
8.48
15.7
19.38
14.62
12.64
15.97
14.25
17.37
10.85
13.02
18.92
16.74
18.58
20.78
20.12
17.69
11.47
7.1
2.45
2.4
11.38
20.43
20.14
12.43
13.09
16.59
17.49
13.21
4.81
14.28
13.41
12.58
11.04
10.82
12.1
1.13
14.33
14.6
11.64
15.09
15.02
0.92
7.07
12.61
19.81
20.53
18.79
14.02
0.81
13.2
21.67
22.31
15.32
1.31
16.12
18.58
20.01
20.95
18.2
18.62
19.55
17.27
12.63
14.13
17.27
16.22
9.61
11.95
13.33
-4.36
0.43
15.18
14.55
14.99
18.94
18.97
15.77
8.92
11.9
9.33
18.86
20.52
19.7
19.37
19.75
20.74
15.95
12.88
18.28
15.64
10.05
6.1
17.65
19.95
16.98
10.38
0.19
10
-7.33
12.29
0.72
13.71
4.36
13.23
15.16
10.12
2.13
15.57
18.42
18.93
16.79
5.84
7.33
15.78
14.81
14.36
14.04
16.83
17.03
13.86
14.39
11.78
9.87
9.01
14.22
20.78
18.87
-0.42
15.45
6.78
11.08
11.39
15.5
10.42
13.85
11.36
10.45
14.43
14.95
12.37
9.22
15.17
16.68
13.3
0.58
4.65
9.06
14.33
14.46
9.49
17.82
15.98
6.65
8.98
8.62
13.76
10.03
9.66
11.67
13.87
12.25
11
13.69
11.99
10.64
16.26
18.22
11.57
13.23
13.88
12.08
9.11
-7.07
13.67
8.8
8.77
11.61
8.05
10.07
16.72
18.88
19.78
19.43
19.74
6.93
8.84
11.02
15.19
12.35
4.24
12.33
16.83
16.3
12.45
11.93
9.93
10.75
8.78
10.44
10.03
0.83
11.17
11.44
10.6
14.04
9.75
12.75
11.33
8.66
11.26
6.3
9.22
11.17
12.03
13.36
13.61
11.47
10.41
16.77
5.8
16.91
17.01
9.43
17.07
17.18
5.21
18.62
20.71
16.06
2.09
-19.76
6.15
14.54
16.14
18.09
17.81
10.16
6.67
5.15
8.15
10.22
-1.88
9.33
6.48
4.81
14.66
18.78
20.15
18.52
10.64
14.89
18.99
19.81
18.14
16.05
12.98
9.6
1.78
4.55
11.55
13.01
12.52
13.12
9.89
-1.18
10.58
12.29
15.53
14.79
4.55
9.45
3.74
13.53
10.72
2.66
8.46
7.98
9.25
-1.78
-7.43
14.66
20.21
21.16
16.22
13.2
14.81
15.72
18.81
19.91
17.91
12.87
14.47
19.61
19.7
15.78
2.39
4.33
3.78
6.66
10.56
17.01
19.25
18.43
18.28
13.18
13.78
11.09
8.87
12.26
17.58
15.85
9.81
19.6
22.75
22.12
19.66
17.49
19.88
12.8
10.13
16.1
14.05
13.41
15.71
13.65
12.15
6.29
15.32
12.3
10.97
13.45
11.38
10.57
7.79
17.12
11
14.28
16.69
14.66
11.17
19.11
18.73
12.42
16.79
17.94
8.91
14.26
17.59
15.04
9.83
16.41
18.07
16.73
16.46
15.38
17.77
20.29
18.79
15.69
9.79
5.86
7.91
7.3
13.88
10.2
13.72
17.44
16.31
14.54
16.15
19.14
20.08
17.43
9.81
6.27
6.83
12.86
17.11
16.92
11.33
7.5
5.71
10.5
8.81
11.71
7.7
2.39
14.37
16.08
16.95
19.13
19.49
16.19
4.85
9.51
13
7.86
11.12
14.74
4.62
13.84
20.34
17.96
14.37
16.4
11.62
10.33
14.62
16.01
14.53
8.37
18
18.78
17
15.17
3.92
11.6
16.54
16.93
12.52
-6.04
8.28
7.65
5.07
3.73
12.48
9.73
8.95
13.25
13.97
13.49
1.73
11.67
11.85
12.92
11.87
14.53
13.2
10.9
10.76
10.36
8.01
9.33
9.81
14.97
5.16
10.26
12.16
12.8
18.38
18.48
15.49
2.06
11.57
12.96
17.24
12.98
-1.12
4.81
10.41
14.27
16.94
17.61
16.58
12.54
9.02
2.18
2.99
10.19
6.05
4.99
13.34
14.96
14.13
11.27
9.18
9.51
9.39
6.12
14.7
14.96
10.9
4.35
6.23
10.21
14.21
16.28
9.51
13.64
16.62
14
10.79
9.26
6.37
1.43
13.12
17.53
16.43
15.12
20.57
20.09
11.58
0.48
10.37
13.04
13.63
12.95
12.93
18.08
17.89
17.37
14.75
4.94
6.8
8.74
2.89
11.44
13.56
13.38
16.52
17.49
12.83
13.81
15.83
13.97
16.24
15.62
9.43
6.41
9.42
10.68
10.52
10.79
13.31
11.55
3.27
4.3
6.17
-7.03
10.27
15.49
15.52
13.05
10.64
8.6
8.56
11.03
11.9
6.37
5.24
14.96
18.85
17.96
16.12
12.34
2.72
10.6
12.81
15.54
14.51
12.26
-7.17
9.76
6.09
8.16
8.33
7.16
11.89
13.53
10.63
13.26
13.06
11.59
14.5
18.12
17.82
9.85
9.99
10.44
7.04
14.44
12.13
3.07
1.84
11.99
9.3
10.28
13.57
9.26
4.23
2.97
9.65
12.94
14.63
16.87
15.72
12.44
14.4
16.91
16.43
15.75
10.44
2.42
13.07
14.39
13.49
11.79
6.61
12.9
16.16
17.22
17.53
16.47
9.89
6.33
9.21
14.03
16.06
14.49
13.06
12.83
16.53
17.17
12.41
0.24
4.65
12.78
13.26
12.06
8.97
15.14
14.35
9.59
-8.77
6.56
1.15
0.14
2.66
9.22
10.44
-8.1
13.05
15.26
16.43
13.73
10.92
7.93
12.71
16.12
14
10.06
2.23
15.49
20.63
17.01
9.22
11.51
13.37
10.94
7.45
-0.55
7.77
-2.04
13.33
14.22
10.1
15.18
18.77
17.08
5.97
3.66
-1.57
0.03
12.59
11.84
6.1
12.45
13.91
13.54
-1.85
15.89
15.64
0.1
4.57
-6.8
9.49
11.25
2.22
9.14
15.65
14.82
4.13
14.82
16.32
8.69
12.12
12.84
15.87
16.14
10.03
8.97
16.14
17.3
15.55
16.02
17.6
15.36
10.52
-5.29
11.83
4.3
10.44
15.91
18.39
17.04
9.73
9.2
10.96
11.52
10.18
7.59
11.62
12.35
10.89
8.01
7.79
13.23
16.44
15.92
9.29
14.99
15.92
12.81
11.66
8.53
-2.37
11.72
16.33
18.36
17.07
10.3
11.84
9.06
5.42
6.56
10.88
11.53
0.78
11.46
15.81
14.96
9.4
6.2
11.16
4.47
4.17
-13.31
-11.68
7.7
-4.24
13.38
17.4
15.83
12.24
14.14
14.69
9.63
7.53
10.29
9.81
12.11
13.41
11.76
12.45
14.77
16.29
14.27
9.17
15.38
14.51
10.56
10.59
8.85
13.67
13.28
9.63
10.88
15.42
13.92
1.59
1.19
7.38
7.61
2.74
13.42
12.22
-2.84
9.29
11.62
13.74
15.9
12.36
10.49
12.37
12.94
13.7
17.33
17.19
8.56
7.26
1.95
2.82
-6.27
7.76
5.69
8.55
10.09
12.31
12.48
14.33
8.89
15.4
15.12
15.07
14.17
12.34
8.34
7.26
7.95
15.43
14.67
3.35
11.42
14.54
18.05
17.77
12.85
12.85
13.92
-1.92
11.62
11.07
12.99
11.01
-2.26
13.03
15.71
12.97
11.06
5.03
9.72
8.39
7.62
11.96
7.68
8.91
9.15
1.38
7.95
4.41
10.09
4.99
11.31
15.3
12.43
1.69
6.01
4.84
12.23
14.28
9.93
10.93
15.91
7.52
9.41
14.77
15
14.32
12.21
12.41
13.86
19.79
18.14
1.37
13.43
15.51
12.69
14.62
15.69
9
4.12
9.45
5.85
-6.99
9.56
13.06
14.81
12.98
5.87
6.44
12.16
13.21
7.27
-3.49
-0.57
7.7
12.8
11.33
8.16
17.23
16.16
6.11
3.41
2.6
5.44
8.62
14.05
15.14
10.49
10.37
16.56
17.22
14.49
15.41
17.64
14.52
-8.62
1.55
6.7
12.56
10.77
10.16
11.35
4.24
8.72
9.5
11.99
10.98
12.16
14.97
14.76
13.52
12.73
7.17
7.18
13.13
14.56
13.27
10.83
16.11
16.41
7.02
-9.33
11.81
12.1
0.71
-7.89
-10.48
4.38
4.08
4.71
11.28
8.87
-12.1
7.34
11.34
9.87
-4.81
11.32
16.3
14.04
10.2
11
7.31
8.43
10.07
9.14
8.41
15.94
20.7
21.31
18.04
12.47
15.02
10.5
7.38
16.7
17.88
11.11
2.06
11.88
8.93
6.97
14.54
7.73
10.74
13.89
15.15
14.3
2.95
9.34
13.94
7.73
9.95
5.53
-3.92
13.42
18.15
15.3
9.58
7.7
10.63
11.14
6.54
5.83
11.95
14.65
12.77
13.51
10.58
13.95
17.32
16.34
11.89
4.28
-3.71
2.39
9.85
12.74
10.48
9.53
4.77
3.49
12.27
18.86
18.08
17.12
16.28
4.38
15.97
18.37
15.09
13.25
10.78
-5.96
-5.75
2.62
3.58
10.32
15.48
19.48
16.93
11.23
13.18
11.41
8.97
19.12
20.11
15.57
9.32
3.29
13.23
11.88
5.07
14.28
19.08
17.79
12.42
10.82
6.55
-2.15
3.76
15.04
16.41
18.05
21.48
20.65
15.73
11.08
7.65
7.23
11.24
14.5
12.41
6.01
12.5
17.05
16.36
14.16
7.22
3.17
8.71
7.75
14.61
17.41
10.5
4.51
8.64
12.9
15.86
13.18
-0.57
1.65
4.08
11.94
18.61
19.23
15.11
13.4
1.36
13.63
14.67
11.21
8.8
9.81
2.76
1.39
10.21
15.81
13.5
2.44
10.77
5.79
-5.66
4.82
8.69
13.53
12.42
11.87
18.26
15.92
13.84
14.83
13.12
13.85
15.44
8.09
13.39
15
8.59
16.57
17.62
13.65
13.58
5.98
12.75
16.13
13.73
10.41
8.79
12.83
14.54
14.96
20.3
19.49
16.95
16.58
10.64
6.99
9.71
13.8
17.93
18.87
19.16
18.59
16.99
16.01
15.2
11.2
11.04
17.26
18.94
19.05
15.18
8.23
19.27
19.42
17.99
17.83
16.77
14.73
3.54
13.75
16.15
13.73
10.01
17.8
17.74
17.37
15.4
14.58
19.24
16.95
12.74
17.86
16.8
8.54
5.15
6.04
9.36
16.26
13.22
11
14.32
12.81
2.87
14.5
19.34
17.3
13.91
12.63
9.13
8.35
9.34
7.18
11.94
14.6
11.94
16.23
16.34
14.65
22.38
23.27
18.46
10.08
1.98
12.53
13.49
5.75
4.11
2.04
9.12
14.6
15.69
11.58
0.41
14.19
20.98
20.3
12.75
15.17
19.36
14.31
11.66
18.07
16.73
7.6
12.73
20.38
21
16.58
5.07
6.33
4.99
5.85
9.06
14.81
15.52
9.68
14.11
13.17
11.66
14.03
9.65
4.45
10.57
13.76
15.34
9.12
2.1
11.59
13.75
14.46
13.17
10.87
11.72
8.24
7.69
14.16
14.47
9.3
11.73
3.12
4.68
6.04
-6.94
9.83
5.89
13.83
17.61
16.78
13.08
13.21
13.47
13.31
3.32
11.28
11.82
14.72
15.77
12.43
14.19
18.25
13.71
7.94
13.91
11.54
16.1
17.56
11.45
-4.07
12
13.89
6.02
-0.8
10.98
14.98
16.26
3.13
15.15
17.33
16.38
15.8
15.52
13.4
11.69
11.76
14.58
10.57
12.01
15.8
14.62
10.98
-13.66
8.87
9.98
15.04
18.49
17.22
13.88
10.42
8.46
3.64
1.92
6.92
2.77
-0.27
-1.54
8.02
9.57
6.61
10.93
16.26
14.25
11.21
11.82
15.63
17.28
17.13
17.74
17
13.17
-2.11
9.54
11.17
8.69
5.25
10.95
12.73
15.16
15.09
10.92
8.43
2.83
7.71
5.09
8.47
16.54
16.47
10.65
10.2
11.25
9.45
-6.72
8.5
7.71
6.46
4.54
-8.2
-2.04
11.29
12.48
12.12
16.3
16.71
15.02
14.59
13.47
9.21
8.64
14.39
13.48
-13.56
11.43
13.47
11.3
12.45
13.85
6.26
-0.74
1.85
7.08
10.19
11.82
14.94
7.01
-0.76
13.91
17.9
17.9
14.79
0.41
11.89
13.01
13.12
13.05
10.02
17.52
16.78
2.89
-1.34
10.63
14.68
13.05
13.59
12.92
2.77
7.02
12.16
10.46
9.86
8.95
10.81
6.13
10.69
14.97
14.17
6.72
7.62
7.31
7.29
13.1
15.9
7.87
9.66
9.88
0.09
8.52
5.34
9.98
16.81
12.57
9.69
12.19
6.73
3.84
5.68
12.23
12.69
8.01
13.18
14.55
13.76
6.39
6.17
8.66
9.32
12.89
8.09
-4.12
8.54
14.84
14.29
13.09
10.87
7.31
6.95
-0.77
4.76
11.47
12.49
15.26
9.94
6.5
9.58
-0.53
9.85
11.62
13.82
15.66
15.77
13.08
7.26
9.64
2.66
-16.07
6.55
9.18
6.38
9.66
9.2
8.38
7.45
11.18
14.84
14.42
15.05
16.2
15.51
11.27
6.3
8.05
7.85
8.16
14.47
13.09
9.06
13.66
13.53
6.65
9.04
14.77
15.5
7.78
3.81
4.5
6.59
12.12
9.51
8.9
13.18
13.33
9.4
12.57
17.15
15.76
14.1
15.82
17.41
14.92
4.32
2.38
6.41
12.54
12.92
11.2
13.85
13.83
10.22
3.08
11
14.44
15.06
15.38
9.72
2.87
4.66
14.42
15.18
10.01
12.05
12.71
10.31
7.95
9.65
4.36
13.7
15.78
14.77
8.93
8.87
16.68
13.89
3.63
14.96
16.83
16.39
13.21
10.04
10.37
14.08
10.33
7.77
14.75
11.99
11.09
13.51
9.01
3.41
13.62
20.2
22.01
19.09
10.1
6.16
4.18
5.45
2.31
9.01
9.41
9.81
-8.33
10.43
13.56
13.46
13.6
13.18
10.66
11.65
9.12
12.39
10.51
0.7
7.73
14.11
11.63
13.61
20.72
20.44
16.19
4.94
-0.12
8.83
13.74
5.65
7.37
10.78
9.64
12.69
8.84
7.09
6.42
13.39
11.51
8.26
5.61
-4.88
-1.64
6.89
-6.71
13.22
16.78
13.4
12.19
9.06
3.49
13.55
15.46
17.67
16.92
14.56
9.18
1.74
5.06
-4.45
-4.24
2.91
3.77
4.71
2
-4.57
10.87
16.19
14.5
11.13
14.76
16.53
12.74
8.95
9.92
12.95
12.87
9.55
5.6
7.23
12.12
12.91
5.51
4.42
6.26
5.52
11.8
15.6
14.69
6.95
6.43
7.69
7.68
8.06
0.98
-8.63
1.08
10.1
10.45
9.9
11.26
12.57
9.6
11.21
14.23
11.14
-4.72
5.73
9.33
7.61
2.61
8.51
11.71
1.15
6.69
7.74
15.56
13.26
8.33
9.53
9.3
10.09
12.1
11.38
12.13
10
7.38
1.96
8.02
13.41
10.2
6.25
8.82
1.87
13.35
11.99
3.43
-2.85
7.38
9.05
11.64
5.88
-11.34
7.13
6.26
7.67
12.55
6.89
3.16
5.03
7.96
12.72
17.32
16.99
8.93
7.33
6.82
7.53
13.35
12.75
5.97
10.68
15.96
3.4
12.4
11.45
10.84
14.65
19.22
20.53
18.58
16.78
17.14
15.16
14.3
8.63
5.59
8.07
9.38
5.87
5.54
9.39
16.02
18.3
13.5
0.13
11.05
12.23
12.41
6.96
7.97
10.23
13.12
10.09
7.05
15.33
16
16.39
17.74
17.16
16.1
13.45
7.8
11.98
11.84
11.74
14.69
16.21
12.22
9.61
6.91
5.19
4.29
9.94
4.85
15.65
18.45
17.73
15.35
11.26
7.66
17.37
17.33
16.64
14.85
7.66
7.87
11.27
14.37
15.92
16.22
16.76
6.4
3.62
1.93
11.62
10.74
7.48
12.46
7.32
12.17
14.7
16.82
16.61
12.57
2.01
6.56
11.51
11.37
14
11.14
2.33
11.77
17.29
16.04
10.45
7.87
9.94
10.81
10.42
-1.31
0.14
9.42
11.33
11.32
13.76
16.12
16
9.03
3.97
10.84
17.05
18.4
15.34
9.39
6.21
-4.53
9.11
10.37
8.01
1.21
-0.88
6.23
5.22
11.65
11.19
8.68
3.08
10.55
16.3
18.69
21.04
17.98
5.16
10.65
12.14
10.32
4.75
7.94
14.15
8.93
11.09
3.23
13.18
12.96
14.67
16.23
16.24
14.9
12.05
16.57
17.26
16.02
11.44
10.85
11.44
11.35
12.56
7.12
13.51
16.35
13.4
7.34
8.33
-1.13
6.51
1.64
15.71
15.17
8.62
4.22
12.35
15.53
12.2
9.24
9.31
6.55
5.35
-0.03
1.92
9.81
6.64
1.77
9.4
15.1
17.84
18.94
18.36
14.57
6.98
5.65
1.79
4
11.04
13.28
10.2
6.74
13.8
13.19
14.78
14.9
11.98
11.51
10.38
10.77
12.12
14.31
14.19
8.96
-9.53
7.84
12.53
12.95
2.25
11.14
17.32
15.42
13.06
14.52
9.08
2.65
14.72
16.12
11.5
2.85
6.18
8.46
-2.17
-1.2
2.95
9.73
8.79
6.2
14.28
16.47
15.76
11.94
15.38
14.44
13.7
21.43
22.41
21.39
15.3
4.06
13.73
14.18
12.84
11.39
6.56
8.85
15.06
14.14
16.08
14.94
8.84
3.57
13.43
14.21
14.05
12.2
11.03
12.87
16.17
15.52
12.35
8.94
11.99
16.49
16.29
8.24
13.11
16.51
15.85
10.04
9.62
8.95
0.88
8.88
15.38
14.19
11.42
7.54
7.71
6.55
9.3
16.64
16.31
14.95
16.07
15.52
14.51
10.01
0.78
10.45
17.02
17.39
9.96
11.6
14.14
10.2
10.28
17.91
16.09
12.84
12.13
1.62
10.46
14.72
12.59
5.23
11.6
15.47
14.88
11.14
3.19
4.6
11.29
13.12
12.58
10.92
12.3
14.67
14.1
14.69
13.36
14.3
12.08
13.02
20.32
