-0.85
11.16
11.83
7.9
10.57
5.51
7.31
11.56
11.31
10.16
8.06
4.09
-12.6
3.52
12.24
14.27
7.9
13.47
16.55
8.57
-4.83
-8.78
-2.98
6.71
10.38
8.37
7.43
14.51
14.2
8.69
5.81
9.32
0.47
8.97
1.41
1.06
2.51
-0.85
4.41
9.12
9.47
7.61
7.35
11.02
13.65
10
11.82
14.59
16.06
16.39
13.32
11.64
18.28
17.98
14.04
9.13
15.3
14.14
5.03
2.75
1
9.56
13.79
15.3
15.88
13.32
-0.84
7.66
5.19
6.73
7.37
9.21
10.76
5.2
-5.02
4.27
-1.2
-4.42
6.02
13.54
12.97
7.88
9.1
8.57
6.41
2.9
13.51
14.79
11.29
7.23
1.24
3.12
-5.09
-0.38
-0.85
6.5
5.99
7.27
11.84
15.48
15.61
6.56
9.47
14.75
16.01
17.47
15.72
9.8
10.83
13.49
9.49
6.45
7.34
12.03
11.64
8.23
9.35
11.24
10.24
-7.89
8.52
4.79
-1.17
-1.49
5.38
-1.72
3.67
4.68
1.65
10.94
7.09
7.01
14.28
11.76
-2.27
11.14
16.64
17.14
14.69
6.37
5.21
13.31
13.41
10.16
8.12
9.97
9.02
1.9
4.59
3.11
-10.49
6.59
13.1
9.28
5.22
13.35
14.78
13.24
12.9
9.52
4.16
3.19
2.01
8.88
10.03
11.14
3.99
13.67
16.41
13.04
8.07
13.73
14.26
7.4
7.58
13.21
10.8
-4.17
5.91
10.47
8.05
5.16
6.43
-2.28
11.06
10.1
4.25
1.06
8.7
12.33
9.46
9.2
7.06
5.53
10.86
14.2
14.07
7.52
0.49
10.32
15.43
15.29
12.94
13.5
12.78
8.32
6.8
6.15
2.83
4.48
11.73
11.67
8.12
-2.94
0.73
9.14
9.29
6
11.31
11.99
9.27
-7.68
8.39
10.43
3.1
10.58
-4.81
10.23
13.31
12.15
9.35
15.53
17.48
13.66
1.67
9.56
3.58
0.77
8.58
9.42
5.72
4.86
11.24
13.94
14.27
9.06
1.15
9.51
12.46
9.78
4.17
6.99
11.64
8.27
2.88
4.14
12.54
11.15
8.04
13.03
11.46
13.12
15.21
14.36
11.09
8.96
5.71
11.27
16.68
12.51
1.92
9.64
2.84
11.63
4.81
6.62
10.47
5.18
1.27
4.01
9.58
1.83
11.53
14.95
11.12
8.51
15.12
16.24
12.2
11.55
9.43
7.94
3.78
3.21
0.71
9.28
10.88
9.71
-2.28
11.73
16.69
14.71
11.36
11.05
10.09
3.56
-0.44
4.7
5.01
10.74
9.95
8.2
10.75
16.12
15.06
7.05
6.42
5.23
10.67
12.37
15.09
14.39
11.14
10.34
8.74
4.96
1.2
2.76
8.95
9.77
9.31
7.21
7.39
10.4
-10.56
11.76
13.89
13.64
14.3
12.78
9.96
6.28
6.83
10.58
13.2
9.28
11.52
13.84
15.18
14.34
7.01
9.69
11.71
10.68
8.66
10.24
14.83
13.78
8.4
-8.65
4.98
12.12
11.29
4.5
9.31
5.15
2.28
8.02
3.52
2.28
9
12.77
11.53
9.12
2.7
1.7
7.39
2.57
2.12
7.71
8.64
7.03
15.51
12.92
-2.68
11.75
11.22
6.38
-10.96
6.45
7.7
4.42
10.55
11.12
8.5
10.36
13.27
8.58
9.94
10.73
8.59
-1.27
1.76
8.86
13.03
14.91
13.14
3.59
1.02
0.75
3.76
10.97
12.9
10.41
8.34
8.62
11.02
1.64
11.06
5.59
9.72
11.31
8.67
10.07
11.27
7.33
-1.24
9.46
11.17
9.86
1.56
4.77
10.58
9.67
11.97
13.48
8.47
10.56
12.69
7.58
3.69
10.37
10.57
6.63
8.72
9.77
16.06
16.28
14.37
11.76
7.9
10.17
10.93
4.44
4.5
6.29
15
12.48
1.37
9.78
14.15
10.93
13.83
15.8
14.75
9.37
2.26
11.83
7.11
5.62
14.29
15.33
5.3
9.4
9.89
11.09
9.39
4.21
-0.12
-0.51
10.57
13.46
9.41
11.94
8.72
4.62
5.67
10.62
13.49
12.08
7.47
14.95
13.91
8.34
4.66
10.76
12.26
1.32
15.7
12.19
5.18
2.71
15.33
16.56
15.69
13.59
4.76
2.42
11.37
11.84
14.76
16.49
10.19
2.56
13.13
16.81
17.41
17.36
15.43
8.58
2.31
1.54
2.15
8.92
13.9
17.55
15.74
13.46
12.9
12.21
9.96
-19.76
5.99
11.47
14.18
14.52
7.88
9.21
9.28
7.58
3.94
5.68
7.73
7.56
12.99
16.45
14.12
13.7
14.71
10.63
8.48
11.75
15.32
14.42
11.91
10.93
6.83
4.49
10.2
12.97
12.53
8.6
7.25
10.98
11.6
11.92
9.45
-4.78
-6.5
10.69
13.44
11.19
6.41
10.98
11.42
10.59
11.94
11.14
10.63
11.68
3.23
13.16
16.77
14.12
12.96
10.36
-1.07
10.42
9.5
-1.35
-7.44
-1.03
-7.01
2.89
7.2
7.21
6.12
12.08
14.5
14.84
9.36
6.7
9.48
8.04
-28
5.38
1.94
10.41
16.46
13.97
-3.13
-11.89
9.33
12.71
10.16
-1.66
7.54
13.91
16.44
14.55
7.1
11.03
8.34
7.48
8.76
8.61
6.82
5.67
1.76
10.31
13.97
12.27
5.65
6.43
14.39
12.47
10.79
14.3
13.01
9.51
7.33
6.02
6.9
4.86
4.67
2.86
-0.21
7.77
10.35
5.57
-10.28
5.87
12.98
12.3
10.45
12.95
13.27
12.79
10.61
-1.53
7.99
12.38
13.69
10.24
-1.16
9.5
4.42
6.01
4.67
2.04
6.55
13.18
11.45
14.32
16.4
14.78
12.29
12.75
11.35
5.41
1.79
8.27
16.59
19.28
19.47
17.63
12.75
8.42
13.55
16.02
13.59
12.72
6.76
-1.22
2.78
11.54
13.26
14.01
11.96
-2.2
5.5
10.28
15.35
4.54
13.59
13.15
9.53
8.48
12.69
13.13
8.8
12.92
14.82
9.75
-10.94
4.73
11.18
12.47
6.86
6.55
6.95
-3.04
-3.95
2.76
7.51
9.2
8.81
9.6
12.44
15.94
13.21
5.08
4.21
10.55
5.64
7.95
14.95
17.34
14.94
11.01
11.01
5.6
2.54
11.63
13.91
-5.41
13.32
13.08
3.63
1.37
-0.61
8.07
10.52
13.69
14.42
11.43
-0.99
-0.03
12.15
12.89
7.96
1.36
6.42
-3.57
12.31
14.9
12
10.33
13.41
11.79
9.18
9.36
6.13
9.96
9.34
4.56
13.18
13.99
12.9
2.64
2.91
8.03
10.51
7.32
12.17
11.99
11.22
13.66
16.05
15.33
10.88
1.45
-1.66
6.19
14.68
17.57
16.82
11.52
-0.49
7.32
-5.75
19.33
21.73
16.89
0.58
9.2
8.5
12.08
19.48
22.55
24.46
23.65
11.42
3.3
12.09
16.89
19.7
19.28
19.77
17.86
22.8
22.39
15.7
12.14
16.82
23.17
18.47
19.97
20
13.25
5.99
11.56
3.59
15.81
20.88
25.55
27.26
25.16
15.01
26.85
27.35
19.09
17.26
16.57
10.01
9.13
17.16
4.68
17.33
17.8
24.67
23.42
17.66
15.41
14.96
27.75
31.54
30.07
24.3
21.08
17.91
20.23
21.19
18.16
16.65
15.87
12.88
17.35
21.28
17.82
13.19
18.46
16.85
11.72
13.86
19.96
21.75
21.96
22.34
25.35
19.39
20.43
20.53
0.87
19.41
21.18
24.89
26.12
20.78
16.81
15.47
23.98
22.29
13.49
11.29
24.8
29.26
28.22
26.37
23.73
18.6
14.1
13.17
17.97
15.9
18.34
22.92
21.79
21.46
18.25
15.86
20.58
20.15
18.22
18.76
18.41
15.75
13.35
20.09
15.98
13.28
18.87
20.97
26.23
23.1
18.37
17.24
1.26
17.85
15.08
15.98
18.31
12.45
22
17.06
21.7
27.58
23.57
20.29
16.04
13.08
17.57
13.72
-0.5
16.52
17.18
8.16
23
26.92
27.9
24.6
11.15
3.89
5.55
14.39
19.48
18.42
-0.48
12.91
17.07
21.9
14.73
11.03
22.6
24.41
24.29
26.1
26.64
25.05
26.28
25.61
16.07
17.26
17.56
19.2
23.01
22.88
22.83
26.64
21.44
16.8
24.12
23.56
19.19
20.38
19.75
21.14
23.74
31.7
33.48
28.33
22.42
20.51
20.57
18.33
19.77
20.63
21.75
15.19
20.76
26.56
25
22.14
20.26
21.59
26.55
29.13
27.29
18.97
16.1
20.43
22.6
22.35
17.39
18.4
18.5
25.8
20.42
24.76
22.68
10.02
14.36
18.96
20.44
21.66
18.79
15.58
14.65
11.47
7.34
16.56
10.41
18.6
19.2
11.07
10.7
21.43
17.57
4.63
15.64
21.47
20.16
21.26
19.59
5.29
13.84
23.48
26.77
25.6
22.96
19.38
17.83
19.53
16.39
20.56
19
15.11
19.03
21.34
20.74
19.88
22.44
23.03
21.41
18.3
18.09
20.62
19.78
18.77
22.17
22.34
13.09
6.51
11.42
13.68
24.67
26.44
24.1
16.34
13.97
18.01
20.7
19.77
15.36
17.35
26.84
28.28
15.98
14.89
8.6
5.99
21.12
24.06
15.91
5.86
15.64
23.96
23.48
24.63
23.4
17.06
19.85
22.35
16.45
14.95
17.39
20.26
16.03
15.02
19.32
9.15
13.52
16.58
19.1
20.63
22.05
22.22
17.24
9.34
13.21
15.44
15.78
13.22
15.52
15.81
14.35
12.75
8.18
13.96
17.28
13.36
0.33
12.42
11.51
8.96
13.03
16.47
18.2
17.53
11.28
9.35
7.41
14.91
19.09
20.31
7.19
21.46
24.34
23.87
20.1
16.42
19
14.06
17.87
21.96
22.68
18.98
12.25
16.83
13.7
12.13
6.55
12.31
12.57
7.03
15.87
10.16
18.6
17.7
15.46
12.54
9.3
9.71
3.97
9.52
12.67
6.62
9.69
13.03
9.42
0.46
6.31
11.47
11.73
19.51
17
5.88
0.61
3.42
4.24
8.46
7.55
5.9
10.08
8.8
12.38
14.97
11.59
13.83
8.19
1.91
16.43
10.55
15
20.59
20.93
16.09
7.58
8.94
14.47
23.72
26.58
24.21
23.26
23.79
21.34
19.1
12.35
16.23
17.83
22.25
25.2
24.18
23.3
23.04
21.94
22.21
20.32
14.78
13.58
14.87
12.77
11.15
5.74
9.74
16.23
19.95
13.11
16.45
23.79
24.49
18.99
14.02
19.89
18.64
12.39
17.22
19.41
21.08
22.73
17.69
13.7
17.01
11.74
19.99
13.21
8.47
19.31
22.54
15.96
15.01
17.2
13.29
9.86
11.36
13.58
15.76
16.9
21.99
24.17
18.77
20.3
22.09
19.82
18.8
21.44
24.66
26.29
26.05
21.45
23.71
25.65
21.84
17.92
15.58
11.65
7.16
5.9
13.3
17.98
18.23
21.22
22.24
20.04
19.08
22.57
23.55
22.29
19.87
15.56
10.37
10.56
22.32
17.91
22.86
24.98
20.97
25.38
22.64
-1.51
20.23
24.37
25.23
22.41
13.6
17.5
22.42
16.63
20.35
19.87
13.04
13.75
23.51
24.73
20.93
19.53
12.64
20.99
20.27
19.13
16.15
18.35
17.45
20.14
13.45
13.55
18.83
19.97
16.79
19.76
22.3
20.03
15.98
20.32
25.67
26.08
22.22
16.72
-0.98
16.05
12.47
19.17
16.16
12.88
14.5
12.06
20.35
23.34
21.1
13.77
20.97
21.19
24.67
26.34
23.06
12.95
7.79
17.04
22.43
21.28
12.3
20.41
22.26
28.29
29.81
26.05
14.08
16.45
16.52
19.04
20.28
12.13
17.66
17.57
15.99
19.97
14.86
19.91
15.39
17.54
20.59
17.59
6.1
22.69
24.63
23.73
25.04
22.44
21.06
20.73
13.75
7.55
6.36
19.83
20.45
21.66
25.1
25.35
21.96
15.83
22.67
23.22
22.97
23.43
22.01
17.37
11.55
11.67
16.29
10.41
7.15
9.76
22.62
24.65
18.78
15.05
19.89
18.4
18.75
16.08
16.54
13.15
14.06
23.82
25.39
20
16.41
17.8
19.69
19.33
19.15
21.24
22.39
25.57
23.88
13.65
15.15
17.79
17.79
20.64
17.84
16.22
19.06
18.44
4.01
20.2
20.94
19.87
16.94
-0.13
14.1
16.76
15.47
6.88
6.19
16.49
12.43
16.16
17.66
13.95
19.18
24.52
26.74
21.23
8.58
7.77
13.34
17.62
21.52
22.4
19.21
16.42
20.78
9.73
22.06
24.85
23.4
20.44
18.83
19.8
21.49
22.61
25.17
25.89
22.19
11.92
13.87
20.37
19.52
14.47
17.6
11.3
14.48
22.97
23.94
18.69
19.66
14.7
10.51
11.09
1.87
13.14
14.17
12.82
15.43
13.78
13
10
-9.89
8.21
3.67
5.65
11.88
13
17.14
15.42
16.95
19.31
21.98
21.79
17.59
18.02
20.38
16.22
4.88
7.1
15.53
20.44
23.75
23.94
20.22
13.82
14.39
18.45
16.64
17.9
16.9
15.98
17.33
20.56
19.32
12.66
14.08
15.95
12.8
13.06
15.07
12.19
15.95
10.54
5.24
9.86
8.3
-0.02
14.47
20.32
19.8
17.26
19.84
14.46
14.87
18.53
21.65
22.56
14.08
15.4
14.93
10.11
12.63
20.27
18.85
10.9
16.1
11.14
7.03
9.66
18.56
19.92
19.11
17.39
-3.51
16.87
19.31
14.75
6.64
15.57
16.29
17.36
19.66
21.53
16.84
21.96
24.18
24.69
17.81
15.33
20.74
22.56
19.59
18.66
24.18
26.68
25.71
25.34
25.91
25.64
23.44
19.97
18.78
24.21
27.4
22.61
24.98
24.91
21.67
21.55
19.78
14.44
9.64
17.93
15.12
12.49
21.41
24.33
25.69
25.85
26.31
24.88
19.91
16.04
8.35
20.78
27.63
27.08
24.73
24.57
23.69
22.66
23.11
22.72
16.7
17.56
22.82
20.6
22.01
22.36
19.26
12.19
16.85
19.37
16.18
22.7
22.16
21.69
22.18
19.27
20.13
21.84
18.61
21.69
26.04
25.13
23.6
22.77
21.39
25.71
23
21.66
26.16
21.63
10.73
13.48
17.89
23.76
25.6
21.54
13.15
13.29
10.01
18.72
23.6
25.38
12.13
14.49
7.74
12.05
16.35
24.17
22.57
17.98
22.71
26.99
23.99
24.32
22.52
13.86
16.33
22.59
20.74
17.64
22.98
23.82
22.92
24.62
25.59
24.48
20.83
14.35
4.27
17.65
17.75
22.92
24.67
21.13
17.26
14.82
-1.24
13.46
16.46
19.37
25.84
26.41
26.35
22.88
29.13
26.91
20.72
21.8
23.99
25.52
28.82
28.05
17.14
22.32
25.98
18.1
14.79
25.1
29.26
28.9
27.61
27.47
29.75
32.1
32.14
26.5
18.97
24.66
27.8
25.34
11.5
20.38
21.36
20.29
17.24
15.99
20.49
-0.26
14.59
15.78
20.18
19.7
11.65
21.32
25.43
23.84
17.55
27.67
37.79
44.68
44.43
34.83
11.21
14.06
19.84
20.44
11.52
26.06
26.81
22.95
23.68
23
21.45
21.3
22.12
17.85
8.02
17.1
22.06
24.59
24.75
22.29
5.8
21.67
21.26
14.42
24.06
41.86
46.82
42.62
26.03
1.41
21.66
24.84
16.42
19.47
22.78
23.51
25.6
22.03
11.78
3.79
25.16
25.34
21.77
15.51
20.92
26.5
20.59
23.19
36.07
37.96
32.5
25.69
20.04
25.82
25.69
20.91
16.11
26.77
25.36
20.65
16.64
13.44
16.54
22.37
25.41
25.86
27.51
26.88
31.11
28.77
14.7
22.83
23.03
19.95
14.03
21.94
33.85
42.42
42.19
32.7
22.45
25.98
23.87
10.77
9.86
7.01
24.13
25.55
22.62
28.77
29.32
23.21
23.27
27.21
23.89
7.56
18.58
25.1
26.64
21.85
16.61
20.86
16.07
23.57
23.21
17.72
22.96
32.02
41.21
42.4
35.12
25.88
20.97
26.33
29.44
29.03
24.31
23.53
28.93
30.38
28.92
21.34
12.85
20.34
26.78
27.22
28.29
22.28
21.97
27.99
26.83
23.92
22.17
18.65
19.98
24.38
22.53
23.7
26.74
27.07
28.36
28.13
24.64
17.9
13.51
19.82
23.05
22.47
18.97
23.27
25.79
25.88
26.91
25.93
18.92
7.87
15.45
8.37
34.69
44.02
44.02
32.2
30.09
28.03
20.31
21.15
20.28
14.94
24.59
26.61
25.61
24.25
24.39
26.4
27.93
27.36
22.68
6.74
17.06
22.67
25.27
26.41
25.61
21.3
-0.75
14.11
8.59
23.96
24.74
19
16.48
21.72
24.28
27.85
30.03
26.22
19.01
20.91
22.77
20.93
8.5
20.55
25.44
25.23
17.98
18.58
27.35
28.1
24.16
18.35
12.39
19.74
20.15
22.57
25.41
23.12
14.37
6.78
14.2
24.96
-3.04
25.43
26.43
26.77
24.81
20.1
19.85
20.79
22.88
27.76
33.08
40.18
42.17
36.32
26.55
30.02
28.79
24.32
24.6
26.2
26.58
33.15
37.53
33.69
7.67
26.45
34.92
36.28
28.36
41.34
44.96
39.68
12.76
26.29
26.89
26.13
24.91
16.11
15.85
24.93
31.73
36.98
37.52
30.92
29.11
24.37
18.55
16.53
12.99
11.41
-2.22
26.84
30.15
23.64
15.49
18.62
30.18
30.5
19.6
18.96
23.32
25.65
24.12
13.82
20.21
26.91
27.76
29.11
28.66
27.9
30.65
31.14
30.86
29.14
25.48
25.02
25.68
26.91
28.07
26.46
28.08
29.25
28.45
23.7
28.46
27.52
21.44
26.56
27.63
45.12
49.84
45.6
28.7
25.53
28.32
27.56
1.49
24.78
38.71
48.08
48.65
40.07
18.62
24.2
24.59
23.39
26.03
26.35
24
26.71
26.73
20.59
25.39
33.68
32.95
22.49
27.66
22.37
21.66
23.94
24.16
21.99
20.47
29.93
32.82
29.98
22.79
22.84
27.17
20.55
23.34
21.64
25.89
27.99
28.25
31.46
32.16
32.06
30.63
28.04
29.24
25.27
22.07
27.45
5.25
25.47
27.98
29.77
28.95
30.21
31.58
30.68
33.32
34.95
31.03
16.3
28.48
28.59
31.6
32.01
27.41
29.82
29.62
27.77
28.22
27.6
24.51
19.38
21.69
28.91
24.28
17.11
27.13
32.42
30.14
20.03
16.41
26.49
30.9
30.6
31.58
33.45
32.43
26.85
19.67
24.75
29.47
30.71
31.58
33.9
35.68
33.61
19.24
25.82
27.95
24.1
15.16
24.46
30.11
33.27
33.6
30.87
27.38
28.04
29.6
30.38
26.5
20.63
30.81
30.72
35.12
35.82
30.36
12.44
7.53
26.78
29.35
20.53
22.39
27.82
32.78
32.29
24.44
21.91
27.46
24.63
16.36
26.44
30.21
29.84
25.92
24.91
28.51
34.44
35.95
32.21
31.73
28.87
27.78
27.05
24.01
25.19
28.63
29.56
31.01
28.38
29.87
29.56
28.63
27.76
27.92
29.99
31.05
28.12
29.2
27.18
21.36
22.92
5.42
13.7
25.71
27.25
22.96
19.91
27.61
23.67
19.04
19.86
22.09
24.52
27.42
28.87
31.59
31.69
24.85
14.08
21.34
21.65
26.41
29.79
29.12
29.49
31.93
30.07
30.31
30.79
29.94
29.13
25.94
18.54
30.24
28.16
26.49
22.21
14.53
22.32
21.51
22.06
27.1
25.2
14.96
21.88
18.24
5.81
15.83
20.96
20.6
23.44
20.94
9.95
20.84
17.4
18.6
24.34
26.25
24.24
27.48
30.63
30.18
28.38
28.2
23.59
18.48
27.85
30.04
30.46
30.74
28.24
25
26.9
25.27
22.33
28.7
29.21
26.41
25.8
26.69
24.66
11.01
17.56
20.79
24.59
25.24
23.1
20.52
17.49
12.05
27.05
28.4
23.62
23.74
28.13
25.67
19.92
26.14
27.83
27.1
25.65
24.59
25.52
27.3
28.69
28.9
28.01
27.58
25.03
15.86
23.68
25.51
26.35
24.72
24.09
20.64
5.03
21.64
21.41
23.14
26.55
25.7
20.06
14.78
14.65
19.08
21.1
12.2
12.08
13.18
-11.23
15.34
24.04
25.93
25.35
25.53
22.83
17.43
21.83
26.31
26.12
23.16
25.48
21.61
19.04
16.28
24.57
25.49
22.49
25.63
12.24
24.4
23.36
20.86
19.69
9.46
23.96
25.09
21.12
27.35
25.63
-3.57
24.74
29.05
30.49
29.89
29.39
31.73
28.22
14.86
14.99
27.79
27.9
20.23
21.34
23.64
16.02
18.99
5.51
23.55
22.63
15.73
25.89
26.48
19.22
8.31
21.99
29.07
29.58
13.13
26.27
24.67
20.64
19.9
13.73
20.94
25.45
30.97
31.83
26.87
24.05
16.79
25.07
27.48
25.6
25.12
16.96
16.62
21.47
25.8
28.06
26.79
16.05
22.57
26.63
27.09
24.92
24.51
24.9
15.47
29.91
35.33
31.19
15.33
26.05
27.43
25.45
24.81
23.94
17.55
22.15
24.06
23.42
27.25
20.65
21.86
26.45
26.34
25.23
23.89
24.79
25.72
24.07
25.98
22.14
29.3
30.72
26.6
22.5
21.35
18.67
13.85
14
12.86
22.77
24.48
22.53
22.39
21.51
24.04
28.6
27.97
22.47
23.36
22.54
11.15
20
26.32
23.93
19.05
17.72
16.07
18.6
25.22
28.04
21.83
22.21
22.48
20.32
23.29
22.48
4.87
17.75
21.64
20.85
20.25
23.38
22.45
16.11
15.09
20.11
20.68
20.44
21.57
22.28
21.55
24.74
18.94
9.63
18.03
18.14
8.6
16.3
15.09
26
24.64
24.55
21.47
13.77
20.06
10.42
16.27
24.12
26.19
24.85
21.43
19.84
23.57
22.53
19.75
13.62
13.08
17.19
19.11
19.51
23.24
24.24
24.69
24.96
27.61
28.15
24.88
19.96
9.72
9.87
20.7
20.5
20.24
22.92
26.81
25.47
15.67
18.6
23.39
22.03
18.85
17.94
17.33
9.25
22.6
20.86
22.06
22.25
13.64
19.75
21.02
16.83
14.02
22.16
25.49
22.86
9.89
22.28
24.89
23.95
21.71
15.94
18.51
23.08
24.03
22.19
21.83
17.69
-11.11
7.86
15.72
16.3
10.27
18.43
16.47
9.68
12.12
17.38
21.06
19.3
25.26
22.05
20.06
24.73
20.87
16.98
19.39
18.49
19.09
19.09
16.23
20.15
22.19
24.74
24.82
20.84
19.72
21.04
18.65
12.5
20.88
20.77
8.38
10.45
14.35
14.13
3.79
10.42
7.91
5.88
9.57
15.83
12.81
1.55
13.91
21.95
21.62
23.17
22.89
21.68
16.65
15.55
15.15
13.62
15.08
20.27
19.3
23.46
25.83
25.4
24.13
22.87
19.45
9.38
8.41
10.44
6.47
12.82
16.75
17.91
21
20.44
19.61
19.25
17.84
18.26
14.77
10.3
17.83
17.37
15.07
21.62
21.75
18.76
17.01
9.4
9.77
16.07
10.5
25.38
26.39
15.69
16.48
17.13
12.19
16.9
21.43
18.26
8.52
20.43
20.24
21.11
9.96
1.89
16.35
17.22
16.7
18.46
22.1
17.55
12.78
17.83
18.49
12.83
11.99
18.7
16.1
0.65
17.92
20.22
18.78
12.91
8.96
9.93
15.6
18.63
18.14
15.76
21.59
23.83
16.96
7.62
-2.63
14.72
12.97
12.15
20.22
24.63
22.82
20.32
19.56
17.4
14.51
17.53
16.68
13.28
21.52
15.94
12.61
16.94
17.41
17.46
19.64
20.54
3.45
19.54
20.44
16.34
15.02
20.69
17.26
9.31
13.01
22.86
25.59
20.57
12.97
21.22
21.48
20.62
16.21
17.15
4.13
17.92
21.36
23.07
23.02
17.66
17.69
18.24
18.22
23.06
24.45
24.47
23.52
21.19
17.46
22.29
23.15
19.22
7.63
15.34
16.49
7.38
16.86
16.58
11.74
21.28
22.7
13.38
17.32
19.47
15.23
18.91
25.48
23.21
13.14
18.72
18.96
20.47
23.52
21.7
18.16
28.78
28.77
23.74
13.88
12.1
12.74
3.8
8.58
12.19
8.76
18.47
18.36
19.46
18.91
13.44
4.18
14.74
16.99
13.75
11.63
14.13
12.03
5.91
-4.67
9.58
12.44
23.3
26.78
18.3
17.33
14.45
10.27
22.99
26.48
25.08
18.93
16.34
15.28
13.67
16.5
17.52
19.13
17.16
13.42
17.38
19.13
9.68
18.44
21.67
24.05
22.72
18.15
21.61
22.35
21.08
19.16
22.69
17.11
15.53
23.89
24.18
17.24
16.15
14.76
18.09
18.63
17.53
11.3
20.72
22.05
20.45
14.12
12.04
19.91
19.56
7.38
12.34
17.27
17.9
21.01
22.11
21.16
20.29
23.73
24.4
21.63
19.4
13.14
7.34
21.15
26.47
23.11
10.65
17.05
25.52
27.12
25
23.6
25.21
30.98
35.34
30.71
23.22
9.75
14.93
14.22
11.32
14.84
12.82
1.86
21.74
23.46
10.18
21.88
16.76
8.38
8.07
16.31
20.6
22.51
20.66
11.61
7.64
22.53
23.89
15.96
18.38
21.32
19.11
17.57
20.08
21.52
19.31
19.03
19.43
11.69
10.25
15.63
7.81
13.49
-0.17
7.85
11.82
19.29
22.63
22.1
20.58
20.03
22.23
23.54
23.96
-1.4
19.45
14.7
-2.25
16.54
16.48
10.33
11.43
16.44
22.63
22.17
15.6
20.92
23.28
20.11
15.3
8.12
12.42
16.66
11.05
12.21
7.84
2.39
16.26
21.55
21.25
16.15
12.29
19.56
15.04
10.75
16.6
18.12
17.5
14.94
13.33
17.93
18.6
18.72
20.52
8.66
17.67
12.75
1.12
5.98
13.37
18.9
11.66
15.26
15.33
17.46
21.02
20.68
12.54
14.39
14.44
2.89
11.42
11.54
14
12.32
15.29
16.04
16.66
15.74
3.57
15.54
17.94
8.83
8.81
13.68
13.47
22.48
24.2
18.36
11.55
12.76
-2.45
15.76
16.83
10.86
23.21
21.75
11.24
9.34
11.66
15.99
17.92
15.55
12.56
9.74
3.53
12.19
24.06
25.26
19.74
20.67
12.39
13.23
12.63
13.23
7.53
13.79
19.44
20.41
17.62
15.74
20.43
21.39
19.66
21.3
20.67
11.43
17.21
15.35
11.99
18.17
11.43
16.29
15.22
11.92
18.06
13.08
19.42
18.7
20.89
15.74
16.63
14.14
9.92
16.83
13.62
11.64
20.53
20.54
13.2
12.26
15.75
19.97
20.17
20.2
16.91
4.74
3.17
14.06
16.78
13.14
14.24
14.82
9.48
19.92
20.77
16.96
18.99
18.5
14.32
-4.34
12.11
12.11
11.48
14.45
15.89
21.24
18.11
12.33
18.6
21.58
18.82
8.9
1
10.15
14.33
14.24
10.44
15.81
12.81
13.82
16.04
14.17
3.25
0.82
7.16
13.79
16.3
15.01
7.04
17.38
20.75
10.12
17.82
13.66
15.85
12.61
17.48
11
3.16
8.56
17.98
20.79
18.67
18.57
21.89
21.82
8.92
10.76
11.3
13.59
15.31
11.04
11.49
12.95
11.29
12.82
4.43
8.31
15.69
12.37
15.43
20.97
20.84
18.16
15.96
17.99
14.07
7.39
12.41
14.98
13.93
6.07
10.95
9.06
13.47
19.31
20.26
19.66
17.95
13.34
12.65
16.81
16.55
20.36
22.91
20.03
13.44
9.09
15.34
19.58
17.3
13.3
12.28
17.41
16.79
8.23
3.5
13.43
17.9
16.45
11.17
19.43
18.8
9.91
13.82
4.2
13.84
12.75
12.16
16.3
17.48
18.37
18.36
10.87
12.36
13.52
10.58
0.62
9.37
14.52
14.78
11.78
8.22
11.34
18.16
20
17
15.35
8.65
11.79
14.55
10.48
18.46
14.93
10.84
6.15
7.04
12.19
14.55
12.13
12.94
15.06
18.23
17.8
13.1
14.8
21.55
20.68
16.98
15.32
14.21
14.5
17.25
15.61
14.02
15.54
15.73
18.92
18.87
16.66
11.48
17.78
17.53
0
16.25
19.05
13.87
9.39
15.19
15.27
14.28
13.99
1.43
8.75
5.54
11.07
12.49
8.96
7.35
5.64
13.16
18.07
17.29
14.68
9.91
8.64
11.65
15.65
14.83
5.43
11.32
1.14
11.41
11.88
9.09
15.84
13.1
18.08
23.02
22.99
16.4
3.3
9.75
6.44
8.48
12.91
-15.48
15.37
17.11
10.67
3.78
12.21
14.84
16.59
15.47
9.09
11.41
19.35
19.02
14.5
9.1
1.97
8.59
12.25
12.99
7.16
-6.61
-6.55
14.07
19.48
17.71
20.27
18.58
13.03
12
15.51
17.5
13.37
-0.56
12.93
15.26
11.21
1.31
6.81
4.57
-0.51
10.14
17.06
18.54
15.05
10.33
7.38
9.71
14.11
12.88
13.77
9.44
-3.57
2.89
11.15
11.81
18.52
19.02
20.52
22.21
21.71
19.17
13.13
13.16
15.05
18.56
20.84
15.21
14.5
17.02
12.79
5.72
-6.82
6.7
-7.54
17.46
20.41
12.33
9.47
19.11
20.97
18.48
12.4
13.68
12.48
8.21
13.95
12.2
8.34
13.21
18.93
20.5
16.28
9.15
11.7
10.46
8.99
12.55
12.6
16.27
16.05
12.33
12.57
16.47
20.76
19.9
11.01
9.9
15.99
14.03
10.93
11.59
15.93
17.48
12.84
13.39
16.41
15.29
10.03
5.59
14.53
14.75
8.41
8.15
19.16
18.5
14.65
14.26
21.57
23.04
18.28
18.51
20.22
18.58
14.21
11.9
12.23
17.61
18.39
16.23
13.43
5.95
13.62
20.41
19.82
18.86
19.91
22.55
21.25
15.46
12.17
12.27
14.77
18.25
12.48
14.65
12.06
13.89
9.48
11.36
16.83
14.75
7.92
12.02
7.36
14.63
12.56
-3.68
6.58
10.42
13.91
18.7
16.24
13.38
14.57
7.77
9.31
15.39
11.19
11.94
19.29
19.15
16.13
13.57
17
18
16.19
11.42
6.95
13.46
17.52
15.37
14.21
6.69
12.79
14.21
7.44
16.34
15.33
9.67
10.78
10.02
4.22
12.09
7.55
8.42
10.58
10
10.29
11.16
14.33
4.71
12.17
11.33
18.42
15.25
12.86
9.48
6.42
15.9
17.51
10.68
7.02
9.85
4.98
2.9
2.83
13.4
14.6
13.63
10.79
14.47
18.59
15.71
16.23
20.22
21.13
18.44
15.23
15.6
17.52
-2.52
9.76
16.24
14.98
11.79
10.63
18.96
23.51
24.6
25.01
24.38
23.63
22.43
19.24
12.87
7.78
10.15
15.04
17.79
17.49
19.4
19.36
13.04
9.48
2.84
11.16
18.92
21.32
20.3
20.96
22.09
24.34
23.81
19.95
16.14
14.19
12.58
11.7
11.57
1.89
16.99
17.06
11.97
15.81
9.51
15.01
7.98
15.14
20.72
20.34
19.07
18.03
15.62
14.78
13.73
13.65
9.2
15.91
18.97
17.17
10.15
12.88
19.41
16.85
12.88
14.42
12.49
14.59
19.15
19.15
14.46
15.41
9.99
4.99
13.5
19.19
17.2
2.8
17.35
19.09
16.71
14.5
17.4
19.38
21.1
24.17
24.92
21.26
17.71
18.74
10.8
12.2
16.11
18.02
17.06
14.4
17.14
15.42
5.69
18.1
17.05
15.07
12.83
1.59
13.67
19.29
19.69
16.14
14.47
14.04
11.95
13
9.45
16.88
23.86
23.17
18.42
14.88
11.59
19.03
21
18.67
17.82
12.66
7.96
15.8
16.85
2.62
17.58
19.39
14.88
11.5
-2.08
15.11
19.2
16.36
17.11
20.92
19.24
15.29
20.87
16.76
10.5
6.36
15.2
20.18
20.31
19.17
21.14
21.56
16.79
11.39
7.47
11.46
11.19
9.61
18.42
17.66
5.69
-2.5
12.5
20.57
19.28
17.24
20.32
21.11
18.54
18.99
22.75
23.37
19.53
9.83
6.12
17.61
20.27
22.56
23.71
23.7
18.83
18.78
21.75
17.39
14.11
13.82
15.75
20.04
19.54
19.55
16.73
11.93
17.41
13.55
11.31
12.3
11.32
18.26
20.24
19.87
19.4
17.47
8.75
11.1
15.17
15.13
21.37
23.73
21.21
9.29
9.95
11.18
14.02
11.72
15.17
16.96
9.72
-15.87
7.77
7.52
10.88
17.17
16.25
16.99
17.6
12.56
17.96
16.89
5.02
16.92
20.93
19.62
14.65
4.96
9.27
18.72
21.38
19.87
14.7
7.77
8.7
18.61
19.5
18.36
19.07
18.86
18.27
17.61
16.93
9.76
13.76
21.83
24.27
21.64
13.14
5.77
7.52
15.31
19.39
16.19
8.81
18.71
24.79
23.63
18.7
16.48
15.74
18.65
18.75
19.38
19.55
16.29
17.34
16.67
11.79
10.48
15.6
7.95
17.64
17.92
7.67
11.09
0.73
1.16
8.2
10.28
13.8
19.34
16.76
14.14
18.78
20.5
20.82
20.37
19.71
18.31
18.78
19.03
10.27
15.99
10.25
7.72
14.24
8.87
17.43
13.78
5.99
16.43
18.45
15.44
17.39
18.79
18.74
14.66
15.9
15.03
19.88
20.44
16.27
6.39
6.24
12.58
21.47
23.63
23.78
23.86
23.26
21.57
17.99
17.78
19.67
18.84
17.94
13.77
8.22
16.54
17.36
11.49
-1.93
9.69
7.61
5.88
13.02
17.58
16.55
1.53
7.6
8.49
18.25
19.75
19.55
17.58
12.32
15.39
17.21
15.36
11.2
13.46
16.49
12.12
13.36
18.23
19.87
16.81
14.71
17.51
22.04
22.14
18.44
19.63
22.42
21.25
19.12
17.72
17.14
18.04
16.13
7.08
1.65
15.03
20.6
21.3
19.8
22.62
25.23
24.94
22.45
18.17
17.69
18.95
18.68
18.51
21.03
21.24
14.74
0.44
8.07
15.69
19.3
20.48
21.11
23.08
17.46
19.98
18.73
19.95
12.83
10.92
14.06
21.51
15.13
14.54
11.22
10.13
8.02
17.56
18.9
11.96
8.94
15.93
12.22
14.36
17.25
5.25
16.91
13.88
16.89
22.38
21.31
13.38
16.09
10.63
17.62
11.45
6.95
19.59
22.03
15.86
12.74
17.7
18.68
8.37
17.69
18.29
22.12
20.67
17.4
18.47
17.13
8.19
19.57
16.37
12.45
17.26
18.5
9.12
11.37
5.01
18.79
20.58
21.44
15.81
12.03
18.47
17.21
14.17
13.31
13.23
8.31
16.67
17.68
8.35
12.06
-7.09
18.78
17.82
6.19
14.44
18.05
17.97
18.59
17.86
16.96
15.67
16.94
14.12
13.54
11.2
16.66
18.76
20.24
19.76
17.1
20.74
22.69
20.74
5.33
14.03
8.39
-0.39
15.18
19.72
12.92
17.57
19.56
18.62
20.8
17.99
5.56
18.24
10.28
11.8
14.17
15.01
9.81
19.12
14.54
7.94
7.35
7.3
13.19
11.53
20.5
21.72
18.24
11.67
7.72
9.99
17.49
17.63
15.11
14.81
14.85
10.49
12.04
19.07
18.5
1.43
13.28
8.42
10.98
17.62
16.2
7.52
15.9
17.65
15.33
13.97
15.58
0.31
15.99
6.45
15.19
13.23
15.93
12.69
13.75
17.51
19.38
19.86
16.91
13.41
13.57
15.72
15.14
5.54
8.41
10.43
-2.52
2.25
7.01
0.52
16.39
19.1
17.46
6.36
7.79
6.12
-16.25
7.23
14.7
19.78
21.44
19.54
12.9
11.5
-5.46
8.73
16.82
19.4
21.93
13.16
18.76
20.14
9.78
13.04
9.99
12.89
13.75
14.42
7.51
16.12
22.88
21.23
5.6
9.49
9.37
17.42
18.71
15.11
14.49
11.15
11.23
18.6
16.25
8.57
8.78
14.04
16.51
18.46
16.36
13.78
16.09
17.22
18.64
21.51
15.04
10.51
10.6
19.62
15.85
12.44
17.24
16.82
20.23
16.56
12.62
14.29
15.27
12.39
10.62
15.15
19.24
14.6
10.92
15.17
16.57
11.77
15.49
15.4
13.69
6.43
10.02
20.26
21.47
16.85
14.6
16.7
16.4
17.4
9.29
16.83
15.95
16.44
16.56
12.61
8.23
14.99
19.4
19.75
18.64
19.05
15.86
12.93
17.67
19.42
19.07
19.15
12.26
10.92
15.92
10.88
12.77
17.65
17.57
15.68
20.01
14.94
17.28
17.69
9.23
18.58
18.12
14.31
16.65
19.68
19.93
15.02
13.01
6.91
17.54
19.02
18.33
17.03
14.1
11.27
14.99
18.33
17.26
11.05
3.57
6.13
0.56
10.3
9.39
19.15
19.34
13.99
13.8
4.53
9.03
3.19
10.08
14.36
11.71
16.94
18.51
10.44
6.9
2.55
19.53
23.01
20.65
10.93
9.57
19.71
23.34
23.25
20.52
17.28
16.39
15.82
15.01
9.81
5.85
8.36
6.45
14.49
12.57
13.74
12.77
10.75
11.63
2.87
12.23
11.28
7.36
17.45
12.41
7.02
16.25
18.02
10.39
7.35
9.95
17.52
15.37
13.7
11.95
8.64
14.7
17.81
17.26
18.1
14.94
12.92
16.63
19.57
18.27
17.21
20.71
16.21
0.64
14.56
16.05
15.34
11.83
-4.57
1.6
8.67
10.29
10.01
4.37
13.95
17.59
12.12
16.76
15.03
12.82
8.72
2.75
6.95
8.83
7.11
10.05
15.44
18.23
17.98
17.62
15.91
14.73
12.82
6.83
1.41
8.33
12.3
11.38
9.65
8.27
3.16
13.33
16.46
15.97
16.08
16.83
17.53
17.31
10.5
14.42
14.08
8.76
16.36
16.4
11.26
15.54
16.16
14.76
14.32
11.06
9.54
14.44
16
13.63
10.15
12.36
16.11
17.13
16.74
16.32
15.66
11.58
4.08
-3.07
7.73
10.28
-3.45
9.91
11.51
8.49
10.57
5.46
13.08
16.38
13.97
13.2
15.25
16.83
17.51
17.43
15.25
10.71
10
9.86
11.52
7.72
12.15
15.65
16.12
12.99
8.31
3.63
9.68
16.84
17.93
16.67
11.39
15.03
12.25
7.91
10.5
6.14
10.7
19
18.81
8.53
14.66
15.06
10.93
2.82
13.09
12.4
12.66
13.31
16.51
13.42
4.24
11.57
11.43
16.6
17.91
8.5
8.36
9.47
16.59
18.47
14.78
16.5
18.81
14.53
1.7
12.18
11.64
7.56
9.09
7.54
11.54
14.09
9.96
15.23
16.96
13.59
16.52
16.94
11.37
12.97
10.36
11.11
14.85
9.17
13.68
13.98
17.4
17.45
14.17
18.51
17.52
11
5.33
-3.75
13.89
19.92
17.44
14.88
18.96
16.06
7.99
14.86
14.35
6.13
2.59
11.73
9.46
10.28
14.67
13.42
11.2
12.42
11.55
9.99
6.96
11.56
16.75
14.82
12.9
12.62
7.95
6.85
12.6
17.69
17.77
12.99
17.63
17.42
10.29
8.66
9.86
15.98
12.82
11.8
14.98
19.43
20.12
16.51
2.02
5.92
7.37
-0.66
11.51
11.81
2.93
14.3
14.51
16.37
11.48
13.26
14.52
-11.48
8.73
8.77
3.35
15.07
19.64
17.72
-3.27
11.26
11.42
14.93
13.79
-4.93
9.51
9.41
10.36
10.35
15.73
14.91
8.78
2.94
5.88
9
11.5
0.73
10.58
11.4
6.97
8.59
9.52
13.52
4.99
12.11
13.51
7.51
-6.69
-6.96
4.31
8.29
5.58
5.84
5.59
14.61
17.68
14.19
14.5
17.28
13
6.57
3.41
10.34
14.58
14.9
11.84
13.68
18.47
19.52
13.49
8.65
5.86
-0.36
7.26
13.14
18.01
17.74
16.94
16.49
8.7
5.29
13.81
16.33
15.24
13.32
8.1
9.72
11.57
7.67
1.54
12.05
14.57
13.76
13.78
7.9
10.7
10.29
-1.98
10.23
4.91
4.62
11.1
6.3
-10.68
2.15
11.68
7.2
9.59
15.17
14.87
6.73
9.9
6.02
1.46
10.2
14.15
13.23
13.37
8.76
-0.21
0.98
0.83
3.68
17.08
19.71
15.94
13.95
13.19
13.94
15.42
16.76
17.59
14.47
6.95
11.84
0.46
3.77
4.75
6.9
7.5
9.2
0.76
-2.91
10.26
11.75
1.1
10.3
14.33
9.62
4.74
13.04
13.77
13.21
12.91
12.02
3.52
-6.33
5.5
10.88
10.9
8.1
13.84
15.79
14.02
6.01
8.02
12.95
15.4
16.27
12
13.2
15.14
15.6
17.52
15.65
6.92
3.71
12.2
5.54
5.86
11.18
18.84
19.91
18.5
18.08
15.58
8.56
10.96
12.02
9.42
11.22
14.74
14.66
11.48
9.51
4.34
8.35
15.77
18.48
16.61
12.58
4.04
5.23
5.58
6.93
4.62
9.98
8.28
4.15
13.64
16.49
15.91
14.31
11.95
11.26
4.68
14.95
19.87
14.14
10.02
8.22
8.84
7.13
11.41
17.11
14.74
1.96
7.37
11.95
14.09
14.7
9.45
0.08
8.91
13.52
13.67
12.97
13.31
12.64
8.62
15.32
15.1
8.34
-3.11
-2.33
8.47
15.24
16.06
14.65
16.82
9.65
7.35
5.98
6.02
14.38
17.98
19.17
16.69
12.63
4.18
-5.62
2.71
6.77
12.88
11.12
-21.18
8.99
11.42
7.79
14.27
12.38
3.6
10.82
11.52
11.8
6.23
15.68
8.15
11.67
13.77
9.96
10.76
11.56
10.39
14.85
17.31
15.96
14.74
14.16
15.05
13.08
7.67
6.93
12.31
8.69
-5.55
5.58
7.28
11.83
10.08
12.41
12.37
-14.53
12.25
17.13
19.46
16.97
-2.67
-0.13
13
16.38
15.18
18.03
19.63
15.75
7.9
-0.35
9.01
2.93
4.9
15.11
19.11
17.56
13.7
11.61
12.24
9.11
11.57
13.95
12.24
8.64
10.17
4.92
12.03
12.82
14.49
16.18
16.28
13.43
7.42
10.53
11.34
13.72
16.51
16.45
13.7
8.03
7.61
7.17
5.05
15.33
12.93
4.08
4.56
9.17
13.54
9.87
17.27
17.01
7.61
13.4
9.31
9.2
1.47
14.45
18.97
18.46
18.48
17.39
11.54
9.07
10.09
8.11
-6.67
10
9.04
8.43
11.89
12.8
10.1
4.53
4.18
-2.25
6.59
14.89
17.22
21.92
25.26
20.19
8.69
12.79
10.94
6.59
7.92
2.59
12.3
13.69
11.7
6.79
-4.43
11.33
13.49
8.58
8.48
6.67
13.37
17.59
18.25
17.15
14.75
11.43
13.88
16.51
15.62
12.34
11.68
11.37
6.87
-2.74
-7.93
10.32
13.55
7.37
9.54
16.09
11.92
13.96
15.01
12.64
12.94
14.32
14.79
14.56
9.74
4.99
8.51
7.35
-1.49
9.62
6.63
17.36
17.71
9.46
5.78
6.79
2.58
12.01
12.82
10.9
12.84
12.21
11.36
11.84
10.05
12.61
6.77
0.64
1.62
6.25
3.69
10.82
15.06
13.21
11.94
-4.24
10.52
11.98
8.2
5.69
14.91
14.48
8.57
10.52
12.79
10.78
11.88
14.06
15
16.46
15.62
13.64
12.45
12.64
11.67
13.33
14.71
13.75
13.64
10.67
5.24
7.89
11.38
18.15
19.14
10.07
12.42
13.49
11.14
13.73
11.74
8.07
14.21
16.8
16.37
19.37
17.42
8.37
7.59
16.7
21.17
19.11
14.13
13.03
10.93
14.03
13.69
6.6
5.48
12.08
15.76
16.78
8.47
10.74
11.96
13.84
15.87
14.37
12.87
17.26
20.04
15.4
7.36
12.95
14.59
15.11
17.94
15.36
8.66
6.1
12.49
17.84
19.32
18.4
14.03
9.82
7.28
10.64
16.49
16.72
12.98
11.75
9.26
6.65
13.77
17.37
15.03
12.42
15.67
19.77
18.21
13.14
11.11
12.69
17.88
20.88
20.58
16.85
16.52
15.04
7.02
7.51
10.91
7.33
9.73
7.62
12.84
19.79
19.97
19.26
18.08
14.19
7.12
-2.57
16.59
19.43
15.52
11.84
12.34
11.68
11.61
13.53
7.72
1.07
1.58
1.14
8.43
10.58
6.98
0.84
7.47
15.26
15.71
11.78
9.41
12.32
13.93
13.95
15.46
11.44
0.01
3.44
-1.55
-2.01
10.77
3.95
8.98
13.18
14.77
12.36
10.09
18.57
14.42
5.25
8.26
-2.72
11.95
12.52
11.78
14.48
14.58
11.93
5.66
3.37
10.26
9.15
6.08
10.79
9.73
7.35
8.46
9.52
2.01
11.25
12.64
10.1
8.87
10.86
9.65
8.53
4.58
11.05
15.37
10.98
13.4
12.72
14.2
8.77
6.16
0.25
-15.26
-4.89
-0.37
6.84
5.73
6.16
5.31
13.07
6.15
2.17
-0.58
5.17
3.07
2.42
6.45
12.41
6.16
15.42
16.57
2.29
7.85
0.28
-0.97
9
11.02
4.26
-4.23
4.74
8.13
16.11
18.09
15.87
9.47
5.85
11.83
5.63
10.23
-6.81
10.14
5.86
6.69
3.27
9.74
9.2
3.83
2.04
1.81
7.04
16.69
16.82
9.68
12.67
19.15
13.97
-4.4
9.29
13.51
14.04
14.03
14.1
13.13
8.18
0.73
1.61
12.74
12.8
6.14
6.3
15
16.77
7.36
6.3
9.78
-1.58
1.39
5.22
4.56
3.49
2.68
15.3
15.49
9.19
12.91
9.04
10.44
13.11
7.03
6.36
10.23
13.02
12.56
-6.39
14.5
19.64
19.72
14.97
5.21
5.84
12.52
6.07
11.47
14.76
19.13
15.76
10.81
10.45
4.59
9.94
5.33
9.84
9.6
9.24
12.63
11.46
9.68
-1.28
12.22
15.43
14.45
10.09
8.89
9.03
12.93
12.25
13.57
5.63
15.29
4.91
3.86
11.4
10.25
10.51
13.64
9.25
13.89
20.76
17.75
0.8
13.29
16.59
18.15
17.26
16.34
15.94
18.06
14.04
4.88
11.26
14.7
12.94
8.54
7.89
6.14
11.05
14.19
21.16
22.58
18.12
8.21
-0.85
9.65
14.34
11.95
7.23
-10.41
4.39
-1.36
12.26
15.16
12.56
7.25
-1.46
2.1
-1.55
0.59
7.12
10.59
13.2
12.08
8.5
12.9
6.3
4.71
-2.17
11.47
15.5
4.88
8.47
-1.35
7.5
7.6
10.81
16.27
15.34
4.13
11.86
8.91
7.99
12.64
12.31
4.61
12.88
15.85
18.4
17.96
15.58
16.69
14.78
12.89
14.02
7.66
5.52
11.45
4.89
7.97
6.22
12.38
15.27
-1.14
13.32
7.95
13.57
13.43
8.44
11.89
7.8
9.83
13.4
9.6
4.28
10.43
10.12
7.49
7.38
13.86
16.95
13.48
10.53
10.63
10.54
16.16
17.72
15.07
12.51
15.32
14.98
4.77
9.63
4.09
10
12.56
11.18
7.18
0.94
4
-8.52
-4.12
3.57
4.3
6.97
7.82
4.38
9.57
11.17
10.45
11.84
9.84
11.02
6.83
-1.86
5.58
13
15.57
7.13
-1.64
3.35
0.94
6.29
6.48
12.41
-4.06
13.86
12.32
2.04
-4.49
5.59
15.13
11.79
-0.28
7.82
11.55
3.74
1.1
6.03
2.85
4.23
10.33
14.06
11.33
3.64
2.81
-0.83
8.14
11.95
16.53
15.65
1.82
10.67
3.25
10.77
11.36
12.08
11.95
12.23
8.66
8.31
6.95
6.82
9.52
11.17
11.47
12.6
11.7
12.53
6.31
12.7
13.16
11.66
10.56
-2.57
11.93
11.93
3.42
-1.9
2.37
10.25
8.28
5.13
11.13
10.01
6.99
7.53
-4.74
5.01
3.52
5.62
9.56
1.23
11.03
13.17
8.25
3.64
9.82
15.19
16.97
16.83
15.97
15.66
16.79
17.49
13.85
4.03
7.68
3.31
13.83
19.28
16.2
4.7
15.61
12.37
-7.35
7.53
7.42
9.03
11.72
10.72
10.45
8.64
10.59
9.38
12.98
15.24
14.18
14.23
14.84
12.37
8.36
2.68
14
16.75
14.84
6.84
7.26
9.14
12.66
9.71
9.78
14.24
17.61
18.83
18.61
17.02
11.44
9
13.53
14.04
16.08
17.49
13.57
10.33
11.55
13.71
17.31
16.74
15.61
17.31
15.52
14.44
15.27
14.71
16.77
17.66
6.48
13.66
14.7
11.65
10.03
12.15
13.3
9.03
10.93
10.03
3.84
18.19
17.74
3.44
13.44
12.98
15.55
16.27
15.06
12.36
12.44
10.19
12.37
11.73
10.42
13.27
15.97
16.01
15.4
7.74
1.99
8.49
15.72
14.53
7.87
11.12
18.06
19.81
16.53
17.84
15.04
9.16
11.41
3.43
11.94
13.66
6.85
10.2
8.22
5.75
-0.56
2.41
7.74
12.59
13.18
12.86
7.05
9.83
11.8
9.35
12.98
15.94
11.31
3.18
4.58
10.92
14.31
8.65
15.53
14.93
3.2
9.55
8.58
8.39
9.41
4.82
11.4
11.06
5.1
4.24
11.27
15.29
13.77
9.27
12.4
9.9
9.41
12.32
14.01
9.15
10.93
14.4
12.88
12.21
12.25
12.72
11.04
7.9
2.93
10.63
14.68
12.26
14.11
12.86
8.13
11.05
15.24
16.68
11.57
-0.67
6.62
15.56
15.11
3.37
1.09
4.43
7.06
8.54
-4.58
11.06
8.84
9.63
9.2
5.23
10.13
15.95
16.46
10.37
14.37
10.42
9.07
2.36
6.66
17.33
18.94
15.4
12.24
1.66
11.09
7.46
10.42
11.05
6.3
11.29
10.3
13.22
14.51
16.46
15.29
12.99
8.16
5.15
5.53
9.52
10.51
-1
2.86
12.01
12.72
13.89
15.8
14.9
11.95
5.57
5.82
1.38
6.28
8.32
13.43
8.2
5.09
14.85
15.74
9.1
5.48
13.52
12.54
7.41
11.4
14.63
13.14
12.84
15.79
16.65
14.18
9.61
0.47
9.02
14.9
16.22
10.85
1.23
7.6
-4.26
7.78
14.81
14.37
-6.9
15.17
14.59
10.68
14.45
11.53
9.7
13.25
16.91
18.47
17.1
13.23
2.63
15.2
13.47
6.6
13.49
15.37
19.38
17.68
5.28
2.44
11.22
16.31
10.07
3.53
7.36
2.99
12
18.46
16.5
9.09
3.57
8.92
12.66
14.18
9.37
10.36
11.92
9.1
9.31
8.7
8.96
7.27
3.01
3.46
9.71
13.59
5.07
15.65
17.82
13.78
0.41
13.97
16.08
-12.6
16.11
13.68
6.71
5.3
-0.49
7.39
6.44
7.28
13.63
12.23
4.63
9.26
13.68
15.16
17.65
17.8
14.7
13.82
13.64
12.35
7.3
3.18
8.99
8.86
1.78
-3.16
7.57
9.98
5.5
14.06
8.68
4.92
12.63
12.63
9.63
13.75
13.63
16.12
15.45
14.75
13.25
4.75
4.13
5.29
-9.67
4.74
9.02
12.88
11.15
11.45
11.13
10.86
16.73
18.33
