9.33
10
7.24
13.32
11.56
1.55
0.9
6.15
10.71
7.44
7.83
7.56
7.91
9.28
11.92
10.92
13.55
12.44
9.34
3.01
7.42
11.02
14.32
16.45
14.06
1.1
7.38
9.66
8.3
9.09
3.75
3.57
8.21
11.52
16.03
16.22
10.89
6.69
5.54
-2.12
2.87
13.18
14.73
11.19
7.44
9.58
8.48
7.93
3.19
9.27
11.85
9.26
11.26
14.59
16.44
13.62
7.56
8.71
5.09
-1.93
4.76
11.07
14.87
14.1
12.65
11.15
0.47
4.16
8.78
13.56
13.84
12.33
10.19
8.65
8.05
10.61
15.06
0.47
12.06
14.44
9.6
9.54
14.94
16.24
13.15
4.81
-0.6
7.14
12.37
14.99
15.36
9.28
-0.43
10.35
11.92
11.55
11.05
7.23
4.1
4.17
5.76
13.85
11
9.71
8.26
9.8
12.38
9.92
9
10.28
7.33
-0.16
2.06
5.54
7.79
12.26
11.57
8.45
9.3
0.11
8
12.95
11.4
10.29
9.58
12.43
15.96
13.04
2.78
-7.23
3.69
10.31
12.75
11.51
7.38
10.3
12.54
12.52
12.83
13.79
12.12
10.36
10.82
4.99
7.91
10.39
9.28
14.34
16.95
13.15
3.84
14.46
11.09
11.49
5.66
8.42
10.38
8.64
6.7
-1.07
2.57
7.83
8.12
9.95
12.64
12
11.92
9.63
3.49
7.19
13.68
6.13
4.77
8.71
8.67
6.54
-1.31
5.88
6.11
8.05
6.44
10.65
11.82
10.26
10.65
5.54
8.3
12.5
11.39
3.14
9.75
11.32
13.4
4.96
11.58
13.92
13.53
9.37
7.73
19.28
22.48
20.8
15.63
0.47
11.02
11.99
9.18
3.28
9.15
6.29
7.14
-7.8
9.69
11.16
9.7
11.06
10.33
13.11
12.73
9.27
-4.23
9.8
9.01
6.06
8.91
0.79
5.47
4.47
2.05
9.44
13.29
4.47
6.02
10.11
11.1
7.88
8.93
9.54
5.86
7.42
7.63
-21.61
10.7
15.09
15.46
10.06
3.55
9.73
13.23
15.2
9.15
10.08
12.87
13.02
13.8
16.95
16.8
10.94
10.04
9.64
14.08
15.11
11.46
7.86
9.67
9.43
7.22
6.45
2.77
4.57
5.62
1.16
1.5
12.42
14.3
10.22
3.64
10.26
13.19
14.77
7.19
6.27
11.42
12.64
11.75
7.64
6.91
4.47
8.78
11.52
13.12
11.25
7.77
10.51
11.96
10.43
7.23
7.24
8.8
12.1
9.32
3.45
10
14.1
12.62
9.23
-0.4
7.25
4.06
-2.37
13.25
14.13
7.14
1.84
5.36
7
13.98
16.31
16.33
14.83
6.23
6.65
7.75
-10.44
11.4
11.65
7.67
8.58
6.88
7.74
14.23
14.58
2.08
4.64
2.11
9.48
14.58
16.67
16.56
11.61
4.76
0.24
7.83
9.57
2.95
13.08
18.35
16.6
11.22
3.61
8.73
8.65
-3.91
11.36
13.09
13.11
12.07
5.37
11.82
8.95
-6.8
4.67
5.52
2.18
9.94
15.58
15.06
10.18
1.57
4.53
11.49
11.04
10.15
14.3
14.03
7.76
11.84
14.42
11.71
4.52
2.18
5.19
7.45
7.65
7.81
8.74
10.35
1.51
10.65
10.72
8.32
10.94
10.21
4.28
4.53
6.71
12.19
13.69
11.84
13.84
11.87
0.24
3.04
4.44
8.67
12.66
11.9
4.83
6.78
12.44
11.7
4.49
6.8
5.61
-0.81
-0.63
8.12
8.64
5.84
-7.77
6.52
9.44
11.12
8.05
1.97
-3.13
13.75
14.53
8.2
8.22
14.48
15.59
12.73
14.11
12.95
2.32
10.84
5.04
9.19
12.02
10.8
0.33
-3.34
8.54
9.5
0.97
7.74
13.76
10.12
7.06
5.14
3.33
7.05
11.75
12.83
12.43
9.05
3.77
6.43
5.82
0.72
12.06
11.8
8.84
9.55
9.76
12.42
10.16
-6.43
14.37
18.33
15.26
3.92
13.45
12.49
9.52
1.04
-1.86
0.78
1.37
-9.16
8.17
15.37
16.53
11.86
1.37
9.56
9.66
8.98
8.47
-0.91
10.78
10.67
15.25
11.6
12.88
14.56
13.81
9.88
6.79
10.24
12.49
6.18
2.65
9.54
13.51
13.08
6.23
13.08
11.49
3.96
-1.98
9.46
10.83
7.04
10.2
10.21
2.07
1.73
6.1
11.59
17.51
16.43
11.72
14.42
11.19
3.41
2.78
10.42
13.98
16.9
15.03
9.09
5.71
9.43
7.49
6.82
6.57
3.59
7.48
8.21
7.14
8.85
8.62
-15.32
10.05
3.08
12.98
14.97
9.2
4.43
10.2
10.66
10.33
6.86
15.53
10.28
5.64
6.45
10.11
12.87
12.46
6.81
6.51
10.28
10.87
4.74
11.34
12.62
14.45
14.51
10.27
10.3
14.98
8.13
14.45
12.32
7.67
12.12
12.4
11.79
10.05
5.02
4.47
2.98
14.34
16.91
12.7
-2.92
4.83
4.22
10.83
12.13
5.03
7.27
5.14
4.77
-3.64
7.6
12.75
8.77
10.02
6.68
5.92
4.42
-0.78
9.06
12.27
13.56
11.44
6.79
9.76
1.19
11.99
15.42
12.23
1.73
-7.91
6.48
11.13
13.02
14.8
14.5
13.32
14.94
15.32
13.01
14.5
11.23
7.63
11.69
13.73
13.12
6.11
6.11
12.21
12.86
9.66
7.27
2.69
10.83
9.08
5.81
5.7
2.08
10.58
8.65
-8.47
6.2
13.43
11.39
6.49
13.54
13.52
2.69
6.52
8.17
13.98
11.12
7.49
9.42
10.95
11.56
13.58
9.41
5.72
7.22
5.97
1.24
10.49
14.44
15.4
13.42
5.65
6.4
9.82
13.34
1.11
13.72
16.82
12.66
8.78
-5.64
7.86
10.34
11.23
9.77
10.52
5.81
-1.24
8.37
11.23
11.97
6.97
6.82
12.01
7.23
5.5
8
13.05
9.18
-15.61
-2.46
9.36
13.16
13.18
11.79
14.28
7.5
-4.97
8.31
14.93
13.16
9.15
10.89
4.98
11.95
17.23
15.31
9.17
6.78
3.1
-4.43
2.66
4.6
0.97
12.99
15.32
1.98
14.69
17.57
15.41
6.46
6.65
11.57
13.43
12.5
6.58
10.52
10.49
0.69
-2.4
7.28
5.18
7.85
12.9
12.48
11.12
10.82
9.52
5.3
11.74
12.96
12.24
7.56
4.82
6.86
-0.31
-1.53
4.42
5.81
5.48
5.91
0.62
10.92
6.74
9.77
14.47
13.5
13.24
7.74
-0.57
7.48
13.38
13.44
6.53
-5.24
11.29
12.49
10.71
7.65
-6.83
-8.57
8.06
11.14
4.63
-3.32
5.9
9.06
10.04
12.72
8.33
-0.45
11.22
15.28
12.37
3.53
0.89
0.16
0.66
8.09
23.79
25.93
13.11
20.92
16.72
11.63
9.67
11.37
16.25
20.65
25.41
26.17
22.09
13.52
18.12
18.5
19.2
20.15
19.95
16.3
12.99
14.73
13.4
21.24
22.92
24.77
25.03
23.75
21.63
14.79
13.61
15.35
14.51
17.36
20.81
21.82
18.76
25.83
27.22
22.67
11.78
11.68
21.19
23.01
21.88
22.05
16.66
18.43
17.74
20.2
18.87
12.29
21.25
12.98
24.98
23.23
20.08
20.97
9.83
18.94
21.2
21.82
22.01
18.92
9.21
17.79
21.38
19.85
14.37
20.43
18.99
11.1
8.56
14.3
20.99
19.18
-2.9
-3.19
20.94
25.13
25.61
21.33
18.81
24.82
27.03
24.82
23.05
19.88
12.83
19.22
22.91
24.68
22.02
19.59
27.77
28.44
21.73
12.84
16.44
9.94
13.17
20.53
23.55
21.35
17.9
19.31
20.54
21.97
16.97
4.69
11.82
11.35
17.2
20.93
14.17
17.3
18.56
14.89
21.07
28.27
29.42
28.92
26.22
8.86
21.82
27.46
23.52
12.11
13.29
12.56
19.17
23.05
24.44
22.6
24.08
25.84
19.96
14.71
13.9
16.81
17.25
17.02
17.61
24.97
27.61
24.92
2.54
27.21
33.04
32.26
22.74
1.9
16.36
16.96
19.99
21.3
10.79
19.86
24.95
27.2
25.86
15.25
11.53
19.21
23.17
19.04
16.03
9.1
19.61
13.49
19.44
25.85
27.95
26.57
22.86
25.68
27.72
28.6
24.97
10.02
21.02
24.8
17.76
19.39
25.4
24.67
18.87
24.49
29.7
27.93
24.16
21.11
22.7
15.6
14.4
21.95
20.46
21.1
22.39
25.58
28.97
27.83
23.01
15.83
18.94
16.2
27.43
25.15
13.72
13.76
16.54
12.98
24.68
26.35
27.86
30.27
31.1
29.75
25.76
26.02
28.17
24.96
9.46
21.92
23
23.51
20.62
14.01
6.74
17.13
18.72
18
18.22
8.79
10.05
11.55
12
23.1
26.1
24.66
21.66
21.16
20.05
18.97
18.18
18.66
12.58
16.16
12.59
21.97
26.47
26.11
15.8
11.28
9.47
12.93
17.64
20.56
14.73
14.88
22.92
20.46
25.14
24.14
20.66
19.15
21.48
22.18
12.3
23.54
24.22
18.95
9.93
21.78
27.52
23.66
18.27
17.45
17.06
19.2
18.64
17.75
18.69
13.44
17.6
24.48
21.09
17.42
15.78
10.59
20.89
24.35
20.36
16.39
10.91
3.31
19.5
21.61
21.11
22.52
17.47
20.76
20.64
20.78
22.56
14.61
16.51
20.43
14.36
16.39
12.74
16.08
15.97
10.3
21.54
20.84
13.59
10.29
4.65
17.4
17.94
12.43
12.63
17.22
11.21
7.12
14.45
15.7
15.69
20.64
16.54
17.41
22.35
21.48
18.08
12.81
11.15
12.64
9.99
10.98
16.88
19.94
19.69
15.75
12.07
4.52
9.71
7.74
18.56
17.76
11.8
17.85
17.12
8.58
18.25
19.51
8.68
-0.95
-5.61
5.42
10.28
14.08
12.78
13.85
17.01
16.56
12.99
13.71
16.85
15.76
10.66
0.88
7.92
13.9
12.16
9.58
4.83
12.22
14.58
11.65
8.47
2.76
3.38
5.78
-11.06
10.24
8.05
-2.63
10.46
13.33
9.97
6.81
10.61
12.66
11.45
15.13
14.05
-6.25
8.18
6.44
22.19
22.21
20.55
14.09
21.07
19.65
22.85
13.77
16.61
15.55
17.9
25.18
26.28
22.19
20.64
13.64
11.86
7.93
24.03
26.46
22.86
24.19
23.38
20.29
20.15
20.37
19.83
12.08
19.08
24.77
24.96
9.88
21.23
18.6
27.51
27.68
16.19
24.57
27.61
23.64
15.47
23.24
27.38
24.43
22.81
23.44
21.31
20.86
23.39
27
27.27
26.86
25.32
14.26
21.48
15.19
17.64
15.48
22.51
26.15
27.75
28.01
28.96
27.69
22.88
14.95
16.13
12.62
17.46
24.68
27.04
26.03
23.9
22.37
18.98
16.68
15.72
25.26
26.45
26.59
29.08
31.82
30.43
23.26
10.87
14.84
16.96
22.19
28.19
28.81
28
24.54
15.18
19.25
19.09
20.41
26.91
25.85
22.7
17.44
22.34
18.95
20.74
26.27
24.87
17.3
18.02
17.43
16.68
26.46
22.57
11.18
22.27
26.17
27.86
23.2
16.78
25.09
21.97
8.46
18.84
27.81
30.05
25.26
23.68
22.07
8.23
10.18
14.86
23.79
26.12
25.87
24.06
17.77
22.43
24.88
21.53
3.13
20.46
23.59
19.33
22.22
26.87
28.08
28.64
24.59
8.13
20.4
21.56
21.27
14.89
21.86
26.27
24.04
9.61
22.45
24.68
16.76
15.73
20.29
24.92
28.39
22.41
22.16
24.5
18.15
18.26
15.52
11.6
12.84
9.61
6.43
16.49
10.35
19.63
23.1
19.29
6.15
10.08
9.66
16.08
5.12
17.3
24.42
27.37
26.76
20.36
11.8
7.28
19.26
21.6
22.17
27.11
26.32
25.75
25.48
6.44
18.78
17.13
19.52
21.04
22.9
25.45
21.06
15.41
22.52
24.82
23.3
21.83
26.92
24.9
14.51
17.98
19.45
21.28
19
18.44
22.86
21.54
19.21
11.35
22.14
25.5
28.84
29.21
20.44
21.06
20.06
21.61
21.79
20.34
28.65
27.41
20.01
16.64
17.39
21.04
25.39
29.21
25.25
21.73
27.96
26.34
26.5
23.07
19.17
23.51
19.62
17.86
17.07
18.7
23.12
22.14
14.64
20.23
12.76
20.02
19.5
19.3
20.73
21.68
20.42
22.66
27.09
27.1
19.37
22.78
26.64
26.15
16.45
17
23.35
24.95
20.31
22.41
25.12
22.78
21.45
19.01
19.35
16.44
18.51
23.92
23.05
23.02
24.73
17.84
15.85
14.44
18.41
20.54
23.46
27.37
25.28
19.04
16.54
17.69
18.34
17.78
20.22
21.11
14.15
9.09
21.56
24.89
23.08
20.2
17.72
16.87
22.06
23.48
10.83
22.01
18.5
1.97
3.52
14.96
19.16
19.28
10.4
6.82
13
21.65
25.76
24.83
18.37
17.27
16.22
16.87
13.99
8.33
7.97
16.66
19.59
20.9
19.47
3.38
15.34
17.28
12.9
14.61
12.41
16.49
14.11
10.8
20.66
21.14
18.38
19.31
18.72
16.2
18.18
19.62
14.74
21.45
21.47
11.22
19.27
16.6
17.93
22.62
24.13
23.9
19.58
14.32
22.05
22.8
20.45
20.36
22.88
20.73
18.22
18
21.51
4.95
19.74
20.32
23.47
24.33
19.16
12.8
7.79
8.43
14.41
16.65
15.27
14.92
12.41
6.93
12.97
16.65
23.75
24.45
24.71
25.24
22.13
12.31
21.22
19.24
23.43
18.88
24
22.43
19.36
9.81
18.96
26.01
26.18
18.87
9.78
10.13
17.79
18.96
20.48
15.54
12.11
20.79
18.65
20.81
23.51
18.51
19.27
25.55
23.72
16.28
23.17
24.45
19.89
19.66
7.85
17.98
23
19.87
11.85
13.49
22.3
19.39
13.26
17.09
21.69
23.04
21.4
21.28
21.5
19.96
18.58
27.63
26.33
22.05
20.15
15.25
6.9
9.75
17.13
11.74
15.62
20.82
22.31
26.97
26.41
22.44
26.36
22.68
13.96
19.02
20
23.98
25.58
25.32
19.45
19.78
21.13
17.28
19.15
20.13
12.26
9.34
2.34
17.97
18.43
18.95
13.96
18.32
18.65
13.29
17.89
19.35
12.21
19.72
25.06
18.47
19.06
22.43
22.54
16.86
14.22
10.91
16.44
10.72
26.02
25.21
11.73
20.91
6.13
16.33
0.53
17.09
15.7
21.24
24.9
15.41
22.38
28.03
27.06
22.76
22.01
26.69
23.12
18.56
13.32
9.17
13.34
24.07
24.23
6.25
17.49
23.15
19.57
21.08
25.21
8.24
27.46
33.18
33.42
30.69
26.44
20.35
21.52
23.64
21.87
21.35
15.75
19.38
23.86
18.43
23.53
20.94
17.7
17.04
22.61
23.03
22.52
30.24
32.34
28.52
24.95
24.71
21.02
24.27
28.06
26.68
21.96
18.43
18.82
15.41
18.31
18.04
4.5
8.31
9.61
21.47
25.99
24.17
15.82
17.73
18.17
19.62
34.91
43.49
43.17
32.71
11.88
12.99
9.98
21.79
26.22
27.84
28.22
21.38
26.51
23.13
14.33
18.9
23.57
19.52
23.02
26.2
25.74
23.58
24.05
24.29
22.26
22.84
25.51
24.09
13.01
38.83
46.06
43.98
33.02
22.73
19.36
13.89
4.15
22.34
26.42
27.15
27.33
26.21
22.43
16.23
21.81
25.7
25.22
22.35
19.99
25.63
27.17
25.17
22.5
21.3
25.85
26.7
23.38
17.6
8.17
16.88
18.27
15.93
21.71
20.79
16.33
8.71
22.06
20.93
21.98
25.43
25.26
20.27
17.9
16.78
19.33
18.72
26.06
22.75
15.24
23.17
24.9
42.12
44.29
36.42
20.08
25.25
24.57
14.58
26.86
31.33
27.35
22.48
20.16
29.78
35.89
32.19
22.83
22.94
20.02
23.39
23.81
17.67
15.86
19.54
27.92
30.81
27.28
16.76
25.46
25.82
30.78
42.48
45.71
40.84
29.42
22.97
15.3
26.16
29.01
26.37
20.16
14.19
20.6
24.7
19.88
22.44
15.61
14.79
3.01
18.41
24.9
24.13
13.35
21.02
22.35
8.57
22.73
25.46
20.41
6.49
10.98
20.14
19.66
21.15
26.14
27.94
27.28
19.94
19.98
19.49
18.58
18.79
16.18
20.96
14.77
15.18
15.68
27.41
28.92
22.42
15.35
14.59
14.72
34.64
42.21
40.86
30.7
9.92
-2.53
21.95
30.16
31.32
29.41
27.02
25.13
22.28
19.21
25.96
26.2
24.43
23.05
23.71
28.02
26.74
25.21
26.13
23.72
20.5
22.19
21.47
20.4
21.86
23.86
24.92
21.48
17.3
20.69
28.58
27.44
18.27
13.61
11.89
6.44
20.06
22.36
19.87
19.42
26.71
29.04
26.31
19.5
5.83
17.29
20.54
17.54
21.25
23.54
19.81
18.84
21.75
25.3
25.59
26.21
11.47
22.98
28.57
24.63
23.42
26.79
18.1
27.76
27.01
17.65
23.62
23.77
12.13
30.29
33.27
32.81
31.05
29.68
27.36
18.57
18.48
22.27
26.27
34.95
30.83
24.76
30.61
33.59
31.25
21.67
31.61
39.01
37.69
30.05
27.57
28.65
24.67
22.02
24.18
23.96
24.21
24.57
27.79
34.83
34.67
17.15
27.06
19.83
20.3
24.99
26.64
23.31
27.75
34.13
31.1
17.06
20.7
8.17
19.73
18.06
18.51
28.16
27.96
26.58
24.59
20.41
13.45
21.83
25.43
21.44
26.17
29.22
25.37
27.95
23.77
18.07
17.47
25.55
28.03
27.37
34.1
35.23
28.11
28.79
31.59
28.68
24.1
25.34
16.37
40.89
45
39.15
20.46
20.71
22.96
5.84
22.95
25.61
26.1
40.14
48.83
47.79
38.3
28.18
29.43
31.33
29.43
22.36
21.94
28.28
26.63
15.57
31.5
34.88
34.59
30.08
22.08
17.68
14.85
26.98
31.43
29.14
26.35
18.79
24.05
32.79
34.02
33.37
34.11
33.93
31.37
30.07
28.6
21.52
22.72
24.6
21.96
24.01
28.07
28.28
26.8
28.59
32.35
32.74
29.65
23.89
23.49
23.14
29.22
30.19
29.87
30.47
27.79
22.63
24.59
33.63
34.23
29.6
26.14
26.04
20.04
11.29
18.33
28.57
30.83
32.43
34.24
31.52
26.51
25.18
31.06
33.45
31.79
30.86
31.61
31.48
25.99
15.09
9.71
15.38
14.1
17.84
18.6
25.13
25.28
24.94
23.9
21.46
23.57
10.12
23.04
26.79
26.51
32.17
33.02
26.2
27.58
24.64
22.2
26.36
24.87
23.1
25.44
27.5
26.26
25.18
27.2
25.34
17.15
22.63
31.38
30.72
23.67
20.53
23.02
26.35
29.2
26.57
21.46
22.33
21.48
23.46
28.23
26.39
20.03
30.3
30.76
23.42
22.81
27.08
27.72
23.98
17.22
20.75
27.14
27.97
28.05
30.01
28.92
28.95
30.48
31.54
32.08
30.46
28.93
30.9
32.29
29.27
23.61
23.81
18.94
19.87
20.23
19.83
20.29
22.67
10.08
26.78
32.35
30.09
24.56
22.54
27.75
31.22
29.51
25.07
24.11
13.01
21.27
23.81
23.58
21.76
23.52
20.86
18.59
14.11
25.28
24.34
16.57
15
22.41
22.35
18.92
14.53
18.31
20.14
24.34
19.45
12.52
19.93
27.34
29.08
30.29
29.16
22.25
20.6
16.5
23
26
21.61
12.4
17.56
19.81
19.1
17.55
19.42
25.49
23.54
21.16
25.39
15.07
14.27
19.54
19.44
19.82
20.83
16.39
7.19
13.7
20.16
23.3
25.08
21.26
17.72
25.91
23.99
-2.63
21.77
23.4
11.64
15.28
21.97
22.88
22.2
23.49
15.21
19.61
19.52
-9.39
19.32
19.38
18.77
17.04
26.7
29.26
27.4
21.88
17.12
20.57
17.31
21.98
15.62
23.07
24.23
20.93
9.22
17.73
20.57
10.78
20.31
22.87
20.54
19.11
15.66
23.94
19.84
12.12
16.01
12.25
17.38
20.52
21.04
17.46
17.25
16.15
0.39
14.99
20.87
22.53
18.36
20.04
21.18
16.07
17.26
15.03
16.61
12.75
23.85
24.47
19.3
19.26
21.97
19.65
12.38
20.7
23.49
16.72
13.21
10.08
12.21
23.08
18.43
21.2
26.2
24.35
26.01
28.88
25.23
19.82
9.25
18.72
24.2
18.66
26.03
27.24
22.54
20.83
26.92
27.96
29.64
26.4
25.54
25.92
10.78
23.47
23.71
26.63
27.21
26.2
24.1
17.74
18.69
24.07
28.19
21.48
28.91
27.64
23.29
19.9
27.7
32.36
28.8
19.21
20.43
25.6
18.65
20.02
24.05
24.83
13.62
21.22
29.91
28.39
22.95
22.54
22.77
22.17
17.8
15.01
20.08
19.54
28.5
29.56
25.22
20.05
26.98
27.29
18.03
30.91
30.78
18.27
16.15
18.39
24.16
23.4
21.54
18.48
20.01
33.04
38.03
36.65
27.83
25.3
29.34
28.89
24.1
16.69
16.35
22.45
23.95
21.31
25.38
10.5
19.02
18.07
29.96
30.26
16.1
28.25
26.92
18.74
27.77
22.79
24.16
27.35
26.1
21.64
23.97
26.06
23.86
14.73
16.39
17.69
14.23
24.13
24.13
14.45
18.78
20.11
21.75
12.09
4.21
11.42
23.83
27.94
24.99
24.82
20.08
27.04
31.73
25.81
21.92
26.93
21.71
21.79
17.58
23.89
19.18
16.17
26.11
28.28
25.75
19.64
9.01
23.21
25.96
24.35
21.38
18.4
12.26
16.93
21.08
21.22
19.13
17.25
8.79
13.93
14.62
18.22
22.91
21.9
21.61
22.51
16.52
11.4
20.22
19.37
13.46
16.79
22
22.13
16.97
29.57
31.82
25.83
14.76
21.81
18.57
25.15
23.81
17.89
16.16
18.85
16.97
19.05
20.02
19.51
17.43
16.99
23.14
22.39
16.37
23.6
20.09
0.94
-11.07
13.61
11.9
6.74
8.91
22.89
25.76
24.72
23.34
23.02
21.12
22.31
23.54
17.61
9.39
19
24.77
22.47
22.9
24.09
20.43
15.63
19.15
20.78
18.58
20.37
10.29
20.61
4
24.13
22.18
12.68
12.51
13.75
18
15.49
23.06
23.16
21.82
20.89
24.1
21.68
23.14
27.37
25.15
15.69
14.43
12.49
14.13
20.75
25.73
24.98
12.96
10.26
17.28
14.85
18.45
20.94
18.49
13.71
15.95
17.91
18.87
7.68
15.46
12.83
17.12
16
11.07
20.02
22.22
22.17
22.48
19.92
24.69
22.17
12.63
11.9
9.75
6.68
14.99
13.22
12.86
12.26
13.61
18.99
20.69
7.17
19.84
23.75
20.92
16.66
21.8
22.84
15.72
18.36
15.76
17.4
18.58
7.29
16.95
11.07
13.26
18.45
21.19
16.06
13.69
12.47
16.93
20.99
20.77
19.49
15.89
14.46
13.31
12.9
15.78
17.91
16.08
19.55
21.59
23.81
26.71
28.57
27.08
22.74
22.22
21.21
12.4
17.07
20.4
19.23
24.28
22.99
18.53
12.13
12.58
21.18
22.58
24.16
23.2
18.22
20.9
22.49
21.58
21.08
20.65
14.38
12.18
21.69
19.77
14.73
18.16
20.58
23.54
18.09
10.31
15.52
16.85
12.33
14.09
15.86
22.7
22.88
19.06
19.34
19.53
21.36
21.3
23.29
22.65
18.09
20.45
17.6
12.07
2.88
17.01
19.89
11.03
18.11
18.77
15.79
-4.21
13.32
5.27
12.14
8.89
8.9
14.02
24.08
25.01
21.93
20.65
21.84
22.39
16.29
17.93
20.34
7.91
15.08
17.73
15.76
17.78
21.19
19.14
21.49
13.06
23.07
16.65
21.52
9.25
22.7
24.83
25.91
21.52
14.46
20.53
13.97
13.88
12.85
17.86
19.25
10.5
9.54
16.8
21.15
19.6
10.13
21.82
22.69
16.21
21.7
22.63
23.78
13.8
18.96
20.18
20.9
22.98
23.19
22.92
14.18
16.42
13.12
14.75
19.99
21.54
18.34
11.15
19.01
14.31
26.32
28
25.02
22.52
21.25
14.96
0.82
5.4
11.56
4.82
15.36
21.93
18.29
8.98
21.32
25.61
23.34
17.76
25
23.85
19.76
21.56
21.41
21.25
22.42
20.76
13.83
15.17
7.64
17.31
16.57
21.55
19.88
18.04
21.98
13.95
10.76
23.92
28.01
25.46
19.84
19.07
26.3
27.67
22.01
17.62
14.84
19.96
16.51
19.34
21.12
18.88
20.76
21.64
21.43
9.72
18.97
24.18
24.17
11.07
17.11
13.18
16.76
19.88
11.38
15.02
2.48
15.07
21.68
22.65
19.5
25.08
18.5
17.09
8.63
10.94
21.64
21.74
16.54
10.8
21.68
26.23
26.84
22.01
18.68
19.93
9.61
17.82
11.45
22.02
25.57
28.11
24.43
21.75
21.96
15.35
8.64
12.68
23.76
34.91
37.85
32.88
21.79
19.32
15.57
10.68
19.12
20.78
19.1
15.56
20.61
16.14
18.64
15.67
24.05
24.83
21.82
18.65
14.49
11.68
14.31
7.31
13.9
19.57
21.87
15.89
20.99
24.1
21.3
21.16
19.18
13.19
14.29
13.14
16.81
16.68
16.95
22.16
22.47
22.09
22.62
10.62
15.74
14.16
6.16
10.19
14.35
20.56
21.64
20.56
16.41
9.54
13.82
17.91
19.61
15.59
16.36
14.09
18.21
20.22
19.25
23.1
20.95
22.83
20.87
21.33
21.69
17.7
19.56
10.71
20.54
18.2
13.55
14.83
15.6
20.52
22.78
17.98
10.72
12.33
15.43
2.71
12.16
13.06
16.23
18.57
20.1
21.71
15.02
18.16
21.59
16.97
17.34
16.79
18.52
21.05
20.21
20.17
14.72
15.52
11.39
17.07
24.12
23.11
23.11
22.93
19.48
16.47
13.76
9.1
20.58
24.41
24.09
22.05
16.76
16.09
8.62
17.46
13.02
9.16
11.99
16.71
16.82
20.97
20.03
9.67
19.98
21.6
15.89
15.77
22.03
23.13
18.45
12.1
19.27
14.6
15.88
17.33
13.43
11.67
19.42
21.39
15.44
11.51
4.68
12.15
20.79
18.31
16.4
16.52
18.25
15.04
17.25
16.96
12.73
8.3
12.72
21.07
23.77
18.4
3.42
16.96
21.93
16
1.59
16.38
20.71
20.51
17.29
9
16.62
20.91
23.62
22.55
12.47
14.2
0.8
8.09
6.58
15.69
16.2
3.16
17.86
21.2
23.79
24.51
20.71
8.46
10.91
18.86
16.93
12.27
16.75
17.56
16.24
19.82
13.12
15.02
15.43
17.77
16.96
19.57
23.67
21.57
18.83
20.32
14.32
8.78
3.42
10.38
15.3
14.48
16.36
10.94
15.03
7.11
15
20.1
22.9
22.91
18.37
12.48
12.42
13.75
11.99
16.29
17.32
3.41
14.31
16.89
13.23
3.56
13.59
20.42
22.36
20.81
-0.39
19.42
18.22
17.57
18.87
14.13
16.15
17.84
12.29
9.35
17.06
18.36
20.01
19.81
17.78
13.43
11.27
12.51
14.57
16.71
17.29
16.04
5.46
5.67
3.93
8.79
3.97
8.82
10.62
4.91
16.56
20.31
13.71
10.19
14.83
2.92
16.13
18.23
12.09
-5.62
10.49
15.6
15.32
14.71
15.53
14.61
11.16
16.52
16.95
15.85
15.04
15.24
16.87
19.03
15.43
6.87
10.69
10.46
13.82
19.8
21.29
20.13
11.4
15.91
16.16
22.27
23.66
18.58
13.04
11.36
12.94
6.86
15.07
16.08
15.34
14.55
12.26
5.98
9.73
14.33
18
20.18
16.8
10.08
15.77
18.91
14.9
13.9
19.55
21.26
22.08
20.51
10.93
17.41
17.07
8.1
9.92
12.67
12.18
13.08
10.68
8.96
8.96
7.45
5.11
10.41
6.93
7.38
12.55
13.65
16.15
14.37
11.47
3.92
7.02
-8.93
12.65
15.85
12.75
10.51
16.4
15.09
8.96
9.66
14.72
15.4
7.85
9.37
11.66
-1.46
12.97
-1.28
15.28
9.94
15.11
14.09
12.01
17.3
16.33
14.66
12.06
5.86
5.11
14.07
16.58
17.38
8.69
14.07
15.04
6.41
11.96
3.52
3.46
8.57
13.84
8.93
7.83
13.76
13.67
15.67
17.41
13.76
3.23
12.73
7.46
12.35
11.23
7.74
17.14
20.19
16.92
9.99
10.99
13.94
14.43
14.97
14.14
14.87
17.61
20.7
18.76
13.44
4.02
9.81
15.68
16.62
17.33
16.03
12.24
18.82
16.43
14.29
11.31
7.38
6.92
15.38
14.21
15.51
12.6
4.09
9.6
15.36
15.21
10.74
17.06
12.18
12.94
17.07
15.11
17.56
11.09
4.45
11.26
14.59
14.88
13.31
14.7
16.16
12.38
11.12
14.6
16.81
15.44
0.65
6.1
4.28
13.26
17.28
13.72
16.58
19.43
17.54
16.21
14.6
17.86
14.5
14.92
17.01
11.09
14.48
12.62
9.99
12.19
11.84
14.82
18.27
14.86
8.3
9.09
14.61
17.88
18.7
18.57
17.43
9.6
15
16.15
12.38
11.82
16.68
21.01
21.08
16.53
16.06
20.48
21.73
14.62
6.98
11.29
13.69
12.64
4.45
16.11
19.25
14.74
11.51
13.13
20.32
23.51
20.17
14.38
16.75
19.48
17.74
14.03
9.92
14.49
17.57
4.84
10.06
12.75
11.82
-4.87
14.73
10.4
16.21
19.99
20.69
18.31
12.85
12.12
15.76
14.39
17.98
16.65
6.42
-13.07
7.8
10.75
13.85
18.22
17.96
14.06
15.04
15.67
13.64
16.56
16.83
12.74
11.57
11.99
14.23
15.44
-16.02
13.88
14.19
8.53
13.49
15.84
16.63
8.26
19.95
21.74
15.4
18.45
21.78
17.88
17.83
14.26
19.48
16.15
12.17
14.23
17.12
11.17
11.42
17.97
12.97
15.07
17.5
16.29
8.58
19.66
21.21
14.69
-0.57
6.49
15.98
16.94
11.24
4.35
9.57
16.3
18.51
13.4
4.22
11.8
15.83
19.93
21.11
17.06
8.93
10.62
18.98
22.27
19.45
13.88
10.76
6.76
14.27
17.83
19.75
16.5
14.31
13.71
12.34
5.55
11.55
11.35
11.05
14.13
12.48
10.41
18.84
17.57
-1.29
12.61
11.99
10.7
7.94
8.54
7.38
4.06
11.9
9.09
3.58
13.21
15.13
14.17
6.16
1.4
0.45
9.44
17.01
20.39
20.02
18.82
19.31
8.69
14.79
8.14
11.83
12.62
12.84
15.28
10.51
11.57
19.06
21.04
21.02
17.62
11.38
19.46
20.57
17.35
8.93
10.14
14.47
13.02
10.14
8.66
7.93
4.64
4.38
10.86
12.68
13.1
15.98
15.8
18.56
16.26
4.88
10.72
13.73
18.86
20.95
16.09
-3.48
16.7
16.48
12.04
15.98
17.43
21.27
21.38
18.42
15.5
7.63
6.76
17.36
19.07
17.03
17.2
15.67
8.86
10.11
15.52
14.22
13.33
8.14
12.9
19.25
18.36
9.72
10.81
21.29
23.77
22.22
17.73
13.66
13.78
10.04
8.67
8.74
15.55
18.97
19.97
11.98
13.19
12.2
16.92
20.92
22.39
19.22
5.62
17.7
17.18
6.03
20.1
20.01
16.74
15.35
20.82
21.86
16.01
15.47
12.52
20.19
12.24
8.32
11.72
21.89
22.34
17.93
11.31
16.02
19.74
17.65
6.83
12.04
16.75
17.06
8.48
1.78
18.52
25.84
25.47
19.68
10.96
11.05
19.34
23.15
19.66
16.56
21.18
19.3
14.04
8.11
15.84
13.67
12.59
17.02
13.74
13.68
15.32
18.35
21.56
20.97
17.05
14.09
16.72
14.3
17.85
20.58
20.13
17.08
16.04
5.36
12.65
14.41
9.01
13.86
-0.63
14.1
7.1
17.6
21.74
16.77
8.53
9.7
11.16
15.25
21.06
22.77
20.56
18.1
17.62
18.75
21.98
20.61
13.4
8.43
10.45
16.45
17.51
21.49
24.27
21.29
19.62
22.06
15.31
14.49
20.58
22.02
21.98
17.76
12.76
7.58
14.99
11.52
-5.25
-2.43
5.33
12.95
14.55
14.26
13.18
12.6
12.81
11.3
15.59
5.32
17.29
22.22
20.36
15.88
13.69
15.28
22.24
24.91
24.52
22.47
19.41
17.43
17.52
19.19
12.63
15.58
20.34
20.84
17.96
10.67
7.02
5.95
13.9
16.55
15.11
11.61
9.38
6.38
10.97
15.66
14.48
9.64
11.71
19.53
21.73
19.22
19.26
20.58
21.42
21.29
17.99
11.99
10.73
2.46
14.11
14.2
5.89
13.76
17.55
18.55
20.43
20.99
20.37
23.09
23.45
18.7
15.66
19.54
21.84
20.05
13.31
16.95
17.93
12.05
4.44
14.51
18.59
19.08
19.75
16.99
15.2
13.48
12.74
14.06
18.39
18.32
15.05
23.16
23.62
21.6
23.61
24.32
21.44
15.3
15.64
19.7
21.47
21.03
14.78
15.32
21.15
17.48
11.13
16.49
17.71
12.08
13.05
14.53
12.07
22.99
23.31
20.59
14.65
10.09
15.51
6.64
15.33
19.25
17.86
19.67
17.33
14.35
18.05
20.48
21.39
17.41
15.34
14.32
8.83
18.14
21.79
20.03
11.01
12.77
17.33
16.4
18.79
22.14
22.39
21.41
19.8
21.28
18.88
17.46
21.59
19.39
19.04
14.48
8.6
12.44
18.6
21.6
19.8
16.91
19.35
15.94
12.32
11.5
5.82
17.71
20.11
21.15
16.94
16.82
22.5
20.84
20.92
18.62
16.28
19.49
21.24
20.87
20.83
20.49
16.49
14.17
21.17
22.73
22.18
18.55
16.18
17.12
18.21
20.82
22.72
22.25
19.15
15.62
4.52
15.65
15.48
7.99
11.95
19.36
21.23
18.39
15.74
18.88
22.94
25.16
24.59
19.77
13.01
18.47
20.48
16.57
14.08
0.34
14.54
17.34
16.62
14.46
13.9
15.58
14.81
12.21
8.76
9.68
12.99
17.98
12.27
18.55
20.51
19.36
16.84
13.85
12.65
15.54
16.75
14.16
9.84
6.92
16.56
19.39
18.49
11.42
-0.36
11.58
17.61
18.7
11.46
15.71
20.04
19.35
14.93
21.11
19.71
4.09
11.6
4.39
11.74
0.97
12.76
13.24
14.97
17.12
18.78
17.03
16.16
19.39
16.15
10.67
9.23
16.29
16.4
17.16
6.13
16.44
21.62
22.99
18.72
17.82
20.91
16.47
9.78
12.31
9.19
6.28
17.03
17.64
15.47
18.95
10.15
11.17
17.22
22.01
21.61
14.75
9.87
15.82
17.77
10.94
17.27
14.55
15.65
12.08
16.99
19.73
18.59
6.58
15.04
16.6
15.61
17.28
11.71
16.95
15.05
10.35
15.33
21.18
22.77
15.54
7.28
10.37
13.43
20.58
20.72
13.71
-2.05
7.39
5.46
15.77
18.89
16.37
13.81
10.76
15.18
19.55
15.83
15.1
6.55
18.28
21.22
19.36
16.03
15.51
15.5
14.89
16.8
18.91
19.73
19.04
14.11
13.48
0.61
5.94
8.09
8.29
13.9
16.64
15.13
8.07
8.13
8.56
9.62
-6.33
14.77
16.13
10.51
12.86
14.32
10.44
6.54
12.81
16.67
16.26
7.85
8.75
13.56
12
9.2
14.6
19.06
17.1
8.76
11.85
14.79
14.19
18.78
18.62
15.18
13.34
11.43
11.67
13.5
13.86
14.38
12.74
12.86
17.07
20.03
21.86
19.52
14.13
12.04
16.1
17.71
15.51
7.35
9.89
16.17
17.16
8.18
-2
7.48
-0.23
17.49
15.34
-3.87
11.09
16.18
12.49
9.03
9.18
5.97
-0.37
6.25
-0.9
14.16
18.24
17.25
21.28
19.09
11.97
7.02
11.19
4.95
16.08
20.23
18.21
18.18
17.57
13.22
14.34
18.62
17.08
14.77
9.29
9.62
9.04
-2.44
10
18.76
19.38
15.91
12.5
14.15
14.93
10.07
8.86
13.37
12.78
10.6
5.85
15.44
18.47
17.71
18.42
18.72
13.66
4
0.73
15.49
20.39
16.09
13.61
13.82
8.92
1.73
1.74
12.68
12.49
9.75
7.31
15.13
9.82
9.18
18.13
19.63
13.13
0.39
4.52
18.52
19.32
15.48
0.37
13.9
9.44
9.9
12.39
7.13
11.88
17.78
5.17
2.5
13.77
15.88
18.34
14.29
11.56
16.73
17.94
22.68
23.26
19.25
12.89
8.06
10.26
14.25
18.18
19.55
15.83
11.32
12.95
8.1
11.42
1.19
16.56
16.14
10.23
9.97
10.53
12.82
0.92
15.99
18.42
21.06
18.97
14.12
16.82
14.12
10.11
9.53
12.38
14.18
20.26
6.1
19.87
18.99
12.94
18.68
20.65
16.1
9.46
6
10.57
17.46
17.54
14.29
14.68
16.84
9.71
14.7
21.32
20.24
18.96
22.07
18.59
5.46
11.69
14.68
10.02
20.31
16.75
7.65
15.51
12.27
11.79
19.44
17.53
15.14
14.58
12.7
15.65
18.06
16.1
12.89
15.49
12.49
13.1
16.36
12.46
2.37
7.3
13.02
15.47
17.44
19.78
21.44
16.82
-1.42
9.6
13.93
12.21
10.9
7.81
10.68
13.66
12.24
9.47
18.01
21.2
19.19
15.51
1.88
14.12
10.67
8.25
3.81
-2
10.55
14.15
13.54
13.58
11.21
10.34
12.47
9
3.11
2.82
-3.02
6.57
12.94
12.8
-6.19
10.7
13.44
0.13
14.81
14.05
7.17
5.91
15.83
17.93
14.72
6.47
10.15
11.82
11.46
1.73
11.19
16.55
14.12
7.63
14.47
16
14.14
9.68
-0.25
10.88
14.01
16.57
7.31
10.41
8.19
9.58
14.73
16.79
16.88
13.43
8.5
-5.46
6.27
16.54
20.08
16.81
6.75
3.07
15.48
17.81
13.61
-3.42
8.81
12.76
13.66
7.26
13.54
9.64
1.74
14.06
16.37
10.39
2.82
11.95
14.72
16.5
16.73
14.66
13.93
17.06
18.28
16.04
9.39
6.94
14.74
11.24
-5.22
6.07
9.67
14.1
11.82
8.91
10.71
8.14
3.11
5.46
10.5
12.44
17.23
18.52
15.85
7.31
-1.2
4.54
6.4
3.57
13.08
13.17
8.95
10.11
7.17
11.71
13.65
13.16
10.13
4.56
11
6.18
6.51
9.53
7.49
2.43
9.86
13.58
14.54
18.25
15.61
11.29
15.08
15.11
8.23
11.8
11.16
9.11
13.25
12.04
7.62
17.34
18.28
16.79
12.66
9.24
7.17
4.88
12.22
12.34
11.17
13.82
9.69
8.61
16.71
16.51
17.02
19.11
20.9
20.28
16.44
12.35
1.79
9.5
10.42
12.36
10.6
10.73
11.44
0.33
13.5
15.33
15.74
10.52
5.54
2.21
7.28
10.75
15.18
3.55
13.18
16.64
10.8
-15.16
6.89
12.18
10.99
15
17.21
10.63
1.93
10.75
13.92
12.57
11.79
13.32
15.72
16.95
17.99
17.8
17.13
17.76
16.17
13.07
7.57
6.78
16.33
20.07
16.17
7.32
6.84
-4.17
10.46
12.7
8.08
11.28
12.7
14.28
13.02
-23.11
15.67
16.22
10.47
13.77
14.52
15.13
16.22
13.94
3.4
12.02
15.79
9.44
4.1
12.58
13.05
11.55
7.82
13.59
11.79
13.95
15.7
16.07
12.77
14.74
17.47
13.38
2.36
7.95
10.93
17.54
16.57
12.67
10.92
10.31
5
14.85
15.76
10.88
9.33
12.07
12.15
11.3
13.67
13.18
12.25
13.94
13.16
7.71
12.61
12.54
3.9
11.27
12.91
13.48
14.5
12.91
-6.84
9.09
3.74
-0.21
-9.31
7.19
6.48
9.95
9.38
14.64
11.53
9.07
16.08
15.26
5.59
8.74
14.37
14.07
13.51
11.79
7.13
13.21
14.3
13.24
9.5
10.38
17.15
15.68
12.05
1.56
13.65
12.03
4.06
3.25
6.78
9.82
6.16
7.77
15.95
15.97
9.54
6.21
8.66
13.87
13.18
8.14
9.67
10.37
17.49
12.99
3.25
14.42
13.25
4.33
14.83
11.82
8.36
7.98
12.19
13.4
12.53
6.34
9.45
14.67
11.71
12.75
15.24
11.64
1.82
9.1
12.87
13.99
14.72
15.22
12.95
9.49
12.86
13.9
8.66
-2.12
7.33
14.53
15.87
13.13
3.24
5.72
11.67
13.05
14.37
12.47
4.44
-0.21
2.23
15.28
16.97
14.68
15.36
14.42
13.56
14.46
14.03
7.2
-1.66
8.69
12.57
12.04
10.37
2.38
-4.68
7.18
-5.53
6.86
0.09
2.54
8.24
3.43
12.01
17.02
16.53
13.05
7.38
8.57
15.84
15.45
13.92
9.51
12.69
18.67
17.85
12.9
2.61
10.28
13.91
14.94
12.88
13.89
11.14
10.31
6.03
4.51
8.88
10.53
-1.82
3.64
13.13
15.71
15.27
11.01
10.86
11.09
5.47
8.25
10.84
13.83
9.91
3.5
11.04
7.91
11.1
10.59
9.95
6.54
-0.88
6.87
11.23
2.53
7.39
14.08
16.13
16.26
13.31
7.51
4.64
4.17
0.96
5.75
4.5
11.3
13.84
11.78
11.13
3.06
-6.35
9.49
15.42
17.18
15.51
15.47
18.13
16.38
12.2
5.95
9.45
14.89
18.54
15.81
12.7
18.06
21.84
21.82
16.39
11.25
12.19
11.15
9.2
10.78
6.33
14.42
11.84
10.78
2.48
11.42
12.16
13.89
17.3
13.92
6.04
3.57
8.25
12.99
12.54
11.25
13.91
12.47
10.38
11.35
3.83
14.35
15.31
13.04
13.92
13.54
7.01
2.14
1.67
15.14
20.52
18.67
13.62
12.97
12.64
12.82
16.7
12.03
9.77
-1.18
11.84
9.42
5.74
9.36
9.96
12.84
16.15
8.58
5.35
16.62
20.8
20.15
17.73
12.85
1.53
4.95
-1.13
13.78
16.24
11.01
11.33
13.98
17.49
18.44
16.79
13.09
4.65
14.73
18.4
16.64
11.1
11.95
12.58
16.03
19.67
18.36
13.3
10.56
9.41
9.19
15.38
14.39
11.4
14.5
14.08
15.65
19.19
12.72
14.08
20.47
20.26
17.61
18.77
14.36
9.1
9.59
10.95
-1.43
13.14
9.86
14.01
12.56
11.35
10.17
14.88
11.38
11.59
12.71
8.69
9.07
-29.84
8.46
9.51
-4.28
-0.2
14.02
17.14
17.05
15.94
12.55
15.72
18.87
13.18
10.63
16.3
15.99
17.05
14.72
10.71
15.04
18.77
14.86
11.1
16.77
17.63
7.24
15.49
12.3
12.54
11.42
10.5
5.69
-11.74
11.86
12.94
4.31
16.74
14.16
5.71
7.74
17.11
17.03
14.83
13.51
14.17
19.35
21.15
17.8
12.42
11.29
13.81
11.29
15.89
15.55
17.38
20.24
18.95
9.68
10.42
13.02
6.35
11.08
13.25
11.81
14.71
16.89
10.33
7.87
18.74
21.32
18.32
13.07
12.83
7.28
9.19
9.56
13.98
14.08
19.19
17.35
14.89
15.13
12.51
13.84
14.64
16.44
18.43
20.04
19.12
15.62
5.86
3.2
9.41
4.54
16.42
17.11
13.78
9.3
-1.15
7.85
9.66
8.85
10.65
13.58
17.88
19.88
16.51
16.25
15.48
15.6
18.02
15.77
15.43
17.68
16.02
11.55
8.9
7.06
6.93
12.7
9.83
7.91
9.56
5.41
6.11
7.07
10.86
2.62
4.18
13.62
14.82
10.32
-2.36
11.92
16.01
14.4
6.51
4.37
5.76
8.73
2.81
13.19
19.47
16.8
13.47
16.51
15.88
14.98
15.51
18.76
18.42
14.32
8.97
8.07
2.06
9.97
12.63
2.08
1.71
10.46
13.3
15.8
15.53
12.8
12.57
16.54
17.61
6.77
13.98
14.2
13.82
20.05
21.14
18.01
18.63
19.52
12.53
17.18
21.96
21.24
17.1
15.78
14.78
18.55
21.76
19.96
16.33
17.1
19.64
19.76
16.23
15.65
12.2
12.27
12.53
9.43
9.03
13.18
12.8
15.83
15.8
6.48
8.95
13.49
8.41
13.22
15.89
17.78
7.39
7.36
-1.06
14.91
17.3
14.08
3.78
12.98
11.66
10.75
8.16
4.16
10.97
10.14
13.81
10.59
6.41
-5.75
4.39
10.05
10.67
12.63
7.25
-5.89
3.39
9.32
14.4
15.45
13.63
6.06
-0.43
1.89
3.18
0.55
9.8
6.35
5.46
14.61
11.06
4.68
3.58
2.75
8.29
14.08
12.32
-6.07
11.24
10.94
11.9
19.52
18.71
14.87
-7.35
11.02
10.8
4.27
8.69
14.11
17.08
13.03
9.96
15.77
12.8
10.04
14.06
12.29
9.26
9.79
8.33
6.87
10.06
12.58
9.23
6.71
6.42
-18.7
5.2
11.93
7.85
4.5
4.98
9.67
8.52
7.32
10.72
10.18
-3.5
7.75
11.5
7.05
7.56
5.35
-2.77
15.5
16.11
2.98
13.11
16.51
13.3
9.72
11.05
14.42
11.09
11.97
15.77
9.73
-1.34
7.22
5.65
9.94
13.41
17.57
17.39
10.33
15.82
20.46
17.4
16.01
15.22
7.79
7.19
9.59
9.27
1.92
9.75
16.36
15.52
9.16
2.14
8.83
13.31
5.39
-2.79
5.07
9.39
7.3
11.49
-6.66
11.58
11.82
9.48
14.16
9.61
7.96
12.32
13.06
8.36
13.38
10.8
5.3
10.28
13.53
16.18
16.87
14.93
14.11
10.27
12.84
15.01
9.54
9.67
10.19
12.22
13.63
14.21
12.76
10.92
8.09
14
9.74
1.32
3.25
13.18
12.21
6.13
9.6
-6.92
1.06
3.14
9.05
-2.42
-1.28
5.38
2.69
2.68
-7.68
3.5
9.41
11.22
12.78
14.35
13.32
12.18
12.62
3.43
-6.05
11.08
14.28
13.45
18.16
16.88
8
6.18
-8.39
4.13
5.64
7.2
15.12
16.5
10
10.98
10.26
7.64
6.33
9.17
13.16
9.91
5.95
5.34
10.2
12.61
12.26
13.2
13.21
12.58
13.35
8.53
8.87
9.46
3.83
10.16
13.88
14.07
8.27
4.4
9.53
5.88
7.29
7.21
3.62
3.52
7.43
13.35
17.02
18.03
14.81
14.04
14.87
14
8.42
0.18
1.93
6.77
3.6
5.4
-3.45
4.1
-2.72
9.75
15.65
15.5
12.28
2.4
9.56
9.99
11.42
11.21
6.28
6.89
10.71
6.62
2.83
0.18
5.89
9
0.91
-1.22
12.66
12.95
16.36
13.04
5.62
16.86
17.62
4.47
14.1
18.02
11.99
-3.51
12.69
15.53
12.62
6.11
6.93
14.37
15.25
13.32
14.57
16.66
15.05
15.67
16.56
14.64
8.34
14.14
11.73
3.58
11.55
14.53
13.66
4.98
10.79
10.73
10.36
6.87
2.5
-10.7
9.45
3.38
8.87
1.35
5.53
5.16
7.64
11.13
13.65
8.28
-2.89
4.09
7.52
13.96
10.94
2.87
3.77
9.49
7.06
3.55
11.02
6.99
8.81
9.55
13.37
15.46
12.63
16.01
12.73
-4.4
12.85
16.49
15.01
10.92
-0.49
12.49
10.2
15.95
18.78
18.12
12.91
4.15
10.26
3.2
-1.96
3.48
6.18
-13.94
4
-0.07
4.22
10.47
13.08
13.1
14.16
16.4
16.46
15.63
12.89
-7.72
10.79
16.25
12.06
4.66
2.98
-5.14
2.35
7.55
8.45
6.94
12.75
15.06
8.59
0.94
9.4
9.78
15.15
18.81
17.09
8.3
1.95
7
-3.63
7.18
6.93
8.72
-1.69
2.84
-15.86
1.98
5.11
-9.22
9.81
7.15
-0.14
4.33
12.77
7.1
11.31
11.87
10.46
9.57
1.06
9.04
14.28
13.58
8.47
10.24
15.17
15.63
17.61
19.73
17.67
16.98
19.51
18.81
16.84
16.04
16.5
11.62
9.34
15.86
14.42
-1.46
7.35
12.07
13.2
14.48
18.52
15.76
17.09
15.55
8.66
15.88
15.47
13.81
11.82
10.29
7.14
10.22
13.55
10.24
-2.11
3.16
14.02
15.03
-2.32
8.7
2.61
6.09
9.71
10.81
10.84
10.81
11.09
-3.7
6
4.23
10.1
11.81
11.03
9.67
10.42
12.02
10.09
9.59
10.06
5.24
12.38
15.98
15.86
12.57
13.81
3.9
9.03
3.08
6.39
10.86
13.62
9.72
7.3
9.5
14.74
18.25
18.42
15.33
6.37
-3.08
7.81
12.16
14.07
14.28
11.02
6.09
4.21
15.15
17.24
13.06
10.25
15.51
16.39
12.57
16.09
19.19
17.39
14.45
7.59
11.98
12.75
6.68
13.82
13.96
14.49
14.63
12.49
8
12.06
19.35
19.53
15.93
10.22
-0.01
9.35
12.23
8.72
-1.15
4.45
6.45
3.15
7.47
12.22
8.53
7.48
10.04
9.93
9.25
11.91
2.34
5.28
-7.89
7.25
10.11
9.76
2.3
10.76
10.72
8.85
2.53
9.02
10.72
-1.36
9.81
9.53
8.48
-0.03
10.17
13.24
14.46
13.98
-3.37
11.59
16.54
17.58
15.69
15.75
15.47
14.85
17.47
18.11
13.77
5.91
9.75
10.96
-2.91
10.27
12.96
9.96
10.32
14.16
12.59
14.27
-0.34
8.59
8.38
15.74
15.33
11.39
9.72
12.62
1.12
13.46
17.61
17.83
15.98
6.99
6.77
11.24
13.59
14.07
0.7
12.24
13.82
5.44
11.9
14.76
3.04
12.2
8.44
10.02
13.39
10.6
14.76
15.6
11.86
9.85
12.34
13.27
7.07
12.8
9.11
-3.27
2.49
9.61
13.93
9.01
-0.95
2.68
6.34
14.48
16.26
13.95
13.79
14.81
14.3
11.08
9.15
7.73
6.82
10.87
8.45
13.56
10.5
4.59
3.97
5.96
10.52
10.87
4.59
2.39
5.8
9.16
3.64
5.54
10.4
11.45
9.79
11.4
13.26
4.07
5.95
13.36
17.27
15.94
15.85
17.7
17.04
14.15
8.98
12.2
6.89
8.81
8.08
-1.23
6.25
7.16
17.79
19.52
12.47
-3.63
11.55
20.04
19.58
15.74
12.26
8.44
8.01
12.36
2.67
6.6
5.2
14.3
13.32
6.24
6.63
16.01
20.6
19.13
7.22
11.52
10.3
9.38
16.48
17.78
12.56
6.8
9.92
12.8
10.75
15.53
15.02
16.32
14.88
7.48
11.27
18.52
17.6
15.57
16.12
14.82
15.93
15.28
8.5
12.09
10.63
8.79
-2.72
6.58
9.77
12.31
9.23
7.78
12.53
10.98
16.65
17.99
3.54
9.38
3.11
11.49
11.17
9.33
6.56
8.41
8.6
-7.8
4.11
12.28
8.58
13.92
15.54
12.04
1.45
6.14
10.29
16.21
18.1
16.62
15.98
16.59
13.95
16.02
6.97
15.87
