-3.2
0.47
8.83
9.41
5.87
8.42
9.22
11.25
14.18
12.98
10.18
8.95
5.28
9.16
13.26
11.61
6.83
4.1
5.54
-4.9
-4.37
-4.87
-0.14
0.39
8.58
11.16
7.85
7.92
3.32
2.33
6.31
9.16
9.69
10.4
13.73
14.39
12.01
7.92
0.7
4.06
7.67
8.8
1.35
9.03
15.04
15.84
15.6
15.9
12.83
2.68
12.35
11.55
2.67
12.31
13.91
8.92
5.52
-6.14
3.4
10.43
7.39
1.47
11.68
8.66
3.98
3.8
5.53
3.08
-1.15
1.46
4.89
1.42
3.35
7.39
10.33
10.13
12.44
12.05
0
4.06
10.82
5.93
6.36
9.24
7.5
10.15
7.38
-3.64
8.93
8.59
12.93
15.49
10.4
1.81
9.63
12.06
6.96
8.88
12.72
13.81
11.07
4.74
1.11
3.85
9.4
11.93
13.73
5.69
13.05
17.56
15.32
14.3
11.18
3.5
-1.88
-0.86
12.06
12.46
10.06
10.63
6.64
6.41
14.39
14.37
6.73
5.67
9.39
8.59
14.13
14.49
14.07
14.75
15.21
10.44
-0.28
2.71
6.06
10.66
13.49
14.23
9.51
-0.2
4.33
6.74
7.08
7.48
8.63
14.32
9.39
-3.35
2.82
-1.8
-1.23
5.73
10.75
9.19
10.47
11.89
10.76
14.54
15.72
14.44
9.97
5.71
3.17
10.98
13.57
12.22
9.69
13.62
14.27
7.61
2.09
12.93
15.24
13.04
9.49
12.97
11.1
7.17
7.71
7.87
7.18
4.31
4.19
4.1
7.62
9.73
10.17
6.04
2.29
-0.37
2.84
-2.74
7.16
10.78
14.81
15.88
15.49
14.64
15.58
14.72
15.77
16.74
13.07
7.46
5.07
6.24
8.18
4.39
-0.38
4.56
7.85
5.49
4.65
7.41
8.26
7.64
8.72
2.2
6.09
12.91
15.02
13.42
2.83
10.76
14.94
14.8
8.4
-3.18
7.17
0.9
2.12
10.19
12.96
13.19
12
3.66
0.65
8.31
12.37
11.95
3.65
11.35
10.49
7.71
11.95
9.82
9.19
10.58
9.36
10.51
13.46
14.82
12.83
12.02
5.52
-9.64
6.43
11.32
11.1
7.94
7.64
9.01
11.4
12.06
9.27
0.85
8.17
6.84
4.8
13.68
14.19
8.63
2.54
6.95
11.72
14.56
14.94
12.96
12.49
9.49
10.76
12.97
11.11
6.83
5.43
5.1
13.31
14.26
14.26
16.06
8.48
10.06
15.79
16.03
12.91
8.51
10.59
6.97
9.09
11.45
7.47
8.69
9.42
7.6
4.5
-0.77
3.31
13.07
13.01
13.22
12.31
-3.16
9.69
9.35
7.88
10.4
7.02
8.55
9.93
-6.08
5.65
-1.38
3.35
11.36
13.96
9.84
1.28
6.3
5.61
5.95
6.68
8.37
10.82
6.51
2.53
6.69
5.02
-4.48
-2.38
10.61
11.52
-6.25
10.75
13.29
15.15
11.78
10.27
12.56
12.86
7.77
11.83
14.43
12
9.19
8.25
-3.74
7.59
10.28
2.81
2.78
12.53
14.06
12.62
8.36
7.2
3.29
9.79
9.65
7.35
9.07
7.01
5.9
8.88
8.75
9.3
9.44
1.55
9.05
9.09
7.26
5.9
1.85
6.37
11.11
13.77
10.3
4.75
1.7
1.95
7.79
10.68
9.69
5.6
2.94
2.95
10.67
10.84
9.58
11.59
8.95
10.61
9.71
11.17
13.14
10.28
12.31
15.93
14.96
13.51
12.61
7.85
5.18
7.73
7.73
-0.07
-0.54
6.94
8.97
5.99
3.66
10.34
8.4
6.83
7.78
8.71
7.91
8.61
10.97
9.17
-7.29
10.66
8.52
-6.52
3.09
8.36
11.21
8.2
9.52
12.97
10.74
8.58
12.41
13.65
15.82
15.1
8.6
7.88
15.49
14.98
6.87
9.69
15.76
16.62
12.3
9.99
10.69
-2.67
-7.43
-2.4
5.84
9.78
10.29
9.05
8.85
13.32
13.77
7.11
7.04
9.92
15
18.19
13.62
-0.7
-3.28
5.24
10.04
11.84
9
7.15
7.9
6.64
10.29
9.9
4.06
1.27
4.64
6.28
4.49
9.73
11.61
12.79
12.42
8.29
15.35
13.59
2.04
1.15
8.6
7.61
3.39
4.2
7.57
12.18
8.85
11.27
15.18
11.98
-1.34
5.83
10.66
8.8
-9.68
-0.45
7.02
10.47
3.4
5.57
9.87
16.03
14.94
11.64
4.76
6.63
5.33
3.67
12.18
13.73
14.6
13.86
8.17
9.29
15.28
16.59
15.78
15.4
13.53
8.1
-2.6
-4.74
-18.17
-8.46
-5.23
9.78
14.1
10.87
11.73
-0.29
10.77
5.34
-6.49
8.75
11.08
5.5
6.9
6.91
7.15
9.48
9.66
7.68
4.62
3.48
6.43
9.71
8.04
6.26
1.92
3.59
8.12
6.89
-7.84
1.65
-24.02
7.08
6.67
5.69
13.64
13.55
10.24
3.21
5.58
6.12
-3.92
7.98
11.31
10.8
8.54
11.98
14.73
8.8
6.16
11.25
10.56
6.58
9.15
9.16
13.53
21.68
25.61
26.48
25.22
20.9
16.59
13.22
9.09
11.5
15.23
11.55
5.16
4.58
10.34
13.12
14.31
16.08
15.85
11.13
13.69
14.8
8.65
-5.38
11.15
12.35
8.84
-1.97
0.06
6.31
8.34
7.51
-3.58
9.5
11.55
10.79
5.38
1.48
9.65
8.64
3.04
11.43
7.35
7.34
13.5
12.6
2.52
1.14
-7.04
3.6
9.84
10.43
6.07
-0.12
10.51
7.76
6.82
4.01
9.28
4.98
10.24
10.99
2.69
-8.8
-1.63
3.66
11.07
15.12
16.21
17.52
17.65
15.77
15.7
13.79
9.98
11.35
10.93
11.4
16.54
15.54
0.15
11.85
8.1
13.21
11.53
6.34
-2.87
3.63
2.54
0.95
-4.4
9.73
8.88
1.61
8.23
2.64
11.11
10.92
8.51
10.5
1.78
11.74
10.14
5.29
10.47
-1.14
0.7
7.14
13.16
9.56
7.36
12.11
10.79
8.57
3.22
7.63
13.49
15.01
15.53
14.21
8.27
-1.77
-2.72
-4.15
9.13
13.28
12.45
9.6
3.79
-5.6
8.27
13.04
13.29
13.85
12.46
10.07
15.63
13.18
3.63
5.64
10.29
12.42
6.95
-3.79
4.59
5.67
9.85
9.22
13.41
16.7
14.62
3.16
4.94
15.25
17.55
11.83
9.7
15.46
15.19
12.96
13.25
8.76
2.02
9.11
6
10.93
15.32
14.07
12.17
8.89
7.4
7.76
3.03
8.18
10.03
10.76
10.96
11.64
12.4
13.51
14.37
12.37
7.94
2.87
-0.65
3.85
6.4
2.61
-4.25
5.64
8.76
12.78
12.11
7.35
13.96
16.41
13.62
13.89
13.28
5.94
8.87
12.75
10.05
-5.67
24.2
19.94
21.34
21.55
17.64
23.2
26.07
21.86
17.54
12.2
22.39
23.99
11.13
16.03
14.58
10.65
10.7
14.01
14.94
22.28
28.54
27.67
24.13
22.75
21.9
21.55
22.37
15.25
0.09
10.62
11.31
13.63
15.89
15.35
21.47
23.26
19.45
23.54
29.77
28.37
17.55
19.55
19.9
20.28
13.4
18.48
17.63
16.06
22.92
27.98
27.78
17.03
17.37
8.28
26.26
28.11
20.36
10.01
11.33
20.68
17.32
13.4
17.48
16.48
17.7
5.65
22.56
23.76
20.19
12.27
14.53
17.11
18.8
18.04
14.06
11.15
3.97
-2.62
21.43
24.59
18.4
13.53
16.58
17.28
10.14
14.72
18.61
14.61
15.66
16.83
19.58
23.51
25.25
19.84
-0.66
13.02
16.98
19.42
21.69
14.95
13.08
18.93
23.54
26.12
24.67
11.72
15.07
19.99
17.61
19.19
18.45
16.56
13.26
10.84
15.35
20.35
26.87
27.72
23.68
13.08
11.78
13.06
13.66
9.49
21.7
27.34
26.83
19.91
16.86
22.4
25.83
23
19.35
17.7
23.63
30.84
29.26
21.64
9.35
15.06
21.97
19.8
19.36
26.24
27.05
24.81
23.45
25.07
24.17
14.97
20.34
24.45
23.81
20.51
25.03
25.29
18.89
16.58
23.77
20.17
26.84
27.87
18.62
20.72
25.87
26.61
25.61
24.74
14.8
19.12
19.05
20.06
17.83
20.21
27.93
29.35
28.37
24.48
15.98
21.74
21.33
15.87
9.1
21.09
24.9
13.98
14.29
4.11
-2.57
19.55
23.47
20.3
17.89
20.2
16.32
14.11
14.3
16.31
22.93
23.52
18.29
13.72
22.74
26.86
24.07
17.11
15.98
12.86
17.7
19.21
18.15
11.19
22.33
23.71
16.12
13.91
21.38
26.6
21.73
18.05
21.03
22.07
19.54
7.83
15.15
19.35
23.69
21.74
23.01
22.93
21.98
23.97
22.55
15.63
17.5
22.68
19.83
10.16
14.72
15.19
4.15
12.93
17.21
14.4
17.08
16.87
18.71
19.64
14.72
19.43
19
21.56
21.93
20.2
23.98
27.29
28.23
28.88
27.7
19.7
22.28
26.94
27.47
23.21
9.57
9.9
11.52
-17.19
17
20.06
14.44
20.41
22.97
17.05
18.95
24.64
24.21
20.66
13.38
7.09
20
20.8
19.28
21.9
24.13
24.32
19.52
14.16
11.76
10.67
13
18.11
17.09
10.84
10.15
16.52
15.7
21.82
24.38
25.61
24.11
24.28
24.72
25.29
22.75
18.96
22.48
19.69
15.89
25.39
26.58
24.87
21.9
14.25
25.93
24.14
7.74
10.9
10.44
11.48
16.35
20.81
21.87
19.69
13.27
7.85
17.52
20.7
17.56
3.49
-1.9
14.28
19.37
19.62
16.26
12.71
14.52
16.83
16.99
18.87
19.8
16.89
16.22
19.21
17.92
14.21
15.6
16.87
14.36
17.23
18.16
12.44
8.58
11.54
16.18
16.43
7.49
5.72
14.65
16.71
15.41
17.5
15.62
10.33
6.67
7.48
13.34
15.27
15.95
10.23
5.19
8.3
-3.62
10.92
12.04
11.97
17.48
18.52
15.21
14.13
10.22
6.83
3.71
8.45
9.36
9.73
12.62
12.01
12.5
15.4
15.61
10.07
10.41
-1.12
0.62
5.6
14.7
15.95
16.3
16.51
7.59
18.97
7.4
23.19
22.51
12.21
5.35
11.66
17.91
21.39
17.87
11.84
22.52
24.87
20.08
6.22
17.9
18.56
9.03
22.48
21.85
3.74
19.87
24.16
24.81
25.18
23.58
15.06
13.6
14.21
10.79
16.2
15.2
17.12
15.47
19.43
24.26
22.76
20.15
17.95
23.18
23.25
21.99
22.93
20.88
16.99
20.53
22.6
23.9
23.52
23.91
26.62
26.42
23.09
16.31
13.78
18.51
12.29
15.4
18.33
20.05
21.58
25.6
26.05
20.46
20.31
22.81
23.1
17.32
7.68
9.26
13.26
13.4
22.86
26.23
24.21
5.36
18.65
18.58
10.8
18.38
18.8
15.37
19.81
25.34
24.03
19.13
15.08
19.25
22.76
22.67
16.32
21.81
18.89
8.94
18.84
19.36
16.26
20.54
8.7
14.3
20.29
20
20.37
22.52
22.37
21.29
24.36
21.37
20.95
18.81
23.68
20.54
15.23
23.44
23.86
13.8
17.07
21.81
19.71
14.84
5.11
20.43
19.93
12.88
12.39
15.44
19.83
20.61
19.22
18.96
11.36
9.83
13.12
15.97
17.37
12.09
13.69
17.1
13.76
18.49
16.18
7.85
14.53
7.49
23.16
23.63
16.14
12.55
13.93
16.6
23.08
21.3
12.2
15.34
15.77
15.1
20.91
17.69
26.01
25.84
25.48
22.36
18.02
16.03
18.63
19.69
19.38
8.45
10.88
9.96
13.28
16.55
5.57
17.74
18.16
16.98
11.74
20.94
19.47
23.46
16.65
14.65
19.8
24.03
25.26
22.88
19.3
1.14
19.27
19.72
13.18
-9.87
12.72
19.88
18.25
16.3
8.83
-1.43
21.41
23.38
18.69
16.89
22.24
15.35
12.97
15.24
17.15
23.87
26.24
24.46
13.73
10.15
12.75
22.05
20.78
10.47
13.03
19.24
15.04
17.98
22.61
21.45
15.61
19.68
24.01
22.85
17.48
17.65
24
26.12
23.53
24.67
27.58
26.4
16.72
14.2
21.73
22.16
18.52
20.77
26.12
24.62
19.87
28.46
26.45
13.84
20.14
22.62
20.95
19.38
22.67
26.57
21.53
17.97
26.45
25.35
20.61
15.66
24.27
26.31
23.19
17.9
23.12
25.65
20.19
14.76
22.55
24.72
21.25
24.3
23.65
20.42
19.54
13.25
21.8
17.08
16.63
21.98
19.7
19.62
19.69
21.7
21.6
11.51
18.1
21.91
23.61
23.47
20.66
11.36
9.24
16.83
20.24
18.41
11.45
12.29
18.76
12.58
4.31
7.02
15.51
20.34
20.18
13.92
17.63
17.74
13.64
15.81
16.48
11.58
17.22
20.8
22.18
20.57
11.34
20.43
19.33
14.29
7.04
11.04
11.62
10.73
17.89
11.05
12.92
15.03
21.28
13.72
12.4
0.47
18.92
13.2
16.97
20.48
15.94
16.08
14.12
0.13
16.7
19.12
15.89
10.93
18.19
19.22
17.87
15.52
16.3
8.65
13.59
18.91
14.35
-5.61
10.35
11.6
19.32
18.52
11.75
2.12
7.67
19.1
22.86
23.17
19.99
17.9
15.45
10.49
16.15
19.74
18.46
13.66
1.96
11.33
16.8
20.13
20.08
13.76
9.43
5.71
12.39
16.47
11.79
13.43
17.59
19.88
15.95
19.59
22.61
17.92
13.46
20.21
20.15
22.44
20.63
18.33
20.87
17.89
19.89
22.34
21.43
18.55
23.9
21.18
10.44
13.38
20.35
22.31
21.77
21.14
18.83
16.6
23.72
22.64
14.99
18.85
23.96
28.06
25.72
19.06
25.24
28.11
24.96
12.41
17.25
23.12
25.38
23.86
22.91
21.76
21.25
24.06
20.64
11.75
21.55
25.35
24.86
16.78
21.7
22.54
18.59
21.16
24.07
21.7
24.21
24.54
21.41
20.36
7.73
17.52
9.62
18.54
20.12
13.32
22.15
21.17
19.37
27.1
25.67
18.03
-7.46
5.35
16.69
22.33
19.01
17.46
21.06
19.2
12.91
6.65
6.45
24.19
25.27
24.56
25.63
18.61
17.63
2.27
19.07
21.23
11.34
14.39
19.19
16.63
12.15
20.63
15.59
16.29
13.75
21.08
18.13
15.62
11.78
9.99
12.89
23.58
27.3
26.6
26.22
26.43
25.77
24.02
15.84
15.08
23.15
22.7
18.2
25.3
24.9
22.61
28.26
27.59
23.02
21.43
18.13
21.04
20.06
9.48
18.86
20.14
25.69
27.11
26.36
25.06
20.45
21.8
23.81
12.75
26.05
29.13
28.27
23.17
20.89
11.3
21.05
16.33
19.58
22.96
22.87
18.24
17.32
20.97
5.96
29.78
33.15
29.56
21.92
10.35
14.01
19.45
21.74
21.93
22.96
27.92
31.62
27.04
23.76
27.7
25.68
17.98
17.36
15.48
20.28
18.89
19.38
19.53
-1.11
8.06
14.26
18.89
2.4
23.81
28.12
28.97
29.04
29.6
26.04
15.1
35.66
40.31
36.34
25.64
16.55
16.76
17.77
5.24
17.31
19.66
21.48
22.55
21.43
20.43
23.9
24.46
22.33
22.81
25.47
26.64
23.48
25.12
25.89
24.71
18.92
11.77
16.35
19.91
30.12
42.45
46.26
41.38
29.31
25.82
26.51
27.06
25.39
24.83
25.89
24.75
19.93
14.27
23.28
26.1
25
24.17
24.06
24.38
16.5
23.63
29.22
32.42
33.56
28.13
17.44
9.91
20.32
24.68
26.61
21.98
21.83
24.82
19.01
16.73
15.87
16.94
17.07
17.78
20.69
23.01
20.72
19.09
14.54
18.12
19.51
26.46
24.91
12.74
11.78
22.25
30.1
40.58
44.14
38.35
15.55
23.59
22.44
24.9
27.99
28.8
25.21
18.51
16.92
30.46
38.3
38.97
31.92
18.54
20.53
24.48
22.18
22.59
25.14
28.17
28.81
22.75
15.81
15.97
20.2
17.51
23.74
37.42
44.35
42.86
35.19
27.89
18.83
10.19
18.9
16.47
15.99
21.75
25.88
24
22.96
19.84
21.76
25.11
27.22
26.78
16.4
21.38
23.28
25.97
29.21
25.31
17.08
23.11
20.73
16.74
16.1
20.27
12.08
26.6
28.26
24.59
23.13
18.46
21.92
21.23
11.51
7.92
13.26
24.68
26
23.84
25.84
20.49
20.13
21.31
17.43
11.25
20.83
37.97
43.08
38.65
23.29
18.23
19.89
20.14
23.55
24.21
23.58
20.61
20.13
18.8
12.66
19.23
19.24
21.34
20.08
20.18
24.25
24.79
22.28
18.79
19.26
24.58
26.5
26.58
18.4
21.67
22.95
-14.97
21.63
21.73
15.32
26.23
26.43
10.81
15.14
6.09
12.67
20.58
19.36
20.39
22.35
8.53
27.72
29.7
25.08
21.61
21.71
19.18
17.03
21.74
22.2
20.34
20.7
25.89
26.07
18.73
22.31
27.2
25.37
12.84
12.06
13.41
15.9
17.91
21.28
20.2
21.11
22.41
26.26
19.51
36.15
35.91
26.39
18.89
24.69
25.34
17.26
23.57
17.67
32.61
38.31
33.67
19.19
22.52
23.38
28.5
29.55
33.36
40.78
39.22
30.04
26.11
27.93
23.96
26.48
24.99
19.59
21.85
28.56
29.68
28.09
25.8
29.27
28.95
26.62
23.92
19.71
23.96
30.04
29.74
26.68
29.54
30.58
27.86
20.22
26.87
23.46
20.96
24.17
23.15
16.81
11.76
22.97
25.18
24.17
24.9
26.56
26.24
22.2
25.36
22.71
24.51
9.27
19.71
24.58
29.44
29.08
20.71
27.78
33.06
24.01
25.22
28.58
22.89
19.8
8.43
23.5
30.21
45.58
48.88
44.14
33.82
28.33
23.62
21.65
14.56
39.13
48.29
48.24
39.57
28.95
25.18
9.31
25.43
26.65
19.69
18.64
25.23
27.87
30.58
24.14
31.81
33.63
30.94
31.53
31.11
27.31
21.63
23.64
22.34
21.61
26.23
31.82
31.24
26.99
26.22
29.09
28.44
29.59
25.92
15.75
12.78
22.87
28.29
28.71
26.57
21.79
23.67
27.02
27.43
22.28
20.41
29.07
27.16
9.6
22.52
26.81
21.97
22.83
20.74
23.04
25.19
20.31
28.81
23.82
25.86
30.2
22.07
18.62
7.29
21.68
23.95
18.42
26.48
29.43
24.39
23.48
29.95
28.86
27.1
29.07
23.05
6.13
11.98
27.02
30.07
29.79
29.09
30.87
27.63
8.74
18.24
21.59
16.35
18.02
13.1
25.04
30.52
29.74
29.75
27.39
25.62
24.84
24.95
26.82
29.3
25.06
20.52
17.96
20.45
22.34
28.59
29.46
25.65
18.47
21.55
25.57
29.45
35.52
34.86
24.11
25.14
28.37
27.52
18.37
19.45
6.77
23.08
19.94
26.78
29.5
32
29.57
14.09
24.66
24.06
14.93
25.35
19.66
21.79
22.01
30.27
31.33
26.95
20.05
22.15
19.27
28.73
29.24
27.18
25.75
16.43
18.45
22.34
20.79
22.22
26.64
27.22
24.24
23.6
22.18
20.13
16.33
25.23
15.53
0.83
21.1
22
23.57
27.71
25.56
25.67
26.43
20.41
23.74
22.19
13.27
15.93
18.42
27.94
22.04
23.3
22.19
15.94
22.32
18.54
21.76
22.08
26.73
23.18
23.54
21.34
21.74
23.73
19.68
23.26
21.53
20.6
27.56
28.66
25.09
14.01
19.87
5.97
19.29
23.05
24.75
17.52
21.14
12.36
20.02
26.69
28.52
19.26
21.05
23.12
14.96
15.88
17.4
15.01
27.21
27.2
16.48
21.52
25.73
26.73
25.94
21.92
14.23
20.37
22.36
19.78
18.56
16.83
2.58
19.31
22.94
20.27
19.3
24.07
24.98
18.54
20.72
15.67
21.03
24.92
23.39
20.18
21.96
20.65
16.94
24.21
26.6
23.44
21.12
16.73
18.48
21.17
16.93
21.34
22.08
23.89
24.52
21.02
13.3
24.57
27.97
26.18
20.03
16.56
22.73
26.8
27.02
20.66
-3.55
7.7
19.55
21.37
21.65
23.44
26.19
28.49
25.76
20.44
22.19
22.33
-3.92
22.52
21.32
13.14
21.42
17.35
15
22.11
19.6
12.83
14.63
19.05
11.14
16.9
14.27
14.06
22.2
24.66
23.58
19.48
19.87
21.04
25.92
23.25
17.24
21.08
21.42
20.46
2.38
5.81
23.1
31.76
30.7
10.12
22.22
20.04
23.22
27.94
18.12
22.22
24.51
23.18
22.5
25.41
22.78
25.42
25.87
19.99
28.37
28.2
26.01
23.26
5.25
17.33
19.58
25.02
22.57
14.96
13.3
11.89
21.75
21.96
24.68
25.11
21.01
26.14
29.88
25.45
21.77
-8.06
24.78
28.47
27.23
11.08
17.11
19.18
24.71
19.45
22.32
27.61
29.2
28.94
18.11
26.8
29.72
22.44
24.72
28.52
20.17
19.77
22.41
6.56
20.79
13.7
15.66
21.68
27.89
28.39
28.19
33.05
34.6
29.72
28.64
30.24
25.87
21.51
29.95
31.5
26.87
20.14
21.69
13.79
14.33
16.85
27.95
30.31
26.89
16.97
25.41
25.27
26.5
27.18
19.8
25.76
25.6
17.67
29.15
25.16
17.27
10.72
21.3
18.44
19.2
2.97
14.8
23.17
23.84
18.18
23.25
20.67
20.04
28.69
30.71
26.75
11.9
9.61
24.82
26.54
21.12
26.81
29.44
25.45
21.11
25.09
19.05
27.47
24.13
20.95
29.63
29.9
23.2
20.05
24.53
14.67
24.63
27.29
25.82
17.72
12
24.71
28.82
20.81
24.66
25.57
14.06
13.7
7.8
15.18
20.69
1.22
23.47
26.74
24.55
19.51
23.41
27.75
26.5
14.05
21.33
17.88
22.76
21.91
11.58
18.3
22.04
9.49
25.54
25.07
17.9
23.01
20.78
9.13
21.68
25.32
23.69
16.98
21.31
24.95
20.66
17.85
11.12
17.41
25.34
27.32
23.25
15.7
4.8
6.58
22.49
20.1
25.04
26.94
18.25
22.8
26
24.55
19.93
26.55
15.38
21.31
19.09
14.74
19.17
24.01
24.83
25.06
22.01
16.73
11.61
18.85
16.55
20.79
22.22
18.87
21.78
24.74
19.33
7.75
3.37
14.5
-5.66
20.55
21.5
20.53
17.28
6.67
9.34
25.49
26.98
22.47
20.58
22.61
22.92
17.73
14.7
19.26
17.84
17.73
23.11
23.57
22.85
16.1
8.63
11.41
16.55
20.67
12.6
18.59
22.34
20.87
12.74
23.43
22.82
15.69
10.69
20.61
20.81
9.31
21.58
23.6
16.2
20.61
20.17
5.25
12.43
15.23
11.23
9.41
21.97
26.38
25.31
22.03
7.33
14.62
-2.84
17.69
18.28
10.83
14.83
21.98
21.19
14.13
5.77
11.7
18.86
21.05
14.01
9.43
9.72
5.41
-1.58
-1.83
16.4
20.78
19.8
13.24
16.53
19.55
16.25
23.86
20.99
19.83
24.24
21.29
21.32
21.33
10.31
20.23
25.65
23.22
25.68
25.25
16.54
18.98
24.71
23.78
11.07
17.05
19.55
21.78
21.52
17.66
5.85
12.04
16.49
10.49
17.69
20.98
18.62
3.52
13.73
15.03
14.38
19.98
20.74
18.8
17.52
21.65
23.43
21.19
14.79
11.26
14.93
21.28
22.11
20.12
19.59
17.9
14.8
17.65
15.77
13.49
9.04
24.93
26.46
19.22
12.65
18.26
18.81
18.28
16.63
10.8
10.94
20.25
21.8
18.33
19.71
18.51
9.68
18.46
20.06
14.86
15.64
17.38
9.36
19.86
20.61
19.55
21.11
14.72
12.84
8.54
15.41
21.59
22.72
17.45
18.96
20.06
15.45
18.53
18.63
16.79
20.46
23.49
15.25
15.91
12.4
18.05
18.92
19.46
16.12
15.75
21.38
13.89
11.77
10.51
17.58
24.15
24.04
14.49
8.31
12.97
24.13
24.9
11.71
21.69
24.8
18.57
23.84
23.41
16.54
18.2
15.81
21.54
24.25
18.92
17.08
21.83
21.85
18.05
5.08
8.87
20.37
24.74
26.88
25.72
19.09
14.96
19.03
19.77
8.81
12.14
18.73
22.69
24.25
25.5
25.22
23.47
23.91
24.74
25.11
24.22
18.48
-4.05
15.98
17.67
15.23
1.94
11.39
19.98
14.65
24.56
25.06
24.27
25.32
20.55
18.1
19.42
13.14
19.01
25.36
22.87
6.99
22.48
24.52
25.16
15
13.88
13.45
15.58
18.46
10.63
2.73
12.68
18.33
20.18
21.96
21.49
22.32
24.18
24.05
24.16
22.87
18.48
13.73
15.76
13.09
11.81
19.98
22.44
19.04
15.97
19.72
14.29
20.58
24.77
21.53
7.92
13.58
12.33
18.84
21.05
21.32
20.1
18.95
18.61
15.29
8.61
11.49
19.15
14.15
24.05
24.55
20.87
7.23
4.17
19.53
25.04
23.04
17.53
17.9
19.88
26.8
25.48
19.78
17.59
31.58
35.05
30.6
20.66
12.07
16.04
24.38
24.17
19.61
14.51
13.13
18.01
20.7
12.6
16.79
22.59
21.66
17.95
17.75
17.33
15.4
23.91
23.61
21.44
17.35
19.7
19.98
18.18
13.45
18.04
19.65
22.58
19.21
14.87
23.09
24.02
21.83
21.3
21.02
14.03
13.26
22.85
23.15
23.28
14.88
17.45
14.29
4.03
6.62
13.26
20.01
21.24
18.25
16.01
19.61
20.21
21.12
17.05
17.61
17.44
21.87
22.72
10.42
11.26
19.89
22.07
24.86
22.72
7.86
13.77
9.84
19.85
21.89
18.14
19.36
19.01
13.97
19.9
18.29
14.02
18.84
21.98
20.13
16.3
15.23
10.43
7.77
18.27
19.96
19.24
17.2
16.01
10.86
7.15
18.16
23.6
23.75
22.87
17
-1.44
12.52
4.62
18.6
20.31
20.21
20.82
22.09
14.8
9.62
11.32
16.38
22.9
24.19
19.68
17.08
20.62
21.74
21.46
23.71
22.13
22.17
21.22
18.44
16.7
11.54
16.89
19.04
15.16
20.26
19.84
14.1
11.61
17.44
19.98
17.24
18.93
21.98
20.34
3.53
11.38
9.41
12.59
18.76
21.97
19.3
15.17
22.03
24.49
21.37
14.75
19.76
19.66
16.91
11.25
14.01
16.53
10.93
13.52
18.8
22.01
17.45
17.37
19.44
18.88
24.16
23.38
20.09
17.03
11.34
15.34
16.77
21.96
22.12
18.65
22.06
20.98
17.58
15.64
18.83
19.96
15.1
13.02
7.58
13.59
18.83
21.46
24.2
18.5
20.49
15
1.41
8.93
14.45
14.27
8.56
17.96
11.4
18.09
20.05
11.49
14.6
13.7
17.86
20.84
20.58
21.12
15.66
13.35
19.49
17.95
12.9
17.31
18.74
18.39
10.15
18.9
20.2
6.63
12.92
15.6
15.38
-2.06
7.74
6.75
18.68
21.69
21.53
18.63
13.16
18.74
8.91
11.82
12.47
17.28
24.03
22.22
16.64
10.24
20.9
20.28
16.95
17.63
16.13
8.32
9.75
6.46
12.17
11.67
12.39
12.08
9.27
14.37
17.91
16.56
7.14
19.24
11
16.3
12.57
9.64
11.55
13.33
15.75
14.79
1.61
10.35
14.34
17.56
20.64
20.78
18.91
19.04
19.45
17.5
13.3
11.33
12.64
3.29
10.36
0.61
15.1
8.77
13.84
16.12
11.88
8.04
13.43
12.79
13.38
11.97
-5.26
9.2
14.89
13
16.55
21.6
22.42
16.57
-3.12
10.94
13.4
13.54
16.49
17.96
16.73
15.75
13.91
12.71
10.43
14.13
5.23
12.47
21.29
24.82
19.73
3.99
13.09
16.19
18.58
15.18
16.28
18.48
10.66
12.46
18.62
19.8
15.66
18.28
17.38
11.3
14.7
5.54
5.48
1.03
8.35
12.92
17.73
13.4
10.48
18.79
19.48
15.16
15.91
16.25
20.35
19.93
17.99
17.69
16.04
14.99
13.31
7.92
13.68
17.06
15.84
13.01
17.03
15.5
17.5
13.73
11.68
5.44
11.04
13.27
16.21
14.05
21.83
24.1
21.05
6.22
13.34
8.62
8.84
4.91
15.96
16.96
2.42
15.53
18.22
16.46
6.08
12.35
7.77
10.13
5.2
8.6
10.63
9.49
10.97
13.17
15.85
10.74
6.4
2.14
2
13
14.44
15.05
14.56
11.35
12.12
13.93
17.64
18.38
15.57
17.77
20.42
16.49
-0.17
13.71
18.25
16.91
15.13
14.81
13.18
14.79
5.47
9.8
11.19
12.74
16.67
12.03
13.11
14.88
7.86
4.74
15.08
15.67
12.83
3.25
16.89
20.91
20.31
19.58
20.82
19.58
13.49
0.5
4.69
15.27
15.85
17.54
18.89
14.31
8.14
10.4
8.43
15.15
15.93
6.44
16.4
20.57
20.24
16.63
14.69
15.51
14.65
11.16
8.51
16.89
12.37
8.96
7.51
10.36
-2.21
11.98
19.08
18.39
17.62
10.66
17.95
19.49
13.25
7.98
19.72
23.04
21.53
18.95
14.29
-2.03
9.92
16.58
17.28
16.66
8.38
13.53
14.21
16.98
14.78
14.67
18.1
7.43
18.38
15.09
5.17
8.99
15.82
7.9
12.15
11.2
11.63
14.67
19.35
18.85
8.36
12.37
11.4
9.76
13.15
14.83
15.19
16.39
13.41
4
17.89
19.9
11.84
13.24
14.2
9.86
11.88
16.33
-10.23
14.3
19.97
22.01
23.42
22.21
12.26
0.84
4.08
11.85
15.26
15.47
13.1
16.19
16.65
19.13
19.79
13.34
13.07
18.31
19.24
21.41
17.78
8.19
12.74
17.59
19.51
18.04
14.44
14.99
18.24
13.69
7.37
15.52
19.88
18.57
14.18
10.11
15.7
20.95
17.7
8.76
14.64
20.6
19.94
16.37
4
14.83
20.25
20.42
10.1
16.75
18.65
17.3
17.35
15.05
11.61
3.79
14.4
16.76
12.65
5.44
15.4
11.4
10.31
17.13
19.68
21.25
20.83
19.4
18.73
15.03
8.05
18.1
20.91
17.74
7.57
10.9
15.27
19.9
18.12
8.68
11.61
17.3
18.53
12.38
20.85
21.97
21.71
20.05
13.01
11.66
17.84
21.08
19.25
10.32
8.48
12.02
17.65
22.03
21.57
20.41
20.17
16.11
13.08
13.76
15.2
9.25
12.58
10.48
2.54
13.54
18.66
15.39
-1
12.64
17.07
10.98
7.21
13.31
13.65
18.09
12.84
11.6
16.49
14.53
8.84
2.83
10.24
6.66
7.76
18.53
20.85
7.68
6.15
19.86
23.72
20.72
15.05
20.11
22.75
17.55
8.89
19
15.4
3.38
7.39
15.77
8.35
18.42
13.14
5.8
16.5
19.84
14.66
0.28
15.94
12.12
10.91
15.92
10.78
7.63
6.3
19.41
19.8
8.72
16.78
17.32
13.46
3.85
12.89
20.14
21.99
19.04
16.44
18.01
17.99
14.92
11.81
12.4
16.59
13.44
19.41
25.43
24.91
18.55
4.51
14.47
17.16
19.32
23.33
21.61
17.69
14.5
16.8
20.11
20.91
14.88
11.94
17.67
10.04
15.99
14.63
9.17
19.85
20.06
19.79
17.73
19.01
13.57
13.73
13.13
8.98
2.49
10.3
13.32
11.28
6.29
11.95
13.92
8.6
1.82
13.11
12.74
8.91
16.83
13.99
14.13
13.15
-4.73
18.26
24.05
22.91
10.18
20.89
13.41
16.68
11.76
13.83
16.35
18.83
18.81
17.29
13.1
13.11
17.63
19.12
16.21
12.15
6.15
10.98
18.78
17.17
8.81
17.32
8.29
12.51
12.35
20.97
22.57
19.33
14.17
17.24
7.64
-13.15
-0.83
9.8
18.58
18.11
1.39
13.8
4.77
11.13
-3.37
14.69
11.23
7.9
11.56
13.65
12.48
15.59
19.41
17.74
8.07
16.42
17.48
19.32
21.88
17.14
4.7
17.69
16.26
11.54
13.02
13.51
4.85
17.75
17.07
15.22
10.55
7.75
9.23
5.57
18.19
20.87
14.52
10.13
16.47
10.52
17.74
20.44
17.17
14.99
16.89
18.18
9.31
14.17
16.91
6.6
17.51
21.07
20.57
13.81
9.63
16.61
18.49
20.68
18.15
13.84
9.38
17.7
20.18
15.19
20.49
21.04
18.95
17.86
13.87
10.97
18.51
19.06
19.78
22.56
18.74
14.59
1.14
8.65
-6.34
11.15
15.62
14.24
18.74
14.69
16.36
21.82
19.29
-3.46
17.95
17.79
9.82
15.72
15.86
16.57
5.47
14.38
10.78
14.9
12.57
21.56
20.87
3.46
17.88
21.01
18.28
15.02
20.3
16.28
15.96
11.97
14.11
13.31
16.88
20.8
11.35
12.26
13.76
14.37
11.39
20.58
20.13
18.35
14.44
19.7
17.44
10.61
18.98
17.82
10.5
12.42
18.2
20.9
18.44
17.09
18.51
16.62
7.53
16.99
15.1
6.93
12.7
11.73
11.34
20.64
20.97
12.01
16.63
20.75
20.2
18.44
22.15
18.64
16.35
11.93
18.63
21.6
21.34
18.03
-2.16
11.04
19.42
22.21
14.46
20.77
19.99
11.47
11.03
22.03
21.31
17.69
13.09
19.24
18.92
10.16
15.21
13.24
16.19
9.9
13.53
16.98
19.37
14.6
18.87
19.47
13.84
9.39
16.03
22.52
22.75
18.08
13.97
19.3
18.74
10.27
18.72
16.67
15.54
16.07
20.29
15.57
14.9
21.19
24.07
19.57
12.41
20.72
20.48
19.98
16.74
19.86
20.59
15.56
13.38
10.78
15.88
9.91
19.86
19.18
18.44
15.8
14.39
3.66
21.05
23.69
15.46
6.3
-2.72
5.46
15.58
17.33
12.09
15.71
17.89
19.83
18.51
19.96
18.71
12.01
4.74
9.92
12.23
11.82
7.92
13.29
15.24
14.68
16
14.69
21.83
21.88
13.29
11.6
13.22
17.87
16.42
7.82
13.45
19.75
14.5
18.72
21.35
14.96
-7.99
-2.29
14.72
17.49
16.82
12.58
16.5
19.69
15.7
11.08
17.97
16.59
2.93
9.19
-8.16
14.01
15.26
8.76
13.61
19.58
16.97
9.22
18.94
19.76
16.15
19.55
22.22
23.16
20.28
15.05
11.75
18.18
22.73
23.15
19.06
9.42
6.82
8.85
12.98
17.33
20.7
20.13
18.08
21.62
20.33
11.47
16.15
21.16
22.44
21.82
18.76
15.7
15.21
18.29
17.43
10.85
8.53
16.2
18.74
17.43
18.98
20.43
19.47
16.41
18.46
21.23
19.18
12.4
17.33
10.15
12.85
16.12
15.74
17.84
17.94
17.56
18.89
20.79
21.2
15.85
14.55
21.85
22.87
23.16
21.59
18.96
10.33
13.52
10.2
18.5
20.55
14.15
13.01
21.97
21.98
20.01
18.77
20.68
23.5
21.8
12.19
14
18.41
21.46
19.04
16.74
20.63
15.73
13.81
18.69
18.97
18.4
20.35
16.14
8.72
10.17
13.97
15.3
15.64
18.45
19.27
17.72
22.07
22.73
18.4
23.23
21.89
13.48
13.91
10.25
18.34
20.35
18.52
17.22
19.44
22.06
22
18.32
15.21
9.72
9.44
19.58
23.13
23.22
20.54
18.09
8.83
14.25
18.03
12.84
11.74
11.69
17.98
20.36
17.85
-0.33
13.68
18.2
18.9
20.97
20.22
17.3
16.79
13.11
15.04
13.28
15.46
6.16
13.17
17.06
19.16
19.48
20.51
19.43
13.9
10.27
1.19
13.57
18.38
18.15
14.49
14.1
13.38
15.75
20.99
20.39
20.77
23.61
18.62
10.23
19.66
21.72
22.88
21.81
18.55
14.19
8.71
0.9
13.46
12.69
12.08
17.58
20.95
22.01
19.53
16.44
19.5
12.79
11.7
19.28
18.94
16.73
15.03
13.59
18.44
18.44
12.15
20.89
22.02
22.52
21.42
17.13
14.71
12.33
-0.66
12.13
16.59
22.34
22.85
20.53
23.02
23.52
17.66
16.04
18.84
18.02
19.5
20.46
16.36
17.81
21.6
22.94
19.97
13.38
11.84
17.64
18.02
19.09
17.43
14.4
18.12
14.18
-2.8
15.56
18.54
17.33
19.47
21.22
20.92
21.23
22.69
23.35
18.5
17.79
18.08
16.41
17.99
17.53
18.55
21.12
20.86
15.58
15.33
13.05
6.24
10.26
19.38
19.96
14.05
8.15
14.87
13.19
13.69
15.02
5.24
18.38
17.6
11.3
18.07
22.56
20.57
14.75
15.89
7.01
17.3
15.36
14.22
15.86
13.38
13.29
15.62
15.82
19.88
22.92
22.74
19.17
13.06
1.48
-5.97
6.55
15.17
20.92
21.57
19
13.16
13.82
15.17
12.54
13.57
18.24
18.35
15.29
21.31
18.23
17.11
17.25
11.35
2.21
7.57
16.19
16.39
16.55
12.48
1.55
14.68
17.41
15.93
8.63
14.27
16.56
8.72
12
14.28
15.42
17.59
22.34
21.74
7.32
13.89
14.11
15.4
21.23
23.55
21.42
16.15
14.17
8.08
11.81
15.95
18.56
19.57
22.06
18.48
16.13
16.79
14.29
17.86
15.15
16.88
20.06
20.47
21.43
22.8
18.8
16.71
17.75
17.76
20.07
17.76
12.56
15.21
10.73
9
15.93
16.01
18.47
17.54
12.5
11.99
7.08
17.38
15.36
16.09
17.66
14.06
8.2
7.2
15.24
17.73
17.48
14.14
4.12
12.86
12.51
7.08
14.98
11.33
-2.28
1.95
7.74
14.42
15.76
15.9
9.7
14.57
14.34
12.54
15.26
17.56
21.16
22
20.74
16.5
8.27
12.54
10.56
-1.84
2.76
10
12.47
2.56
0.59
-1.2
6.01
9.79
14.11
11.88
17.48
15.28
-8.86
12.95
18.56
16.5
11.03
7.63
3.37
5.97
11.06
13.43
13.54
9.81
8.2
2.86
15.73
17.33
18.82
16.2
1.65
10.86
12.93
9.22
16.52
18.03
7.66
7.48
10.99
13.52
13.85
9.61
11.44
15.37
20.13
15.61
9.55
16.96
14.24
12.1
9.52
6.92
15.73
16.98
12.13
10.56
3.48
11.43
15.39
4.47
12.9
10.56
13.87
16.28
14.37
8.13
7.11
12.15
4.47
11.73
13.82
14.45
15.91
17.2
13.6
12.8
16.41
15.41
9.84
19.13
18.62
10.5
4.94
-3.8
8.7
14.17
17.11
15.09
0.48
8.52
8.75
4.91
10.91
9
-0.92
11.94
7.77
5.57
8.61
7.41
12.05
10.16
7.3
10.75
10.87
13.87
11.15
12.75
14.81
10.6
8.8
15.37
12.79
-3.92
-0.1
5.84
12.78
9.85
7.18
12.78
18.08
17.76
11.36
-2.13
0.66
7.7
14.91
14.18
11.63
13.37
14.22
15.6
11.75
9.91
3.44
11.3
13.86
15.16
9.05
10.28
10.28
6.92
-1.69
10.57
15.6
12.31
7.47
12.33
5.34
9.79
11.68
13.12
14.58
16.43
14.57
9.5
4.62
-3.83
9.23
2.08
4.25
15.78
18.03
10.23
1.15
9.45
-1.71
11.19
4.15
9.91
4.47
14.75
14.48
13.75
20.15
19.73
20.69
16.46
12.21
10.21
4.24
3.39
11.97
14.72
14.7
17.16
11.17
1.09
-5.67
4.13
-4.41
5.74
8.38
9.15
5.82
13.03
12.37
-0.15
4.38
3.2
8.22
13.27
6.29
3.52
3.18
10.94
12.6
15.33
10.27
6.19
10.82
10.26
7.02
16.76
13.63
13.05
0.72
6.74
8.34
5.69
13.01
16.78
13.89
-0.62
7.51
11.49
11.08
13.71
13.93
15.79
14.68
4.22
11.64
-0.12
11.21
7.06
13
11.35
1.49
2.52
10.6
7.26
7.52
7.31
7.52
15.97
15.11
12.2
13.7
13.63
10.82
-1.75
14.42
11.13
6.72
13.67
12.42
8.76
7.02
-10.31
13.03
16.17
9.9
2.07
11.85
12.96
13.2
13.32
17.09
17.12
15.13
3.18
7.87
8.63
15.26
18.24
12.09
-0.82
-2.2
2.87
10.19
11.33
14.17
15.66
11.84
14.38
9.63
10.23
16.79
16.45
17.45
17.72
11.83
-2.16
-1.14
9.25
12.36
11.34
-5.48
10.06
14.58
10.75
8.22
17.2
17.21
15.57
11.3
0.02
3.06
13.15
12.63
8.85
11.54
15.86
13.18
4.59
5.18
0.53
1.73
4.03
10.57
11.35
8.06
7.93
10.94
9.95
4.54
4.95
11.36
6.97
5.69
8.3
11.46
13.07
13.47
1.08
1.62
11.88
-6.2
16.33
17
6.54
4.56
10.86
16.8
14.72
9.55
11.17
10.93
11.04
6.05
7.13
9.29
8.71
2.21
15.8
18.91
18.35
15.1
9.35
2.58
6.65
3.3
5.97
-1.74
11.36
14.44
12.24
12.7
9.33
10.18
7.91
7.4
6.6
-0.2
9.5
8.61
8.76
6.34
6.8
-11.18
7.47
8.7
10.36
14.25
11.51
4.29
10.85
11.89
-7.39
12.04
11.96
-0.66
10.56
10.65
5.38
-4.1
5.86
15.08
17.88
17.28
15.84
13.02
10.77
12.08
13.14
15.43
17.59
14.89
-1.61
6.9
3.5
8.85
13.42
17.12
13.01
-3.91
8.99
13.84
15.51
12.48
6.7
11.41
15.81
19.99
19.58
13.42
6.91
11.97
12.48
13.41
14.3
9.62
5.43
-5.43
6.08
-0.21
12.28
13.53
5.66
10.86
6.14
11.49
7.68
1.01
12.19
13.98
10.72
9.63
13.47
15.39
13.45
4.08
3.06
6.71
5.93
5.39
14.46
16.56
11.4
17.39
17
8.72
8.26
14.32
10.65
-4.3
10.35
13.83
10.94
3.05
7.34
12.96
11.91
0.28
12.16
15.25
17.46
17.25
14.16
4.96
13.09
17.16
15
8.21
-7.35
8.83
13.52
13.66
8.1
8.73
11.44
8.46
10.24
7.08
3.29
18.13
20.99
17.6
8.54
8.5
14.22
13.35
12.82
12.74
14.41
16.25
11
11.8
17.57
19.28
14.74
11.85
16.79
16.83
15.9
15.43
9.33
7.3
13.74
15.49
13.72
2.59
15.29
18.46
12.79
9.01
12.29
13.91
15.06
12.49
4.59
6.82
14.34
15.99
6.88
12.35
13.48
-3.7
15.34
18.48
15.47
5.43
8.56
14.28
12.88
7.71
15.65
17.08
8.35
8.58
16.34
18.14
9.72
15.43
12.08
6.48
-2.87
11.69
17.33
17.98
15.09
11.44
8.36
4.27
1.03
15.64
19.54
17.59
6.31
13.19
17.93
19.64
17.55
15.52
8.99
19.79
19.45
14.65
12.16
12.77
10.58
4.48
16.48
17.6
13.07
7.91
13.29
16.16
15.48
11.29
-2.57
5.86
11.84
10.07
11.73
16.02
9.71
5.01
12.81
11.58
12.09
14.48
13.37
15.25
11.01
14.79
18.3
19.55
18.04
9.8
13.62
14.22
12.07
9.45
10.88
15.69
16.05
13.37
17.6
18.48
10.84
7.72
14.78
17.31
14.32
0.24
14.09
13.42
9.66
11.77
16.39
17.17
14.23
9.64
10.15
-6.48
12
14.68
16.53
13.42
14.63
16.9
15.67
13.99
11.32
6.9
7.37
7.11
15.9
20.56
19.78
12.52
-8.96
8.74
14.79
14.02
10.37
11.93
11.54
15.9
16.62
12.42
10.33
10.89
7.22
12.6
13.03
7.45
6.8
12.66
17.64
17.99
-4.17
17.59
16.86
11.36
13.32
11.84
10.31
13.68
15.88
17.64
19.91
19.36
13.19
9.5
18.48
19.38
16.35
14.71
13.37
14.1
14.17
6.47
-1.29
2.63
2.91
12.89
7.56
11.43
14.86
16.84
16.79
3.73
6.48
9.27
10.44
16.71
12.89
17.41
19.96
12.46
2.39
-1.17
9.5
16.71
18.07
14.58
10.47
5.34
7.69
17.76
20.11
18.96
17.37
19.4
16.89
12.73
12.15
12.04
12.89
12.99
11.04
4.91
10.1
15.09
12.74
4.43
4.38
16.93
20.9
17.42
12.1
8.82
3.59
14.85
19.22
17.59
15.23
15.81
15.84
11.37
-2.76
8.7
6.98
10.69
11.71
13.4
6.67
1.57
3.12
0.09
6.42
1.77
0
5.38
5.97
12.26
13.01
9.21
-17.8
6.54
10.46
4.78
8.63
11.15
6.24
14.54
17.44
13.75
11.99
13.8
13.88
11.85
3.35
6.12
10.57
10.14
8.18
7.23
13.27
6.58
0.72
9.21
10.34
2.45
6.37
15.19
17.04
10.31
9.8
12.31
12.11
5.54
11.34
12.25
-6.41
7.79
1.07
12.06
8.39
6.96
8.25
8.25
16.84
16.56
12.51
5.4
10.45
13.73
8.93
11.25
12.29
14.94
13.23
-6.91
12.85
17.78
14.47
12.27
13.02
4.57
8.15
12.28
13.35
6.79
11.01
-3.35
11.48
19.12
20.17
16.33
12.81
13.81
19.55
20.38
17.84
14.72
4.8
1.34
11.21
15.94
15.9
7.58
9.94
7.29
15.56
18.03
14.23
-0.59
14.11
17.31
15.43
8.19
5.05
1.88
8.26
16.23
17.91
11.45
10.64
5.25
12.72
18.2
18.53
16.77
15.02
15.37
12.89
5.08
12.62
12.89
12.26
8.33
11.36
11.69
8.24
6.81
9.5
17.38
17.96
8.18
12.71
13.05
14.55
11.43
6.52
9.39
15.57
13.26
8.11
15.35
17.66
18.81
17.15
15.46
17.69
15.59
9.98
15.53
14.47
12.81
-14.41
12.71
15.11
14.74
12.18
13.27
17.2
17.12
11.89
5.88
17.99
19.14
15.86
13.28
15.67
8.51
2.84
1.7
11.18
12.72
11.71
5.78
6.22
13.62
17.47
18.84
19.62
18.71
12.56
5.67
11.39
5.02
12.82
8.47
7.56
7.56
5.33
8.47
12.22
10.15
13.13
8.53
6.3
10.15
9.8
6.61
3.78
11.89
18.14
17.53
13.38
11.98
12.42
11.52
12.24
6.94
5.94
16.7
16.61
9.46
17.3
19.12
18.19
15.04
1.28
12.31
13.49
10.88
15.11
15.17
8.73
6.18
10.18
9.83
16.16
15.6
11.92
16.66
19.21
18.04
14.26
15.71
16.13
15.17
15.36
17.62
17.07
5.11
13.34
16.93
11.67
4.46
10.55
12.02
9.99
8.81
12.35
5.25
8.86
-3.8
9.45
9.04
9.36
14.87
14.23
14.81
14.98
13.77
13.25
14.87
17.05
15.49
8.99
-8.43
10.08
11.77
11.8
10.51
11.04
16.39
17.45
14.74
11.87
15.24
13.14
8.53
5.94
10.36
16.25
16.5
13.17
14.36
11.21
11.13
13.56
0.2
15.66
16.25
2.71
15.88
20.16
16.64
6.95
-0.52
2.52
5.06
5.37
13.6
18.79
19.82
18.58
15.13
6.4
9.89
13.95
16.8
14.71
0.92
8.51
11.98
14.1
14.36
2.93
0.53
7.39
13.27
14.5
12.3
11.01
10.74
16.13
15.96
11.42
7.54
5.86
-1.36
0.5
11.78
13.75
3.72
9.19
7.62
12.7
12.93
11.32
11.1
13.02
3.05
13.13
16.94
9.12
3.45
10.14
15.36
18.53
15.24
6.69
9.76
4.02
4.91
8.61
6.07
8.47
14.68
14.63
11.85
10.45
12.68
12.51
12
15.03
18.07
15.8
8.87
8.33
12.86
13.28
11.48
15.55
13.7
4.59
-0.93
3.02
6.95
8.72
2.42
3.29
10.31
12.68
11.62
9.76
14.34
14.39
9.5
9.34
3.74
6.53
13.18
5.5
6.08
4.6
11
10.04
5.8
7.9
10.46
10.21
1.25
9.2
10.88
12.05
12.91
15.31
14.55
8.58
11.7
11.34
12.21
4.23
11.51
16.64
15.37
16.24
8.23
11.23
15.18
16.61
16.82
10.8
2.28
2.91
12.11
13.77
2.35
17.25
18.28
15.79
13.87
14.06
13.61
4.95
11
13.73
14.1
7.13
3.65
11.12
7.84
8.52
12.64
8.8
5.67
13.23
11.54
8.42
5.24
-2.61
-5.6
9.41
12.04
4.72
14.73
17.95
17.02
13.52
14.92
13.52
3.97
2.87
3.05
8.8
13.49
14.8
16.77
13.97
7.93
5.96
3.69
10.79
15.03
14.67
5.81
7.89
-1.61
7.53
14.15
18.03
13.23
17.18
19.22
12.6
2.4
-1.93
10.5
16.47
15.1
8.89
9.31
12.16
11.34
5.84
-5.61
3.75
11.79
10.95
8.3
15.31
18.22
14.93
8.48
11.89
5.88
4.91
10.95
3.34
3.78
3.75
-4.39
9.39
9.72
10.99
12.99
10.74
8.65
11.78
16.28
16.83
12.14
0.53
12.5
15.64
14.96
17.79
20.04
18.91
15.45
8.47
1.74
6.68
11.4
8.54
10.22
5.33
17.16
19.49
17.06
14.1
17.14
12.55
8.32
7.48
2.22
3.3
11.19
9.68
11.05
12.49
14.27
16.37
13.95
1.68
12.16
10.83
7.47
10.46
13.91
14.22
10.58
15.86
17.04
10.89
3.14
9.09
13.52
14.14
12.7
11.57
11.01
12.33
14.94
17.01
13.53
8.82
13.98
16.19
12.94
15.57
19.26
18.55
17.35
12.87
14.6
7.05
11.38
17.74
17.24
15.09
14.49
11.18
8.87
10.33
13.77
13.48
11.33
4.29
15.62
14.98
13.85
14.11
11.26
-0.78
14.06
17.25
14.85
9.32
7.03
5.09
-2.87
5.7
7.86
4.2
16.65
16.04
6
-5.3
3.55
8.59
10.62
12.85
16.95
14.04
-3.25
7.68
2.45
-9.34
-2.75
-0.27
9.58
16.54
15.86
12.11
1.51
16.74
18.64
17.28
15.92
6.87
13.42
17.82
17.84
15.38
3.79
5.97
13.72
16.51
16.21
8.29
6.54
10.8
15.92
17
9.85
11.83
12.92
15.86
14.26
10.66
16.46
15.05
5.44
9.59
12.79
11.31
13.07
12.62
6.99
11.99
13.06
12.07
6.21
14.1
16.79
10.58
13.51
18.73
18.21
19.67
19.2
13.36
7.36
14.36
11.96
4.38
12.06
13.65
13.62
10.95
4.67
14.69
17.05
16.2
14.62
1.52
14.77
10.39
7.34
0.42
-4.62
14.06
19.1
17.97
16.74
16.03
9.71
6.86
16.18
19.03
16.22
6.26
9.55
7.45
9.54
11.06
14.39
14.28
5.13
2.54
9.74
14.11
10.42
6.16
9.86
6.68
4.9
-0.27
13.04
16.44
14.97
12.04
16.42
12.76
15.29
12.15
-3.82
8.8
5.57
-6.15
10.96
9.24
1.79
11.87
15.68
8.83
14.7
17.78
17.55
16.66
6.59
9.69
7.82
9.8
16.39
16.75
11.84
6.49
14.6
15.24
-1.26
15.56
17.7
13.48
9.46
13.69
12.24
12.43
4.87
2.62
5.16
13.04
15.64
15.06
9.98
2.25
7.9
5.4
0.88
9.85
15.02
15.29
13.39
11.75
11.12
10.83
11.26
12.49
13.41
11.22
3.88
6.65
12.56
15.48
11.72
