5.56
11.4
10.65
0.28
2.32
4
-3.95
-4.4
4.12
3.11
-2
10.64
11.53
3.65
9.33
14.23
10.37
-4.01
6
7.12
-4.5
1.21
11.6
15.77
11.96
3.81
-17.19
6.52
8.57
-7.77
10.11
9.96
9.07
7.98
10.96
15.26
14.53
8.2
3.87
8.54
13.66
14.17
1.95
5.76
4.43
-2.05
12.45
15.6
11.46
8.09
1.17
9.93
10.76
10.91
9.71
3.7
11.58
9.05
4.12
10.7
7.89
11.02
13.04
11.02
8.8
15.22
13.78
9.06
8.36
13.77
12.08
6.6
-1.59
5.69
-6.21
13.52
14.91
7.28
1.12
5.62
9.5
6.09
7.59
10.74
11.46
6.49
4.42
7.77
13.66
1.61
13.6
15.14
13.9
8.78
0.08
9.33
6.07
-5.31
5.51
9.81
8.92
10.71
9.76
5.57
6.12
8.49
11.25
9.91
5.58
5.97
1.98
7.98
2.25
9.21
11.62
12.17
8.77
3.54
7.99
9.49
3.84
9.08
11.87
13.44
15.37
13.97
4.63
8.29
-8.22
5.82
7.73
3.26
-0.24
5.18
8.26
5.07
9.29
12.46
9.65
8.73
11.78
8.37
7.47
10.75
9.39
6.26
9.04
12.8
7.5
1.88
15.67
18.98
16.56
10.81
8.57
11.18
11.26
3.04
3.21
9.1
8.75
1.55
4.77
3.66
1.31
8.24
-1.7
9.3
7.31
8.83
12.88
8.8
-2.17
0.86
8.28
9.95
4.9
6.3
13.5
13.98
10.38
10.68
13.47
11.91
12.68
10.58
5.35
6.77
9.63
7.99
6.23
6.17
12.2
12.47
5.66
-1.81
3.72
3.48
2.62
12.01
12.31
11.1
5.4
1.38
3.05
8.6
4.9
2.01
5.47
10.98
9.86
3.35
11.51
12.54
4.2
-0.91
3.41
4.63
11.64
10.66
7.73
12.44
14.66
8.68
-0.67
11.17
12.09
6.05
-5.68
8.22
13.25
7.53
6.61
10.01
4.23
-1.06
4.27
8.35
7.72
2.17
0.44
8.73
10.23
8.47
11.66
14.33
14.5
12.69
14.15
14.1
9.55
-1.75
7.78
12.62
9.19
11.69
12.27
8.53
1
2.42
1.48
9.9
10.92
10.97
10.08
-3.2
4.87
7.58
3.59
5.28
6.75
-1.43
4.93
11.34
12.77
16.34
13.14
0.84
-10.99
9.34
5.39
-0.41
6.01
3.89
5.23
10.7
13.14
9.17
2.51
5.56
-5.59
11.4
11.75
11.02
11.14
3.46
2.5
9
7.99
12.78
11.81
6.06
2.15
-10.1
-0.11
-26.12
-0.94
-1.9
8.41
15.73
14.69
-0.78
7.02
2.56
1.62
1.92
9.59
2.84
3.71
5.92
8.91
9.26
-2.05
10.42
17.64
16.27
1.11
7.94
8.32
5.83
9.89
11.75
5.3
9.81
14.14
15.63
10.93
10.49
13.72
10.73
-3.05
6.2
0.59
6.5
7.06
3.24
12.05
10.12
5.43
8.05
8.18
7.26
7.62
14.11
12.39
1.53
9.14
12.82
4.69
11.93
14.23
12.06
11.42
11.56
15.04
16.61
11.28
0.49
4.17
7.24
10.38
9.38
6.33
8.89
4.04
2.8
10.32
13.91
12.01
2.96
5.39
10.35
2.09
5.69
10.79
14.29
12.54
11.69
12.9
10.63
-8.99
4.44
-9.14
-0.75
4.78
8.23
8.75
8.12
11.93
14.69
13.25
9.04
6.91
11.04
13.74
9.3
8
7.09
4.25
1.67
-5.42
1.84
6.06
5.23
8.21
4.4
7.53
1.23
-0.08
-6.81
3.79
1.94
5.61
10.28
7.21
13.17
13.99
7.48
7.79
8.84
7.58
1.79
0.14
-0.16
10.03
11.52
4.82
10.7
13.28
-1.32
12.88
16.17
15.15
11.1
7.64
1.77
8.04
9.79
4.81
5.57
9.16
3.14
4.47
7.7
12.81
10.81
1.44
-3.82
7.22
8.18
4.84
12.48
12.82
11.34
13.47
3.28
7.63
-9.53
7.43
11.38
13.08
8.38
10.28
15.4
16.3
16.74
14.77
7.97
10.02
10.33
10.99
10.15
-6.72
14.67
16.35
9.05
5.03
6.28
1.57
11.56
11.22
4.08
-0.68
4.57
8.98
9.64
12.84
14.11
15.73
16.16
15.54
15.18
10.34
4.75
10.72
11.73
11.62
13.64
10.93
13.38
15.38
11.4
2.98
7.84
13.38
14.5
12.58
13.53
12.82
12.01
14.54
11.85
9.01
7.01
11.99
7.77
12.4
14.08
9.23
7.03
2.15
-0.01
12.5
15.12
12.89
8.67
-2.43
4.21
8.25
11.91
10.27
-3.84
1.23
7.93
11.46
11.35
10.74
4.95
14.26
18.45
16.23
3.24
-4.12
12.22
13.12
5.41
11.79
12.16
1.85
-5.75
5.07
10.52
10.88
6.41
6.39
-0.01
-0.28
6.28
4.13
8.49
13.1
14.59
12.83
7.06
6.19
8.34
11.67
11.56
11.19
10.49
9.1
10.46
7.13
3.14
7.5
-3.84
7.74
10.1
5.76
1.57
10.59
14.75
13.54
9.47
11.72
13.18
9.47
5.21
19.51
23.7
22.32
18.62
18.63
16.51
15.48
14.36
11.27
11.7
12.27
-6.34
9.34
5.92
-0.23
8
2.81
8.03
12.9
11.75
4.28
12.03
10.29
8.22
4.83
6.33
5.5
1.18
8.39
3.73
6.64
7.42
10.57
12.1
10.32
10.66
6.86
-1.24
-4.45
7.61
8.73
0.95
-32.15
-9.47
2.28
10.86
9.56
5.68
12.96
11.51
-9.95
6.3
14.16
16.05
13.83
3.38
7.23
11.68
14.05
7.63
1.12
-19.2
11.37
14.83
11.8
8.08
-4.38
3.75
3.79
3.3
-2.86
2.13
-5.34
7.1
11.49
13.44
11.22
-4.03
10.63
11.79
12.76
12.71
14.24
10.79
8.22
8.39
6.74
9.7
12.11
8.57
-3.29
1.67
10.05
11.5
10.82
13.28
7.73
4.56
6.42
4.21
3.92
14.88
15.68
11.71
9.57
8.96
11.75
11.96
13.2
13.73
12.63
8.67
14.11
13.11
9.98
8.7
5.95
15.08
18.42
16.17
12.65
15.24
12.72
11.01
6.6
-3.88
12.55
15.91
14.53
14.73
13.99
14.58
14.46
8.72
4.82
9.8
11.89
3.98
4.96
8.36
12.75
8.4
5.12
7.15
4.68
6.16
-11.77
12.27
14.93
13.66
6.15
2.19
7.03
8.92
-21.01
3.73
0.42
9.46
12.65
9.09
9.6
11.46
7.88
3.36
12.29
7.86
5.99
12.53
11.3
-4
3.35
6.6
9.73
8.5
-9.14
7.45
14.82
16.78
13.48
12.11
2.48
7.4
6.06
-13.13
3.18
10.09
10.14
5.45
9.11
7.33
8.01
-1.94
-7.08
3.77
10.25
11.52
7.59
5.73
10.9
8.12
5.62
5.72
7.88
17.73
16.99
16.6
17.92
5.45
7.33
15.09
22.31
19.34
9.79
17.21
21.09
20.94
14.02
9
10.68
5.98
12.95
2.02
12.95
20.86
22.99
21.99
20.58
19.98
23.93
26.4
26.44
20.96
14.87
13.18
7.7
10.8
11.17
23.81
27.07
25.52
22.45
18.51
21.08
18.77
14.73
17.24
4.95
17.72
21.91
17.22
9.37
17.15
22.42
22.18
21.53
25.68
25.98
29.38
30.51
26.18
15.7
2.9
7.37
14.89
14.71
21.17
21.85
18.25
12.13
14.3
17.25
16.52
16.01
22.8
24.69
19.62
17.17
20.12
13.52
11.08
17.71
24.06
26.72
25.56
18.52
18.07
16.75
19
21.93
24.34
20.41
18.76
12.39
18.36
19.66
1.4
8.83
20.86
16.45
25.48
28.91
19.91
18.14
15.59
19.1
20.93
19.41
-2.27
22.09
20.73
21.19
20.25
9.98
11.85
11.12
16.31
19.99
18.25
18.86
20.94
22.91
18.54
19.49
20.05
20.96
22.95
20.81
16.34
17.07
13.91
3.33
7.23
14.16
20.5
22.15
22.35
20.52
20.3
23.97
20.73
14.59
9.31
12.55
16.27
15.97
14.36
25.08
25.11
19.76
15.3
25.69
30.22
27.3
25.12
24.05
15.88
13.68
21.29
20.17
17.23
22.73
26.67
26.44
23.42
20.71
13.94
13.02
17.99
19.02
21.36
21.67
23.6
23.39
23.51
25.25
17.88
17.74
11.55
20.7
24.41
23.69
24.67
22.77
16.07
20.09
13.71
20.51
26.49
27.73
27.24
31.47
33.36
30.33
21.84
20.72
26
24.65
21.18
23.97
24.87
19.46
5.42
11.8
14.23
20.93
25.06
29.41
27.3
24.94
25.71
17.8
8.05
14.97
12.98
17.74
20.34
20.2
26.79
28.87
25.28
19.76
19.85
21.68
25.9
23.34
20.93
23.09
16.83
11.23
19.35
17.48
13.75
21.5
22.73
16.66
20.1
21.7
21.96
16.84
12.37
14.75
20.21
22.68
18.69
10.77
7.86
15.45
12.85
19.34
23.34
22.55
20.24
21.23
23.57
22.5
14.1
11.91
13.72
9.78
13.57
21.23
20.85
13.67
15.54
10.87
23.11
22.74
22.04
17.11
15.39
14.28
13.56
5.49
7.37
11.13
12.56
17.9
23.66
20.87
15.7
16.23
15.78
19.84
23.53
22.08
18.97
22.56
27.94
28.41
22.81
17.75
14.47
5.87
22.58
25.66
21.68
11.18
14.88
18.75
11.11
16.16
8.15
21.23
23.91
23.24
25.21
24.18
20.86
15.32
11.22
13.37
19.77
20.94
17.23
16.72
21.83
16.4
21.11
21.71
16.69
14.35
19.83
20.14
17.43
18.89
17.69
11.24
7.77
18.15
18.66
9.04
8.16
9.01
16.45
6.06
11.47
14.18
15.51
14.01
9.69
5.02
7.49
11.56
14.91
16.14
18.97
21.81
21.14
17.24
12.91
17.3
19.43
18.65
15.79
5.53
12.24
20.65
21.86
17.47
2.95
4.46
5.78
7.98
11.43
9.76
12.74
19.38
22.24
20.67
14.98
2.52
13.32
17.06
13.94
6.33
15.56
12.79
6.91
1.75
15.4
17.9
13.28
11.4
13.89
13.23
11.04
17.54
18.26
9.53
4.34
9.93
8.92
5.58
11.27
13.4
3.24
5.36
1.4
7.17
10.43
7.52
10.7
8.83
20.23
22.09
21.47
18.81
18.11
22.85
23.66
21.15
20.28
21.26
17.69
0.51
14.94
15.85
4.22
15.26
20.3
17.33
18.93
16.48
12.78
16.09
21.59
25.33
23.73
17.89
18.03
17.65
20.69
23.59
23.92
20.27
17.93
23.65
28.62
29.31
25.35
19.94
20.49
21.97
22.92
13.07
16.12
13.76
20.28
24.1
25.38
22.73
18.7
15.15
14.06
19.87
21.61
20.51
20.93
22.75
22.86
20.98
20.28
14.53
13.75
20.84
18.99
18.18
24.02
26.69
25.62
24.07
22.59
16.3
11.23
11.85
19.38
25.75
28.15
26.92
27.02
28.3
27.05
25.88
26.26
26
25.14
24.7
24.13
24.22
25.1
25.48
27.18
27.76
27.27
27.03
27.61
27.45
26.24
26.34
26.66
25.92
26.47
27.38
24.93
18.72
18.87
24.85
20.74
7.26
16.57
21.64
23.96
23.01
19.3
20.78
18.67
22.68
25.58
26
26.37
23.68
16.43
18.63
22.07
22.49
21.22
23.1
18.68
10.22
14.17
22.89
27.04
24.41
8.89
8.08
11.05
13.96
19.53
21.24
22.41
23.54
19.62
8.59
10.33
16.36
18.36
18.63
16.26
2.01
3.38
12.46
22.71
23.27
20.32
20.63
17.64
19.7
11.3
17.69
23.75
24.33
21.45
21.85
22.35
23.09
18.98
14.49
7.74
6.91
14.51
22.51
23.23
20.53
17.96
10.33
1.06
19.81
21.65
16.55
9.9
10.88
19.38
17.97
2.05
12.93
21.44
24.3
20.39
2.73
18.27
16.52
19.61
25.1
22.31
7.72
9.68
17.97
21.38
20.38
1.34
21.33
20.25
14.14
16.33
18.83
22
17.72
19.94
18.01
10.64
20.99
23.26
17.9
14.32
11.8
11.15
18.35
19.45
25.75
26.44
24.08
19.46
12
14.72
20.49
19.41
7.58
17
21.72
24.42
26.61
26.65
23.02
17.76
13.57
12.04
6.22
13.04
17.99
21.91
25.2
27.1
24.48
21.93
17.83
11.38
18.84
19.93
18.47
16.01
17.82
21.49
15.87
13.18
15.27
20.09
13.96
18.45
20.62
18.77
15.72
15.08
21.41
19.37
12.62
16.48
17.76
10.96
2.75
11.83
10.97
19.5
8.65
17.91
18.54
18.04
18.15
19.62
16.22
3.1
10.29
6.35
10.59
7.13
18.57
22.77
21.15
17.61
13.19
6.81
11.45
14.69
19.76
14.15
15.61
21.9
18.53
15.94
11.47
16.33
18.4
13.9
17.39
16.33
15.11
19.72
20.74
18.26
13.48
10.32
12.76
16.63
22.85
26.3
24.61
17.46
13.97
19.1
19.02
11.76
8.78
12.08
15.94
13.54
20.83
23.79
24.54
22.03
21.04
21.89
18.43
7.75
14.77
14.62
14.36
18.11
11.72
11.52
13.17
14.95
15.31
12.09
8.71
5.46
11.99
8.44
12.87
14.52
12.18
8.41
14.7
18.63
17.19
19.54
22.74
21
8.58
9.62
7.38
11.1
15.49
18.72
19.98
19.67
20.96
22.71
23.57
14.64
13.45
15.52
17.41
12.75
11.26
14.86
19.26
20.93
21.2
23.15
23.5
14.45
4.47
17.2
21.24
19.53
17.18
20.6
23.78
23.93
17.02
7.92
8.8
3.7
9.41
8.96
18.24
19.06
14.7
18.73
19.27
21.5
24.77
26.37
25.41
16
9.8
11.49
18.7
19.57
17.27
27.05
26.75
18.17
22.03
27.97
26.42
23.28
23.26
20.65
10.16
12.39
15.74
17.22
19
17.56
13.56
15.41
19.44
13.75
20.65
23.05
-3.14
20.5
20.34
18.01
17.53
15.65
20.17
23.43
21.92
16.44
18.85
13.53
22.52
12.98
22.88
22.7
19.59
13.21
10.72
19.94
20.17
14.28
21.31
20.13
16.62
21.52
22.28
15.23
26.28
26.74
15.92
15.94
21.57
19.57
19.29
21.54
23.04
24.43
19.79
24.58
29
28.41
22.63
21.26
24.78
24.41
21.37
16.21
18.96
25.15
19.59
23.85
24.38
16.99
12.6
15.56
14.06
8.81
19.22
23.62
16.39
21.14
25.48
20.22
20.53
20.34
21.57
23.71
19.78
16
22.11
22.05
22.14
25.93
22.67
15.99
20.93
25.62
25.74
20.18
15.89
19.16
20.96
22.78
22.25
19.74
19.18
23.09
18.58
18.48
21.26
17.39
-7.63
16
22.09
18.43
-4.7
10.87
22.16
25.65
23.86
23.18
24.6
24.08
21.41
28.8
33.89
31.21
17.7
15.28
20.73
22.06
19.6
14.05
20.28
24.43
28.66
24.91
18
20.01
21.52
16.38
22.11
26.19
20.38
30.53
29.28
16.28
16.51
24.42
27.16
21.21
13.41
20.3
25.21
25.52
24.68
21.89
12.42
1.99
11.35
11.8
14.3
14.43
12.44
13.16
21.95
18.88
11.04
24.44
37.58
41.43
36.73
15.37
21.95
24.68
22.57
22.65
23.84
22.17
16.12
15.22
18.3
20.57
22.77
21.94
22.02
14.68
19.54
23.87
17.39
18.99
28.02
28.89
24.87
18.84
16.04
13.94
24.68
40.65
45.73
41.37
22.16
21.02
19.64
23.38
22.51
18.4
15.31
24.46
23.29
18.55
13.44
16.42
25.43
25.26
24.49
23.3
19.81
20.42
20.47
23.2
27.63
20.14
26.01
27.92
17.65
18.97
15.94
13.17
26.82
29.41
23.36
16.43
21.21
20.36
16.74
20.15
9.39
17.83
22.46
21.33
27.78
27.55
18.61
8.2
17.49
25.09
24.51
20.07
26.05
40.32
43.73
38.33
24.84
26.95
28.43
21.36
24.6
27.87
24.39
20.73
23.96
29.35
27.97
19.51
18.06
23.73
21.86
11.98
18.17
21.22
25.98
22.02
10.89
17.84
15.99
19.28
18.05
7.6
21.24
34.93
42.55
41.86
32.68
20.76
22.78
22.85
18.92
15.48
15.55
19.26
21.77
13.67
14.21
20.15
21.01
19.47
22.42
22.23
16.14
17.98
22.65
24.71
24.16
18.83
9.65
14.81
21.17
18.62
13.19
17.46
16.79
19.77
21.36
15.58
9.42
23.63
25.98
21.22
11.34
21.31
24.52
14.59
19.81
14.05
12.14
9.58
17.89
22.35
24.56
24.41
25.62
40.27
44.81
40.46
20.96
29.49
29.48
17.76
23.05
21.89
23.91
24.21
20.37
21.3
21.02
16.62
18.08
21.21
18.37
7.35
5.37
8.13
6.96
13.77
14.31
23.47
30.07
31.2
28.01
22.22
20.96
23.57
23.54
20.6
25.15
30.55
29.55
20.87
17.15
23.2
18.05
14.29
19.88
7.36
23.36
27.17
26.73
-0.73
26.66
26.93
24.22
18.35
15.94
21.42
17.77
15.3
15.17
19.75
22.7
20.59
16.27
22.98
13.07
13.81
16.89
9.39
16.56
21.92
24.86
23.22
26.2
27.47
29.28
31.61
33.27
29.69
18.13
23.72
16.37
27.77
27.75
24.07
6.29
26.7
35.49
36.5
27.26
17.41
31.4
32.09
26.3
35.92
44.33
42.95
33.06
24.51
15.09
20.34
27.22
26.77
22.79
23.19
30.54
35.6
34.14
20.86
16.15
14.82
21.04
24.02
18.75
25.33
28.49
32.15
34.42
33.76
30.94
28.57
28.56
27.63
23.92
14.89
27.81
29.14
22.7
23.53
27.2
31.19
30.9
30.19
30.25
28.76
21.36
18.8
25.42
23.47
18.96
18.77
19.74
26.96
26.92
24.24
33.96
34.08
28.21
24.68
32.47
30.79
26.67
24.64
32.51
45.72
50.49
46.51
34.36
28.14
23.02
21.87
24.39
28.85
39.5
48.5
50.04
43.94
32.88
26.11
26.58
28.71
29.65
26.97
26.57
27.3
28.2
27.22
25.65
28.67
29.33
29.19
27.81
25.68
13.95
18.24
24.45
24.19
21.7
24.25
24.4
20.4
27.88
30.98
27.62
27.08
26.6
29.65
32.76
29.15
26.56
28.81
33.31
32.85
30.06
29.03
23.86
23.35
25.3
32.57
32.22
25.1
22.91
28.61
33.91
31.76
27.73
24.91
29.62
33.71
35.07
31.8
27.03
27.81
34.3
35.83
33.01
28.13
27.47
25.26
23.36
27.25
29.65
27.61
26.69
23.99
13.25
28.08
31.71
30.41
31.19
32.9
33.04
31.7
26.62
25.82
32.05
34.02
27.23
27.42
30.07
29.06
31.17
27.82
30.08
26.71
18.04
29.47
33.67
34.18
33.22
29.14
22.91
30.89
31.71
32.77
32.72
33.89
33.15
29.24
26.4
25.08
27.11
28.29
24.97
29.33
31.69
33.62
33.1
29.47
22.15
18.18
25.64
27.47
29.16
24.93
15.3
23.99
27.4
26.05
22.66
18.78
-8.86
11
12.83
19.94
26.17
26.96
27.21
19.71
30.87
29.89
25.61
26.79
32.2
29.64
26.68
25.15
25.17
24.67
32.63
34.02
29.54
24.9
21.33
21.14
23.34
23.88
22.39
22.92
25.71
27.44
28.24
20.91
20.36
26.85
27.35
24.68
23.72
9.5
16.98
19.32
21.12
15.74
25.16
23.48
21.93
25.32
26
19.25
14.29
10.19
7.32
16.42
23.78
24.4
23.72
26.5
29.77
25.41
23.07
24.41
26.45
22.58
-0.05
18.36
23.33
23.47
23.15
20.65
9.43
12.39
17.26
6.62
16.73
22.17
24.62
18.05
23.32
27.72
30.53
30.66
27.22
24.07
24.3
21.34
14.56
16.2
14.32
14.23
14.87
23.39
25.72
23.41
15.16
26.11
32.25
30.69
25.92
12.53
21.85
24.84
20.77
11.7
24.03
24.19
18.86
12.18
18.2
18.2
24.09
26.2
22.66
23.89
26.39
19.87
16.53
18.68
20.14
21.14
24.49
22.02
21.63
24.22
21.57
15.58
23.99
21.55
21.94
17.66
21.96
26.47
21.43
21.19
20.75
21.11
22.13
24.28
26.01
27
27.95
25.56
9.83
25.23
23.7
17.31
18.53
21.85
14.84
16.9
17.62
23.32
26.63
28.46
26.13
17.79
19.31
23.51
22.23
8.54
15.33
13.11
12.8
7.48
3.34
9.47
13.54
18.15
12.71
17.41
22.63
18.12
19.78
20.89
9.7
27.79
27.98
25.21
20.46
28.35
28.4
27.52
24.28
25.75
28.61
28.7
28.52
25.58
20.93
26.02
32.17
30.59
28.02
28.81
27
22.62
28.02
29.7
26.83
25.62
24.88
8.54
27.12
29.07
26.47
20.76
14.58
26.51
32.11
35.87
35.65
30.72
26.26
30.05
32.7
33.43
33.74
33.33
28.02
17.58
28.71
30.05
27.62
27.48
24.28
12.82
22.95
25.75
27.11
28.35
25.87
24.43
29.58
33.78
32.37
27.01
25.74
25.02
24.93
31.4
35.05
33.32
25.8
22.74
21.8
21.33
25.52
25.76
20.03
18.63
25.7
28.36
28.14
36.32
40.37
35.69
20.94
30.74
31.24
27.11
23.13
11.65
11.65
24.33
28.31
25.79
24.56
24.01
29.37
32.57
31.97
28.1
23.04
26.63
28.08
26.77
31.79
32.8
28.43
22.92
20.09
25.71
31.1
32.25
30.08
21.84
21.78
26.69
24.82
22.17
21.39
12.55
14.93
16.84
15.52
15.18
14.36
18.78
25.61
27.58
28.72
30.11
29.33
30.29
30.35
28.74
29.7
32.15
28.21
24.82
28.32
24.28
20.02
22.01
19.46
5.7
24.5
27.94
26.5
23.94
24.5
27.07
28.75
30.21
30.68
29.76
29.73
28.07
27.26
27.5
23.56
16.5
21.98
22.03
17.61
5.91
20.13
22.65
25.65
21.25
26.01
32.16
32.6
29.63
28.4
23.91
11.39
26.24
29.59
24.86
18.93
25.47
24.4
25.93
28.43
24.75
23.04
27.11
23.98
21.71
29.2
25.84
19.54
23.26
27.91
26.99
26.35
28.33
26.53
22.03
22.59
26.39
26.69
25.09
24.85
27.03
27.63
27.68
31.31
28.99
20.39
11.06
27.25
29.25
23.26
21.26
18.01
17.53
11.5
22.29
22.62
17.12
23.23
25.42
24.05
23.09
26.18
27.85
28.02
23.27
19.61
26.67
27.13
24.68
19.27
15.78
20.17
17.18
17.37
6.27
14.08
21.9
20.16
18.8
21.33
19.86
24.28
23.15
23.99
22.08
6.63
15.21
22.61
25.1
25.33
20.59
23.03
25.21
23.01
17.71
6.2
-0.84
13.07
20.88
16.82
21.49
18.77
15.01
23.14
25.25
9.95
26.83
28.05
22.54
5.87
18.92
14.99
13.79
21.02
15.95
21.73
26.81
24.19
15.44
-0.97
13.4
18.99
20.11
13.83
8.02
13.33
19.41
23.05
23.66
19.69
19.48
23.03
20.22
18.25
18.58
11.34
10.09
22.63
22.03
10.57
6.03
14.21
17.74
7.25
20.5
16.28
20.89
23.73
17.99
12.75
24.29
28.3
23.74
11.16
14.05
17.45
13.67
14.11
16.8
19.93
18.45
5.3
7.67
-2.35
12.92
12.46
11.44
9.46
14.89
16.35
8.23
6.35
21.6
20.3
8.48
16.69
21.36
18.18
17.62
14.87
15.75
18.3
12.7
10.53
16.07
20.63
22.61
23.12
21.17
16.53
18.02
23.98
23.51
14.22
15.41
12.26
13.05
18.03
21.12
24.18
20.24
17.49
13.99
11.56
7.85
18.74
16.52
16.61
18.3
4.7
13.52
21.74
21.03
21.6
25.89
19.18
22.3
23.7
19.43
22.41
14.93
17.74
20.42
21.14
21.36
16.7
9.18
12.02
15.98
12.49
5.37
15.03
20.12
18.94
19.7
0.12
12.53
20.84
24.95
21.44
18.01
12.16
23.52
29.41
27.79
21.33
19.97
20.47
11.02
24
20.42
13.16
18.25
19.21
16.98
19.8
23.15
20.96
6.26
21.09
26.12
26.71
20.3
4.03
9.37
17.79
26.39
27.99
23.14
10.83
24
24.63
20.07
6.22
10.94
16.62
19.33
13.36
13.52
6.87
17.72
21.83
21.01
18.62
22.97
27.46
27.16
21.83
19.37
22.03
22.29
2.83
19.97
24.39
19.15
19.14
12.15
16.01
16.83
12.17
19.82
17.96
20.06
20.12
15.04
14.81
14.77
14.53
14.41
15.2
21.92
16.61
5.96
16.87
19.72
15.79
15.73
7.02
18.02
17.11
17.75
3.84
17.06
15.66
18.7
18.26
17.24
24.1
20.4
6.74
8.11
11.21
15.84
16.84
17.98
22.91
24.74
26.37
27.61
27.03
22.66
20.93
30.09
29.29
24.92
11.65
16.11
17.66
19.5
11.87
19.3
16.18
17.17
21.72
24.93
19.33
6.3
22.93
25.49
20.71
19.76
22.95
21.75
12.69
18.22
25.39
24.09
8.29
17.1
19.66
23.62
26.92
26.64
26.34
23.17
16.74
23.78
19.56
19.66
19.45
21.04
23.15
20.49
24.21
26.53
34.45
37.53
32.49
6.63
15.37
13.07
13.49
19.45
28.52
27.26
14.52
12.17
6.34
17.25
14.9
22.02
22.52
19.86
22.45
26.28
26.79
26.67
24.25
23.51
22.46
23.05
24.3
21.54
12.62
17.58
20.15
18.76
11.54
19.56
24.95
23.69
18.7
12.83
15.66
6.49
17.71
20.05
15.06
25.02
26.12
19.11
18.15
20.3
19.89
20.85
19.16
18.98
18.32
19.12
18.86
10.98
18.21
16.21
-12.6
14.16
9.41
14
16.51
22.19
23.71
22.36
21.99
16.19
17.19
18.36
0.28
13.38
13.59
21.67
25
24.58
21.36
21.06
23.39
22.88
15.04
15.07
19.42
21.95
22.38
18.61
18.84
21.92
29.33
29.37
19.55
12.44
20.63
22.78
14.41
19.57
20.53
10.25
14.67
20.22
22.15
19.39
17.34
16.87
16.08
12.42
14.62
19.53
23.01
24.12
25.97
23.8
12.09
16.82
19.2
22.87
21.3
14.2
20.45
12.49
14.47
19.82
20.36
19.55
17.33
8.75
5.76
18.61
24.42
22.79
18.38
24.01
23.4
20.76
25.63
26.1
24.34
21.13
16.54
15.93
15.37
11.61
12
4.91
9.6
11.15
14.3
16.88
15.65
12.59
20.45
22.69
22.76
20
12.85
17.88
19.3
22.44
24.99
26.85
25.01
21.08
22.67
19.6
18.19
16.81
11.55
15.97
9.82
21.11
18.45
2.66
14.51
18.47
23.32
24.76
24.55
22.33
7.36
15.78
19.21
18.71
17.08
4.81
15.57
9.6
7.42
14.53
7.05
12.86
11.16
12.36
12.36
15.89
22.03
24.55
24.43
19.71
11.58
18.39
16.14
14.47
6.89
14.75
20.14
23.97
22.88
23.26
23.66
18.24
21.9
21.9
7.38
18.46
20.41
16.92
18.35
18.92
12.18
15.85
21.6
25.18
21.25
23.7
26.75
23.97
11.34
12.01
13.25
19.33
16.05
13.66
18.84
21.77
23.37
18.97
12.39
10.31
7.26
9.71
16.23
23.09
24.12
18.59
13.08
19.84
15.51
13.25
17.11
22.38
23.05
20.44
20.82
16.51
9.44
1.41
16.54
18.95
18.15
16.76
15.89
14.91
10.76
8.54
6.08
12.41
-5.1
17.74
18.46
12.32
8.2
9.66
13.4
15.55
15.16
16.15
16.5
8.67
11.54
15.25
15.71
10
11.39
15.67
16.22
16.44
14.95
8.83
13.89
10.05
14.55
19.51
18.08
7.97
14.58
18.71
13.94
13.65
14.25
20.22
18.86
13.67
12.3
14.77
18.9
22.45
20.55
5.98
14.74
15.4
16.06
14.84
7.21
15.26
10.96
19.15
18.92
11.17
7.54
16.43
18.63
18.1
16.79
9.87
12.83
15.22
12.74
12.36
16.51
14.04
0.61
16.2
19.26
16.43
-1.96
11.6
16.73
12.02
11.48
9.92
8.04
11.65
-1.08
1.41
1.46
-9.67
7.31
10.41
7.22
9.64
17.24
17.31
11.31
10.85
2.23
-0.44
3.9
12.78
15.86
17.81
15.2
15.04
20.25
21.34
16.87
10.97
13.32
10.36
12.5
6.15
12.68
17.91
13.99
10.89
11.45
15
16.81
15.84
12
1.08
7.15
16.46
16.75
11.65
8.5
-3.11
6.02
9.51
6.64
7.07
1.23
-2.94
11.35
17.21
16.9
7.12
11.67
18.89
16.82
6.99
4.45
1.08
7.16
18.79
17.15
8.15
13.75
15.69
16.73
16.23
13.85
12.11
17.17
16.76
14.28
9.41
7.57
16.83
17.33
3.33
14.18
11.09
2.74
8.46
13.07
10.31
9.05
12
12.82
9.3
5.88
2.45
12.88
10.86
10.73
8.91
3.08
6.7
9.99
14.98
8.13
10.64
10
16.46
14.16
14.1
20.13
14.05
16.03
7.06
17.53
17.16
13.87
17.62
4.17
16.49
9.35
-2.26
4.03
14.45
13.25
7.63
15.47
7.35
13.16
13.66
6.72
10.84
11.23
4.36
10.32
12.74
17.89
19.44
15.4
15.7
10.77
11.71
12.12
19.92
20.9
14.66
5.45
8.9
13.9
13.9
14.66
15.2
14.96
17.25
18.65
13.69
6.65
12.67
15.76
9.83
3.63
12.14
8.81
18.7
17.71
16.5
15.9
11.73
8.24
13.95
17.08
18.88
15.64
4.76
8.58
7.51
9.01
-4.4
8.79
-4.86
7.22
10.51
1.52
14.22
15.59
18.71
19.35
18.53
16.75
1.21
8.38
11.63
15.56
15.75
13.36
9.66
13.17
18.64
18.3
16.96
11.84
8.75
13.79
18.47
17.74
11.28
11.58
10.2
17.06
16.51
16.07
18.3
16.3
12
18.82
18.57
21.59
16.43
20.59
18.94
14.07
13.96
1.45
5.47
16.36
17.07
12.61
14.64
16.51
19.51
18.01
17.98
20.56
17.38
21.65
15.97
11.46
12.7
5.67
13.76
18.69
17.14
13.18
3.65
13.61
16.69
4.94
15.92
16.91
18.56
15.9
3.85
1.95
-6
8.92
11.6
13.31
20.48
20.12
17.07
20.13
21.08
16.28
16.3
14.1
2.56
11.42
10.99
1.51
12.02
18.66
15.26
14.16
21.14
20.52
15.66
13.6
16.94
16.68
15.53
13.06
19.1
17.95
10.82
7.57
8.09
13.47
13.85
16.54
18.67
18.41
20.24
18.23
12.79
9.12
11.1
18.86
21.72
19.49
6.86
10.78
10.27
9.09
2.45
9.17
11.99
10.54
7.91
4.41
6.5
11.58
-4.52
12.37
11.56
3.04
11.05
13.36
12.73
16.74
19.46
13.56
17.18
19.47
17.04
9.06
14.25
19.68
22.49
21.74
12.07
14.19
21.91
20.76
19.75
22.09
17.33
19.4
18.36
15.93
18.44
20.39
20.12
20.58
17.29
8.03
6.54
17.61
21.58
24.3
24.35
20.94
21.54
24.33
24.33
23.32
21.76
21.42
20.48
16.9
8.33
15.75
22.08
21.93
23.33
22.02
17.08
18.96
17.71
15.26
6.43
8.4
10.58
15.71
17.55
15
17.88
15.27
17.58
19.65
20.28
19.25
13.9
12.49
18.62
19.79
21.47
23.09
22.81
22.38
20.64
19.14
16.92
20.64
19.72
1.96
17.88
19.53
16.23
14.55
14.67
15.66
15.37
13.57
22.77
21.35
18.53
16.05
18
15.63
23.18
21.7
15.79
14.45
16.27
10.43
15.32
10.53
6.07
16.86
20.9
16.64
4.76
16.64
13.46
12.73
14.73
17.65
18.87
18.58
21.89
19.71
20.74
20.23
18.3
12.42
5.99
10.02
12.85
22.21
25.09
21.28
19.53
22.73
20.75
11.46
1.44
19.64
21.43
17.67
13.67
12.53
9.3
20.51
18.95
18.68
17.5
17.86
19.18
19.61
22.95
22.13
20.08
18.85
23.92
23.18
17.9
17.04
23.82
24.77
20.05
19.46
20.42
22.59
17.13
15.79
18.64
8.88
20.52
21.63
14.97
9.03
14.9
16.58
17.58
12.91
20.18
21.72
20.4
18.09
2.95
18.75
18.38
14.18
17.89
18.23
12.1
14.83
20.91
20.72
11.71
9.73
15.41
15.21
20.06
22.67
19.43
12.45
17.91
21.95
22.25
22.38
17.23
13.04
18.03
13.8
17.67
18.01
16.82
15.43
18.38
22.16
18.58
19.15
22.22
19.61
21.18
22.24
18.29
21.22
20.69
-7.11
14.97
15.34
15.51
8.53
-8.17
13.05
19.37
19.59
17.77
17.57
21.67
21.89
20.12
12.54
2.33
10.6
12.92
11.94
11.43
17.71
20.61
18.8
18.26
19.97
18.24
13.99
18.88
22.08
13.92
17.57
21.25
18.89
13.28
9.08
18.34
21.02
15.5
8.15
7.31
13.01
20.21
20.01
10.18
17.69
9.09
21.98
19.9
2.39
17.82
18.96
18.12
15.65
17.35
22.02
21.65
10.68
14.65
18.38
17.95
10.52
16.77
20.27
16.6
3.14
14.06
21.22
23.46
20.54
14.03
10.42
15.13
15.12
13.6
14.55
11.66
11.08
16.7
17.62
12.95
11.57
1.87
4.59
6.62
14.23
18.91
20.5
21.69
20.32
19.68
20.99
13.07
8.52
15.13
15.46
17.22
22.43
25.76
23.68
19.04
14.66
11.28
18.03
15.34
13.09
14.22
14.6
14.7
16.48
18.62
20.17
16.74
13.93
18.09
6.67
0.54
11.83
20.39
22.88
22.04
18.43
14.21
18.78
20.73
15.78
8.12
15.18
19.88
18.8
13.32
18.8
20.82
19.69
15.99
7.32
0.01
-2.07
6.55
14.11
14.65
17.74
21.22
19.49
15.65
15.26
17.6
15.84
-0.19
17.37
20.7
18.32
3.62
-0.31
12.05
11.55
10.86
19.67
21.79
18.19
3.55
7.64
12.47
10.1
12.04
12.77
13.35
20.37
22.99
22.31
21.86
19.7
12.92
9.74
10.82
3.55
9.31
16.73
14.7
10.68
11.66
10.39
13.57
19.36
20.08
18.95
12.17
12.04
14.39
11.34
18.31
13.48
14.81
21.66
21.79
7.52
7.9
16.15
18.38
18.5
22.32
22.45
15.25
2.17
15.56
18.61
14.92
17.18
20.84
22.36
20.05
16.07
16.41
12.57
11.09
13.64
19.87
20.12
16.84
14.51
10.35
14.25
13.95
15.89
11.83
13.48
17.06
14.26
11.84
8.89
17.44
15.86
12.88
17.16
16.72
14.15
15.56
18.94
17.56
7.35
9.25
16.26
18.25
17.39
16.02
16.71
16.52
15.12
12.31
13.07
16.94
22.01
18.01
19.73
18.67
12.27
15.91
6.64
10.93
8.58
6.67
14.97
11.84
9.13
12.67
15.5
14.15
14.33
18.96
20.25
20.63
18.79
16.7
15.54
16.13
18.97
20.31
14.26
16.46
17.66
11.41
9.99
12.6
18.65
20.95
15.86
11.46
16.96
14.67
8.04
13.88
16.79
21.96
23.26
19.29
14.57
18.17
18.76
13.77
19.77
10.69
12.68
17.42
16.79
6.72
3.55
13.84
14.18
1.03
14.42
13.38
-3.42
9.83
18.85
15.61
13.38
1.62
14.71
15.16
-0.36
6.99
11.93
13.87
9
14.98
19.54
17.22
10.15
13.38
11.75
5.85
12.13
-0.54
11.2
12.15
11.13
15.55
13.78
15.53
20.49
18.53
13.37
-0.64
6.94
9.02
11.1
11.75
16.64
16.93
8.84
10.05
12.98
-1.62
13.13
15.76
12.86
2.13
11.16
13.04
15.88
18.25
19.94
22.03
21.67
18.46
14.06
1.72
6.23
13.43
16.72
17.25
8.56
14.02
12.62
-12.3
14.38
15.69
-5.67
15.75
19.11
16.34
8.68
11.65
7.93
9.02
10.92
12.46
13.74
10.1
10.86
16.02
16.91
9.09
8.79
7.84
6.33
2.7
7.63
13.62
16.01
15.84
11.25
17.97
13.6
2.6
6.33
15.02
14.18
20.53
21.94
18.11
12.61
12.69
13.98
8.18
13.77
15.21
14.82
18.52
20.68
19.92
19.23
17.51
12.14
8.54
11.47
15.59
12.58
14.61
16.62
17.9
12.75
8.67
10.34
16.48
14.19
11.39
15.44
17.15
13.06
7.8
6.39
7.62
10.46
-9.45
10.4
18.02
21.59
17.45
13.31
16.54
17.25
16.33
13.52
5.09
7.6
8
13.46
16.57
17.31
15.82
12.66
13.08
16.56
15.15
12.07
8.33
12.61
8.05
4.3
5.07
10.72
14.31
9.34
8.25
7.77
14.12
20.39
17.22
7.78
14.52
14.91
11.53
14.37
18.85
21.13
18.84
12.89
13.01
13
3.21
14.61
19.19
20.74
20.44
12.99
2.61
12.71
10.8
8.37
0.95
6.36
9.18
9.82
-9.44
10.1
-0.2
16.51
20.65
19.85
13.85
2.38
6.78
13.13
12.35
1.37
8.76
11.26
14.39
14.59
13.18
5.1
7.29
13.35
16.54
17.93
14.84
7.63
12.65
16.81
15.48
10.88
12.95
12.51
8.82
1.67
8.49
9.46
9.72
14.91
15.83
17.21
16.37
15.36
13.49
15.3
16.64
18.6
21.67
19.21
12.71
15.2
17.98
14.07
5.06
11.35
15.55
12.51
14.52
17.9
13.22
6.19
13.61
13.12
11.63
8.35
11.69
6.89
11.7
15.5
11.79
10.07
15.03
18.15
17.09
14.27
14.77
14.98
11.41
-3.43
2.96
7.43
9.87
4.57
11.43
11.07
14.07
15.54
14.26
13.64
10.13
11.74
10.78
10.74
3.27
9.27
6.5
16.38
17.49
10.8
9.53
1.97
4.63
5.47
2.26
9
11.05
10.99
10.66
12.09
16.47
12.99
8.27
10.65
9.37
11.06
14.9
13.15
7.26
13.68
11.89
11.88
13.57
13.23
10.05
3.99
10.91
-26.83
5.22
9.2
16.97
17.31
14.99
11.8
15.8
15.86
12.23
8.25
6.16
12.94
14.75
12.38
11.79
12.76
14.9
18.14
14.23
9.52
15.63
15.68
12.67
6.67
14.52
9.61
13.9
16.38
15.38
13.73
7.89
-1.96
11.75
11.22
10.13
10.79
-0.26
4.89
13.79
15.34
16.16
12.43
15.46
18.05
17.14
16.22
16.49
13.68
5.99
10.72
5.96
3.93
6.77
18.88
21.05
16.81
11.2
13.4
8.82
12.75
17.86
18.13
9.13
7.79
14.88
15.28
3.5
12.95
8.33
12.15
15.09
10.15
7.79
8.33
6.96
10.49
10.06
7.38
8.33
14.93
13.38
14.16
16.82
12.02
3.7
13.58
11.34
10.15
12.45
13.23
13.79
9.91
7.19
16.98
18.79
16.87
13.27
9.72
10.98
12.2
11.49
14.32
16.31
15.33
16.01
15.21
16.01
18.65
20.72
19.92
17.19
15.84
13.89
12.04
12.52
12.22
13.71
13.41
9.22
6.5
11.39
9.2
13.39
13.82
7.5
4.36
9.37
3
5.94
7.64
12.57
17.23
18.83
17.66
16.34
14.73
10.4
13.21
17.11
15.07
16.59
18.97
16.96
14.48
12.92
12.14
-1.08
13.27
13.99
3.11
-1.85
-10.07
13.33
13.87
8.4
13.92
19.37
21.46
18.22
16.56
17
17.67
18.41
16.21
17.56
20.67
20.04
13.64
6.2
-2.89
11.65
12.87
-5.26
12.82
12.6
8.27
1.4
12.06
12.16
10.02
13.13
15.59
15.36
18.21
20.79
17.97
11.06
2.87
3.29
13.61
17.47
16.83
16.05
14.32
8.94
2.71
7.22
1.1
8.06
14.85
17.38
14.2
11.45
5.14
1.93
3.03
11.44
13.41
17.18
17.02
13.66
16.54
16.8
13.09
10.17
16.22
19.48
19.5
17.08
16.37
14.37
12.71
12.7
13.07
9.93
5.76
10.82
1.1
11.78
12.09
10.65
-8.6
12.17
13.51
5.22
10.67
15.01
10.58
10.7
15.24
16.48
14.33
13.93
12.09
10.23
14.51
8
6.13
12.81
8.38
7.54
6.86
8.86
3.4
16.74
17.74
13.54
19.05
16.77
11
12.95
9.6
9.16
13.49
9.44
14.96
14.53
7.77
7.68
-2.11
12.9
9.86
17.43
17.33
13.87
12.55
14.49
12.74
14.35
10.28
-3.14
14.68
19.09
14.46
11.21
14.56
13.8
11.74
3.83
16.85
12.73
0.72
2.02
16
18.96
18.53
16.97
15.95
12.03
5.13
16.33
16.94
17.38
17.82
17.86
14.17
7.96
17.04
18.79
13.83
12.96
15.1
11.48
9.66
10.25
5.97
10.44
8.32
12.05
16.66
15.73
11.43
-9.06
12.17
12.35
7.64
14.7
13.13
10.49
11.8
7.8
1.14
13.54
15.88
9.43
-8
12.17
15.65
13.48
14.25
-6.99
8.66
8.18
9.85
5.92
0.53
8.19
8.64
-0.13
13.06
10.85
8.51
10.41
13.86
9.94
12.2
16.44
11.24
4.23
-7.3
-0.16
4.3
16.17
20.41
19.79
15.31
8.48
8.29
12.13
6.83
17.69
18.99
15.64
7.26
14.3
13.43
-2.2
-3.37
4.57
-0.17
12.54
17.95
18.23
14.42
9.65
11.37
11.37
1.04
12.34
16.47
18.33
14.43
5.93
13.9
5.95
13.37
12.51
14.9
17.79
10.98
11.55
-4.41
6.75
8.74
9.7
15.46
17.95
14.83
9.47
10.54
14.81
17.16
14.48
9.82
17.21
19.68
17.6
14.39
13.69
16.57
14.65
6
11.96
14
12.02
1.46
8.2
5.45
7.56
9.77
3.74
13.54
17.66
15.86
11.32
8.85
11.92
7.83
12.96
18.16
15.89
8.08
5.68
-0.26
10.86
11.05
10.53
11.48
3.18
8.93
9.23
15.31
15.9
7.5
0.79
5.41
1.37
4.7
9.33
12.79
4.11
5.5
12.88
16.65
10.58
11.68
17.67
12.98
6.05
15.06
15.61
6.39
7.25
15.38
15.43
14.06
17.22
9.43
7.26
10.34
11.4
7.32
8.96
17.06
17.78
15.32
5.58
11.46
14.34
9.73
18.11
19.65
18.13
8.72
9.26
13.54
19.53
17.8
8.55
12.4
7.57
3.06
4.07
5.08
-3.04
7.29
11.5
10.47
9.6
3.57
11.61
15.09
9.77
7.34
3.56
9.55
9.99
0.68
11.47
13.5
5.48
6.06
12.19
17
17.17
6.92
14.22
18.38
15.93
14.47
18.64
15.46
10.5
4.95
7.11
8.34
8.93
14.21
14.64
10.7
15.6
19.16
12.15
16.47
19.55
15.8
5.79
5.23
5.92
13.18
10.48
6.61
10.6
3.87
13.51
16.9
16.2
10.96
-2.06
11.02
16.64
17.24
12.76
3.56
6.23
11.24
16.21
15.23
1.05
7.5
7.45
12.79
11.18
3.9
11.82
2.71
-0.38
3.58
15.29
15.05
1.03
-3.82
9.97
11.73
8.61
4.08
4.55
3.32
6.28
6.25
11.26
13.72
18.39
16.1
12.16
15.52
13.14
11.71
16.52
15.49
12.92
16.03
17.78
14.35
11.77
13.83
14.04
6.39
2.34
11.51
13.69
8.02
7.55
16.61
18.9
14.96
9.27
11.76
4.17
12.24
15.84
14.79
10.53
11.6
12.76
5.83
11.59
17.22
11.15
18.36
20.15
17.75
18.26
10.1
13.28
19.34
16.87
-0.33
17.84
20.39
15.66
9.92
9.51
8.83
11.21
0.83
17.15
18.73
13.26
8.04
9.51
13.4
17.74
17.71
14.36
14.51
16.27
11.15
14.2
13.16
11.25
7.32
10.89
15.85
15.64
10.61
-1.66
8.46
-2.28
12.2
5.84
8.92
11.78
6.77
9.96
15.96
14.93
12.54
16.11
8.16
10.52
10.72
16.8
12.51
11.58
16.71
15.54
5.62
9.11
14.88
16.05
13.34
1.11
10.75
14.17
12.5
9.18
10.74
12.92
6.52
4.65
1.38
10.92
10.97
17.1
16.39
13.66
17.11
11.76
6.02
13.74
18.28
15.66
13.71
12.16
0.26
6.98
12.09
10.44
-0.78
10.75
12.23
3.89
15.53
18.42
15.87
7.59
-6.55
-7.49
-9.34
5.57
-1.48
10.77
11.56
13.77
13.77
14.57
13.94
8.85
11.84
13.86
14.41
7.02
13.68
17.56
17.18
13.38
8.32
5.46
8.4
12.92
16.36
14.77
5.07
11.46
13.09
7.94
5.55
13.73
15.71
11.02
8.91
13.7
14.14
9.32
2.08
6.54
3.68
2.67
10.32
12.45
8.94
-6.67
6.23
10.35
14.18
15.32
12.7
11.02
8.37
1.77
12.13
15.5
7.44
6.72
9.44
1.28
2.05
-3.37
6.86
13.09
14.01
7.77
0.14
12.12
13.61
11.64
-9.34
9.96
5.92
10.15
-5.76
9.7
0.3
5.86
-3.76
1.04
6.29
13.48
13.91
14.41
16.26
4.01
7.17
8.63
12.38
14.45
10.62
10.1
17.43
18.79
14.17
9.38
14.94
10.65
7.7
13.1
10.52
-13.13
6.77
7.56
9.21
4.34
7.53
7.31
10.37
10.43
9.96
14.62
12.8
-0.86
10.65
11.63
6.91
3.76
10.2
14.58
15.47
15.16
12.7
13.13
12.07
9.62
6.77
5.06
12.65
17.81
17.36
12.74
10.34
13.04
14.98
14.83
8.24
7.74
5.27
10.54
16.46
17.56
15.76
16.49
11.41
17.11
18.76
14.85
12.96
14.96
16.07
16.6
16.71
15.68
7.85
4.71
16.4
17.56
9.82
9.84
14.34
13.84
11.47
15.41
17.92
16.83
4.04
14.11
17.01
15.9
11.46
12.91
15.76
13.3
9.41
7.15
5.93
13.44
7.88
11.65
11.81
7.22
12.93
13.34
10.73
8.18
13.35
13.36
7.24
6.36
7.48
1.06
9.53
9.67
1.4
-12.48
9.72
10.72
9.99
10.09
11.39
15.35
16.16
8.31
-1.64
6.67
12.59
8.08
2.84
-6.55
5.27
-9.3
9.77
10.38
6.73
15.73
16.76
18.33
16.07
8.37
3.21
7.15
12.02
12.84
11.37
8.69
5.87
11.51
12.21
11.17
6.91
-0.28
-15.48
3.42
-0.21
-5.61
11.75
15.29
15.38
16.94
12.35
9.9
16.07
17.17
17.92
18.4
15.21
10.62
12.05
5.12
11.38
13.74
10.84
9.96
11.51
11.05
8.79
7.82
9.1
13.84
15.35
3.32
12.71
11
-0.01
11.63
14.22
9.15
14.09
13.45
10.39
1.04
12.69
15
15.48
17.39
13.76
14.55
16.2
14.02
14.59
15.35
10.68
4.98
13.8
17.19
15.37
4.82
13.87
15.15
9.47
8.93
10.45
9.27
8.91
18.11
20.11
15.47
8.48
6.75
17.51
18.27
11.45
9.29
9.87
10.36
8.41
11.84
5.34
10.8
8.48
2.73
9.99
9.39
-1.32
11.32
15.01
15.75
11.88
10.19
5.33
14.06
16.01
12.51
1.85
6.89
11.31
15.14
12.79
1.92
-0.12
5.49
6.68
8.51
8.83
10.33
9.33
3.6
11.72
16.6
15.3
6
-0.8
11.91
16.33
15.84
10.74
6.85
7.01
4.45
12.66
13.1
7.78
14.26
7.83
2.52
-11.14
8.59
9.13
0.78
4.72
9.61
2.37
-6.12
8.74
12.32
10.05
12.71
11.84
6.43
5.31
10.57
14.13
13.51
13.05
17.7
18.62
14.64
10.56
12.26
12.41
12.89
4.82
2.96
10.3
9.66
7.67
7.17
9.61
14.73
12.17
3.21
11
15.44
10.46
3.13
-0.52
5.23
10.15
15.1
10.51
14.12
6.23
1.87
5.54
7.75
11.94
9.3
1.62
-1.9
-3.94
0.83
-1.03
6.87
7.95
8.72
-7.62
5.73
8.07
5.75
7.49
7.08
7.46
5.62
6.61
0.2
4.57
8.07
-2.14
7.16
7.9
9.61
12.49
14.34
9.76
15.1
8.79
-1.58
2.74
9.56
10.14
11.93
10.75
6.1
9.78
0.12
10.92
14.73
12.02
15.74
17.99
15.41
11.2
9.53
7.21
12.35
15.1
8.58
12.46
16.17
14.02
9.74
9.32
9.07
10.36
6.97
0.12
-10.45
-1.08
9.96
16.51
15.02
-8.7
12.61
15.2
16.39
15.86
10.81
-1.06
9.11
12.92
10.56
14.75
15.62
13.33
8.18
7.45
8.87
3.99
11.19
-4.22
13.29
11.98
10.28
13.45
16.6
17.06
16.46
9.2
10.45
11.01
12.25
14.89
12.79
11.44
15.4
13.58
9.78
15.91
18.35
18.41
16.98
18.19
13.7
-9.39
3.88
2
10.8
13.21
11.01
9.22
12.04
12.73
5.3
15.75
17.3
15.06
9.62
4.34
11.09
9.37
12.97
14.39
7.8
12.5
16.42
16.29
10.01
-9.42
9.62
11.07
5.14
3.23
-0.02
12.07
9.98
12.83
16.25
18.79
17.71
9.73
10.32
7.71
10.86
16.94
15.79
9.86
10.51
10.67
1.19
14.34
14.03
12.76
12.33
-2.89
10.78
14.02
10.15
8.84
13.08
13.85
13.56
14.77
11.96
9.88
6
8.26
9.19
8.49
14.03
20.56
18.35
13.56
16.71
17.39
14.96
10.67
5.11
13.74
16.84
20.2
21.61
19.81
16.08
13.75
9.22
5.84
13.98
16.89
16.01
16.95
15.97
13.79
14.5
16.44
11.15
10.97
17
19.28
18.7
17.65
11.55
1.92
10.36
1.71
13.75
16.61
14.54
13.75
14.19
11.34
9.4
13.92
11.64
13.86
18.21
15.95
0.11
13.15
12
12.07
17.52
22.8
24.57
24.29
22.41
18.04
12.95
11.64
10.48
4.51
11.51
16.53
17.26
10.9
6.38
10.98
13.47
18.92
18.25
11.93
0.04
-0.1
5.15
-13.85
2.91
11.91
17.76
20.62
21.39
18.93
11.73
8.17
12.48
14.11
11.76
12.64
11.35
8.6
0.41
2.11
10.12
9.92
12.35
14.51
13.84
12.16
10.42
11.29
11.44
7.49
5.9
8.94
12.84
14.83
12.02
11.2
9.17
16.59
13.88
7.43
6.57
8.95
9.42
2.74
-0.19
10.6
10.75
6.1
9.24
9.41
6.48
-1.71
11.78
14.93
15.64
12.28
-1.42
6.26
6.33
14.82
16.68
16.62
15.02
8.53
4.15
9.54
6.53
9.94
10.75
16.2
14.21
10.78
11.22
-8.61
2.56
7.91
3.95
12.51
9.37
-4.75
0.38
-7.66
11.44
14.78
10.39
6.05
7.75
7.16
14.76
10.49
8.93
8.55
6.66
10.88
10.82
16.25
12.4
13.77
9.99
17.13
17.85
14.22
11.84
15.66
15.07
12.85
11.68
9.94
10.83
11.79
12.25
15.46
18.11
12.55
8.9
12.42
8.66
6.88
12.9
14.72
11.01
7.32
4.5
11.23
4.78
12.75
17.11
15.46
10.33
11.24
9.85
16.7
17.54
15.63
12.42
10.35
6.66
4.11
12.59
13.57
12.53
11.72
10.87
9.55
13.72
14.33
11.68
9.38
4.97
-6.72
-3.64
10.07
15.88
12.11
9.33
16.11
12.19
4.8
11.92
14.48
14.23
14.8
14.96
14
