-15.78
8
8.17
6.84
3.52
0.58
-2.01
-3.93
5.96
9.72
5.23
3.15
9.11
10.26
13.11
15.64
16.67
16.41
10.11
7.94
16.9
15.89
7.26
2.41
10.79
11.25
5.51
-6.79
4.68
8.33
11.41
9.84
9.04
11.64
10.84
13.08
14.77
11.61
9.45
10.03
9.55
-2.93
13.03
11.35
10.04
11.48
5.82
8.71
-3.11
5.85
9.67
10.75
11.52
10.46
5.38
8.68
13.38
16.07
13.06
7.33
5.94
1.31
4.9
1.68
3.33
9.45
11.08
11.33
12.91
15.02
14.71
10.96
13.19
12.95
11.42
9.66
12.6
9.86
-0.96
13.81
16.09
12.79
-6.33
6.52
-5.1
6.31
6.78
8.61
8.37
5.25
13
18.07
15
3.86
5.04
4.63
11.86
14.48
13.74
8.17
10.21
8.27
11.72
14.61
13.19
8.91
10.76
5.94
12.99
17.38
17.13
9.59
3.43
3.34
7.15
8.07
-0.84
11.77
9.87
10.18
11.21
12.98
15.82
12.31
0.73
5.17
9.05
7.58
8.37
11.94
12.43
8.15
-6.77
1.39
7.42
0.69
5.97
-6.15
10.64
6.44
9.7
15.35
15.25
8.54
-5.35
-1.03
9.27
13.95
14.62
11.28
9.04
13.96
13.09
4.99
8.2
5.8
-4.51
9.09
8.72
6.47
9.09
8.58
-1.44
-14.33
6.23
12.85
12.14
5.53
3.71
7.08
11.8
13.48
10.3
3.08
9.85
9.65
4.01
13.72
15.23
13.2
7.93
-1.6
-2.25
11.5
14.09
1.01
8.55
6.19
6.64
13.76
9.02
10.47
14.67
12.91
12.32
13.21
9.65
12.45
17.36
18.3
18.23
18.28
13.1
8.11
15.29
16.88
14.13
6.21
9.16
10.76
6.54
12.45
8.86
8.96
11.78
6.97
6.31
7.57
-2.23
3.13
12.62
15.43
15.32
13.01
6.88
9.22
6.42
-0.08
10.22
15.62
12.79
3.08
-1.31
7.04
13.84
16.83
14.62
7.54
3.66
7.74
9.51
9.62
8.61
6.81
1.79
4.12
-0.66
3.97
9.69
9.2
6.23
8.94
8.93
10.3
11.44
6.77
5.14
4.13
8.67
13.5
12.95
2.63
6.82
2.21
11.02
12.41
9.91
1.01
8.93
12.32
14.95
14.39
10.28
3.91
-4.37
7.08
7.28
12.24
16.34
16.4
15.21
10.79
-6.58
1.19
-4.06
1.1
9.79
11.52
9.89
12.79
17.7
17.7
13
11.08
10.46
2.64
6.52
10.99
9.01
3.71
11.21
10.36
16
16.71
13.9
4.48
3.12
8.07
17.07
19.22
14.4
5.2
8.59
11.22
9.7
9.42
7.06
9.11
3.18
11.82
15.08
13.62
10.95
11.1
13.5
7.48
10.25
13.91
15.14
13.73
14.67
14.53
12.45
12.2
12.76
11.35
12.23
8.33
4.74
8.54
8.04
5.61
7.45
12.75
10.86
8.55
7.4
13.68
14.56
12.31
10.34
11.22
7.03
8.98
10.95
13.62
13.14
0.7
9.98
-3.63
9.13
9.13
8.11
10.94
15
14.9
14.66
12.98
5.03
8.57
2.8
-1.62
5.64
4.25
-1.62
7.19
-4.81
11.07
15.1
16.95
16.26
8.26
8.02
13.59
11.64
7.38
7.66
9.3
10.92
9.24
2.27
-3.02
3.92
6.52
4.11
0.04
2.11
11.08
12.93
6.69
9.51
5.51
12.12
10.49
2.09
11.34
10.95
7.11
6.56
8.1
11.18
11.14
7.43
-1.48
0.91
10.19
15.44
10.31
6.26
11.42
6.59
4.47
-7.73
9.78
12.7
7.05
6.31
12.52
10.97
9.31
5.64
12.22
13.38
7.38
5.06
-0.19
9.51
7.11
6.43
10.57
12.97
14.8
15.61
12.01
12.01
10.08
8.78
12.39
11.99
12.58
11.63
6.28
6.83
9.96
6.45
5.42
2.58
9.33
7.38
12.38
11.06
10.9
10.05
6.87
-0.37
-3.88
5.82
4.47
-10.1
-18.76
1.54
3.47
6.9
5.79
7.46
13.2
12.11
4.84
-7.54
5.41
7.84
1.02
12.76
15.05
9.96
10.21
14.04
5.27
8.56
13.13
13.85
8.61
14.85
15.56
16.82
16.99
9.75
3.4
4.13
9.27
8.27
7.2
-0.9
-4.93
-7.52
3.09
10.74
11.7
5.03
8.85
16.28
16.94
15.08
10.61
4.44
12.24
14.43
12.55
8.43
6.36
10.6
9.42
5.2
6.52
4.81
6.26
13.24
8.55
7.29
10.67
10.86
13.03
12.52
7.82
3.98
13.66
12.87
2.54
13.29
15.06
12.56
-1.46
10.35
12.05
11.48
9.29
10.73
9.65
16.34
16.61
13.24
6.63
8.46
11.23
10.32
9.23
8.63
9.69
11.51
9.8
5.37
4.68
9.06
9.1
7.3
7.56
-1.96
2.07
8.44
4.78
1.96
4.01
-3.88
8.41
10.6
3.94
16.66
14.55
2.39
-0.77
8.01
6.63
0.53
14.13
16.49
15.96
13.68
10.79
11.43
4.62
0.39
9.65
14.25
7.88
-14.69
5.04
6.89
6.4
10.56
14.36
14.57
15.67
12.71
6.46
9.86
6.2
4.98
4.15
9.77
3.35
12.12
3.32
9.37
12.22
4.44
8.68
14.47
14.51
11.26
7.44
6.88
1.97
3.44
12.02
14.32
1.65
11.86
11.55
14.31
13.39
-15.24
11.28
9.9
-8.34
7.73
12.51
7.37
9.62
8.25
4.87
5.24
-0.63
6.45
9.79
10.38
8.2
7.71
12.86
14.21
11.29
11.35
13.73
10.23
8.26
10.05
8.56
3.43
7.24
11.45
12.77
15.66
16.47
13.1
4.8
6.32
4.94
5.83
10.07
10.15
6.29
6.87
13.22
12.94
3.37
5.75
6.81
2.24
3.06
10.7
7.69
5.2
-7.7
6.97
12.44
14.98
13.29
-5.12
14.82
17.95
17.98
16.81
6.78
7.91
10.95
8.64
3.27
-1.01
5.05
9.86
9.62
1.52
8.17
-1.6
13.18
6.66
12.85
13.61
11.36
12.64
4.67
12.42
12.38
10.81
13.88
13.46
10
15.15
15.24
14.08
10.82
4.63
11.31
4.19
6.42
12.67
14.36
12.76
11.98
9.64
-11.56
-16.58
-7.11
3.39
-3.5
2.56
3.95
7.94
12.88
14.07
15.42
15.29
12.23
9.72
8
3.74
9.93
9.48
10.75
11.48
3.87
4.3
11.15
12.93
11
-11.94
13.93
14.99
13.62
15.54
15.26
13.01
7.12
8.56
10.81
12.42
11.28
9.36
13.09
16.93
16.22
10.75
4.24
7.99
12.26
5.49
8
13.99
11.07
-21.18
8.51
13.37
13.52
11.1
9.1
12.86
9
4.74
1.35
5.67
9.73
10.8
12.35
11.5
11.67
10.74
9.04
2.96
10.39
11.82
12.17
11.79
13.13
19.52
20.84
21.67
21.24
20.23
14.09
13.02
12.21
21.08
23.48
19.96
23.63
20.96
21.11
22.78
17.51
7.53
14.36
16.69
13.1
16.99
20.99
17.72
19.88
23.74
21.72
12.6
6.08
7.14
15.88
13.04
13.13
20.6
20.29
23.22
22.79
16.16
24.91
27.88
24.77
20.84
17.63
13.28
12.84
5.79
17.39
10.41
17.69
23.59
19.34
21.68
25.07
25.28
29.28
29.73
25.74
22.74
21.26
21.15
17.92
11.61
18.38
19.05
19.86
12.99
20.42
21.59
20.78
21.16
20.61
17.58
15.27
4.12
17.56
18.22
24.02
14.85
15.34
22.13
25.19
15.37
10.37
15.66
20.33
11.46
18.76
14.43
19.2
14.2
17.86
10.45
21.32
21.05
17.21
24.87
19.66
21.78
16.87
13.02
14.92
17.93
17.88
22.2
21.93
18.03
-2.56
20.61
19.69
8.44
14.26
7.02
19.46
22.42
20.16
13.78
23.47
24.08
21.08
22.66
20.43
11.51
17.94
20.04
15.42
7.86
-4.61
7.95
14.91
18.88
22.23
20.79
18.59
19.66
24.5
28.47
26.42
21.17
21.17
21.49
20.94
19.55
18.9
21.82
21.67
21.72
20.33
22.76
26.98
25.85
19.26
13.01
15.95
6.8
16.07
17.06
9.29
19.3
19.77
14.63
25.02
24.18
21.55
18.44
-3.03
20.75
22.1
15.71
23.93
25.08
22.86
17
20.95
8.22
17.6
24.12
26.49
25.97
19.85
17.37
15.72
18.07
18.58
25.62
27.22
21.79
17.35
29.18
31.22
24.1
27.39
30.61
28.73
21.41
11.18
22.57
21.39
7.93
9.88
22.07
23.81
4.86
17.42
25.31
24.91
25.08
28.71
22.36
16.87
23.09
24.41
21.82
21.22
9.02
20
25.26
24.32
21.26
22.19
12.52
21.42
22.13
11.69
9.9
20.96
20.7
21.36
18.14
19.38
24.21
22.53
25.73
27.47
25.69
23.76
19.86
18.56
18.81
20.05
22.99
14.42
20.35
20.99
12.83
0.96
20.8
26.31
26.35
21.22
16.69
26.25
25.91
17.45
17.4
23.69
22.64
12.78
7.81
9.07
16.16
21.52
27.18
27.8
25.54
23.02
15.67
6.67
10.91
12.97
19.17
17.92
16.48
17.15
19.35
24.19
20.96
-0.53
14.88
19.03
20.77
21.76
22.46
20.12
16.51
26.25
27.13
23.86
23.73
19.52
6.28
14.32
16.62
12.67
7.53
9.69
20.53
14.68
13.08
6.14
7.4
19.52
19.34
15.36
19.81
16.08
8.84
4.59
5.03
12.74
16.66
17.89
17.53
12.22
14.62
26.13
26.56
20.42
9.49
14.06
20.28
22.26
17.74
14.34
21.04
19.85
15.78
10.62
9.41
7.61
10.13
15.31
9.81
-10.25
10.6
7.79
12.13
18.46
17.83
9.59
16.98
15.36
16.14
9.48
18.08
13.68
4.9
9.49
20.88
19.89
14.93
14.89
9.73
16.4
21.64
20.88
20.43
16.84
14.36
16.95
17.5
14.27
12.57
15.16
17.33
16.02
10.7
1.6
6.56
10.88
13.02
11.58
6.24
13.85
13.53
8.94
-8.14
9.67
15.17
11.04
-5.78
7.62
13.01
14.5
18.65
18.25
15.53
13.98
15.76
17.7
16.49
12.23
10.47
-0.08
-1.02
8.35
13.91
12.34
9.21
-2.04
13.85
13.66
15.4
12.25
3.67
0.45
13.47
13.7
15.77
14.35
24.07
25.05
22.51
20.25
19.57
20.06
18.63
18.4
19.45
16.97
14.5
12.2
17.24
19.95
27.6
28.11
24.69
22.02
19.73
17.15
16.87
17.69
7.02
13.53
14.02
13.61
18.99
17.98
21.1
25.2
25.28
20.41
15.4
8.67
16.54
16.9
22.5
23.77
22
18.38
12.92
10.64
10.14
20.04
22.92
15.03
11.4
10.49
11.85
18.29
20
14.94
22.04
25.98
24.53
18.92
25.56
23.51
18.69
15.3
12.74
19.58
21.9
19.78
14.15
12.35
15.18
16.9
19.93
17.11
13.3
20.47
22.93
22.23
20.91
14.78
16.36
19.96
17.72
18.65
18.74
14.24
16.16
22.64
18.02
18.32
19.29
18.4
19.69
16.52
14.58
17.44
13.62
15.39
19.69
20.33
23.59
25.61
24.22
23.18
18.75
11.47
18.06
19.68
19.33
22.9
23.97
16.3
21.37
24.38
21.68
22.54
25.43
19.09
16.38
21.47
23.35
22.03
23.41
19.01
6.78
10.43
5.06
16.9
12.67
13.96
12.91
13.29
17.6
8.36
14.07
8.89
15.48
17.84
20.55
23.17
18.98
10.08
14.11
11.35
6.66
8.8
11.43
14.65
17.37
18.55
18.7
21.56
21.6
20.17
23.39
25.62
25.87
23.56
15.51
5.9
8.89
18.2
22.19
23.08
20.33
14.17
18.11
25.89
28.33
22.56
18.31
16.24
13.16
-1.16
24.52
23.31
12.58
16.95
20.51
17.44
7.46
13.75
15.59
8.52
6.86
15.26
18.78
21.41
23.08
19.22
12.89
20.36
23.62
23.27
10.2
21.2
22.59
20.9
19.72
15.65
17.52
6.85
12.59
6.23
17.03
20.92
14.04
16.05
18.73
18.83
20.19
20.27
20.99
24.1
24.48
19.02
5.48
16.83
21.34
16.51
12.89
21.79
23.81
17.19
14.14
18.16
17.12
17.64
19.93
20.78
21.04
20.91
15.97
18.76
21.9
25.41
25.68
22.43
17.89
10.67
16.19
17.42
12.55
15.19
18.81
19.45
19.36
18.57
15.62
23.02
22.85
21.48
20.87
14.52
15.42
22.71
21.42
9.06
11.63
11.76
20.7
22.13
17.74
20.24
20.01
20.06
23.53
23.06
23.45
23.43
14.64
16.61
20.41
19.01
17.78
21.18
18.67
18.07
21.32
16.02
9.08
17.43
22.76
20.09
16.86
20.32
20.65
20.2
21.45
24.56
21.98
6.8
13.61
13.62
19.69
19.24
16.25
11.83
9.26
15.92
14.63
14.15
5.48
13.22
21.26
24.33
21.75
18.64
19.04
19.46
16.2
15.07
11.64
11.02
15.78
16.17
17.48
21.3
23.35
13.76
6.29
9.65
19.95
20.53
15.18
12.52
13.98
16.9
19.58
19.36
20.44
17.76
7.46
17.57
18.96
17.42
15.07
9.26
9.83
2.2
7.64
15.39
19.44
19.76
10.83
6.8
16.74
9.4
17.26
14.17
1.61
15.73
16.46
13.82
13.6
14.73
20.88
17.78
4.95
13.34
17.77
19.57
17.49
15.64
14.68
16.61
16.14
10.15
15.63
14.27
11.35
16.23
14.16
12.32
14.17
15.35
13.81
21.06
19.78
18.43
22.27
20.53
6.14
16.8
21.36
21
21.73
23.36
19.37
11.72
18.27
14.6
23.41
24.22
19.79
20.73
17.46
23.44
22.4
16.46
17.38
21.18
19.5
13.07
21.88
19.04
10.7
8.9
17.21
17.87
11.52
10.37
13.34
18.29
21.9
16.15
4.9
10.44
22.48
20.82
19.24
21.98
18.08
9.27
7.25
21.01
24.86
19.38
16.75
23.74
24.93
24.58
21.88
16.4
17.6
16.48
18.74
21.92
24.11
22.82
20.03
21.04
22.73
24.05
25.01
26.26
24.21
24.66
25.97
29.11
30.41
24.36
15.17
24.92
23.04
19.74
20.49
22.46
18.89
14.17
20.53
21.05
23.3
23.37
18.34
1.95
13.69
18.94
21.21
19.54
13.15
7.02
14.7
20.04
19.7
20.39
15.91
8.17
19.18
22.85
23.74
22.04
18.07
16.48
17.71
14.64
19.41
17.43
20.7
27.05
25.11
18.04
11.23
9.41
16.63
22.75
25.4
25.64
24.19
15.24
8.99
19.01
21.78
23.49
24.77
21.98
14.43
24.4
26.16
13.52
16.69
21.19
22
20.96
13.75
16.36
24
21.56
5.43
20.74
22.68
19.17
20.11
24.86
25.05
22.97
24.19
28.78
31.17
24.47
16.59
15.7
17.26
20.04
21.24
24.71
25.93
25.13
21.34
21.11
22.62
20.66
21.1
23.71
25.94
25.98
21.67
21.2
31.79
30.16
16.84
13.52
21.84
24.69
16.21
19.69
22.72
21.46
23.9
20.42
9.61
20.24
24.38
18.56
14.17
16.84
19.65
26.78
25.78
22.6
19.51
26.63
37.13
43.15
41.05
29.42
0.8
21.5
23.7
11.56
25.91
29.16
25.67
8.38
13.89
21.19
26.22
24.46
18.69
13.86
13.4
14.65
17.65
7.26
14.56
19.7
14.7
20.42
24.12
21.34
29.59
43.33
46.66
41.39
28.24
17.82
13.86
21.35
17.17
20.96
22.4
18.21
18.72
27.12
26.41
17.07
22.14
23.75
0.29
22.73
15.21
15.82
23.51
28.52
28.28
11.88
9.17
21.5
24.76
19.28
20.84
12.38
24.57
25.46
23.43
15.94
6.48
10.13
9.13
11.35
13.15
18.29
22.17
23.95
21.8
15.84
13.09
16.81
19.85
19.75
4.44
28.72
41.08
44.66
39.75
27.58
24.05
26.24
25.33
14.92
21.92
22.95
21.18
16.86
12.91
28.49
30.4
20.98
22.37
25.24
26.82
24.62
23.53
25.89
28.02
25.4
19.75
23.93
22.22
20.77
18.94
28.04
43.96
48.5
43.95
28.07
22.68
20.63
18.84
15.83
12.33
16.52
23.88
24.8
20.22
16.69
10.4
16.9
19.27
17.62
-0.45
11.94
20.52
16.04
14.25
16.12
14.4
20.54
26.37
26.95
24.73
24.05
21.2
15
15.36
16.87
17.76
13.05
9.38
7.66
21.97
24.05
24.28
23.49
17.3
18.89
20.84
17.31
13.43
20.52
22.72
21.03
19.12
12.48
32.43
43.64
45.65
38.78
21.38
10.49
22.27
25.01
20.87
16.64
14.98
20.5
20.55
11.39
10.42
24.9
23.42
13.92
11.4
22.91
25.62
26.17
27.23
24.72
8.09
17.67
23.08
21.34
10.49
16.59
14.62
17.35
23.51
23.02
20.37
23.65
23.23
21.27
19.61
11.79
16.4
18.24
19.05
17.18
16
24.77
24.02
8.41
22.4
25.73
23.51
11.37
16.74
5.82
22.52
22.27
22.15
20.88
5.67
16.52
22.58
29.06
25.71
21.78
19.7
21.67
20.56
17.54
22.49
26.19
23.44
23.1
25.25
30.47
31.68
24.94
16.51
18.42
3.6
12.77
16.79
19.35
19.23
33.9
39.76
38.13
28.53
25.19
28.3
31.39
33.93
39.49
43.66
40.29
29.5
26.61
27.99
25.13
20.74
14.02
21.84
29.27
29.28
26.13
32.51
28.91
23.24
25.52
30.55
32.35
29.33
17.04
29.03
34.48
35.07
33.29
30.93
28.53
20.54
16.24
6.23
17.26
26.69
29.41
26.38
25.14
22.79
20.57
16.9
28.38
27.75
23.92
24.64
24.84
24.14
25.94
22.13
29.28
29.71
26.2
18.04
27.96
29.28
24.19
24.22
26.25
29.49
32.82
32.91
25.42
30.63
44.77
49.55
45.35
29.93
20.78
24.3
20.94
22.98
37.35
46.15
47.33
41.34
35.05
31.15
30.85
29.13
26.7
23.98
17.74
28.85
30.21
31.65
30.9
15.3
32.84
28.97
9.18
21.04
28.09
27.25
27.79
27.67
25.24
20.08
16.92
19
25.32
33.22
35.82
32.55
26.95
24.89
13.41
26.49
33.3
34.39
29.83
22.42
17.93
19.27
22.95
24.19
27.41
24.6
26.98
27.25
24.83
28.85
32.78
33.29
30.75
27.68
25.76
24.43
27.34
16.47
24.74
21.27
28.22
30.99
27.26
30.81
24.56
25.74
27.15
28.57
31.15
30.21
24.68
9.99
20.36
24.81
29.12
27.2
25.96
24.49
20.93
19.83
23.82
28.8
31.1
26.42
15.13
20.56
22.83
26.38
29.37
31.33
31.77
30.89
28.15
9.75
30.49
32.48
26.99
32
32.4
32.59
31.41
26.24
18.91
23.9
25.68
27.08
28.63
29.91
28.72
31.1
28.34
24.71
30.29
32.67
32.39
32.21
27.1
18.77
26.63
29.7
31.79
31.62
22.3
19.6
25.65
19.73
27.31
30.66
31.1
25.79
11.33
25.25
27.84
30.3
32.03
30.69
27.92
27
24.54
15.34
26.69
29.89
30.53
27.17
22.19
19.81
13.31
19.23
29.89
31.32
24.82
22.35
25.52
23.59
18.18
20.1
24.37
25.28
21.65
21.15
18.38
10.21
22.64
27.94
28.72
28.12
28.09
26.17
21.25
18.92
19.73
25.66
25.96
21.3
16.96
20.36
27.74
25.67
23.6
24.34
27.43
27.91
29.1
23.12
17.29
16.78
27.98
28.39
21.69
16.2
13.14
26.58
28.56
24.62
21.71
27.88
25.7
19.9
4.38
22.56
25.32
27.78
28.28
26.08
13.45
26.52
27.93
27.32
28.37
26.18
22.07
25.62
26.27
22.24
23.33
28.94
27.72
24.54
24.55
24.12
22.84
13.75
26.33
28.18
26.76
24.59
24.15
18.92
8.94
20.65
22.95
25.78
23.65
20.25
24.1
25.05
29
24.81
17.69
21.72
22.13
16.75
14.61
19.31
18.76
7.6
17.51
21.31
21.88
23.41
26.12
23.82
14.24
19.54
22.51
21.71
23.27
25.08
21.95
22.71
27.51
26.55
23.75
24.38
18.47
19.73
22.23
20.74
24.77
25.87
20.02
8.26
19.87
19.27
17.65
25.74
23.84
19.87
20.02
15.9
17
19.8
15.61
12.93
18.14
21.2
22.2
16.13
15.05
16.78
16.67
17.45
15.36
7.82
3.2
9.81
10.56
14.73
15.8
13.96
-14.99
14.93
13.53
23.78
27.18
28.54
25.93
18.36
28
27.56
16.88
13.14
20.39
21.7
19.65
21.11
22.14
26.71
27.04
21.79
21.09
20.53
25.98
23.86
22.67
28.59
29.68
25.63
23.8
18.74
25.73
26.42
20.02
16
21.26
27.78
27.5
26.11
29.34
27.76
16.82
24.8
10.65
23.8
23.04
13.95
18.51
22.73
24.46
25.95
27.32
25.83
26.1
29.8
28.17
24.47
23.96
27.95
25.79
25.22
21.27
18.15
24.58
19.39
31.87
32.52
29.62
29.04
29.14
25.92
23.36
25.95
28.44
19.14
27.08
29.82
25.77
19.35
19.46
25
34.27
39.44
37.75
29.66
16.5
7.37
15.71
23.01
23.51
24.73
28.66
27.3
13.77
20.83
22.57
13.44
20.19
16.05
20.58
26.33
20.23
23.8
26.69
22.88
22.77
17.23
20.64
24.47
15.82
14.03
19.36
25.6
28.13
28.02
29.74
24.32
24.48
27.45
21.22
24.12
26.7
17.38
20.76
21.34
22.31
10.39
15.96
20.79
26.05
24.67
17.41
18.85
20.63
21.8
19.95
23.05
26.9
21.24
10.01
25.04
26.42
21.51
19.17
23.44
24.49
22
15.14
19.46
22.46
10.16
25.78
28.34
26.58
21.72
25.18
22.78
17.7
15.65
22.98
19.61
22.78
28.26
26.93
12.75
22.99
25.77
29.24
27.09
16.63
11.65
12.58
24.12
25.53
24.11
22.69
20.69
19.89
22.86
24.08
18.45
17.17
13.4
13.88
18.02
23.15
21.89
11.55
24.81
23.57
10.98
17.71
17.02
21.44
23.37
23.7
17.01
2.59
11.23
19.86
23.8
26.25
21.83
4.99
10.78
23.79
26.07
23.11
27.06
26.25
24.73
25.06
21.4
19.78
23.41
21.37
15.55
2.18
8.94
7.48
14.22
23.89
24.01
13.8
11.45
7.64
16.31
20.86
20.21
13
13.09
20.3
24.55
24.04
14.79
17.06
22.08
25.13
23.93
20.61
23.01
18.12
12.95
22.53
22.67
16.8
7.1
6.46
15.88
17.71
9.02
19.77
22.49
19.14
5.97
19.67
23.24
18.39
20.27
20.08
15.45
21.81
25.61
23.63
15.57
1.46
17.64
23.04
21.65
20.78
19.1
12.83
12.92
20.11
20.79
11.11
14.03
14.73
19.08
18.64
12.31
17.05
22.54
23.8
12.35
21.42
23.37
21.38
19.51
20.17
19.13
9.1
11.4
12
8.83
6.8
18.95
21.05
18.32
15.36
17.33
21.79
21.46
19.51
19.21
17.33
17.92
16.22
13.36
13.53
9.58
8.34
10.87
-0.66
15.3
19.4
20.66
19.57
17.16
14.71
19.76
21.19
16.94
11.58
22.68
23.08
18.9
16.76
12.84
18.74
20.4
21.16
22.11
17.38
15.32
3.93
20.34
24.28
24.62
20.02
10.96
16.08
16.03
18.44
19.81
17.84
11.56
6.49
18.52
21.42
21.56
19.89
14.44
2.55
18.98
23.5
24.04
16.22
20.65
24.61
22.93
21.83
20.34
15.08
17.06
21.49
18.83
7.07
15.63
19.44
18.56
17.04
21.77
20
8.38
4.25
19.6
22.02
16.26
2.11
16.44
20.13
20.66
19.86
15.27
12.01
14.36
8.91
12.22
8.91
14.86
18.56
16.54
5.28
15.07
17.07
14.89
4.71
8.78
12.11
16.16
17.28
14.24
18.01
12.16
23.52
29.41
27.79
21.33
19.97
20.47
11.02
24
20.42
13.16
18.25
19.21
16.98
19.8
23.15
20.96
6.26
21.09
26.12
26.71
20.3
4.03
9.37
17.79
26.39
27.99
23.14
10.83
24
24.63
20.07
6.22
10.94
16.62
19.33
13.36
13.52
6.87
17.72
21.83
21.01
18.62
22.97
27.46
27.16
21.83
19.37
22.03
22.29
2.83
19.97
24.39
19.15
19.14
12.15
16.01
16.83
12.17
19.82
17.96
20.06
20.12
15.04
14.81
14.77
14.53
14.41
15.2
21.92
16.61
5.96
16.87
19.72
15.79
15.73
7.02
18.02
17.11
17.75
3.84
17.06
15.66
18.7
18.26
17.24
24.1
20.4
6.74
8.11
11.21
15.84
16.84
17.98
22.91
24.74
26.37
27.61
27.03
22.66
20.93
30.09
29.29
24.92
11.65
16.11
17.66
19.5
11.87
19.3
16.18
17.17
21.72
24.93
19.33
6.3
22.93
25.49
20.71
19.76
22.95
21.75
12.69
18.22
25.39
24.09
8.29
17.1
19.66
23.62
26.92
26.64
26.34
23.17
16.74
23.78
19.56
19.66
19.45
21.04
23.15
20.49
24.21
26.53
34.45
37.53
32.49
6.63
15.37
13.07
13.49
19.45
28.52
27.26
14.52
12.17
6.34
17.25
14.9
22.02
22.52
19.86
22.45
26.28
26.79
26.67
24.25
23.51
22.46
23.05
24.3
21.54
12.62
17.58
20.15
18.76
11.54
19.56
24.95
23.69
18.7
12.83
15.66
6.49
17.71
20.05
15.06
25.02
26.12
19.11
18.15
20.3
19.89
20.85
19.16
18.98
18.32
19.12
18.86
10.98
18.21
16.21
-12.6
14.16
9.41
14
16.51
22.19
23.71
22.36
21.99
16.19
17.19
18.36
0.28
13.38
13.59
21.67
25
24.58
21.36
21.06
23.39
22.88
15.04
15.07
19.42
21.95
22.38
18.61
18.84
21.92
29.33
29.37
19.55
12.44
20.63
22.78
14.41
19.57
20.53
10.25
14.67
20.22
22.15
19.39
17.34
16.87
16.08
12.42
14.62
19.53
23.01
24.12
25.97
23.8
12.09
16.82
19.2
22.87
21.3
14.2
20.45
12.49
14.47
19.82
20.36
19.55
17.33
8.75
5.76
18.61
24.42
22.79
18.38
24.01
23.4
20.76
25.63
26.1
24.34
21.13
16.54
15.93
15.37
11.61
12
4.91
9.6
11.15
14.3
16.88
15.65
12.59
20.45
22.69
22.76
20
12.85
17.88
19.3
22.44
24.99
26.85
25.01
21.08
22.67
19.6
18.19
16.81
11.55
15.97
9.82
21.11
18.45
2.66
14.51
18.47
23.32
24.76
24.55
22.33
7.36
15.78
19.21
18.71
17.08
4.81
15.57
9.6
7.42
14.53
7.05
12.86
11.16
12.36
12.36
15.89
22.03
24.55
24.43
19.71
11.58
18.39
16.14
14.47
6.89
14.75
20.14
23.97
22.88
23.26
23.66
18.24
21.9
21.9
7.38
18.46
20.41
16.92
18.35
18.92
12.18
15.85
21.6
25.18
21.25
23.7
26.75
23.97
11.34
12.01
13.25
19.33
16.05
13.66
18.84
21.77
23.37
18.97
12.39
10.31
7.26
9.71
16.23
23.09
24.12
18.59
13.08
19.84
15.51
13.25
17.11
22.38
23.05
20.44
20.82
16.51
9.44
1.41
16.54
18.95
18.15
16.76
15.89
14.91
10.76
8.54
6.08
12.41
-5.1
17.74
18.46
12.32
8.2
9.66
13.4
15.55
15.16
16.15
16.5
8.67
11.54
15.25
15.71
10
11.39
15.67
16.22
16.44
14.95
8.83
13.89
10.05
14.55
19.51
18.08
7.97
14.58
18.71
13.94
13.65
14.25
20.22
18.86
13.67
12.3
14.77
18.9
22.45
20.55
5.98
14.74
15.4
16.06
14.84
7.21
15.26
10.96
19.15
18.92
11.17
7.54
16.43
18.63
18.1
16.79
9.87
12.83
15.22
12.74
12.36
16.51
14.04
0.61
16.2
19.26
16.43
-1.96
11.6
16.73
12.02
11.48
9.92
8.04
11.65
-1.08
1.41
1.46
-9.67
7.31
10.41
7.22
9.64
17.24
17.31
11.31
10.85
2.23
-0.44
3.9
12.78
15.86
17.81
15.2
15.04
20.25
21.34
16.87
10.97
13.32
10.36
12.5
6.15
12.68
17.91
13.99
10.89
11.45
15
16.81
15.84
12
1.08
7.15
16.46
16.75
11.65
8.5
-3.11
6.02
9.51
6.64
7.07
1.23
-2.94
11.35
17.21
16.9
7.12
11.67
18.89
16.82
6.99
4.45
1.08
7.16
18.79
17.15
8.15
13.75
15.69
16.73
16.23
13.85
12.11
17.17
16.76
14.28
9.41
7.57
16.83
17.33
3.33
14.18
11.09
2.74
8.46
13.07
10.31
9.05
12
12.82
9.3
5.88
2.45
12.88
10.86
10.73
8.91
3.08
6.7
9.99
14.98
8.13
10.64
10
16.46
14.16
14.1
20.13
14.05
16.03
7.06
17.53
17.16
13.87
17.62
4.17
16.49
9.35
-2.26
4.03
14.45
13.25
7.63
15.47
7.35
13.16
13.66
6.72
10.84
11.23
4.36
10.32
12.74
17.89
19.44
15.4
15.7
10.77
11.71
12.12
19.92
20.9
14.66
5.45
8.9
13.9
13.9
14.66
15.2
14.96
17.25
18.65
13.69
6.65
12.67
15.76
9.83
3.63
12.14
8.81
18.7
17.71
16.5
15.9
11.73
8.24
13.95
17.08
18.88
15.64
4.76
8.58
7.51
9.01
-4.4
8.79
-4.86
7.22
10.51
1.52
14.22
15.59
18.71
19.35
18.53
16.75
1.21
8.38
11.63
15.56
15.75
13.36
9.66
13.17
18.64
18.3
16.96
11.84
8.75
13.79
18.47
17.74
11.28
11.58
10.2
17.06
16.51
16.07
18.3
16.3
12
18.82
18.57
21.59
16.43
20.59
18.94
14.07
13.96
1.45
5.47
16.36
17.07
12.61
14.64
16.51
19.51
18.01
17.98
20.56
17.38
21.65
15.97
11.46
12.7
5.67
13.76
18.69
17.14
13.18
3.65
13.61
16.69
4.94
15.92
16.91
18.56
15.9
3.85
1.95
-6
8.92
11.6
13.31
20.48
20.12
17.07
20.13
21.08
16.28
16.3
14.1
2.56
11.42
10.99
1.51
12.02
18.66
15.26
14.16
21.14
20.52
15.66
13.6
16.94
16.68
15.53
13.06
19.1
17.95
10.82
7.57
8.09
13.47
13.85
16.54
18.67
18.41
20.24
18.23
12.79
9.12
11.1
18.86
21.72
19.49
6.86
10.78
10.27
9.09
2.45
9.17
11.99
10.54
7.91
4.41
6.5
11.58
-4.52
12.37
11.56
3.04
11.05
13.36
12.73
16.74
19.46
13.56
17.18
19.47
17.04
9.06
14.25
19.68
22.49
21.74
12.07
14.19
21.91
20.76
19.75
22.09
17.33
19.4
18.36
15.93
18.44
20.39
20.12
20.58
17.29
8.03
6.54
17.61
21.58
24.3
24.35
20.94
21.54
24.33
24.33
23.32
21.76
21.42
20.48
16.9
8.33
15.75
22.08
21.93
23.33
22.02
17.08
18.96
17.71
15.26
6.43
8.4
10.58
15.71
17.55
15
17.88
15.27
17.58
19.65
20.28
19.25
13.9
12.49
18.62
19.79
21.47
23.09
22.81
22.38
20.64
19.14
16.92
20.64
19.72
1.96
17.88
19.53
16.23
14.55
14.67
15.66
15.37
13.57
22.77
21.35
18.53
16.05
18
15.63
23.18
21.7
15.79
14.45
16.27
10.43
15.32
10.53
6.07
16.86
20.9
16.64
4.76
16.64
13.46
12.73
14.73
17.65
18.87
18.58
21.89
19.71
20.74
20.23
18.3
12.42
5.99
10.02
12.85
22.21
25.09
21.28
19.53
22.73
20.75
11.46
1.44
19.64
21.43
17.67
13.67
12.53
9.3
20.51
18.95
18.68
17.5
17.86
19.18
19.61
22.95
22.13
20.08
18.85
23.92
23.18
17.9
17.04
23.82
24.77
20.05
19.46
20.42
22.59
17.13
15.79
18.64
8.88
20.52
21.63
14.97
9.03
14.9
16.58
17.58
12.91
20.18
21.72
20.4
18.09
2.95
18.75
18.38
14.18
17.89
18.23
12.1
14.83
20.91
20.72
11.71
9.73
15.41
15.21
20.06
22.67
19.43
12.45
17.91
21.95
22.25
22.38
17.23
13.04
18.03
13.8
17.67
18.01
16.82
15.43
18.38
22.16
18.58
19.15
22.22
19.61
21.18
22.24
18.29
21.22
20.69
-7.11
14.97
15.34
15.51
8.53
-8.17
13.05
19.37
19.59
17.77
17.57
21.67
21.89
20.12
12.54
2.33
10.6
12.92
11.94
11.43
17.71
20.61
18.8
18.26
19.97
18.24
13.99
18.88
22.08
13.92
17.57
21.25
18.89
13.28
9.08
18.34
21.02
15.5
8.15
7.31
13.01
20.21
20.01
10.18
17.69
9.09
21.98
19.9
2.39
17.82
18.96
18.12
15.65
17.35
22.02
21.65
10.68
14.65
18.38
17.95
10.52
16.77
20.27
16.6
3.14
14.06
21.22
23.46
20.54
14.03
10.42
15.13
15.12
13.6
14.55
11.66
11.08
16.7
17.62
12.95
11.57
1.87
4.59
6.62
14.23
18.91
20.5
21.69
20.32
19.68
20.99
13.07
8.52
15.13
15.46
17.22
22.43
25.76
23.68
19.04
14.66
11.28
18.03
15.34
13.09
14.22
14.6
14.7
16.48
18.62
20.17
16.74
13.93
18.09
6.67
0.54
11.83
20.39
22.88
22.04
18.43
14.21
18.78
20.73
15.78
8.12
15.18
19.88
18.8
13.32
18.8
20.82
19.69
15.99
7.32
0.01
-2.07
6.55
14.11
14.65
17.74
21.22
19.49
15.65
15.26
17.6
15.84
-0.19
17.37
20.7
18.32
3.62
-0.31
12.05
11.55
10.86
19.67
21.79
18.19
3.55
7.64
12.47
10.1
12.04
12.77
13.35
20.37
22.99
22.31
21.86
19.7
12.92
9.74
10.82
3.55
9.31
16.73
14.7
10.68
11.66
10.39
13.57
19.36
20.08
18.95
12.17
12.04
14.39
11.34
18.31
13.48
14.81
21.66
21.79
7.52
7.9
16.15
18.38
18.5
22.32
22.45
15.25
2.17
15.56
18.61
14.92
17.18
20.84
22.36
20.05
16.07
16.41
12.57
11.09
13.64
19.87
20.12
16.84
14.51
10.35
14.25
13.95
15.89
11.83
13.48
17.06
14.26
11.84
8.89
17.44
15.86
12.88
17.16
16.72
14.15
15.56
18.94
17.56
7.35
9.25
16.26
18.25
17.39
16.02
16.71
16.52
15.12
12.31
13.07
16.94
22.01
18.01
19.73
18.67
12.27
15.91
6.64
10.93
8.58
6.67
14.97
11.84
9.13
12.67
15.5
14.15
14.33
18.96
20.25
20.63
18.79
16.7
15.54
16.13
18.97
20.31
14.26
16.46
17.66
11.41
9.99
12.6
18.65
20.95
15.86
11.46
16.96
14.67
8.04
13.88
16.79
21.96
23.26
19.29
14.57
18.17
18.76
13.77
19.77
10.69
12.68
17.42
16.79
6.72
3.55
13.84
14.18
1.03
14.42
13.38
-3.42
9.83
18.85
15.61
13.38
1.62
14.71
15.16
-0.36
6.99
11.93
13.87
9
14.98
19.54
17.22
10.15
13.38
11.75
5.85
12.13
-0.54
11.2
12.15
11.13
15.55
13.78
15.53
20.49
18.53
13.37
-0.64
6.94
9.02
11.1
11.75
16.64
16.93
8.84
10.05
12.98
-1.62
13.13
15.76
12.86
2.13
11.16
13.04
15.88
18.25
19.94
22.03
21.67
18.46
14.06
1.72
6.23
13.43
16.72
17.25
8.56
14.02
12.62
-12.3
14.38
15.69
-5.67
15.75
19.11
16.34
8.68
11.65
7.93
9.02
10.92
12.46
13.74
10.1
10.86
16.02
16.91
9.09
8.79
7.84
6.33
2.7
7.63
13.62
16.01
15.84
11.25
17.97
13.6
2.6
6.33
15.02
14.18
20.53
21.94
18.11
12.61
12.69
13.98
8.18
13.77
15.21
14.82
18.52
20.68
19.92
19.23
17.51
12.14
8.54
11.47
15.59
12.58
14.61
16.62
17.9
12.75
8.67
10.34
16.48
14.19
11.39
15.44
17.15
13.06
7.8
6.39
7.62
10.46
-9.45
10.4
18.02
21.59
17.45
13.31
16.54
17.25
16.33
13.52
5.09
7.6
8
13.46
16.57
17.31
15.82
12.66
13.08
16.56
15.15
12.07
8.33
12.61
8.05
4.3
5.07
10.72
14.31
9.34
8.25
7.77
14.12
20.39
17.22
7.78
14.52
14.91
11.53
14.37
18.85
21.13
18.84
12.89
13.01
13
3.21
14.61
19.19
20.74
20.44
12.99
2.61
12.71
10.8
8.37
0.95
6.36
9.18
9.82
-9.44
10.1
-0.2
16.51
20.65
19.85
13.85
2.38
6.78
13.13
12.35
1.37
8.76
11.26
14.39
14.59
13.18
5.1
7.29
13.35
16.54
17.93
14.84
7.63
12.65
16.81
15.48
10.88
12.95
12.51
8.82
1.67
8.49
9.46
9.72
14.91
15.83
17.21
16.37
15.36
13.49
15.3
16.64
18.6
21.67
19.21
12.71
15.2
17.98
14.07
5.06
11.35
15.55
12.51
14.52
17.9
13.22
6.19
13.61
13.12
11.63
8.35
11.69
6.89
11.7
15.5
11.79
10.07
15.03
18.15
17.09
14.27
14.77
14.98
11.41
-3.43
2.96
7.43
9.87
4.57
11.43
11.07
14.07
15.54
14.26
13.64
10.13
11.74
10.78
10.74
3.27
9.27
6.5
16.38
17.49
10.8
9.53
1.97
4.63
5.47
2.26
9
11.05
10.99
10.66
12.09
16.47
12.99
8.27
10.65
9.37
11.06
14.9
13.15
7.26
13.68
11.89
11.88
13.57
13.23
10.05
3.99
10.91
-26.83
5.22
9.2
16.97
17.31
14.99
11.8
15.8
15.86
12.23
8.25
6.16
12.94
14.75
12.38
11.79
12.76
14.9
18.14
14.23
9.52
15.63
15.68
12.67
6.67
14.52
9.61
13.9
16.38
15.38
13.73
7.89
-1.96
11.75
11.22
10.13
10.79
-0.26
4.89
13.79
15.34
16.16
12.43
15.46
18.05
17.14
16.22
16.49
13.68
5.99
10.72
5.96
3.93
6.77
18.88
21.05
16.81
11.2
13.4
8.82
12.75
17.86
18.13
9.13
7.79
14.88
15.28
3.5
12.95
8.33
12.15
15.09
10.15
7.79
8.33
6.96
10.49
10.06
7.38
8.33
14.93
13.38
14.16
16.82
12.02
3.7
13.58
11.34
10.15
12.45
13.23
13.79
9.91
7.19
16.98
18.79
16.87
13.27
9.72
10.98
12.2
11.49
14.32
16.31
15.33
16.01
15.21
16.01
18.65
20.72
19.92
17.19
15.84
13.89
12.04
12.52
12.22
13.71
13.41
9.22
6.5
11.39
9.2
13.39
13.82
7.5
4.36
9.37
3
5.94
7.64
12.57
17.23
18.83
17.66
16.34
14.73
10.4
13.21
17.11
15.07
16.59
18.97
16.96
14.48
12.92
12.14
-1.08
13.27
13.99
3.11
-1.85
-10.07
13.33
13.87
8.4
13.92
19.37
21.46
18.22
16.56
17
17.67
18.41
16.21
17.56
20.67
20.04
13.64
6.2
-2.89
11.65
12.87
-5.26
12.82
12.6
8.27
1.4
12.06
12.16
10.02
13.13
15.59
15.36
18.21
20.79
17.97
11.06
2.87
3.29
13.61
17.47
16.83
16.05
14.32
8.94
2.71
7.22
1.1
8.06
14.85
17.38
14.2
11.45
5.14
1.93
3.03
11.44
13.41
17.18
17.02
13.66
16.54
16.8
13.09
10.17
16.22
19.48
19.5
17.08
16.37
14.37
12.71
12.7
13.07
9.93
5.76
10.82
1.1
11.78
12.09
10.65
-8.6
12.17
13.51
5.22
10.67
15.01
10.58
10.7
15.24
16.48
14.33
13.93
12.09
10.23
14.51
8
6.13
12.81
8.38
7.54
6.86
8.86
3.4
16.74
17.74
13.54
19.05
16.77
11
12.95
9.6
9.16
13.49
9.44
14.96
14.53
7.77
7.68
-2.11
12.9
9.86
17.43
17.33
13.87
12.55
14.49
12.74
14.35
10.28
-3.14
14.68
19.09
14.46
11.21
14.56
13.8
11.74
3.83
16.85
12.73
0.72
2.02
16
18.96
18.53
16.97
15.95
12.03
5.13
16.33
16.94
17.38
17.82
17.86
14.17
7.96
17.04
18.79
13.83
12.96
15.1
11.48
9.66
10.25
5.97
10.44
8.32
12.05
16.66
15.73
11.43
-9.06
12.17
12.35
7.64
14.7
13.13
10.49
11.8
7.8
1.14
13.54
15.88
9.43
-8
12.17
15.65
13.48
14.25
-6.99
8.66
8.18
9.85
5.92
0.53
8.19
8.64
-0.13
13.06
10.85
8.51
10.41
13.86
9.94
12.2
16.44
11.24
4.23
-7.3
-0.16
4.3
16.17
20.41
19.79
15.31
8.48
8.29
12.13
6.83
17.69
18.99
15.64
7.26
14.3
13.43
-2.2
-3.37
4.57
-0.17
12.54
17.95
18.23
14.42
9.65
11.37
11.37
1.04
12.34
16.47
18.33
14.43
5.93
13.9
5.95
13.37
12.51
14.9
17.79
10.98
11.55
-4.41
6.75
8.74
9.7
15.46
17.95
14.83
9.47
10.54
14.81
17.16
14.48
9.82
17.21
19.68
17.6
14.39
13.69
16.57
14.65
6
11.96
14
12.02
1.46
8.2
5.45
7.56
9.77
3.74
13.54
17.66
15.86
11.32
8.85
11.92
7.83
12.96
18.16
15.89
8.08
5.68
-0.26
10.86
11.05
10.53
11.48
3.18
8.93
9.23
15.31
15.9
7.5
0.79
5.41
1.37
4.7
9.33
12.79
4.11
5.5
12.88
16.65
10.58
11.68
17.67
12.98
6.05
15.06
15.61
6.39
7.25
15.38
15.43
14.06
17.22
9.43
7.26
10.34
11.4
7.32
8.96
17.06
17.78
15.32
5.58
11.46
14.34
9.73
18.11
19.65
18.13
8.72
9.26
13.54
19.53
17.8
8.55
12.4
7.57
3.06
4.07
5.08
-3.04
7.29
11.5
10.47
9.6
3.57
11.61
15.09
9.77
7.34
3.56
9.55
9.99
0.68
11.47
13.5
5.48
6.06
12.19
17
17.17
6.92
14.22
18.38
15.93
14.47
18.64
15.46
10.5
4.95
7.11
8.34
8.93
14.21
14.64
10.7
15.6
19.16
12.15
16.47
19.55
15.8
5.79
5.23
5.92
13.18
10.48
6.61
10.6
3.87
13.51
16.9
16.2
10.96
-2.06
11.02
16.64
17.24
12.76
3.56
6.23
11.24
16.21
15.23
1.05
7.5
7.45
12.79
11.18
3.9
11.82
2.71
-0.38
3.58
15.29
15.05
1.03
-3.82
9.97
11.73
8.61
4.08
4.55
3.32
6.28
6.25
11.26
13.72
18.39
16.1
12.16
15.52
13.14
11.71
16.52
15.49
12.92
16.03
17.78
14.35
11.77
13.83
14.04
6.39
2.34
11.51
13.69
8.02
7.55
16.61
18.9
14.96
9.27
11.76
4.17
12.24
15.84
14.79
10.53
11.6
12.76
5.83
11.59
17.22
11.15
18.36
20.15
17.75
18.26
10.1
13.28
19.34
16.87
-0.33
17.84
20.39
15.66
9.92
9.51
8.83
11.21
0.83
17.15
18.73
13.26
8.04
9.51
13.4
17.74
17.71
14.36
14.51
16.27
11.15
14.2
13.16
11.25
7.32
10.89
15.85
15.64
10.61
-1.66
8.46
-2.28
12.2
5.84
8.92
11.78
6.77
9.96
15.96
14.93
12.54
16.11
8.16
10.52
10.72
16.8
12.51
11.58
16.71
15.54
5.62
9.11
14.88
16.05
13.34
1.11
10.75
14.17
12.5
9.18
10.74
12.92
6.52
4.65
1.38
10.92
10.97
17.1
16.39
13.66
17.11
11.76
6.02
13.74
18.28
15.66
13.71
12.16
0.26
6.98
12.09
10.44
-0.78
10.75
12.23
3.89
15.53
18.42
15.87
7.59
-6.55
-7.49
-9.34
5.57
-1.48
10.77
11.56
13.77
13.77
14.57
13.94
8.85
11.84
13.86
14.41
7.02
13.68
17.56
17.18
13.38
8.32
5.46
8.4
12.92
16.36
14.77
5.07
11.46
13.09
7.94
5.55
13.73
15.71
11.02
8.91
13.7
14.14
9.32
2.08
6.54
3.68
2.67
10.32
12.45
8.94
-6.67
6.23
10.35
14.18
15.32
12.7
11.02
8.37
1.77
12.13
15.5
7.44
6.72
9.44
1.28
2.05
-3.37
6.86
13.09
14.01
7.77
0.14
12.12
13.61
11.64
-9.34
9.96
5.92
10.15
-5.76
9.7
0.3
5.86
-3.76
1.04
6.29
13.48
13.91
14.41
16.26
4.01
7.17
8.63
12.38
14.45
10.62
10.1
17.43
18.79
14.17
9.38
14.94
10.65
7.7
13.1
10.52
-13.13
6.77
7.56
9.21
4.34
7.53
7.31
10.37
10.43
9.96
14.62
12.8
-0.86
10.65
11.63
6.91
3.76
10.2
14.58
15.47
15.16
12.7
13.13
12.07
9.62
6.77
5.06
12.65
17.81
17.36
12.74
10.34
13.04
14.98
14.83
8.24
7.74
5.27
10.54
16.46
17.56
15.76
16.49
11.41
17.11
18.76
14.85
12.96
14.96
16.07
16.6
16.71
15.68
7.85
4.71
16.4
17.56
9.82
9.84
14.34
13.84
11.47
15.41
17.92
16.83
4.04
14.11
17.01
15.9
11.46
12.91
15.76
13.3
9.41
7.15
5.93
13.44
7.88
11.65
11.81
7.22
12.93
13.34
10.73
8.18
13.35
13.36
7.24
6.36
7.48
1.06
9.53
9.67
1.4
-12.48
9.72
10.72
9.99
10.09
11.39
15.35
16.16
8.31
-1.64
6.67
12.59
8.08
2.84
-6.55
5.27
-9.3
9.77
10.38
6.73
15.73
16.76
18.33
16.07
8.37
3.21
7.15
12.02
12.84
11.37
8.69
5.87
11.51
12.21
11.17
6.91
-0.28
-15.48
3.42
-0.21
-5.61
11.75
15.29
15.38
16.94
12.35
9.9
16.07
17.17
17.92
18.4
15.21
10.62
12.05
5.12
11.38
13.74
10.84
9.96
11.51
11.05
8.79
7.82
9.1
13.84
15.35
3.32
12.71
11
-0.01
11.63
14.22
9.15
14.09
13.45
10.39
1.04
12.69
15
15.48
17.39
13.76
14.55
16.2
14.02
14.59
15.35
10.68
4.98
13.8
17.19
15.37
4.82
13.87
15.15
9.47
8.93
10.45
9.27
8.91
18.11
20.11
15.47
8.48
6.75
17.51
18.27
11.45
9.29
9.87
10.36
8.41
11.84
5.34
10.8
8.48
2.73
9.99
9.39
-1.32
11.32
15.01
15.75
11.88
10.19
5.33
14.06
16.01
12.51
1.85
6.89
11.31
15.14
12.79
1.92
-0.12
5.49
6.68
8.51
8.83
10.33
9.33
3.6
11.72
16.6
15.3
6
-0.8
11.91
16.33
15.84
10.74
6.85
7.01
4.45
12.66
13.1
7.78
14.26
7.83
2.52
-11.14
8.59
9.13
0.78
4.72
9.61
2.37
-6.12
8.74
12.32
10.05
12.71
11.84
6.43
5.31
10.57
14.13
13.51
13.05
17.7
18.62
14.64
10.56
12.26
12.41
12.89
4.82
2.96
10.3
9.66
7.67
7.17
9.61
14.73
12.17
3.21
11
15.44
10.46
3.13
-0.52
5.23
10.15
15.1
10.51
14.12
6.23
1.87
5.54
7.75
11.94
9.3
1.62
-1.9
-3.94
0.83
-1.03
6.87
7.95
8.72
-7.62
5.73
8.07
5.75
7.49
7.08
7.46
5.62
6.61
0.2
4.57
8.07
-2.14
7.16
7.9
9.61
12.49
14.34
9.76
15.1
8.79
-1.58
2.74
9.56
10.14
11.93
10.75
6.1
9.78
0.12
10.92
14.73
12.02
15.74
17.99
15.41
11.2
9.53
7.21
12.35
15.1
8.58
12.46
16.17
14.02
9.74
9.32
9.07
10.36
6.97
0.12
-10.45
-1.08
9.96
16.51
15.02
-8.7
12.61
15.2
16.39
15.86
10.81
-1.06
9.11
12.92
10.56
14.75
15.62
13.33
8.18
7.45
8.87
3.99
11.19
-4.22
13.29
11.98
10.28
13.45
16.6
17.06
16.46
9.2
10.45
11.01
12.25
14.89
12.79
11.44
15.4
13.58
9.78
15.91
18.35
18.41
16.98
18.19
13.7
-9.39
3.88
2
10.8
13.21
11.01
9.22
12.04
12.73
5.3
15.75
17.3
15.06
9.62
4.34
11.09
9.37
12.97
14.39
7.8
12.5
16.42
16.29
10.01
-9.42
9.62
11.07
5.14
3.23
-0.02
12.07
9.98
12.83
16.25
18.79
17.71
9.73
10.32
7.71
10.86
16.94
15.79
9.86
10.51
10.67
1.19
14.34
14.03
12.76
12.33
-2.89
10.78
14.02
10.15
8.84
13.08
13.85
13.56
14.77
11.96
9.88
6
8.26
9.19
8.49
14.03
20.56
18.35
13.56
16.71
17.39
14.96
10.67
5.11
13.74
16.84
20.2
21.61
19.81
16.08
13.75
9.22
5.84
13.98
16.89
16.01
16.95
15.97
13.79
14.5
16.44
11.15
10.97
17
19.28
18.7
17.65
11.55
1.92
10.36
1.71
13.75
16.61
14.54
13.75
14.19
11.34
9.4
13.92
11.64
13.86
18.21
15.95
0.11
13.15
12
12.07
17.52
22.8
24.57
24.29
22.41
18.04
12.95
11.64
10.48
4.51
11.51
16.53
17.26
10.9
6.38
10.98
13.47
18.92
18.25
11.93
0.04
-0.1
5.15
-13.85
2.91
11.91
17.76
20.62
21.39
18.93
11.73
8.17
12.48
14.11
11.76
12.64
11.35
8.6
0.41
2.11
10.12
9.92
12.35
14.51
13.84
12.16
10.42
11.29
11.44
7.49
5.9
8.94
12.84
14.83
12.02
11.2
9.17
16.59
13.88
7.43
6.57
8.95
9.42
2.74
-0.19
10.6
10.75
6.1
9.24
9.41
6.48
-1.71
11.78
14.93
15.64
12.28
-1.42
6.26
6.33
14.82
16.68
16.62
15.02
8.53
4.15
9.54
6.53
9.94
10.75
16.2
14.21
10.78
11.22
-8.61
2.56
7.91
3.95
12.51
9.37
-4.75
0.38
-7.66
11.44
14.78
10.39
6.05
7.75
7.16
14.76
10.49
8.93
8.55
6.66
10.88
10.82
16.25
12.4
13.77
9.99
17.13
17.85
14.22
11.84
15.66
15.07
12.85
11.68
9.94
10.83
11.79
12.25
15.46
18.11
12.55
8.9
12.42
8.66
6.88
12.9
14.72
11.01
7.32
4.5
11.23
4.78
12.75
17.11
15.46
10.33
11.24
9.85
16.7
17.54
15.63
12.42
10.35
6.66
4.11
12.59
13.57
12.53
11.72
10.87
9.55
13.72
14.33
11.68
9.38
4.97
-6.72
-3.64
10.07
15.88
12.11
9.33
16.11
12.19
4.8
11.92
14.48
14.23
14.8
14.96
14
