8.44
10.4
12.15
11.64
7.2
-0.74
1.37
11.81
9.19
13.59
12.95
8.35
8.59
5.06
5.65
12.11
10.29
10.87
8.77
9.11
9.51
6.49
9.11
10.29
7.01
8.17
6.76
11.05
10.8
7.68
9.21
9.43
9.88
-1.16
2.61
5.29
-1.41
6.01
1.69
4.36
2.39
10.34
12.83
9.6
10.09
13.85
11.24
4.44
1.63
9.12
8.98
-3.24
-5.07
2.67
-6.92
9.23
8.86
5.87
10.85
12.62
8.47
5.45
11.79
15.96
15.8
14.65
14.48
16.56
17.24
16.74
17.08
15.88
6.93
14.75
12.59
4.32
9.21
3.84
4.87
6.84
8.41
8.61
7.07
8.78
7.52
12.42
14.18
9.72
13.6
7.34
-5.78
6.11
5.3
12.68
17.71
17.58
14.43
14.81
17.86
18.37
13.5
11
13.37
12.13
13.42
13.74
12.47
7.65
2.81
11.85
11.56
9.81
11.37
10.06
6.54
12.35
14.88
14.88
8.58
8.92
14.27
12.05
13.93
18.38
19.16
17.93
16.49
15.93
16.04
14.62
6.65
4.36
8.27
1.99
-0.27
6.49
7.42
2.81
3.12
9.66
11.9
13.97
11.81
14.97
16.15
13.86
11.99
2.2
6.04
8.6
2.75
7.14
11.21
2.46
6.5
5.6
-2.06
9.1
11.64
11.2
11.82
11.72
9.45
6.81
3.43
3.58
10.32
10.45
-6.01
8.66
3.88
6.05
6.51
-7.07
6.3
5.14
5.73
9.2
6.33
4.58
13.01
8.04
8.62
9.23
5.26
12.98
14.7
8.88
9.68
15.22
14.92
12.71
15.21
15.33
10.7
8.31
2.09
9.43
17.24
13.83
14.2
21.98
19.97
11.62
3.28
3.79
11.42
13.3
11.97
-6.8
6.53
8.72
-7.19
12.67
15.07
12.39
3.72
6.51
11.6
9.52
7.15
1.26
1.51
6.55
7.5
-10.41
5.62
7.4
13.18
11.55
-6.8
2.53
4.99
11.6
12.34
8.61
7.59
7.45
3.67
-2.94
2.63
8.96
14.09
14.3
14.74
13.03
9.86
13.57
15.87
9.48
5.81
8.96
6.86
3.28
9.14
12.42
15.16
13.74
9.67
12.67
10.24
-3.36
7.51
4.25
-4.49
-2.57
8.62
15.64
15.64
7.32
4.62
9.01
11.86
14.43
16.5
16.95
19.21
18.59
12.15
10.07
13.5
6.71
4.87
12.53
11.88
11.09
10.51
13.93
11.9
4.57
10.61
12.91
10.17
3.75
11.81
14.67
12.47
9.34
6.58
5.86
15.61
18.48
18.54
16.93
14.38
17.1
18.27
12.57
-0.79
5.9
-15.87
8.26
14.13
13.94
14.34
13.61
12.53
11.44
9.79
5.01
3.07
1.88
4.5
8
8.76
-6.09
14
16.29
9.02
17.78
19.94
17.4
15
15.2
15.39
14.8
15.49
13.82
6.72
-0.55
-1.39
8.43
9.4
-5.62
7.07
9.3
8.53
9.37
10.21
1.27
6.23
9.06
6.73
-2.99
8.52
12.04
9.36
8.23
13.04
10.53
7.35
4.59
11.76
12.76
5.79
-10.18
-14.02
6.03
12.4
10.19
3.65
-11.71
6.09
8.08
-5.45
8.04
8.05
8.84
13.73
13.88
14.04
12.59
9.27
10.43
10.55
8.57
-5.97
9.22
7.55
8.09
9.28
7.09
9.84
11.26
-3.59
8.73
11.31
12.17
12.16
8.41
-1.8
7.43
12.81
11.64
-16.11
6.64
5.52
7.9
10.91
12.64
13.72
8.57
6.79
6.6
12.76
12.46
5.06
-1.69
-0.71
-0.76
-1.4
-2.25
8.03
14.26
14.88
13.74
13.8
7.11
9.68
4.25
4.09
1.03
2.15
10.79
8.47
0.68
8.25
6.84
2.37
12.57
7.76
1.88
10.98
10.5
6.64
6.91
10.25
15.51
19.71
17.03
1.74
7.53
7.32
-2.98
-0.88
7.58
11
8.81
7.48
-5.32
-0.19
2.61
11.31
12.02
6.61
-0.32
-15.22
6.95
10.48
7.2
-5.36
5.02
7.44
8.91
14.08
13.63
5.46
4.65
3.7
2.12
13.09
9.75
-16.28
1
-1.34
4.51
1.47
-5.32
8.01
11.57
7.55
9.08
13.77
10.2
8.03
13.99
14.17
14.79
18.06
18.11
11.33
2.32
8.3
11.1
9.69
6.12
2.76
7.51
11.79
11.65
7.37
5.24
3.62
-2.97
9.11
15.56
14.01
7.87
12.04
14.74
10.93
8.39
11.31
14.95
17.91
17.95
12.22
9.66
12.17
9.67
10.78
2.9
9.76
12.09
14.89
14.13
14.29
13.54
10.1
10.22
6.29
3.85
10.29
11.9
8.58
-0.01
6.65
12.67
9.97
8
11.88
8.65
9.6
10.5
7.13
8.31
8.8
6
4.41
-1.91
-7.53
1.14
12.43
16.25
13.8
10.7
7.02
3.86
4.15
-1.38
-0.59
5.71
11.54
12.71
5.39
8.44
10.45
10.42
10.72
7.82
3.02
2.8
3.12
9.77
12.8
9.02
3.63
2.23
6.75
6.35
11.55
12.78
14.73
15.84
9.17
8.44
12.27
13.24
13.97
6.53
0.09
12.64
16.76
13.82
13.82
11.35
9.95
2.81
2.08
9.58
15.66
12.58
9.23
8.05
9.21
11.32
14.14
9.46
3.93
4.4
-3.04
3.4
5.79
8.69
8.4
7.26
0.43
7.73
10.05
7.67
8.13
8.27
6.48
5.21
5.13
6.17
11.38
11.82
12.34
6.95
-2.67
-0.48
4.04
5.5
8.69
12.92
13.55
10.07
7.03
8.02
14.22
14.56
15.16
13.11
-17.91
8.88
11.48
11.31
5.71
5.56
15.72
16.34
12.51
10.6
9.31
11.09
14.24
12.94
8.03
12.56
12.12
4.3
10.86
8.2
3.33
12.48
14.16
14.85
13.31
10.57
10.49
10.58
9.98
8.95
12
10.81
-2.04
-7.48
-3.01
-3.9
5.66
9.87
7.53
6.01
2.37
7.9
6.65
8.53
10.96
10.73
3.34
14.56
15.01
13.75
10.54
3.34
7.97
11.79
12.3
8.5
8.8
4.81
4.03
7.48
7.89
7.03
-3.98
-6.84
3.78
12.43
9.43
7.06
12.23
7.1
4.91
13.5
13.28
11.86
10.62
0.05
3.57
11.22
11.41
2.94
8.13
11.56
13.25
14.77
10.28
10.38
11.17
6.17
6.63
5.43
9.01
5.11
3.16
2.82
4.8
7.35
6.96
15.26
18.3
14.2
6.65
7.39
7.85
14.82
15.9
9.32
9.79
11.04
9.37
9.17
7.15
0.53
8.21
8.68
5.03
3.87
-1.48
1.91
4.43
-4.94
-1.53
3.76
2.91
7.97
6.49
2.79
6.06
4.03
2
-0.08
4.6
9.61
12.56
10.66
0.44
8.01
13.21
12.45
10.14
7.68
8.29
4.25
2.73
7.3
9.66
-3.49
8.48
13.1
21.81
23.75
21.03
6.57
13.54
14.44
12.93
23.18
25.93
25.97
22.96
22.27
16.1
0.39
17.8
19.59
18.83
18.19
21.67
23.74
23.66
22.06
18.65
16.87
23.58
24.81
17.4
6.04
7.59
12.83
5.83
18.32
19.69
22.96
23.22
20.91
23.3
25.98
21.94
16.74
19.31
12.16
16.12
8.93
4.59
11.15
16.58
17.45
23.67
24.35
18.65
21.01
21.81
27.01
20.33
19.74
19.54
16.14
17.65
19.96
21.39
24.06
24.38
17.63
18.88
25.25
26.2
24.68
23.02
21.28
13.63
17.57
20.43
19.54
24.89
22.92
14.62
12.15
14.33
20.67
21.06
14.94
19.21
22.63
23.45
21.47
15.83
14.02
11.43
22.6
23.34
22.99
22.48
24.09
26.06
22.37
19.54
20.3
18.05
17.14
23.9
24.37
17.79
14.03
22.14
22.14
18.76
16.54
10.02
16.6
18.65
20.44
20.67
13.7
3.16
11.99
17.86
13.14
18.89
25.4
22.84
23.06
21.91
16.06
14.62
15.76
16.29
10.4
20.53
28.14
28.59
23.24
18.61
18.75
14.31
11.88
17.69
13.23
10.31
12.4
15.34
15.77
15.96
15.02
11.57
16.17
19.64
28.65
27.4
18.46
17.31
15.45
12.47
7.67
17
21.22
19.99
14.21
13.24
26.25
24.81
16.55
21.84
24.59
26.7
26.36
20.95
20.35
25.22
27.19
26.86
25.57
22.65
18.72
22.67
23
20.26
21.93
20.14
27.32
29.5
27.27
19.8
12.93
4.66
16.09
27.51
29.83
26.38
22.78
25.62
27.07
22.62
19.16
22.47
25.54
26.57
26.58
26.16
27.23
27.71
23.17
23.94
25.63
26.75
26.85
23.1
18.29
20.67
21.57
18.69
18.44
21.21
16.44
23.94
24.04
21.89
22.08
20.91
22.02
23.85
24.03
24.99
25.63
25.78
22.59
11.38
15.23
13.33
19.56
22.8
20.27
13.11
11.13
15.46
18.62
12.23
17.58
18.45
15.55
22.01
22.38
17.89
20.8
23.49
21.2
10.97
11.78
9.41
12.76
21.05
22.11
17.78
9.2
20.91
23.64
15.82
13.7
12.19
20.16
21.63
23.84
22.61
17.57
13.08
7.74
11.42
21.69
24.6
21.66
21.5
22.42
20.42
20.53
21.63
23.61
23.48
13.07
15.14
13.97
14.75
10.77
12.24
22.82
26.51
23.67
13.71
11.42
3.43
20.91
25.04
22.19
12.93
9.36
23.1
26.82
25.96
21.53
13.91
22.9
26.34
23.5
17.24
13.75
5.91
4.42
5.57
9.44
6.83
15.27
17.41
17.77
23.26
27.15
25.41
18.03
4.99
8.47
8.87
0.49
9.06
5.99
3.95
15.36
18.72
19.27
16.4
3.29
19.44
21.35
19.35
8.6
14.84
17.59
17.84
13.65
7.65
16.23
12.27
12.74
16.65
14.61
8.23
6.15
17.1
19.89
17.03
8.99
4.9
4.42
15.26
20.19
23.65
26.46
24.15
14.94
12.64
14.77
8.74
12.02
3.74
10.26
1.34
9.91
11.26
10.14
-3.29
7.66
11.75
8.66
12.3
9.81
2.27
3.98
12.91
18.26
18.82
14.52
13.01
15.05
15.81
17.04
19.52
18.25
12.16
10.64
11.47
-1.39
10.52
4.78
3.13
10.82
9.41
0.77
6.13
8.98
4.96
1.9
6.62
18.85
15.99
15.25
21.27
22.69
15.34
6.05
17.43
23.48
22.38
11.05
14.7
23.79
23.77
18.47
14.31
15.04
5.69
13.12
13.8
14.87
20.4
19.55
14.23
11.05
14.17
14.56
18.17
23.6
25.4
21.14
13.95
9.3
13.22
-1.63
17.98
11.81
20.83
24.69
22.89
19.53
20.73
16.95
0.84
12.57
6.15
16.17
13.71
13.72
15.24
7.76
16.89
21
19.82
22.17
19.04
13.29
3.88
19.54
23.86
17.74
19.43
23.17
13.01
12.94
18.38
21.09
7.95
21.09
19.84
20.32
24.04
25.9
25.46
20.76
18.9
20.95
19.89
21.67
23.52
22.99
24.51
25.5
20.74
22.67
21.1
19.45
11.6
10.48
14
15.31
18.03
27.76
26.17
16.93
16.24
9.92
22
25.81
25
14.83
17.51
20.68
24.09
20.39
-0.67
21.8
25.32
23.25
19.25
20.47
22.61
24.17
18.39
25.19
21.36
21.31
21.89
16.4
15.57
20.52
25.62
28.96
27.52
20.15
17.97
19.71
16.8
8.74
24.06
27.19
21.74
0.91
10.71
18.02
14.62
19.25
24.42
18.83
18.89
24.24
17.16
14.02
21.09
24.9
25.14
20.91
17.56
19.84
16.33
18.57
25.07
26
20.54
-3.18
13.58
13.69
11.36
23.1
28.85
25.91
22.28
21.66
20.52
11.66
17.27
23.99
22.39
7.77
22.12
23.52
22.74
23.01
22.33
19.38
-4.49
17.63
20.64
8.46
25.95
24.38
18.89
20.79
8.57
23.11
24.57
15.61
11.39
12.18
21.39
19.09
10.19
13.13
18.79
18.15
21.79
24.76
23.34
20.88
18.22
21.02
17.28
2.31
17.52
12.84
17.65
11.09
10.5
23.73
27.11
26.78
26.51
24.74
17.51
19.69
20.9
18.34
24.17
26.79
24.96
22.22
25.04
26.42
25.74
25.38
20.14
19.4
20.68
14.2
9.41
7.23
6.47
16.07
15.87
12.74
13.86
17.51
22.45
18.98
14.16
18.66
18.48
22.16
25.91
26.07
19.04
-8.06
16.7
20.31
6.46
20.19
17.47
21.98
18.7
18.91
18.61
18.77
24.71
22.8
22.03
24.87
20.25
9.14
16.61
22.36
20.66
15.99
12
16.88
11.94
22.76
25.47
17.85
16.76
14.18
2.58
21.37
19.81
-0.11
20.03
22.8
13.26
15.4
20.83
19.98
11.56
13.75
22.83
24.7
20.48
19.74
19.99
19.64
25.19
26.33
23.44
19.45
14.24
18.54
23.04
25.25
22.14
13.58
7.36
15.68
16.2
20.85
22.26
12.38
16.43
23.23
20.76
12.71
10.65
11.99
11.13
3.61
11.07
15.3
11.32
14.7
16.63
11.51
21.01
16.67
14.06
15.26
11.56
22.17
22.83
15.98
8.72
20.75
22.95
23.71
22.91
21.82
18.51
20.33
19.37
3.31
16.77
22.45
21.79
18.38
20.46
21.88
19.92
15.02
12.19
15.38
10.61
11.54
14.47
10.56
21.34
23.18
15.86
4.36
14.02
22.77
24.28
23.56
23.41
22.15
12.99
20.09
24.83
25.48
17.53
11.78
16.84
21.67
23.45
22.18
13.34
14.83
13.27
12.91
15.76
20.42
17.2
15.99
18.57
19.44
19.76
22.96
23.79
20.87
16.46
-12.07
10.81
14.74
17.56
8.89
2.2
12.73
18.52
16.28
10.83
14.73
15.03
21.03
21.18
11.58
12.81
13.62
18.12
24.1
23.28
22.72
21.15
13.65
16.76
12.38
8.54
16.43
22.28
21.84
24.92
18.05
23.74
28.07
23.95
14.33
18.19
12.37
18.22
10.68
23.09
25.01
25.31
20.55
15.17
13.69
9.54
19.19
25.64
24.3
12.75
23.27
24.54
24.37
18.58
12.76
15.53
12.66
8.2
11.07
4.6
20.01
27.41
27.81
19.79
15.98
17.04
0.27
15.86
18.65
21.47
22.17
19.9
17.46
10.92
12.81
14.69
10.51
16.93
10.12
20.93
23.08
20.47
18.11
20.05
22.08
21.62
23.56
24.07
24.86
22.55
18.5
12.39
1.73
3.61
16.74
20.55
20.18
22.95
26.4
25.67
17.48
25.01
23.8
18.92
17.82
24.46
24.27
18.12
18.67
21.57
18.12
23.09
22.44
15.2
6.78
9.17
21.13
23.15
17.17
12.72
22.56
25.17
18.81
19.91
24.17
22.26
13.64
14.43
23.52
24.04
15.89
12.61
13.52
11.53
18.44
20.03
18.17
16.26
19.23
20.73
16.58
11.92
24.68
32
30.42
26.77
25.03
16.82
17.53
11.29
21.44
24.1
26.51
28.35
26.47
22.21
19.45
20.63
16.24
18.72
22.45
21.82
30.64
33.86
26.66
5.69
22.4
26.09
21.98
19.68
16.9
13.38
21.72
20.96
25.6
21.65
21.94
26.82
23
9.51
18.85
18.46
20.02
24.81
24.94
18.27
13.67
17.25
36.45
44.7
44.32
34.3
11.89
6.86
19.7
13.26
14.14
18.29
23.33
21.9
21.88
22.54
23.51
24.82
22.26
9.64
0.35
3.59
20.99
24.25
16.65
15.3
16.37
16.62
17.13
34.96
44.57
43.9
33.49
19.1
19.68
21.42
22.8
19.86
22.99
23.39
25.6
26.32
22.37
18.14
21.04
25.23
24.21
12.69
16.83
18.26
24.92
24.91
20.47
34.14
31.78
16.9
20.17
16.96
18.33
19.19
14.89
9.54
18.24
20.56
17.69
23.56
25.94
26.63
26.67
26.25
23.29
17.26
23.81
24.79
16.51
-3.76
10.09
12.78
21.61
23.09
19.68
20.51
37.37
43.56
40.08
25.31
23.01
14.8
23.83
16.57
23.56
23.94
18.15
20.29
25.9
33.81
34.2
27.55
17.71
21.54
19.39
15.92
19.65
20.59
11.44
26.94
27.62
20.77
11.56
15.33
13.64
21.35
37.22
43.55
41.26
31.88
24.11
19.71
23.73
20.76
11.17
7.33
16.81
21.9
21.6
19.22
17.41
17.4
20.94
13.28
19.7
24.09
23.45
22.92
26.55
25.72
19.38
24.24
14.53
19.44
21.61
22.34
18.34
24.28
25.07
18.95
15.69
9.59
15.9
20.12
19.99
9.36
20.38
22.32
20.51
21.87
25.43
24.55
19.21
16.15
-22.1
15.63
15.15
27.31
41.09
45.91
42.68
31.94
23.71
22.94
22.26
23.77
23.5
27.96
24.55
17.74
24.15
24.37
24.24
24.33
24.6
13.15
20.16
11.27
21.67
24.47
19.16
15.99
17.29
15.49
18.15
22.1
24.9
25.45
23.58
16.09
18.62
20.16
25.71
30.19
29.73
24.85
15.39
9.31
15.64
23.64
23.01
18.12
20.68
22.56
18.75
21.38
20.41
2.71
19.41
23.27
22.34
8.07
12.67
15.22
25.65
28.63
26.43
16.43
30.37
31.72
30.96
30.43
28.97
26.94
23.82
22.05
21.39
24.16
22.92
25.69
29.13
28.13
18.42
21.66
29.09
31.86
30.43
24.98
16.25
26.6
37.17
40.13
36.98
33.46
32.89
34.62
34.67
28.57
39.3
43.11
36.53
23.83
25.17
18.28
7.7
25.95
30.83
27.7
24.28
29.03
32.1
35.63
35.53
30.99
29.1
26.41
25.96
29.35
28.15
27.78
33.43
36.99
35.69
33.9
33.23
30.68
26.64
24.72
27.68
26.36
21.44
25.09
30.22
31.65
30.88
30.5
30.56
32.27
30.35
25.67
29.33
34.58
35.09
33.4
31.17
30.19
29.69
29.57
30.84
30.36
27.67
31.59
32.77
30.09
26.17
24.61
25.07
30.5
37.33
47.12
48.83
40.25
32.37
35.05
32.51
29.91
30.03
30.41
40.75
48.76
47.4
38.07
34.33
36.09
37.14
36.17
35.21
36.89
38.32
37.33
34.83
36.07
38.78
38.45
37.87
37.36
35.15
32.68
30.56
33.27
33.35
29.41
28.11
33.37
34.63
30.86
22.21
10.39
26.68
30.68
30.38
25.39
19.68
23.47
27.05
22.48
27.87
30.98
26.26
26.48
30.97
33.41
33.15
31.09
36.13
38.58
35.52
30.06
31.76
34.9
35.81
37.03
39.37
40.77
40.74
38.81
37.9
38.05
37.76
37.09
36.68
36.11
35.08
35.21
36.67
36.73
33.91
30.83
30.22
31.3
30.82
30.27
29.47
28.7
30.01
29.38
28.9
24.84
17.63
18.86
22.31
18.34
20.16
15.3
21.07
19.53
25.62
29.08
26.25
23.95
25
26.5
26.68
24.18
24.87
32.04
33.75
33.05
33.94
32.54
32.97
37.09
38.4
36.26
33.18
33.49
33.29
31.8
32.06
34.94
33.71
28.22
28.44
32.41
31.62
28.01
28.4
32.65
34.79
34.3
32.05
32.03
31.65
24.15
28.67
30.98
30.78
29.36
29.47
30.03
26.94
15.91
13.76
23.26
28.63
26.48
27.79
28.68
27.71
29.12
28.3
23.2
26.01
32.26
32.62
28.39
26.1
24.41
25.39
31.24
33.66
32.72
30.41
31.07
32.42
33.03
33.28
33.1
33.45
33.07
31.9
31.77
31.8
30
28.99
28.32
26.93
28.52
25.88
20.06
25.4
29.9
28.43
23.95
24.06
27.3
26.63
14.28
16.33
19.45
28.12
29.72
29.08
29.17
26
13.5
5.25
14.71
22.05
23.41
17.8
11.98
16.95
21.98
20.7
22.59
25.26
27.42
24.26
20.31
22.2
25.71
15.73
20.2
24.87
26.8
24.88
20.3
21.53
16.32
19.93
28.92
28.75
24.13
22.7
25.56
24.99
24.94
24.8
23.93
27.95
26.32
25.06
21.38
20.53
24.35
25.79
24.63
22.19
20.7
19.66
17.5
13.68
11.01
22.33
23.16
19.46
21.25
25.46
20.76
13.1
17.83
12.55
19.11
23.07
24.86
25.58
23.53
20.77
23.53
24.86
18.45
19.47
21.43
20.33
18.06
13.92
14.25
18.57
25.04
27.58
28.17
25.01
20.13
12.19
14.81
19.5
24.12
18.11
4.99
11.16
11.62
13.75
19.68
23.51
20.6
18.08
15.56
13.71
16.27
3.64
16.96
21.67
13.23
16.94
16.62
21.54
23.69
17.6
19.8
21
19.71
16.75
18.28
21.17
22.21
19.53
17.89
22.95
21.69
17.43
24.03
22.52
16.8
26.59
25.69
10.64
25.69
26.94
19.66
18.97
10.56
19.42
26.37
25.64
27.69
25.66
23.37
10.92
26.67
23.12
8.49
19.28
22.9
10.2
20.02
12.22
19.97
21.84
22.21
20.45
22.87
20.74
17.12
19.27
22.53
22.68
11.56
19.22
21.99
19.43
18.32
23.05
22.57
23.04
22.45
19.13
22.7
20.52
23.61
23.04
19.8
20.11
15.4
17.56
17.99
14.35
19.14
23.05
24.67
20.25
21.87
17.64
25.34
23.68
14.16
16.59
7.03
23.55
20.7
26.22
29.22
22.78
15.65
16.43
24.15
33.53
36.1
32.14
27.99
28.21
24.32
24.61
24.93
19.27
1.85
18.62
21.83
25.67
23.6
12.14
15.36
20.89
16.94
24.13
22.73
22.67
25.75
21.55
10.26
20.45
21.02
21.86
20.66
6.13
5.32
18.14
20.57
16.66
20.28
19.19
17.56
29.94
30.34
24.54
24.29
24.37
16.34
23.44
19.72
14.91
23.81
24.82
21.36
17.18
9.19
21.06
23.12
21.49
15.45
13.12
23.81
25.66
22.56
24.43
23.55
23.57
23.93
19.5
15.41
19.68
24.77
28.54
28.1
23.78
8.53
21.82
21.87
17.81
19.57
23.73
24.86
18.84
8.27
0.98
3.6
15.46
21.68
23.39
19.17
18.49
18.43
15.56
25.8
25.68
15.71
17.5
10.77
12.37
10.01
13.77
19.52
17.79
23.53
27.35
26.79
23.67
6.44
22.87
25.32
25.04
22.24
24.09
22.82
22.67
23.21
17.96
2.95
8.83
-0.67
17.46
21.3
24.79
25.31
16.32
15.53
20.21
22.59
23.22
21.17
18.62
22.75
25.49
25.81
22.75
15.45
24.31
25.36
18.5
18.91
15.74
23.28
25.41
21.48
13.1
21.35
23.57
21.39
20.27
20.49
19.24
21.52
23.3
21.05
22.37
22.71
14.18
8.05
20.52
23.04
18.1
21.79
23.42
19.66
20.69
23.19
21
13.47
18.35
19.54
22.31
18.72
16.1
20.65
18.1
18.38
15.2
10.58
19.91
24.51
20.03
14.39
8.7
18.63
19.21
18.26
21.12
16.52
10.87
17.22
18.65
17.64
24.91
24.8
18.23
21.16
20.17
14.57
14.9
11.11
14.9
18.15
18.72
10.11
14.13
13.92
5.77
15.29
14.75
12.89
6.17
21.15
25.59
22.43
19.03
14.74
11.14
1.48
14.97
13.89
16.13
16.62
20.31
21.83
20.74
10.14
16.63
17.05
16.02
3.07
14.36
16.45
1.17
6.97
17.63
13.67
15.35
9.64
9.42
9.83
13.47
10.56
-4.84
11.22
13.2
0.33
9.22
16.47
17.84
14
12.93
19.81
5.7
20.41
20.53
21.07
19.21
15.34
9.5
2.09
13.98
21.29
24.57
26.16
22.15
12.01
14.74
16.29
10.77
-5.35
11.15
19.41
19.78
18.17
17.14
18.06
24.64
23.94
22.01
22.36
23.5
23.12
23.8
24.25
21.43
20.43
18.37
19.68
11.88
14.84
10.3
8.88
19.71
19.61
19.56
14.35
18.68
13.93
16.54
19.08
17.93
21.46
22.13
21.05
24.62
22
17.32
5.7
23.43
26.81
20.14
7.54
14.28
17.78
18.98
16.28
11.13
16.51
20.58
19.08
20.83
16.86
9.24
18.7
21.6
19.66
18.72
16.43
21.33
19.27
25.87
25.18
21.07
18.34
7.23
12.5
12.83
5
11.82
18.74
19.99
10.64
9.27
16.26
13.49
22.22
25.89
21.54
6.81
20.08
17.66
15.78
21.73
20.52
13.26
20.59
17.97
11.96
17.01
21.58
22.67
18.39
5.61
9.63
12.81
20.98
25.18
24.41
18.39
9.87
18.02
24.42
27.38
22.42
13.64
23.66
22.2
18.46
24.5
19.63
1.63
10.17
22.13
25.08
25.01
21.34
11.9
11.36
18.4
9.92
17.44
17.5
8.31
12.55
14.69
21.67
20.71
17.06
4.05
19.82
19.19
17.51
19.92
22.33
26.78
25.84
27.9
26.67
17.03
18.36
15.74
20.46
22.89
25.35
29.81
29.2
21.21
16.4
24.89
24.4
15.56
21.49
16.48
21.79
26.03
22.53
25.35
25.36
21.86
22.12
23.96
25.24
20.86
10.55
19.16
20.01
15.16
13.84
19.83
23.11
22.97
21.61
11.62
18.57
8.35
22.27
24.75
23.04
21.47
22.29
17.12
21.55
20.68
8.92
19.73
9.99
27.64
29.2
25.34
17.63
12.87
15.09
0.94
18.1
16.04
16.02
19.81
8.87
19.8
22.74
17.46
15.41
11.03
30.71
34.77
29.36
19.63
21.58
19.56
19.45
24.54
22.44
4.51
17.28
15
12.1
18.76
12.05
13.16
19.91
5.09
17.91
17.22
13.5
13.94
12.45
16.75
21.11
17.87
15.09
16.57
17.84
15.55
17.04
23.57
26
20.5
18.75
18.9
15.08
11.07
17.69
16.93
15.52
19.51
18.45
22.56
21.34
12.29
17.48
21.02
13.49
22.46
25.57
21.24
14.18
20.66
19.51
18.06
21.03
18.99
9.05
12.75
17.41
16.56
8.3
22.77
25.24
25.82
25.94
20.62
18.21
5.04
16.59
21.45
17.76
14.66
16.73
16.75
21.4
21.55
27.31
28.13
19.4
19.51
18.87
21.83
22.83
19.87
17.44
15.52
16.67
23.83
19.24
18.99
21.33
15.44
5.32
15.15
18.07
15.03
7.58
12.57
12.87
11.82
18.97
18.22
13.98
16.12
16.46
22.14
22.42
19.85
22.1
21.63
16.79
2.57
3.67
13.59
18.1
18.7
19.12
21.53
14.51
14.16
19.75
17.74
14.91
19.25
3.4
22.77
21.17
18.65
20.27
16.4
20
21.04
24.89
23.88
19.49
13.25
13.92
18.02
23.32
25.09
21.4
14.16
4.62
19.19
23.32
22.76
21.08
22.19
22.16
20.08
19.14
16.76
18.5
21.24
15.8
16.92
18.74
14.42
15.99
14.71
21.53
20.77
12.31
17.43
17.18
11.33
19.59
22.26
20.9
17.78
16.11
4.53
19.9
20.69
23.17
24.15
23.97
23.09
19.06
13.99
15.3
11.91
15.37
-0.85
20.2
20.92
19.35
17.73
-18.49
20.31
23.39
19.65
18.82
19.96
23.84
25.33
25.51
22.16
18.28
12.35
7.44
16.72
16.82
9.39
12.6
11.65
9.84
21.24
24.55
21.21
12.92
12.22
8.53
18.32
24.26
22.39
18.31
15.82
19.17
17.15
19.17
19.6
16.31
1.2
20.92
26.39
25.98
16.2
21.38
18.33
9.91
21.41
22.19
17.82
7.27
5.09
4.09
17.56
24.42
23.94
17.56
16.14
6.01
10.92
14.2
8.2
10.6
17.21
16.96
5.94
18.79
24.7
21.14
10.56
6.12
5.52
8.65
7.71
13.4
20.02
20.29
16.59
15.7
17.5
17.72
9.48
6.01
6.6
8.16
8.54
-10.14
3.37
8.1
10.76
18.16
19.73
16.37
13.19
10.92
16.25
14.72
11.22
17.64
14.94
-11.62
15.35
17.9
15.94
13.92
1.42
-3.31
3.18
11.94
12.31
11.68
16.42
9.15
0.16
12
14.9
12.06
9.95
14.27
17.21
19.38
16.63
19.65
20.52
21.27
19.38
9.07
3.24
13.44
13.68
8.98
10.71
14.83
15.82
10.77
3.69
14.26
20.8
20.77
17.25
13.48
12.08
12.5
14.89
17.37
15.81
11.26
1.38
11.21
14.77
16.93
9.47
15.2
17.63
15.78
18.12
18.75
11.85
8.58
13.89
19.85
18.71
9.77
5.11
12.39
12.78
10.4
10.31
10.99
-7.54
14.34
15.19
8.98
10.52
4.41
10.29
16.41
14.71
6.09
4.27
2
6.43
14.52
14.27
4.01
10.84
8.58
1.18
7.29
9.56
17.96
16.71
19.9
20.34
17.59
11.66
12.59
17.2
13.13
12.22
13.53
10.5
3.48
0.14
5.89
-6.99
3.25
15.43
17.06
16.12
0.78
14.75
17.13
16.74
15.8
13.47
16.47
14.96
18.67
20.47
14.93
5.29
-2.48
8
14.76
13.34
9.01
6.66
13.69
13.31
8.52
6.7
9.6
8.99
2.64
11.37
12.67
11.2
16.23
12.91
7.02
11.6
17.37
17.48
4.16
11.37
12.83
12.95
7.36
11.17
14.22
14.6
19.71
20.54
11.77
-6.14
13.41
17.41
16.11
15.13
12.65
10.65
11.87
5.21
2.89
3.67
13
12.8
17.36
18.36
10.06
17.01
17.82
16.84
17.41
16.33
16.65
15.45
10.69
13.39
14.57
14.57
14.03
11.56
9.87
13.05
13.22
-9.36
11.25
10.11
10.25
18.84
16.01
21.39
20.66
13.54
7.69
16.25
12.95
17.7
20.7
19.91
17.19
14.38
14.61
14.54
17.32
12.38
0.15
7.04
5.66
16.62
18.23
5.19
5.81
10.63
9.04
10.9
12.58
5.05
3.87
12.94
17.17
12.3
4.88
16.5
16.31
10.96
11.31
21.22
23.52
20.58
17.17
9.45
15.54
22.25
19.66
17.39
19.31
13.54
7
8.3
6.98
11.63
15.23
8.08
22.1
24.95
21.33
5.5
17.45
16.6
9.91
15.7
14.79
13.58
18.1
21.36
18.87
14.8
13.33
13.44
0.86
6.5
6.63
12.81
11.43
0.87
-0.76
18.91
23.59
19.05
14.48
16.75
14.34
8.92
-1.88
6.92
6.22
18.72
21.08
20.79
11.36
13.2
14.22
12.75
13.51
8.32
7.19
16.14
19.97
18.81
17.53
17.61
19.53
13.64
15.96
21.23
21.2
15.57
7.17
12.27
12.29
3.4
11.28
11.32
2.56
13.22
14.37
13
12.64
16.45
18.22
14.78
10.3
9.39
12.49
7.59
-9.39
9.43
13.43
12.36
4.98
10.71
8.09
5.5
-0.22
11.57
16.54
11.87
14.94
13.95
10.58
18.35
17.96
13.76
10.68
15.71
19.54
16.5
13.64
9.8
12.61
18.71
10.13
14.69
16.76
15.7
10.05
-5.59
2.16
13.66
17.66
16.7
13.67
7.65
4.89
7.68
9.05
7.15
13.59
7.52
7.96
12.62
12.93
12.79
9.46
4.93
3.64
15.55
16.28
9.31
4.33
13.56
18.78
15.97
15.02
16.6
7.94
2.67
6.98
14.76
15.52
16.64
15.98
11.46
13.72
16.89
16.3
13.31
17.26
21.03
16.87
8.19
7.32
8.85
11.43
12.83
2.4
7.22
5.75
12.98
15.49
15.63
15.5
14.81
11.74
11.08
19.11
15.62
12.87
19.59
18.55
11.75
12.31
12.46
15.72
12.77
17.52
21.84
20.28
20.38
19.39
16.24
15.91
14.89
12.23
13.54
11.97
21.02
21.17
17.95
18.74
16.46
9.55
15.77
18.88
21.8
18.67
11.56
9.8
11.23
16.75
17.68
16.56
11.06
-9.27
5.3
11.82
9.91
8.22
11.12
4.2
5.99
13.7
17.99
16.27
12.79
12.43
16.7
13.5
14.96
16.03
11.48
16.57
19.31
5.04
11.21
17.23
21.49
21.82
18.68
19.11
19.02
12.49
12.88
2.6
9.67
13.84
13.13
15.02
19.33
16.91
16.36
20.28
19.6
8.58
17.03
17.96
17.88
17.3
14
14.29
14.11
18.44
18.74
3.59
15.49
17.16
14.02
18.29
19.98
22.87
20.77
12.45
11.1
17.9
16.57
20.72
17.95
12.78
-1.73
12.04
8.12
13.46
16.7
16.77
11.78
12.68
20.09
17.47
18.83
23.3
21.32
16.45
13.46
-0.3
14.62
14.91
17.54
18.7
17.68
17.4
12.68
13.03
15.34
20.21
20.76
15.86
16.42
13.58
8.08
17.51
15.64
17.33
18.03
16.35
14.15
14.26
18.44
21.16
19.25
15.41
14.97
15.6
18.68
18.08
12.29
12.16
20.51
19.88
6.9
12.98
17.07
16.43
18.84
18.84
18.35
17.71
18.1
16.17
15.54
15.03
10.75
17.05
19.58
19.94
16.91
4.24
14.25
5.78
1.79
7.96
4.17
18.89
19.92
15.18
9.62
10.04
8.58
19.77
23.53
22.81
21.2
18.31
2.8
20.78
18.74
7.83
3.47
16.88
18.21
12.68
14.87
12.35
12.96
20.91
20.03
20.58
21.04
17.86
14.1
5.74
7.65
12.89
12.78
10.3
13.03
11.36
13.88
20.21
23.44
19.66
-1.16
17.3
17.9
15.41
18.88
17.49
13.08
13.82
9.92
8.95
18.39
20.8
15.73
5.73
7.46
10.29
2.41
8.86
12.85
19.15
21.93
19.07
13.24
11
1.29
12.12
12
9.41
15.77
14.23
14.34
16.06
19.28
21.34
16.37
16.46
14.94
14.62
11.1
20.63
22.78
16.22
12.39
10.83
15.12
15.5
3.43
7.4
12.89
11.5
16.14
21.98
20.25
9.16
18.36
20.17
23.18
21.99
16.57
15.09
16.54
18.75
16.27
16.62
20.35
18.39
18.92
19.09
14.39
2.73
10.27
16.87
18.22
17.97
13.03
5.76
9.29
7.52
17.08
15.13
11.62
21.13
18.88
15.5
15.46
20.09
19.77
8.64
17.98
21.59
19.49
14.48
14.83
12.04
-5.1
4.89
9.28
14.33
11.59
6.16
14.34
12.79
11.33
14.99
-1.77
13.29
16.96
16.63
14.55
15.8
12.49
8.62
11.87
7.46
18.16
15.97
20.95
22.76
18.92
14.25
12.77
8.94
9.05
9.5
7.96
17.97
20.62
15.63
8.38
14.48
16.17
2.8
8.05
10.64
2.01
9.27
14.22
-8.61
13.64
15.27
17.06
17.62
19.82
19.21
12.15
4.8
15.81
20.09
18.29
12.09
13.26
19.84
22.33
21.63
18.11
17.12
20.27
16.14
14.03
16.27
14.19
15.36
15.71
18.22
17.99
15.96
14.54
12.74
9.05
13.47
-0.82
12.7
9.06
9.17
13.64
16.53
4.05
13.76
13.96
2.11
11.71
16.45
15.46
13.29
16.58
21.47
23.39
22.99
19.61
12.48
10.56
15.4
18.11
19.85
15.06
12.36
12.89
18.95
17.28
9.96
2.98
15.74
15.36
6.16
6.49
11.37
5.11
3.34
5.6
9.87
11.44
8.28
14.47
10.03
11.12
13.25
14.91
18.05
18.76
19.54
21.08
21.41
21.24
21.96
22.73
19.2
13.82
5.04
9.1
11.49
9.63
4.24
14.62
17.33
16.64
16.34
13.61
10.43
10.59
16.02
19.92
19.01
14.97
11.54
12.76
16.56
17.6
17.49
15.84
18.08
19.85
14.48
14.98
20.23
22.18
22.32
18.6
14.36
15.07
15.12
14.41
14.53
13.87
9.93
13.93
17.5
16.41
15.5
15.34
16.46
14.45
13.36
9.71
14.07
-0.33
11.84
17.35
16.88
15.76
10.86
0.25
11.64
15.83
18.16
17.62
15.28
10.89
6.46
3.14
10.15
8.16
11.65
16.7
21.27
19.09
13.02
16.22
15.4
2.29
13.73
14.12
13.98
9.93
7.84
6.27
14.27
11.78
17.12
21.46
22.05
20.06
17.1
17.59
19.4
17.69
16.94
17.92
18.21
19.85
20.35
15.78
10.78
13.34
17.11
14.98
12.98
17.1
16.76
11.07
5.18
5.37
-3.97
12.71
14.22
1.29
14.15
17.62
13.23
2.28
12.47
17.56
15.53
8.96
15.56
17
13.49
16.35
16.61
16.47
12.69
4.74
11.41
12.17
15.78
17.97
19.3
16.56
5.47
6.47
14.14
12.96
8.74
12.31
13.28
12.08
13.9
17.57
13.33
6.46
12.95
16.24
15.05
8.24
14.81
17.77
15.47
12.1
8.99
11.15
18.24
20.41
17.9
19.65
20.16
17.54
-2.51
16.49
18.6
13.04
17.44
18.38
14.09
11.13
17.13
12.19
4.47
13.35
14.39
11.4
8.92
12.03
13.96
8.83
7.2
10.66
15.46
11.32
3.04
9.19
14.1
15.58
8.34
11.19
9.85
15.42
17.22
10.11
12.81
14.4
2.59
12.57
17.32
16.77
2.51
6.51
13.68
18.37
16.85
10.55
9.64
10.87
1.12
15.38
20.29
15.2
-0.28
-4.27
11.89
16.54
14.43
13.98
13.83
6.03
6.12
10.75
12.92
16.14
16.86
11.57
-0.9
11.53
14.38
9.02
3.22
11.6
17.18
18.38
13.24
12.25
11.56
9.45
18.31
17.35
12.91
12.97
14.08
4.62
12.21
11.15
-5.29
8.62
7.94
7.13
13.83
10.8
1.43
9.09
13.33
15.7
8.81
8.32
14.06
12.57
13.8
14.43
13.74
8.17
4.49
3.95
11.83
6.85
9.56
13.08
10.82
11.86
18.14
21.17
19.92
15.97
8.82
8.05
4.41
4.89
10.03
10.95
8.33
4.23
8.54
14.04
13.43
9.29
5.05
8.16
12.49
11.73
3.05
0.01
2.23
15.02
18.22
9.07
10.89
11.24
-2.04
12.23
13.06
9.22
1.65
5.47
15.52
16.71
9.49
9.76
13.59
9.32
9.33
9.35
15.74
15.99
14.82
14.85
12.51
16.18
17.56
12.8
10.65
-2.94
12.83
13.59
12.54
14.2
9.33
11.35
17.77
16.21
11.92
5
6.29
9.76
9.57
-18.76
0.82
-0.85
2.12
6.83
6.6
3.62
1.33
6.3
13.34
14.03
8.11
7.28
8.4
5.15
5.14
11.2
17.21
18.54
18.46
15.1
15.98
16.62
12.42
7.87
10.49
8.36
1.62
-1.37
2.42
7.02
6.53
-8.85
4.83
13.19
17.2
16.15
14.89
15.65
14.26
12.31
11.56
7.22
3.82
8.55
12.86
12.49
13.66
17.15
15.3
9.26
11.03
17.01
19.07
16.89
12.97
9.44
13.5
19.14
13.85
-1.5
2.17
7.73
8.17
4.33
6.22
18.45
21.53
18.57
14.85
11.81
7.7
10.96
11.8
17.57
18.94
15.6
7.36
4.26
9.62
11.66
12.48
-2.4
14.31
18.09
16.99
8.59
2.2
5.75
7.33
7.49
6.23
10.43
7.62
-1.79
8.58
15.93
17.12
14.34
12.61
-0.48
13.09
14.76
14.96
13.83
9.77
-1.46
12.07
14.59
16.32
15.9
3.42
9.97
13.57
13.02
13.93
16.15
15.12
12.63
-1.49
11.33
15.89
14.34
9.25
-5.95
11.04
13.7
12.88
13.2
12.84
11.43
5.22
0.6
4.09
7.1
7.3
7.12
8.33
16.78
13.97
5.04
12.89
9.41
1.78
8.69
8.84
10.76
7.47
-0.18
6.84
4.94
10.52
9.41
14.14
18.32
17.33
15.56
2.35
2.74
-22.28
5.12
12.08
13.04
16.39
13.8
15.84
16.27
12.97
8.17
14.07
17.98
17.54
19.2
19.96
11.06
13.04
17.38
16.4
10.21
10
10.03
7.36
12.18
18.43
21.28
20.48
17.94
15.75
-4.18
12.53
12.91
9.69
4.97
13.31
16.15
17.11
16.12
10.36
6.43
17.35
16.72
0.34
10.26
14.03
18.01
19.48
21.17
18.09
1.26
16.81
17.18
15.14
13.43
13.16
16.87
16.66
7.27
13.17
14.26
15.7
16.94
10.74
6.37
11.13
4.83
9.26
17.75
21.8
20.29
12.15
1.84
6.84
14.39
12.93
-3.64
11.01
13.9
8.38
6.09
10.57
14.89
9.15
11.26
10.66
11.53
11.26
1.36
6.51
8.21
6.22
16.01
15.43
-4.32
17.25
19.04
14.68
1.22
10.13
10.58
7.32
13.15
14.21
12.18
14.22
4.96
12.19
16.75
18.06
17.6
16.74
12.74
1.13
4.12
9.71
7.18
12.89
18.43
17.88
11.72
11.28
20.45
20.05
16.97
8.23
14.77
19.13
18.55
8.15
10.23
12.49
9.4
9.78
14.63
10.4
16.09
17.15
16.52
9.14
8.6
14.69
16.91
14.58
11.05
11.06
1.57
13.9
14.65
15.73
20.49
18.87
12.75
9.78
7.07
15.32
8.69
11.38
4.76
12.62
14.81
9.2
7.36
5.07
8.75
8.44
7.82
6.88
11.46
19.07
17.58
-0.28
12.86
4.25
11.71
13.56
14.3
11.43
16.65
15.82
5.76
15.05
14.4
9.22
6.09
14.68
17.52
11.77
5.5
6.22
8.61
19.66
22.91
19.8
12.87
16.57
17.33
10.53
-4.33
8.71
3.99
8.9
9.4
11.7
18.83
19.81
11.46
7.99
14.75
17.99
17.6
12.09
12.88
8.31
10.63
16.39
11.83
3.35
11.2
17.64
14.4
12.76
19.59
16.19
2.68
-1.11
-1.81
3.45
13.98
9.06
3.4
10.9
12.88
5.42
-1.07
1.55
9.04
10.17
11.19
12.9
7.43
-6.8
10.6
13.74
12.84
13.49
8.69
10.85
11.06
6.25
16.39
17.52
14.73
13.06
14.55
15.98
16.13
14.16
10.55
6.81
13.33
15.39
0.15
12.54
6.99
17.47
16.31
14.42
14.15
14.68
11.92
5.8
13.14
16.39
12.86
-0.62
-2.92
6.38
5.73
1.43
0.82
14.39
13.87
8.69
11.93
11.96
5.66
11.21
4.39
5.13
3.15
10.15
14.39
9.87
7.68
-12.37
11.3
9.16
6.41
7.82
13.99
14.85
12.95
15.27
14.98
14.69
8.21
8.8
14.45
14.34
9.21
8.6
11.65
8.02
-6.83
2.85
-1.65
-1.11
10.88
13.31
10.3
9.16
7.78
10.75
11.87
12.89
15.15
12.18
4.47
10.04
10.33
5.28
13.86
8.18
15.74
14.3
13.53
17.03
18.77
17.59
11.63
2.62
2.59
6.63
14.79
15.1
13.12
9.34
8.58
4.37
10.57
10.79
1.94
-5.49
4.81
5.75
12.56
16.91
16.23
14.31
13.27
10.24
4.92
12.41
14.3
0.86
13.02
13.54
7.7
9.14
6.57
10.96
11.11
16.52
16.47
7.43
2.44
14.45
14.86
4.49
9.29
10.99
9.24
15.61
15.69
18.55
17.85
5.34
16.75
18.57
14.64
0.74
13.9
17.39
16.55
16.52
18.11
16.82
12.87
11.24
14.34
12.65
12.46
2.68
7.45
3.9
3.56
6.4
16.47
7.31
9.86
-3.54
13.23
6.43
11.2
8.27
10.47
8.99
6.58
10.92
8.6
10.19
11.89
16.17
16.74
16.76
17.32
17.21
14.67
9.43
6.61
9.81
9.79
10.9
10.22
12.56
6.62
6.87
4.03
-3.1
8.52
8.02
15.85
15.33
8.41
9.35
15.65
16.55
14.95
15.26
15.38
10.13
3.54
5.24
15.5
15.77
16.5
16.46
14.63
15.72
14.13
8.83
13.28
15.99
5.48
15.73
15.03
11.61
14.1
12.59
13.52
12.36
10
15.55
14.87
11.94
5.27
10.55
7.4
8.69
16.7
18.96
17.33
10.71
7.56
14.91
14.07
7.25
6.42
8.26
15.3
17.42
16.68
5.21
8.88
-1.7
6.15
-5.17
8.55
4.66
13.78
16.13
12.24
13.85
15.59
14.32
7.28
5.23
13.35
13.84
6.51
15.47
17.04
15.93
14.14
14.09
13.8
12.17
6.25
12.54
17.04
10.31
15.86
18.45
17.28
10.78
10.84
12.25
17.73
18.07
12.28
10.26
11.31
12.57
13.83
10.77
7.96
9.91
2.94
5.07
2.17
-0.6
8.04
12.42
15.35
15.77
11.93
6.74
7.5
6.54
4.17
9.51
14.74
14.72
15.11
10.71
12
10.78
14.43
11.9
3.97
2.27
12.42
17.4
12.04
16.2
15.04
9.67
9.05
14.15
17.84
14.27
-1.85
3.79
3.84
14.88
16.16
10.41
-0.21
5.09
13.06
14.96
15.45
14.77
14.59
13.73
11.68
7.44
6.54
10.51
12.98
17.31
6.11
17.35
19.15
14.69
15.45
19.63
21.35
19.48
15.3
14.11
11.67
12.11
14.66
16.02
17.53
19.49
17.22
11.9
12.68
12.3
10.39
13.41
9.66
5.63
8.48
12.64
14.85
6.74
12.32
13.39
17.33
18.51
17.39
15.7
16.22
13.28
0.8
0.18
-2.58
6.96
5.38
12.27
7.89
-17.77
8.13
11.13
8.32
11.79
8.35
14.1
17.18
16.09
12.13
18.16
18.18
14.63
15.46
18.99
17.28
9.09
-3.92
2.59
12.99
14.82
14.92
10.92
-6.85
10.56
13.13
16.42
18.68
18.55
12.83
7.32
13.25
8.81
5.56
4.96
0.92
10.76
16.27
14.76
8.6
2.57
3.14
9.93
16.15
15.73
11.47
12.69
15.77
9.89
12.92
17.54
11.38
5.98
16.83
18.34
14.84
6.83
5.4
9.18
7.84
13.13
15.88
13.59
10.4
11.54
12.8
9.93
10.33
8.82
4.5
11.38
15.85
15.9
9.43
13.87
13.09
8.41
-0.28
13.3
15.16
12.97
8.28
16.39
18.83
16.14
12.59
6.68
11.63
15.53
15.89
13.82
12.04
11.66
12.3
-3.69
15.78
15.23
8.08
12.9
6.97
7.9
11.97
11.88
9.63
6.93
-5.32
9.08
7.52
0.81
11.85
13.73
16.28
15.28
4.14
4.39
3
7.7
10.49
8.36
8.9
6.02
-3.04
9.67
8.13
11.26
14.35
15.68
15.25
13.48
13.23
14.84
11.5
2.1
7.72
12.38
17.61
18.52
16.68
11.81
2.44
7.62
5.59
5.39
-5.24
5.94
6.1
1.99
-0.13
-0.55
8.22
10.5
11.7
8.96
3.89
10.28
10.65
11.37
10.81
11.95
12.23
3.21
15.5
16.21
-2.73
18.48
19.91
11.61
11.92
10.59
-0.43
2.51
14.16
16.71
11.61
7.79
7.4
9.89
7.06
16.65
18.03
14.97
9.98
5.88
11.99
14.88
4.19
10.31
9.97
5.59
6.02
14.51
17.85
13.13
9.26
7.15
12.8
11.28
13.91
14.5
6.37
17.52
16.98
11.17
4.42
7.64
12.96
13.11
12.7
11.01
5.71
9.89
15.02
17.49
17.83
15.11
12.07
11.42
2.39
8.28
11.93
14.45
8.63
13.35
12.99
-0.47
8.28
3.43
9.62
9.11
10.87
13.95
13.71
14.88
15.35
15.13
14.04
5.46
4.71
12.82
13.12
5.53
9.25
6.33
1
9.85
9.74
10.6
9.23
10.07
14.27
14.75
7.5
-2.73
4.83
10.18
10.32
2.28
1.94
6.84
-4.04
0.47
11.66
11.22
-9.14
4.59
-3.22
6.83
1.06
8.91
12.64
9.78
6.26
11.4
15.63
15.61
16.85
14.93
2.8
1.63
10.21
10.55
12.21
10.65
2.91
6.07
5.92
10
11.33
11.2
4.15
2.52
12.27
12.18
7.99
10.5
15.43
15.97
12.51
7.41
9.1
11.2
17.5
16.65
6.48
3.08
8.29
10.91
10.25
1.62
7.35
9.33
4.9
10.75
13.7
11.99
11.11
11.37
8.21
5.43
7.23
4.82
8.12
15.42
17.08
14.47
13.85
14.92
12.42
5.26
11.23
12.16
13.61
11.82
0.49
10.95
7.76
13.86
16.43
14.72
7.49
9.15
13.57
13.24
13.12
8.51
4.4
11.7
13.17
8.18
8.72
9.27
3.53
8.28
14.29
16.89
15.27
5.79
16.81
15.26
0.61
7.1
5.37
2.91
0.78
-4.33
-0.75
2.43
6.26
5.7
2.15
9.77
13.41
10.19
14.78
14.13
2.4
13.87
14.42
7.74
5.75
14.36
14.6
6.77
10.62
12.35
12.9
16.52
13.06
11.06
8.92
1.82
4.79
-2.26
12.97
15.67
13.45
7.56
-2.13
3.57
3.04
1.69
7.22
11.02
12.71
7.75
-0.51
-4.75
8.29
7.44
9.43
11.13
10.52
5.65
3.96
13.44
11.67
0.83
-0.52
8.94
16.06
15.17
7.75
15.06
19.57
17.17
3.41
11.85
11.08
13.13
14.65
11.17
12.04
13.52
5.51
19.63
20.02
14.91
9.32
8.56
1.45
4.96
10.75
5.11
9.43
13.24
-3.89
11.18
6.06
14.5
15.02
10.95
12.8
13.09
9.88
14.51
13.9
12.29
12.75
13.7
12.91
13.27
14.95
16
18.53
18.43
10.25
10.3
11.86
14.98
14.25
8.29
-1.31
-8.73
6.86
11.47
8.83
2.6
7.92
18.26
18.4
7.57
9.31
14.01
12.49
8.61
14.2
17.36
19.61
19.49
14.24
7.94
2.19
12.21
15.93
2.31
15.92
16.98
13.46
9.75
7.18
6.8
17.74
20.21
15.13
-0.01
5.03
11.27
15.21
16.32
13.32
5.89
16.15
16.54
14.12
12.37
-6.55
7.94
11.5
15.38
14.44
4.66
15.22
17.5
16.69
10.95
3.74
14.15
16.59
12.37
11.99
15.43
11.3
-0.99
0.78
10.97
5.72
7.93
16.17
13.98
7.26
8.39
8.53
4.08
9.23
13.02
14.3
15.59
12.88
4.25
10.71
14.74
12.82
-8.93
-8.56
5.15
5.85
9.9
8.51
12.98
16.62
13.52
17.4
14.13
7.81
11.61
8.97
8.63
7.54
-2.7
4.18
7.99
11.14
-0.25
13.08
13.41
6.17
5.06
-1.42
9.86
11.63
3.42
0.58
-2
13.47
12.77
-6.21
-1.99
13.38
17.28
16.93
15.26
18.81
18.27
15.53
7.8
13.01
16.04
13.83
11.2
13.38
15.73
10.32
12.97
12.14
10.4
8.47
9.99
5.92
-0.45
8.44
13.02
12.57
10.44
4.51
8.02
10.88
3.39
-0.63
12.86
16.46
12.89
4.11
9.5
16.56
15.97
9.59
10.9
15.35
14.66
7.37
9.59
14.49
16.45
11.84
-7.67
10.71
11.44
11.11
15.87
14.47
5.54
13.74
11.94
2.47
9.02
5.88
12.31
11.31
14.61
17.75
10.63
12.26
12.88
1.81
9.52
2.84
10.23
16.12
13.83
11.23
13.13
9.04
6.62
8
12.11
11.14
4.85
9.6
16.3
16.07
12.71
3.04
14.83
16.23
9.57
7.74
11.86
8.87
3.13
3.31
10.08
14.26
8.07
4.79
12.89
14.8
2.88
15.64
19.45
16.3
4.39
15.04
12.28
10.19
14.63
17.66
15
12.55
13.24
10.57
0.55
1.24
5.83
10.55
13.39
15.6
10.5
8.17
9.15
13.79
15.05
15.82
14.84
4.58
6.62
12.12
9.64
12.19
15.16
16.66
18.82
17.31
12.73
8.54
12.09
14.61
14.21
13.58
15.01
16.98
18.52
16.54
15.77
13.28
8.44
13.33
13.07
6.56
-7.35
10.26
14.34
-7.23
12.9
9.45
10.58
12.39
7.28
9.03
10.71
11.95
10.93
10.47
11.21
4.16
10.07
14.24
14.55
5.53
-8.39
5.66
14.35
17.22
13.71
8.33
2.95
5.31
5.75
10.51
13.19
8.7
0.92
9.08
12.52
