12.1
10.58
8.5
7.07
10.48
3.79
5.69
3.08
9.75
9.61
7.61
7.8
6.97
0.66
5.63
-0.8
6.06
10.8
4.04
10.94
15.77
12.78
7.12
9.12
5.14
1.08
7.65
11.4
10.96
-6.71
8.17
8.13
6.33
12.49
12.93
6.98
11.36
16.06
14.5
6.51
10.66
9.85
9.8
10.29
9.08
15.18
16.63
10.57
-1.41
-1.71
8.37
7.92
7.24
15.73
19.31
19.06
15.45
11.65
10.28
8.65
-1.28
0.5
11.84
14.96
12.91
0.07
6.03
3.3
10.78
11.23
6.45
5.59
7.04
0.56
13.74
15.88
8.48
6.15
13.16
6.16
9.67
7.21
6.89
9.6
6.39
9.25
13.77
15.25
13.13
12.55
9.96
8.9
3.37
8.59
13.01
8.41
-2.8
1.74
5.23
5.37
5.38
11.97
13.42
7.92
2.82
5.37
5.95
5.09
-3.49
7.72
12.88
5.25
3.01
3.07
9.05
12.47
11.57
14.75
16.8
12.74
9.51
11.6
6.57
-0.19
6.21
8.76
7.67
6.74
4.84
10.63
13.97
16.04
17.82
18.03
17.47
16.51
17.06
17.4
16.29
16.08
17.35
13.62
9.54
15.47
15.53
13.34
6.26
-0.2
6.95
12.44
10.32
-3.49
7.62
12.44
7.33
2.65
8.44
10.02
9.19
10.31
7.58
8.81
11
8.27
1.59
14.01
15.11
8.73
1.88
4.34
6.06
6.34
6.87
4.7
8.43
4.81
-3.23
1.65
3.48
12.93
15.74
14.54
6.78
-3.51
-3.18
0.91
-6.09
9.33
11.87
12.74
13.4
11.81
13.93
11.89
8.84
11.25
12.02
8.43
2.46
1.52
-3.94
2.84
9.88
12.5
7.12
3.05
7.42
13.96
18.28
16.21
15.08
16.13
14.65
7.62
5.41
4.2
-4.13
1.59
9.82
13.14
11.5
8.1
3.32
-7.25
5.03
5.99
1.74
9.08
13.2
11.58
6.56
6.66
2.23
8.49
16.03
14.47
3.02
8.21
5.44
-14.17
4.92
11.25
8.46
8.41
13.32
12.76
-3.36
13.32
8.39
4.17
-0.6
10.73
11.65
-0.3
4.55
5.58
9.37
12.06
5.26
8.43
11.18
8.76
8.26
9.92
15.85
16.33
14.86
14.97
16.75
14.79
11.72
4.91
-5.22
0.28
10.04
15.88
15.63
9.53
8.23
11.63
11.76
12.75
15.16
12.47
9.2
9.68
3.93
-2.17
-0.5
7.45
13.24
10.85
5.9
5.76
-1
4.34
7.58
2.09
10.62
14.49
11.94
1.75
8.17
2.61
0.63
5.24
6.77
9.36
6.62
5.54
7.6
3.48
11.27
14.24
12.82
6.63
6.53
12.04
10.89
8.76
10.61
10.59
16.78
14.09
11.82
14.95
12.51
3.44
7.2
8.86
8.2
11.47
13.5
10.14
7.33
4.42
12.5
12.43
9.33
2.73
-15.31
4.04
5.85
-13.18
9.18
16.47
18.72
16.43
9.48
-8.41
-0.28
-2.5
3.6
10.56
16.97
17.2
11.67
12.97
16.59
16.44
15.26
10.04
12.86
14.79
10.4
6.07
7.4
7.9
5.37
10.8
3.04
9.87
12.97
12.41
8.1
5.52
9.33
9.49
-0.42
8.71
14.59
15.05
11.81
4.8
3.01
1.82
10.03
8.76
6.67
5.89
5.05
-3.85
10.34
9.06
4.99
8.75
9.81
2.72
8.53
10.39
1.95
7.91
10.81
5.13
13
14.13
10.21
2.45
9.44
-4
7.74
6.29
8.75
11.2
6.74
-1.34
6.13
7.57
7.53
7.29
6.29
7.57
9.19
5.64
6.82
9.28
10.07
8.7
5.41
10.02
3.62
10
15.06
17.1
17.17
12.32
3.31
9.24
8.12
6.42
12.26
8.68
-4.73
5.29
10.69
13.24
16.19
18.15
19.03
19.45
19.38
16.53
10.58
10.19
11.83
12
13.31
14.79
9.65
0.19
6.95
5.39
-6.58
-0.71
9.65
13.19
10.28
2.22
11.5
8.05
7.72
8.91
8.76
6.03
10.77
17.15
17.86
14.87
11.32
8.49
8.25
6.69
2.04
6.12
12.95
14.63
15.04
13.5
6.02
13.15
15.94
14.93
14.1
13.32
8.68
8.13
10.16
13.6
12.99
6.74
2.86
9.49
12.5
11.73
11.44
10.61
6.4
10.85
11.41
11.11
14.4
12.45
11.59
17.47
16.74
10.06
8.31
11.33
10.25
5.59
-5.5
0.5
12.12
15.7
13.51
8.91
6.82
9.92
9.09
12.66
11.41
-1.41
12.34
11.54
7.06
10.42
9.34
5.95
12.19
15.26
14.6
12.11
12.25
12
6.86
-1.44
8.19
8.03
8.21
12.05
10.68
-10.78
5.85
4.8
8.83
8.59
5.39
5.83
9.61
10.76
8.15
-0.23
2.44
7.2
12.69
14.46
13.13
10.61
7.99
-4.12
5.56
3.96
12.82
14.85
9.14
-5.09
2.63
7.16
3.68
0.28
10.42
10.21
5.14
6.46
6.04
2.99
4.75
6.05
7.03
8.95
6.93
11.51
17.4
15.5
10.4
-3.74
12.46
16.54
17.86
21.72
24.72
23.16
18.22
13.09
4.76
7.22
14.64
15.94
13.58
-17.52
7.37
4.22
7.06
9.03
4.93
7.24
10.21
8.95
2.73
3.73
8.09
3.98
8.43
6.05
-1.79
1.49
6
10.64
11.73
9.39
7.82
4.73
14.12
15.71
15.27
14.26
9.7
-2.18
-7.21
-0.99
0.07
4.47
11.33
8.63
8.06
13.16
11.67
3.39
-5.13
3.88
11.47
8.64
2
9.19
8.69
-1.18
0.69
9.62
10.65
8.89
10.64
7.59
1.65
5.71
3.92
7.12
0.47
8.08
9.19
7.98
14.41
14.5
4.53
6.91
7.22
11.05
13.93
13.77
9.47
-0.21
10.59
13.79
15.44
13.66
7.13
11.32
17.54
16.93
10.43
-5.92
7.14
11.35
13.84
10
12.03
13.73
11.84
13.28
15.16
10.43
2.32
-1.99
8.4
13.83
13.94
11.17
7.51
11.67
12.92
12.59
13.22
9.75
8.72
14.21
15.39
14.7
11.3
3.81
6.15
5.7
1.84
0.31
3.81
10.35
14.38
13.65
-5.61
11.51
5.19
12.12
10.25
-3.91
10.09
9.72
4.91
10.28
10.16
7.54
7.67
6.43
1.1
5.52
13.28
16.12
14.05
12.19
10.63
9.28
13.87
16.86
17.61
17.82
18.03
17.27
15.65
13.39
8.34
-2.78
-0.05
0.32
1.9
7.61
9.05
3.82
-2.09
4.68
13.56
16.28
15.04
8.86
6.87
6.49
-3.16
7.34
10.65
6.91
-0.38
-10.73
8.44
9.92
2.8
-0.81
-0.29
1.38
-3.05
6.82
14.65
12.88
4.44
2.49
9.53
8.68
9
0.4
7.14
11.47
7.1
4.81
12.74
9.82
2.96
10.54
13.95
5.08
11.79
16.85
21.54
21.81
15.47
14.51
13.26
16.28
22.98
21.03
14.2
16.08
13.62
0.34
14.16
18.33
19.54
21.52
22.98
23.2
16.41
10.19
20.78
21.88
16.4
14.49
19.67
19.17
14.79
6.7
11.01
3.22
10.9
18.33
26.71
27.52
24.11
17.89
19.46
23.92
21.51
14.13
21.58
22.19
19.68
12.24
12.64
21.04
22.67
21.97
22.97
28.03
24.64
18.7
11.67
16.86
17.89
19.55
12.76
6.38
16.02
14.88
16.03
27.35
28.34
22.37
9.65
13.9
15.21
14.05
16.16
2
12.82
16.95
17.5
17.08
16.98
22.8
21.67
21.29
23.15
26.3
24.16
18.62
19.08
20.49
21.55
18.24
17.37
13.84
21.11
25.41
22.7
19.57
23.97
22.11
15.61
9.62
20.01
25.24
24.23
11.28
18.7
19.45
18.09
14.95
9.88
15.6
19.45
12.9
6.26
18.25
21.22
13.19
12.54
25.56
28.11
25
18.64
12.57
8.95
19.89
25.49
23.37
16.16
19.27
23.56
26.36
23.8
16.94
15.94
27.14
31.08
28.45
23.62
21.13
11.93
4.01
17.05
22.39
22.9
17.86
5.33
18.59
27.1
29.81
26.04
-4.54
15.12
19.45
23.17
21.29
20.93
18.22
17.05
17.39
26.71
31.1
29.16
16.72
24.37
25.61
17.4
12.97
17.22
20.96
18.31
7.72
8.57
15.98
16.28
2.27
22.4
26.75
24.94
22.94
18.3
20.43
4.06
20.98
26.85
29.3
27.04
23.05
26.44
25.56
24.7
25.22
13.42
19.08
18.94
18.58
19.97
18.61
15.82
13.02
7.67
20.41
24.64
24.59
6.82
17.26
23.4
26.35
23.83
15.68
6.33
3.55
12.6
22.79
24.56
24.52
25.69
26.97
30.05
26.6
16.08
25.51
25.25
19.4
17.8
16.91
14.6
23.89
20.24
24.59
22.95
23.24
26.85
24.79
18.52
13.69
17.16
19.36
22.19
25.01
23.09
17.41
7.15
15.39
20.35
17.79
8.3
19.55
22.72
21.48
6.6
21.07
23.45
12.96
7.96
21.02
23.47
17.88
18.48
19.01
18.08
21.92
24.81
23.8
26.09
25.69
19.49
5.15
4.1
18.33
23.39
21.05
8.7
16.22
23.89
27.48
26.96
24.5
21.37
17.59
21.62
25.48
23.84
20.3
18.82
20.43
26.36
27.15
23.53
17.25
10.25
16.85
23.67
22.96
13.54
17.51
20.2
16.37
21.7
19.14
18.23
19.79
17.67
23.29
22.46
23.3
20
17.94
19.15
10.66
20.98
21.56
18.71
16.1
16.94
18.25
5.29
12.78
15.12
18.22
20.59
18.73
16.88
19.76
12.05
8.84
1.6
15.63
19.53
18.56
19.18
11.93
17.18
20.3
18.75
2.16
15.82
19.52
19.36
17.35
13.35
10.19
17.77
15.3
13.41
17.61
15.08
5.76
16.37
14.13
12.38
18.86
19.61
13.76
7.07
4.91
7.46
12.77
8.81
2.57
10.13
15.96
13.42
-16.25
-1.38
14.72
13.13
8.08
6.99
10.17
8.27
11.64
12.84
14.47
14.12
14.31
14.94
12.98
2.13
7.04
10.34
8.68
15.01
16.92
14.21
8.93
7.1
8.14
-6.27
11.02
14.05
12.95
12.03
15.52
14.15
10.34
11.9
14.01
11.14
11.19
12.13
0.35
13.5
21.13
19.81
9.86
8.63
6.02
14.18
14.32
19.56
25.06
27.32
27.38
25.57
19.3
7.86
17.37
13.45
20.82
26.1
24.14
20.03
22.43
24.11
18.05
18.16
19.52
12.6
10.2
16.96
20.78
17.62
19.13
20.48
16.71
15.49
14.6
17.21
23.85
26.37
26.46
25.22
20.38
15.87
17.96
17.72
18.12
15.06
14.79
18.81
15.19
14.29
21.24
25.98
23.49
19.35
22.65
23.03
23.28
22.97
22.05
24.3
27.56
26.32
21.06
8.63
-14.78
15.3
14.99
11.36
12.37
8.34
20.76
14.95
14.93
16.84
19.87
17.38
15.95
15.49
15.47
19.66
19.65
21.64
21.19
15.91
15.07
6.72
9.02
14.35
15.74
13.96
20.03
23.67
24.74
23.45
20.81
16.37
5.53
13.41
20.67
17.29
19.19
22.6
13.91
23.86
23.46
22.27
22.95
13.51
20.9
17.6
10.15
7.43
16.99
18.1
18.15
17.53
9.14
17.8
16.65
15.72
24.23
21.53
10.3
8.48
12.32
9.24
-2.74
17.74
21.3
10.03
16.48
14.52
12.4
18.47
15.08
13.38
22.09
21.58
21.9
15.69
13.77
17.35
23.75
22.93
-19.59
21.23
22.47
20.17
19.91
15.14
20.52
21.3
22.1
17.75
17.69
23.25
13.73
18.22
17.66
20.64
21.15
11.99
16.19
20.14
16.14
26.07
24.81
13.54
2.67
16.93
22.92
21.94
18.31
15.61
8.71
12.36
19.43
21.76
13.35
11.23
13.52
13.91
24.72
25.07
20.29
21.31
24.27
25.61
22.78
16.63
17
9.43
17.34
25.26
26.57
26.27
25.95
22.39
18.21
15.64
16.15
16.93
16.89
22.19
24.38
25.95
25.8
21.6
19.15
20.03
23.06
19.48
17.65
22.01
23.76
20.52
20.91
18.72
11.34
20.49
17.79
21.83
27.52
27.2
23.8
15.18
14.36
16.92
26.01
29.91
30.64
24.96
9.75
15.91
18.75
19.89
26.1
27.73
27.77
26.89
22.79
22.19
22.45
22.4
24.04
24.19
23.78
21.87
23.37
26.82
24.57
21.48
20.91
24.79
28.03
27.58
23.98
17.5
18.07
22.81
24.77
20.17
4.45
14.08
13.09
21.91
26.73
25.13
12.82
11.44
9.46
-8.6
7.55
21.47
24.86
23.49
21.39
20.05
22.9
22.79
22.54
24.53
25.74
26.52
26.39
24.3
19.62
19.04
20.69
21.72
19.59
12.09
9.06
12.61
13.81
13.05
19.56
21.18
17.17
18.55
15.58
3.31
3.39
16.5
22.42
23.88
22.13
21.37
24.24
23.33
17.66
17.09
22.62
22.27
18.91
17.54
20.68
19.77
12.33
9.34
14.42
20.4
21.53
23.68
21.08
17.76
22.13
15.24
20.88
21.27
14.78
18.96
16.9
14.6
5.97
14.58
17.88
12.02
13.38
18.93
12.04
8.74
3.83
16.71
20.4
18.18
19.19
20.16
19.73
14.54
-1.07
12.5
17.54
14.96
8.38
16.03
11.09
13.33
15.71
5.39
8.88
16.83
19.4
0.09
15.53
18.31
18.8
15.64
23.04
21.46
18.41
20.19
19.69
10.36
13.09
19.08
17.29
3.11
11.87
12.42
1.64
2.43
7.56
15.14
6.92
16.28
17.43
7.62
16.43
18.92
16.51
11.31
10.58
9.35
13.27
16.99
15.51
5.68
16.7
21.88
28.68
29.25
21.87
22.21
23.38
18.32
14.51
17.86
22.29
23.82
20.86
22.79
25.77
23.41
16.64
10.94
12.48
19.9
22.31
19.4
21.21
21.46
16.13
10.57
20.03
23.73
23.09
21.67
23.18
23.63
22.61
19.53
24.01
25.2
20.2
13.25
16.38
25.42
26.75
27.44
29.12
24.69
5.89
9.47
22
25.55
24.45
22.6
24.88
23.07
23.03
22.86
15.85
11.68
14.83
20.72
21.33
9.08
17
20.43
15.45
18.19
19.84
13.96
13.13
16.18
16.21
23.32
24.38
14.88
16.56
21.22
24.41
25.39
23.74
18.53
21.2
25.25
23.54
18.71
19
18.71
16.93
25.54
23.66
20.12
7.04
14.54
23.23
26.59
28.08
26.18
21.5
18.26
18.07
19.43
21.39
21.93
23.74
26.31
26.46
24.21
23.47
19.71
19.3
19.4
16.72
23.13
24.55
18.99
20.39
22.75
19.18
20.55
19.48
16.78
19.2
16.59
17.52
21.49
22.23
21.01
19.91
17.21
23.44
24.64
27.28
29.23
26.86
17.67
27.05
34.08
32.99
28.48
23.18
19.58
22.62
22.69
20.37
20.15
22.2
25.86
19.89
15.57
20.98
18.31
13.37
17.88
20.93
26.82
34.72
33.41
20.34
23.62
28.34
29.69
22.53
4.37
15.45
18.99
20.31
24.74
25.43
19.92
16.57
19.92
22.94
22.43
14.6
18.21
21.71
22.53
24.09
26.99
30.05
37.64
40.09
35.27
24.38
9.21
20.84
20.8
19.23
20
24.96
25.46
20.36
16.9
16.33
11.89
19.56
20.94
19.87
18.77
22.1
20.92
20.57
6.52
20.95
13.72
15.14
23.84
22.09
41.55
45.11
38.62
20.43
24.84
27.99
25.52
24.88
18.18
19.01
25.67
27.13
24.74
23.19
22.54
18.49
19.85
15
25.04
24.46
27.31
27.01
24.35
22.22
25.29
22.43
6.37
8.24
17.44
21.38
17.15
11.9
17.99
18
22.03
26.08
25.93
19.38
1.43
8.29
15.1
14.57
17.35
20.93
20.89
22.91
24.03
17.83
20.18
17.47
11.81
18.25
24.97
40.01
42.84
35.13
16.28
19.45
21.86
20.29
5.37
24.05
28.05
26.34
21.93
24.96
34.49
35.83
29.97
24.04
23.52
22.51
11.8
18.95
24.49
26.65
25.9
20.88
21.35
20.89
18.3
17.58
27.85
41.81
45.46
40.35
27.57
24.37
25.47
22.41
20.87
20.79
24.01
26.97
25.71
24.16
21.35
18
22.22
21.01
23.68
23.83
18.09
2.9
15.74
23.68
23.06
23.57
19.88
18.78
24.05
24.58
25.52
7.08
26.35
27.56
27.08
25.07
23.28
26.77
27.15
24.79
21.07
7.53
5.25
18.89
25.1
27.42
26.74
25.87
21.05
18.29
20.94
5.84
27.06
41.54
45.76
41.13
19.39
20.62
19.76
26.87
26.91
24.99
22.48
19.03
19.24
20.29
19.76
14.72
20.81
25.07
23.23
18.89
18.87
20.98
20.19
17.04
27.47
27.41
24.09
19.73
13.28
9.62
5.7
14.14
15.76
18.88
26.97
31.91
33.03
30.11
24.86
16.1
22.74
28.44
29.11
25.06
18.6
20.16
27.84
23.6
17.07
21.37
6.92
22.92
24.44
23.03
24.63
24.88
21.84
20.56
4.33
8.95
12.63
26.7
22.25
9.82
22.76
26.45
22.64
21.66
24.06
18.36
23.56
29.51
32.03
42.79
43.66
35.06
25.03
24.11
20.94
2.85
17.47
13.93
25.77
35.85
36.5
27.47
20.97
24.87
30.29
33.25
28.6
27.59
34.55
36.3
32.97
30.85
28.29
24.61
23.02
16.03
13.22
22.89
26.34
34.58
35.94
30.48
28.14
21.37
20.15
28.1
27.05
28.17
30.44
29.31
28.13
29.4
17.91
27.42
28.35
26.09
21.1
22.54
25.24
22.72
23.45
25.83
25.76
21.68
12.7
16.75
19.81
13.15
22.19
12.99
22.34
12.34
16.91
22.47
26.8
30.04
23.12
5.14
30.08
30.33
19.07
28.09
22.33
9.82
22.53
29.26
40.15
45.98
42.82
34.47
30.64
28.63
30
29.25
4.64
23.18
38.42
48.92
49.67
42.11
29.7
25.58
23.33
24.93
26.18
26.6
25.34
23.12
25.77
28.9
18.97
17.32
23.3
28.83
26.31
25.9
24.43
18.11
17.95
20.39
16.82
24.56
30.66
26.75
23.37
23.62
16.95
20.55
30.76
29.19
20.72
21.06
19
23.81
30.38
32.17
28.74
27.68
28.21
20.86
20.44
16.12
17.97
22.33
21.8
20.72
26.52
25.47
28.3
22.76
21.08
25.28
28.91
27.44
27.82
30.36
26.88
24.48
25.84
23.12
16.29
19.65
26.54
29.65
25.95
23.93
27.87
29.27
29.98
22.66
22.97
28.18
29.3
23.06
29.03
28.91
25.14
23.47
15.11
23.26
23.23
15.02
15.98
26.56
27.98
25.36
25.08
10.26
25.86
29.33
30.71
26.63
18.7
28.3
25.81
20.63
23.66
20.09
18.58
21.67
18.24
14.54
24.39
29.9
25.68
24.36
23.88
22.89
26.32
29.28
24.19
20.04
24.9
22.28
13.1
13.76
15.41
21.07
26.2
29.4
29.33
26.83
29.54
27.76
23.52
26.23
10.84
20.95
12.95
12.98
23.97
27.97
33.08
30.66
20.68
20.58
20.02
25.97
29.23
29.26
27.54
29.51
30.42
19.62
23.96
24.18
25.47
25.37
21.74
21.3
23.48
29.03
29.62
25.52
24.61
19.66
25.06
25.08
26.18
25.89
25.71
24.91
26.63
25.5
23.07
15.71
10.75
21.76
22.75
16.23
20.4
17.56
13.94
28.47
30.17
26.59
28.57
32.68
30.14
19.32
10.75
19.37
14.46
23.29
27.26
26.02
25.59
25.93
16.11
12.53
20
22.45
17.45
6.73
22.43
22.8
11.89
20.68
21.48
27
25.02
23.07
26.99
26.16
7.12
20.4
16.98
22.01
27.34
21.14
23.34
25.99
22.05
28.45
28.99
23.16
24.27
27.03
25.56
25.75
27.54
26.42
25.55
27.03
23.31
21.58
17.79
9.35
10.95
22.49
23.2
24.63
24.83
20.27
21.04
21.55
10.62
21.48
25.42
23.09
15.53
21.48
21.55
26.23
24.83
26.61
27.15
19.99
17.96
23.06
24.13
24.17
23.66
21.96
18.79
21.02
25.48
24.13
16.11
11.13
19.82
23.41
28.51
29.6
26.71
21.85
22.78
23.59
18.29
17.15
20.37
26.4
27.49
26.42
27.88
20.07
18.16
15.76
7.29
20.54
24.07
16.01
16.41
20.56
23.9
26.96
24.12
21.18
22.51
19.09
17.75
18.36
25.16
27.52
26.54
27.39
27.85
28.88
17.31
26.61
21.76
22.2
21.46
23.26
28
26.47
20.37
22.46
26.63
27.49
25.98
16.39
17.27
24.57
24.18
25.2
24.77
18.8
21.52
23.33
25.23
24.25
25.2
23.76
19.64
23.33
27.41
23.64
14.12
6.11
12.49
12.21
17.8
20.24
19.31
21.44
24.25
26.03
25.81
21.46
24.4
29.51
26.47
27.28
22.94
23
28.29
26.88
29.28
27.54
26.18
29.08
25.5
7.94
19.06
13.42
23.42
17.57
23.97
25.56
29.26
24.26
23.59
24.13
10.44
25.68
21.71
23.02
27.03
26.43
24.16
14.47
15.49
21.66
22.53
31.59
37.33
36.53
29.01
21.79
18.74
19.3
22.82
15.05
19.42
18.5
19.39
22.87
16.42
17.44
19.02
16.85
20.56
14.88
20.15
24.86
25.88
19.3
15.48
22.16
19.1
14.29
18.11
24.59
18.58
20.66
25.77
27.8
26.6
23.64
20.73
17.16
16.62
18.6
20.24
16.77
19.54
17.28
21.89
26.55
27.98
23.17
22.25
18.74
22.92
19.92
21.8
25.86
21.26
24.67
16.23
21.45
24.91
21.76
12.57
23.06
13.72
26.68
26.59
21.25
19.33
23.57
23.74
19.82
21.03
10.03
24.59
23.95
16.95
16
17.75
19.39
22.2
7.8
25.82
25.58
6.84
23.76
25.03
21.59
19.81
20.52
13.2
11.94
9.65
15.95
5.67
15.97
19.56
18.61
24.2
22.22
21.24
16.07
4.49
10.45
15.99
10.15
9.88
20.03
24.83
28.29
28.9
23.66
17.77
19.48
16.61
16.39
22.91
22.89
11.75
18.04
18.55
17.76
18.48
15.2
14.74
17.23
23.15
25.13
20.32
19.75
17.83
23.58
22.66
10.51
22.21
18.24
18.31
25.41
21.57
12.48
6.78
18.88
21.57
18.27
22.25
20.98
15.75
19.73
27.44
28.5
23.47
8.22
5.34
17.97
23.57
23.15
20.01
12.9
-1.31
0.42
13.25
19.18
24
24.32
21.71
21.66
17.19
15.97
23.01
20.19
16.68
20.52
18.77
6.75
14.29
17.67
24.6
21.86
17.76
5.84
14.95
20.4
23.7
25.93
26.64
20.51
12.1
12.86
11.74
15.35
20.23
25.15
24.3
19.85
18.99
6.57
6.93
18.75
25.28
23.4
9.86
11.45
11.58
15.4
7.6
12.63
13.65
16.98
17.38
18.52
17.09
20.74
23.59
20.61
14.62
17.51
18.89
15.06
17.11
20.75
22.73
10
17.15
18.05
18.81
18.96
16.51
9.07
9.18
6.42
2.14
18
13.95
10.23
17.21
14.86
14.9
14.77
16.34
22.1
19.57
18.4
22.67
25.12
24.21
15.32
19.25
20.27
9.4
16
4.88
15.5
19.07
19.88
17.77
3.6
14.02
18.03
16.17
16.12
11.53
15.19
20.37
19.93
12.59
11.3
16.21
12.99
19.88
19.01
15.77
19.62
19.43
17.47
11.78
20.69
26.07
25.32
23.31
22.91
22.15
21.49
20.62
21.17
21.83
21.08
21.44
16.29
18.05
20.07
17.14
20.18
17.59
18.75
15.6
3.93
17.87
21.33
19.84
14.98
7.65
16.61
18.81
18.19
20.52
18.11
14.99
13.31
15.22
23.05
21.77
18.26
18.57
18.89
9.2
15.82
21.08
21.86
19.88
19.61
6.33
13.56
12.84
10.06
15.76
24.91
23.56
20.73
17.72
3.84
14.7
17.73
16.66
16.65
14.9
21.47
23.57
23.05
15.1
18.65
23.02
20.13
15.12
14.29
19.56
13.12
15.03
19.86
21.18
17.71
9.18
2.05
16.26
22.88
25.51
25.88
25.15
24.83
23.77
17.43
12.32
11.96
9.9
17.25
17.19
15.58
14.08
14.59
17.29
24.88
22.92
16.9
20.43
18.78
18.39
10.92
17.48
12.88
15.93
19.94
22.28
21.34
17.62
17.49
16.77
20.8
21.19
22.34
24.45
24.64
21.29
15.59
20.73
23
20.87
12.21
16.56
18.7
25.84
27.25
25.54
24.9
21.2
13.51
21.71
20.91
11.78
12.49
21.09
22.05
17.1
11.65
17.34
22.44
21.91
15.8
14.28
17.16
17.4
11.9
13.89
20.56
22.88
24.37
20.98
-1.34
14.93
7.5
15.84
7.92
7.09
16.92
16.84
13.09
17.05
18.96
23.5
26.72
23.09
17.23
21.15
18.91
23.47
18.97
11.92
5.11
-16.99
8.14
13.16
14.7
11.73
18.45
23.55
26.19
26.73
26.63
25.43
23.07
16.71
5.5
9.85
10
-6.92
11.73
22.7
25.67
23.07
21.41
9.95
12.86
32.19
37.56
35.24
27.41
23.04
18.92
16.21
21.28
25.45
26.02
21.58
16.27
15.85
15.71
17.81
17.36
15.88
16.93
21.29
19.38
10.55
14.59
16.06
18.2
10.63
16.95
22.15
16.71
13.12
14.86
17.78
15.09
7.9
21.03
23.89
17.67
13.76
19.51
20.12
14.85
15.48
20.02
17.8
9.83
13.56
15.88
13.44
14.69
18.73
14.94
8
18.44
20.33
13.97
17.39
16.78
17.06
21.9
23.14
20.33
19.23
20.57
22.03
26.57
28.03
21.88
9.95
17.64
13.06
5.54
11.47
12.83
11.57
13.95
14.7
12.64
21.13
18.71
17.82
25.27
22.93
8.1
19.75
17.08
6.94
7.36
8.58
22.42
25.77
23.32
15.64
18.2
18.27
0.51
13.65
11.73
15.63
17.4
13.53
13.98
20.27
24.17
21.1
18.82
17.83
7.89
16.13
15.19
17.02
8.41
17.4
15.66
14.66
15.5
20.79
23.05
22.29
21.78
25.44
25.69
21.56
14.44
14.14
15.68
17.72
15.18
17.1
17.16
16.29
19.52
22.87
23
16.92
14.87
15.72
11.57
15.01
14.64
10.09
16.46
18.28
19.18
16.68
14.88
20.59
25.67
27.24
25.31
20.45
16.7
11.68
17.55
23.72
25.12
23.83
19.12
17.26
16.19
6.58
9.01
-3.07
14.69
21.99
24.56
23.43
17.94
15.19
10.76
12.43
4.29
12.76
11.94
10.89
12.14
21.4
20
5.27
14.28
17.2
19.56
14.19
11.52
11.21
-1.26
15.05
21.97
22.56
16.24
15.98
18.2
20.17
18.21
20.3
16.49
15.75
19.78
24.86
25.1
18.23
10.16
16.93
16.72
3
8.33
12.19
17.42
21.04
21.5
17.94
14.81
15.38
23.4
23.12
21.38
21.17
17.38
17.01
17.82
11.21
10.16
10.33
13.8
-0.42
19.94
23.73
20.98
21.2
20.94
21.59
18.07
12.41
19.87
13.39
10.16
15.27
11.61
6.33
11.44
13.5
20.02
18.81
15.62
9.54
11.01
18.82
20.56
15.4
4.9
11.44
10.81
15.1
22.15
19.72
0.95
16.36
10.95
8.04
17.67
19.59
15.31
4.37
7.81
8.08
10.93
10.3
-1.98
12.91
9.29
5.27
7.68
-3.64
6.22
-4.08
8.39
11.41
16.78
18.64
16.25
12.3
0.98
19.78
22.13
17.19
7.52
2.09
8.2
7.16
13.46
15.35
14.39
15.07
9.59
10.32
14.66
16.17
15.45
8.27
15.28
19.77
18.33
9.93
10.52
17.78
13.53
7.25
0.05
9.46
14.92
19.53
19.08
6.96
11.98
10.72
14.36
14.3
18.87
15.84
-9.44
9.29
13.55
12.85
12.27
16.5
13.81
9.29
11.92
15.55
17.65
14.24
9.59
8.93
9.56
18.59
17.16
6.77
6.47
16.51
18.04
3.84
11.53
5.99
13.29
9.59
10.26
12.87
9.34
9.78
14.71
21.66
21.17
16.79
6.37
11
17.59
20.48
20.34
10.67
10.58
7.55
3.25
10.96
11.13
9.97
13.66
14.78
16.57
16.22
13.52
8.92
14.36
13.57
15.73
19.26
14.78
2.2
12.34
16.36
4.78
16.07
16.61
9.57
14.12
9.17
-0.48
14.22
17.81
15
15.06
14.85
14.81
17.53
12.62
7.96
15.71
8.95
9.42
8.7
9.81
11.46
18.17
18.72
15.35
15.06
17.71
13.1
7.21
15.32
16.56
11.33
2.56
14.25
18.43
13.03
17.14
19.76
19.12
15.79
13.12
15.3
17.29
17.41
13.99
3.02
7.2
16.34
21.01
19.31
4.32
16.81
18.89
17.11
16.55
16.23
15.84
16.14
15.85
14.73
13.06
10.08
9.61
13.63
8.45
13.63
18.73
15.32
10.4
16.41
16.06
18.74
17.54
13.57
7.41
10.6
13.41
9.74
9.27
15.39
17.83
16.33
1.99
8.55
-0.4
5.53
6.4
-0.44
9.53
12.77
13.64
16.54
17.19
15.72
18.35
14.87
12.08
18.1
17.95
8.33
8.46
0.17
13.15
16.5
11.01
7.77
14.36
15.09
13.3
10.19
8.49
9.54
1.23
15.9
18.33
17.13
14.05
16.8
19.95
13.37
16.74
16.14
2.95
12.44
16.41
18.44
21.64
19.58
10.53
18.61
20.19
14.85
16.12
17.91
13.51
11.21
15.97
19.85
21.9
20.17
15.25
13.68
8.24
18.4
20.24
13.52
7.75
5.28
12.63
19.03
15.69
8.64
13.71
16.96
20.99
19.84
17.74
15.94
17.39
18.09
16.26
18.23
16.63
11.69
1.56
22.42
27
24.31
13.95
6.51
13.39
13.19
7.7
5.43
13.08
10.13
15.67
22.36
18.44
15.27
12.96
1.98
17.92
23.81
22
16.18
18.33
20.37
16.96
7.75
21.46
22.55
21.02
19.27
10.04
15.8
17.75
20.06
18.22
1.35
11.51
7.59
8.52
11.61
10.67
1.9
11.86
17.59
18.45
19.41
19
16.76
15.36
11.25
-2.76
9.26
12.62
14.46
15.08
14.5
12.96
16.19
17.89
15.89
14.31
10.47
-14.33
5.77
11.61
19.56
17.13
9.91
8.2
14.32
17.7
13.26
13.2
6.46
14.18
19.79
18.11
10.86
15.29
19.01
11.07
5.36
3.16
3.55
9.35
9.91
12.58
11.5
7.66
10.78
17.03
10.32
-3.11
10.99
16.49
9.96
4.62
8.52
6.77
6.61
0.31
10.07
12.91
11.31
12.81
16.88
18.31
17.16
10.67
2.66
10.77
18.82
19.42
16.97
18.59
15.84
7.79
14.09
14.43
12.07
8.32
-0.51
4.59
17.32
22.1
19.94
10.19
-2.59
5.42
14.17
15.07
15.34
15.39
9.5
10.53
16.82
17.76
15.12
8.9
12.09
13.18
15.66
16.38
15.87
12.68
14.59
15.14
13.6
15.22
13.15
10.95
10.55
6.12
12.96
3.28
12.23
13.56
5.05
11.03
13.77
18.89
13.9
-3.9
9.79
13.56
8.51
10.65
15.31
7.78
11.25
10.31
11.5
3.44
14.45
10.89
12.73
18.76
15.46
8.93
10.38
10.09
18
17.66
4.86
12.02
17.07
14.9
21.18
21.75
14.55
10.63
11.61
7.25
15.11
17.82
19.99
18.45
12.34
14.48
12.24
-4.98
7.21
13.04
14.49
14.87
19.62
18.98
6.1
16.36
18.32
11.99
8.04
15.09
16.89
19.6
20.53
16.32
9.29
6.62
10.94
11.61
12.86
21.09
14.55
13.72
17.11
13.28
18.83
18.11
8.93
-2.86
14.09
17.18
14.1
10.15
10.2
12.56
11.35
14.86
13.41
15.46
14.21
13.09
13
12.14
13.74
15.59
9.96
17.62
22.11
19.03
9.75
15.25
18.87
19.49
18.27
10.69
11.04
18.87
15.67
11.14
8.48
12.83
16.65
18.21
18.95
16.4
10.73
18.13
19.08
19.04
16.99
18.01
15.13
18.33
21.01
13.8
10.62
8.67
10.61
15.57
10.46
18.21
20.81
18.63
8.51
14.72
18.92
19.33
21.18
20.22
12.84
12.37
9.25
20.8
21.66
14.55
7.72
11.66
4.46
11.13
0.1
14.55
13.66
18.53
22.2
17.61
4.67
5.96
10.68
12.74
14.4
17.16
21.36
21.92
17.15
17.73
19.51
11.46
13.92
20.21
17.39
9.58
13
20.36
21.23
14.35
16.28
14.7
10.17
16.73
18.73
12.98
8.38
17.26
20.17
18.73
14.87
17.04
19.01
12.14
8.7
14.98
18
19.34
13.35
17.06
14.48
15.8
17.55
15.71
6.21
15.65
18.09
13.24
7.04
3.08
9.01
12.75
18.78
22.4
23.5
19.51
14.53
14.9
12.72
21.5
18.4
16.65
18.85
15.03
9.11
17.91
22.76
21.07
12.38
17.99
8.27
16.49
19.11
14.82
11.83
16.78
20.09
20.68
18.46
9.71
14.03
15.38
10.94
13.47
11.96
11.92
19.2
20.84
16.8
21.91
21.92
11.91
0.44
3.5
4.92
15.92
23.23
24.53
23.06
19.14
13.05
14.24
19.41
19.81
16.75
16.24
10.35
16.54
12.29
13.92
14.84
9.56
9.78
17.87
16.67
12.42
4.82
16.32
21.12
15.77
17.84
19.76
16.08
13.02
12.16
-1.48
9.33
12.86
18.55
18.34
13.03
11.48
19.85
21.55
18.96
20.06
18.3
22.58
22.99
18.88
6.85
2.02
13.85
13.61
10.63
3.99
17.39
19.07
12.5
-0.19
0.6
7.93
10.27
16.71
19.98
20.22
18.68
12.57
10.43
17.44
16.7
17.27
19.33
17.46
15.44
12.61
19.45
20.35
-6.27
11.29
6.83
-6.09
-1.19
10.41
15.34
18.82
16.68
20.59
19.26
7.29
17.99
18.59
16.67
18.44
14.85
15.78
16.85
15.69
20.29
17.18
11.87
11.21
9.18
13.45
17.88
14.78
18.75
23.01
20.66
18.33
18.87
15.72
-7.07
13.45
11.73
13.49
13.46
19.36
10.73
13.05
14.58
9.21
11.25
10.87
10.18
6.7
4.69
6.05
10.76
13.35
7.55
2.59
16.19
19.95
17.23
13.41
14.71
13.66
8.66
10.94
12.3
17.03
21.39
18.21
13.39
10.41
9.48
11.22
13.78
3.55
10.9
16.1
20.08
18.12
9.22
8.93
15.57
11.8
-0.72
5.06
14.04
17.17
15.61
14.59
15.28
15.03
8.67
7.32
8.74
12.47
12.24
10.78
12.16
15.78
8.37
7.67
8.12
7.82
16.63
18.71
18.84
15.18
9.2
15.61
14.79
14
-4.71
8.86
11.07
17.35
16.36
18.64
23.31
21.92
15.89
16.34
14.28
18.68
13.33
2.13
7.39
15.42
10.05
13.04
15.16
12.93
6.39
2.97
7.4
-5.27
9.08
10.39
-4.19
7.33
3.17
16.04
15.98
4.97
16.15
21.09
21.57
21.55
16.23
8.8
14.14
15.37
14.33
8.08
15.47
11.47
7.59
14.33
15.7
18.06
12.92
10.41
15.44
12.6
11.97
9.02
13.17
16.48
17.39
15.16
7.54
9
15.4
18.12
16.87
11.3
12.76
13.77
6.97
15.41
17.16
13.09
3.68
8.98
5.84
12.92
15.41
14.17
12.59
18.68
18.86
12.89
14.15
16.44
13.77
11.71
12.65
8.28
5.73
11.51
12.45
10.5
7.98
5.45
7.62
8.01
10.93
11.4
3.25
6.25
10.35
-2.76
9.06
10.79
9.79
3.77
7.79
15.02
15.49
12.2
14.56
9.42
4.68
-4.29
3.9
-1.1
10.86
16.9
18.92
15.76
11.75
17.31
15.19
15.59
15.65
12.9
14.93
17.49
17.47
16.09
15.77
17.12
17.67
17.76
13.65
7.01
13.05
15.52
12.19
17.54
19.03
10.83
4.97
-7.07
14.19
17.92
15.27
15.19
20.02
19.82
13.89
-2.6
8.74
11.76
16
12.63
5.88
10.14
6.9
4.84
4.51
9.65
13.7
15.19
10.77
11.63
9.64
3.83
7.03
8.86
13.47
10.36
10.57
0.87
11.99
14.49
17.81
19.73
15.71
7.17
11.39
12.64
-1.97
3.84
11.59
13.11
12.42
15.69
15.04
12.87
11.4
14.77
16.83
12.93
7.2
4.3
13.73
16.33
14.32
8.23
4.48
5.22
-5.49
10.23
17.4
15.67
3.36
8.97
14.76
14.11
15.66
14.05
7.08
11
-0.62
11.94
14.85
14.38
17.82
16.7
15.45
16.51
13.43
2.42
14.83
15.6
19.41
18.86
14.5
14.8
11.5
13.89
14.6
11.98
14.58
14.94
10.58
7.4
13.71
10.8
6.55
7.89
14.76
16.64
12.6
12.01
7.49
19.45
22.25
20.89
17.66
8.45
9.03
16.32
13.52
18.49
20.81
16.79
16.14
16.21
13.21
9.8
16.6
18.75
17.44
11.8
1.97
10.51
16.06
11.96
-6.42
12.04
13.69
8.93
10.99
12.33
5.24
5.22
13.86
15.98
15.46
18.4
18.48
8.18
10.72
13.61
9.89
16.23
17.11
11.88
-0.83
6.19
-0.24
10.9
14.94
14.35
14.82
15.32
12.68
8.35
9.69
11.75
13.4
16.24
16.82
19.03
20.99
19.67
18.32
14.41
8.36
9.72
18.37
21.73
22.17
22.49
20.85
12.5
17.93
20.17
18.32
17.08
19.38
20.01
18.39
13.86
7.26
16.4
16.3
4.61
16.99
15.75
11.06
7.5
9.69
12.13
17.21
17.76
17.21
19.3
20.39
19.5
15.91
17.86
18.44
16.89
12.83
10.79
11.2
7.04
10.58
10.9
13.91
13.12
10.56
12.51
8.97
15.72
18.2
6.38
11.47
15.84
15.71
10.89
7.44
13.58
12.66
17.51
17.11
10.1
0.75
9.77
15.9
16.72
16.57
13.88
14.22
8.96
2.84
8.01
9.89
12.55
5.38
0.84
11.43
7.11
6.01
4.79
15.09
14.09
10.94
15.6
15.57
17.85
15.67
6.78
18.28
18.15
13.89
15.98
9.83
10.77
-4.3
15.95
17.24
14.43
13.97
6.42
10.18
9.9
1.4
7.86
12.79
3.06
12.63
16.08
17.51
17.81
15.86
16.41
15.36
10.91
10.08
17.47
18.63
14.21
14.43
14.09
10.19
1.34
8.4
8.51
7.84
8.06
9.23
11.59
14.5
12.17
16.25
19.83
13.19
7.95
5.39
3.25
11.22
14.58
11.13
9.83
2.18
-13
7.48
14.74
17.99
19.55
13.08
15.21
18.63
18.12
16.14
12.98
0.12
6.52
12.98
14.66
17.16
19.26
17.09
13.56
10.56
14.29
19.39
17.51
15.63
12.25
11.46
18.86
15.12
1.79
3.33
16.54
19.67
18.52
16.3
16.28
15.57
18.02
13.2
12.79
17.64
12.61
8.4
12.7
14.09
3.7
5.07
2.88
2.74
7.88
2.84
2.02
2.42
5.34
-0.9
10.03
12.39
16.95
17.04
3.44
12.06
12.21
15.98
18.13
14.94
9.89
8.05
11.08
9.93
12.08
12.35
11.43
8.99
2.63
7.34
8.01
13.94
16.27
15.18
16.3
14.9
0.88
17.02
18.48
15.5
16
14.56
8.78
6.3
7.95
3.25
10.78
9.07
13.01
13.64
14.97
13.42
11.25
15.61
16.48
5.91
12.13
11.4
-2.07
12.92
14.82
12.82
14.48
13.68
3.66
14.78
15.49
13.9
10.74
1.25
5.97
-9.33
7.48
0.14
4.96
13.29
18.57
15.61
13.51
13.89
9.49
12.31
17.68
19.96
18.31
8.75
8.21
11.06
9.13
12.13
14.91
12.77
5.01
8.72
5.15
11.2
13.99
9.19
10.6
13.59
11.29
12.69
14.76
10.81
-0.22
2.52
11.22
15.1
16.6
14.77
14.16
13.83
16.81
21.27
20.78
17.64
11.86
1.92
11.74
16.5
13.24
-2.94
9.9
12.77
12.21
10
8.25
3.72
1.33
1.32
16.66
16.42
6.85
-3.06
7.57
-5.72
11.44
12.14
10.76
-3.56
6.21
11.52
15
13.09
7.73
13.88
13.22
8.93
17
10.32
11.96
11.32
7.29
12.76
15.21
9.67
5.62
10.88
15.68
20.1
19.18
5.26
15.51
17.72
14.37
15.99
17.38
18.31
18.07
13.72
8.33
7.77
10.61
11.86
13.71
13.81
17.57
19.05
14.69
11.04
7.25
12.82
14.01
5.21
7.04
11.97
15.36
14.11
10.45
12.23
14.44
11.73
4.92
-2.05
8.75
12.73
8.93
12.08
14.71
10.88
-18.62
8.74
9.25
-2.71
1.54
3.43
10.44
13.5
6.86
10.05
15.2
16.93
15.49
14.57
12.18
13.72
6.72
6.29
14.61
18.34
11.59
7.34
4.75
7.95
15.57
17.54
17.77
16.85
13.34
14.57
16.8
17.39
19.82
20.77
19.3
16.61
9.36
13.05
13.92
14.7
14.5
14.66
11.68
15.93
17.01
12.99
10.98
13.16
13.97
8.25
1.83
3.65
9.95
13.71
9.25
3.67
2.76
-5.17
8.91
11.68
10.53
8.15
10.81
11.32
10.05
6.54
8.84
14.16
15.7
14.97
15.64
11.05
7.01
11.71
3.08
7.89
16.46
12.53
-0.48
3.5
11.65
12
10.15
5.38
0.01
1.57
9.53
14.96
7.74
14.22
17.36
11.9
6.48
13.49
12.83
9.59
12
16.3
17.18
0.2
16.03
17.52
17.14
18.58
18.22
8.3
7.43
12.98
15.46
14.16
-4.43
12.22
14.53
15.76
9.79
7
-0.35
7.15
14.01
15.17
10.03
8.02
16.81
18.1
15.61
12.27
10.55
14.06
10.28
9.54
8.21
-7.53
2.74
5.11
6.86
10.5
10.55
7.62
3.69
12.3
18.05
17.54
11.04
13.14
17
13.77
4.38
14.62
18.44
18.76
18.24
22.22
22.46
14.65
15.97
16.84
14.85
10.59
20.5
24.01
21.43
14.5
11.41
12.72
9.85
19.62
23.37
21.42
13.13
10.64
12.98
12.46
16.76
16.93
14.47
11.44
5.77
13.82
16.68
18.47
19.6
18.98
15.35
5.3
9.17
-4.82
4.09
10.35
6.52
2.39
13.49
13.93
10.02
13.45
13.23
4.22
6.89
17.23
16.14
10.78
18.77
17.39
14.39
15.62
14.89
15.73
16.94
18.16
15.65
13.16
13.37
10.59
4.12
-6.44
8.14
10.03
3.38
11.35
12.98
3.04
13.31
11.21
12.24
13.93
13.11
6.77
3.7
1.15
16.15
17.51
13.17
10.28
14.96
17.71
17.72
18.49
15.41
13
16.87
19.2
17.52
11.88
14.33
12.51
3.37
12.56
15.98
16.6
12.48
4.24
8.84
9.96
5.13
10.65
11.05
9.13
4.08
4.94
9.99
17.14
19.91
16.17
2.23
10.99
13.75
9.02
15.61
17.18
-8.88
17.8
20.22
19.53
19.93
21.46
21.43
20.82
17.83
4.25
18.55
18.88
16.28
17.67
18.08
16.48
13.86
13.24
14.3
15.04
14.69
13.35
11.97
13.62
5.18
6.45
12.69
8.44
13.75
16.81
14.74
12.19
12.72
11.61
10.99
13.04
16.88
15.74
12.37
15.45
13.21
11.05
14.29
8.61
5.19
6.91
-11.89
16.38
21.86
19.86
9.68
16.96
18.83
14.93
10.83
16.62
19.72
17.03
7.84
8.1
7.88
15.18
14.76
9.14
14.49
15.14
16.31
10.07
8.2
10.16
3.26
16.01
18.03
7.93
14.1
17.73
15.59
3
13.76
17.42
13.83
11.66
16
9.22
11.87
16.32
18.08
15.24
13.83
17.15
16.65
14.47
18.11
16.82
12.83
8.42
7.85
18.96
19.78
18.63
17.53
12.46
8.14
11.83
8.34
11.59
18.61
17.51
10.93
-4.33
11.26
18.17
19.6
18.07
11.42
-0.61
13.1
17.71
16.61
10.13
13.86
14.07
4.67
5.26
14.56
16
10.51
17.78
17.13
8.5
5.3
11.96
16.54
14.53
17.03
12.31
3.07
3.85
14.16
16.94
15.85
15.71
15.2
15.63
14.4
10.97
7.13
10.28
14.19
17.31
17.31
18.09
15.39
11.21
10.32
7.62
6.31
15.71
15.35
9.97
15.12
10.74
3.65
8.13
15.65
18.02
18.79
21.02
20.29
15.7
12.25
9.32
16.05
15.7
8.33
10.2
10.19
4.5
3.32
8.26
11.89
14.34
12.01
9.78
13.95
15.62
17.46
16.43
10.65
5.35
-0.31
13.08
16.2
13.19
4.36
9.49
-4.94
8.82
8.66
1.35
11.44
11.74
0.9
5.15
-4.37
3.79
0.75
12.81
15.27
11.28
9.58
15.85
17.92
12.97
9.88
8.93
3.18
7.07
13.24
13.31
10.15
9.37
7.53
-13.69
2.26
15.27
17.34
10.5
14.69
11.32
8.82
14.32
11.78
6.17
-0.21
12.05
8.35
14.81
18.52
14.64
6.42
12.66
17.16
17.84
12.46
7.31
16.97
17.09
11.01
9.66
9.34
11.03
18.14
18.96
14.96
11.97
9.84
7.05
10.46
9.81
9.82
3.73
-0.78
3.44
12.71
14.72
13.12
9
-4.57
5.36
10.42
2.61
10.19
16.52
17.46
16.29
14.1
14.36
17.33
15.08
12.41
11.62
15.83
16.88
10.55
16.79
13.89
12.57
15.12
15.48
9.39
1.01
-8.98
11.66
14.43
14.57
2.74
7.99
10.93
12.46
10.16
4.53
12.23
4.98
16.32
16.1
11.41
9.31
10.61
13.34
14.51
7.85
13.05
10.15
14.91
17.19
10.94
15.11
16.38
11.68
8.9
6.57
7.31
4.92
11.46
16.38
13.86
12.26
7.53
5.92
11.06
11.08
7.61
5.4
3.33
11.98
16.52
16.91
16.88
15.29
12.67
14.16
16.71
18.36
17.26
14.23
10.26
7.03
8.54
2.47
6.55
9.09
15
13.67
7.29
1.6
-18.6
5.69
11.87
10.18
12.04
14.64
-6.57
13.93
11.15
9.23
6.2
8.34
14.54
6.58
13.55
14.44
16.84
17.53
19.07
18.8
15.15
7.99
2.18
11.56
6.24
13.33
13.18
8.82
15.9
18.24
15.02
12.2
13.46
9.77
11.56
6.7
-7
3.58
7.07
10.63
9.8
3.68
11.46
15.64
13.99
15.54
18.13
18.94
17.86
17.23
17.15
13.37
10.01
13.11
11.21
9.57
7.57
14.34
6.28
6.72
15.39
18.49
17.68
13.16
9.36
4.6
3.37
-3.08
10.06
14.47
14.49
14.85
15.03
7.35
-0.32
10.94
14.45
15.1
15.36
12.2
10.1
11.59
11.05
8.82
14.97
13.59
9.96
3.15
3.57
-0.13
-0.03
14.24
17.27
18.07
17.42
17.33
15.98
6.96
14.71
11.31
-0.03
5.91
14.94
18.7
16.4
3.35
0.47
10.5
13.26
9.57
9.28
9.83
10.86
11.55
12.39
11.64
10.07
8.95
10.65
9.41
11.62
13.26
12.43
2.66
5.68
7.95
-10.85
1.81
0.9
8.76
15.25
14.1
13.43
16.95
15.55
-0.65
7.23
-17.91
3.65
7.19
11.5
10.25
11.92
11.1
10.14
9.22
9.4
-10.5
14.95
16.47
14.5
13.62
9.9
11.07
8.77
8.81
9
13.3
14.67
14.22
14.23
10.95
-9.12
11.78
15.18
12.94
3.89
7.01
7.1
7.15
10.64
-6.5
7.16
9.46
10.36
2.26
6.33
9.13
15.04
12.85
8.69
4.51
7.72
12.87
15.19
13.45
6.46
9.57
12.71
13.51
8.07
3.94
6.51
10.47
13.99
11.47
12.92
13.54
14.23
15.43
11.24
13.78
15.39
10.29
12.92
15.15
15.39
14.08
10.09
7.76
0.05
7.96
5.82
8.03
10.28
11.03
13.3
5.71
6.5
13.7
16.01
12.25
3.82
-3.44
-1.44
7.06
6.92
8.42
13.08
13.53
7.8
13.63
12.19
-12.21
6.97
14.31
14.06
0.89
5.77
7.29
9.27
12.37
15.43
15.05
15.47
12.96
5.33
0.02
10.08
5.43
12.74
10.58
5.29
14.13
19.86
19.65
13.82
-7.07
7.24
10.94
15.56
14.81
7.41
10.42
6
11.25
13.62
12.04
13.95
11.68
8.73
4.55
12.7
12.16
2.82
5.12
7.36
3.74
12.65
7.51
10.38
14.53
9.53
5.56
12.95
14.08
10.58
8.86
8.16
5.3
12.6
9.48
-3.05
4.39
8.71
12.16
14.93
12.78
3.83
2.16
9.12
14.72
12.67
7.1
14.01
14.44
11.7
15.46
17.71
13.7
2.44
6.48
8.11
14.87
14.78
11.45
4.92
7.28
12.42
13.77
11.88
-1.52
6.78
12.8
16.14
14.95
9.77
14.05
12.06
15.43
15.92
16.04
15.8
13.72
13.29
7.93
14.9
16.47
12.77
11.47
17.39
17.62
12.59
16.87
20.57
18.78
13.32
13.99
16.16
14.28
8.59
9.49
12.8
14.36
11.17
5.53
4.15
4.19
5.2
-0.71
-0.91
9.19
9.95
7.64
14.31
8.65
4.67
10.87
14.11
13.5
6.71
10.94
12.96
14.77
13.89
8.4
7.32
4.01
-1.85
14.1
19.66
19.76
17.67
14.05
7.04
12.73
17.71
19.59
16.5
3.81
8.94
14.33
17.09
11.29
-2.88
11.11
14.51
14.65
9.59
9.59
8.01
6.45
11.28
9.22
13.24
17.15
18.57
19.69
15.81
7.11
-0.24
4.95
14.14
16.7
19.17
22.3
19.79
16.28
0.52
9.97
4.27
3.81
12
17.56
16.85
17.62
17.59
12.22
10.94
14.2
19.04
20.51
16.82
9.48
7.92
4.45
0.83
11.24
12.73
8.51
8.98
11.76
16.17
18.68
14.42
2.62
6.31
11.54
14.81
15.68
17.02
14.32
1.99
1.93
9.65
7.27
5.03
5.97
13.33
14.82
12.97
2.25
11.62
12.85
11.16
9.23
14.05
15.17
4.37
7.69
10.72
5.5
0.82
8.15
9.89
5.04
16.76
18.78
15.45
14.09
13.47
13.24
16.25
16.02
11.75
10.63
14.07
8.2
10.14
15.55
13.8
14
11.86
12.11
14.28
13.69
11.02
16.98
18.83
16.39
12.86
15.1
14.84
12.05
4.69
13.59
15.03
14.82
14
11.14
17.43
15.16
8.28
14.3
11.65
10.22
17.94
14.92
-0.63
9.23
6.28
7.53
11.89
15.07
13.52
11.24
9.93
3.34
14.64
15.81
8.43
8.76
6.78
2.93
13.55
14.94
9.63
9.19
14.61
14.69
14.56
10.45
8.89
6.42
3.79
10.87
7.58
-0.31
10.74
16.06
13.11
13.25
14.67
8.67
11.52
15.91
15.64
10.59
9.77
9.46
13.04
12.21
2.95
5.85
-6.88
2.48
6.6
13.14
14.4
15.74
13.07
3.59
1.08
9.04
14.91
17.98
18.21
13.94
12.51
12.85
9.17
11.65
13.09
12.79
13.01
6.39
11.46
11.91
10.61
7.24
1.17
6.79
5.7
3.32
13.92
15.21
