-3.98
4.47
4.32
1.6
6.86
7.1
1.7
9.78
11.71
7.95
8.26
11.81
13.58
11.94
7.25
4.32
9.88
6.72
-0.93
1.55
8.37
11.14
12.92
11.82
8.66
11.14
-4.89
3.89
-2
8.32
13.3
7.12
-2.78
3.14
1.15
11.54
13.52
15.32
17.79
16.61
7.22
-3.86
-3.87
2.61
6.87
9.98
12.32
12.77
2.99
4.09
7.72
6.86
11.22
12.45
12.18
11.68
10.8
11.75
12.39
12.05
10.1
5.25
11.59
14.14
14.07
11.38
6.77
14.91
11.23
-1.04
7.04
9.47
13
7.17
5.33
0.97
5.17
12.95
12.32
6.69
13.43
15.99
15.48
10.81
2.77
14.1
16.65
14.84
8.77
0.47
-0.91
1.9
9.63
10.68
13.45
13.78
1.4
9.51
9.17
10.2
16.56
16.35
15.42
11.71
4.51
8.39
12.74
11.32
-2.54
5.62
-11.51
2.39
7.8
5.73
4.05
8.59
8.32
3.49
-4.19
2.23
9.65
9.99
-16.28
7.04
7.91
6.28
6.02
6.82
5.08
6.17
12.91
7.05
9.65
13.21
13.78
12.94
5.55
1.89
-8.38
4.18
9.39
11
12.12
10.24
6.27
6.02
9.89
8.51
-4.21
6.49
12.8
12.22
12.41
6.2
9.33
15.47
14.72
10
9.08
9.77
11.08
7.56
-1.3
3.62
14.25
17.11
10.12
5.65
8.44
8.17
9.99
2.13
6.89
3.53
2.53
1.89
-0.67
6.16
12.25
9.73
5.17
12.49
9.95
9.87
10.91
11.96
10.08
8.12
4.98
7.07
13.44
8.48
0.84
11.7
14.29
10.57
4.82
1.45
12.81
18.63
16.59
18.41
12.36
8.24
12.38
15.29
16.14
2.73
13.88
15.72
13.57
-0.02
8.75
4.19
13.26
15.34
12.4
2.68
4.87
12.29
14.62
11.37
6.07
9.16
5.83
8.99
4.79
6.63
11.16
6.62
14.27
16
15.03
7.67
10.42
14.63
10.34
11.48
9.35
8.34
4.8
9.93
9.55
8.05
13.48
12.79
5.95
13.42
15.35
14.8
14.63
10.94
8.77
9.69
10.99
9.28
8.4
3.41
12.22
14.26
11.6
12.52
5.79
2.49
11.21
13.24
11.62
11.86
9.07
2.96
9.41
8.7
7.59
9.95
3.23
3.69
6.75
11.72
12.54
12.51
9.91
9.84
8.37
4.05
5.59
-0.46
8.57
14.95
14.27
5.35
4.22
12.05
11.29
11.31
13.36
13.12
13.22
15.59
16.95
18.15
18.82
12.51
8.59
8.62
4.75
15.25
15.94
10.98
6.26
8.25
7.63
8.28
9.1
12.06
14.86
13.83
-7.17
9.89
11.98
12
9.89
4.89
10.9
10.39
-7.34
7.47
10.01
14.43
14.06
10.22
7.41
4.56
12.24
14.29
5.07
12.37
13.73
13.49
10.82
10.13
7.05
5.17
7.86
11.41
13.27
13.22
11.57
8.17
8.94
12.23
12.49
1.35
6.31
12.4
8.72
6.11
8.38
7.55
6.51
7.85
12.62
14.65
12.54
8.89
7.85
8.61
4.62
-17.85
2.23
12.1
13.81
9.02
1.94
8.43
0.18
8.71
10.58
13
11.67
9.93
10.64
8.2
5.35
1.18
2.05
8.23
6.24
11.36
13.68
11.29
4.5
0.49
4.64
2.26
-1.44
2.8
10.66
10.69
6.08
-1.5
5.85
11.52
2.52
10.42
13.57
7.83
-2.59
3.95
4.24
6.01
8.03
6.73
9.05
7.39
11.93
7.34
10.97
13.09
10.01
2.22
4.07
7.49
1.27
2.87
8.64
8.87
14.03
12.89
10.9
11.88
9.39
7.29
4.57
8.81
16.4
16.25
6.31
6.85
8.87
0.68
-2.12
13.02
15.76
13.44
9.95
9.28
12.33
11.45
8.34
8.38
5.68
6.66
14.37
16.47
15.59
11.32
6.81
2.66
5.99
9.73
11.66
9.59
10.87
14.98
14.72
11.31
3.95
-0.14
-5.64
11.53
13.13
9.98
10.42
14.96
14.76
11.43
11.6
5.44
10.14
11.37
9.95
11.77
13.9
16.47
16.06
9.61
-4.47
4.75
11.49
16.84
16.99
9.74
0.43
7.75
10.09
10.66
15.13
16.96
13.73
7.09
12.52
15.03
8.7
-1.84
5.12
7.35
9.93
11.53
3.74
12.4
15.07
13.41
9.35
-0.91
9.7
7.42
8
10.3
11.2
11.28
12.99
12.17
5.86
1.68
9.9
-5.12
13.54
14.86
7.76
4.99
6.05
7.73
2.86
-3.06
-2.5
6.21
3.9
-3.47
10.23
14.42
10.09
9.51
10.38
-9.57
12.2
11.54
5.43
9.72
13.49
11.03
12.63
10.51
-1.83
12.07
12.28
9.51
6.83
6.37
8.94
9.11
4.23
2.5
5.42
5.58
-2.28
-4.26
7.01
7.25
6.04
11.81
14
5.1
8.49
9.56
9.97
9.81
9.68
7.65
-5.29
-0.36
1.65
10.72
10.95
12.88
14.11
8.42
4.24
11.7
10.08
0.6
2.22
10.21
14.66
13.09
11.67
12.87
10.46
6.29
4.37
18.47
20.39
15.31
0.48
10.48
13.41
12.23
8.24
-2.69
12.6
10.92
9.09
8.49
11.67
14.05
5.59
5.71
6.78
1.34
4.81
7.64
4.61
7.79
-3.51
11.16
10.51
-7.82
-4.66
1.94
1.94
7.03
12.01
10.28
6.94
5.75
3.18
4.49
13
13.24
2.37
-4.12
-17.03
-0.11
6.69
6.65
9.14
10.83
10.33
12.09
2.09
14.29
14.77
14.27
13.91
10.5
4.92
7.6
5.94
4.02
10.16
8.77
7.35
11.94
8.91
-2.2
5.87
4.73
2.41
2.56
-0.89
2.43
3.34
6.39
7.58
15.44
13.66
-4.88
8.13
10.03
13.94
13.93
11.47
5.59
13.72
17.41
16.99
13.21
11.03
4.95
1.23
10.03
13.21
11.97
3.62
1.99
5.39
8.38
4.48
9.99
5.35
12.39
11.07
8.58
9.14
14.61
15.98
14.67
9.89
6.12
7.03
1.11
11.76
15.19
11.4
7.85
3.64
2.99
13.19
15.46
14.39
14.02
11.59
10.99
7.37
9.12
15.85
14.55
-2.96
11.55
13.82
15.75
18.08
16.92
6
9.22
11.21
11.44
11.25
13.22
14.89
12.3
4.53
9.97
13.79
12.9
10.51
15.25
17.19
14.68
11.53
6.55
-1.02
-5.89
-0.3
3.42
8.29
8.14
9.63
7.58
16.6
18.06
14.32
9.76
6.41
1.25
13.76
16.48
12.91
6.53
5.63
3.12
3.61
5.7
9.85
14.81
16.43
13.65
12.75
12.49
7.95
4
4.91
-16.38
6.31
7.35
3.87
3.94
3.98
5.59
6.25
2.59
7.4
7.14
9.4
5.74
2.59
10.31
14.64
14.03
3.62
9.2
11.53
25.37
29.05
26.62
20.35
15.58
5.63
15.67
17.47
13.49
22.05
25.04
24.03
15.99
1.91
12.51
15.96
15.25
20.47
21.56
21.92
23.31
21.71
23.03
22.15
14.8
6.02
14.62
13.61
12.51
18.47
21.31
21.63
22.96
20.36
10.38
12.86
20.31
27.11
30.57
26.91
11.83
16.35
14.09
16.76
18.51
23.39
24.6
24.6
24.1
16.73
13.88
14.2
23.02
23.48
26.24
22.97
23.22
18.07
23.1
24.29
23.67
21.86
19.9
17.37
-0.31
7.08
24.36
27.89
24.6
20.78
18.43
12.43
12.65
14.07
17.47
18.88
11.55
16.5
21.6
22.29
23.94
24.84
21.81
14.48
22.65
21.2
19.43
18.82
21.66
25.88
28.93
28.93
26.39
24.75
25.18
26.53
20.28
18.65
18.33
6.68
3.11
13.97
22.4
22.32
19.89
21.31
21.18
15.56
7.88
11.25
14.16
12.75
8.76
-1.28
9.46
14.08
15.31
17.35
21.73
24.52
27.1
29.32
29.19
25.27
17.22
22.91
19.29
5.85
15.46
8.09
26.73
28.28
23.14
14.17
25.12
30.45
26.72
11.12
11.33
13.68
18.49
20.47
17.35
18.56
21.2
22.87
19
19.99
23.08
26.11
25.15
24.58
22.39
4.91
23.85
24.37
17.16
14.73
17.89
24.2
22.4
15.87
19.07
27.43
28.88
25.6
23.65
16.02
23.12
24.33
18.58
25.59
28.81
27.97
18.47
21.24
26.27
27.8
26.57
23.64
22.87
21.33
21.44
24.26
19.06
12.05
16.88
27.4
25.63
25.42
24.21
17.75
19.34
21.76
23.74
22.81
13.76
21.45
19.24
23.79
28.17
29.13
28.61
27
19.14
20.5
23.07
17.62
7.79
13.82
17.64
18.17
22.21
20.13
20.86
23.75
24.88
23.95
24.37
24.05
25.78
23.96
11.54
6.85
18.96
24.21
22.66
22.65
24.79
23.44
16.21
18.3
16.68
15.96
19.38
21.45
18.95
17.6
20.47
19.46
3.08
19.01
18.76
12.68
19.7
22.08
15.38
5.05
17.94
19.49
12.16
21.94
20.25
17.13
20.11
22.19
21.68
17.54
11.36
10.25
24.26
23.52
15.24
24.87
21.61
18.89
21.8
17
13.91
15.03
18.42
19.57
12.02
19.57
20.2
1.12
20.31
21.25
14.1
20.42
19.71
14.18
7.86
8.52
15.49
24.15
21.93
20.27
14.11
14.06
17.14
17.23
15.95
14.11
9.78
14.94
23.65
26.09
25.83
24.12
19.75
24.69
24.5
21.69
19.44
16.74
20
20.01
16.77
8.29
11.3
15.75
14.86
11.66
17.53
19.15
15.39
14.93
11.94
14.15
15.31
13.2
6.02
-4.56
14.11
14.65
9.16
10.54
-5.33
13.02
18.44
18.99
15.4
10.59
13.86
17.69
21.41
20.52
10.18
-0.71
12.36
18.82
16.68
7.65
19.73
21.17
16.9
13.27
8.47
-0.13
7.36
12.78
19.04
20.53
19.61
19.3
16.42
15.39
15.7
14.43
17.18
18.84
13.65
12.06
18.73
20.23
17.87
12.27
15.25
15.31
8.28
6.58
12.03
4.94
9.18
15.68
16.24
16.33
19.13
18.63
12
5.13
15.83
17.81
13.23
5.02
-2.43
8.94
10.14
9.81
11.56
8.61
1.5
6.66
11.05
15.77
17.73
15.71
14.26
13.2
17.45
18.07
18.23
16.41
21.44
22.98
20.61
17.76
17.69
22.17
22.18
20.5
19.66
11.54
16.01
16.28
12.15
17.76
8.52
21.71
20.24
13.83
9.44
18.86
22.46
23.01
21.79
17.87
12.76
-4.99
13.13
19.07
20.89
22.92
26.25
25.44
20.47
7.4
12.53
13.4
22.95
22.45
17.88
11.24
-3.94
13.64
22.7
22.56
7.86
15.58
3.65
8.67
14.77
15.06
11.11
13.73
20.05
14.07
15.61
6.6
11.6
12.78
21.46
19.76
19.86
21.89
21.56
20.83
20.11
23.01
20.95
19.68
17.83
15.53
15.85
12.02
24.19
26.14
22.92
23.48
22
18.15
8.85
14.77
10.9
19.66
16.74
17.52
22.41
24.58
24.48
21.37
14.81
10.76
15.32
20.97
25.35
20.33
21.71
24.89
21.57
21.67
19.74
13.84
8.59
22.85
23.25
19.8
28.9
27.11
20.66
23
23.86
22.19
18.72
-0.94
18.54
20.17
15.91
16.79
18.25
20.34
20.91
15.83
12.22
18.05
0.36
20.2
23.5
19.91
13.35
22.03
19.21
16.55
14.97
21.23
25.92
27.43
26.25
19.96
8.08
8
13.33
22.59
22.9
15.36
17.71
24.09
27.9
26.4
24.01
23.18
19.53
17.07
22.23
23.15
22.73
22.21
17.34
23.12
21.36
9.69
17.19
20.45
13.95
21.3
22.58
14.42
17.36
20.47
17.53
21.98
24.93
21.96
21.32
24.72
25.48
25.17
24.68
22.65
14.35
17.05
7.35
14.95
12.49
12.26
12.76
10.34
20.23
23.13
20.38
17.01
24.41
25.8
22.98
22.11
20.38
25.05
17.58
21.66
24.8
18.21
16.09
23.24
18.71
16.19
21.38
16.72
6.38
16.61
17.07
3.73
12.79
12.66
17.11
15.01
22.59
24.71
21.95
17.39
16.7
15.51
19.42
12.31
25.93
27.09
25.06
23.43
21.65
19.41
12.62
20.68
22.49
14.41
19.63
22.09
21.36
21.03
17.89
10.76
12.42
18.59
20.83
19.91
18.14
5.96
22.53
25.85
20.6
14.51
15.36
10.73
15.79
8.08
19.29
10.88
16.65
22.68
26.65
24.43
18.34
21.28
22.4
15.98
12.38
22.61
24.87
24.27
25.31
24.26
18.46
19.07
20.68
20.23
23.4
24.53
19.28
9.21
5.66
9.57
2.55
19.69
26.35
25.09
17.23
7.33
20.52
21.67
19.81
20.67
15.13
16.94
18.92
14.05
16.68
20.91
20.18
17.77
16.16
21.32
19.05
12.56
-1.86
20.16
23.4
23.65
25.15
22.62
17.58
18.38
23.47
20.74
6.13
13.11
18.5
21.66
20.95
22.49
20.74
11.66
10.82
8.82
23.42
25.42
19.7
12.27
8.74
19.43
17.02
13.04
19.06
13.79
13.21
18.22
18.33
18.63
22.19
22.63
17.25
2.27
-4.15
-1.71
9.93
18.38
17
3.32
11.82
19.57
18.92
10.76
7.29
13.33
14.1
11.07
15.29
16.15
20.79
23.47
23.73
19.82
10.93
11.76
18.58
22.19
21.3
17.74
21.11
25.71
26.22
22.78
14.07
16.6
-2.1
20.5
17.58
19.53
23.13
22.92
20.36
16.73
22.41
19.21
18.85
19.16
15.38
19.92
18.85
14.55
18.9
22.57
23.09
16.79
14.09
17.91
16.04
13.83
2.37
13.37
15.26
14.83
16.39
17.23
9.96
23.77
23.73
15.39
17.83
15.65
9.71
21.56
22.68
23.32
25.15
22.8
11.49
10.06
13.6
20.93
17.59
14.51
17.09
18.01
19.93
20.54
17.87
17.49
14.89
19.83
21.86
21.45
19.95
10.31
15.91
22.1
26.18
26.48
23.75
16.83
13.74
15.67
11.68
22.07
22.03
20.99
22.34
23.02
23.21
21.16
10.84
15.88
20.95
16.78
19.57
26.08
27.04
28.14
26.08
16.66
9.87
16.62
12.94
15.41
18.86
20.04
18.23
18.57
19.51
14.6
17.66
21.48
22.36
19.71
23.41
23.15
14.27
20.77
24.52
24.16
17.69
13.94
19.55
15.16
13.36
19.83
21.48
20.39
16.11
20.47
21.71
22.15
20.94
14.05
10.33
14.22
19.16
13.34
16.39
18.27
18.51
16.61
17.87
8.58
20.7
17.81
10.78
13.81
9.25
17.22
22.54
25.17
26.26
24.02
18.25
6.63
15.27
16.85
19.07
17.83
17.94
22.09
20.88
18.75
18.99
21.59
24
15.97
13.52
10.13
14.19
19.93
15.92
24.22
17.6
26.89
26.39
19.14
24.1
23.01
14.64
19.73
20.44
23.2
28.02
30.12
26.55
22.88
24.8
24.26
20.25
17.54
13.39
19.87
33.25
36.48
32.53
23.89
19.34
26.3
26.26
22.58
15.24
20.53
19.34
25.98
27.13
23.49
26.73
27.3
24.86
24.02
23.08
25.77
21.05
16.27
19.11
21.67
17.24
18.36
38.51
45.68
43.17
28.95
18.88
20.61
22.54
24.94
22.87
20.85
12.76
21.37
18.01
16.3
17.93
22.14
22.94
23.6
27.97
28.74
25.12
21.76
23.96
21.45
14.62
15.83
17.97
31.77
42.66
45.17
39.01
22.78
24.99
22.99
11.54
15.14
11.62
4.8
15.42
21.34
25
26.03
23.43
17.49
16.87
20.36
20.08
17.58
2.83
24.82
31.71
31.64
23.01
21.42
23.61
24.36
21.43
22.81
25.55
25.76
23.86
23.47
23.19
17.71
20.07
11.46
6.7
16.34
23.77
28.69
29.06
26.42
19.14
18.46
22.75
22.49
21.48
18.91
17.37
26.32
40.15
42.46
35.71
14.81
14.78
20.27
21.92
16.74
6.84
13.62
16.03
25.67
32.51
29.26
18.15
14.15
16.85
21.14
24.03
23.79
11.89
1.03
13.77
17.07
23.62
23.96
17.03
19.18
33.75
45.22
48.6
43.57
27.63
6.64
21.48
23.69
24.09
23.26
19.58
19.59
17.91
7.53
20.45
17.82
-5.95
7.63
18.85
23.25
26
25.34
21.64
19.99
16.33
9.41
24.14
26.36
20.8
15.54
21.19
25
26.2
26.46
23.32
13.77
19.09
10.67
20.16
25.8
26.03
23.2
22.84
23.09
18
6.59
5.84
17.11
24
23.19
23.99
23.17
17.83
33.47
44.99
46.76
39.01
1.01
14.8
10.19
11.92
15.07
21.19
24.63
19.93
18.83
26.68
25.63
23.05
24.98
26.9
25.42
22.08
22.25
22.57
14.66
18.79
21.08
17.91
13.04
20.47
24.06
21.51
18.53
9.46
19.92
17.8
9.54
21.75
28.98
25.4
0.8
11.08
20.47
22.32
18.55
19.11
16.17
20.22
23.65
23.02
21.83
20.22
21.49
24.29
19.71
14.24
17.22
15.07
-16.56
23.05
26.03
24.62
23.03
20.91
25.61
25.95
22.46
20.95
16.9
18.16
27.64
27.49
16.22
21.72
25.07
25.81
28.08
27.56
24.54
24.92
27.09
26.16
22.56
23.2
27.3
30.19
33.37
30.11
18.98
12.78
21.75
30.95
37.42
41.27
39.45
31.28
27.61
32.9
31.6
29.19
29.46
29.07
30.98
26.98
24.94
31.32
26.41
20.1
22.78
23.8
25.01
14.65
16.71
23.2
27.03
26.39
33.09
30.06
17.85
25.54
23.46
24.84
15.51
26.45
25.51
23.02
26.71
22.25
25.26
25.86
21.01
28.26
30.43
31.5
27.51
23.38
26.57
32.73
36.74
34.64
28.38
30.28
22.72
23.96
33.6
35.44
30.05
27.15
34.24
25.46
27.68
29.74
27.58
42.64
50.41
49.09
39.33
31.18
32.93
26.12
31.29
27.81
42.11
49.81
48.87
38.11
29.84
32.92
31.31
24.56
19.48
18.06
26.02
27.88
31.78
30.56
35.98
37.6
33.38
14.44
20.68
23.95
25.16
25.56
34.42
32.39
8.61
15.23
34.11
37.48
33.36
28
28.01
22.33
23.71
20.77
29.05
28.51
22.38
29.35
15.11
26.34
31.48
33.84
30
34.52
36.18
25.88
26.94
27.89
24.11
21.17
18.72
30.57
29.47
24.54
32.77
34.26
32.43
23.84
27.25
25.35
26.77
29.7
21.91
33.57
30.35
23.5
26.33
32.78
35.89
28.37
32.84
31.42
24.87
33.64
30.2
20.99
17.96
23.91
24.53
27.06
35.36
34.11
21.48
29.11
31.62
33.63
31.32
32.53
32.25
19.4
27.08
18.7
29.27
32.05
19.21
29.41
31.59
34.56
34.38
27.39
17.53
31.32
31.98
15.65
29.65
27.54
19.51
30.18
24.17
29.96
33.72
22.7
30.35
30.94
24.7
28.1
20.11
26.93
29.34
21.45
25.16
31.39
28.89
26.24
25.66
30.01
31.61
26.98
19.06
22.65
19.12
30.7
29.44
22.54
26.59
28.81
27.02
30.29
33.81
28.46
27.51
32.33
30.48
26.71
26.3
25.87
24.52
-4.76
26.51
25.84
25.34
13.14
21.73
7.03
25.95
27.31
25.79
25
22.08
26.46
24.46
10.05
17.92
25.24
21.16
3.32
21.89
22.52
14.48
25.32
28.01
31.11
31.68
29.16
30.38
31.58
26.3
25.56
27.66
21.72
25.13
26.98
13.42
24.39
24.57
19.69
16.25
9.55
20.1
19.91
17.97
27.03
23.9
23.3
27.57
31.34
28.06
16.26
20.95
17.29
21.58
14.98
22.91
26.6
23.7
22.57
18.75
26.62
28.43
13.51
21.74
15.1
8.14
19.4
25.96
27.98
22.7
19.04
18.85
24.53
28.54
27.72
23.84
22.57
21.23
9.77
22.23
24.94
19.83
27.85
27.81
23.57
19.9
22.34
26.08
22.93
21.09
25.79
23.94
26.08
26.28
10.54
24.24
28.33
29.49
26.67
25.58
25.48
21.74
15.31
22.05
24.47
25.77
25.66
21.83
17.73
19.61
20.77
17.81
8.2
13.73
19.95
18.05
5.22
12.06
7.58
19.62
20.99
21.13
23.32
20.25
20.91
23.89
25.95
22.58
15.59
12.21
15.98
25.56
25.94
20.92
15.52
13.22
11.63
3.97
18.41
26.05
27.34
24.65
17.1
15.84
18.65
22.25
17.06
0.29
10.39
18.55
20.4
18.11
17.28
19.37
24.17
17.11
19.25
23.12
21.02
26.55
30.91
24.12
26.81
32.96
33.7
23.13
28.93
25.83
19.44
27.89
27.04
27.62
31.62
23.28
25.63
25.85
22.94
20.81
23.15
20.4
20.11
23.71
14.61
30.47
33.16
26.55
24.33
28.58
20.36
23.09
25.43
32.27
32.2
28.24
20.64
28.59
28.11
7.44
23.37
18.91
24.25
29.02
24.46
31.86
32.29
6.25
28.6
27.42
22.72
27.11
23.47
22.23
17.98
23.51
10.14
29.68
29.87
23.25
30.57
30.82
20.97
25.81
21.69
21.41
28.09
25.69
22.88
18.57
24.43
31.07
26.55
18.29
31.12
36.56
35.1
32.54
29.83
18.39
22.27
22
24.88
30.59
26.01
14.16
20.59
21.18
12.68
21.79
27.06
27.88
27.03
20.74
25.47
26.54
22.11
23.34
21.66
18.06
21.75
12.2
28.88
32.34
25.61
20.3
17.28
22.72
16.52
24.9
19.95
23.97
26.71
21.08
17.43
19.12
9.45
24.36
22.91
19.74
22.97
22.06
23.12
16.34
21.92
27.41
29.08
24.42
20.31
26.71
24.63
18.06
24.2
18.64
26.36
26.73
17.94
25.21
13.27
28.6
31.62
26.04
23.05
28.05
22.92
21.03
28.8
28.91
26.77
30.23
27.73
21.37
30.28
24.97
17.04
19.73
20.15
23.42
25.19
29.6
29.41
25.07
22.48
20.95
24.84
20.69
20.82
16.21
23.4
29.06
25.53
17.64
25.82
14.38
18.75
19.74
-1.71
19.73
17.51
12
8.86
25.11
22.35
23.61
29.13
25.31
27.02
30.74
25.61
16.03
21.3
20.74
27.19
26.59
25.74
19.28
21.31
27.32
24.56
19.61
20.56
28.7
29.34
22.73
21.14
23.97
11.15
20.89
17.94
7.38
9.59
18.83
24.89
26.32
23.12
12.22
21.4
2.54
25.75
29.28
26.54
21.79
21.65
18.78
26.49
26.62
23.61
24.33
23.69
15.1
15.52
14.76
13
21.45
19.81
17.33
24.8
15
20.55
23.18
20.8
8.7
25.31
23.9
14.25
23.94
22.91
13.12
17.46
17.58
12.38
22.74
21.61
21.83
23.07
18.36
13.66
16.92
20.98
24.69
25.61
26.48
26.85
22.79
12.5
13.13
20.77
20.6
14.53
10.79
8.04
16.31
18.81
11.87
6.79
10.53
18.66
21.75
13.65
20.09
18.96
12.78
15.25
9.09
10.89
20.25
21.69
21.78
22.99
23.85
23.8
22.89
18.28
14.41
1.48
12.51
20.29
24.03
23.58
22.96
23.76
24.51
25.01
24.2
23.85
21.29
14.16
21.36
13.86
22.04
25.41
22.68
13.78
14.49
4.85
23.62
26.58
26.37
25.56
26.15
22.69
13.39
8.62
16.83
13.67
16.33
13.52
19.06
24.02
26.03
23.36
19.22
16.91
19.89
21.45
21.37
20.61
18.8
7.88
11.64
-1.24
20.13
24.62
19.09
9.5
13.3
11.37
12.53
12.85
20.91
22.92
22.78
20.27
15.91
8.74
13.05
17.06
8.89
16.51
20.38
25.83
25.92
21.89
11.47
5.75
17.33
16.87
-14.99
17.55
13.95
8.85
9.55
7.63
15.27
20.1
12.25
15.72
19.26
20.49
19.8
13.17
18.31
16.06
13.1
20.58
15.1
23.5
23.03
18.7
14.24
8.09
13.72
19.88
26.04
26.35
18.56
13.47
16.15
21.59
25.78
24.06
17.32
19.49
22.11
18.48
23.15
21.39
15.13
12.77
-7.72
23.57
28.11
22.63
14.86
23.46
25.83
20.86
14.71
10.34
23.06
22.81
14.23
25.29
25.32
18.86
22.53
23.4
21.47
18.76
20.39
20.98
15.23
11.83
19.42
19.41
18.1
23.14
21.86
25.72
27.67
30.84
28.78
22.29
20.97
25.01
22.3
16.57
18.21
17.85
19.27
18.51
17.77
22.7
22.07
11.58
18.33
22.45
26.3
25.8
25.72
22.82
19.09
18.12
21.27
5.15
20.64
22.91
24.19
23.17
22.78
24.66
24.22
19.09
16.09
18.1
12.29
8.65
21.63
18.2
15.1
21.31
23.93
23.99
19.67
12.43
23.39
24.85
17.56
14.4
6.8
20.08
23.69
19.27
24.2
20.7
12.45
14.93
17.05
25.22
24.76
17.88
6.57
21.4
27.03
28.56
26.73
23.86
14.43
21.05
25.01
21.47
9.17
21.93
23.24
23.01
20.89
24.73
23
13.45
25.88
28.18
25.9
22.33
18.5
14.44
17.03
16
22.64
26.43
16.59
20.41
22.97
10.98
22.03
15.35
17.95
22.32
14.34
26.46
23.56
22.98
30.18
35.88
29.93
24.24
24.27
23.83
21
14.82
23.53
21.37
8.98
16.99
17.98
20.57
13
23.73
23.76
14.45
21.94
24.74
21.8
10.98
18.35
23.69
22.34
19.82
25.09
24.62
21.36
21.54
19.46
21.26
22.82
10.66
25.76
24.7
8.97
25.72
25.86
21.78
12.22
13.28
17.87
19.4
19
21.49
21.35
20.69
16.27
-1.53
17.47
23.61
22.31
17.22
17.17
20.92
21.55
22.68
17.71
15.73
16.91
25.99
24.71
7.95
22.52
3.76
22.42
20.13
18.32
26.61
25.53
16.34
17.62
20.42
9.64
19.11
12.26
17.44
20.15
18.86
11.66
17.01
13.93
24.4
23.39
20.39
18.08
17.21
25.41
23.6
19.34
15.23
21.62
25.53
20.82
11.02
15.83
21.26
26.32
26
17.03
16.32
16.23
13.74
15.02
20.22
25.16
23.39
8.24
24.22
23.62
25.14
27.87
26.55
19.22
10.89
22.04
26.81
23.72
5.05
17.35
15.9
3.32
19.47
18.33
10.59
21.24
22.34
18.01
16.22
20.4
14.99
17.36
20.86
19.88
15.27
23.64
22.36
19.75
22.01
13.73
16.64
20.24
8.55
20.19
24.97
21.79
18.96
24.02
23.47
16.6
19.45
18.38
11.9
19.07
25.55
25.81
21.11
21.31
22.05
21.11
20.31
23.48
26.74
26.13
22.32
20.04
22.51
22.4
15.53
9.19
19
21.28
22.36
19.38
22.68
20.04
10.26
17.58
11.45
13.63
20.76
20.54
8.86
15.17
19.07
23.24
23.29
17.24
16.57
19.67
16.63
11.94
7.15
14.99
19.24
19.67
19.22
18.84
20.34
19.98
10.37
16.59
20.37
17.85
6.7
17.62
19.24
15.41
15.31
17.64
20.94
22.93
22.67
21.09
20.3
16.56
-3.12
19.19
22.08
16.7
1.22
9.01
7.23
3.97
6.35
18.13
19.12
14.88
5.77
9.15
12.13
13.8
14.02
5.67
14.53
17.02
17.38
16.85
19.29
21.3
18.05
21.92
24.87
20.52
18.52
20.91
17.82
19.9
20.46
11.59
11.79
13.57
17.66
14.69
5.35
11.74
16.26
16.71
14.3
10.28
13.14
12.51
9.83
15.91
21.9
23.31
19.63
10.65
12.38
17.12
15.44
8.71
7.68
13.61
13.08
16.23
18.45
13.35
-0.64
13.31
15.66
6.87
11.7
16.73
15.53
15.63
17.03
16.17
16.4
19
18.85
15.82
17.36
17.18
4.49
6.64
6.41
10.88
5.2
16.21
21.72
21.56
19.32
12.27
11.03
9.57
-2.45
3.76
10.55
21.41
22.37
11.14
16.88
18.95
10.93
-1.19
11.23
14.99
11.57
12.97
16.88
20.17
19.73
15.37
9.88
9.85
11.19
9.14
12.47
14.75
9.64
4.22
8.1
10.66
16.43
18.25
13.78
6.65
12.02
14.52
18.67
15.73
5.64
16.73
16.63
8.05
7.33
10.37
8.63
17.27
20.23
13.61
8.57
6.62
8.39
8.22
-0.75
10.28
10.16
9.53
6.41
3.81
8.06
-0.38
11.69
6.83
15.13
13.5
0.96
16.12
20.47
16.25
15.24
14.56
13.87
-2.45
11.81
8.72
12.22
0.8
14.2
15.2
15.93
11.6
15.93
16.35
10.07
11.51
10.65
9.49
16.14
11.1
13.22
4.25
8.56
17.04
16.25
11.34
10.02
16.11
19.89
20.92
19.55
14.86
15.89
14.73
5.09
12.61
16.36
15.86
15.21
17.81
17.21
10.88
7.86
7.85
13.27
15.78
9.14
8.87
12.32
17.21
15.58
9.53
9.63
6.24
5.53
15.09
6.39
12.39
7.45
15.81
17.11
14.12
12.74
16.62
17.11
17.17
19.07
19.46
17.09
15.98
18.09
15.32
13.85
20.56
17.04
-6.32
12.3
14
12.92
13.46
14.45
14.99
11.08
15.08
13.75
11.98
-2.97
13.03
9.26
3.63
-0.16
-1.94
15.19
14.95
10.37
15.93
15.34
6.77
11.48
18.73
16.84
14.9
20.16
21.57
16.17
16.18
2.49
10.09
15.76
19.89
17.71
13.67
6.41
12.48
14.89
17.74
19.25
19.41
15.82
12.08
12.52
14.7
18.89
20.07
16.81
2.55
14.76
14.17
13.34
17.64
12.32
10.31
13.83
12
-1.29
11.03
11.65
17.85
17.05
14.1
15.76
22.11
22.15
16.57
11.61
-2.88
13.86
12.57
19.44
16.94
4.44
6.05
9.93
16.89
14.61
6.5
10.93
10.29
13.16
18.8
19.26
19.02
17.66
20.24
20.62
7.94
14.48
14.54
19.85
20.27
15.98
20.32
21.01
15.13
7.54
11.05
5.67
17.47
15.65
8.99
18.6
20.95
19.23
22.56
24.64
19.69
14.51
20.71
23.1
17.35
12.59
16.39
17.61
8.1
-3.88
7.18
9.08
12.66
17.14
21.21
21.44
19.73
10.59
18.28
16.53
15.32
14.77
16.12
16.09
10.27
14.36
10.7
15.86
14.09
17.01
19.94
19.19
11.73
10.89
6.89
14.57
14.43
1.42
15.86
12.15
14.13
16.83
16.22
13.27
15.26
21.34
18.36
6.79
20.15
21.13
15.92
3.97
9.12
13.9
17.06
11.87
13.88
16.94
14.8
17.19
16.15
13.14
7.21
6.37
13.87
15.16
5.99
1.32
6.6
-16.08
13.7
15.64
13.44
16.61
20.48
18.03
15.44
17.25
17.18
10
9.18
7.83
4.09
6.37
15.97
17.51
5.76
13.58
13.13
5.98
0.24
-1.31
3.11
15.03
15.81
4.1
-0.82
16.68
5.12
4.53
15.73
18.79
18.15
15.33
13.32
19.3
21.54
21.24
19.76
19.1
19.1
15.43
1.39
8.09
15.33
18.1
14.77
15.55
15.02
15.12
16.21
21.33
24.63
21.89
18.43
21.69
23.43
18.09
12.68
12.82
14.64
18.15
19.08
18.67
14.21
13.39
15.63
17.49
14.15
2.76
8.72
9.26
17.68
17.21
8.76
5.05
16.87
19.17
12.87
12.03
17.26
19.74
18.14
11.2
12.13
8.23
12.57
15.16
10.49
-1.46
1.7
10.6
17.95
18.39
16.24
14.28
13.08
13.86
13.85
14.05
15.89
13.14
18.14
18.14
8.67
14.86
19.32
12.65
13.82
18.5
18.88
20.28
20.99
19.91
18.35
7.95
6.04
14.74
16.7
18.83
20.68
16.78
5.5
14.22
9.59
13.84
10.38
12.75
12.51
-7.72
5.94
10.76
12.34
12.22
21.03
21.83
19.24
14.83
15.23
19.01
19.18
18.72
18.11
12.39
13.63
22.81
21.81
19.51
21.94
20.22
14.54
15.73
21.92
22.9
12.54
17.4
16.87
14.21
8.58
-0.25
8.81
15.17
15.41
22.15
20.13
14.45
21.44
17.21
6.76
11.08
16.69
16.15
21.94
25
21.89
15.51
16.87
14.01
20.21
23.31
19.16
17.63
14.58
22.15
24.8
18.26
14.28
13.27
20.01
20.22
15.85
18.58
19.32
18.39
19.36
21.21
19.31
19.12
20.99
21.65
21.02
14.56
17.88
21.17
17.85
5.61
17.59
16.62
16.56
20.39
23.62
24.87
22.57
16.91
16.27
17.71
7.52
13.78
14.7
4.59
18.64
21.67
12.99
14.08
-6.84
10.18
17.28
22.38
16.71
10.94
10.77
17.85
23.02
23.27
19.42
12.14
10.68
12.44
21.7
18.43
9.64
18.96
15
12.43
4.94
14.06
6.15
14.74
17.59
17.42
13.18
11.6
12.91
6.61
13.93
-1.04
21.51
20.27
9.88
17.36
16.16
11.41
-2.56
15.47
12.73
15.81
19.27
9.35
20.06
20.83
21.45
22.3
19.84
16.41
18.61
19.5
9.37
19.35
10.82
15.88
19.24
18.85
18
18.41
20.82
18.57
20.54
15.28
16.04
20.59
17.37
18.5
16.43
-1.64
-0.86
8.76
6.78
16.4
19.67
13.99
7.35
16.16
17.81
16.65
20.88
18.65
21.03
24.14
21.14
11.23
8.49
1.3
15.87
21.44
24.52
20.86
13.87
19.63
19.36
9.62
10.06
4.82
19.5
19.4
12.51
19.63
20.21
9.94
13.75
4
13.91
-0.86
13.88
6.36
18.06
20.89
13.34
0.29
14.99
19.13
15.28
9.19
18.51
24.69
22.37
6.66
12.42
5.82
5.56
12.65
9.81
13.52
19.44
18.45
16.8
18.12
13.11
11.09
12.44
15.7
6.96
21.6
23.89
16.28
11.81
15.17
11.58
5.67
13.84
14.25
7.39
15.38
18.52
17.63
14.34
-5.76
8.29
11.97
12.86
6.63
9.23
9.6
20.77
17.17
14.54
18.83
15.67
15.99
15.39
19.37
15.64
11.38
15.42
4.24
3.49
11.66
20.74
21.79
14.51
8.98
15.32
16.47
15.49
14.18
9.67
19.44
19.54
8.27
18.03
14.22
11.33
15.95
16.87
10.8
4.21
12.36
9.81
7.69
10.77
13.55
18.84
22.02
19.17
11.25
12.1
18.03
15.91
19.81
18.19
12.8
9.25
13.82
12.89
12.16
4.3
11.44
16.01
16.55
18.62
11.82
15.29
20.1
18.05
2.71
8.46
12.61
14.43
12.34
17.84
22.46
22.31
20.7
17.39
15.97
17.87
19.41
19.91
19.25
19
20.03
12.7
4.42
0.87
14.1
19.04
12.84
17.25
19.33
18.52
16.85
13.75
12.26
-7.01
11.67
16.23
17.35
13.81
10.71
12.99
17.83
21.1
16.07
17.73
24.19
23.79
17.22
11.4
17.5
12.47
11.09
16.12
16.18
17.47
16.23
14.7
13.99
8.8
13.84
13.13
11.59
12.79
12.44
16.12
20.14
22.01
23.46
22.31
14.96
12.92
19.36
16.46
10.61
5.91
8.41
-6.32
5.07
10.08
19.22
22.1
18.13
12.84
14.82
12.44
0.33
17.74
21.56
17.63
15.04
14.61
17.74
15.68
9.96
14.59
19.81
18.59
15.37
15.03
10.09
16.32
14.34
-2.21
10.82
13.42
13.11
14.88
18.3
12.66
18.08
21.61
18.96
5.07
16.98
16.68
8.17
11.56
14.15
11.72
5.23
7.62
16.51
20.85
23.36
21.72
15.01
6.98
13.19
9.44
2.31
13.1
13.74
14.24
18.1
16.58
-7.96
14.2
18.29
20.34
19.19
15.8
15.03
17.57
18.19
17.1
8.43
8.8
5.25
9.09
17.08
18.88
17.26
15.32
12.77
10.52
9.66
12.58
12.42
14.47
14.8
7.1
12.31
12.42
7.66
2.07
15.37
10.77
13.97
18.24
16.53
9.46
2.78
9.01
14.12
16.03
14.33
-5.97
5.38
14.86
21.21
21.05
15.86
9.42
2.06
9.97
12.44
6.11
14.3
18.34
21.23
22.09
21.61
18.62
1.8
15.9
17.8
17.4
14.32
6.75
-0.11
16.12
20.91
18.69
1.05
14.91
6.63
9.7
17.7
15.22
13.56
10.24
13.01
16
13.05
12.38
14.02
8.04
17.38
17.77
14.41
15.83
17.65
10.17
11.49
7.89
9.72
13.28
12.29
6.91
5.67
-0.11
-8.24
5.81
0.67
5.06
16.5
15.93
5.41
2.5
4.28
6.92
17.59
19.23
15.53
12.39
15.64
16.38
18.66
20.81
19.73
14.41
12.99
7.28
7.4
4.86
9.1
9.79
-12.6
4.9
11.68
13.05
15.25
13.88
17.27
17.2
10.86
6.52
13.39
11.36
0.03
16.64
21.11
20.02
13.91
4.57
17.79
20.32
17.48
12.18
14.72
12.87
10.44
12.19
13.33
10.25
0.81
15.08
20.6
17.87
10
7.65
5.9
13.07
15.57
14.73
10.55
12.51
16.81
6.88
17.56
17.6
10.13
9.34
9.19
14.43
15.59
12.62
6.54
11.85
10.79
1.79
14.12
14.93
16.32
17.43
18.09
21.54
19.97
16.01
15.04
9.86
14.6
13.72
-2.08
7.13
11.29
9.43
10.25
14.2
13.49
8.58
2.49
13.92
12.52
-17.77
8.32
11.49
10.88
7.86
11.23
1.45
10.14
14.84
10.04
5.32
12.49
12.82
14.81
14.15
6.36
14.36
8.46
-1.32
13.36
19.95
21.74
18.02
16.48
4.93
13.52
14.11
12.19
13.59
1.7
15.61
16.22
10.73
5.06
2.04
8.2
9.61
10.04
11.19
7.94
15.15
19.78
16.94
10.81
8.45
5.43
11.88
15.92
14.99
9.77
13.13
17.46
16.16
10.12
10.35
17.27
6.46
14.17
19.14
19.6
16.63
16.67
18.94
15.45
10.11
9.5
-4.8
16.35
18.97
15.14
16.03
14.93
11.14
2.28
14.74
17.17
15.12
13.4
11.55
15.83
16.64
9.98
13.59
18.1
13.43
8.38
14.55
18.74
17.82
14.21
16.56
18.91
13.29
4.19
9.28
10.23
4.66
9.64
15.52
14.64
16.72
16.85
15.92
18.37
19.44
17.42
13.53
11.66
-2.72
9.57
14.52
17.78
18.94
16.42
11.58
-5.92
14.81
14.4
-2.69
8.55
10.36
14.7
16.32
9.41
11
16.13
17.61
15.14
4
13.94
17.97
16.12
8.15
0.11
8.99
9.71
2.63
5.93
12.05
14.63
16.16
19.75
14.88
11.13
14.92
14.33
15.13
14.42
5.63
6.58
9.84
14.44
16.58
15.74
15.34
13.97
7.48
12.32
12.99
4.65
-4.1
10.99
13.78
3.97
9.53
9.04
16.13
20.71
18.12
14.63
16.05
12.35
-3.4
3.69
7.39
12.71
16.87
18.19
21.66
21.17
17.53
13.14
17.1
19.48
15.89
4.7
14.03
17.1
15.89
17.94
18.2
18.06
17.38
15.1
12.24
12.34
10.46
15.55
15.25
9.63
8.53
14.72
16.46
15.01
11.95
8.91
11.49
12.32
9.37
-3.5
6.8
10.65
7.79
8.86
11.45
3.32
1.36
14.1
12.89
6.35
6.08
14.86
11.59
8.51
11.88
11.39
18.12
20.23
17.57
14.52
13.35
14
15.48
13.38
4.56
4.08
1.97
8.98
11.8
15.33
9.04
6.92
-8.11
11.03
12.94
18.54
17.69
13.83
12.22
14.18
13.34
15.13
13.24
6.95
16.43
19.35
20.95
20.85
18.88
17.6
18.16
18.17
10.53
-2.37
11.25
15.47
14.95
11.89
10.21
12.95
16.06
17.39
15.17
14.07
13.33
4.98
11.72
13.22
15.5
17.82
16.4
8.37
12.7
9.44
12.54
9.74
11.86
4.34
3.99
7.64
6
13.72
16.51
16.05
13.32
14.5
17.09
15.81
10.53
10.77
15.46
16.84
12.32
1.49
13.8
15.34
12.5
15.93
17.48
15.38
10.61
8.39
16.24
16.93
16.5
15.7
14.92
10.64
3.48
7.4
3.93
11.61
14.63
17.52
17.85
17.13
14
9.73
15.8
15.75
13.64
9.45
-10.96
12.71
13.42
12.26
17.75
20.29
15.65
-6.81
-15.31
-4.76
-5.82
9.46
13.32
15.44
15.34
17.09
18.39
17.64
13.08
11.96
18.54
20.23
18.47
18.79
18.52
17.14
16.21
7.03
15.38
18.41
14.65
14.26
19
18.94
8.06
8.71
-0.91
3.84
10.88
10.12
4.37
6.09
7.75
9.01
14.16
17.16
19.01
20.41
19.32
15.71
12.44
10.68
8.74
5.87
3.26
-6.28
5.78
8.56
7.83
13.34
19.31
19.12
14.35
8.04
3.43
11.12
13.76
11.42
1.04
13.75
15.67
18.2
21.33
22.15
23.37
23.12
21.78
19.78
13.98
7.46
13.8
12.93
8.85
1.23
15.12
12.38
4.94
10.06
6.37
16.1
15.47
13.06
9.07
4.15
3.66
12.12
12.19
10.91
9.37
-0.02
8.57
3.99
11.92
13.14
13.55
14.64
11.72
13.53
16.39
13.87
8.68
9.37
2.09
10.09
14.12
16.38
18.24
12.94
3.74
15.77
17.12
15.88
12.79
14.36
15.96
11.22
0.12
11.62
12.97
8.84
13.94
13.07
12.21
14.77
7.18
13.22
18.12
16.03
10.24
2.82
0.36
9.99
2
7.92
13.99
15.81
12.96
12.83
13.96
15.24
14.18
8.44
11.78
11.53
5.55
2.15
1.82
2.63
-3.92
10.1
12.28
15.95
12.74
4.96
13.71
12.87
13.74
11.43
11.67
12.5
10.98
14.64
16.75
16.39
15.2
14.47
14.33
12.7
10.98
-3.37
5.58
9.09
13.28
5.55
10.23
16.06
16.79
15.99
8.52
3.95
8.04
14.84
15.83
12.77
11.9
17.35
19.9
17.24
8.82
10.1
7.14
10.41
12.35
15.28
16.93
15.99
12.96
10.4
13.02
16.78
11.81
10.11
15.32
16.75
11.34
13.11
16.67
8.98
10.01
5
3.73
10.57
16.26
16.29
12.98
9.9
11.2
11.65
12.02
15.07
16.2
13.12
11.43
16.16
13.85
12.4
16.64
16.69
18.31
19.71
18.19
17.25
18.61
18.27
15.01
9.9
7.13
11.68
11.3
7.62
7.86
8.45
9.74
14.71
15.49
15.77
16.84
15.84
7.2
-0.32
5.23
10.28
5.69
4.84
4.41
6.92
14.62
14.4
4.2
5.88
7.59
6.68
-13.46
0.91
6.28
12.96
13.2
11.24
13.89
15.62
18.63
21.88
21.13
16.5
6.84
15.88
18.45
15.8
15.15
15.21
11.94
4.86
-11.99
1.73
9.58
14.08
13.72
13.33
17
12.3
-12.23
5.94
6.67
6.47
3.41
8.02
10.4
11.86
12.68
15.97
18.23
16.74
13.49
11.47
14.04
13.46
10.53
8.54
11.45
17.01
19.85
21.07
19.22
8.73
20.64
20.23
16.4
11.06
5.24
7.89
14.39
14.75
13.79
15.09
13.22
8.81
13.4
17.72
19.12
18.34
17.04
14.96
10.97
8.41
11.08
6.55
5.84
5.7
14.33
14.78
13.67
19.26
17.76
12.08
12.67
13.34
8.09
15.68
20.25
17.64
7.64
16.98
20.21
19.85
18.46
12.15
9.73
18.31
20.19
15.84
12.16
11.8
15.53
15.21
2.99
4.23
11.51
13.94
11.35
8.39
16.12
17.24
12.87
15.39
13.69
10.29
8.96
11.63
15.11
17.5
18.92
17.15
11.8
13.47
16.01
17.12
15.85
8.97
15.03
18.37
20.93
21.97
21.11
17.21
10.77
10.4
11.9
5.33
8.59
11.8
15.13
11.06
0.78
12.22
16.33
11.14
6.45
3.56
4.15
11.92
18.52
22.65
21.81
17.9
15.15
13.4
13.01
12.5
15.53
8.49
11.12
17.93
16.95
1.9
18.86
19.75
14.72
12
13.98
12.54
2.1
6.69
13.25
13.97
13.03
13.77
14.05
19.63
20.29
17.61
4.52
8.25
3.82
3.43
8.67
5.02
12.52
14.62
14.82
11.34
4.54
13.92
14.13
12.86
10.03
12.66
10.27
10.98
14.28
15.15
13.36
13.27
15.22
13.52
5.66
13.69
11.76
9.19
13.18
13.27
14.36
14.33
6.29
2.76
-32.15
11.27
14.4
8.73
14.82
16.43
11.82
9.32
15.15
16.45
14.92
11.52
13.06
11.57
5.5
0.05
10.06
5.92
8.77
1.53
7.9
10.28
12.11
14.79
15.64
15.83
8.46
9.36
1.56
9.48
11.51
14.38
13.12
10.68
8.2
11.61
12.33
2.26
12.05
9.41
7.73
0.76
4.62
0.16
10.41
14.49
11.06
13.45
14.74
12.77
10.39
10.15
13.66
11.62
5.92
6.87
9.31
13.37
15.06
15.84
17
16.47
12.52
11.41
10.31
9.04
8.99
4.77
13.28
17.32
16.22
13.56
15.4
16.95
17.73
16.22
9.32
7.88
13.31
8.87
12.89
11.96
5.43
-0.95
8.56
13.38
14.48
10.66
11.14
14.45
10.08
9.32
14.89
8.5
13.97
16.22
14.23
6.67
2.95
11.16
9.98
2.36
8.78
14.54
11.84
10.19
11.94
14.61
16.8
13.13
5.73
11.22
13.74
14.77
13.97
11.62
10.16
13.54
16.35
16.12
10.66
6.71
6.87
13.74
17.16
13.2
15.96
17.36
13.51
11.67
7.71
3.46
6.76
11.25
10.25
9.67
2.69
11.98
15.19
11.83
10.79
14.35
13.94
10.59
12.7
14.05
9.5
11.45
13.73
12.54
-1.06
13.24
10.17
8.65
7.34
9.59
13.92
14.92
8.43
10.56
7.56
14.21
15.25
8.72
10.89
12.78
9.56
10.11
15.12
14.4
12.6
4.27
15.26
12.85
11.69
13.31
4.95
10.26
11.71
8.25
3.22
-2.05
14.22
18.4
18.5
14.68
1.53
17.55
19.46
16.03
8.24
4.57
10.41
10.65
8.56
10.33
15.39
15.51
7.43
7.08
-21.28
3.08
-2.06
12.93
14.22
8.21
11.13
16.89
14.66
11.03
5.63
6.75
4.37
12.76
15.22
11.23
8.93
9.87
4.3
15.26
14.8
9.13
11.55
9.03
-7.46
9.42
12.87
8.73
8.22
13.18
16.17
13.94
2.85
3.63
-4.39
11.39
12.9
8.84
4.61
9.78
11.1
11.2
8.58
8.83
-2.28
4.81
4.87
-2.61
1.4
6.97
11.85
9.03
10.1
16.21
13.18
3.57
11.8
14.63
10.91
3.18
5.33
12.9
12.18
14.03
10.4
6.65
-3.76
9.82
16.87
16.48
4.71
6.46
12.08
10.71
2.67
8.77
7.7
4.6
10.51
14.23
14.93
14.23
11.13
11.5
12.97
7.98
10.55
12.33
18.64
17.46
11.41
13.9
14.96
16.68
9.73
13.8
16.04
10.96
11.35
8.33
7.74
15.23
8.88
14.6
15.59
3.93
3.02
2.86
3.98
6.3
12.76
11.42
9.21
11.46
15.78
14.02
10.84
17.71
16.27
9.12
8.77
6.46
10.4
10.91
-4.32
0.26
10.84
13.31
6.64
13.91
5.44
8.66
12.87
16.16
17.49
15.83
11.98
10.92
17.1
17.29
13.07
7.27
12.43
14.83
15.64
15.24
11.57
11.48
14.2
15.02
10.88
9.02
10.68
10.06
11.14
8.54
11.33
17.45
17.96
16.11
10.25
10.24
13.99
12.36
14.27
17.63
16.33
4.66
10.11
9.02
6.88
4.03
3.18
7.8
-3.18
4.72
1.54
5.65
5.07
8.43
11.52
13.12
11.95
-2.76
13.03
14.29
9.37
7.95
6.93
2.04
5.7
4.62
4.48
10.05
13.17
17.01
18.87
17.35
16
16.72
16.12
13.16
13.93
13.94
7.95
-0.79
9.68
10.11
7.22
12.6
12.69
15.67
15.89
12.97
4.03
6.43
11
12.05
7.2
9.68
12.3
11.34
12
14.31
12.46
10.87
14.4
13.4
6.28
3.35
10.62
9.67
12.86
11.53
2.51
4.25
7.39
-1.87
6.7
10.11
13.44
16.88
17.06
13.06
10.1
6.46
9.55
0.8
8.77
13.37
15.65
14.04
11.83
16.23
17.78
17.13
14.86
10.33
-0.77
3.06
7.5
7.48
6.58
8.44
-3.2
10.63
15.16
17.87
17.35
13.73
7.35
13.32
13.52
0.46
15.16
16.41
9.17
12.7
15.41
12.39
12.85
13.41
7.61
12.73
8.46
6.74
2.21
6.65
13.67
17.24
17.47
10.5
9.23
14.14
15.98
18.14
13.15
2.03
14.46
11.64
13.68
19.48
18.16
13.24
6.74
8.58
17.85
16.17
11.4
12.32
7.5
9.47
15.01
16.61
15.76
19.32
21.75
18.18
12.07
8.99
-2.43
12.58
9.4
10.79
5.79
7.1
16.29
15.7
4.62
9.24
13.9
12.18
10.59
11.01
12.79
16.31
14.21
15.52
12.76
11.57
14.49
14.27
10.55
12.16
17.96
19.37
18.55
9.85
13.37
18.48
16.85
9.03
11.26
12.82
6.76
10.96
14.53
14.78
14.09
14.72
17.95
18.83
15.08
-2.47
-0.86
8.71
14.73
14.63
5.24
3.61
9.12
12.68
11.79
-1.15
11.43
16.13
15.67
11.62
10.21
8.28
11.54
12.15
8.75
8.92
15.42
13.49
17.77
15.83
11.05
13.56
13.27
-0.34
14.47
14.2
10.79
13.46
11.83
3.56
5.32
8.52
13.02
14.2
6.18
2.63
4.2
13.71
17.84
19.19
15.17
13.98
16.18
14.03
0.06
13.16
11.36
3.97
8.48
11.68
10.26
5.21
6.4
11.08
9.93
7.91
12.11
10.34
13.98
9.55
12.68
16.33
10.27
6.06
8.9
-2.23
10.42
14.59
13.13
17.99
20.33
18.06
15.08
14.38
12.32
7.07
2.53
10.29
11.09
6.17
15.11
15.5
8.11
10.59
17.74
16.61
7.86
6.02
-3.69
7.34
11.92
14.42
17.01
15.91
4.63
14.53
12.97
12.43
14.23
8.97
7.98
16.15
17.36
15.32
7.63
7.68
10.35
-1.38
5.97
15.75
15.77
8.36
12.64
16.93
11.92
8.05
3.21
10.47
15.25
13.06
13.94
14.25
11.37
-0.85
10.77
13.32
12.51
15.69
16.03
8.56
11.11
10.13
10.74
13.36
13.29
11.57
10.22
4.61
7.4
11.2
14.8
13.34
7.79
9.31
7.86
-11.96
12.59
14.99
13.36
10.68
12.94
8.26
8.61
1.73
8.7
16.18
9.91
7.61
9.44
4.78
8.18
10.61
8.53
12.76
13.03
6.83
6.14
8.1
4.53
3.83
4.42
9.77
11.06
13
11.21
-3.6
10.09
7.44
11.32
-5.49
10.48
5.82
10.74
11.81
12.32
17.16
16.5
15.15
14.49
-8.12
15.94
17.72
18.49
15.48
11.34
12.85
11.13
8.28
12.56
13.93
14.06
16.19
16.93
10.45
5.21
12.15
15.4
16.17
12.58
7.82
2.74
6.26
12.99
15.35
13.41
12.18
8.32
4.92
13.92
14.18
12.27
11.79
11.33
3.87
-8.49
9.47
9.53
3.87
6.9
15.75
16.57
10.93
7.52
13.63
13.7
13.02
10.05
9.65
9.45
12.75
12.41
13.68
8.59
-6.83
-3.03
7.03
6.35
10.4
10.27
11.36
16.81
