-3.59
-3.56
-14.78
3.16
6.62
10.29
7.69
-5.14
8.66
11.51
13.03
13.21
13.45
12.75
15.15
17.56
16.08
10.15
-0.29
8.79
4.78
0.66
4.84
6.96
8.37
13.13
12.26
4.26
-3.58
10.01
12.52
11.29
14.22
9.89
3.48
9.33
10.43
2.2
-10.48
6.22
8.82
9.46
13.45
11.97
3.2
5.56
14.19
17.4
16.38
8.34
10.15
14.16
6.06
7.53
12.51
14.34
13.88
-7.71
9.62
6.36
5.02
14.59
15.98
13.67
10.59
9.87
13.56
13.96
14.25
16.36
12.32
8.49
9.27
11.23
10.3
-1.1
8.54
14.8
16.11
6.83
11.22
13.27
13.5
12.86
11.51
8.25
-0.49
3.65
9.29
8.79
9.31
10.51
11.13
-0.33
4.03
6.75
16.35
16.02
11.73
6.86
-3.24
-4.38
5.12
13.86
15.09
11.42
1.39
-13.42
-3.04
2.45
5.15
10.07
14.24
16.66
14.53
10.55
6.09
9.77
11.54
13.69
11.15
2.28
11.71
9.98
6.41
1.44
-6.29
6.71
5.48
-4.99
0.36
-4.63
2.64
7.78
2.59
5.87
13.04
12.41
6.61
9.1
10.32
11.81
12.64
10.96
6.91
6.93
9.4
12.5
14.16
12.75
11.19
13.32
12.88
1.9
10.46
12.57
12.21
9.84
11.58
10.84
7.62
13
9.53
7.7
5.48
0.51
-12.54
6.4
4.25
5.46
8.24
7.48
11.29
14.3
10.76
10.83
13.88
15.91
15.81
12.61
6.26
6.43
7.88
4.08
-4.51
2.85
4.81
7.43
7.95
8.75
10.89
1.53
10.02
7.24
4.03
5.83
6.73
12.97
15.65
16.25
16.14
15.47
13.66
-1.92
9.42
9.34
8.38
7.62
11.77
8.18
10.14
3.98
9.14
5.79
9.03
12.69
12.4
11.81
12.1
9.83
1.69
1.01
7.88
13.7
13.74
-6.75
12.1
16.25
15.15
12.32
10.41
8.25
7.81
5.88
-1.57
7.26
4.35
-11.62
10.89
14.31
9.52
12.11
14.29
10.85
5.11
7.57
3.43
3.7
10.99
12.21
10.12
11.48
14.49
16.82
14.73
10.69
10.09
11.36
13.84
14.49
11.48
8.85
10.52
14.1
12.9
-0.44
4.91
-3.62
0.44
-9.34
-0.92
2.71
12.87
13.19
5.87
10.72
10.12
3.03
10.56
-4.07
12.51
12.47
2.66
3.32
8.2
10.91
12.15
11.48
8.07
5.42
0.09
-31.01
-2.48
1.52
-3.14
11.23
14.42
13.05
7.16
7.93
12.61
11.22
7.75
8.03
9.18
2.67
6.89
5.38
6.6
7.53
11.23
13.26
11.14
6.85
4
4.51
10.28
9.79
13.48
15.55
13
7.36
14.15
13.5
7.81
0.6
4.33
4.09
0.61
6.87
10.6
14.43
12.15
13.42
14.17
14.45
15.03
14.33
12.96
11.68
5.53
-25.16
-0.55
9.22
13.89
11.83
9.78
4.42
8.13
14.93
9.8
8.59
17.12
18.9
16.6
8.57
-10.03
9.56
13.36
4.65
7.59
8
-2.54
5.97
13.21
10.2
8.64
12.14
15.62
13.77
12.54
7.69
-11.75
2.52
12.85
13.24
4.89
9.22
11.25
6.98
8.65
7.4
-6.83
4.35
12.56
15.68
15.25
15.11
17.52
15.59
9.83
7.72
5.98
0.24
3.47
8.66
8.45
3.84
4.03
8.02
8.68
9.93
8.29
-1.41
11.71
9.29
6.96
-8.89
-2.11
-3.97
9.81
10.96
9.49
11.49
11.24
9.81
7.43
0.76
9.69
6.38
7.04
9.92
6.42
0.07
10.16
10.41
10.39
13.12
14.72
12.39
6.22
3.93
5.56
9.97
11.01
9.54
13.07
15
11.77
7.55
5.67
8.12
12.2
9
4.47
13.53
13.83
6.25
1.92
-1.87
10.49
8.97
4.04
15.52
16.71
15.18
12.99
10.74
12.35
12.32
8.67
0.94
7.64
9.63
7.13
4.96
8.56
-2.22
12.75
15.37
11.33
7.67
7.27
-0.72
5.71
9.71
6.88
8.01
13.31
6.74
3.97
-1
12.65
14.16
13.01
7.48
10.67
15.58
10.22
8.24
13.42
14.18
11.97
13.08
13.21
9.01
4.83
2.98
1.58
-4.99
0.56
10.77
15.8
14.33
10.64
-17.85
9.17
10.64
0.98
10.65
14.19
3.06
6.76
2.77
1.95
11.53
11.19
11.94
15.24
13.14
12.24
9.17
-4.79
10.01
15.65
14.27
10.86
9.95
10.09
9.76
10.96
14.91
16.05
13.45
12.87
15.6
15.2
14.96
14.08
14.08
16.4
14.34
9.64
10.62
8.37
8.95
3.46
-4.71
-2.01
10.33
11.01
3.83
4.86
11.18
10.78
11.59
11.41
2.81
1.96
6.13
0.95
6.36
8
8.2
5.87
12.34
11.59
-3.74
-6.39
-2
6.32
12.94
13.24
7.57
-2.35
-4.68
4.05
9.7
7.4
9.01
9.21
9.36
5.07
-9.97
-3.97
1.39
9.9
11.34
11.46
11.79
10.73
9.96
3.43
6.78
9.55
-0.69
8.39
14.42
17.11
17.54
15.44
10.7
12.13
-2.76
7.35
5.59
14.5
17.4
16.7
4.78
12.07
15.38
14.73
10.66
5.04
0.15
6.56
8.37
4.87
14.71
16.6
11.79
-8.7
3.7
2.17
-1.77
3.48
12.1
13.92
8.5
7.74
11.4
7.83
5.62
14.38
12.48
6.34
9.59
7.69
7.49
5.21
13.82
11.46
6.39
14.62
14.12
10.33
11.25
8.78
-0.91
9.68
9.59
6.16
2.16
6.29
6.55
11.49
15.16
10.07
7.04
13.22
9.19
11.24
14.85
16.93
17.72
15.37
15.03
16.63
15.76
12.66
12.05
12.65
11.94
11.36
13.23
13.85
10.4
2.62
-0.5
5.16
12.68
15.93
12.25
7.73
6.89
3.43
7.56
6.33
-8.6
12.78
13.43
4.22
-1.82
3.96
7.89
8.59
8.53
12.3
9.49
2.41
5.6
6.49
7.73
5.36
8.7
13.95
14.44
12.74
11.22
12.46
9.13
7.16
16.45
15.75
0.08
10.68
12.97
5.97
7.02
11.22
5.96
12.01
9.35
4.43
9.75
6.97
0.11
-0.1
5.96
11.47
14.38
12.54
2.64
9.37
11.3
11.48
13.52
11.1
3.87
8.12
11.58
9.51
5.65
10.16
15.73
16.85
15.06
8.26
7.75
7.6
-4.07
-13.07
7.01
14.09
12.45
0.64
14.37
14.61
12.35
12.92
8.7
8.48
4.95
6.19
7.65
12.91
14.83
12.46
10.39
8.78
5.53
10.95
9.73
4.53
7.04
12.59
12.25
5.81
4.62
6.09
6.27
9.39
1.62
4.71
3.69
5.58
4.89
9.48
10.35
5.85
4.87
6.49
7.85
7.3
12
13.8
6.39
-0.58
7.85
13.47
19.31
19.47
19.76
21.83
19.36
7.88
20.43
22.51
24.71
23.14
22.81
26.07
23.74
13.48
3.95
2.38
12.59
18.06
21.27
24.72
28.76
27.86
20.78
7.95
10.35
19.62
18.13
20.27
13.43
11.1
10.6
19.02
21.11
20
20.45
19.11
11.8
25.43
27.69
25.88
22.12
22.56
22.98
19.26
15.08
15.57
22.04
24.35
28.37
30.12
27.18
23.53
21.73
20.12
20.42
25.42
28.69
19.3
20.14
25.36
22.44
17.05
20.85
22.93
14.22
17.25
13.05
13.01
3.99
21.36
25.55
24.24
18.41
20.51
16.42
7.42
-9.14
18.1
19.88
6.07
17.02
18.51
11.54
20.4
26.73
26.87
23.7
22.29
21.71
19.71
20.34
22.46
24.42
26.55
28.54
25.57
15.1
19.44
18.11
8.08
13.67
18.54
15.37
8.8
16.02
22.76
26.29
27.31
22.07
16.54
21.04
20.35
19.75
22.42
21.57
10.36
15.66
18.38
19.31
25.22
25.46
20.52
17.03
13.39
22.03
28.2
28.15
20.47
18.84
24.06
21.9
12.57
12.95
19.75
20.11
12.26
18.21
14.83
18.96
14.23
13.51
22.42
21.51
16.71
22.91
22.44
21.1
20.35
19.91
22.29
22.7
12.57
17.93
17.41
19.06
18.72
15.85
18.34
22.99
25.82
27.18
19.37
8.52
17.88
22.5
20.64
16.93
16.39
4.38
1.58
17
10.72
16.19
5.19
22.58
22.89
22.52
19.83
22.18
24.83
21.95
8.62
15.89
12.84
17.29
23.86
23.75
16.72
11.45
23.88
26.48
19.51
11.55
12.24
14.62
20.61
19.63
15.74
5.74
17.07
20.05
12.55
13.54
23.28
21.39
17.36
22.08
22.13
24.37
21.94
17.69
12.59
18.22
15.44
21.67
23.68
18.63
23.02
25.4
28.04
27.26
19.76
20.8
21.38
19.25
16.12
18.44
22.04
20.09
-1.33
17.04
24.3
24.22
15.52
14.37
18.83
17.99
19.33
21.22
21.17
20.94
17.36
16.85
11.99
19.93
23.61
21.14
22.56
18.79
11.85
15.82
15.66
13.15
21.75
24.51
21.55
27.59
25.5
19.81
25.24
25.36
24.29
22.85
29.63
28.25
17.83
25.57
22.65
13.74
16.26
24
24.43
20.89
21.86
20.92
23.9
25.8
22.13
13.72
14.34
14.05
8.36
15.24
5.59
17.94
14.79
20.88
20.74
15.08
15.29
3.83
22.96
26.42
23.85
20.44
25.67
27.77
24.28
26.16
28.9
28.71
25.92
22.74
21.42
13.19
17.76
22.36
20.7
16.68
18.72
17.56
26.27
26.79
25.34
18.54
15.93
18.57
22.04
18.93
20.61
21.02
18.93
17.2
18.41
18.05
12.42
13.09
15.11
14.97
22.16
21.94
17.5
17.53
19.27
18.15
1.99
18.81
21.63
16.89
11.17
19.69
21.11
16.54
-3.71
17.04
17.58
18.13
21.14
14.58
16.86
21.59
15.58
16.7
22.75
24.25
21.39
18.85
20.67
20.05
14.89
15.64
19.52
15.12
7.07
17.55
17.66
17.32
11.87
6.74
8.56
7.76
13.54
15.05
12.09
11.08
8.51
-0.53
10.51
15.14
12.56
14.41
15.01
8.57
9.79
14.02
11.12
8.15
11.37
15.47
15
8.21
3.91
8.6
14.12
14.77
13.8
15.13
11.13
11.57
14.63
17.05
10.12
14.73
11.12
15.53
18.06
16.88
18.74
14.26
-0.51
5.45
14.34
18.71
19.2
3.73
7.89
12.16
20.22
21.33
17.54
24.73
22.64
21.69
24.63
20.47
5.04
11.37
13.71
19.41
19.56
18.38
8.69
18.2
10.81
15.83
18.95
10.54
18.31
20.7
22.88
19.2
17.42
15.93
15.01
14.71
11.86
14.35
13.05
-0.04
12.27
17.07
20.52
20.51
13.64
13.04
14.24
18.78
15.48
11.35
14.51
11.75
18.87
-6.16
6.09
12.45
10.12
11.56
11.4
-10.81
10.3
18.35
16.56
12.87
14.68
16.98
19.9
20.6
19.78
20.18
14.43
5.46
15.17
14.96
22.52
22.31
14.89
14.21
13.61
16.34
16.9
17.39
22.02
23.74
21.84
18.52
13.72
7.3
8.85
9.44
19.64
20.07
15.81
19.45
24.11
26.49
24.31
18.27
16.19
10.61
4.41
6.59
15.13
18.7
15.79
14.49
14.47
17.74
10.77
16.25
18.45
22.13
19.03
13.76
14.58
17.14
20.49
20.56
20.72
5.04
19.89
20.63
17.71
15.76
9.88
16.94
20.87
22.89
24.08
21.09
17.22
15.14
14.78
17.16
11.94
22.3
27.1
24.91
20.65
14.05
19.73
18.95
16.95
19.05
16.65
11.2
19.2
20.33
21.66
21.68
26.65
27.14
27.59
28.2
20.36
18.62
20.24
16.54
16.01
9.22
7.38
5.43
8.81
12.54
11.35
18.79
15.8
13.29
20.86
22.08
17.97
16.01
20.17
22.45
22.36
23.94
20.37
8.71
14.26
10.12
19.09
19.94
16.98
21.06
21.97
18.21
4.11
19.61
25.54
25.78
25.41
23.15
21.12
13.53
15.83
24.41
27.18
26.86
24.83
20.03
24.21
18.93
1.8
13.59
17.47
20.15
17.94
18.09
19.92
16.17
25.23
25.55
19.1
8.72
14.21
22.48
24.76
23.74
26.21
26.06
19.04
17.77
14.34
15.54
12.53
15.44
22.61
22.6
17.49
1.94
15.78
17.27
-6.91
12.15
15.19
19.45
23.76
23.25
16.93
20.52
22.42
27.13
28.42
25.24
16.52
14.73
19.75
21.09
26.01
29.02
27.8
21.15
16.85
17.45
13.99
16.73
20.74
16.79
20.13
24.84
19.78
13.04
19.24
20.99
19.52
11.29
14.54
18.02
16.55
19.26
20.67
25.44
25.26
18.37
20.72
20.42
20.42
17.58
23
27.08
26.84
23.74
21.39
20.58
17.74
-4.64
16.57
12.92
17.98
23.76
23.81
15.87
16.43
20.12
21.2
19.31
18.1
18.94
23.06
22.96
19.24
12.11
11.43
16.06
14.67
12.53
17.78
20.07
18.07
19.89
18.41
19.77
19.54
9.42
22.04
23.46
21.45
16.18
16.2
22.18
20.91
14.82
16.5
18.05
24
22.16
18.24
22.61
23.11
18.46
0.78
17.83
16.88
14.69
13.8
5.62
12.33
9.57
7.97
18.45
16.98
16.34
21.67
20.21
16.32
12.57
16.73
13.15
14.33
18.35
18.65
17.66
17.51
3.35
19.31
20.95
15.07
14.07
14.29
6.77
12.61
14.7
14.54
16.68
20.44
25.45
25.38
17.27
19.03
22.5
18.45
9.05
19.37
15.42
13.53
8.81
7.46
18.93
23.14
20.26
8.29
4.66
10.99
-0.66
11.63
20.06
22.09
23.42
20.58
6.23
3.46
13.47
16.33
20.8
21.41
14.42
18.04
8.86
18.17
16.3
11.99
16.69
13.46
11.52
9.57
13.65
18.43
18.84
22.15
23.94
16.39
12.37
15.79
11.54
20.13
22.04
17.82
15.6
17.92
20.8
19.95
16.12
15.46
22.26
23.54
15.97
7.06
20.12
23.75
15.05
17.58
21.3
22.6
18.56
25.89
25.35
26.11
28.92
26.88
25.12
24.78
25.11
24.73
16.15
19.62
23.15
24.53
25.99
24.07
23.9
26.6
24.67
12.18
15.39
9.75
15.09
19.27
14.53
19.77
23.22
26.38
27.33
27.9
27.27
24.43
19.62
17.43
17.41
22.61
19.47
18.67
19.49
4.73
11.94
13.24
18.76
20.66
12.44
20.53
20.44
18.87
25.32
22.74
12.68
6.07
11
14.11
16.5
10.48
18.46
24.26
17.74
19.19
25.18
23.18
17.03
6.59
7.41
16.45
19.65
11.03
16.93
13.48
4.78
14.41
22.46
21.85
21.96
22.47
21.45
18.9
12.59
22.47
20.09
19.53
25.5
24.95
20.86
17.92
21.02
10.98
21.68
11.08
30.97
31.73
19.28
19.01
21.25
22.53
24.08
18.07
21.79
25.41
21.79
26.68
25.9
22.72
20.21
24.88
19.31
5.11
14.93
12.77
20.56
25.57
23.93
0.61
26.84
31.33
27.89
18.66
0.12
17.51
18.43
9.18
18.86
23.74
22.02
17.53
21.3
23.81
21.18
19.37
18.04
22.29
23.3
18.78
17.46
24.9
39.57
45.27
41.42
21.78
15.06
6.44
8.43
15.25
12.44
19.87
19.69
19
16.85
20.15
23.44
18.01
8.85
17.28
21.79
22.09
19.01
23.05
27.07
28.56
25.12
18.39
13.28
34.12
44.9
45.63
36.4
24.11
24.27
22.17
16.26
21.19
17.99
20.43
22.65
20.1
16.09
21.83
13.85
19.38
20.67
16.91
18.72
14.52
19.57
24.71
29.06
28.69
25.19
24.14
20.3
17.4
18.67
15.37
13.24
16.6
15.95
17.48
-4.45
15.1
2.57
22.12
20.4
-11.99
13.46
17.99
24.8
26.54
20.99
20.94
11.37
20.85
21.13
14.54
14.08
26.47
40.83
44.54
40.52
31.88
27.38
23.86
7.74
17.01
22.84
26.27
25
15.68
33
36.11
31.81
22.75
22.54
22.68
23.07
17.81
8.89
18.96
17.97
21.58
25.63
25.36
23.08
25.85
26.45
31.02
42.18
45.14
38.73
18.36
24.89
21.8
16.77
9.84
3.14
14.95
22.93
19.31
9.08
12.37
21.83
20.13
18.74
18.15
23.14
24.98
24.29
15.76
26.59
27.19
25.28
18.87
16.42
18.83
19.55
17.63
8.03
6
18.16
22.25
19.96
16.25
22.2
20.74
13.78
17.77
24.49
25.01
21.28
24.6
19.01
17.46
23.47
25.51
26.17
18.59
17.26
15.13
38.15
44.62
41.14
28.13
22.01
22.96
17.36
9.98
22.59
27.91
26.11
21.2
11.13
15.06
12.18
16.66
17.95
17.91
16.39
15.53
19.16
18.48
18.33
20.74
24.4
27.36
25.95
22.01
19.41
18.32
23.86
23.1
17.15
18.44
21.75
25.03
18.46
6.77
1.33
11.72
19.68
24.47
24.34
21.64
28
26.3
8.24
22.06
19.43
14.22
14.53
24.23
24.42
24.61
26.7
27.18
23.05
18.93
16.41
15.47
19.79
13.71
16.31
19.78
20.61
0.18
20.7
15.41
27.35
26.72
21.21
23.31
31.76
33.55
27.88
14.11
23.95
28.96
29.61
26.15
20.6
16.01
29.45
34.52
31.95
28.01
31.13
36.01
35.26
22.16
39.37
45.69
43.53
32.38
27
28.22
24.84
18.42
12.97
14.67
19.05
25.65
25.38
27.35
26.35
7.87
20.68
16.21
22.1
23.14
24.78
27.26
23.28
18.53
18.16
19.4
21.78
25.57
25.12
14.05
13.65
23.98
25.33
22.58
25.23
24.65
20.85
21.19
24.02
22.4
1.97
11.49
11.72
21.96
27.02
23.28
21.4
23.75
13.24
10.56
23.55
25.26
18.77
21.78
23.01
23.29
17.29
16.29
20.73
20.6
40.58
49.24
48.35
37.56
8.57
19.88
22.07
27.59
29.3
33.58
46.79
48.71
40.55
19.7
18.59
25.86
28.6
29.67
31.71
30.97
25.43
23.35
25.67
25.06
20.06
18.56
28.35
28.93
22.27
18.91
25.27
22.86
16.21
14.25
26.99
32.82
29.74
19.26
14.56
17.86
20.97
23.54
21.68
18.71
20.37
22.63
25.58
17.46
16.97
24.96
27.13
24.22
23.24
26.24
23.44
15.45
23.89
16.88
23.24
21.09
21.98
15.82
20.64
18.2
28.92
32.87
31.77
23.93
25.92
20.3
22.16
17.7
20.11
21.6
15.36
19.21
24.77
25.91
23.06
16.82
20.33
26.25
23.43
16.82
20.2
23.65
21.99
13.34
16.37
13.08
4.86
11.24
24.22
25.37
24.03
26.19
26.72
27.41
20.3
14.87
8.71
22.88
29.89
31.22
30.98
25.93
26.03
23.27
27.08
21.46
6.26
22.05
22.77
19.76
25.51
31.79
35.04
32.26
20.48
15.91
31.21
32.17
29.01
24.34
8.61
15.94
20.02
18.39
9.26
5.4
21.58
19.96
13.56
27.91
29.56
22.42
13.09
7.65
-2.74
8.61
25.14
28.85
23.97
13.09
22.36
28.2
27.38
14.29
23.31
22.22
20.38
22.05
24.1
11.56
18.26
24.41
21.29
17.84
24.7
15.14
24.82
23.32
18.37
13.95
27.92
27.59
22.25
25.7
23.98
25.18
27.95
28.79
22.28
13.4
14.64
21.16
19.69
17.7
23.65
24.59
18.39
19.39
22.49
21.41
25.59
18.35
19.71
17.79
20.44
21.25
-5.9
17.95
20.81
25.36
26.67
24.95
22.78
16.87
12.43
12.16
20.58
26.66
27.03
27.03
26.95
20.74
19.69
27.32
27.84
22.57
18.51
23.44
19.24
14.07
22.32
20.5
23.07
27.83
26.74
20.46
6.94
13.74
18.96
21.34
18.05
14.63
13.32
18.52
10.44
16.47
12.93
13.94
22.81
27.04
25.47
15.69
16.3
12.53
5.01
17.65
25.69
25.82
22.2
22.5
24.3
19.51
20.07
25.75
19.2
11.08
17.33
25.92
23.87
6.68
22.21
27.2
26.61
21.91
25.93
24.28
6.6
20.32
12.9
20.59
16.75
11
16.68
22.63
17.87
23.9
28.41
24.86
22.93
25.43
24.78
17.6
9.67
10.96
1.37
16.52
23.18
23.19
16.4
11.98
19.47
19.67
10.45
22.7
18.03
5.03
18.47
25.1
20.17
19.06
26.14
24.8
17.54
7.83
0.05
21.23
19.28
19.53
13.82
23.82
28.08
24.99
19.85
18.52
13.29
5.69
25.01
17.66
23.8
24.8
23.94
30.02
30.08
23.55
23.43
25.02
21.3
28.13
28.93
15.22
30.95
30.36
7.55
28.42
31.08
29.67
30.78
27.68
13.37
24.89
22.77
26
30.04
21.88
29.01
30.37
24.95
32.37
32.55
22.19
29.86
31.35
23.01
26.41
27.81
21.52
31.13
30.05
27.97
29.94
29.98
27.27
28.09
25.95
26.85
30.06
24.71
19.83
17.49
25.39
26.53
27.47
20.15
23.02
27.17
27.93
23.32
22.17
22.63
16.96
22.24
21.16
19.67
22.6
22.49
29.36
29.71
27.13
26.56
28.4
22.24
23.78
24.32
17.54
32.64
37.87
28.87
30.57
30.3
24.02
16.98
21.91
22.17
26.94
28.74
27.86
21.65
20.61
19.03
16.46
23.09
22.16
29.68
26.82
12.76
26.54
29.59
28.53
24.44
25.38
23.35
22.13
8.08
25.21
24.25
27.32
30.28
29.64
27.81
28.35
28.86
23.14
21.74
21.76
14.9
20.65
24.29
20.32
28.59
27.26
21.35
24.41
19.92
21.08
24.91
26.95
26.73
18.81
19.48
21.83
19.19
15.42
18.14
22.8
24.45
24.97
26.32
30.37
29.95
25.46
10.01
24.51
25.52
23
23.09
27.42
28.67
21.54
8.51
24.59
27.01
23.24
15.58
24.6
25.95
21.58
24.05
26.01
19.2
18.83
27.49
30.1
29.55
31.19
30.43
29.52
25.5
15.81
18.16
22.66
23.77
22.04
19.77
21.68
24.24
28.62
29.22
26.09
19.24
4.78
12.94
23.14
24.56
17.88
20.95
22.96
15.52
23.06
23.68
18.25
8.79
13.13
0.7
22.8
27.21
24.1
4.42
22.63
16.63
20.81
28.36
31.74
29.66
20.35
17.34
23.11
20.64
20.09
23.38
21.64
23.04
13.07
22.09
26.95
24.3
22.76
22.91
24.12
25.72
25.57
24.34
19.04
16.98
21.49
23.09
22.16
19.57
20.66
22.21
22.26
21.58
13.47
17.62
22.09
21.89
9.03
16.26
13.94
14
25.97
28.79
23.99
20.54
18.61
14.08
16.6
19.31
14.68
20.46
12.24
10.05
17.08
13.13
15.66
17.89
23.84
26.89
25.55
20.82
22.95
27
26.54
23.05
20.21
9.7
19.52
15.16
21.07
20.92
23.35
24.47
21.38
22.55
24.52
20.4
14.35
-9.72
22.01
25.01
24.15
24.46
22.96
19.35
19
18.9
13.67
20.79
21.18
15.06
15.69
13.11
19.37
22.42
20.23
16.92
8.96
6.88
7.81
15.37
14.37
11.34
16.06
24.36
23.96
12.12
21.4
23.48
23.21
23.13
24.25
22.42
23.94
26.89
22.67
12.23
20.53
19.6
15.37
25.77
26.32
21.76
21.12
22.77
20.95
12.44
6.12
13.2
18.83
16.72
24.04
24.26
23.16
22.04
19.19
16.08
15.72
22.07
24.4
23.18
19.9
9.06
23.15
24.54
22.57
14.67
11.2
12.44
13.37
17.47
16.3
13.37
24.37
25.93
22.93
15.91
20.27
19.38
17.62
15.37
20.07
23.22
10.87
25.45
25.69
7.43
22.79
25.5
22.69
12.64
16.96
14.79
20.47
23.27
22.9
16.85
16.9
15.1
12.03
16.51
12.01
12.52
3.08
18.67
16.22
16.47
20.98
24.81
24.81
20.61
10.33
15.8
11.36
15.03
15.1
18.07
17.13
19.61
23.82
22.94
20.48
22.47
19.97
17.95
24.7
26.87
21.83
13.83
5.14
15.19
16.49
20.47
23.81
18.85
13.63
16.54
-0.97
18.16
25.84
25.22
17.12
-2.18
13.7
17.11
10.74
23.05
23.38
17.76
18.28
20.85
14.49
16.98
21.23
19.22
13.45
7.95
4.98
16.83
18.75
21.41
19.65
25.25
29.77
26.51
23.18
19.13
15.93
18.21
11.21
15.64
23.22
24.77
24.49
22.72
12.46
11.98
15.84
24.41
24.52
13.94
21.26
21.93
23.93
22.27
17.66
20.35
17.84
16.67
18.97
18.69
25.51
21.4
24.26
24.21
17.36
18.76
16.34
18.77
8.5
9.5
11.93
17.39
18.36
6.61
19.28
16.81
18.19
25.09
23.18
10.5
22.78
24.23
26.82
25.86
20.81
11.87
21.88
28.93
26.77
16.49
11.3
21.09
24.72
22.78
9.28
22.3
21.4
18.55
15.25
19.55
26.88
26.11
20.82
10.79
19.08
21.75
23.87
26.48
20.76
12.28
24.56
23.31
16.53
9.72
21.1
25.81
23.18
19.05
18.77
16.98
11.5
14.7
18.23
10.45
21.67
24.15
20.83
12.11
24.14
21.81
14.89
18.09
30.35
35.77
32.74
22.56
16.38
22.01
20.64
6.69
1.81
16.98
22.2
23.39
17.76
16.78
22.52
19.86
10.96
18.17
19.95
20.33
24.17
20.28
17.66
23.11
13.61
18.07
20.2
18.99
8.65
18.97
10.24
18.5
23.16
21.06
17
19.26
18.99
2.12
14.06
18.22
23.23
21.7
14.88
16.54
19.13
14.41
22.44
27.38
26.52
21.13
20.64
24.75
27.2
27.76
23.81
14.87
17.55
22.33
22.07
24.73
24.52
16.84
18.99
5.25
27.63
29.78
24.6
10.49
19.3
22.91
27
22.94
13.62
22.75
22.89
17.4
18.36
25.77
24.09
18.91
14.56
20.69
26.13
22.85
17.6
24.48
21.44
5.55
14.55
13.46
8.31
13.97
19.63
15.91
24.06
25.81
21.54
25.39
21.69
20.81
27.99
26.76
21.67
23.44
20.28
18.31
25.62
29.57
27.6
16.17
23.54
21.19
23.19
24.85
14.27
12.82
18.08
15.46
17.32
18.58
9.94
18.87
19.32
15.96
21.79
23.74
20.98
19.51
17.34
19.21
17.43
18
18.83
21.75
23.1
18.92
17.79
22.73
22.31
21.89
20.08
13.86
23.33
24.18
24.08
23.18
11.89
23.4
21.71
14.7
15.13
22.5
22.57
16.1
6.55
7.48
12.62
17.86
15.55
12.74
17.66
20.52
19.66
18.22
15.28
16.47
16.02
9.78
15.87
18.83
18.22
15.25
12.81
18.78
13.53
17.55
21.91
24.47
23.35
21.2
20.36
20.7
22.24
18.23
17.9
12.83
18.46
22.67
20.26
20.03
16.54
14.44
12.28
18.39
17.42
10.25
25.09
27.74
21.81
10.81
14.25
3.02
0.84
20.55
23.24
20.23
8.27
17.43
21.06
18.25
12.38
16.84
19.74
16.36
12.54
10.42
7.72
12.18
18.23
16.31
17.08
19.73
18.17
23.79
24.55
20.09
18.41
20.05
21.36
23.39
21.77
16.08
10.02
16.19
21.16
18.37
18.06
20.23
22.53
21.39
15.43
4.73
14.78
19.05
17.06
15.72
19.52
20.9
19.49
16.8
18.56
16.83
10.03
17.3
17.72
15.19
16.14
15.45
8.45
12.18
13.63
7.24
10.34
3.18
11.35
16.67
13.92
7.53
10.66
4.74
6.02
13.77
16.35
14.25
-4.6
13.79
13.9
13.56
14.65
14.06
16.78
18.17
11.01
11.94
15.31
17.58
22.06
21.53
15.47
13.46
18.08
19.96
15.56
13.18
15.92
16.58
14.19
10.69
11.78
13.06
16.94
16.93
9.85
11.06
10.88
12.69
9.75
17.79
18.4
18.06
19.61
19.04
13.99
13.23
20.29
20.92
19.5
15.97
9.18
14.62
12.71
13.09
14.36
17.41
16.25
10.64
15.43
15.15
16.82
16.2
12.82
5.31
13.47
11.32
8.58
13.87
13.7
9.31
16.22
18.87
18.95
15.36
11.92
15.39
10.57
4.68
12.14
14.64
12.44
11.71
16.38
15.67
9.08
14.73
15.75
11.44
13.68
15.62
13.29
5.83
2.51
2.13
4.99
8.47
9.07
-1.29
9.11
10.18
17.65
20.05
21.68
21.09
18.36
17.96
20.05
18.3
14.49
14.97
15.14
9.65
9.29
17.71
20.41
21.22
20.22
13.5
5.17
10.28
11.44
13.83
14.79
4.27
2
1.14
5.62
16.36
16.29
17.56
14.27
14.53
14.77
18.57
17.61
14.55
11.71
11.05
11.29
5.91
2.41
14.99
18.22
16.08
8.07
8.23
19.22
20.17
13.63
14.83
18.77
16.17
13.47
16.96
15.54
15.11
10.65
-1.71
4.17
14.56
17.03
18.11
16.99
17.68
9.88
4.97
11.31
17.39
19.49
17.91
14.22
16.33
16.49
14.67
17.29
20.81
16.32
14.19
21.89
18.42
13.26
20.8
16.13
4.21
8.52
13.99
15.01
14.83
15.98
5.09
13.01
13.96
13.48
18.04
21.04
18.28
10.13
4.38
12.28
8.12
15.27
20.85
21.31
16.84
14.12
17.7
20.05
13.76
-7.25
13.74
21.37
21.16
18.74
17.68
9.84
7.57
14.42
17.2
14.79
18.14
9.31
8
8.62
14.57
15.21
16.48
16.82
14.26
12.78
15.31
14.15
4.79
13.58
5.31
14.65
16.89
13.79
8.22
2.21
7.62
8.77
13.54
7.05
16.78
17.07
12.57
16.28
12.47
19.06
23.24
20.74
15.99
19.99
20.72
16.02
16.89
19.17
13.07
8.99
14.14
16.79
12.22
10.67
17.72
17.87
7.46
12.19
20.04
22.42
20.22
18.53
19.38
17.14
16.5
15.93
5.92
13.32
13.89
9
16.6
22.28
19.51
-2.52
15.52
15.13
12.22
10.41
14.33
17.22
25.13
22.05
2.18
21.67
22.17
19.51
16.06
7.87
15.01
17.3
16.78
12.26
11.23
16.75
18.2
14.95
6.55
15.63
17.35
17.82
17.4
18.11
11.85
13.14
16.51
12.99
11.23
16.38
18.3
10.41
15.24
14.33
14.21
6.24
13.02
14.38
9.9
6.64
5.65
-1.71
10.36
5.92
8.61
10.79
11.46
16.55
15.26
4.93
14.55
15.13
13.41
18.57
20.25
15.82
8.84
17.27
13.2
3.2
12.28
11.37
15.09
15.25
9.18
12.24
13.5
13.43
11.29
17.34
6.09
16.49
15.38
2.18
16.9
20.72
17.54
8.7
8.43
9.01
10.38
13.4
14.75
14.99
15.17
13.56
9.47
7.82
1.33
1.38
9.29
7.05
8.22
3.66
6.82
9.8
14.38
16.65
13.45
1.98
9.46
18.23
16.39
15.5
17.55
12.71
16.34
19.57
18.28
19.51
20.53
14.52
11.03
14.55
15.87
14.06
19.53
21.09
13.23
14.67
16.62
10.96
6.21
16.72
20.28
18.09
12.79
12.23
15.04
12
6.5
9.81
18.06
18.79
13.02
18.98
19.89
16.16
10.1
15.34
16.03
6.98
12.75
11.79
13.25
6.61
-10.96
5.78
12.24
10.69
7.84
15.64
9.25
6.69
7.61
14.62
20.8
22.6
20.92
18.69
10.86
1.05
12.72
18.72
15.25
-1.87
13.32
15.76
21.16
18.37
10.66
9.75
17.08
20.43
19.19
22.13
22.17
18.98
15.37
6.71
-9.22
9.31
8.66
15.08
19.46
19.09
15.73
17.4
21.27
20.08
19.17
15.88
14.62
13.27
10.17
0.7
7.02
4.33
10.9
20.39
19.38
5.78
-5.87
13.47
19.44
22.79
21.24
17.86
8.58
4.53
6.51
16.79
15.67
8.05
8.08
7.27
17.79
15.73
1.93
15.51
15.73
15.07
14.94
-16.26
15.29
17.96
19.53
12.98
5.29
6.22
12.84
13.02
19.32
22.72
21.44
15.92
7.79
17.34
18.45
11.46
16.97
20.56
11.05
14.93
18.33
23.46
21.54
17.06
19.14
21.2
21.05
16.62
6.17
12.42
18.77
17.61
9.36
13.38
16.47
7.04
13.46
12.92
14.09
19.14
18.3
18.18
21.99
18.73
9.31
21.3
22.53
15.48
11.66
18.44
18.46
16.47
12.18
17.64
22.28
22.75
19.04
9.97
2.06
14.5
18.81
18.75
16.25
12.5
16.51
17.36
20.21
16.27
9.23
15.87
19.7
12.24
10.57
12.44
-8.37
2.96
9.12
16.19
14.13
8.35
14.23
17.32
18.81
15.84
-0.93
12.76
17.01
9.94
16.49
22.38
21.48
11.89
2.47
11.61
9.02
9.27
12.35
10.89
13.89
17.38
12.55
17.06
13.28
3.91
8.72
11.67
12.92
8.94
1.15
10.26
12.81
8.52
18.95
20.16
20.56
18.98
9.93
11.03
-0.46
-5.75
-3.92
1.75
11.76
12.71
9.19
15.08
14.87
9.04
10.44
13.89
12.86
10.66
1.21
9.16
11.88
21.09
22.25
18.24
0.57
13.9
16.92
18.41
14.14
-8.73
10.13
7.28
18.19
20.72
17.72
10.47
11.68
15.8
16.04
17.34
13.51
7.35
17.6
20.16
16.06
12.96
12.44
-3.46
6.92
11.85
12.02
7.98
12.38
13.11
8.32
8.76
13.59
18.33
21.75
22.53
21.68
19.04
17.95
17.1
14.31
18.91
18.23
13.43
14.6
14.3
14.99
17.66
17.8
16.06
13.08
9.5
6.57
9.13
11.16
15.94
14.94
-2.23
10.41
3.39
19.45
18.58
-2.92
15.69
15.93
7.46
9.26
12.65
18.43
13.01
12.85
8.36
11.89
13.3
13.24
14.67
16.71
5.48
8.87
4.45
10.89
19.12
15.38
11.04
12.63
4.31
10.51
4.23
10.12
11.33
7.25
12.74
16.8
5.4
15.24
7.68
7.76
4.21
8.96
11.61
9.02
7.95
10.89
15.1
13.19
16.24
19.63
16.34
11.41
5.14
6.72
15.06
12.52
-1.9
13.35
12.66
6.68
10.49
19.89
20.99
19.21
16.13
14.69
10.13
-15.46
7.64
11.65
16.03
19.12
18.46
20.28
19.74
8.86
11.57
13.81
7.17
12.95
19.15
15.5
15.82
14.39
15.81
15.55
15.06
10.64
14.83
11.34
19.67
18.29
11.01
15.61
15.13
9.58
3.12
10.76
11.24
11.43
5.99
8.38
9.41
7.29
8.97
12.15
4.74
7.52
1.94
7.65
10.06
8.85
8.24
9.16
16.88
12.47
13.81
17.14
13.53
12
-0.84
12
10.75
4.82
0.86
16.21
20.39
19.58
17.65
13.15
1.75
12.95
10.98
3.5
9.1
8.32
14.3
18.3
15.77
12.63
14.94
12.1
14.49
11.49
4.56
13.99
16.3
16.73
12.54
9.32
11.98
17.44
19.81
17.61
13
10.68
15.17
18.54
18.65
15.81
12.73
11.97
12.09
9.81
5.65
12.88
17.71
15.14
5.6
2.97
8.77
17.32
21.9
21.63
18.21
19.73
21.84
17.54
3.42
4.84
12.04
9.48
9
14.09
17.96
19.93
14.11
13.98
11.18
13.54
16.87
13.37
15.01
16.94
16.9
15.32
9.81
5.33
10.95
12.37
6
16.36
19.07
18.38
16.38
13.31
14.06
9.82
4.49
11.06
15.35
16.82
13.6
-8.7
11.35
15.71
12.29
1.37
14.77
19.87
17.09
9.84
11.52
14.48
15.9
13.23
-8.67
8.61
16.4
21.86
20.9
17.22
16.39
15.86
8.55
11.65
10.51
14.19
15.71
12.5
9.67
14.47
12.66
12.86
9.71
12.43
7.47
14.5
18.18
12.89
-0.57
15.56
14.93
3.31
7.09
12.98
14.32
5.79
4.92
14.42
16.01
13.54
4.27
0.11
10.38
7.91
12.8
13.88
8.94
9.85
14.69
13.59
11.66
12.12
5.25
15.85
16.62
14.01
12.68
6.13
16.17
17.03
1.72
9.84
10.16
3.74
13.57
17.63
17.24
18.3
16.1
15.86
12.32
18.86
16.92
2.08
11.32
15.3
14.91
17.52
16.57
9.62
15.21
18.31
18.44
18.89
16.68
-13.54
19.66
23.77
22.06
15
16.85
19.9
18.94
19.71
16.18
19.03
16.75
16.77
21.86
21.34
13.98
12.51
14
13.66
10.51
5.49
12.38
12.19
12.02
12.5
14.75
15.89
12.81
14.18
18.6
17.27
9.63
18.36
19.7
20.77
19.89
17.34
14.46
9.25
16.47
15.96
11.82
21.8
20.06
16.38
16.01
12.51
6.04
13.01
15.27
14.62
10.09
12.43
-1.24
4.72
12.46
15.53
14.47
9.02
12.51
5.92
13.72
16.43
15
14.36
13.71
14.36
6.02
2.89
9.29
16.22
18.07
15.74
12.31
6.99
11.14
18.95
19.48
20.67
22.76
22.41
22.91
18.58
10.67
16.6
13.18
0.37
14.84
17.99
14.93
15.33
14.56
12.35
3.63
11.76
17.36
18.78
18.13
11.68
9.08
3.41
8.73
14
14.37
12.93
6.85
12.8
16.56
17.35
17.31
15.86
8.33
13.78
18.41
13.55
11.84
13.66
15.59
18.62
16.55
14.15
6.05
9.45
11.57
-0.85
9.92
10.88
9.46
10.93
13.45
14.79
10.83
16.81
20.55
17.53
3.52
8
15.62
18.36
15.05
7.13
11.21
14.01
17.42
17.52
13.11
7.21
8.94
14.99
14.9
11.52
12.86
16.37
16.11
11.17
12.11
15.4
18.18
20.48
15.69
12.36
16.46
14.36
12.86
14.33
14.93
18.77
20.12
18.89
15.11
16.23
18.08
14.42
12.36
6.28
10.05
5.29
-3.12
7.61
2.21
0.56
4.13
3.77
-1.27
10.1
10.9
7.38
9.54
10.85
11.99
5.88
2.21
11.47
12.97
5.95
11.55
13.07
-1.14
14.03
14.36
8.16
9.73
8.99
5.84
5.82
15.61
17.94
15.91
13.44
13.56
12.43
14.23
9.59
2.93
9.56
12.04
13.41
14.02
9.88
10.13
14.9
16.06
6.98
-3.5
-2.3
0.54
-2.84
-1.74
4.23
12.84
5.77
17.28
14.69
6.44
11.24
16.86
15.02
7.41
5.98
10.2
13.61
16.94
17.67
14.22
8.61
-1.51
3.62
11.38
14.09
15.27
16.09
14.81
2.27
3.91
7.92
16.22
15.9
12.03
0.67
8.18
6.38
7.46
0.29
15.51
18.13
16.94
6.44
10.96
-3.73
16.74
19.56
18.05
17.24
11.79
10.13
13.23
14.05
12.19
11.6
13.16
11.85
6.08
12.05
14.63
14.71
10.91
-2.22
9.08
10.12
8.39
3.53
5.53
13.01
16.55
13.68
4.44
-2.6
-1.98
15.02
18.33
19.3
16.77
12.92
15.39
14.82
1.44
12.48
11.46
11.83
16.1
17.08
14.21
9.57
9.51
9.21
8.27
9.7
15.13
18.32
18.7
14.33
11.77
11.06
15.32
15.75
6.03
7.39
11.36
1.76
13.95
15.89
12.68
-0.6
5.54
4.59
10.19
11.27
13.7
15.66
16.78
18.87
18.11
16.26
13.84
15.32
16.16
16.4
17.65
11.3
9.25
13.51
10.48
-9.16
-4.68
11.68
13.28
2.13
9.4
7.29
12.57
16.96
20.54
20.72
15.22
12.99
7.03
14.32
18.43
16.08
14.42
17.47
17.07
15.27
10.72
6.63
4.72
11.73
13.65
10.58
8.5
7.88
-4.81
14.52
18.67
15.75
9.4
4.31
11.68
13.41
8.68
3.68
11.79
14.28
5.21
-13.1
6.61
12.21
6.42
10.87
13.24
12.09
8.36
10.82
13.49
16.27
18.91
19.05
17.73
20.25
18.95
15.41
13.76
14.33
6.89
12.3
15.23
7.67
9.82
11.04
-8.78
7.34
14.24
15.12
7.33
8.73
17.27
18.71
20.69
21.53
19.2
15.66
14.23
10.28
3.81
10.45
17.35
16.95
15.04
13.73
-10.19
14.1
7.94
4.55
5.74
6.36
13.55
17.42
17.28
13.65
8.36
8.35
10.91
11.62
12.84
11.58
7.35
6.27
15.17
6.67
10.85
2.62
6.67
-8.33
7.25
10.41
11.85
11.55
10.46
11.93
12.62
16.88
19.11
13.15
10.11
18.02
17.98
17.49
12.18
-0.07
5.8
12.76
14.44
12.21
9.76
5.21
4.55
4.96
0.1
13.81
15.88
12.54
9.98
6.2
7.58
7.16
8.81
6.29
8.5
5.43
9.4
14.65
13.32
7.75
7.31
14.36
14.31
6.76
7.3
15.54
15.29
5.88
13.37
15.75
9.96
10.38
14.75
10.83
10.79
12.27
12.39
8.08
-3.11
11.3
14.14
14.22
13.61
10.96
9.85
13.11
14.69
6.54
-0.95
10.55
14.1
16.47
17.41
16.38
10.21
13.6
17.81
16.71
10.45
7.08
12.72
4.43
6.16
13.32
15.38
14.67
8.52
1.71
0.5
14.3
18.41
11.97
11.48
16.65
16.08
13.08
11.31
-1.24
1.13
9.46
11.11
10.93
2.94
-6.8
4.78
7.38
10.2
13.33
11.21
0.1
-0.9
15.05
19.22
19.32
20.22
17.41
1.53
14.21
17.12
12.99
-1.12
11.1
7.87
10.79
15.56
14.8
-0.38
8.71
10.01
9.82
0.49
0.82
13.47
15.23
-8.2
16.47
15.84
10.19
12.1
15.28
16.26
19.74
17.96
6.56
15.35
11.46
5.85
12.44
12.93
12.6
12.41
5.06
9.37
9.72
13.29
12.97
8.15
9.73
12.83
10.01
7.98
13.12
11.8
4.95
7.87
15.85
13.48
-0.04
0.55
11.72
17.71
17.6
10.27
13.26
11.69
6.17
14.17
15.45
16.88
16.88
15.36
17.25
14.56
12.48
7.78
12.78
15.48
6.94
7.2
13.2
12.35
5.11
7.42
15.52
17.52
10.14
12.98
13.72
10.25
13.45
3.1
10.11
16.7
19.42
19.25
20.56
20.16
16.08
-2.37
14.53
14.16
6.9
9.63
12.71
11.05
0.43
12.88
17.94
13.88
13.11
6.06
12.13
7.29
4.37
7.46
4.29
11.5
19.39
19.46
12.7
7.91
7.33
13.83
17.04
13
-0.36
4.66
1.3
5.39
9.5
5.65
11.54
13.11
5.33
10.15
20.25
20.83
14.66
12.69
15.91
12.79
8.82
6.67
11.25
14.13
14.55
11.17
5.19
9.89
16.24
14.05
10.02
16.19
19.17
14.37
-2.14
11.13
11.6
9.25
20.08
20.51
17.57
10.9
9.58
18.71
18.9
15.79
19.5
20.61
18.89
16.43
16.88
19.28
18.51
14.42
0.27
11.37
17.11
21.03
23.84
24.15
18.68
9.53
12.28
10.48
10.05
15.9
7.17
13.51
16.3
15.55
18.33
17.82
10.82
13.81
17.57
15.41
11.86
14.11
8.98
11.99
14.34
13.07
12.87
6.02
2.75
10.87
7.93
9.92
16.85
14.28
9.54
13.02
14.73
13.1
16.42
20.87
20.6
17.64
14.66
14.22
13.84
4.99
9.3
15.35
14.42
8.19
5.64
4.95
1.93
2.4
11
10.03
12.92
13.28
3.17
14.77
18.04
18.16
15.47
13.51
11.97
6.04
0.28
9.84
7.34
9.25
14.75
13.95
5.97
9.25
12.51
13.49
15.37
17.96
16.64
10.42
11.01
12.34
12.27
15.97
17.98
13.56
1.75
4.76
13.99
17.91
16.44
6.9
10.16
16.89
17.67
16.27
15.25
9.72
8.51
11.53
7.26
3.96
10.66
3.34
7.04
10.21
10.55
13.88
8.56
8.19
12.39
13.42
12.73
11.19
5.77
3.41
-7.13
7.75
9.91
11.36
11.67
10.38
9.26
10.49
5.46
15.58
15.91
14.91
16.04
13.03
9.39
13.08
14.19
17.89
19.48
15.78
11.79
12.68
14.41
15.87
13.21
7.27
6.35
-0.95
9.56
7.97
3.65
-4
-0.14
12.92
16.19
14.18
7.73
0.16
3.85
7.08
5.22
-8.01
8.36
7.83
13.77
12.12
8.68
12.08
14.86
17.62
18.65
15.83
13.63
10.06
6.02
9.02
9.79
14.64
13.89
8.81
9.3
11.26
9.11
7.72
6.54
16.17
16.18
12.84
12.47
8.66
8.56
-0.24
4.62
6.99
11.82
14.04
11.67
0.33
9.99
8.17
-5.97
2.97
-1.79
6.33
10.62
3.63
7.7
9.07
8.79
13.19
12.34
6.65
6.83
10.48
9.39
10.66
12.87
9.74
5.95
8.05
2.75
5.46
10.82
10.5
9.62
6.92
6.09
9.93
10.41
11.8
3.97
6.88
11.88
7.74
3.58
14.3
15.52
9.2
7.04
6.6
12.71
11.43
6.69
1.93
2.06
6.97
8.09
8.53
8.11
11.63
11.02
7.17
13.85
11.66
3.5
6.42
4.25
12.12
14.64
10.27
16.73
14.61
-2.76
4.13
12.89
15.06
8.65
-3.8
3.59
10.8
11.72
3.55
13.78
16.76
13.64
4.34
9.51
18.31
20.38
16.04
9.86
11.24
2.29
4.31
13.44
14.27
4.35
-6.35
2.65
-10.55
6.5
5.83
-8.7
4.76
9.28
15.26
10.73
0.41
8.51
12.48
7.82
8.09
14.42
14.39
7.72
6.38
11.31
7.2
9.91
13.44
14.74
14
-0.27
13.59
16.75
15.81
14.19
11.89
15.74
8.27
0.5
3.34
11.08
7.49
8.42
10.72
6.31
3.9
12.97
18.28
16.25
10.62
15.59
10.75
2.15
0.9
12.8
16.69
14.56
15.35
19.1
20.52
16.71
15.14
12.67
2.83
8.97
8.45
4.2
7.96
13.34
16.13
14.9
11.81
11.69
7.44
7.91
10.49
9.01
10.09
16.01
17.01
13.11
9.58
10.24
9.57
4.03
0.25
13.74
17.15
9.03
13.16
16.67
16.62
14.77
15.9
17.84
16.22
5.98
4.16
11.08
12.73
7.12
1.38
8.39
1.24
10.57
9.24
5.63
11.27
16.25
17.77
16.02
-0.09
13.98
13.95
14.37
11.53
11.86
16.34
14.85
11.88
3.28
3.04
12.47
13.1
12.92
12.55
7.15
4.93
11.11
3.86
3.79
4.94
4.91
7.86
3.81
1.33
2.9
7.33
3.07
15.67
8.51
11.48
11.76
15.31
15.31
14.81
12.25
13.83
4.32
2.81
5.07
-23.11
4.32
6.29
10.56
6.69
5.64
3.71
7.99
8.46
12.48
6.27
7.81
-0.61
11.81
13.86
11.44
8.45
11.9
14.68
9.06
9.41
16.45
17.49
16.43
15.45
10.27
9.19
9.91
7.55
15.48
15.71
11.23
2.23
-7.95
3.14
3.61
10.41
8.31
6.1
5.56
12.41
11.51
8.81
8.16
11.37
11.14
0.94
10.01
10.68
11.63
10.66
7.74
16.35
15.73
8.51
12.29
5.61
4.54
10.85
10.03
-11.25
9.27
9.86
12.94
14.26
7.86
-2.18
0.58
1.4
8.92
11.9
8.5
-0.97
11.68
5.68
-3.27
-0.61
-3.25
11.67
3.81
19.65
19.54
15.44
12.04
9.9
-0.63
8.65
6.6
7.45
10.22
-2
11.61
14.77
13.38
12.32
8.89
10.99
4.49
10.64
13.78
10.16
4.21
3.6
11.64
12.59
11.42
11.5
12.12
5.94
8.26
8.99
7.19
-4.39
8.76
6.42
6.7
8.88
9.62
12.3
10.24
8.9
14.09
14.61
7.58
6.68
12.97
16.69
10.44
5.12
5.59
9.35
6.77
9.55
4.36
-1.49
-4.62
9.68
15.97
13.5
13.97
15.49
13.91
12.2
15.29
15.57
14.3
14.31
10.97
13.52
13.38
8.14
-0.85
1.97
10.09
13.76
10.92
9.55
5.19
1.58
6.19
12.15
14.03
-0.1
13.91
14.43
11.69
6.91
9.07
15.31
18.16
14.51
0.49
-5.26
5.27
-15.51
4.14
-2.65
-2.98
5.26
11.79
13.47
8.74
5.56
15.05
15.66
18.3
15.72
5.71
8.35
13.16
11.5
9.05
11.18
9.46
4.38
13.53
16.75
15.5
15.62
14.3
11.31
15.5
18.18
15.9
13.87
13.34
14.72
12.31
6.82
15.65
15.59
14.8
9.42
9.73
13.2
11.3
-7.49
5.89
-6.93
9.4
16.5
16.97
6.85
13.95
17.49
13.7
3.44
1.57
10.97
10.6
9.85
9.56
6.38
-3.98
-10.63
-14.71
-9.12
5.54
10.94
4.19
13.4
14.66
3.63
-1.81
7.14
9.79
15.47
16.16
14.11
8.25
14.06
13.96
8.74
17.89
17.49
11.17
14.67
15.61
8.16
12.31
16.32
11.3
12.17
14.76
11.29
13.06
11.73
15.56
19.53
16.92
11.52
16.3
14.83
7.3
1.53
5.15
1.09
13.24
14.08
1.72
10.07
15.27
22.41
21.29
13.09
-0.86
7.68
-6.08
8.94
5.45
5.83
7.17
12.3
7.76
13.85
17.09
17.95
19.47
15.83
0.8
12.7
16.09
12.56
12
10.63
9.91
18.19
18.22
12.71
5.83
9.2
12.32
16.7
16.03
14.51
15.75
15.23
14.75
12.74
-2.87
15.19
16.31
11.63
7.83
9.76
2.5
11.34
17.03
15.35
14.62
11.52
7.57
1.44
7.52
11.37
11.27
16.28
13.57
10.48
6.15
4.72
12.31
4.16
12.83
17.99
15
6.74
11.01
8.98
0.56
8.42
10.95
12.89
15.69
16.21
17.62
15.52
5.4
14.32
14.95
16.53
18.41
13.36
6.86
15.14
11.92
3.54
14.57
14.83
8.57
6.89
9.25
14.93
14.51
11.84
11.73
17.35
19.23
18.3
17.42
15.89
16.56
17.44
15.85
8.65
6.8
4.98
2.6
8.88
10.59
9.7
11.01
9.22
12.81
14.34
18.21
18.58
15.88
10.42
10.92
11.94
10.68
16.16
15.16
8.58
12.07
15.54
15.96
18.51
18.06
15.47
10
4.81
-6.43
6.4
4.44
16.84
17.18
12.92
6.28
7.32
2.89
15.3
14.37
-5.99
8.76
-2.25
13.13
15.62
9.58
15.65
16.34
9.92
9.49
18.05
18.25
10.59
5.17
6.82
12.26
11.6
5.2
9.17
10.8
-2.74
9.73
12.97
12.94
6.84
11.93
13.04
4.97
7.49
8.17
-12.78
8.24
10.49
4.48
17.74
17.92
12.31
2.05
12.32
14.61
3.07
7.13
12.08
8.35
3.53
11.33
12.15
13.16
15.1
16.38
16.26
17.36
15.1
13.85
16.11
11.79
12.52
13.27
12.75
13.72
12.96
14.45
14.89
11.84
6.3
7.05
7.54
12.77
17.98
18.01
11.65
12.86
11.28
2.28
5.08
11.42
18.43
19.18
13.51
9.95
15.57
14.18
15.74
20.97
18.85
13.72
9.24
-8.79
10.44
11.29
16.3
16.93
14.02
10.24
9.09
11.89
11.6
13.02
13.1
13.35
13.61
10.78
8.09
5.55
11.18
15.42
15.5
9.75
9.05
13.67
10.81
8.24
4
9.58
12.64
13.86
16.33
15.91
16.45
19.45
20.98
18.11
12.24
12.79
14.04
6.84
3.05
9.89
14.56
16.13
13.12
9.66
6.95
1.66
2.92
13.2
15.89
13.64
7.32
8.64
8.02
-2.44
8.51
12.27
10.86
4.33
8.47
11.92
10.35
10.66
18.64
