9.42
10.52
9.02
10.04
0.92
10.24
12.05
10.7
12.17
11.66
9.81
3.65
3.11
11.04
14.19
13.61
9.05
9.84
8.29
7.92
1.14
9.49
3.3
-8
8.59
10.77
8.52
3.09
2.7
2.02
6.97
8.61
11.3
12.7
10.81
7.89
0.95
5.15
7.06
6.18
12.7
14.05
12.47
13.91
16.7
16.38
11.17
4.02
6.47
1.88
13.35
15.56
16.76
17.66
14.96
4.23
7.99
2.01
0.34
0.07
6.89
9.79
9.94
5.78
-3.45
6.49
11.09
10.29
0.78
-1.17
4.87
-14.62
-0.86
12.49
15.54
13.62
11.38
6.99
-5.7
10.69
12.08
7.92
5.5
6.12
4.88
10.36
8.44
0.41
11.69
6.54
10.29
15.02
11.8
11.66
15.41
12.41
5.1
-5.34
9.17
12.21
10.68
11.59
9.23
-3.9
6.49
10.74
10.55
2.59
10.83
17.33
12.44
7.33
5.11
0.09
5.51
2.72
10.68
15.17
16.11
14.59
12.75
11.73
11.09
10.21
2.92
-3.5
0.58
8.02
14.82
14.85
7.74
1.56
11.38
7.82
4.69
1.87
7.88
5.57
10.99
12.12
7.57
4.91
6.63
1.83
0.72
9.02
12.67
13.55
10.05
7.71
9.4
8.71
6.01
3.38
12.24
14.3
15.05
13.45
5.24
9
12.66
9.82
4.6
-7.01
-0.13
4.82
7.76
4.04
-1.5
6.08
4.29
7.08
9.84
10.43
9.88
4.01
-1.17
9.03
10.99
6.38
11.51
8.94
3.35
0.84
10.82
10.19
10.16
13.26
14.2
13.18
7.89
3.65
7.16
6.41
-1.59
6.22
13.71
15.06
16.15
17.36
13.47
-0.08
10.6
17.58
18.08
12.76
5.69
11.62
15.8
12.09
3.89
11.45
11.37
5.18
3.01
7.37
4.31
0.73
2.82
5.34
8.95
9.31
12.92
12.27
-1.19
1.83
11.88
12.9
10.13
10.84
14.43
13.45
7.86
10.32
10.57
11.05
11.15
8.25
12.4
13.06
12.41
11.98
11.83
15.15
13.64
8.6
10.96
9.13
0.33
-2.61
7.93
9.63
12.84
13.55
14.77
15.55
10.1
3.7
7.06
6.96
5.73
7.18
11.85
11.79
10.3
7.05
11.08
11.8
11.9
6.28
7.88
12.46
12.38
9.19
4.26
1.55
4.99
8.17
5.73
7.11
12.63
13.96
13.78
12.87
13.12
9.93
7.59
4.67
9.95
13.54
13.89
18.29
16.01
12.79
13.01
8.63
5.4
9.83
11.08
7.94
12.29
16.7
12.54
3.73
12.29
7.39
8.23
4.2
12.51
15.32
5.76
12.24
14.42
7.57
9.53
12.51
7.42
7.65
9.03
10.99
9.27
-5.69
5.83
12.18
13.83
14.01
16.05
14.97
5.31
-9.59
-0.4
-3.42
-6
-2.42
3.89
5.64
4.95
2.57
6.99
4.51
4.22
1.86
-3.87
0.34
6.29
-1.6
13.13
15.51
16.53
17.23
15.23
9.64
6.84
10.24
8.9
12.48
10.15
2.65
9.77
14.31
11.62
1.04
10.16
5.74
4.3
8.84
11.06
13.45
11.8
7.6
6.77
7.04
4.15
-2.8
4.97
-3.22
3.12
5.47
7.78
8.82
5.51
7.02
7.8
10.03
11.91
11.79
12.42
10.3
4.54
7.8
13.42
13.18
13.07
12.42
1.59
7.64
8.78
9.41
4.93
-5.95
-16.11
10.81
4.59
1.98
8.81
12.45
11.55
6.85
-8.47
4.38
9.33
12.96
10.88
3.59
-0.09
4.14
7.21
-1.85
3.44
-10.1
10.01
6.62
6.9
13.69
11.19
2.87
4.13
1.67
-6.5
6.36
8.46
7.32
13.06
11.17
-1.26
0.16
6.36
13.77
11.43
8.84
10.51
14.28
13.91
14
12.69
12.08
12.43
8.57
2.49
6.52
4.09
9.58
12.58
8.37
8.46
10.31
13.06
10.11
11.27
16.25
17.62
14
10.95
3.34
4.86
7.35
-1.11
9.74
9.19
7.71
-5.37
5.26
14.76
15.04
5.3
-10.99
2.92
4.61
4.38
4.35
4.4
7.48
6.99
1.11
11.97
12.83
12.54
12.31
11.51
11.34
11.06
5.08
10
10.65
6.36
14.64
19.65
18.81
12.12
5.84
8.36
7.55
8.71
16.48
17.48
14.89
11.14
5.4
13.03
16.89
18.9
18.34
12.97
5.79
3.61
-16.25
-0.31
6.49
13.54
15.29
15.54
11.07
6.96
13.08
12.03
11.31
12.68
14
12.04
7.52
3.05
5.82
7.56
10.08
11.87
9.35
0.5
-1.8
8.52
13.45
12.98
13.27
9.55
8.31
10.9
15.37
15.5
14.43
11.49
4.56
9.12
14.89
14.05
11.46
4.53
3.66
-5.62
8.75
5.23
0.34
7.27
11.23
6.41
3.78
-1.8
-0.99
6.18
12.55
13.06
13.02
10.99
3.78
-4.84
5.99
7.23
-6.58
2.21
12.25
14.58
12.17
9.23
5.24
4.85
9.82
4.62
5.88
-25.61
9.38
8.22
-2.78
5.3
9.73
16.86
16.44
12.96
7.72
14.85
11.51
7.81
4.11
8.5
3.27
6.05
13.8
15.41
13.53
14.4
14.39
14.46
-4.8
13.49
11.66
10.83
3.12
4.52
8.93
8.39
-6.79
11.32
10.46
6.21
9.62
12.05
10.31
6.24
4.59
7.83
0.23
7.78
9.6
7.91
7.87
11.35
13.2
8.64
-10.44
4.52
1.64
6.47
14.56
12.04
-0.99
2.26
9.38
-0.27
-4.75
3.74
8.45
9.45
12.09
8.55
5.78
8.87
10.9
11.38
14.1
14.66
10.78
9.48
11.14
9.55
10.5
5.48
2.04
11.72
13.55
1.53
9.59
11.02
10.5
12.62
11.9
10.67
10.07
5.53
8.72
13.22
14.6
7.71
4.21
11.28
13.25
15.13
14.52
8.86
-5.06
1.77
10.46
16.04
18.01
14.98
9.88
8.32
2.16
-0.08
7.99
12.73
10.06
5.26
11.1
11.3
8.87
7.34
15.52
15.06
8.19
5.07
14.18
12.64
5.6
11.69
13.87
14.46
10.95
12.39
11.88
7.94
-4.28
0.69
-1.99
3.6
12.08
13.74
12.14
6.66
1.81
9.57
14.82
12.87
-2.47
3.2
8.53
9
10.5
5.28
5.45
6.82
6.62
11.14
12.54
14.88
13.18
4.52
7.44
9.89
6.2
7.07
11.86
14.26
11.33
6.21
1.23
6.22
10.19
11.26
11.52
14.73
15.92
14.16
13.97
12.35
6.56
11.87
14.15
6.04
1.2
5.92
7.49
9.8
10.89
14.76
10.69
-5.22
1.21
4.97
8.46
13.68
15.5
13.92
13.18
12.34
7.48
12.45
9.14
4.79
0.36
-0.5
8.93
13.94
16.38
15.26
10.75
9.59
8.37
4.09
1.9
-3.15
4.92
10.81
11.47
8.91
19.29
18.98
-1.82
6.21
16.67
22.74
24.05
22.58
21.34
21.51
18.84
21.86
22.55
17.56
21.33
19.77
7.37
15.22
17.22
20.08
21.62
22.87
23.13
17.25
18.15
27.14
28.87
24.76
19.29
16.2
16.76
21.44
16.94
14.63
19.95
24.21
24.94
25.49
26.26
22.83
23.07
23.3
25.76
24.88
12.24
20.41
22.64
19.7
20.77
24.92
24.98
20.39
17.71
8.25
18.16
15.74
18.6
19.52
17.86
23.66
24.17
19.54
18.97
22.39
23.69
23.41
25.83
26.12
24.7
24.48
18.37
1.32
13.77
18.81
20.89
19.51
20.37
22.16
23.7
19.07
14.28
11.5
19.02
25.5
28.86
25.44
11.28
17.04
22.06
23.94
19.63
12.38
19.95
22.8
18.92
19.24
25.25
26.81
23.05
13.09
16.79
19.28
25.08
26.98
22.59
15.4
19.72
22.14
14.67
14.41
17
16.73
19.91
18.78
16.13
17.69
9.64
16.17
21.14
25.81
26.25
25.54
20.14
23.16
25.55
24.37
17.51
12.17
20.59
25.07
29.33
27.73
17.64
9.42
24.79
29.85
25.68
9.42
-16.02
1.46
15.01
17.52
13.28
10.62
17
12.5
21.61
26.63
27.98
22.44
9.5
15.38
20.08
25.43
27.54
26.99
24.24
23.19
24.7
27.05
28.2
24.96
22.13
24.46
23.2
21.35
17.13
16.49
23.82
19.9
7.09
20.79
22.84
19.29
18.08
25.2
26.52
21.97
14.9
14.55
19.62
19.3
27.21
28.89
28.95
27.07
24.91
26.47
25.29
23.09
22.84
9.41
20.8
22.34
23.52
26.35
26.82
22.3
19.13
25.11
18.55
17.49
20.4
19.13
8.4
24.01
26.66
22.74
8.45
11.66
14.79
13.55
22.64
17.81
19.77
22.4
8.06
18.69
13.81
24.88
29.53
25.65
8.95
17.15
15.86
10.6
21.06
21.9
20.29
11.28
20.76
23.24
18.8
13.89
16.4
15.22
5.68
6.07
9.62
20.17
22.69
20.96
20.53
18.26
-1.66
16.81
19.74
20.63
17.18
20.01
26.78
27.19
20.95
14.91
21.62
23.02
19.86
21.19
20.51
24.9
25.21
24.75
22.2
20.46
17.54
4.1
12.25
17.16
25.81
26.64
20.54
18.47
24.94
26.22
26.7
23.56
20.13
20.69
13.07
19.28
24.33
21.9
17.16
13.28
15.44
22.21
23.61
22.54
18.89
7.25
14.76
7.85
16.84
13.82
17.84
21.03
22.6
25.54
15.77
19.62
19.68
19.72
22.7
20.62
18.3
13.78
16.98
11.7
0.46
12.2
20.01
20.99
15.77
17.9
23.94
21.25
7.53
10.45
18.27
20.28
14.48
11.89
15.73
14.49
6.56
16.18
16.55
5.75
14.13
16.17
21.99
18.22
11.22
19.22
19.56
19.19
20.68
22.03
21.29
17.43
14.37
13.3
10
10.77
9.25
5.09
-6.6
12.09
7.14
17.44
19.03
18.01
11.9
12.61
20.96
23.93
21.02
15.41
3.06
18.31
18.72
9.96
5.32
6.06
18.47
21.17
18.46
19.09
20.25
16.83
12.59
7.9
-2.07
6.61
6.57
3.45
-13.42
15.76
17.6
7.78
10.68
14.99
6.25
9.86
13.45
7.71
12.96
15.87
13.24
12.99
16.33
17.95
16.64
13.17
11.81
15.08
16.1
9.82
10.32
8.21
21.38
19.43
18.37
18.82
5.48
18.94
23.06
23.11
12.27
17.97
21.33
20.72
22.48
21.69
17.97
14.02
1.9
17.88
24.31
28.75
29.26
25.41
21.34
23.92
15.18
22.55
22.21
14.69
27.35
29.64
28.2
21.88
11.37
16.15
20.51
20
20.21
22.65
25.65
26.37
23.97
23.96
24.11
18.26
17.82
24.86
26.86
24.62
17.55
15.97
17.25
16.64
22.75
24.15
22.71
11.51
21.23
23.76
20.71
15.36
21.07
22.51
19.76
20.26
23.9
20.71
7.28
20.69
22.71
22.09
18.56
12.86
20.1
19.31
19.34
26.06
25.41
18.43
25.68
23.49
18.29
23
23.34
25.21
26.65
24
17.87
19.17
21.32
27.55
29.2
23.51
16.51
15.74
25.26
27.17
25.99
22.85
3.36
20.24
18.28
23.34
26.44
27.42
28.75
25.91
21.62
22.74
21.95
22.37
18.34
0.67
16.69
22.45
24.56
21.67
17.69
22.21
21.88
22.84
21.91
9.63
4.28
15.1
13.36
12.95
19.27
19.05
12.84
12.59
13.58
11.6
17.63
15.07
7.38
16.82
11.2
20.69
23.72
21.21
18.01
14.68
20.69
18.31
20.42
23.1
21.69
19.68
21.71
15.96
1.6
20.14
17.63
20.65
21.58
23.1
20.3
5.78
20
20.22
5.55
20.27
21.2
21.11
17.54
19.49
24.37
22.95
16.9
18.53
9.77
17.11
19.62
21.98
24.84
22.63
18.84
20.58
12.88
18.87
20.49
1.32
14.78
27.55
29.24
24.12
17.13
5.96
12.04
18.05
22.45
23.97
23.12
16.42
17.07
24.93
25.31
19.02
14.86
20.18
25.43
29.02
29.82
27.94
25.12
23.01
23.04
22.69
25.52
24.4
17.66
16.9
21.73
25.32
27.6
21.99
12.24
-0.05
21.46
22.58
23.01
20.87
15.03
20.41
23.6
22.86
24.27
23.03
9.33
20.54
16.72
20.82
23.53
23.59
22.43
24.75
23.92
22.36
22.84
14.6
14.56
17.21
20.12
24.51
27.91
27.77
24.92
21.91
17.86
16.16
22.23
25.15
23.31
17.58
17.22
28.73
32.3
31.86
27.16
16.1
9.01
13.12
19.18
19.56
24.27
23.72
23.53
24.87
25.57
22.43
3.06
14.13
11.49
22.92
25.6
25.76
24.39
22.1
24.29
24
19.13
13.77
16.84
16.22
17.36
24.15
26.72
26.21
25.12
24.65
24.22
22.22
15.22
17.94
17
21.24
23.02
15.99
20.61
20.68
11.61
18.01
22.23
24.25
24.23
21.03
17.84
19.96
23.13
22.14
7.92
14.6
8.35
16.52
14.73
17.74
13.56
6.53
10.94
21.33
22.91
19.09
14.53
18.19
11.08
14.21
9.02
13.95
18.13
18.77
20.73
21.33
16.41
9.55
18.86
19.29
12.72
10.13
15.58
17.14
6.65
16.2
21.8
20.86
9.1
14.3
19.32
21.85
23.05
21.57
15.03
-3.61
6.82
13.65
6.36
15.62
21.7
22.93
23.19
23.6
22.65
21.7
11.25
18.95
17.54
7.93
9.11
20.21
23.81
22.82
21.7
23.61
19.58
9.67
18.55
18.52
15.52
21.74
23.53
16.31
8.87
8.31
12.67
19.66
18.46
14.98
20.74
18.46
19.89
19.8
12.02
15.8
18.55
12.86
13.27
6.78
1.02
7.5
13.56
17.13
15.23
17.58
24.49
22.54
14.45
21.92
19.14
4.78
16.06
20.44
17.98
14.06
8.18
11.91
11.36
7.3
-0.99
10.8
18.73
23.41
24.6
21.6
19.67
13.23
17.1
23.62
23.39
24.5
21.81
4.34
18.15
18.95
19.37
20
21.43
19.22
7.95
22.47
23
19.39
17.51
18
19.69
16.05
14.92
17
16.64
20.53
17.46
17.39
20.34
19.53
13.27
11.1
7.68
18.56
18.72
22.14
20.54
-7.25
16.67
22.3
22.1
19.11
21.05
21.77
23.49
22.87
19.61
16.21
21.31
6.23
15.94
20.12
18.36
12.7
16.73
11.84
12.61
13.01
12.82
11.15
13.69
20.92
24.05
25.26
19.82
22.81
26.37
22.35
10.04
7.45
15.07
21.2
21.55
23.66
24.85
17.3
11.44
8.96
22
24.67
24.1
20.82
18.48
20.4
18.44
11.83
19.34
26.3
26.54
20.33
25.14
28.14
26.89
24.07
8.11
16.48
20.89
24.65
25.66
15.34
17.42
8.28
14.48
20.65
23.61
20.12
13.79
19.48
22.21
20.93
25.06
31.77
28.07
23.59
23.06
22.35
23.86
22.63
21.61
23.23
28.59
29.9
19.82
22.65
23.06
16.91
15
7.24
13.11
15.88
28.02
32.94
25.93
19.89
11.19
26.33
27.98
24.2
18.88
21.87
24.39
22.6
24.36
25.86
19.66
16.34
21.82
20.32
19.88
21.19
25.28
26.78
20.86
19.78
23.48
26.24
39.59
44.6
40.7
26.97
22.8
26.93
27.74
28.81
30.03
27.66
22.58
19.29
5.83
17.02
15.71
11.74
19.66
18.94
7.02
15.06
18.84
23.45
21.43
14.09
15.71
21.5
20.38
13.58
35.17
44.53
44.65
36.48
23.25
13.84
20.19
23.04
23.88
21.6
19.26
18.32
14.38
17.52
20.82
18.21
20.86
21.38
24.23
22.31
20.29
26.87
24.11
17.21
20.92
16.14
18.71
23.98
22.79
22.26
20.68
22.48
28.81
27.85
24.19
21.28
21.46
24.59
22.2
18.09
18.01
12.64
11.24
23.97
27.91
26.31
19.47
11.25
25
26.4
25.16
36.26
43.42
42.15
32.6
27.85
21.1
19.36
21.64
16.93
20.67
22.51
16.49
25.12
33.31
31.37
21.08
19.68
18.45
3.71
11.95
6.53
15.42
16.59
-0.63
19.57
27.35
26.73
21.27
16.09
9.45
9.48
30.08
41
42.56
35.68
22.14
15.58
21.1
28.71
30.58
26.63
18
21.67
12.65
20.16
12.52
13.51
5.57
16.9
13.03
18.78
5.53
13.16
12.57
15.83
14.76
17.82
22.57
18.07
22.15
18
21.28
25.88
29.92
27.18
21.79
5.69
21.87
24.14
25.76
26.35
23.81
7.39
18.33
12.3
26.69
28.68
24.93
16.22
21.31
7.89
24.52
31.54
42.35
45
38.58
19.02
19.32
22.39
21.23
18.83
19.5
22.53
18.97
20.69
24.57
24.82
18.9
18
18.97
21.92
23.31
19.04
20.31
20.06
-0.03
17.55
20.73
23.58
24.71
23.86
22.57
21.33
22.46
23
20.27
17.74
26.44
35.44
38.1
32.11
11.56
16.06
16.41
10.65
20.27
21.78
28.15
32.42
29.09
21.97
22.97
26.27
22.43
23.15
28.65
27.87
22.85
14.06
11.42
13.51
22.69
25.16
24.62
19.73
18.95
22.29
25.73
26.43
20.48
12.28
18.09
21.76
18.29
18.85
33.08
36.18
30.55
25.57
28.44
30.36
31.74
30.36
29.57
27.35
26.47
36.8
38.13
32.33
31.96
37.34
36.96
36.44
42.49
44.27
36.94
19.74
27.08
21.73
18.07
23.22
10.26
21.77
20.88
26.38
34.78
35.21
29.82
25.17
22.17
12.66
20.72
9.81
18.22
10.89
25.51
30.93
30.26
30.43
31.83
31.41
27.95
25.63
20.87
19.45
22.43
11.74
25.68
28.21
23.71
21.64
30.08
33.06
32.48
30.28
22.87
19.83
17.05
25.09
29.15
26.95
25.89
23.3
30.31
35.1
31.88
17.57
27.38
25.85
1.47
24.61
30.22
29.03
44.1
47.96
42.58
27.97
16.99
29.94
35.23
35.47
30.4
25.7
36.1
47.12
48.42
39.38
20.69
26.99
27.15
21.28
28.22
32.62
30.66
24.17
12.01
29.67
31.07
19.42
19.65
21.36
24.49
25.62
27.1
25.55
22.46
21.39
23.53
22.18
20.25
31.33
32
27.75
26.54
31.3
31.95
28.32
25.85
23.04
22.12
23.4
28
24.35
25.72
23.8
23.64
4.42
27.37
26.74
28.86
15.31
18.73
19.19
25.25
18.61
22.17
26.75
27.29
33.11
30.11
13.74
16.11
21.4
26.55
24.7
10.28
24.69
29.93
32.64
30.17
23.14
22.39
11.97
24.25
28.89
28.89
21.8
19.74
26.4
24.66
25.61
27.83
24.06
25.53
27.54
23.84
20.27
10.61
13.93
17.28
18.11
25.6
26.92
26.1
18.78
30.16
30.01
24.56
23.74
30.86
28
29.51
32.89
31.6
25.1
4.83
19.02
21.93
16.11
16.29
28.71
29.15
28.44
32.63
28.53
25.02
18.07
22.6
23.66
21.76
14.83
21.48
15.88
20.83
21.75
23.01
30.04
29.18
29.4
25.33
20.34
23.36
19.03
27.98
22.5
23.71
21.98
29.59
30.54
22.7
7.54
20.7
25.44
20.99
22.47
27.02
21.7
25.11
22.68
22.82
30.21
29.94
29.97
24.54
24.23
25.56
26.21
27.69
27.31
27.9
19.15
25.99
26.07
19.52
11.77
21.5
25.01
24.03
24.55
28.57
28.04
22.34
10.32
23.16
25.9
25.78
30.05
29.31
23.21
26.85
23.94
17.23
25.41
22.5
20.42
21.47
20.22
26.19
25.69
23.92
19
17.28
19.01
23.55
23.02
23.78
23.19
15.43
19.3
12.97
25.82
22.21
19.67
22.3
19.83
26.05
25.92
18.97
11.85
19.67
10.27
18.96
21.01
11.63
16.42
23.45
22.76
20.35
11.82
18.68
15.1
17.39
21.17
17.04
23.26
24.22
26.75
25.82
27.22
25.04
18.49
14.37
19.81
18.13
14.95
17.45
22.33
27.74
29.9
28.08
24.26
16.89
18.28
22.36
21.16
22.85
24.53
21.22
21.69
24.77
23.26
18.75
18.51
24.63
25.22
25.97
25.96
23.72
25.47
23.94
15.71
13.28
7.25
19.91
24.77
25.85
20.16
16.79
21.92
19.21
10.73
16.93
20.56
17.35
5.52
18.17
16.53
18.7
17.09
11.9
19.8
21.75
20.49
20.85
19.74
12.89
7.39
20.04
21.84
12.75
18.4
25.65
25.42
14.91
17.94
17.53
13.79
4.01
17.25
20.81
15.38
13.34
13.6
23.57
24.61
24.19
26.18
29.45
32.99
31.87
23.3
-0.79
23.33
32.36
33.86
30.31
22.59
17.17
29.5
32.3
27.34
18.71
24.44
11.37
25.2
25.05
25.85
32.41
34.78
33.28
25.59
17.63
23.2
23.81
27.02
28.52
28.15
24.14
27.65
28
26.96
25.58
9.99
24.46
15.97
18.71
14.96
8.49
16.17
28.88
31.08
29.37
24.28
16.05
23.44
20.87
28.73
28.83
24.36
25.59
27.06
28.75
30.87
27.16
28.1
21.42
24.49
22.89
26.71
28.55
25.17
24.53
21.84
12.42
23.69
29.28
28.17
17.09
23.2
25.76
29.08
34.33
38.36
35.03
27.01
23.25
21.83
21.57
21.92
21.76
29.26
26.46
24.93
27.5
28.82
26.15
17.6
17.9
24.93
20.37
25.55
27.65
23.39
22.05
24.54
21.35
11.11
11.27
13.71
24.15
23.25
26.7
30.16
21.39
25.19
26.05
29.78
27
15.4
10.1
19.29
24.14
26.1
23.9
22.44
29.31
28.47
23.53
19.38
22.32
1.69
21.96
25.82
24.69
25.77
29.48
27.36
17.31
11.08
22.72
26.4
26.5
22.54
21.19
27.22
29.35
29.41
27.55
27.34
27.4
22.84
20.42
25.72
27.82
26.8
23.38
24.85
26.4
26.73
22.23
16.14
14.2
23.92
24.16
3.27
24.86
26.11
23.51
12.62
15.77
21
23
18.99
21.2
23.04
14.05
24.59
27.29
24.95
21.28
23.6
24.01
16.81
17.6
20.42
16.3
22.8
27.52
26.02
12.89
25.14
26.83
19.65
24.03
27.14
23.93
21.64
22.53
25.89
24.75
16.35
21.05
25.33
26.07
25.31
22.08
22.1
24.9
19.56
25.8
25.94
16.55
11.88
16.77
18.85
18.91
20.02
13.68
19.07
16.06
22.5
28.59
27.75
26.42
27.31
26.08
24.15
22.69
21.9
16.97
2.29
19.16
22.74
22.98
19.91
17.7
21.24
21.45
21.26
21.92
23.93
23.53
23.56
24.64
21.88
7.85
18.3
15.78
20.8
18.04
23.56
19.88
8.32
19.53
23.85
23.22
21.55
17.73
18.62
16.45
17.34
18.11
19.1
24.51
25.03
20.86
18.2
17.02
17.99
15.16
15.91
9.39
15.76
21.29
20.46
17.31
12.13
14.69
21.51
25.33
26.36
23.85
9.97
16.92
22.63
24.94
25.24
23.21
17.13
21.41
20.27
12.2
21.77
21.9
22.07
18.72
20.11
18.79
19.16
23.77
25.41
23.26
19.42
15.07
17.2
16.08
19.63
23.39
23.94
22.84
19.63
18.52
13.81
18.87
25.56
26.6
25.3
22.63
22.66
26.01
26.9
26.02
24.57
19.84
13.71
15.91
17.92
19.69
13.14
13.74
17.39
22.92
18.93
6.43
12.03
17.41
19.86
26.77
25.46
11.73
24.76
24.59
21.41
19.97
19.28
19.99
19.51
16.03
12.99
14.43
21.56
21.04
23.25
19.3
9.35
19.75
18.2
6.55
19.4
24.79
27.67
27.88
26.57
23.96
17.4
6.19
12.2
15.14
21.83
24.4
22.13
17.52
18.05
18.62
22.7
20.59
9.17
16.14
16.18
21.47
20.54
15.96
17.88
11.18
15.61
20.1
24.82
24.48
19.5
22.88
16.99
15.6
15.78
11.71
19.25
13.41
16.7
23.17
22.7
19.45
18.23
14.91
16
24.94
24.08
22.46
23.27
21.59
13.23
15.43
17.87
23.16
23.27
20.24
18.2
20.31
22.43
20.89
20.74
19.45
12.99
23.11
23.12
18.08
14.92
15.71
19.53
20.42
23.2
20.84
17.55
17.99
12.57
15.09
17.74
20.72
23.55
22.35
19.88
21.4
24.27
21.22
4.83
21.58
21.84
16.92
12.21
20.82
21.31
22.79
23.66
19.03
4.37
17.97
17.39
21.07
23.53
20.03
10
6.73
14.87
18.86
24.14
25.98
23.79
15.78
16.25
21.35
23.96
19.97
17.41
20.7
23.6
23.9
20.18
9.4
7.77
20
25.06
25.58
24.44
22.38
15.03
9.31
15.37
14.3
28.49
31.67
27.75
20.85
18.2
15.06
20.21
23.8
22.78
24.71
23.16
9.3
8.84
24.01
24.55
16.69
7.13
10.56
16.26
20.88
25.37
25.27
20.05
13.67
13.78
6.61
17.38
21.92
15.12
20.91
18.93
12.73
16
18.94
21.15
14.77
15.86
10.79
20.81
25.33
24.51
22.2
11.71
10.87
7.99
19.49
13.89
25.55
28.32
26.73
25.79
28.48
29.51
26.93
23.35
21.41
22.64
25.1
16.7
23.65
23.26
20.77
29.75
34.13
28.1
8.26
15.85
18.08
22.34
23.96
16.43
15.35
18.2
15.98
15.3
9.47
5.81
13.84
16.46
16.62
18.13
17.48
18.63
25.53
27.03
22.51
19.46
24.2
24.4
24.17
24.75
25.7
22.39
7.91
21.04
19.83
12.63
10.56
4.4
15.67
21.98
23.82
22.75
24.88
26.82
24.54
20.55
21.03
23.04
25.46
24.62
18.03
5.67
20.95
22.27
18.18
13.05
20.68
21.11
18.62
9.38
18.99
22.24
20.53
13.54
15.31
15.59
26.16
28.06
25.91
21.74
10.37
7.65
7.17
10.77
17.88
15.74
8.9
15.63
24.13
26.08
23.55
23.93
24.69
21.96
20.12
18.44
17.94
15.48
10.83
12.32
19.22
22.39
24.47
25.44
24.11
23.37
22.54
21.32
23.42
22.89
19.83
13.18
4.62
13.75
12.93
14.83
11.89
13.25
23.18
23.71
15.5
9.42
17.24
20.12
21.64
17.07
18.07
22.56
23.48
21.7
20.39
20.68
21.37
19.86
17.35
17.95
14.22
12.59
12.38
12.43
5.04
19.45
15.49
19.07
22.82
18.65
10.67
16.09
17.91
11.88
16.63
18.5
20.58
19.76
13.05
17.8
8.27
18.7
17.82
6.75
18.13
16.71
10.28
2.66
2.59
4.61
0.62
16.34
21.48
21.09
14.4
12.84
18.28
20.8
20.62
22.66
22.71
20.04
13.96
9.13
5.55
6.98
14.83
17.26
19.47
24.18
23.93
18.34
19.4
22.62
19.88
14.67
16.3
2.57
11.89
16.15
20.49
17.3
10.58
9.34
15.27
19.86
19.95
13.46
16.04
10.05
6.1
13.62
18.41
18.43
11.54
16.29
14.29
11.07
2.71
17.1
18.01
11.1
10.41
16.48
15.51
13.64
16.04
22.01
21.85
22.75
22.54
15.45
12.95
14.08
5.95
18.39
21.93
19.84
17.86
20.06
18.7
18.17
10.48
16.23
19.39
13.6
17.52
16.99
14.62
19.07
20.27
19
20.58
22.97
18.32
8.28
18.56
19.83
20.98
18.55
13.84
16.22
16.83
14.85
1.72
15.87
21.94
23.65
21.18
9.91
13.79
11.06
2.36
5.27
0.05
10.29
15.41
15.39
8.69
14.79
17.97
17.09
11.9
3.14
18.39
20.26
15.21
9.05
12.96
15.56
15.64
16.24
14.71
10.39
13.38
18.06
11.78
13.64
18.15
12.32
1.26
1.81
6.91
17.99
14.08
8.09
6.08
12.75
18.98
17.99
14.07
14.82
8.95
0.8
11.7
14.2
15.41
19.38
15.03
-5.24
11.76
16.49
16.71
13.48
-2.04
9.95
2.87
11.04
13.97
6.85
11.71
17.2
17.67
13.23
14.26
13.7
9.56
15.87
10.73
6.39
0.33
3.06
13.73
19.35
15.46
1.7
14.64
17.22
15.9
15.95
15.9
14.11
12.22
6.27
3.48
0.78
16.44
21.79
20.85
16.55
16.55
15.03
3.22
-13.24
17.05
17.05
5.95
15.52
17.14
17.63
16.11
17.02
16.63
13.27
12.03
10.28
-5.39
1.73
13.48
9.16
13.79
16.81
16.84
15.47
18.28
16.2
3.11
11.98
13.76
12.78
8.98
8.35
11.83
11.22
11.55
15.78
17.3
18.67
19.35
13.84
16.07
21.3
23.46
21.48
16.68
8.12
3.13
10.23
11.59
14.09
14.68
13.17
15.28
11.5
10.96
12.58
12.29
13.05
4.63
15.16
14.41
18.78
21.41
19.89
11.12
7.54
4.76
-0.96
12.61
12.72
14.84
17.42
18.07
13.82
13.47
12.5
3.6
3.19
7.41
9.9
0.26
11.49
11.45
1.1
5.49
13.45
17.21
18.57
16.07
8.38
4.91
9.06
12.88
11.21
11.41
16.45
17.08
16.66
13.7
11.34
7.25
8.98
19.59
19.39
11.89
7.43
13.44
9.63
12.94
17.22
12.23
9.6
6.73
-1.02
-2
4.94
10.84
10.91
17.02
21.28
18.8
16.57
10.82
16.94
17.18
16.44
15.61
9.71
6.28
12.13
15.84
15.68
15.17
18.62
19.04
16.54
14.95
12.16
8.28
13.21
16.17
12.71
14.75
10.96
14.57
22.15
22.77
13.92
18.36
19.38
19.32
20.53
17.14
16.9
16.27
9.84
5.48
17.62
20.82
17.61
13.35
15.04
14.52
14.89
16.62
15.96
10.29
-2.74
7.19
11.73
18.61
19.82
16.06
13.46
18.72
20.14
19.06
15.29
8.52
15.65
16.75
14.37
9.4
7.47
14.59
15.44
7.07
2.73
-4.7
13.23
14.84
6.56
12.35
10
8.63
6.83
17.92
16.85
2.41
14.56
15.31
13.27
12.6
14.95
-0.19
18.22
21.06
19.27
20.12
18.98
15.77
-0.14
12.88
18.93
22.53
23.61
22.73
18.2
17.31
14.21
11.82
15.59
6.57
12.88
2.08
4.49
10.91
15.28
11.76
2.47
15.87
17.22
12.98
13.87
16.48
17.4
18.42
18.58
8.1
8.49
3.53
9.85
8.91
6.4
11.77
11.77
13.23
7.65
10.02
11.05
9.45
14.52
14.96
13.12
9.64
7.28
14.75
13.82
8.73
11.07
14.34
16.68
10.57
10.55
7.31
8.29
15.87
17.77
18.67
17.61
16.35
17.22
18.93
14.38
8.99
13.23
13.26
-0.14
11.42
16.58
16.21
-3.31
13.42
14.92
10.39
12.75
16.23
12.57
10.54
17.64
19.79
15.7
12
11.44
13.96
-6.58
13.22
13.36
9.88
4.89
10.73
13.33
1.53
9.11
7.92
-1.2
5.49
7.31
7.27
10.4
19.6
15.9
19.92
22.89
13.54
19.02
21.2
14.07
-1.53
8.93
14.43
16.62
16.75
12.16
10.97
14.32
5.05
18.88
21.11
21.85
17.87
20.15
22.83
14.45
16.41
21.27
20.65
20.07
22.67
18.24
18.1
17.27
9.57
13.67
19.65
18.43
13.32
13.61
10.28
13.98
18.55
20.27
18.46
13.1
8.1
15.67
18.26
17.93
12
10.88
15.16
8.14
2.61
14.68
17.74
10.96
14.6
15.69
13.76
17.39
15.37
14.91
19.91
23.15
24.38
21.7
19.45
16.74
7.42
16.98
14.76
1.43
14.96
14.83
20.86
20.57
13.96
11.98
7.62
10.09
14
14.65
16.01
19.01
22.3
18.16
13.77
18.96
18.14
22.89
19.63
3.13
8.42
17.19
15.3
13.87
20.33
15.99
1.41
14.27
17.88
21.63
23.12
16.97
8.41
19.22
20.9
14.49
18.45
12.82
6.3
15.2
16.21
14.22
17.96
18.68
11.91
2.77
18.05
22.08
22.75
17.11
15.95
20.48
17.5
16.72
18.83
19.54
11.64
11.17
14.31
11.23
15.9
19.18
11.89
18.87
22.66
14.36
11.72
9.29
15.47
18.42
15.75
20.12
18.56
14.28
19.89
20.25
9.29
7.41
17.69
25.69
26.73
23.72
8.29
21.22
22.13
16.2
11.95
17.83
19.47
20.25
18.45
13.69
17.39
20.78
18.27
2.18
13.37
20.19
21.91
19.63
19.79
20.24
18.1
13.42
14.78
14.01
0.1
11.64
10.91
8.69
5.22
11.66
15.85
19.09
18.42
12.43
14.31
19.18
14.15
21.15
22.85
17.84
4.98
6.05
18.44
18.4
8.77
18.11
19.42
17.63
23.15
22.46
15.29
21.56
23.68
14.35
17.23
20.79
17.78
18.27
19.49
16.49
9.64
18.58
16.85
20.09
22.6
21.24
13.46
15.42
17.78
13.1
22.5
18.25
11.83
18.68
18.49
2.95
17.75
22.72
19.73
13.78
24.67
24.88
16.73
18.28
24.76
23.64
14.45
8.69
11
14.55
23.03
22.52
19.02
15.63
8.61
19.05
21.42
22.79
18.25
6.8
21.32
21.93
13.37
14.84
17.46
18.85
15.4
3.2
1.01
13.08
21.17
24.41
21.86
11.92
23.35
20.98
17.73
20.02
22.06
19.13
21.76
25.27
22.16
3.48
20.16
15.06
4.88
-0.13
15.08
17.4
19.15
12.97
2.52
18.45
21.71
17.58
19.54
21.7
11.67
18.32
21.2
19.95
19.97
14.71
18.15
19.15
15.81
10.03
21.31
19.17
12.15
18.38
10.76
11.02
16.82
17.32
9.27
15.9
16.63
11.83
15.28
9.51
18.47
19.83
18.33
18.4
20.82
16.21
20.09
22.65
22.45
8.39
19.27
21.95
23.22
21.88
16.56
21.53
21.47
20.14
21.73
13.92
17.68
22.37
16.28
19.33
19.49
24.42
24.01
17.65
16.96
19.06
19.24
16.95
18.15
15.78
23.8
22.17
16.95
9.55
10.55
15.58
19.28
17.36
2.28
12.78
3.41
9.37
12.05
16.51
9.84
16.94
19.24
22.48
22.11
17.64
16.72
19.99
20.72
23.04
18.01
13.97
15.93
1.58
12.4
16
16.75
14.71
22.09
22.57
20.29
19.67
21.52
12.92
19.79
18.52
12.98
18.66
21.57
21.46
17.29
23.55
23.09
18.27
19.88
19.23
23.81
24.88
23.06
18.84
20.51
17.91
-8.5
16.83
18.42
13.16
16.11
15.76
-12.31
16.51
19.64
19.65
18.52
11.86
14.64
21.06
21.19
18.57
8.63
16.37
19.96
14.84
14.95
12.24
10.2
21.69
22.33
16.74
17.7
19.88
20.62
22.49
20.67
18.97
21.88
23.89
21.92
12.34
9.59
9.55
10.43
16.82
17.3
7.6
9.49
15.57
16.19
18.65
21.11
19.78
11.76
16.41
15.61
15.26
23.73
23.89
20.5
17.45
17.49
19.02
22.78
22.93
19.94
17.88
18.12
18.68
15.3
12.53
14.53
9.88
15.96
20.04
11.61
19.72
23
21.89
20.97
17.96
-9.39
19.4
22.98
21.25
14.88
13.47
14.78
11.55
11.87
14.49
12.65
14.41
18.68
20.72
16.6
15.31
19.87
17.39
19.88
21.68
18.23
13.15
20.1
17.8
18.48
18.07
20.18
19.51
16.76
19.4
17.68
15.2
18.33
12.1
7.49
12.78
12.85
12.67
21.77
22.33
18.41
13.69
2.59
18.38
21.23
19.3
17.41
13.35
17.43
15.75
15.04
20.82
18.69
9.94
15.2
15.5
13.74
19.14
20.49
15.48
5.6
12.36
10.46
11.45
14.81
19.01
20.23
22.32
22.93
19.55
15.49
7.49
4.46
1.04
7.65
16.41
17.7
17.6
19.45
19.23
20.02
19.81
11.95
9.13
16.92
14.42
8.56
11.87
8.19
18.02
22.24
21.37
18.59
-10.65
16.96
13.71
13.94
20.14
15.8
10.79
19.54
18.17
11.01
4.58
-2.6
16.02
16.57
5.64
14.45
18.31
18.06
18.6
15.94
7.34
13.12
16.98
20.35
17.11
15.51
18.72
14.79
15.58
22.44
21.34
11.84
10.4
8.13
1.74
5.04
6.92
12.37
15.62
16.59
14.8
7.95
12.53
15.27
10.03
4.38
13.78
0.51
17.19
17.1
16.86
10.16
13.78
14.05
8.6
19.5
16.26
-1.57
14.16
16.3
13.41
15.47
19.36
19.72
15.31
4.97
11.2
15.31
18
11.53
11.11
14.19
17.18
16.41
11.5
14.4
13.49
8.86
13.82
7.67
15.24
12.45
7.58
12.5
16.48
6.17
12.87
15.02
13.05
10.82
15.88
18.85
16.63
1.58
16.03
10.1
8.4
12.21
15.61
9.33
15.83
9.8
11.86
16.23
19.82
18.22
13.37
7.55
8.85
15.44
20.86
19.16
8.46
10.64
20.71
22.38
17.55
10.69
14.58
20.32
20.26
18.53
14.55
15.24
20.1
18.25
7.42
16.15
21.35
19.04
13.21
12.39
15.16
10.18
11.65
13.98
10.9
3.28
18.02
21.05
17.81
13.54
11.44
14.29
13.96
5.55
14.51
14.13
12.2
13.08
10.91
14.25
-14.08
14.6
14.69
13.18
22.07
21.8
14.19
15.09
16.56
17.03
20.5
20.23
17.36
18.05
18.51
14.05
5.1
1.63
14.16
18.74
12.83
3.61
-2.48
16
18.48
13.57
10.31
13.69
15.46
13.42
7.41
14.46
3.69
17.48
13.71
9.37
16.62
14.7
8.02
-1.68
14.4
16.89
17.31
13.56
-4.97
13.97
14.79
13.62
14.34
1.47
12.5
13.72
7.96
12.67
11.69
17.07
16.48
14.22
6.55
10.41
15.37
17.08
11.99
14.04
18.09
16.72
11.85
11.94
11.63
10.46
4.06
9.92
7.81
11.14
13.1
10.81
13.21
16.64
14.08
13.88
8.63
12.31
18.72
17.5
14.64
14.07
13.46
14.84
11.96
9.84
14.37
12.82
-5.84
11.58
17.81
19.62
18.59
15.82
13.12
9.34
8.67
12.73
5.95
8.56
14.92
17.69
14.51
13.2
16.17
13.08
8.81
11.44
12.27
3.96
8.15
4.94
0.91
11.94
16.11
17.43
20.42
19.7
16.76
16.59
15.16
18.13
15.27
15.33
16.26
17.6
15.78
12.37
8.05
16.95
12.5
12.62
17.11
18.11
17.55
13.58
3.05
9.96
15.88
15.61
3.44
10.85
9.19
6.88
10.83
11.46
13.82
9.9
10.46
14.75
17.05
13.01
9.46
8.58
13.8
11.92
14.28
15.68
17.03
17.74
13.72
-2.13
10.59
15.91
14.44
10.16
12.86
11.93
9.27
2.71
-0.41
12.65
18.09
18.93
16.79
12.94
9.26
-0.1
10.61
11.43
13.22
9.31
3.19
12.19
19.97
21.74
16.92
-0.82
1.46
10.7
17
20.1
18.03
-0.64
15.02
12.16
11.16
13.57
8.45
11.42
13.33
11.19
-1.51
-3.12
8.51
11.37
5.88
4.12
-3.69
11.87
13.21
9.63
4.43
9.37
19.17
20
14.17
15.59
18.08
14.33
10.72
9.4
7.86
10.51
16.22
18.66
19.23
17.26
16.98
14.62
2.36
15.27
16.38
12.5
9.68
15.51
15.63
9.21
13.42
16.89
14.77
9.26
12.31
17.05
13
10
15.17
12.3
1.93
16.01
18.97
16.17
10.94
12.8
13.46
10.6
13.2
16.44
13.94
8.07
13.16
-6.14
10.7
9.95
5.92
-6.58
10.01
12.11
7.03
4.92
16.13
15.32
7.81
-1.4
5.84
11.6
17.87
17.64
4.81
5.79
9.12
15.32
14.37
12.44
10.57
10.42
18.39
16.99
8.79
13.86
14.62
10.77
6.41
13.32
15.27
5.6
10.76
12.94
8.3
7.68
10.42
14.94
16.97
15.93
16.03
16.06
9.87
11.53
15.47
15.87
18.09
17.71
18.55
17.81
11.88
12.52
16.39
19.52
16.9
-6.44
15.86
18.71
17.14
7.86
9.82
10.53
9.4
-0.09
7.83
11.75
10.08
8.9
9.31
10.73
7.56
-1.8
3.96
10.24
13.51
12.28
0.29
13.4
16
9.34
13.58
17.31
9.52
10.71
14.6
16.47
14.96
6.85
17.64
14.09
7.91
16.93
20.26
16.56
11.45
9.79
12.46
6.42
11.05
12.11
8.58
4.65
8.59
13.62
12.57
9.34
9.75
11.36
13.93
11.12
-6.87
10.75
13.24
13.65
11.19
4.78
12.87
15.53
9.73
5.57
-9.92
12.86
12.98
13.39
12.53
10.5
14.99
9.31
7.27
10.47
7.95
8.13
12.81
14.56
10.57
8.04
14.27
13.83
13.77
15.26
15.11
14.1
15.92
15.87
3.6
9.93
8.29
6.07
-5.13
5.98
5.94
0.12
8.95
12.67
10.03
7.17
4.42
1.2
-5.13
7
3.05
10.08
11.18
10.49
13.18
6.09
5.77
9.71
13.51
12.56
2.86
8.67
10.26
11.64
13.16
13.98
7.96
7
10.79
15.1
13.45
1.43
13.26
9.5
14.51
9.95
1.62
4.73
9.57
10.1
10.64
12.31
8.12
-1.02
5.83
10.43
-2.69
11.19
12.85
8.85
6.32
6.74
2.3
14.89
20.47
6.39
12.67
11.53
15.25
17.5
15.18
11.74
-11.68
14.62
17.02
8.46
11.83
9.57
-4.47
6.6
10.12
-4.25
11.27
15.05
10.39
8.56
9.14
10.89
10.74
1.94
7.45
3.13
-24.99
7.66
9.33
2.84
14.88
18.06
14
6.25
16.26
14.28
9.03
15.65
20.08
18.78
13.08
12.78
13.71
10.51
12.54
10.09
16.69
12.38
6.55
8.73
2.18
6.76
13.39
6.93
8.58
9.36
5.68
10.78
14.57
19.34
20.54
9.54
11.29
2.68
9.07
9.31
6.97
13.61
17.26
16.93
14.04
6.28
7.47
16.7
18.66
14.98
10.78
8.6
6.3
13.77
13.22
6.25
9.08
10.61
10.76
11.97
13.42
13.96
16.82
16.12
7.75
12.06
6.21
15.93
17.9
14.15
17.69
18.16
12.42
12.2
13.85
10.65
14.94
13.36
15.54
3.68
10.09
9.79
16.25
19.5
17.37
15.37
17.76
16.71
7.1
13.01
13.87
10.21
6.85
6.27
10.46
11.17
14.96
15.11
12.41
13.85
15.28
15.11
12.94
13.25
14
3.75
1.52
8.4
16.73
16.21
4.51
6.67
8.82
5
16.86
19.48
18.95
11.89
9.11
15.63
16.31
17.49
20.38
20.25
15.99
14.22
12.48
10.12
11
2.63
8.36
11.23
6.57
4.68
2.86
6.25
15.38
16.64
12.37
12.02
9.6
9.42
9.35
12.54
12.08
7
-3.97
3.31
-0.24
9.69
1.73
8.5
17.31
14.71
13.77
6.1
-2.15
6.05
-1.32
-7.09
7.86
8.77
8.49
15.73
18.33
15.48
-6.26
10.59
8.37
15.28
10.75
9.13
11.32
12.78
4.49
7.32
5.58
8.14
5.65
16.7
20.03
18.01
12.87
10.99
15.39
16.31
11.28
10.03
8.77
12.14
16.29
14.99
11.77
13.73
17.3
16.66
13.01
9.17
13.96
13.82
9.05
6.83
6.36
15
15.04
3.54
5.74
-0.03
0.83
-3.08
11.32
14.05
2.77
17.39
16.89
10.36
-0.63
7.3
9.1
13.03
14.84
15.63
8.76
3.64
18.06
18.32
16.56
5.48
11.73
8.82
12.5
17.1
9.83
6.89
-14.53
13.82
15.58
14.69
12.84
11.2
13.11
5.81
-6.52
11.82
10.54
8.68
12.97
17.12
16.71
11.08
7.56
-0.31
7.16
14.88
16.46
10.48
14.54
13.3
17.8
19.78
21.38
21.06
17.26
11
3.49
3.95
11.01
18.38
17.61
6.17
17.83
16.04
13.37
14.64
16.92
17.81
18.82
15.88
-8.22
9.41
-2.77
13.46
14.31
13.24
14.39
14.41
14.47
9.4
11.62
12.87
16.1
17.83
12.82
9.76
6.13
1.32
5.1
2.12
5.86
4.44
1.1
9.07
15.16
16.53
15.29
12.53
9.61
5.48
11.05
3.18
2.11
5.26
1.42
9.62
10.13
8.84
8.7
3.57
10
14.69
11.75
9.39
-17.48
7.73
5.1
12.78
13.39
7.24
9.89
16.16
16.39
15.71
14.76
9
9.64
14.87
14.58
13
1.39
4.35
10.16
9.04
10.31
15.3
8.69
11.92
6.12
13.64
16.89
10.92
5.78
10.15
11.42
12.43
11.44
9.21
12.93
9.28
2.79
2.52
-3.73
-2.01
7.27
2.83
14.12
18.13
16.97
16.31
16.71
12.58
9.04
7.82
8.3
9.17
13.5
10.89
5.97
4.7
-1.52
11.84
13.99
12.07
12.46
-19.14
15.61
19.06
16.79
13.96
11.38
14.41
11.7
13.25
13.38
12.77
11.63
9.53
8.13
12.36
3.93
9.22
-12.54
4.15
-13.45
2.67
4.3
5.75
13.03
7.57
5.29
9.51
5.33
13.48
13.15
15.01
18.24
16.59
7.4
13.72
9.42
15.18
18.08
14.31
10.52
7.91
2.8
1.57
5.69
12.1
2.74
13.58
11.8
-7.05
14.51
13.99
8.07
9.47
1.36
3.68
4.73
1.59
6.81
12.69
7.03
-14.97
12.72
15.66
14
12.32
11.44
14.27
16.08
12.65
12.63
15.66
9.39
12.87
10.38
10.63
7.17
3.73
4.45
6.39
10.67
14.35
11.03
2.27
11.58
12.35
14.13
14.48
15.38
13.37
2.45
6.46
9.29
8.66
16.48
9.34
14.31
14.65
11.57
11.75
9.49
11.97
13.47
12.08
11.04
17.84
20.03
15.83
8.58
4.57
9.61
12.08
14.34
14.7
9.2
10.41
6.31
12.84
5.93
3.04
6.66
0.11
2.35
-5.73
7.55
1.89
8.09
13.81
14.92
10.33
9.98
3.52
11.87
12.55
8.73
4.33
5.17
14.65
15.42
10.36
13.23
9.76
9.23
12.14
15.33
15.8
10.39
-5.19
5.55
3.26
12.41
17.03
18.11
18.05
16.77
14.39
12.46
9.8
1.99
13.57
12.36
7.4
8.58
11.6
13.67
11.54
8.63
7.86
12.96
12.74
8.34
3.82
9.17
13.73
13.98
9.5
-1.79
-0.66
2.86
9.85
17.26
15.09
1.38
13.7
16.29
13.01
4.21
7.39
6.03
8.92
14.64
11.71
6.33
13.44
16.72
14.51
14.82
13.31
5.35
16.26
18.91
11.74
10.05
7.59
6.22
11.65
10.45
6.03
9.02
5.45
5.13
11.37
14.39
14.2
9.61
4.28
6.92
9.26
8.13
4.83
2.2
5.11
6.33
2.59
9.53
12.79
10.08
7.23
10.19
7.85
7.63
5.85
12.11
13.68
-3.66
12.22
11.21
-10
5.63
10.31
16.22
16.27
15.08
12.24
-2.47
4.05
13.28
12.3
7.53
1.78
12.18
11.77
3.26
13.97
12.76
8.13
13.57
10.4
5.47
-7.03
-2.81
10.74
13.01
10.65
14.39
14.68
13.13
15.24
10.34
-2.01
0.62
12.04
13.4
7.96
12.98
16.49
10.57
4.47
3.48
7.04
11.2
15.3
11.75
-4.85
2.75
3.58
12.12
7.41
9.71
12.5
13.44
18.66
19.69
17.95
15.72
10.71
2.16
-0.88
6.33
7.56
0.29
3.2
7.62
8.24
7.47
7.49
7.91
11.47
12.06
7.61
12.13
10.97
15.2
14.93
10.98
9.2
10.79
11.95
12.08
12.47
8.13
6.91
3.38
2.37
9.24
10.71
6.35
10.17
14.21
10.51
9.32
3.61
5.96
5.17
-3.83
7.15
5.92
6.78
7.6
7.32
10.19
14.51
13.92
-3.18
14.56
13.24
7.4
13.54
15.28
8.2
-0.14
7.87
11.83
12.53
11.27
-2.51
8.24
1.85
11.22
14.05
14.21
5.75
12.87
6.53
11.07
10.47
14.52
14.28
10.75
6.5
9.45
9.58
5.8
6.03
10.2
2.21
13.02
13.5
6.48
11.39
16.9
16.06
11.18
5.46
10.67
10.01
11.61
7.19
8.71
7.13
3.87
7.67
3.77
10.65
14.07
13.48
9.72
7.47
14.4
16.26
12.41
10.82
13.36
5.57
-5.62
-3.82
5.88
9.63
15.52
14.36
4.4
5.01
7.6
8.73
12.11
6.22
6.21
8.91
5.35
9.12
7.77
-4.76
9.45
-4.49
11.81
13.27
14.22
15.99
14.17
9.95
12.39
15.5
9.1
5.67
10.93
12.74
16.63
16.97
9.31
0.25
11.73
15.78
10.5
11.3
16.04
12.59
9.78
6.75
9.45
9.91
10.46
12.07
10.85
0.66
2.37
12.79
13.63
12.19
7.6
3.99
4.35
9.55
5.91
10.16
7.8
11.96
14.65
8.38
10.43
15.24
12.35
8.08
0.84
15.32
17.72
16.11
12.98
-4.5
12.22
12.12
12.06
11.38
7.34
8.66
10.75
7.15
7.65
6.59
1.86
12.91
9.51
-5.3
5.13
9.13
13.91
10.81
10.9
14.77
16.22
18.45
17.82
13.91
12.41
6.26
10.58
12.73
4.41
7.79
5.82
10.85
3.23
0.47
-6.39
-2.5
9.29
10.88
14.06
17.68
17.34
4.01
8.69
5.57
11.2
15.13
15.74
17.23
11.27
10.09
13.87
10.61
4.92
14.34
14.1
-5.17
-2.8
13.49
16.74
13.89
12.73
13.86
10.56
-2.96
-0.21
10.67
12.08
17.6
16.59
17.75
20.81
15.83
5.85
4.62
6.59
1.16
14.85
14.36
-4.55
9.29
5.85
7.83
14.87
16.75
14.6
10.67
4.27
4.32
3.77
4.45
1.96
7.4
8.44
1.69
5.85
12.55
8.85
14.55
-1.66
16.21
17.14
15.89
14.97
11.35
2.45
4.52
7.1
18.09
22.15
18.39
0.1
11.49
16.29
15.93
8.06
10.25
16.78
16.89
14.93
0.5
13.77
15.21
10.1
0.44
5.82
11.74
2.22
10.21
12.01
14.06
14.68
18.1
17.63
17.61
19.09
18
10.02
4.71
7.19
2.65
16.64
20.51
20.77
17.42
13.86
14.74
13.78
10.05
13.14
8.08
1.26
10.39
12.22
15.15
16.94
7.96
11.76
12.31
11.79
12.39
1.56
7.57
1.08
5.48
6.06
16.02
16.77
9.03
10.2
14.98
12.01
4.18
-2.18
11.22
14.75
5.15
15.55
19.29
16.95
10.36
13.56
16.01
11.89
8.17
14.18
16.39
16.5
16.18
14.94
8.57
14.71
14.26
4.43
-0.08
4.19
10.08
10.7
5.95
10.7
10.67
-5.48
2.77
5.61
5.68
2.26
8.45
12.19
15.32
18.59
16.8
12.54
11.68
12.45
12.11
13.92
15.84
12.64
-5.79
2.7
1.95
12.39
15.93
17.2
18
16.58
15.01
16.61
15.73
6.7
3.18
9.23
17.87
20.53
16.46
5.46
12.13
15.31
10.68
12.07
12.93
9.16
5.48
3.05
8.54
8.89
13.82
15.21
11.52
6.53
10.56
13.47
9.97
3.95
10.58
12.47
0.62
6.73
15.19
19.1
17.88
14.83
14.54
13.59
12.18
13.26
16.6
19.32
19.23
17.67
17.11
16.95
12.14
-0.64
8.34
13.17
11.49
13.97
17.23
18.06
15.69
11.14
9.85
13.19
13.1
8.61
6.94
7.92
2.19
13.02
14.65
9.76
6.57
-6.38
