11.94
10.33
12.09
13.55
10.06
6.22
5.99
8.65
11.48
12.68
10.18
5.87
5.43
1.5
9.46
7.11
1.41
9.29
9.57
2.43
9.52
5.07
6.32
7.14
5.84
10.87
8.65
6.74
8.4
7.74
9
8.79
-1
6.69
8.18
7.93
3.43
8.55
12.14
11.08
1.77
-3.35
5.83
10.77
14.56
13.88
9.6
-0.67
7.53
-0.12
4.95
9.65
6.47
7.21
-0.86
6.74
7.67
9.26
15.49
15.67
14.98
14.36
12.57
8.27
7.85
8.87
9.33
7.28
10.67
12.31
8.33
0.94
10.1
10.78
13.34
14.95
12.21
1.03
3.67
9.18
9.76
-2.23
10.47
14.64
11.92
9.29
10.96
7.16
-5.38
-4.4
3.17
9.94
13.5
10.37
11.3
14.88
18.15
17.83
15.89
10.81
-0.87
10.58
13.93
11.67
7.38
10.83
12.86
12.65
8.88
8.19
5.75
9.8
14.17
10.44
6.86
12.74
14.07
9.51
2.78
7.6
10.49
6.4
1.09
8.07
8.96
10.71
13.42
14.21
14.5
15.17
15.09
13.49
14.55
14.23
11.11
1.44
-0.9
1.78
6.64
9.47
9.84
9.56
9.62
10.03
15.42
17.72
15.55
11.35
9.99
7.88
-3.2
3.58
4.36
13.03
13.43
11.95
11.49
11.08
12.52
8.25
-5.62
6.75
15.04
14.56
11.42
11.72
11.92
14.51
13.33
5.92
4.47
-8.7
5.31
6.37
10.5
-9.99
12.08
13.01
9.8
-2.31
1.13
9.04
12.34
11.57
7.44
3.07
-4.2
1.73
-7.59
-1.46
7.03
2.34
12.31
16.31
17.51
16.63
4.8
12.73
16.59
13.04
12.6
19.94
18.66
12.68
8.15
17.17
16.54
13.47
13.56
10.78
-3.23
4.84
10.15
11.36
10.15
5.88
-3.67
-0.82
6.64
6.89
0.72
8.49
15.18
13.07
3.7
7.46
14.66
12.9
6.62
2.87
5.26
4.49
10.71
11
8.25
7.09
11.22
14.22
14
8.26
4.76
6.39
10.6
12.67
13.46
8.91
3.14
8.43
7.42
-1.65
5.52
11.3
13.95
13.41
15.46
18.33
16.8
12.2
10.24
6.35
0.12
0.2
6.76
1.55
0.63
10.01
11.31
11.4
12.93
12.98
14.65
14.83
15.45
15.62
13.51
11.11
0.67
1.88
7.8
0.95
3.74
5.96
5.14
7.67
8.89
0.47
0.95
9.69
14.03
11.18
-1.44
3.21
0.17
8.83
10.24
12.25
13.33
15.05
13.47
4.81
2.51
3.59
5.48
12.14
11.89
9.76
14.63
7.36
12.35
11.03
-2.03
2.54
10.95
12.75
10.73
10.92
11.45
11.72
6.64
3.26
8.81
3.36
-3.6
9.65
11.8
12.44
9.92
7.69
7.15
-8.67
1.26
9.56
10.82
9.29
10.55
11.37
11.34
12.63
14.77
15.92
15.68
14.9
12.81
-12.53
9.74
4.32
2.06
3.06
3.06
9.09
6.2
6.08
3.71
9.48
14.76
14.01
10.31
3.09
-3.41
1.28
3.54
11.39
14.47
13.51
5.01
5.17
4.92
8.47
1.87
5.12
8.54
10.11
10.36
3.15
4.43
11.52
9.15
0.29
-3.67
8.91
14.08
8.41
10.82
12.59
5.2
9.12
10.35
5.25
5.49
1.41
9.05
12.2
10.91
6.78
3.21
6.08
12.88
15
9.38
7.57
11.55
17.76
16.01
10.25
7.58
8.18
4.62
11.03
8.58
11.32
14.17
5.8
9.62
8.88
11.01
10.35
7.49
8.53
-2.28
10.38
14.42
11.66
8.25
11.71
11.68
-0.44
3.3
3.97
8.66
11.28
8.86
4.83
8.21
10.75
8.44
13.01
10.53
3.76
10.49
2.77
10.97
13.04
6.47
-1.46
10.86
12.87
9.64
6.41
6.45
12.21
17.02
16.68
14.37
9.59
5.74
11.34
13.41
11.26
8.53
12.7
12.85
6.96
14.7
12.71
1.5
8.02
0.92
8.42
10.63
10.51
15.62
13.86
6.46
6.93
9.24
8.14
9.05
8.25
9.49
7.79
11.2
13.87
14.29
7.96
11.1
3.52
3.85
17.43
20.88
16.46
7.17
10.75
1.58
13.25
12.09
0.79
0.47
10.27
9.29
12.98
11.26
8.95
12.22
9.13
11.75
10.72
9.11
10.85
14.8
7.29
6.89
6.55
12.53
15.3
13.21
10.69
9.85
9.28
11.38
4.26
9.54
6
0.51
-4.4
0.62
6.1
12.12
14.35
4.14
-3.29
4.83
10.28
12.53
13.59
9.01
7.31
2.72
8.39
8.06
-1.46
10.12
14.42
13.03
2.45
11.02
11.02
10.69
10.54
7.55
-4
6.54
7.46
0.52
5.77
8.89
4.47
3.94
7.41
1.14
-0.71
9.18
5.7
0.99
1.08
12.55
14.17
10.58
8.31
9.16
9.42
7.25
7.41
-0.97
8.31
14.08
13.58
10.13
-11.64
9.98
16.34
17.77
13.29
3.98
-4.03
-2.48
8.86
11.68
11.53
2.41
3.38
5.55
3.31
14.03
10.75
1.05
0.81
6.58
14.25
19.56
21
19.53
17.77
15.65
13.38
11.52
8.63
2.86
6.98
13.46
12.18
3.08
5.92
3.7
7.45
7.48
6.56
6.47
-6.14
2.97
12.06
15.67
15.44
11.59
3.28
0.49
8.64
10.73
8.38
1.82
1.99
5.17
7.36
8.12
8.89
7.54
11.28
12.57
9.19
-9.31
2.86
2.11
2.63
6.86
12.94
8.11
8.01
8.26
2.85
-4.18
3.7
0.28
8.82
12.26
13.32
10.9
12.02
12.58
2.02
14.27
14.28
9.3
5.48
9.91
9.94
10.32
12.55
11.99
9.81
10.92
8.98
-3.17
-1.55
7.14
15.63
13.54
2.33
-1.83
6.39
11.21
7.74
-0.4
9.72
13.94
10.24
11.78
11.65
11.34
12.15
2.04
3.7
4.71
10.24
15.84
11.9
9.81
7.49
7.73
11.11
10.7
8.03
10.19
8.22
2.39
3.26
6.9
9.46
6.66
11.61
-1.01
8.61
10.16
16.73
20.4
18.3
10.55
4.76
9.02
8.25
11.52
9.92
5.23
9.25
11.67
13.15
15.17
13.25
9.31
9.6
1
6
10.24
9.48
7.46
-2.59
7.81
11.52
6.86
8.48
11
5.51
9.74
15.16
15.24
13.53
14.38
14.9
7.44
9.08
14.34
16.19
16.11
8.58
-9.36
3.78
7.65
9.78
9.12
-0.39
8.84
14.34
14.13
-0.7
7.79
6.88
13.03
12.06
2.54
5.87
-19.27
4.94
-4.43
-3.79
3.22
3.99
2.59
1.27
0.89
6.63
3.13
2.26
4.69
3.71
7.54
8.75
-0.27
3.88
6.66
11.67
11.33
-0.2
10.82
8.67
10.19
6.83
3.21
7.66
2.69
3.74
11.46
16.02
15
20.66
16.68
18.33
19.95
14.92
17.38
23.2
24.99
26.08
22.67
15.02
20.9
18.11
13.92
13.28
10.74
2.08
0.2
13.35
20.93
24.13
19.21
3.25
-3.66
7.67
14.98
24.49
24.14
18.58
11.44
18.54
18.72
15.17
20.51
23.9
23.01
24.81
25.91
26.99
23.64
7.13
10.21
11.36
14.24
12.27
19.18
19.88
15.96
16.94
17.9
14.17
19.17
24.07
25.06
31.94
32.22
29.47
23.37
21.46
27.36
29.2
27.68
21.95
13.07
13.96
22.94
26.55
25.86
17.16
15.31
13.25
15.12
21.35
23.11
20.36
14.01
19.71
20.29
20.27
22.07
24.81
23.42
17.7
17.69
14.72
21.95
21.4
20.24
18.51
13.53
20.02
21.59
21.84
7.89
23.95
21.03
10.95
5.73
7.81
10.24
7.63
-3.13
13
15.18
10.57
14.95
23.59
24.69
18.93
15.75
15.67
4.68
5.44
13.25
18.78
2.78
24.13
23.95
20.95
16.94
23.44
26.23
21.77
18.86
21.7
24.23
22.82
16.2
20.98
27.02
27.65
24.01
20.27
20.06
26.51
28.54
27.31
23.93
17.39
11.37
7.69
-2.73
4.52
16.28
18.68
16.98
16.86
24.61
24.3
18.63
20.21
26.06
24.8
15.24
4.97
18.37
15.95
16.32
20.28
13.56
25.96
27.43
24.46
23.02
18.87
18.97
23.33
13.21
18.42
25.39
27.81
29.29
26.41
19.98
28.44
30.25
24.51
26.06
23.31
19.05
20.62
19.37
20.3
19.55
17.78
16.11
21.79
25.94
25.95
23.31
24.66
18.98
23.42
22.85
13.63
15.75
14.79
10.28
3.18
10.45
15.87
12.28
15.93
23.43
20.63
13.93
11.04
4.36
10.23
7.12
8.48
15.97
12.71
13.21
19.75
24.62
25.31
23.96
14.33
14.89
15.6
16.11
2.88
16.45
18.83
19.15
20.42
14.66
22.12
22.22
9.82
17.56
18.04
5.32
8.43
17.94
21.91
21.02
10.73
7.96
18.33
19.92
12.94
17.73
19.74
18.08
19.35
20.14
12.72
11.81
14.65
20.93
17.76
17.37
23.6
26.94
25.1
24.63
26.1
25.12
24.35
26.87
29.24
28.33
24.08
21.15
22.75
19.59
25.25
27.14
21.6
11.8
17.48
22.87
26.18
26.96
22.37
15.48
14.65
17.01
17.41
12.55
15.06
21.45
25.44
24.78
14.79
14.6
16.91
13.67
17.05
21.69
21.21
13.99
10.06
15.86
0.16
18.74
25.06
27.07
26.44
26.61
23.95
13.55
16.66
11.29
15.26
11.71
10.75
14.86
16.97
8.44
19.51
23.4
22.6
18.73
9.41
12.78
5.97
9.54
12.79
19.62
18.71
16.33
18.47
18.85
15.79
15.57
18.93
15.88
7.18
12.98
16.41
12.77
8.02
10
20.16
21.55
12.93
5.1
18.95
21.14
16.49
17.85
18.77
16.72
7.15
12.43
19.11
18.08
14.24
13.66
18.34
19.04
21.31
22.25
16.67
8.48
9.16
7.24
10.96
7.81
7.15
14.27
18.6
18.54
17.94
14.31
10.55
13.48
14.47
10.79
10.1
14.67
15.83
13.64
10.76
16.23
16.32
13.73
9.97
14.11
17.12
17.4
14.7
14.08
13.15
7.64
4.18
12.62
8.5
7.84
13.01
12.41
9.13
5.88
4.82
8.45
10.52
11.84
8.85
16.28
19.07
16.06
11.2
16.37
11.79
8.71
14.58
17.84
21.03
21.75
25.4
23.25
16.17
16
17.7
16.73
17.36
18.8
17.81
12.35
5.59
20.21
22.69
3.11
18.77
12.09
4.78
1.72
14.02
14.52
6.81
8.85
23.14
23.23
7.97
12.37
23.04
23.33
23.76
23.26
21.93
18.14
19.3
26.64
29.47
26.36
17.79
14.79
20.73
22.82
22.13
22.09
20.86
16.91
10.63
17.65
19.55
21.58
18.92
16.42
5.67
12.13
16.3
17.83
15.27
9.15
14.05
17.69
15.44
24.21
26.81
25.33
22.67
20.25
24.11
24.12
17.94
24.38
25.49
23.23
18.38
18.55
22.38
24.92
21.81
14.06
12.76
14.2
20.48
14.94
17.27
21.89
22.66
17.15
22.83
19.88
8.75
20.89
19.28
-3.1
9.41
12.81
15.74
16.02
5.82
7.5
16.47
21.73
19.05
23.54
24.48
16.07
10.7
9.69
22.85
23.09
6.3
18.05
21.27
25.33
24.48
13.83
10.04
12.79
15.45
18.73
12.65
10.55
9.68
21.07
22.08
19.46
20.26
21.9
18.14
21.09
22.07
22.62
23.46
21.99
19.15
19.07
25.46
28.06
29
28.11
24.53
11.2
19.42
19.43
12.91
20.44
23.63
19.06
15.55
13.68
12.33
15.08
3.82
23.12
23.57
20.98
22.75
23.45
21.63
9.64
21.42
22.69
21.29
23.01
26
26.73
24.93
20.2
18.41
23.08
25.2
23.21
10.3
21.69
25.31
26.46
25.1
23.46
24.02
22.67
23.59
25.72
24.37
22.06
17.14
12.75
14
10.27
18.32
23.95
24.65
23.35
23.54
21.52
13.61
22.22
27.68
27.2
25.27
27.28
29.98
29.27
25.43
20.93
15.36
25.59
24.62
25.69
27.02
27.36
24.26
20.9
19.4
20.57
16.39
16.36
20.06
21.98
16.99
21.5
24.51
19.76
14.34
18.88
16.82
11.25
14.71
23.62
25.52
26.63
27
20.04
8.34
16.56
14.71
16.37
18.65
21.79
17.11
16.89
16.22
12.21
14.32
19.29
20.44
16.31
-3.51
12.03
8.7
16.99
13.68
18.04
14.25
12.44
18.1
21.52
18.43
21.42
25.95
21.26
8.79
22.27
24.2
19.77
15.07
14.44
15.07
19.8
24.09
20.24
20.52
14.05
13.87
2.63
17.59
15.96
15.85
14.15
16.47
21.18
17.65
18.42
19.77
15.01
13.68
10.85
17.3
22.39
16.76
13.58
20.85
18.81
9.82
15.92
16.1
17.41
15.28
18.47
21.68
21.66
18.59
4.76
5.97
16.19
23.08
24.07
17.81
-2.89
12.32
12.38
4.13
7.88
11.27
4.32
19.49
26.17
25.43
17.08
10.28
17.47
12.73
11.57
15.61
18.51
18.18
12.42
16.04
16.59
16.05
16.7
20.94
22.36
20.17
17.44
16.72
-1.78
11.08
11.95
-0.22
17.11
15.41
11.94
7.72
18.81
19.86
16.7
14.54
12.04
8.29
10.81
8.58
17.75
21.49
19.86
20.77
22.67
17.4
10.68
18.5
20.18
15.44
20.94
15.73
8.3
11.63
6.97
-9.64
12.57
21.72
22.62
19.32
19.6
16.53
10.93
16.34
5.92
15.12
16.78
9.78
11.31
19.15
22.64
22.39
24.56
25.07
24.49
24.56
22.18
17.75
8.13
17.64
15.65
15.63
21.16
19.99
17.47
15.32
14.46
19.33
22.95
22.25
22.53
23.05
16.08
8.93
13.56
18.08
19.47
21.25
20.5
23.3
24.21
21.85
18.88
0.5
16.73
17.55
23.01
26.62
26.7
24.22
25.13
26.97
23.31
21.34
27.61
29.14
26.75
23.89
23.23
27.22
27.25
16.15
17.7
15.64
27.12
22.07
21.4
22.77
23.86
18.89
17.25
15.54
25.13
26.17
23.34
11.73
24.45
22.65
13.42
24.64
24.3
19.94
12.5
21.94
19.15
20.17
23.03
9.85
14.7
22.42
21.82
19.49
22.44
22.95
13.24
23.64
28.2
27.86
24.52
17.7
16.58
19.49
18.12
20.51
14.71
13.33
13.51
18.16
20.74
19.01
21.54
23.88
18.58
23.81
23.84
18.5
17.01
20.17
19.48
18.67
25.3
18.01
18.96
22.89
22.38
16.66
17.05
22.5
21.57
13.33
10.26
15.13
24.11
29.61
29.1
21.66
26.28
26.99
24.81
13.9
22.7
27.12
28.03
25.02
20.43
23.91
25.15
18.48
10.01
12.17
20.02
22.08
17.08
22.44
30.63
28.32
15.97
19.93
18.83
12.51
16.96
19.78
21.59
31.01
33.56
28.3
14.68
16.7
22.42
23.13
17.5
15.92
21.62
26.82
31.51
31.64
24.62
29.53
31.14
27.03
21.72
20.18
21.56
16.28
6.86
17.18
9.52
23.53
26.59
24.39
14.08
11.85
17.88
17.78
16.6
19.5
21.46
21.39
33.37
44.32
45.6
37.46
9.99
18.28
25.78
26.18
19.56
1.9
8.5
15.87
23.2
26.27
25.42
21.35
16.82
11.74
22.41
21.98
24.31
26.87
21.11
19.51
18.35
9.88
21.6
24.49
29.09
41.76
46.44
42.82
30.25
19.43
21.83
26.4
23.99
18.52
23.97
26.47
23.56
20.26
13.68
22.12
18.27
24.95
23.99
9.24
26.57
29.93
25.37
26.09
30.32
24.61
14.19
17.87
15.68
12.69
18.55
17.05
24.64
25.67
16.09
22.34
19.14
0.43
15.21
23.06
25.64
23.73
20.29
18.84
19.62
23.54
24.18
20.24
22.91
25.88
24.78
34.92
44.43
44.39
36.3
23.43
15.02
20.26
19.88
13.05
24.23
25.79
17.34
17.12
26.57
24.73
32.4
37.91
32.66
20.66
20.31
15.59
24.15
23.13
23.09
24.88
26.89
27.04
25.47
19.14
22.67
28.9
37.37
44.93
45.59
37.78
22.71
22.76
15.53
18.6
20.3
21.14
26.16
25.59
13.31
16.12
24.87
27.3
20.97
23.08
26.33
21.27
14.28
15.83
16.08
22.15
27.47
27.31
13.32
15.78
4.41
16.03
19.36
25.92
24.53
6.82
19.52
25.2
24.97
25.46
28.87
22.3
3.86
12.41
-1.32
15.34
0.28
24.23
27.88
21.67
15.66
22.62
20.16
14.21
25.34
40.54
43.9
37.58
-1.53
19.73
20.98
20.95
16.47
16.26
14.45
16.57
14.98
21.74
25.11
27.78
29.08
18.68
25.34
25.47
17.6
13.37
21.69
23.83
23.98
21.96
22.56
17.58
6.02
8.34
17.7
17.44
7.8
-7.09
15.9
23.75
35.53
35.8
21.62
20.84
23.52
26.39
25.9
27.35
25.69
28.08
31.74
28.11
24.19
24.27
23.22
21.27
20.05
20.69
18.98
16.14
14.28
11.8
20.74
20.97
18.38
21.31
22.55
22.83
18.24
15.41
17.1
25.62
26.84
23.55
5.82
19.47
31.35
42.21
45.34
40.32
21.09
13.17
16.51
17.78
26.34
25.38
22.08
34
32.75
22.04
21.41
19.09
26.52
27.69
27.79
33.84
31.92
26.82
22.52
22.34
29.09
25.94
22.91
25.67
21.57
26.32
23.66
25.47
35.14
35.67
28.61
23.32
10.58
17.68
13.18
22.38
15.34
12.89
26.72
34.5
30.08
20.26
16.4
12.94
22.9
24.56
23.32
22.52
28.14
27.55
19.25
23.69
28
28.31
25.17
27.07
31.56
29.72
26.18
24.96
20.54
27.61
24.18
23.71
28.74
22.17
28.7
31.52
27.78
23.47
31.61
29.66
24.01
20.61
24.83
41.67
49.33
48.19
37.54
22.16
21.73
19.09
19.26
20.69
21.45
40.96
46.75
42.42
25.9
24.62
26.22
29.41
26.72
13.72
24.05
12.28
19.73
24.46
24.74
27.31
17.17
24.62
25.65
24.64
28.07
31.87
30.24
23.46
22.96
24.45
28.06
26.48
19.86
18.51
21.07
26.5
28.76
26.64
23.31
14.63
18.82
25.17
24.72
25.33
24.54
24.31
23.98
18.72
19.67
26.89
30.12
25.9
19.29
25.33
17.41
17.89
19.16
26.46
27.75
23.6
23.55
27.27
24.67
14
23.31
29.09
29.25
24.33
15.99
-5.37
19.59
18.21
21.58
22.2
15.75
22.91
28.24
27.13
21.32
26.96
22.36
18.52
13.9
12.05
14.32
16.53
16.53
11.11
12.21
20.44
26.08
26.84
27.93
20.53
26.41
26.63
27.48
28.76
27.51
22.88
20.23
25.63
25.57
28.23
22.29
30.18
29.45
21.24
12.58
17.39
20.19
13.46
17.18
9.73
25.6
30.69
31.48
30.73
27.02
22.85
17.99
22.52
26.9
22.15
17.66
23.76
23.89
15.67
27.5
28.6
13.94
21.56
18.68
22.32
26.54
28.74
26.91
25.5
21.25
24.64
25.42
18.61
19.84
15.71
31.58
33.94
32.05
30.19
24.52
17.49
29
25.53
23.21
23.78
25.55
29.1
25.92
20.82
26.39
28.45
28.41
25.64
17.7
23.48
22.69
14.73
25.05
22.78
15.49
19.11
21.79
22.29
21.07
3.68
22.23
22.5
19.98
15.63
17.83
20.34
19.42
25.41
27.2
20.29
21.79
21.99
23.76
13.08
19.03
20.35
22
18.28
24.93
21.52
9.24
19.26
25.99
23.35
22.63
26.99
28.28
24.41
15.58
13.8
19.29
20.11
20.52
21.17
22.45
17.43
15.92
21.96
26.02
21.94
22.44
22.52
17.44
9.06
17.8
4.92
16.21
23.12
24.84
16.93
24.27
27.05
20.35
14.31
21.67
24.53
25.84
25.18
20.13
18.91
24.59
24.33
14.6
28.3
30.48
24.86
20.92
24.96
20.37
10.79
13.55
18.08
20.12
18.72
22.32
24.91
16.58
22.03
22.6
18.75
27.28
26.8
25.22
18.93
20.53
24.49
25
19.08
16.78
23.06
20.5
19.43
23.16
25.09
23.08
20.53
19.37
24.04
25.26
24.19
17.6
20.13
18.76
12.4
20.55
21.88
19.59
18.3
18.12
19.44
18.92
19.12
23.18
19.6
13.18
18.85
18.38
13.39
17.69
25.31
23.68
18.01
21.11
21.23
18.35
15.87
12.19
19.86
23.24
17.96
19.42
29.22
28.6
24.44
10.11
11.85
22.68
28.03
31.56
33.48
33
29.82
25.63
21.5
8.53
17.29
23.77
26.77
32.41
35.2
33.62
30.51
30.63
32.2
31.51
27.56
26.9
25.83
27.96
32.38
33.41
32.41
27.46
24.77
26.44
25.86
26.1
25.15
12.2
23.68
28.06
29.34
24.65
13.87
25.1
28.15
29.83
31.34
29.65
27.31
27.3
22.5
24.45
25.8
26.01
27.18
23.75
26.17
29.44
24.64
27.9
29.24
29.1
29.43
29.02
30.05
25.71
23.58
26.26
13.31
20.56
23.18
25.97
25.71
18.65
25.36
29.96
29.9
25.11
28.29
36.08
32.43
18.7
24
29.48
30.86
31.59
30.34
27.08
28.52
31.93
30.68
28.03
19.15
31.94
33.15
30.45
28.24
28.35
30.93
29.36
22.76
22.18
22.15
0.5
8.19
10.84
22.46
25.24
25.27
25.93
25.87
25.98
27.86
20.81
21.12
26.57
29.14
31.38
31.06
27.65
19.55
25.73
22.39
6.45
20.29
28.34
28.65
24.86
20.99
19.81
25
23.97
16.88
9.04
14.57
20.83
22.39
25.68
28.49
28.5
28.68
27.29
22.98
8.14
24.13
27.82
25.04
20.48
15.05
7.07
21.54
23.08
24.02
23.77
24.28
24.89
25
23.02
15.14
25.6
28.93
28.66
26.72
24.63
19.39
9.3
23.38
26.82
30.67
33.27
31.27
28.13
23.66
14.19
20.08
24.97
26.05
26.63
25.82
25.25
21.92
22.01
29.11
29.53
24.1
15.4
26.11
25.57
22.48
23.17
22.77
20.66
19.13
22.47
21.47
17.2
15.24
22.58
18.15
14.01
20.85
25.05
27.94
19.34
21.55
26.34
26.91
25.14
21.51
21.09
21.22
21.52
12.62
22
18.77
11.19
17.14
21.71
24.51
25.64
18.82
14.19
20.91
16.86
13.83
22.58
22.05
17.24
20.29
24.61
23.4
14.24
19.59
20.61
18.62
19.27
15.56
15.26
20.55
17.93
8.59
16.42
14.52
18.33
18.29
22.78
25.04
24.05
24.62
25.19
19.39
13.34
17.7
19.11
18.45
16.78
12.96
10.63
11.96
21.99
22.65
17.65
5.91
8.53
6.34
16.63
19.89
20.86
20.83
16.33
8.87
13.78
18.03
19.2
17.27
17.53
18.35
15.63
13.5
15.53
14.41
19.83
15.85
17.89
19.67
14.08
20.46
20.67
15.02
10.76
14.1
3.37
19.99
24.18
18.09
20.02
21.43
18.31
11.6
12.26
17.46
16.59
16.32
22.11
19.41
13.94
16.77
6.8
14.98
16.29
14.86
5.86
8.97
11.23
18.76
20.56
23.33
20.42
2.28
14.98
13.74
9.06
10.75
17.88
13.02
8.81
4.56
9.75
10.97
18.63
23.99
25.01
23.96
18.88
21.55
22.07
14.01
5.89
6.82
10.06
17.26
17.76
18.35
17.57
15.09
16.38
14.35
16.27
22.9
24.03
22.16
21.62
22.63
20.24
18.1
8.57
18.08
17.47
18.54
14.44
15.45
12.42
24.11
24.24
22.07
17.61
7.06
14.44
16.04
12.19
18.64
20.29
19.82
22.12
24.3
23.39
18.33
13
18.75
21.75
21.35
25.07
23.58
22.5
22.51
20.83
13.93
11.69
13.08
10.84
5.23
21.6
25.49
21.6
15.4
19.27
18.61
19.07
25.97
26.79
13.93
11.84
12.93
14.62
15.18
14.17
13.91
17.6
18.97
17.02
15.7
20.02
14.85
17.26
20.45
21.36
22.63
23.02
19.47
5.73
18.82
19.93
22.66
22.81
16.85
18.58
22.18
21.72
19.83
14.9
15.24
22.55
22.26
18.1
9.64
13.35
9.87
17.77
22.72
21.11
13.84
12.92
17.3
24.59
24.16
19.55
17.57
6.96
20.82
19.32
9.88
11.48
8.34
14.57
18.97
16.76
19.2
21.31
19.42
13.19
17.7
14.04
18.16
19.54
20.59
19.05
14.34
6.64
13.78
21.78
22.57
20.02
20.97
16.35
12.8
22.4
22.97
20
6.79
18.6
21.84
24.22
19.11
16.44
21.79
22.21
19.56
12.41
12.98
10.82
17.92
18.81
6.94
16.69
18.52
20.71
23.86
24.99
23.79
16.11
14.92
18.17
22.02
19.01
14.48
18.7
12.56
18.97
18.54
10.2
13.19
9.45
14.77
18.66
21.69
24.15
26.24
27.04
25.91
18.39
23.89
24.54
23.22
21.56
20.82
16.17
3.3
12.34
20.38
24.41
24.64
22.73
18.43
13.7
14.48
23.46
26.53
24.21
18.32
7.89
19.08
26.22
24.74
24.32
23.59
30.12
36.38
33.9
24.36
16.59
14.48
18.61
19.89
17.05
14.61
15.21
20.3
19.91
16.72
18.99
19.23
10.88
15.74
20.71
18.34
22.21
25.76
23.32
18.08
20.71
23.81
21.5
14.11
11.39
16.21
16.71
23.38
24.52
24.31
23.76
19.64
16.04
23.8
26.37
23.65
17.62
15.75
19.24
16.13
13.13
15.95
7.97
11.53
22.06
24.11
21.19
16.71
22.01
24.13
21.15
14.91
9.87
17.73
13.69
4.71
14.98
21.72
21.62
24.76
26.01
11.58
23.18
25.2
19.6
8.78
19.94
22.33
16.53
9.37
14.39
14.17
19.91
18.36
10.61
-0.91
8.98
15.62
19.4
19.99
19.26
16.22
15.67
15.04
11.91
8.44
20.02
23.51
23.64
17.06
15.43
18.22
20.9
19.74
9.62
16.79
24.05
23.84
18.96
21.78
23.41
19.75
13.95
4.9
13.73
17.25
17.77
25.52
23.42
16.12
13
14.18
19.17
23.57
22.17
18.54
19.18
14.17
10.3
13.52
12.41
15.59
14.27
-1.6
0.96
12.26
14.58
16.05
19.34
21.4
20.84
21.58
22.68
23.08
20.49
16.62
11.6
18.68
22.7
23.57
20.25
0.67
19.15
20.43
14.42
16.62
17.77
16.69
9.77
17.92
14.53
16.17
13.08
11.22
20.75
22.22
17.57
20.1
19.4
17.62
13.26
8.48
11.97
10.12
19.48
20.91
13.91
7.79
14.82
18.64
19.83
19
15.24
15.98
14.8
12.19
11.11
20.17
19.75
16.65
19.19
22.1
22.16
20.86
16.2
11.86
18.35
17.64
14.19
17.6
16.99
13.31
12.25
13.29
19.37
17.68
19.26
19.28
16.05
6.15
8.88
14.18
15.63
11.76
10.91
3.59
14.13
15.65
0.6
10.87
17.06
20.47
20.89
20.98
9.09
19.93
20.45
15.09
16.68
5.91
9.67
16.89
22.69
22.16
18.6
-3.35
19.68
15.56
17.8
20.13
15.64
11.01
10.34
9.33
2.06
6.08
14.05
10.38
16.28
20.26
16.01
15.2
18.78
18.82
7.2
13.97
10.98
13.5
11.82
10.61
15.83
5.84
11.92
17.78
13.74
9.49
14.51
19.07
19.6
14.87
7.55
15.05
18.44
15.86
8.74
-0.16
13.65
18.12
13.88
2.86
2.54
5.83
11.21
15.68
10.85
6.05
18.6
18.55
10.12
1.84
9.03
13.26
11.17
10.15
9.55
15.47
16.06
-1.46
14.42
14.27
16.31
18.61
17.7
15.19
12.6
7.73
-1.91
2.73
14.09
19.15
18.37
17.08
17.67
18.23
18.55
17.33
16
15.44
18.51
19.84
18.71
16.07
10.25
3.93
10.27
7.53
9.42
14.39
15.94
18.42
19.08
15.04
9.58
16.25
20.81
18.47
13.78
16.18
13.76
6.25
6.64
16.1
14.48
3.45
18.38
22.15
21.89
16.06
9.68
14.43
10.84
1.85
12.63
10.82
12.14
15.55
14.21
8.29
10.1
4.67
8.3
16.41
18.03
15.06
-0.62
7.19
15.21
16.8
14.26
6.79
16.11
21.01
21.94
18.98
17.05
18.87
18.73
11.69
13.88
17.77
14.83
10.69
12.41
15.5
9.65
3.81
12.32
9.92
5.61
3.42
10.07
8.75
-0.66
8.77
11.16
14.97
11.97
-0.48
1.03
8.09
14.03
13.34
15.45
18.04
16.71
10.75
9.65
10.69
7.21
-3.32
11.3
15.01
7.4
13.15
14.15
5.17
15.06
10.28
13.37
11.39
8.38
10.11
11.04
11.88
13.98
13.49
9.04
12.89
17.63
16.23
9.7
8.67
12.94
15.1
13.79
16.16
18.7
14.81
16.45
19.25
18.22
14.39
17.18
15.92
6.6
8.54
12.38
11.67
10.92
-3.02
6.05
-7.64
9.19
17.25
19.2
19.86
14.58
15.09
14.96
12.39
18.03
17.17
9.52
10.38
12.09
6.35
12.39
2.56
13.03
17.76
19.55
5.96
20.22
18.75
12.37
13.12
12.14
-3.67
13.55
11.43
13.83
14.99
6.61
9.72
12.52
15.24
15.19
14.04
7.75
14.28
16.19
17.9
11.49
13.81
19.94
22.62
24.09
22.93
18.23
12.69
12.52
17.21
20.65
19.35
18.2
18.45
14.85
11.07
13.42
16.23
14.55
13.1
14.49
15.46
11.42
6.4
5.4
14.05
18.65
21.14
21.49
18.76
11.11
12
16.72
18.64
20.19
13.77
4.38
12.32
13.51
6.4
12.42
12.33
5.33
15.57
18.1
18.02
12.25
12.53
17.58
21.03
12.36
11.61
16.11
10.2
14.78
15.18
13.54
5.16
7.94
3.96
17.35
21.01
17.81
11.64
5.88
16.71
17.58
9.19
6.82
10.06
12.95
16.67
19.96
16.9
16.29
16.47
18.78
15.94
3.31
14.62
13.75
13.61
15.67
4.08
8.41
7.41
-2.62
13.28
12.3
18.45
16.9
16.18
17.01
21.36
20.4
16.38
11.6
18.27
14.73
14.16
15.91
14.13
6.1
16.14
17.65
15.3
12.93
14.25
19.75
21.7
14.25
8.89
14.83
17.35
15.57
13.16
-3.25
8.89
14.51
17.44
15.52
12.34
15.4
11.36
7.48
8.97
8.75
10.69
6.31
13.29
3.23
14.18
19.15
19.88
19.09
20.48
17.37
12.63
8.21
14.68
14.51
8.11
13.39
13.01
6.87
13.26
11.94
11.95
14.96
12.2
10.76
19.13
18.42
16.56
15.29
15.31
18.63
16.83
10.09
13.13
17.91
19.16
17.69
15.28
6.51
14.01
11.28
6.21
7.5
17.82
16.44
11.32
9.37
12.54
10.33
5.24
7.94
7.49
7.06
10.58
8.5
13.61
16.63
18.6
15.55
18.64
23.65
21.94
15.64
15.67
19.25
19.42
16.48
15.57
10.3
9.5
17.31
17.59
19.72
17.57
9.49
10.79
-4.15
2.31
17.99
18.49
8.77
14.66
15.44
14.61
7.75
11.51
18.08
14.91
3.04
8.71
9.1
13.8
12.55
14.81
18.31
16.32
14.43
10.09
10.05
14.12
17.48
18.68
18.79
18.88
13.26
-0.26
4.73
4.63
14.08
19.34
17.45
15.7
13.85
11.25
13.31
16.83
17.16
16.71
17.29
13.93
18.02
18.37
5.18
-0.55
2.3
7.12
10.03
12.12
5.93
11.4
10.56
19.59
19.46
14.55
13.67
15.7
13.95
12.34
-3.83
12.23
8.68
13.91
15.94
9.39
9.06
11.06
7.65
16.81
17.63
5.07
7.5
12.06
14.82
9.95
1.13
5.41
10.99
17.7
18.06
14.95
-3.8
9.47
9.89
0.4
15.56
18.39
18.39
14.97
10.25
10.83
-1.33
7.19
-5.07
-5.87
9.84
12.44
8.42
3.37
9.66
8.9
9.18
16.96
13.91
12.62
16.83
16.53
15.77
16.86
16.1
13.11
15.03
12.08
5.67
13.01
17.39
15.64
9.89
8.98
12.76
14.69
12.06
14.57
19.06
19.64
17.67
11.59
14.27
11.79
8.31
8.07
10.96
-1.63
9.27
7.31
16.36
12.07
9.06
9.92
12.15
1.61
6.99
14.22
16.56
17.73
13.16
8.16
3.32
8.46
1.94
9.69
6.9
10.18
11.57
12.5
13.46
9.59
4.42
14.65
16.6
14.45
16.65
19.47
19.08
16.97
16.45
9.36
8.39
4.96
4.7
6.78
8.79
14.28
17.26
16.17
3.92
13.99
16.46
16.46
14.23
0.15
14
16.27
14.16
7.46
8.09
13.5
10.91
8.74
19.6
14.69
2.92
7.19
11.66
9.49
9.8
-5.66
2.24
13.32
14.8
9.01
12.91
9.78
14.92
21.26
21.87
17.42
12.8
15.59
14.67
4.56
12.82
20.62
18.48
6.22
11.32
8.77
9.51
13.88
18.75
21.29
22.56
17.05
2.17
9.57
8.75
6.92
11.79
11.17
9.83
12.74
13.56
11.73
8.82
-1.24
14.13
19.43
19.97
12.53
1.19
2.97
10.97
9.93
18
17.6
12.4
8.88
10.06
7.84
4.95
10.68
13.7
17.61
15.5
12.64
-3.92
11.7
11.08
9.45
6.03
9.53
17.84
21.51
19.46
11.47
7.12
0.16
3.74
13.35
13.73
13.67
16.28
18.02
17.88
14.7
13.18
14.88
16.11
9.79
-1.2
14.35
16.75
17.93
20.36
20.12
16.64
9.8
13.03
15.36
14.72
11.51
17.27
21.63
17.09
13.29
11.47
13.13
10.87
14.18
18.32
20.19
10.16
14.12
10.94
5.3
10
14.6
6.92
6.72
10.59
8.84
11.42
11.11
-7.31
13.42
10.31
3.58
17.18
16.52
13.89
11.79
11.27
11.34
6.27
5.53
9.32
10.99
9.49
18.09
16.89
13.73
7.26
3.88
6.19
-3.11
8.03
11.54
-4.77
12.31
10.31
17.45
18.93
12.05
13.68
17.71
16.17
5.59
7.69
7.72
8.03
11.46
16.39
6.66
4.09
12.03
8.37
7.97
16.18
13.92
8.16
14.7
16.71
17.04
16.08
7.81
3.75
11.26
14.54
11.91
4.3
9.32
5.01
16.32
14.56
11.18
10.5
12.82
16.16
20.3
17.07
12.79
6.42
11.36
13.07
14.29
17.69
14.41
3.71
7.88
11.26
15.73
15.85
14.86
10.7
4.35
15.35
19.53
17.89
-2.57
12.94
1.49
14.14
10.13
6.94
14.21
11.46
10.3
15.55
15.35
14.11
11.41
6.25
9.58
18.44
20.89
21.47
21.33
19.54
16.63
4.03
11.77
11.08
2.9
1.04
11.54
17.18
17.45
11.86
13.34
20.37
19.88
18.41
14.75
4.15
-0.26
8.69
11.36
14.95
10.31
8.75
17.63
20.76
21.37
18.31
12.23
11.51
7.26
12.51
14.94
16.74
20.06
22.14
19.07
8.07
19.32
19.32
12.83
3.84
10.18
6.69
7.27
11.57
8.29
12.34
14.26
17.11
21.32
22.42
16.91
-2.17
11.48
10.62
7.42
12.54
16.54
17.26
15.01
14.15
12.85
1.09
4.24
12.96
15.34
16.42
13.51
8.61
10.48
19.08
19.9
17.26
13.5
10.13
13.72
15.83
14.29
5.29
5.86
9.57
12.32
15.68
15.56
7.99
9.42
16.34
12.25
3.18
3.48
-1.33
13.31
18.88
21.14
17.57
12.55
13.4
13.57
14.33
13.84
10.16
5.5
0.8
13.03
15.49
13.59
14.56
15.9
12.56
7.64
10.09
6.92
6.23
-12.28
16.92
16.32
9.38
16.96
17.77
21.69
22.88
19.99
15.47
17.33
19.19
18.7
18.76
9.93
12.58
12.11
2.53
18.12
20.28
16.93
10.04
16
17.52
13.74
4.53
7.41
15.04
6.09
18.28
20.48
16.66
11.84
9.15
5.16
9.6
9.03
14.51
17.96
19.67
18.02
15.83
14.88
0.38
10.11
7.95
14.57
16.03
13.85
12.84
15.55
12.75
11.37
13.83
11.51
13.11
14.79
10.26
17.04
18.57
17.51
16.22
11.54
-6.66
8.37
10.62
19.66
18.17
11.93
10.49
6.95
11.74
19.16
23.1
21.81
15.37
18.59
18.89
15.95
14.01
12.43
8.24
6.62
8.39
13.12
16.12
15.13
5
10.34
6.88
11.39
16.53
15.63
15.2
11.33
3.99
11.56
10.94
16
17.9
11.32
7.2
10.45
12.18
11.37
-0.54
13.02
13.99
4.29
6.32
-2.27
4.11
12.96
17.42
15.82
12.57
17.54
18.5
6.53
12.03
14.61
12.89
11.72
11.52
11.1
6.95
9.48
9.39
7.82
13.92
7.52
10.51
15.28
10.34
11.09
12.41
10.83
5.8
12.43
16.55
14.23
4.53
14.22
12.11
9.25
13.47
2.3
9.56
5.39
10.71
13.63
12.4
15.56
18.3
15.87
13.66
7.2
13.47
12.73
14.08
12.76
14.63
18.23
14.28
6.77
-25.16
2.08
-2.31
3.1
-3.02
9.91
18.93
19.34
14.63
10.25
8.41
11.45
12.34
13.72
14.46
11.22
10.43
14.17
14.9
4.88
9.92
5.75
14.13
17
16.68
11.68
12.11
12.87
13.44
16.1
16.63
14.27
-0.84
0.72
8.21
13.43
10.61
5.53
5.93
10.44
3.57
7.56
8.52
8.05
5.33
10.13
5.49
12.24
12.97
12.17
14.33
16.1
17.08
17.46
16.39
15.99
12.32
-1.21
9.79
11.27
5.09
11.89
8.85
15.25
15.58
9.93
5.29
6.36
4.67
13.73
4.63
8.95
14.4
9.47
9.85
19.53
20.22
11.38
9.37
11.28
10.42
15.21
15.45
14.79
18.2
18.3
13.07
13.34
11.57
8.55
15.88
17.56
13.57
6.56
12.52
15.13
13.9
9.18
12.89
14.09
12.26
0.9
7.99
8.11
3.63
10.03
15.13
17.62
15.55
-1.22
10.3
8.75
-9.16
8.66
12.45
11.4
11.79
17.84
19.84
14.94
9.83
9.87
12.44
13.17
17.16
17.18
5.92
9.03
5.28
17.86
17.92
13.35
17.23
17.12
13.11
16.19
18.13
14.68
15.85
17.7
16.37
17.06
15.8
8.63
16.42
18.27
16.58
18.04
17.35
11.11
4.91
11.45
15.98
12.39
7.64
11.85
14.77
14.21
11.19
11.38
13.92
14.51
13.8
12.54
12.3
11.97
12.31
10.86
7.99
-8.06
9.58
12.29
15.67
18.88
14.22
9.39
14.64
16.67
13.63
11.77
11.76
17.26
16.48
17.29
19.87
21.51
21.48
18.46
14.33
10.3
-7.65
11.89
12.76
9.19
1.3
12.84
17.84
15.72
10.28
-4.62
9.27
9.62
16.17
12.89
14.77
18.41
16.54
12.99
13.61
11.4
11.06
15.15
13.2
-2.05
14.25
11.93
9.1
9.4
0.2
5.69
-0.14
9.17
13.79
11.31
12.04
9.29
12.69
15.45
15.05
16.43
18.07
20.11
20.66
17.81
16.06
15.63
17.01
16.07
14.52
17.06
7.23
11.92
13.75
11.29
12.91
14.36
9.8
8.01
8.27
-2.56
1.94
7.1
10.27
12.34
9.71
1.95
7.68
-1.61
3.63
10.3
17.09
17.59
14.11
18.43
19.12
17.31
16.35
15.71
12.11
7.93
9.66
11.95
12.17
12.42
-20.19
16.53
17.2
17.75
18.53
13.03
8.2
9.75
11.66
12.21
9.83
0.85
-2.13
3.3
4.38
11.16
11.26
8.84
15.81
19.02
16.11
10.35
13.2
15.77
13.84
10.16
14
13.6
11.9
-11.56
9.59
14.3
16.63
13.81
12.35
17.64
18.62
15.18
13.72
13.98
11.29
-0.47
12.57
9.53
7.36
16.65
11.45
14.42
16.32
7.84
15.21
17.66
18.53
14.83
8.6
9.86
14.94
16.38
12.65
1.53
9.31
15.11
14.32
11.94
11.15
10.51
4.62
3.05
6
3.12
-2.65
5.24
11.53
11.3
6.37
7.13
8.96
6.54
7.31
-3.54
7.77
13.87
15.3
4.56
16.13
19.01
16.93
10.94
8.34
12.62
8.76
10.08
8.83
10.64
8.15
9.73
4.07
11.07
14.71
15.29
8.52
5.47
10.35
6.43
14.18
13.39
9
9.4
11.77
13.49
11.38
15.54
14.92
-2.55
12.34
7.4
6.51
13.28
3.89
10.32
13.47
14.11
15.01
10.87
7.41
7.69
16.05
19.18
16.16
16.07
14.61
7.76
-1.93
0.23
15.1
17.63
5.19
15.14
15.16
12.04
13.78
14.77
15.29
8.19
11.69
17.39
15.3
3.63
5.68
10.71
11.17
4.74
2.04
9.32
9.43
4.97
8.75
6.28
9.8
17.42
17.76
13.31
10.38
8.41
3.06
13.29
14.54
9.46
2.7
8.94
7.59
11.24
6.42
6.86
14.29
14.84
13.02
5.1
8.53
15.03
13.08
0.38
9.1
13.64
12.35
11.61
8.36
6.81
9.77
12.25
11.33
6.5
11.85
14.7
8.15
8.99
12.11
6.96
8.41
7.98
4.89
2.09
8.98
13.72
14.16
8.82
7.84
11.95
15.54
18.21
17.89
16.24
14.9
16.36
15.13
16.35
16.46
13.71
14.7
14.66
12.5
6.67
9.01
12.55
4.68
15.95
18.01
13.57
12.43
17.21
15.63
1.06
10.58
13.81
12.24
13.47
13.94
-0.92
7.38
8.5
15.54
17.27
12.69
6.5
14.58
13.2
9.76
11.09
9.35
13.04
12.73
10.53
15.22
9.79
5.1
15.06
15.16
10.32
9.8
14.78
17.77
14.28
18
20.38
16.21
10.75
5.31
6.69
8.49
10.8
10.94
6.53
9
2.88
0.03
2
7.88
15.38
16.96
12.82
-0.61
14.34
15.82
11.77
-2.56
13.45
16.95
13.92
10.56
12
9.66
-2.48
-0.37
14.62
14.84
3.96
4.95
15.1
12.86
9.76
13.49
11.88
6.81
-16.83
6.12
11.14
12.34
6.09
8.07
11.6
13.41
15.03
12.83
11.43
11.84
13.99
17
16.64
14.87
12.79
6.94
11.81
14.81
-5.86
12.09
5.57
13.18
13.15
13.3
12.87
16.22
16.57
9.63
6.53
7.85
14.73
17.74
14.15
5.39
13.1
17.02
17.82
14.95
14.12
15.04
13.95
11.25
10.07
10.28
-0.41
12.92
15.34
12.87
13.54
11.24
8.76
3.87
7.65
8.62
7.26
9.5
10.33
5.04
2.68
12.73
16.92
19.75
20.44
15.06
14.96
16.33
14.53
15.88
18.26
19.65
14.33
18.05
17.94
13.37
3.16
2.47
-10.31
5.43
6.43
8.51
13.36
16.74
12.97
2.27
0.51
7.12
3.09
1.07
-11.63
9.36
16.73
16.67
11.23
9.9
13.82
13.38
0.85
11.44
18
20.25
18.67
14.53
13.63
16.75
17.55
10.82
-5.11
5.12
7.39
14.27
16.01
9.29
10.19
12.33
-0.31
3.21
11.39
9.25
11.6
14.82
15.89
12.45
10.23
10.71
12.75
12.93
15.83
16.82
16.79
11.5
10.71
7.41
5
9.95
16.73
19.91
13.26
14.14
17.25
16.79
17.64
18.37
16.88
13.77
5.91
14.85
17.51
15.81
10.68
8.4
9.08
11.59
8.96
5.6
10.48
9.92
14.13
14.91
12.97
9.35
9.32
-2.92
14.76
19.07
16.24
-0.44
10.77
13.34
3.01
13.18
17.1
16.44
15.25
17.66
17.29
8.73
13.54
13.75
12.36
11.29
10.12
1.87
8.88
7.23
9.83
10.09
5.74
8.86
14.92
15.92
10.27
12.04
19.34
20.14
16.89
12.23
10.86
12.76
15.07
14.83
13.07
15.31
12.36
11.45
14
12.52
11.05
4.48
4.16
13.92
15.16
8.84
3.49
12.11
10.47
15.45
12.61
9.42
16.32
17.1
18.68
18.13
15.32
10.94
14.12
15.09
9.42
4.53
14.16
18.36
19.48
16.5
15.19
17.31
9.72
6.6
10.45
14.88
20.52
16.84
13.4
19.95
18.31
9.98
4.89
6.53
10.46
15.41
12.92
15.26
9.66
5.29
14.29
17.62
15.98
13.58
13.65
12.99
-1.37
10.67
12.19
9.28
2.73
10.96
15.28
10.4
17.08
19.59
14.56
14.21
10.33
10.09
14.31
20.43
19.77
10.68
8.97
14.82
15.38
13.84
10.82
10.08
5.58
11.21
13.21
9.76
12.62
10.58
9.61
12.37
13.64
7.31
11.2
13.81
16.82
13.16
9.8
13.8
2.96
18.89
20.4
10.78
16.22
18.44
17.58
16.94
-4.33
12.67
10.73
-7.02
0.45
11.48
4.3
12.98
14.59
6.55
7.24
7.03
-14.69
13.25
13.79
3.11
12.2
17.79
18.82
16.02
13.59
11.9
11.99
18.92
18.36
11.47
15.08
14.2
15.12
11.17
-1.97
9.94
8.74
7.94
8.61
7.96
13.06
15.71
15.65
9.5
3.5
10.78
13.41
10.1
16.71
15.43
10.5
12.78
14.32
8.42
11.96
11.04
8.22
8.02
3.09
11.1
9.18
2.46
17.06
19.68
11.51
5
16.05
20.01
13.1
10.92
10.1
14.44
17.46
11.28
14.84
13.78
13.37
16.3
14.3
11.4
11.69
14.9
6.71
16.03
12.76
4.05
3.31
10.07
16.85
12.4
8.34
13.68
6
14.23
16.38
12.74
18.83
16.94
15.51
14.74
4.5
2.37
-1.76
15.71
19.91
15.32
5.34
8.64
9.95
6.51
10.71
13.28
12.91
10.21
12.18
6.73
-0.72
1.21
10.75
7.13
13.21
11.79
-1.09
13.55
13.04
9.45
9.74
6.99
9.17
8.54
10.06
12.27
15.87
19.94
20.03
15.28
12.16
17.47
19.16
16.06
10.82
3.26
11.52
14.97
12.87
12.73
10.81
-3.42
6.74
8.79
3.43
0.12
9.35
12.69
12.55
5.28
9.8
9.21
11.4
10.7
-2.46
-6.98
5.03
5.73
1.35
14.22
17.36
15.95
11.49
5.11
0.53
-0.23
5.52
5.7
5.32
9.82
4.15
9.8
14.49
14.83
12.76
8.64
9.64
10.24
6.24
8.08
12.15
12.27
13.55
10.33
4.32
13.27
13.29
10.4
6.26
-4.63
5
4.01
2
7.15
4.19
0.4
-4
6.6
12.4
15.51
14.93
15.92
14.87
14.24
14.07
11.68
15.31
11.74
5.43
5.46
14.79
16.15
8.16
13.67
15.88
12.96
9.14
-0.28
7
6.23
5.55
15.02
17.47
13.52
8.56
-1.71
10.42
10.42
7.75
15.05
17.77
12.92
5.76
-0.42
15.53
14.76
-4.78
13.54
13.93
11.84
4.61
8.34
14.66
15
8.5
-6.98
1.66
10.24
13.59
7.02
10.89
10.31
1.59
11.75
15.13
-4.54
16.75
17.47
11.27
1.59
12.33
12.58
11.66
1.61
9.75
13.94
11.97
1.98
7.29
-3.34
11.74
9.14
8.67
13.41
17.04
14.94
8.36
10.42
16.28
15.81
13.82
11.01
-3.57
9.74
10.21
6.86
6.56
6.67
9.04
13.55
18.14
14.61
4.02
8.79
13.55
14.84
16.87
15.89
11.32
13.16
6.96
15.68
11.85
7.24
-17.3
15.25
17.42
11.53
5.96
7.15
5.73
7.56
3.94
7.79
9.79
17.27
17.41
13.74
12.62
8.37
12.47
12.6
12.94
12.23
2.81
-3.7
4.75
6.81
-7.56
6.74
12.11
14.38
12.99
10.3
13.64
10.04
2.81
10.82
7.99
3.25
15.54
14.53
5.16
5.78
9.93
14.72
13.78
8.03
5.78
1.56
12.24
15.3
14.15
11.11
8.89
7.96
5.29
13.66
14.25
8.63
5.38
2.65
-2.9
4.26
5.78
8.49
16.11
12.6
9.89
15.93
15.07
10.36
5.48
9.8
8.88
11.59
10.68
3.08
6.51
3.87
9.8
-4.57
8.13
12.51
-0.66
15.43
15.33
7.77
8.01
5.2
11.36
13.22
10.36
9.27
2.3
6.51
9.41
11.43
10.31
10.12
9.81
4.06
9.39
15.12
12.43
7.49
10.32
6.33
11.24
17.12
14.85
6.63
-6.11
10.42
13.58
14.65
8.71
5.86
10.48
13.16
15.02
15.96
13.53
5.37
11.93
17.92
16.17
4.8
5.77
5.63
-1.3
10.09
8.88
3.19
6.28
2.62
11.27
6.76
7.93
13.37
8.3
8.99
5.78
5.25
12.17
8.75
-2.2
7.07
2.06
17.36
18.06
12.82
7.43
-3.98
5.94
6.77
4.65
-6.03
0.33
4.55
14.03
15.79
15.97
15.64
5.78
10.51
10.85
10.93
10.2
10.98
14.75
16.43
14.82
13.83
16.92
10.33
10.89
12.02
11.83
8.27
6.6
6.84
13.46
11.94
-4.4
8.58
10.11
6.27
9.3
15.56
11.51
8.71
14.1
12.47
13.76
11.76
14.02
12.79
-3.27
9.32
8.41
-0.16
-0.45
14.23
15.7
12.5
10.32
11.23
12.42
17.88
21.1
20.87
16.87
6.84
12.08
9.45
12.83
7.95
7.85
8.58
14.91
16.75
13.66
8.08
16.91
14.61
9.68
11.78
8.73
5.18
9.81
15.25
17.14
13.05
5.6
14.64
14.31
5.54
10.83
12.82
5.26
7.54
14.03
14.67
12.36
2.9
6.99
3.72
5.1
12.19
11.78
11.77
9.21
14.8
17.33
13.29
12.89
7.87
-4.09
2.92
11.12
8.7
8.98
13.2
9.97
1.41
4.46
-13.11
6.96
3.92
12.54
12.54
13.23
11
6.22
15.13
17.46
15.07
7.25
14.12
16.93
15.38
9.02
-6.29
0.44
6.11
5.5
-1.73
8.89
16.26
14.81
6.24
2.24
10.62
16.15
8.37
5.56
-2.85
7.26
10.92
9.22
6.18
12.2
12.73
15.69
9.91
4.33
5.63
9.72
11.02
10.54
14.06
14.49
11.48
10.47
9.47
4.41
7.72
13.59
15.63
13.31
6.45
6.4
12.83
16.96
11.15
12.35
13.06
-7.58
6.48
-5.64
10.91
11.88
9.73
16.62
15.75
7.71
9.07
10.83
3.19
15.7
18.15
17.67
11.96
1.82
4.98
9.64
2.64
8.72
11.5
12.94
17.07
20.81
20.14
16.39
15.47
14.94
13.99
11.11
4.43
4.62
1.24
9.65
12.24
12.34
13.28
14.65
16.25
11.56
-0.02
1.87
6.8
15.05
16.1
11.83
10.47
4.28
10.64
8.57
5.14
6.46
5.8
10.43
7.77
6.81
-1.48
9.94
10.79
12.16
10.22
12.84
16.98
17.27
15.62
18.46
20.04
11.65
7.94
11.04
14.53
11.63
10.91
8.72
8.9
15.11
19.14
17.9
12.64
7.86
5.68
10.7
16
17.08
14.12
16.39
19.81
15.85
9.4
13.69
13.87
12.57
8.84
2.38
11.99
11.84
12.76
12.4
12.37
14.41
15.45
13.2
6.88
9.26
14.14
14.37
17.62
14.8
15.31
14.42
10.09
6.33
0.42
5.17
1.32
6
13.17
15.3
15.09
13.12
13.2
13.3
17.37
19.25
19.64
17.48
16.38
17.95
18.1
14.71
7
-7.41
3.41
