4.94
0.65
9.23
-1.08
6.23
1.05
13.01
14.12
7.94
6.31
8.48
10.79
10.68
7.49
2.75
5.55
9.74
10.22
5.08
5.03
10.03
6.05
-5.78
-5.24
6.28
9.59
14.79
14.62
11.99
9.25
6.24
8.82
8.72
2.62
5.48
9.07
14.97
17.58
13.69
6.18
1.06
3.87
8.07
6.28
7.58
9.15
14.75
16.84
15.74
11.36
8.98
1.8
2.15
-10.81
9.02
11.78
10.72
10.71
8.77
-3.88
9.6
12.28
12.33
11.68
10.19
9.16
0.97
8.31
7.95
4.66
3
4.39
8.76
-2.61
3.01
3.02
4.38
4.85
12.57
10.58
2.63
7.23
3.52
6.6
4.95
3.03
7.23
11.58
14
14.63
16.62
12.95
4.58
7.62
5.61
-7.4
5.45
9.49
5.85
-7.01
10.71
12.88
9.58
11.89
7.16
7.41
9.91
9.02
11.2
13.41
12.28
10.52
11.3
14.14
16.87
17.32
15.22
12.74
9.22
6.31
7.19
11.79
13.31
5.26
6.19
6.58
12.59
15.63
15.41
12.88
14.1
15.25
16.82
15.36
12.27
9.82
9.58
5.82
3.45
11.39
11.65
8.26
5.74
8.08
12.63
13.97
12.48
4.68
3.26
-15.44
7.94
8.5
6.41
-3.56
10.76
9.2
6.36
8.32
-3.52
8.77
8.39
-7.19
5.13
15.69
14.28
7.32
12.01
7.31
2.21
6.38
9.29
12.21
8.72
8.62
10.77
-2.32
5.57
3.7
-21.46
3.95
12.4
11.53
12.22
11.99
5.43
8.76
12.2
7.1
-0.24
6.02
11.79
14.11
14.78
15.08
15.94
15.27
9.48
6.15
9.88
10.94
18.08
12.75
9.92
12.65
9.1
8.55
10.87
3.62
11.62
9.63
8.04
12.58
7.03
5.45
8.98
5.57
8.83
11.74
10.86
11.89
12.27
3.73
7.62
6.91
8.54
1.73
10.55
11.33
1.27
4.88
6.92
3.47
7.21
11.32
12.3
5.11
11.82
14.09
9.12
5.02
9.06
5.67
5.4
2.74
2.53
10.56
5.61
13.31
12.53
12.09
11.12
5.21
3.67
-4.46
6.49
12.44
11.72
0.55
3.09
4.72
13.03
13.09
8.71
8.49
4.97
1.7
7.68
11.58
12.07
11.05
13.29
12.67
12.94
14.09
12.89
9.85
10.64
6.15
13.04
13.45
9.32
5.88
7.89
12.54
15.59
17.46
16.92
14.28
5.55
-1.59
7.58
9.4
9.43
10.62
12.9
10.94
7.24
17.08
16.35
13.41
11
-2.56
-0.06
6.93
6.45
1.19
-1.08
-2.49
-8.38
7.3
13.25
13.52
12.69
11.11
7.93
4.32
2.53
6.38
7.41
10.66
11.89
12.38
9.65
1.76
7.82
5.7
0.36
7.67
11.29
9.03
1.1
5.66
1.77
7.72
6
7.36
0.61
5.34
7.31
8.26
6.98
6.72
8.24
8.99
10.14
11.7
9.58
4.03
5.21
9.63
9.21
9.96
14.33
15.22
13.53
5.25
2.38
-9.97
6.94
7.63
-0.13
4.81
14.2
18.29
15.98
8.2
0.94
2.74
7.7
9.18
8.82
9.12
10.16
14.84
15.34
13.65
11.01
7.97
7.18
8.39
9.21
8.93
-4.84
11.78
11.01
-3.85
-14.1
6.83
10.32
10.37
2.63
4.41
10.44
11.67
6.69
14.2
14.15
3.14
3.36
5.21
7.85
9.33
12.34
11.5
8.25
2.7
8.19
2.33
11.95
10.39
7.98
2.28
4.67
12.69
11.4
8.59
15.07
13.75
11.64
10.46
3.19
-0.32
2.7
9.34
11.42
10.8
11.28
8.31
-2.83
7.82
-2.2
6.93
8.36
5.03
15.06
14.16
9.28
12.27
11.32
0.26
2.92
10.3
10.18
11.45
9.85
12.93
16.82
15.99
11.69
8.01
6.06
5.06
7.38
7.03
6.84
6.22
3.55
2.94
2.21
3.45
7.91
11.6
14.2
13.91
9.51
1.92
7.29
2.36
10.9
12.71
12.36
11.8
8.81
4.57
14.4
12.9
9.65
2.99
9.03
14.95
16.01
9.32
-1.29
1.51
9.45
7.86
6
11.5
12.05
-0.97
12.95
14.87
12.96
12.13
13.96
13.72
10.28
7.8
5.58
3.14
4.17
-2.13
4.77
9.86
13.84
16.56
16.11
13.04
15.17
18.21
17.42
13.71
11.38
9.87
6.55
8.11
11.56
5.96
1.73
4.62
-2.07
2.49
13.5
15.69
10.84
2.98
9.23
13.95
14.36
4.05
7.38
14.5
13.65
8.23
9.16
9.99
9.22
2.36
0.78
8.74
10.11
11.85
12.64
14.51
16.07
10.65
-7.29
9.38
11.43
12.65
11.68
13.55
15.79
11.04
4.38
8.57
15.46
17.38
16.02
15.01
6.24
7.03
11.95
12.61
12.98
15.4
15.59
11.72
5.06
0.29
4.27
-0.85
-13
9.04
13.69
7.56
6.18
11.84
12.29
6.48
6.55
-4.34
0.43
4.63
7.89
7.88
-2.72
1.14
10.05
11
3.57
6.03
11.33
7.52
-3.38
-5.75
12.47
17.01
13.58
2.3
13.42
4.43
10.24
10.84
-7.07
9.2
8.6
7.38
10.83
10.41
9.46
12.76
6.85
5.2
11.7
11.24
2.95
-8.89
5.52
3
3.81
6.76
10.12
9.68
3.51
2.56
8.92
7.65
8.23
8.9
9.57
8.54
2.53
9.67
14.23
13.81
12.48
9.28
7.07
5.09
8.91
10.03
4.73
10.1
11.61
5.84
6.38
7.42
10.71
11.89
10.02
4.94
13.88
14.21
7.46
4.19
13.64
13.08
11.34
5.92
4.34
8.88
6.64
6.35
9.3
11.17
10.01
0.7
13.56
17.19
14.92
11.65
16.21
13.93
1.77
9.91
-5.91
13.48
9.54
0.8
-10.14
6.99
6.07
2.36
11.42
9.35
6.53
3.7
6.18
13.53
18.04
19.99
18.59
17.05
16.93
14.69
11.69
9.4
3.68
2.52
12.7
15.3
13.55
11.06
11.5
14.54
13.32
8.38
7.12
11.63
11.43
-1.53
12.8
11.52
3.49
0.32
7.79
6.9
6.95
12.31
14.5
12.97
8.19
-0.49
3.63
14.02
16.33
10.69
0.72
9.26
12.99
9.47
4.39
-6.12
8.01
7.49
4.27
11.63
9.77
5.69
10.38
12.33
10.23
4.87
5.15
9.3
8.48
11.3
13.87
9.86
-0.69
8.37
9.38
14.09
14.77
12.28
13.69
14.09
10.97
9.72
5.87
-10.04
10.4
13.78
13.98
13.57
11.63
-0.3
9.01
8.41
-4.51
2.65
-2.16
7.04
8.01
10.62
13.69
12.02
3.81
-0.33
5.29
7.14
10.13
12.75
13.34
1.74
12.25
12.05
11.17
8.74
-10.2
7.79
12.32
11.78
13.34
5.24
8.27
13.24
12.75
0.42
11.13
19.07
20.45
14.72
11.54
14.79
16.08
19.43
22.26
22.05
19.31
20.39
23.51
25.12
20.96
17.63
19.59
11.76
18.21
14.78
18.14
29.07
30.16
24.96
17.22
17.7
26.31
29.84
28.43
20.49
8.22
10.85
5.59
15.91
20.02
19.36
23.44
24.22
24.8
20.48
20.46
12.41
11.75
1.97
19.96
23.94
21.1
3.26
9.03
24.65
30.64
28.48
20.78
18.05
22.91
28.27
30.15
28.41
21.67
15.91
13.06
3.54
19.92
27.33
27.06
16.89
20.19
19.69
15.44
12.54
16.98
21.67
17.82
9.55
20.66
23.85
21.83
18.24
2.51
18.69
22.64
21.65
-1.47
20.92
24.75
25.54
27.1
26.57
20.73
13.2
17.01
22.36
24.66
24.6
27.45
25.24
17.06
18.7
25.19
21.47
15.14
16.18
12.74
20.86
26.5
23.55
12.27
14.54
11.33
10.15
16.83
15.18
14.05
21.49
21.75
23.54
20.86
24.67
25.49
23.96
24.82
21.95
15.11
22.32
21.29
11.43
15.42
10.01
-8.99
18.16
18.31
11.16
12.24
11.01
15.43
15.23
18.2
4.95
15.78
16.96
16.43
11.37
17.73
21.88
22.16
22.65
24.66
15.93
25.74
28.46
24.79
20.59
16.45
4.58
16.84
14.82
13.58
16.22
21.93
26.3
26.01
21.92
18
20.47
25.05
24.79
16.49
8.01
14.46
14.6
18.93
27.07
25.74
16.74
5.6
12.96
4.56
11.54
18.56
24.25
18.07
15.8
19.83
-1.5
19.97
21.1
21.51
25.95
28.42
26.58
22.37
20.61
23.22
23.69
24.24
22.95
20.98
20.61
21.6
23.3
24.36
20.22
18.16
19.41
24.39
20.6
20.75
25.21
21.2
22.14
15.47
17.93
23.18
22.27
17.23
20.59
26.43
27.87
22.53
10.57
-2.76
24.45
26.2
24.64
19.34
9.13
9.24
11.55
20.98
27.23
25.62
19.42
16.72
13.23
23.23
26.41
23.35
21.97
22.76
23.1
26.63
29.12
27.57
25.42
23.66
18.37
2.56
9.51
6.83
13.57
22.28
28.32
28.19
22.78
16.29
5.97
21.92
23.5
16.25
11.77
16.18
20.3
22.31
24.51
26.7
27.83
24.26
20
19.91
23.23
18.24
22.25
25.21
22.98
19.64
23.96
25.79
22.52
3.53
23.11
29.18
29.63
24.92
17.86
25.75
30.34
30.82
26.38
15.45
16.92
13.64
22.73
25.19
22.38
24.47
26.93
27.68
24.64
22.94
8.69
21.97
24.48
20.96
19.76
11.57
12.87
21.5
24.45
18.3
14.24
14.8
15.5
23.07
26.21
21.02
22.21
24.3
20.42
15.91
21.75
20.33
14.98
20.95
23.21
23.5
19.32
3.47
16.17
21.35
19.65
20.23
24.84
24.14
19.52
7
11.71
15
17.31
2.58
18.52
21.94
19.22
15.62
19.16
20.72
19.81
17.46
20.08
20.8
20.93
21.28
18.14
16.58
21.35
24.27
18.95
20.69
23.49
21.25
19.58
17.97
17.95
13.76
10.49
18.23
19.21
15.97
6.5
12.91
16.91
17.72
20.33
22.89
22.03
15.65
19.77
21.89
17.49
10.78
17.34
12.92
4.87
11.07
16.56
21.23
19.08
9.29
13.76
7.16
6.74
10.31
4.14
2.21
12.48
18.83
18.75
11.91
8.69
13.04
10.84
-4.11
14.43
9.1
4.85
14.21
18.33
17.49
15.09
18.94
21.47
21.41
21.82
21.89
20.36
18.3
12.36
11.94
15.51
14.66
14.97
17.02
17.78
16.87
12.03
23.38
25.11
21.02
6.35
13.87
17.21
19.59
10.93
16.19
12.89
6.17
20.33
25.58
21.41
13.89
23.97
23.53
18.51
18.28
8.06
18.74
-4.41
18.75
13.81
10.8
15.29
9.58
9.5
18.18
15.87
18.88
20.47
20.23
19.49
14.86
14.25
22.12
19.03
13.79
16.64
21.08
15
12.61
1.1
17.78
18.12
17.44
11.97
15.23
6.57
21.12
23.86
27.27
25.01
19.62
17.24
20.73
25.89
27.97
25.56
19.3
1.99
6.53
16.83
15.29
14.64
21.43
15.5
17.15
20.74
22.37
10.4
16.34
10.03
16.57
14.86
18.5
16.83
23.7
19.05
26.2
27.49
26.31
26.23
23.41
15.82
14.05
22.72
25.38
24.09
23.29
22.69
17.98
16.69
21.45
22.39
24.31
22.58
19.74
15.83
18.99
12.45
18.98
22.73
22.22
15.56
11.82
20.76
18.72
14.75
14.97
11.28
10.87
14.9
0.83
18.67
21.3
8.76
9.34
10.63
15.54
19.09
14.57
8.11
18.43
21.75
19.83
17.66
23.43
20.13
15.93
16.91
18.88
7.92
16.6
19.16
21.42
22.04
23.45
15.72
1.09
14.16
15.57
16.64
3.91
12.71
13.77
20.2
17.63
13.38
13.74
18.96
22.15
20.77
17.33
2.51
18.29
14.81
17.42
8.47
20.15
23.45
21.02
18.23
19.55
22.97
22.07
19.95
22.34
11.86
23.53
25.43
19.88
18.86
22.28
20.72
15.47
19.32
25.13
21.17
21.19
24.71
24.24
23.05
20.74
23.47
28.33
27.61
24.74
23.24
13.7
10.75
17.1
22.17
26.38
22.09
21.47
23.85
16.41
23.09
21.12
17.87
21.22
19.72
23.52
27.37
28.09
26.24
19.69
24.83
27.81
20.88
20.57
22.92
24.93
26.88
26.56
29.3
28.24
17.96
24.99
26.12
25.89
23.48
25.89
29.01
27.95
23.88
22.5
20.63
15.16
19.58
20.77
26.18
26.22
23.18
26.29
23.5
18.58
15.52
16.73
20.21
21.41
12.33
24.81
28.45
27.23
24.67
20.24
12.42
12.18
17.17
24.77
27.47
25.76
20.78
16.15
22.8
22.21
14.27
21.19
25.38
24.39
16.26
14.35
16.65
12.93
-1.56
16.17
19.43
19.48
19.43
23.13
24.24
20.13
15.5
20.88
22.18
20.74
19.41
18.41
15.66
10.9
20.62
21.89
20.33
21.71
23.74
23.41
19.88
11.32
17.12
18.23
5.23
18.07
15.24
15.17
14.99
12.72
17.94
23.01
18.27
12.35
14.28
18.42
23.59
25.24
18.98
17.94
22.51
20.48
15.82
14.37
15.29
18.47
22.8
22.67
18.26
9.58
13.76
16.8
16.18
20.24
17.72
15.71
24.44
25.01
22.75
16.93
8.95
8.19
12.3
16.85
12.73
18.92
20.17
16.63
15.68
11.17
15.3
19.42
18.15
18.29
14.76
16.58
18.15
17.2
18.43
11.56
8.22
12.19
7.85
14.76
14.56
20.4
23.32
18.79
7.86
11.67
19.38
19.53
18.3
16.79
9.46
20.24
20.31
21.48
22.82
18.26
10.71
14.62
4.51
17.33
20.92
17.87
16.8
18.02
23.58
23.26
25.97
26.72
20.6
15.84
18.38
11.08
13.65
16.86
14.4
13.8
20.21
20.02
6.77
10.57
17.53
22.52
21.61
11.8
21.61
22.92
19.46
18.97
18.87
9.25
21.34
22.9
19.81
13.78
18.26
10.91
20.01
22.1
14.24
17.55
16.4
21.62
22.51
20.14
24.74
23.6
23.61
18.46
20.64
23.7
21.16
19.01
7.67
12.96
15.34
15.33
20.72
23.61
23.1
24.12
22.41
18.85
15.99
14.1
16.4
22.77
25.38
23.35
22.23
21.88
24.97
26.72
24.98
17.41
17.63
21.51
15.38
20.15
19.06
6.45
7.9
14.76
22.13
21.92
12.15
10.75
18.76
25.12
23.59
18.67
15.25
17.24
19.77
21.42
21.37
21.86
22.52
12.28
6.94
10.88
19.01
20.87
26.01
28.45
27.45
22.02
17.65
19.48
18.55
20.17
23.75
20.35
19.6
21.73
22.44
27.34
25.14
9.96
11.04
8.76
20.83
24.81
22.1
16.88
19.91
24.54
21.77
16.26
22.46
20.31
3.55
14.72
23.29
20.25
19
18.15
28.45
35.39
34.83
29.18
24.31
17.66
6.24
17.12
18.81
14.5
20.45
29.58
28.65
21.43
8.87
16.22
19.05
20.32
12.17
26.64
33.74
31.99
14.31
22.66
22.8
18.05
10.4
18.22
24.44
24.35
16.37
2.49
16.19
20.12
24.58
29.17
28.58
24.38
16
19.72
23.61
17.25
20.97
26.08
24.04
25.81
40.56
45.53
41.75
28.32
19.83
20.41
22.94
20.85
15.46
19.89
18.43
14.9
13.57
15.75
15.63
17.31
14.12
16.12
23.21
20.8
20.3
24.41
26.55
26.29
23.2
14.91
18.4
26.86
40.97
45.11
39.99
25.4
17.36
11.3
19.02
16.88
17.02
23
26.67
28.42
27.83
24.82
21.28
22.57
15.38
22.79
28.69
27.58
24.94
27.27
29.88
29.27
27.79
25.36
22.56
21.55
19.2
9.14
4.19
15.21
-2.08
14
14.61
21.78
14.65
21.51
26.58
20.56
20.68
22.23
12.92
13.3
7.52
24.44
25.68
13.23
21.15
21.08
11.24
13.84
35.89
42.4
39.39
24.23
21.91
22.42
24.91
19.72
26.49
28.35
24.09
19.05
29.08
38.04
37.95
27.57
14.25
23.13
26.5
25.24
23.13
23.75
22.93
25.97
27.19
25.38
22.59
24.72
24.29
24.33
36.42
43.28
40.82
23.55
25.62
23.6
23.16
9.62
18.03
13.74
4.11
16.9
4.53
23.94
25.4
19.63
18.59
21.79
17.7
14.64
20.03
22.78
22.98
23.36
21.07
18.69
12.57
14.33
22.57
28.64
30.88
29.19
25.56
25.08
22.3
15.77
-0.18
19.76
21.32
11.42
14.31
18.23
18.48
10.19
11.79
7.96
4.01
15.78
20.23
18.03
21.35
34.69
44.31
45.84
38.76
19.37
17.3
21.12
20.52
8.69
10.74
20.06
20.35
18.99
16.62
16.59
19.92
12.58
21.81
18.72
18.05
6.88
16.61
20.1
22.07
22.53
22.84
22.86
18.5
22.51
24.83
21.84
17.29
9.85
12.36
8.97
25.81
34.04
34.45
27.42
17.21
16.51
8.1
19.97
16.26
18.08
29.17
32.25
28.35
16.83
21.16
20.78
18.6
22.15
23.61
23.09
12.58
19.41
25.56
29.93
31.58
28.79
14.69
22.63
24.74
23.76
19.32
21
10.5
24.87
27.61
26.54
25.91
23.25
32.56
38.78
36.21
22.51
20.82
12.35
14.77
19.14
13.87
16.78
26.82
31.87
25.45
20.52
29.53
31.44
26.18
27.59
40.16
44.6
39.89
13.07
22.43
19.38
19.05
20.93
18.82
17.04
27.13
29.37
31.36
31.94
27.13
19.8
28.75
29.25
21.1
24.63
25.31
22.09
25.71
31
24.56
22.56
25.48
26.07
26.86
23.94
24.6
28.78
29.12
25.04
17.57
23.18
24.09
22.82
24.46
29.84
27.91
16.66
23.83
25.43
22.57
25.92
32.35
31.43
26.72
16.98
28.81
34.94
32.19
23.06
21.4
25.83
23.45
19.67
16.51
36.85
47.6
48.3
38.94
21.56
22.97
21.1
25.86
23.28
10.82
11.97
37.83
47.2
46.22
33.38
25.94
24.2
23.52
20.5
22
27.27
26.13
24.28
16.87
22.25
33.56
34.62
29.52
24.75
19.66
20.63
26.25
23.08
9.1
18.36
24
25.89
25.03
25.39
17.24
18.48
23.09
27.38
23.54
8.78
19.46
24.85
25.4
20.51
20.88
13.15
27.95
30.89
31.18
29.79
26.41
22.73
22.64
23.48
24.48
22.82
23.35
19.24
21.65
25.95
31.29
27.38
13.14
22.9
24.16
23.88
25.83
24.43
25.07
18.66
20.59
20
23.65
27.88
26.83
12.96
29.84
27.34
22.5
23.87
30.06
31.04
30.57
27.48
25.15
25.89
25.75
26.03
24.92
21.95
18.59
23.68
27.93
32.49
31.25
21.59
19.09
13.67
20.74
7.55
26.1
31.43
31.67
27.01
25.89
27.71
25.85
24.08
25.64
28.24
29.02
27.96
27.76
22.77
9.46
22.49
27.45
34.11
33.55
24.74
11.5
25
24.91
17.34
21.17
18.39
20.34
19.83
20.22
24.02
26.69
27.03
27.31
20.72
15.46
16.85
22.05
25.07
2.06
23.45
24.82
22.58
21.96
18.81
21.08
26.6
30.08
28.22
22.52
18.83
22.14
24.93
21.02
12.53
22.89
25.89
22.33
17.39
18.4
23.59
25.51
25.09
24.31
23.18
18.19
27.32
30.52
27.78
26.27
29.52
24.62
18.7
23.42
25.19
25.22
23.51
19.05
19.93
11.83
10.63
18.45
20.64
20.31
17.88
9.59
18.58
27.08
30.4
29.39
25.19
22.77
22.07
24.91
26.68
26.51
24.91
16.67
13.94
17.46
21.21
20.79
17.37
9.88
19.41
23.02
25.97
27.26
24.49
22.76
23.44
28.17
26.86
26.21
27.7
23.96
17.15
9.3
15.17
24.59
23.6
17.99
24.87
20.79
16.96
18.91
15.75
18.87
21.38
20.95
20.53
24.98
25.06
24.74
17.33
18.3
24.02
20.29
26.04
27.87
30.35
26.81
14.9
24.63
22.83
5.22
11.94
19.25
18.12
19.07
17.43
5.58
13.45
24.15
23.72
20.28
24.45
21.07
18.94
22.69
23.89
25.55
24.37
17.34
14.02
-5.19
15.66
11.19
15.7
19.81
20.85
23.54
20.33
19.72
24.77
22.6
15.59
21.38
20.85
20.85
20.89
23.02
23.95
21.84
21.24
11.86
18.25
17.7
16.81
22.85
22.51
18.6
16.35
22.41
22.13
16.24
20.71
25.31
25.84
21.24
19.88
13.53
2.1
10.51
8.09
19.5
12.62
22.18
15.72
19.23
22.3
22.61
24.63
25.35
26.7
25.77
25.47
22.17
23.4
25.22
21.91
16.71
24.61
25.32
24.75
22.34
15.52
18.91
26.11
24.62
18.91
26.27
21.79
18.84
19.76
13.48
26.87
26.25
14.31
27.59
26.25
22.23
17.37
28.31
31.46
30.63
16.45
25.44
27.37
25.63
17.28
26.13
30.41
27.35
19.68
10.76
22.03
23.25
24.12
12.62
25.54
28.46
21.32
18.8
23.97
16.09
10.67
12.72
25.56
27.33
23.08
25.74
26.22
18.93
18.02
25.01
26.5
26.8
29.21
27.77
27.14
25.12
17.92
19.73
26.12
34.71
37.85
32.06
8.96
25.87
29.26
22.02
7.49
18.07
15.8
16.11
18.64
14.86
11.23
17.65
13.95
26.15
27.23
18.99
16.84
23.54
25.16
16.97
17.67
19.54
20.05
25.15
23.52
13.75
21.29
20.06
25.29
22.88
20.54
21.11
16.14
16.73
22.01
23.07
22.97
18.32
16.87
14.53
14.62
22.39
20.91
18.75
22.36
13.57
15.92
17.91
23.97
25.34
25.85
24.09
22.93
15.66
17.62
17.6
14.34
24.19
23.01
21.51
18.72
18.86
14.03
14.79
18.55
14.11
24.95
25.67
28.24
30.29
25.9
25.72
18.49
19.28
20.95
18.95
20.73
19.35
19.06
22.57
15.42
24.37
27.02
22.62
19.13
20.88
22.01
19.02
21.5
18.45
22.24
25.49
13.28
19.49
24.52
27.66
26.27
22.43
16.07
5.15
3.16
20.87
25.32
24.87
23.46
21.34
22.18
21.02
11.42
17.67
22.05
26.4
27.43
26.04
25.29
23.92
17.84
5.62
22.09
27.45
24.71
20.17
19.51
14.47
23
24.42
23
17.8
22.71
22.19
8.51
23.27
27.48
24.69
16.39
19.68
18.23
15.22
17.63
15.51
19.45
19.72
14.05
21.12
23.38
22.19
23.41
24.88
22.67
16.57
8.15
12
18.13
11.16
10.79
14.08
19.75
16.28
18.5
16.99
16.26
15.94
25.44
22.95
9.61
20.42
20.79
17.92
19.99
14.66
20.09
20.27
19.25
18.51
14.92
9.77
15.89
16.38
19.09
21.12
17.78
18
19.8
16.32
19.84
21.64
10.84
17.2
17.78
14.91
15.72
13
17.58
13.76
14.57
21.65
19.9
17.37
16.22
17.33
11.72
18.71
11.15
22.16
17.96
15.6
18.08
18.49
7.5
10.2
17.04
18.62
21.25
21.47
14.01
5.54
4.74
16.29
16.58
12.65
14.9
19.95
21.22
15.62
-4.79
12.29
20.16
18
20.78
22.72
19.5
11.1
20.64
15.56
14
7.87
22.6
25
22
1.72
23.04
25.15
23.02
15.22
9.64
9.96
11.16
9.1
15.48
14.9
19.18
17.86
16.06
25.24
23.89
20.97
7.6
17.88
18.43
15.68
9.31
10.11
16.72
13.2
19.01
23.59
25.72
23.05
19.17
14.12
20.28
24.63
16.98
8.52
-4.53
8.14
-14.36
13.66
17.12
16.29
-1.67
16.88
20.45
21.05
21.41
21.68
20.06
13.47
17.27
11.62
12.98
15.35
22.77
23.66
1.15
24.5
21.31
11.8
17.41
0.73
6.17
14.96
21.64
22
18.51
20.04
23.56
21.53
16.9
15.54
22.11
19.87
6.84
11.02
10.96
10.59
20.78
19.08
-0.64
15.3
18.44
15.47
18.89
13.9
10.09
17.38
24.5
26.45
23.82
15.44
3.21
5.68
19.14
19.56
15.84
15.32
13.59
11.57
17.3
18.13
11.54
13.93
16.44
15.78
13.63
7.03
7.14
6.1
20.59
26.25
24.17
16.74
20.06
21.08
12.62
18.19
12.29
21.84
23.39
19
11.84
21.94
24.58
24.82
18.2
12.34
17.01
13.12
20.13
25.27
23.12
18.8
8.66
18.89
21.49
18.82
11.63
11.97
17.18
15.51
21.91
21.06
19.33
16.02
7.5
12.45
16.53
15.89
10.96
15.6
21.11
18.64
20.77
22.55
17.85
2.05
5.97
14.97
19.45
18.74
24.7
27.1
24.67
13.95
20.24
18.61
19.5
22.84
21.15
13.93
18.16
15.25
16.85
20.7
19.88
10.95
19.74
8.79
19.85
19.51
21.98
17.97
16.29
10.89
16.36
13.5
11.26
18.07
12.22
17.89
23.19
21.43
15.68
14.27
16.25
17.05
21.88
16.85
16.41
21.58
20.88
19.18
24.15
22.69
18.25
20.44
19.08
14.15
17.72
22.25
21.91
18.08
7.75
1.12
13.65
18.67
19.93
22.78
21.52
16.87
25.29
26.71
22.08
18.6
33.92
37.8
33.7
17.31
15.6
18.09
24.57
25.4
17.86
13.2
19.54
18.02
10.66
8.24
19.17
22.01
4.98
16.81
9.04
19.5
17.99
-0.58
16.36
18.76
20.3
17.75
6.41
20.82
22.32
21.85
22.38
21.22
24.61
23.85
21.53
19.08
14.94
15.98
23.24
22.6
12.76
15.98
15.28
9.69
9.96
13.19
15.35
3.7
16.06
18.31
17.74
16.06
13.23
16.77
16.29
-12.77
11.55
12.54
16.2
20.9
22.01
16.85
18.57
25.19
28.96
27.93
25.04
18.38
16.59
19.08
22.85
25.13
23.13
9.19
12.73
15.03
16.04
18.72
20.86
22.97
21.34
16.01
14.99
21.93
21.74
21.17
23.98
22.27
15.82
16.37
19.95
20.8
22.15
15.62
8.4
19.36
16.28
17.24
14.94
17.09
16.26
8.74
17.75
10.94
16.97
21.83
21.33
19.96
19.8
18.97
18.83
15.36
18.05
23.54
22.22
9.55
21.13
19.34
17.53
14.66
15.73
17.6
12.32
10.15
6.28
10.19
13.59
12.6
15.96
17.67
16.42
18.8
24.36
23.74
14.39
15.74
16.72
17.87
16.54
12.76
15.37
18.26
22.39
20.32
10.94
21.35
27.19
26.21
20.05
8.28
8.71
0.2
17.05
20.93
19.84
18.65
14.33
11.8
14.62
20.93
20.94
21.24
15.33
17.47
22.46
19.3
12.63
8.09
6.1
10.2
21.69
24.81
18.07
10.27
15.59
15.19
10.19
2.47
15.83
12.72
16.96
20.02
13.25
10.98
16.42
17.92
16.14
12.32
16
23.52
22.11
15.86
20.74
22.51
20.62
17.8
15.07
10.7
14.8
17.6
15.13
15.17
16.41
16.63
18.38
19.76
11.69
14.12
10.58
17.96
19.64
17.85
6.33
9.09
-6.87
14.73
6.23
16.34
17.22
19.96
22.11
13.69
12.51
21.04
24.13
18.71
20.34
18.8
11.2
21.95
20.34
14.9
7.94
16.7
22.87
20.99
14.36
-5.02
13.42
17.7
21.51
22.41
14.01
13.19
12.61
12.94
6.66
17.61
20.6
21.22
17.62
1.38
8.85
15.86
21.35
21.37
22.03
20.62
17.85
16.36
12.48
9.4
14.81
12.67
-3.71
6.72
17.9
19.03
15.41
11.86
6.61
14.72
22.62
22.27
17.31
12.17
1.57
18.4
23.91
22.28
10.8
8.81
20.74
21.5
17.95
13.01
11.35
19.33
17.03
8.41
8.81
-4.11
12.16
13.76
11.68
-0.02
7.57
-6.32
8.96
11.88
7.21
14.49
18.27
19.16
18.41
13.15
6.6
16.15
17.89
15
23.02
21.38
10.27
20.1
18.84
15.81
11.2
8.53
11.9
13.36
19.12
16.76
12.11
15.46
11.5
11.15
3.22
9.78
11.51
19.96
20.04
17.85
18.26
13.81
14.83
18.93
15.96
14.62
15.95
17.57
20.11
14.23
11.32
15.83
14.58
15.58
10.36
10.02
18.6
22.42
22.19
14.02
15.91
18.56
20.71
20.83
14.54
7.32
13.2
15.18
19.04
17.37
18.24
14.9
3.53
7.69
8.52
16.15
18.46
18.98
15.92
10.01
12.63
12.23
12.95
16.6
15.1
13.12
11.62
14.05
18.64
20.69
20.14
20.55
16.07
8.9
12.54
17.79
19.52
20.36
18.15
14.05
11.48
8.62
10.79
16.69
17.38
15.69
16.25
19.67
19.7
16.89
14.55
16.31
17.35
18.31
13.57
11.24
16.79
14.91
7.05
7.04
-4.5
-4.97
8.25
14.36
16.82
12.07
14.28
17.06
15.97
12.03
16.74
17.43
15.28
13.68
14.95
13.93
12.19
10.8
15.02
16.52
11.39
17.18
19.49
21.58
20.46
21.88
23.27
21.68
14.2
15
16.47
15.13
13.13
10.29
4.03
17.1
19.07
19.87
17.56
15.32
13.95
13.6
13.92
15.55
17.65
19.05
18.47
18.49
20.4
17.08
10.16
8.28
12.02
17.11
14.88
11.32
3.6
14.41
16.72
20.45
22.79
20.44
18.44
20.49
17.17
12.37
12.52
14.53
14.75
12.92
7.69
15.85
20.45
17.17
20.93
21.32
19.52
13.34
17.3
20.64
15.99
10.48
16.5
15.71
6.85
16.1
18.03
10.72
6.69
9.5
6.44
18.95
20.8
18.01
21.85
21.65
18.33
13.85
9.15
11.33
19.65
21.65
18.37
6.09
16.78
19.04
10.97
16.32
13.09
15.37
19.62
21.14
18.81
7.85
5.92
2.38
16.39
20.05
17.3
14.77
12.36
5.62
12.35
3.43
14.82
16.19
8.69
14.59
15.47
13.2
8.34
8.51
-4.68
14.35
13.04
15.25
13.86
9.79
17.97
17.78
13.2
13.31
9.63
9.97
11.83
16.99
22.52
20.82
14.67
7.37
18.09
18.83
3.68
16.05
16.89
14.04
15.66
19.2
22.03
17
11.38
12.42
12.87
18.73
17.25
16.02
19.2
19.83
20.44
19.58
18.56
16.57
9.67
13.58
5.41
13
17.61
18.9
20.24
19.9
10.53
14.47
18.3
10.6
5.09
11.75
13.31
2.28
3.43
11.23
16.78
16.32
17.23
15.14
5.74
3.06
12.52
12.59
12.3
16.31
18.4
18.88
8.4
7.75
11.83
11.46
9.97
14.68
9.89
14.67
18.32
13.77
3.66
0.73
6.83
3.03
5.88
16.36
19.7
19.31
17.21
11.96
4.48
16.69
19.83
8.69
8.59
5.06
14.59
15.2
11.51
-7.07
4.39
-6.88
13.07
19.52
22.52
21.22
18.47
16.95
17.14
17.66
15.77
15.39
7.07
7.6
16.6
21.87
17.81
10.07
14.67
13.89
8.33
16.74
19.96
14.32
12.58
16.36
15.19
15.36
16.87
19.17
19
16.2
17.65
0.66
12.62
12.58
15.58
14.23
21.5
23.16
19.04
17.9
18.71
13.12
9.94
13.59
11.21
10.88
8.7
13.59
-1.05
11.85
15.51
14.71
11.31
6.5
14.77
19.73
16.3
9.05
13.1
6.25
1.89
9.11
16.88
16.55
16.55
17.16
8.71
15.42
15.14
9.34
14.29
15.26
11.2
14.34
19.4
18.97
14.35
5.49
15.9
19.1
19.49
17.43
15.62
11.36
13.94
13.7
19.54
18.93
15.01
9.96
13.92
18.53
17.34
18.66
16.48
2.46
12.67
12.66
0.83
3.88
11.19
17.74
18.44
12.91
13.1
16.16
17.37
15.8
13.5
15.8
9.45
12.68
17.1
19.47
14.07
12.53
18.99
16.63
6.76
4.43
14.28
18.43
19.87
19.11
9.94
17.91
16.57
14.45
12.31
8.96
5.17
17.49
21.93
22.24
19.84
17.23
4.59
7.36
12.15
17.72
19.18
12.94
12.59
19.45
19.9
20.41
19.13
13.1
21.36
23.34
18.89
12.47
16.44
17.06
19.07
15.66
10.77
17.03
17.75
20.91
20.67
19.32
17.08
16.31
0.84
14.39
17.76
19.08
11.77
-5.19
10.75
15.64
14.17
9.59
-17.66
12.47
18.37
19.58
18.62
10.38
2.74
3.14
6.99
5.09
9.87
11.76
11.49
19.46
22.04
19.23
10.22
15.98
22.12
20.63
9.11
11.13
15.17
14.07
9.88
11.9
17.95
17.32
15.34
10.35
11.95
15.91
12.16
7.3
12.97
16.36
21.16
23.17
20.81
14.24
10.38
11.13
11.46
9.49
9.08
12.24
7.01
5.69
19.17
21.5
20.91
21.74
22.46
18.79
11.47
3.81
18
21.34
20.44
19.56
20.19
18.82
10.57
10.39
2.51
16.14
14.99
4.98
10.47
0.61
6.54
15.47
17.51
15.77
12.5
9.6
18.42
19.46
16.74
6.82
10.45
20.23
22.65
20.88
14.76
7.52
6.7
14.11
17.65
15.17
8.54
15.93
6.9
13.32
15.13
5.42
9.23
20.24
21.3
15.74
12.19
14.04
11.46
13
14.87
14.65
18.59
19.38
18.58
19.95
14.96
16.23
18.05
11.99
13.53
15.14
9.29
14.35
14.11
13.87
16.5
17.72
15.68
15.2
10.53
18.42
23.52
21.27
17.08
20.29
21.26
13.89
10.34
17.77
14.46
0.92
9.45
5.98
12.07
8.24
20.87
22.93
18.7
12.52
18.08
19.2
15.02
15.95
17.31
14.62
11.18
3.48
14.08
6.99
11.82
17.53
20.86
16.67
19.67
20.89
17.17
18.03
20.25
21.65
19.62
14.84
19.82
21.52
19.32
16.95
16.47
14.68
12.99
21.36
21
13.83
8.69
5.35
15.74
19.65
9.54
21.24
22.77
18.78
17.37
18.09
7.91
10.72
14.9
20.57
19.89
15.08
8.35
2.5
7.28
17.72
17.9
15.92
10.82
18.19
19.3
18.68
21.08
20.17
9.95
11.24
16.35
16.19
4.39
18.3
20.38
11.88
16.15
12.73
14.06
9.7
16.36
18.92
10.85
17.17
15.95
10.72
11.57
17.33
19.45
20.83
12.63
18.47
18.17
15.31
13.08
15.81
17.98
3.67
18.11
7.17
11.61
21.52
22.98
18.18
9.2
8.43
6.69
14.98
16.92
13.88
12.68
9.92
5.85
7.97
9.66
3.79
2.97
2.83
2.54
7.91
6.73
6.9
12
12.05
10.34
20.58
22.47
14.08
6.86
-16.07
10.33
8.6
14.05
9.55
11.43
17.92
16.79
13.02
12.72
7.9
14.68
17
15.16
18.42
17.14
9.62
10.04
8.24
13.26
17.51
20.92
20.35
13.63
9.57
12.41
9.29
4.67
7.33
9.56
10.74
15.62
14.05
11.51
12.09
3.39
7.84
15.02
14.64
9.34
10.3
5.9
18.15
21.47
20.71
15.8
0.17
11.26
13.01
15.83
16.59
18.09
16.47
11.05
10.78
18.3
22.96
19.47
8.67
9.21
8.61
11.38
14.22
12.72
13.68
16.27
18.51
16.98
17.64
15.67
1.24
15.48
18.28
17.33
14.59
15.24
11.97
6.34
12.52
14.63
6.81
5.62
6.21
10.47
9.11
8.98
13.44
15.25
8.76
12.72
8.22
4
6.57
11.29
17.43
17.05
15.01
11.39
13.87
19.15
18.99
16.01
15.51
17.65
22.82
23.45
19.22
11.61
13.67
20.81
21.71
20.09
18.58
16.17
12.12
8.93
7.77
11.77
3.87
7.1
8.25
10.1
7.73
14.22
17.44
19.41
19.04
15.65
8.81
10.6
17.99
16.98
16.33
16.03
15.37
15.39
5.08
0.22
9.84
15.76
18.64
13.38
11.28
11.43
14.26
15.4
13.42
-0.94
12.13
14.69
9.46
8.17
10.95
9.57
6.54
11.14
12.55
16.79
19.92
19.75
21.43
18.19
6.75
17
17.35
19.3
20.96
20.43
17.26
12.66
14.79
16.37
3.1
9.05
9.78
13.37
14.9
15.53
17.12
16.77
10.06
1.77
-5.27
8.16
9.42
13.57
20.17
23.88
24.15
20.36
14.12
12.42
8.63
-4.19
15.61
19.78
20.55
16.88
7.6
12.29
17.69
17.24
12.7
0.23
11.14
12.35
5.88
4.9
3.06
-9
-4.54
10.46
15.37
12.94
14.49
16.03
20.1
22.13
20.84
18.55
16.99
15.83
16.56
17.86
17.02
16.51
11.93
6.27
17.78
20.68
18.6
14.88
16.14
15.85
14.94
12.72
22.47
23.6
16.26
4.12
7.08
14.86
16.41
16.49
6.54
8.84
5.88
10.56
-1.49
7.83
20.98
24.01
22.56
21.75
22.7
20.41
17.85
17.85
17.73
20.73
20.7
19.5
19.51
18.39
17.3
14.35
13.2
17.36
16.51
5.93
11.47
17.18
16.83
14.8
7.1
0.93
13.34
20.7
21.79
18.98
20.11
22.78
22.91
22.73
23.14
21.69
16.31
10
2.16
15.59
12.94
-4.18
3.56
10.78
14.81
9.25
10.06
12.19
5.55
9.27
14.91
17.33
16.21
12.36
8.78
5.55
9.19
14.52
13.7
6.61
12.15
18.73
19.83
18.05
20.3
19.81
18
21.12
20.61
17.56
18.28
20.29
19.08
18.05
17.13
17.85
15.3
3.96
7.07
16.55
18.06
17.22
18.37
19.14
18.78
17.83
16.26
16.31
15.49
18.28
19.14
16.58
10.26
10.59
14.29
10.72
13.82
16.67
12.37
14.42
19.34
20.71
18.46
14.59
11.77
12.36
13.92
17.09
21.57
23.61
22.7
20.79
20.13
17.04
12.1
11.37
16.22
19.12
20.32
19.86
13.48
15.48
11.46
15.31
16.51
10.47
8.51
6.89
8.78
17.85
19.93
12.85
11.38
7.25
11.5
12.23
3.22
12.89
16.14
11.54
-15.86
11.66
16.79
13.72
9.12
15.34
14.52
14.68
9.32
9.14
16.71
15.28
14.93
13.1
13.56
19.17
16.68
7.63
1.81
7.08
10.49
18.66
22.79
21.2
11.69
10.94
10.11
6.52
15.44
16.85
14.5
14.01
2.71
16.92
16.47
7.72
14.57
17.7
16.35
18.58
21.78
20.01
15.21
5.88
4.34
11.04
11.14
9.05
8.24
13.02
13.01
15.79
12.42
2.67
13.16
15.32
13.83
10.33
4.72
8.26
14.43
13.58
7.79
9.3
10.45
0.73
14.07
16.78
12.4
10.52
12.19
9.47
15.31
8.75
9.1
10.52
6.1
15.55
13.13
2.75
13.71
15.77
17.75
17.45
-4.38
17.79
16.68
-2.79
15.78
18.07
-4.36
16.74
12.99
15.56
20.09
17.76
12.44
16.36
11.78
7.25
16.42
17.33
13.78
-2.97
8.91
15.44
16.38
10.22
-3.88
8.74
16.22
20.6
17.15
9.01
8.34
5.61
10.72
-5.42
11.89
19.6
18.22
14.58
14.87
13.42
9.41
2.51
10.62
18
13.62
1.65
10.34
6.29
14.07
17.61
17.25
10.73
4.77
2.21
11.07
14.01
9.12
14.75
17.75
17.01
12.12
7.87
-4.32
6.87
6.34
5.07
3.34
7.55
15
17.18
16.23
7.35
14.01
11.9
17.19
15.24
14.11
16.73
9.23
10.89
-2.22
10.89
12.38
9.19
8.07
6.76
9.41
10.8
12.06
7.79
11.58
12.44
12.23
9.01
10.5
8.37
11.02
13.54
7.19
3.11
8.98
13.61
12.9
11.2
8.41
4.78
14.31
18.85
15.62
4.22
9.02
15.87
12.49
11.58
15.9
13.79
5.89
-3.78
7.71
11.98
5.55
3.57
7.95
15.53
12.26
9.63
12.86
12.58
15.52
7.74
6.18
0.71
3.58
2.22
12.69
11.81
0.96
6.98
14.84
15.91
11.34
8.84
13.01
14.13
13.08
2.33
10.29
9.27
10.4
11.29
10.46
11.83
14.49
14.83
12.18
9.32
8.94
11.94
11.09
-4.24
9.3
14.97
15.52
12.65
3.08
8.95
5.95
7.72
12.6
11.92
9.95
10.49
5.85
14.72
-0.19
8.34
7.96
10.55
8.23
18.99
19.14
6.83
9.79
5.97
17.63
17.14
6.56
9.96
16.13
12.15
18.32
20.22
17
15.5
15.16
11.32
1.02
12.23
14.1
9.86
5.59
13.31
10.52
8.28
13.1
13.04
3.2
-4.57
10.98
9.2
7.92
6.96
8.3
14.94
15.55
13.86
12.62
16.81
17.64
14.45
10.87
14.29
8.84
4.03
8.17
4.21
-6.27
10.84
15.46
16.39
13.47
9.33
15.18
16.99
14.76
9.07
8.42
19.33
17.61
8.28
4.65
11.24
13.61
9.47
6.59
10.2
11.27
16.71
19.88
15.28
14.62
18.6
17.99
14.76
5.81
13.09
10.6
8.18
13.49
9.57
7.89
12.75
11.08
10.57
12.19
10.8
15.49
16.1
11.05
9.32
0.69
12.33
15.46
11.65
-4.19
10.1
10.42
8.3
13.56
8.67
1.5
8.92
11.51
6.33
14.62
15.92
10.6
10.32
12.37
11.06
14.75
11.21
7.83
4.44
3.36
17.26
-4.92
10.41
15.13
13.13
11.01
7.78
3.44
7.11
15.13
13.63
10.18
6.43
8.39
-2.54
3.15
13.62
16.04
13.49
10.21
10.15
-2.81
12.02
10.21
8.71
13.42
11.3
2.45
7.95
5.95
9.57
13.11
16.45
15.67
13.86
8.6
-5.72
8.16
10.38
3.87
13.32
11.98
12.58
14.05
-1.28
3.8
-4
2.13
8.55
11.23
17.76
20.03
15.17
-6.53
-1.88
8.98
9.86
4.28
11.54
6.38
5
3.61
10.41
4.59
17.9
17.4
13.05
12.4
13.04
16.9
17.69
14.04
0.49
6.02
8.55
7.62
12
14.56
10.16
8.66
14.23
17.02
8.42
16.39
20
13.33
9.98
12.32
9.33
11.22
9.25
0.11
10.41
11.6
9.44
3.69
9.49
10.13
7.33
14.18
13.78
14.83
12.98
11.41
10.58
8.12
12.73
17.4
15.28
-1.69
10.54
10.02
4.17
14.5
17.19
12.38
12.68
14.21
8.79
7.12
13.81
11.97
13.48
7.2
-1.67
9.06
14.89
20.44
22.41
19.28
15.56
15.51
12.81
7.84
11.56
15.53
14.75
9.38
1.94
-11.18
-4.32
0.5
6.56
14.53
15.13
14.71
7.2
12.59
16.92
16.29
17.87
15.48
6.6
2.18
12.8
14.91
11.98
9.56
13.01
16.51
14.19
-5.73
15.03
18.19
15.71
3.5
10.15
12.47
13.39
12.8
10.25
9.7
2.7
4.1
6.57
12.06
13.35
-1.17
4.14
-0.45
10.84
8.89
9.21
13.07
16.64
11.97
3.35
9.58
12.33
7.77
2.21
5.4
3.05
-1.6
9.12
7.3
10.46
13.44
10.34
11.1
14.27
14.03
13
14.84
12.43
9.06
4.68
-21.07
12.29
16.93
17.31
14.55
8.77
9.37
12.58
9.63
14.96
14.35
5.86
13.21
8.04
-9.93
6.77
3.92
6.31
1.32
-4.52
2.58
6.32
10.4
6.69
5.45
11.39
8.16
10.24
12.96
14.52
13.5
-1.26
1.53
6.8
11.24
5.36
5.63
14.52
14.46
-0.91
7.88
8.99
12
15.12
9.45
12.68
13.45
10.19
10.47
10.91
8.2
8.59
8.49
12.18
9.66
6.56
4.02
9.03
12.45
11.38
10.62
13.42
14.19
11.18
-2.14
7.45
12.07
12.98
12.36
11.05
14.2
17.42
10.01
10.68
13.91
13.37
10.1
8.58
8.07
7.57
11.67
11.27
6.4
11.27
10.73
7.9
-5.05
10.2
8.64
8.86
13.19
14.27
16.63
17.37
15.95
8.36
7.65
11.63
10.7
13.56
14.48
9.46
2.24
5.82
5.73
1.68
10.09
9.79
16.34
15.45
8.63
8.58
15.47
16.48
16.6
12.31
5.01
13.36
11.14
9.81
10.74
4.24
10.58
13.67
0.69
11.24
12.59
2.44
11.04
12.35
4.01
13.73
8.18
8.11
11.45
12.03
14.65
10.7
7.79
5.92
4.56
14.38
17.3
16.62
12.66
11.63
12.25
5.42
6.39
4.76
11.39
10.81
5.67
12.05
13.44
12.07
9.51
11.17
9.38
1.3
11.08
14.88
14.7
14.02
9.47
-10.81
4.15
11.44
10.49
6.3
8.62
10.01
13.58
13.49
6.02
2.23
7.73
-4.53
8.66
5.6
-2.77
10.64
11.23
8.9
11.91
0.64
10.87
9.6
-0.69
-2.01
-4.31
6.09
11.75
11.84
17.62
11.46
11.08
11.79
12.19
9.3
2.83
6.11
2.31
13.07
12.89
11.91
13.58
17.85
18.38
16.57
16.94
15.57
8.97
2.26
10.62
12.57
12.53
13.53
13.17
1.76
8.2
10.7
-4.92
11.3
13.87
12.51
8.35
4.04
-0.93
8.08
8.45
12.76
14.92
13.39
13.5
13.78
13.97
13.46
11.67
5.44
-13.86
-5.69
6.49
8.64
17.02
18.25
15.1
11.6
13.54
1.47
6.59
7.31
16.65
10.63
1.62
13.17
15.39
12.45
11.8
9.21
10.74
12.21
12.39
15.46
12.26
2.54
8.64
8.72
5.46
7.52
1.72
-0.19
11.45
13.6
8.58
7.53
5.48
9.94
15.76
11.74
9.83
16.43
18.21
18.19
11.29
-0.33
3.51
-5.05
-10.52
8.67
12.66
10.66
9.12
9.7
10.23
15.34
12.76
4.6
13.86
10.37
10.33
15.25
16.36
4.98
14.84
18.21
16.26
12.4
10.62
12.85
1.85
3.9
15.26
16.82
12.38
11.92
15.99
14.17
12.57
14.15
13.54
13.78
6.02
12.77
3.46
14.75
16.82
14.23
10.09
14.15
16.08
13.73
0
7.56
9.14
14.2
14.17
7.63
1.92
12.41
17.74
15.75
2.94
3.7
9.36
14.26
10.56
7.32
-1.48
5.06
9.22
10.66
11.54
11.58
9.88
8.43
15.7
18.91
10.54
15.22
17.77
9.87
7.46
8.72
8.6
7.06
13.97
10.63
12.26
14.36
10.82
5.58
14.56
16.94
13.17
10.23
13.53
4.71
12.49
9.58
-0.49
0.16
7.89
11.74
16.99
18.53
14.4
9.09
14.54
5.97
13.66
19.03
18.41
13.02
0.94
14.26
13.17
7.67
14.21
6.91
13.42
14.95
13.05
5.47
2.18
7.62
-12.85
5.58
9.68
14.19
15.29
14.64
11.55
11.9
7.18
2.8
12.99
15.8
15.8
13.92
5.01
5.37
15.94
17.46
17.18
11.82
15.29
13.5
11.1
15.96
11.86
3.38
11.63
13.73
15.44
15.82
15.37
8.29
6.74
0.85
11.25
17.02
14.13
7.47
9.74
18.34
16.35
13.13
13.19
10.07
13.89
13.49
6.04
12.86
11.85
11.22
3.99
-1.05
13.66
19.68
18.32
11.64
-2.35
8.12
7.68
13.11
5.51
11.67
16.38
13.26
10.41
0.1
9.44
13.89
3.22
6.53
-1.97
14.45
13.9
11.53
17.73
18.42
12.6
16.87
18.36
15.78
16.37
17.28
19.92
13.89
13.49
14.07
4.55
9.45
3.93
5.75
13.67
15.65
12.57
12.21
13.95
13.69
17.86
19.97
18.35
14.71
6.64
11.7
11.38
3.48
14.81
12.57
0.77
8.69
10.13
11.74
15.76
14.62
12.96
13.62
6.47
2.2
6.14
12.83
11.02
5.8
13.23
19.66
20.28
5.78
15.8
13.06
7.98
18.61
19.35
12.42
11.24
15.81
15.98
2.12
12.93
18.21
19.94
15.36
2.58
3.84
8.08
13.73
12.88
9.22
8.6
8.51
17.45
15.64
6.79
2.17
12.5
13.1
9.43
6.84
3.67
4.45
7.55
-4.08
13.18
16.3
12.3
7.36
10.53
11.55
9.4
9.47
9.91
10.84
13.96
9.13
8.18
14.33
19.66
17.41
5.93
5.8
7.52
10.6
13.71
14.51
3.74
-2.95
12.06
16
16.93
16.7
19.15
17.69
12.18
15.51
14.66
12.76
4.28
13.94
18.01
16.53
10.56
7.12
8.48
15.49
9.76
10.56
13.82
9.4
7.05
1.28
9.01
12.88
12.67
6.94
-7.15
7.61
-1.51
14.61
17.15
14.71
10.03
10.97
9.03
0.27
-0.21
12.47
17.35
17.91
17.64
14.16
14.72
13.86
-5.09
5.37
7.99
13.92
13.69
10.12
4.85
10.83
12.43
9.94
9.12
11.46
16.54
13.33
6.93
9.41
9.71
9.66
13.23
11.38
-8.47
11.49
14.96
12.2
11.11
6.25
9.33
14.86
14.73
10.88
1.08
13.86
14.82
14.65
14.88
-4.45
17.09
18.11
7.67
8.85
1.52
1.02
3.81
10.53
10.39
9.29
13.9
13.81
9.06
3.74
12.21
13.11
6.96
12.3
16.04
17.56
16.75
7.83
7.39
14.89
19.77
21.15
18.2
-2.36
14.45
15.53
13.46
7.8
4.96
15
14.6
10.98
4.65
9.89
12.21
10.01
12
17.93
16.89
12.25
12.7
17.53
17.78
12.62
10.09
9.47
8.33
14.62
17.69
14.33
-11.38
9.93
10.81
6.95
13.02
13.22
14.4
17.36
19.49
19.63
13.07
11.44
13.55
10.37
13.33
10.88
17.78
17.87
2.45
13.49
5.7
13.22
10.82
-0.98
8.92
9.4
8.12
10.57
11.75
13.08
15.89
17.78
17.39
15.72
9.58
3.31
8.46
14.21
13.92
10.88
10.22
16.17
17.79
15.71
9.7
7.03
17.16
20.38
17.7
10.88
16.08
13.03
9.81
7.66
6.69
-3.47
5.49
7.29
9.17
12.89
16.83
18.97
16.89
14.79
14.85
13.07
8.21
-1.54
8.98
2.09
8.5
12.44
13.43
11.32
7.76
8.31
-7.13
8.36
12.82
15.43
11.26
6.31
12.52
0.98
9.51
11.15
5.67
15.73
17.7
14.29
6.88
9.79
12.83
15.56
15.07
16.29
19.45
19.13
17.86
16.6
13.12
15.75
12.53
8.18
3.15
9.83
13.08
15.15
12.03
5.73
-13.74
1.04
9.47
10.93
10.24
9.93
6.65
3.71
2.54
8.64
10.36
8.17
15.6
13.94
6.68
10.16
15.71
15.76
13.57
16.96
16.03
11.86
13.79
7.12
7.35
7.91
-1.99
12.84
10.68
2.06
13.14
14.63
10.64
1.6
-2.6
-3.45
6.86
14.44
13.26
12.14
16.75
17.22
13.95
12.03
11.51
10.03
9.92
8.91
11.68
13.63
12.75
9.94
5.54
9.45
10.32
4.1
1.67
12.9
12.7
7.18
8.21
6.91
16.54
18.05
15.53
14.51
8.63
-3.1
6.19
-3.37
8.4
13.21
9.12
12.45
12.7
9.29
9.05
4.27
-0.23
10.04
14.6
11.62
15.24
15.16
0.82
4.56
1.1
2.81
4.95
-8.45
10.7
13.43
2.76
9.27
8.03
3.67
11.12
13.77
10.92
-13.02
12.91
15.32
13.24
12.56
3.62
10.77
17.31
17.11
5.2
13.31
14.72
9.68
-4.02
7.06
13.78
10.83
8.98
16.42
14.12
14.5
15.87
9.2
11.21
16.33
13.04
5.99
9.19
16.82
19.41
17.83
14.82
11.06
6.8
13.13
14.17
15.75
8.44
7.68
16.9
15.89
