11.71
11.12
1.82
-5.24
4.15
8.67
8.65
7.77
7.27
10.04
13.77
10.88
-0.63
7.86
6.38
10.3
13.21
10.33
11.82
10.51
8.67
9.84
12.56
13.52
16.62
14.95
7.03
6.02
12.59
11.55
6.26
8.4
5.16
5.43
5.89
-3.49
9.22
9.2
10.71
17.22
18.05
15.45
8.44
-3.71
8.76
9.35
4.71
-6.46
7.04
4.75
8.98
15.82
16.01
8.08
10.14
7.22
9.28
13.93
9.22
6.68
11.34
11.08
11.62
10.57
11.69
10.66
11.61
13.24
14.25
9.95
10.04
13.71
9.42
1.45
9.87
12.53
14.32
13.7
12.3
11.57
8.74
6.51
11.47
16.09
17.2
14.86
9.67
-4.28
5.44
2.12
11.69
8.47
9.1
0.6
11.91
13.86
9.34
8.54
9.92
12.85
14.8
4.56
4.46
0.86
5.57
12.14
12.11
7
7.26
-5.05
2.72
6.91
6.97
11.52
13.47
14.1
10.65
-13.06
-0.91
4.66
9.23
8.9
12.07
16.17
17.13
8.16
3.78
0.08
4.47
11.36
12.02
5.57
6.18
11.26
11.01
8.49
-22.85
7.59
3.53
6.83
11.45
9.86
6.93
7.52
10.43
15.03
15.26
2.57
4.6
10.3
10.82
10.21
8.47
7.01
11.31
11.93
13.78
15.15
15.44
11.49
9.92
9.81
1.57
3.44
7.34
6.41
4.22
6.87
-3.55
6.18
9.55
9.78
-3.71
12.45
16.23
13.85
12.23
12.88
11.49
10.24
9.03
7.59
5.77
-7.95
-5.71
4.04
7.36
-0.79
7.76
4.96
6.37
7.67
9.44
13.51
15.44
14.19
10.54
7.72
4.39
10.49
13.89
13.91
14.47
15.82
13.78
11.24
11.02
-12.28
11.2
13.13
12.29
12.3
11.02
1.02
10.05
12.71
6.02
3.31
11.29
10.55
7.36
-1.23
4.64
13.31
16
15.03
14.4
10.13
6.42
7.3
11.04
9.95
1.68
12.13
11.65
8.12
8.61
-1.44
4.64
6.95
3.99
7.44
11.84
9.8
12.17
15.56
14.94
9.12
11.19
12.72
13.33
9.12
0.74
11.4
18.03
15.08
6.82
-3.75
-4.73
6.23
11.28
7.87
-3.56
0.85
2.55
9.94
10.02
8.26
3.95
4.49
8.83
9.29
10.16
12.77
12.96
13.27
17.95
17.37
13.43
4.78
6.52
-6.79
6.38
9.11
10.95
7.01
7.71
8.53
4.44
8.62
-1.35
-7.54
6.73
3.3
9.58
10.04
2.77
4.19
8.89
0.5
6.89
10.02
12.38
10.46
6.9
6.27
-1.09
9.55
11.98
4.83
3.44
5.04
9.63
5.78
14.57
17.65
17.37
16.51
11.46
2.51
-6.21
9.62
11.43
7.5
12.27
13.87
9.63
-1.72
11.55
15.37
8.34
10.07
14.49
12.79
10.18
10.78
14.77
14.81
12.83
10.34
7.4
10.73
8.64
10.48
7.14
9.61
10.59
10.34
14.62
11.04
-9.29
8.2
10.93
9.27
1.96
12.7
11.37
1.3
3.37
10.98
13.46
14.62
13.14
11.39
7.9
-3.12
0.11
3.74
2.98
-1.88
-6.52
8.36
5.38
-0.51
7.4
13.04
13.91
12.25
10.56
7.8
6
8.25
9.81
11.48
10.33
1.37
8.16
7.27
-0.89
8.79
14.67
10.8
12.28
15.95
13.33
10.06
5.39
-2.31
-15.66
7.48
10.94
2.56
-2.04
3.65
9.3
5.82
3.51
10.3
11.86
8.3
5.34
4.92
8.28
10.61
-9.67
4.74
-0.26
10.4
14.33
9.51
7.96
10.06
8.13
1.95
2.55
-2.28
-0.43
9.77
5.61
6.49
5.62
9.49
7.44
8.1
7.46
9.66
12.67
7.6
10.47
11.2
6.45
8.18
13.37
13.44
9.5
0.98
11.29
13.51
11.71
5.82
3.1
2.2
13.21
11.85
11.42
13.45
14.89
11.4
-3.42
0.64
3.09
13.06
9.81
9.24
5.24
12.28
8.16
7.67
5.52
-1.94
6.84
5.63
11.36
11.74
4.25
-2.62
5.36
8.75
9.9
13.39
13.88
2.08
6.2
-0.45
0.96
6.34
4.92
12.91
13.75
12.01
14.88
12.62
0.86
2.8
9.56
10.15
6.78
-7.77
6.3
10.59
11.15
3.97
3.34
10.31
14.66
13.88
11.04
6.52
11.8
12.64
9.3
-4.38
12.06
15.84
12.32
5.13
7.34
6.48
3.46
9.61
5.63
4.26
-0.13
4.84
9.46
8.93
11.11
13.43
15.35
15.89
12.65
10.37
12.69
8.73
-2.95
5.07
13.48
15.51
15.06
7.88
12.64
16.21
17.07
15.91
13.47
-4.39
8.34
12
13.68
8.72
4.9
2.95
2.27
9.9
8.45
13.32
14.43
13.38
8.56
2.34
5.55
6.81
6.26
-1.07
6.92
13.38
11.93
12.35
16.14
18.47
17.58
15.15
9.87
0.81
2.17
13.36
14.03
9.03
3.72
-5.18
0.51
10.76
12.81
14.17
14.55
12.26
5.57
10.63
7.43
-11.84
4.4
11.84
10.96
10.16
10.77
8.92
3.95
8.78
13.58
12.83
-0.34
10.3
11.68
10.76
10.24
10.44
5.67
-3.41
4.37
3.81
6.49
13.74
14.32
10.31
4.61
3.83
7.48
5.41
10.84
10.71
4.08
6.55
6.5
13.15
15.6
15.7
13.32
14.72
13.86
13.64
15.62
17.47
16.49
13.32
11.56
12.53
8.44
5.99
2.59
-2.54
8
10.92
9.27
10.6
12.79
10.61
4.56
13
12.13
6.4
3.04
6.12
13.21
11.22
6.13
-1.34
6.34
13.22
16.79
14.91
8.5
5.37
15.75
16.01
15.23
6.97
1.21
13.42
16.72
12.75
9.81
12.25
12.13
10.24
8.23
4.04
9.71
9.3
-7.97
-0.49
2.68
1.55
4.2
10.5
7.89
7.97
13.51
16.05
14.75
11.34
10.67
6.24
3.89
11.34
15.43
16.9
15.53
11.72
6.68
9.41
14.79
14.67
12.72
7.11
7.21
12.8
11.14
8.37
5.24
11.63
13.62
11.28
10.22
7.16
5.14
8.47
10.59
6.11
-7.83
4.34
11.04
11.78
10.32
7.55
3.85
9.06
8.14
4.8
10.64
12.79
14.86
13.87
9.5
7.9
1.69
6.1
-1.78
3.52
9.72
13.3
1.92
4.06
-0.06
14.57
16.22
13.67
9.94
9.85
15.18
10.5
0.11
0.46
7.63
15.17
12.75
5.87
11.01
10.59
11.64
10.84
11.75
15.34
15.18
4.16
9.88
10.05
5.59
5.88
-3.02
3.67
2.9
-3.16
2.87
6.58
-8.45
8.87
8
2.09
7.52
12.46
11.93
11.04
14.52
12.65
9.85
11.24
6.64
1.01
4.45
8.78
8.93
-1.58
2.02
-6.21
5.94
1.6
6.19
10.15
10.76
9.5
-0.17
21.12
9.96
18.13
22.02
18.29
12.97
16.08
18.96
15.51
16.67
26.17
28.66
26.24
19.43
5.98
18.36
19.38
16.48
15.12
-10.14
23.26
27.15
23.11
8.16
14.62
22.14
20.41
11.15
9.94
-6.5
15.04
9.56
14.68
17.07
2.73
7.51
6.6
12.91
21.75
20.99
17.85
15.46
8.66
-16.83
12.9
17.69
11.55
19.73
24.01
27.44
26.38
26.38
27.29
19.43
29.13
33.97
31.96
17.26
15.16
5.2
19.59
25
23.46
22.43
21.43
18.01
19.22
17.83
15.91
18.83
15.45
15.41
14.76
14.79
14.41
4.4
11.09
17.24
20.7
18.42
12.25
16.52
21.96
23.98
26.14
27.4
25.27
20.32
17.79
15.84
17.77
22.5
25.91
28.15
25.98
7.46
24.42
24.44
9.24
15.59
12.19
13.93
8.59
17.12
14.75
18.49
16.58
21.59
22.22
13.98
11.9
18.71
22.78
24.02
17.71
11.85
12.73
15.29
22.56
27.91
24.99
17.11
26.36
26.81
25.38
21.66
18.07
14.39
13.61
18.07
24.37
17.65
19.64
23.43
21.2
6.6
15.09
17.9
14.77
20.18
17
18.79
22.69
16.39
18.89
22.48
13.03
22.96
26.72
23.89
20.76
17.82
10.58
14.16
19.18
20.37
17.84
9.48
23.24
26
26.33
25.07
22.2
24.39
25.56
19.41
19.04
20.19
22.26
19.26
23.01
28.09
25.29
22.28
20.87
14.92
17.92
15.02
14.15
15.74
15.97
21.22
24.84
22.84
24.17
23.59
23.06
24.45
22.81
21.22
22.82
16.26
20.21
22.4
19.48
-2.28
20.34
21.27
17.99
9.93
17.61
18.09
21.97
22.74
16.88
24.02
26.13
22.61
18.42
19.17
13.6
-14.51
18.34
9.08
24.96
29.33
29.09
23.79
15.08
22.58
20.3
22.53
21.78
17.87
18.07
17.71
20.95
22.75
17.85
16.26
15.23
18.62
22.67
11.54
17.71
20.51
15.85
14.35
20.76
21.16
16.52
12.13
16.73
20.19
21.19
23.37
25.69
22.8
11.7
25.08
28.86
27.6
22.58
14.24
8.55
8.13
10.08
8.18
9.59
8.71
13.28
18.59
24.28
15.35
19.71
12.98
3.11
10.91
20.78
17.92
11.58
7.67
16.7
18.56
11.5
14.15
16.21
8.57
11.35
18.61
20.7
17.81
18.49
20.62
26.11
26.45
20.35
15.94
18.92
15.82
16.04
22.08
15.78
9.58
17.54
25.35
26.27
24.65
22.56
25.57
24.02
15.92
17.89
22.31
19.3
13.94
17.67
16.55
19.87
23.02
23.11
22.72
22.66
20.29
20.59
19.38
8.12
16.46
18.86
16.13
14.87
15.05
15.92
17.08
10.92
7.61
13.85
16.71
15.81
19.65
18.48
11.23
9.39
6.12
10.97
9.17
14.3
16.54
5.6
10.04
12.74
-1.45
17.07
22.07
22.9
17.35
11.74
11.26
9.95
19.37
21.13
17.42
-0.78
15.41
12.25
17.48
18.45
14.24
8.92
11.01
11.65
12.32
12.96
3.76
12.23
17.63
14.75
-3.73
2.21
16.07
18.21
12.99
-0.15
13.21
15.23
11.31
6.4
12.07
8.24
13.55
17.45
16.5
8.44
14.97
16.61
15.87
15.95
13.74
8.44
4.37
9.26
11.59
12.08
10.78
11.11
14
12.91
10.76
7.46
5.89
11.03
14.06
11.81
9.45
-1.84
20.15
22.08
19.02
12.99
10.69
19.9
22.01
20.31
16.13
12.95
21.6
21.68
10.87
16.61
13.11
16.59
14.2
17.15
22.03
10.93
21.09
19.41
15.45
14.54
13.73
11.37
-2.83
17.22
18.2
17.27
20.88
14.79
14.98
18.54
16.8
13.84
14.97
21.24
21.45
13.62
14.8
20.5
15.39
10.84
7.32
14.36
22.22
25.33
19.3
13.65
19.14
17.5
3.28
8.03
12.45
17.86
20.16
16
16.58
6.68
15
10.81
12.02
15.73
18.99
22.09
18.35
9.15
13.1
21.49
24.34
20.65
11.72
10.98
10.92
22.78
25.1
22.65
13.34
21.34
20.63
16.64
19.01
21.26
18.32
18.76
12.55
24.67
26.9
26.23
25.51
21.26
21.14
18.83
5.26
18.31
20.68
21.6
20.08
19.36
23.6
18.82
21.36
26.58
28.02
27.73
28.02
26.92
21.06
24.51
23.44
13.91
21.37
24.23
23.69
19.51
17.06
5.38
10.53
14.73
20.67
20.18
21.14
21.98
20.18
24.94
21.75
18.14
23.16
18.6
15.91
19.72
20
19.33
22.08
20.57
18.62
9.98
21.29
24.42
13.45
24.4
28.03
28.66
22.82
16.03
24.1
23.19
21.45
21.01
22.84
21.54
18.43
19.03
19.17
25.19
20.44
16.47
24.23
21.37
17.56
19.65
20.17
20.66
23.4
20.54
13.67
12.7
11.85
14.25
20.28
23.66
22.76
24.7
28
24.83
17.17
6.22
23.74
25.36
22.38
17.52
17.82
19.97
22.35
22.94
21.79
22.62
18.5
19.87
17.64
14.24
21.96
25.44
22.63
11.32
13.28
21.78
23.1
17.42
17.06
17.02
20.23
18.08
10.91
13.65
19.31
15.9
14.71
22.63
22.42
12.41
23.96
23.51
20.73
20.89
18.12
22.3
25.19
15.98
18.16
22.3
21.22
20.53
14.79
14.82
17.18
19.67
15.47
14.14
20.26
13.8
4.5
10.24
19.79
23.89
11.62
22.29
23.83
18.19
16.94
23.44
23.87
17.02
19.18
20.76
20.08
20.74
5.71
23.31
22.12
21.28
19.55
19.44
25.97
21.2
18.56
8.88
14.8
13.67
11.26
23.82
26.9
24.97
26.32
28.38
25.51
21.19
18.91
19.89
24.42
27.32
19.27
23.03
26.05
23.69
21.59
14.5
17.51
16.89
12.36
13.67
12.32
18.78
16.61
17.34
21.82
26.26
24.74
10.51
19.26
18.01
24.46
25.77
26.01
20.87
16.06
24.21
21.83
8.77
14.75
12.01
23
25.9
26.35
23.2
15.29
21.12
18.38
15.54
11.19
20.11
21.22
18.7
21.25
22.2
16.94
18.11
25.62
22.01
-1.11
17.84
22.37
22.52
20.4
20.3
14.94
14.97
16.51
11.46
14.17
17.39
18.24
16.08
1.09
5.29
9.53
19.21
19.73
15.32
15.36
16.07
-4.21
15.76
15.38
14.86
4.78
13.66
15.48
3.13
17.2
20.87
18.12
17.75
17.61
20.3
20.02
14.39
16.07
19.68
16.88
14.66
22.62
24.09
17.25
13.26
16.89
18.42
17.59
15.01
18.83
19.68
21.02
23.02
23.24
18.47
20.26
15.26
15.4
13.5
10.06
10.4
12.53
17.32
17.55
15.69
18.47
18.37
7.76
18.14
19.39
8.45
16.44
20.4
21.66
13.71
16.65
21.83
23.88
19.28
19.39
23.3
21.48
21.63
17.29
21.78
19.62
13.77
19.1
16.85
5.85
21.39
19.93
7.14
15.26
19.5
17.22
17.5
21.05
18.63
20.33
22.98
19.06
16.94
19.31
17.32
13.18
7.14
23.06
25.16
17.47
17.05
24.39
27.04
25.04
23.32
21.8
21.82
14.11
-0.72
9.74
20.47
22.28
21.5
24.57
24.88
19.32
14.23
1.6
21.55
23.5
20.57
19.81
18.09
9.92
19.81
20.47
20.13
17.87
14.06
17.36
12.91
14.72
21.2
20.28
14.08
14.36
18.11
13.42
12.28
18.64
23.31
26.15
26.32
25.75
27.33
27.9
25.63
21.94
14.58
15.81
17.72
14.91
20.18
25.35
25.11
19.35
6.61
11.49
19.92
24.04
21.52
18.63
21.63
27.05
26.63
19.79
12.39
5.83
12.23
18.32
14.03
10.27
17.95
21.31
22.85
22.93
18.38
6.93
15.94
6.14
18.7
25.91
28.53
25.62
16.46
10.36
20.03
20.83
17.47
22.72
20.65
24.34
27.02
26.78
25.13
25.79
29.29
32.47
28.83
19.74
19.65
21.01
21.31
23.1
22.66
17.89
23.44
29.03
27.75
26.02
28.8
27.01
14.62
18.79
23.54
24.11
26.34
31.61
31.63
22.29
28.88
27.35
22.13
24.65
26.47
25.27
20.89
17.4
16.72
21.6
25.05
25.82
22.33
13.24
12.71
16.44
18.22
23.31
24.85
23.64
15.52
34.27
43.33
42.78
32.87
19.56
11.62
17.37
21.06
16.1
-1.31
17.41
23.94
25
21.57
19.48
13.57
16.79
20.57
19.43
18.18
24.72
25.99
22.57
18.73
15.75
15.62
20.34
22.64
28.89
42.37
46.33
40.82
21.9
15.15
12.63
12.41
14.47
19.01
25.71
26.17
21.52
16.23
18.06
18.02
27.35
28.04
23.68
11.06
20.27
23.33
22.02
27.8
33.81
32.66
28.38
26.41
20.45
22.3
20.46
15.77
13.33
24.19
26.9
25.91
25.01
20.61
14.3
17.94
19.28
14.83
25.46
25.48
22.37
24.32
28.16
27.6
25.08
25.14
23.32
19.28
21.22
39.25
43.41
37.9
17.82
23.6
18.38
9.69
23.76
28.2
27.63
22.97
12.86
30.05
38
35.39
22.07
-4.07
13.69
16.65
18.29
16.85
10.04
19.15
19.27
21.68
24.36
23.83
21.71
21.84
20.13
37.61
43.46
39.94
27.84
24.46
19.35
10.83
19.32
25.06
23.55
18.56
16.32
19.59
12.26
1.76
16.27
25.45
28.61
27.18
24.41
20.35
18.94
20.45
24.35
22.8
18.23
18.94
17.23
14.74
13.97
15.62
24.7
27.17
22.92
14.04
17.86
16.5
21.96
25.35
26.83
24.73
18.73
14.59
11.82
21.71
25.49
21.64
16.91
22.74
18.71
22.49
27.97
40.9
44.94
39.57
17.49
13.42
4.12
25.56
29.38
28.16
22.5
17
15.36
16.1
19.38
17.18
8.5
16.89
21.19
24.84
25.68
25.41
23.88
21.83
21.39
20.92
17.35
18.14
16.86
23.01
25.3
20.42
20.39
19.93
19.06
19.9
20.02
8.01
13.7
18.05
22.03
19.94
12.85
13.62
-1.36
26.2
30.19
27.23
25.02
23.57
15.09
9.15
16.92
15.91
15.37
15.61
18.61
26.42
26.97
20.02
13.41
11.85
23.02
16.75
18.7
19.47
22.22
25
24.61
18.17
19.92
24.4
24.89
33
35.06
30.52
23.19
25.5
29.48
28.57
24.82
25.08
27.87
36.53
39.78
36.8
29.98
29.43
36.24
37.88
34.1
37.22
44.83
43.83
32.02
26.61
28.25
24.98
23.47
24.94
25.15
27.45
31.9
36.02
34.73
27.83
20.94
18.21
21.12
8.57
22
22.73
26.81
23.35
27.97
31.69
26.41
22.03
16.35
22.62
25.21
25.36
26.57
25.48
25.08
25.09
24.14
24.9
28.23
26.5
18.84
-1.57
21.91
26.26
27.8
30.16
29.71
28.51
0.56
28.62
25.91
18.35
14.5
9.45
11.53
26.33
26.5
21.14
26.39
24.71
17.16
29.87
44.77
49.57
45.46
30.2
24.02
30.17
30.69
31.17
29.47
45.78
47.66
40.2
21.69
16.74
12.12
18.58
22.77
18.57
27.72
25.3
22.92
26.76
18.02
25.95
30.13
29.63
25.44
18.54
18.25
19.13
26.16
29.83
26.3
27.18
31.87
33.06
30.89
27.52
19.56
23
25.33
18.58
23.31
25.5
27.49
30.92
31.65
30.13
28.38
25.98
22.93
27.33
28.63
24.39
3.1
20.25
15.59
27.91
29.12
25.62
8.48
9.14
15.88
7.7
27.02
32.81
32.3
27.63
24.32
25.04
26.4
28.13
27.36
21.73
9.38
19.29
14.58
20.59
21.95
17.44
16.48
20.03
26.03
30.58
31.61
31.78
32.57
32.11
28.57
13.34
24.56
27.43
25.94
23.74
25.08
25.53
20.98
20.93
27.41
26.84
25.87
24.55
19.7
21.89
29.46
30.12
29.14
25.85
26.06
31.02
31.05
20.1
26.97
26.01
21.78
30.77
31.96
23.79
26.21
30.87
30.47
22.17
8.77
23.42
25.71
25.61
27.63
28.75
22.39
18.61
26.26
30.2
24.87
18.07
22.26
16.57
25.04
25.52
24.22
21.67
20.19
24.49
29.69
22.51
25.54
27.42
29.09
30.38
29.57
28.04
29.32
23.26
19.07
18.4
21.44
22.92
26.46
21.27
8.16
1.52
18.4
15.83
21.82
27.8
28.31
26.3
26.76
27.05
20.79
21.73
21.7
11.57
17.7
28.06
29.58
24.8
15.5
11.85
18.8
24.74
28.7
31.47
31.59
26.81
19.31
19.97
19.33
28.45
31.89
31.8
31.49
32.24
30.52
24.76
27.55
31.69
30.19
25.87
23.12
17.06
20.31
25.39
28.84
31.52
32.48
31.46
29.01
25.01
22.54
14.99
25.94
28.51
27.2
24.26
24.17
26.95
25.98
23.79
24.85
23.87
25.26
28.21
29.21
27.08
19.79
20.87
26.77
29.88
31.5
29.92
26.19
25.06
27.39
30.44
31.96
30.45
27.38
26.51
27.05
24.39
24.73
29.54
31.36
30.92
30.3
28.93
25.16
20.66
23.09
22.12
21.43
23.48
26.11
25.84
23.3
25.88
29.25
29.05
27.03
26.72
28.54
27.54
19.64
17.32
21.57
24.32
26.49
26.03
22.65
19.77
16.58
17.41
22.78
22.98
9.2
21.59
21.34
15.57
11.09
20.97
25.87
28.07
27.03
22.45
4.06
20.96
21.88
22.73
22.5
15.33
15.32
19.62
20.52
17.65
15.43
18.43
18.45
9.13
11.01
22.01
25.57
26.43
26.04
23.82
19.3
20.38
20.47
13.49
13.93
25.89
21.15
25.87
28.68
27.41
18.18
17.28
25.62
25.36
24.26
14.27
23.47
18.92
20.7
25.95
30.17
29.56
2.08
24.46
24.87
22.9
17.95
21.02
26.17
24.35
24.99
13.84
24.39
25.19
21.89
28.9
29.06
30.4
31.32
29
26.8
17.28
22.59
19.9
20.23
17.54
24.51
22
3.87
17.17
19.71
26.09
25.17
23.77
28.9
27.59
27.64
30.51
28.53
24.48
15.9
22.29
26.67
28.2
26.81
20
12.28
19.23
28.22
28.13
19.65
15.43
22.68
20.7
11.32
14.69
13.47
6.07
16.68
26.49
26.99
18.99
15.99
24.29
33.92
29.29
24.66
30.44
32.39
26.97
21.79
13.17
20.3
19.23
25.62
21.6
9.08
24.27
21.38
25.07
27.65
26.37
14.65
18.5
13.41
18.42
16.76
25.66
26.62
23.95
26.35
17.16
16.09
24.71
20.32
21.43
23.91
28.91
28.88
23.61
22.93
16.63
19.76
24.21
28.54
28.79
20.95
-0.86
20.54
18.86
19.13
22.97
22.2
13.87
24.21
26.77
22.47
20.77
19.31
18.39
19.59
17.19
22.42
17.61
21
20.97
17.91
20.61
26.38
31.24
30.57
26.44
22.24
26.21
27.18
27.76
21.07
12.21
17.44
18.11
10.12
22.18
22.93
16.76
24.38
24.11
20.58
21.12
26.31
22.14
20.57
23.01
22.3
19.26
27.42
28.07
22.85
19.49
19.66
2.62
14.87
21.38
23.53
25.67
20.39
15.12
22.27
21.45
14.23
27.26
30.55
27.92
18.46
24.93
25.69
21.43
17.05
22.88
15.93
17.69
16.42
20.93
22.35
22.46
23.4
17.92
14.4
24.47
27.82
22.45
18.73
27.47
27.89
24.35
15.8
16.65
24.82
27.88
23.21
18.78
24.93
26.54
25.21
24.2
19.04
16.48
20.49
19.68
14.93
26.67
26.52
25.73
18.6
22.22
23.06
13.85
14.72
20.97
23.56
24.89
17.13
23.07
21.58
23.9
25.53
23.11
14.71
16.38
12.84
17.26
19.75
18.8
12.29
19.32
23.09
24.04
22.79
16.47
20.83
18.24
18.39
19.02
19.11
25.15
23.52
12.83
4.91
14.35
24.95
28.56
29.39
25.43
10.86
15.57
12.08
15.62
16.32
13.39
16.55
22.53
25.37
25.19
23
25.99
27.26
23.63
-7.79
19.78
20.86
29.16
30.02
25.97
11.38
19.3
19.47
18.84
12.77
8.57
9.91
17.47
11.34
14.78
22.15
22.02
12.87
6.15
19.98
21.32
18.62
18.42
16.41
-0.74
6.07
13.8
21.62
23.61
16.86
18.63
24.96
26.1
21.46
9.69
17.33
16.95
14.71
11.79
14.44
10.53
18.04
18.54
10.91
22.43
25.47
17.83
22.2
22.28
16.87
17.56
14.03
23.68
24.24
13.46
12.08
15.85
16.1
19.01
18.31
23.51
24.1
20.6
20.16
20.69
21.55
23.87
19.61
17.08
22.29
5.42
17.73
12.82
12.25
19.18
18.27
23.26
24
20.8
16.79
19.2
23.45
22.4
8.88
23.1
21.43
14.37
13.32
19.02
21.16
18.91
5.62
19.93
20.13
16.24
13.13
20.53
19.31
16.07
12.9
16.78
16.43
14.85
4.51
21.09
23.09
10.68
22.39
27.43
27.25
22.42
16.26
14.79
17.23
20.77
9.81
10.85
17.13
20.66
22.8
25.59
26.44
25.37
21.53
19.64
19.11
12.61
15.06
9.66
25.45
27.25
24.3
21.09
19.53
20.02
21.07
17.99
1.19
11.78
18.03
17.07
12.59
18.11
22.27
25.36
23.39
17.73
23.5
25.39
24.89
23.18
22.66
20.47
16.12
6.2
15.24
12.94
12.26
24.24
23.92
12.5
12.33
23.7
25.9
22.96
22.48
20.46
15.29
11.88
19.45
22.39
18.13
12.79
12.84
17.59
23.73
15.7
11.57
13.05
22.64
19.12
16.13
19.79
21.4
21.62
21.14
13.77
11.73
7.63
14.46
16.61
16.25
19.93
22.94
20.57
21.93
24.22
22.16
20.98
23.34
24.72
24.69
25.58
24.95
20.23
17.19
17.89
13.82
17.16
23.4
24.77
24.74
16.72
19.66
20.61
10.44
21.08
22.38
18.49
19.36
19.36
19.83
24.17
25.11
21.62
20.53
22.53
22.71
21.83
25.23
25.81
20.91
23.85
23.86
22.19
27.34
29.06
24.56
20.18
24.76
25.44
23.1
19.21
13.36
16.41
20.24
18.86
20.77
23.01
19.08
18.55
21.78
17.27
15.45
15.55
18.47
23.15
24.17
26.44
30.53
30.95
27.36
21.92
30.95
35.63
31.12
12.68
9.44
17.59
15.98
18.95
18.68
18.53
25.95
24.11
18.07
23.04
25.47
22.06
20.01
15.6
9.85
15.91
18.7
19.91
21.17
19.39
13.76
12.62
20.32
24.13
25.77
26.48
25.85
23.96
22.39
16.66
4.66
19.12
22.28
22.77
21.56
25.03
25.17
22.08
21.03
17.48
12.78
20.23
18.31
20.08
23.28
21.4
21.25
22.38
15.01
8.66
22.1
26.53
26.48
25.08
21.34
13.96
14.5
15.56
19.91
24.13
26.33
26.83
24.73
19.47
17.99
19.55
10.84
9.55
20.89
28.38
27.1
24.67
27.22
26.91
19.27
16.69
22.38
23.54
25.49
21.57
10.46
19.95
20.67
14.91
17.36
22.54
20.5
20.73
19.54
12.75
22.51
24.35
19.29
13.09
18.25
18.49
11.53
17.98
17.99
17.65
15.23
14.45
19.83
18.94
11.51
18.07
21.82
12.7
14.19
21.53
25.51
20.51
12.68
18.69
17.71
21.51
24.77
25.77
22.14
17.27
20.1
22.8
23.29
25.41
22.39
9.13
21.47
16.73
16.11
20.59
20.66
23.9
23.85
18.46
14.06
21.33
23.88
23.18
24.45
24.93
21.07
15.04
17.53
18.85
10.8
20.19
24
24.61
13.46
3.53
21.06
22.07
16.17
19.56
25.31
27.05
26.47
25.84
20.49
13.35
20.91
22.75
18.63
13.44
18.48
14.81
14.34
12.16
4.58
19.53
25.38
27.66
26.04
18.37
14.06
15.64
11.46
16.36
6.27
14.15
18.07
17.22
16.06
14.14
20.67
17.66
16.1
17.81
17.83
20.31
19.82
16.52
7.74
18.1
13.61
20.62
22.97
23.21
24.55
19.23
16.82
20.91
19
20.39
20.37
18.98
17.56
17.98
19.66
24.81
24.66
20.8
17.01
14.67
11.17
15.28
20.08
21.47
19.01
17.4
18.76
15.57
17.88
16.76
10.22
7.48
14.34
19.35
19.1
11.18
17.32
22.14
20.46
-9.26
11.68
-8.33
13.52
19.03
18.25
8.69
10.03
18.59
16.47
11.87
17.74
12.88
-10.55
17.83
22.18
20.97
21.21
8.04
17.26
19.61
12.55
9.64
14.39
14.04
11.26
5.14
-11.11
8.01
18.04
20.35
14.48
4.85
6.91
15.73
16.84
5.35
8.14
8.24
12.48
13.12
14.6
18.13
18.3
19.74
19.59
16.52
16.07
13.66
10.28
14.3
12.4
6.19
13.77
15.75
16.99
17.04
1.8
13.51
16.5
14.71
0.63
18.19
18.94
9.71
14.24
16.27
15.73
12.71
14.2
14.03
13.97
15.72
14.78
12.22
16.58
17.81
14.98
14.25
13.85
1.41
16.33
21.75
19.75
14.91
14.58
13.9
11.33
9.98
13.33
12.55
14.36
17.11
15.76
16.41
18.69
11.2
11.46
9.78
3.58
12.49
10.46
-10.48
5.68
11.74
15.93
13.23
9.54
5.21
12.71
16.03
12.37
7.24
15.91
15.39
15.05
10.62
0.32
12.48
13.93
5.81
5.16
11.42
13.9
17.29
16.84
10.28
5.44
8.2
13.11
2.83
12.07
16.31
7.56
5.59
14.41
17.29
12.97
3.58
9.48
9.27
6.81
6.18
8.71
12.13
9.66
7.61
16.5
12.77
10.42
15.83
15.36
19.15
13.93
16.25
19.61
16.4
1.75
8.41
8.42
5.9
14.22
3.03
11.43
14.31
11
3.61
12.72
15.13
18.32
18.84
13.21
12.37
17.3
17.01
15.32
16.12
10.56
13.07
13.74
8.16
14.92
11.54
4.77
1.82
4.33
14.26
11.68
17.09
16.57
1.65
2.72
9.84
13.14
16.19
15.13
6.46
15.15
15.71
19.82
17.02
11.36
14.75
18.45
13.02
7.84
13.59
12.39
12.34
13.5
3.53
16.68
12.5
8.8
14.6
14.77
15.31
6.59
7.75
11.29
8.03
7.6
9.89
14.6
17.86
19.62
20.42
19.48
-2.6
16.82
10.02
11.38
10.23
1.41
5.34
16.6
16.96
7.01
9.67
16.25
17.27
14.13
14.86
8.59
6.3
15.08
19.32
19.27
17.97
14.26
1.73
17.06
21.57
21.7
16.2
11.79
15.78
16.15
17.55
20.77
20.71
14.18
17.58
12.84
8.9
17.82
20.9
14.5
-0.92
-3.21
11.83
13.79
11.84
4.66
13.34
8.75
20.1
22.49
24.66
23.67
14.74
14.06
20.75
18.69
18.15
10.11
14.93
19.56
17.21
2.31
17.19
18.43
18.85
15.56
17.36
23.14
24.84
26.21
23.49
3.19
17.28
11.59
17.35
19.32
14.12
13.87
10.74
18.01
16.18
15.45
16.6
17.18
20.24
20.05
12.36
11.64
6.25
12.69
2.96
15.93
11.99
6.58
11.61
4.48
20.99
20.56
14.35
12.07
14.1
18.55
22.67
21.48
21.14
22.54
21.61
15.9
6.01
15.45
11.91
13.25
19.52
18.32
15.92
17.97
19.09
20.69
11.55
13.75
17.23
12.1
2.79
-9.85
11.2
10.54
4.97
10.46
2.77
-2.93
2.85
4.12
13.14
12.94
6.1
12.61
16.34
14.09
5.88
4.61
4.9
11.34
5.16
13.78
16.02
17.41
17.49
7.54
12.92
2.77
16.64
12.65
7.43
17
19.54
15.9
12.08
13.28
9.3
11.31
18.97
17.22
12.37
14.47
11.52
12.82
11.21
15.23
16.93
14.45
12.42
6.58
4.85
5.56
12.88
15.14
15.33
15.2
14.94
14.65
11.22
10.03
9.66
3.62
15.88
13.67
9.42
11
12.9
16.03
15.72
18.24
20.05
18.41
17.08
17.7
12.71
15.03
19.83
21.03
17.88
8.92
11.01
19.26
21.74
19.39
16.11
18.63
17.41
12.29
19.62
22.55
22.49
20.14
19.42
21.03
18.17
20.43
21.58
15.27
6.26
14.64
6.64
15.86
20.98
21.64
14.29
12.38
16.48
13.23
6.12
7.25
6.56
7.31
9
16.86
12.1
5.4
8.48
7.07
17.9
19.92
12.17
12.61
9.96
7.55
15.59
14.05
12.98
18.37
19.86
17.23
15.16
12.82
16.5
22.36
21.23
16.45
6.25
7.97
12.31
5.82
13.72
15.76
9.35
-8.49
12.73
17.06
16
16.81
17.24
14.87
13.36
16.26
6.73
17.23
18.11
11.36
9.35
19.68
23.02
22
18.83
16.73
15.08
16.06
2.26
16.9
16.47
10.1
8.06
12.14
15.53
19.61
18.84
11.03
15.8
17.41
5.24
4.65
16.04
21.63
19.17
3.37
11.02
3.56
12.72
17.87
20.31
22.4
21.41
19.41
20.01
14.77
11.82
9.59
-8.33
-9.34
11.87
16.13
19.44
19.97
17.97
17.07
15.92
16.17
15.67
14.23
20.41
20.44
22.31
22.05
19.01
19.26
13.31
17.87
19.8
12.79
-4.99
14.19
18.69
18.27
17.03
13.25
11.12
11.75
12.76
16.13
12.68
17.78
21.8
19.52
13.71
10.38
7.29
17.78
23.04
23.39
20.03
10.18
18
18.16
15.37
11.09
3.37
6.49
15.85
16.13
17
22.75
22.35
16.35
0.05
12.45
15.55
17.06
17.91
14.26
-8.08
11.3
15.47
17.63
21.53
22.37
17.5
15.77
16.68
21.53
22.44
17.47
9.59
14.81
14.84
-4.18
16.1
20.89
20.8
16.13
6.31
16.62
14.42
4.79
9.27
16.29
14
15.54
21.88
22.39
12.93
18.28
18.29
15.99
17.63
19.92
18.68
19.3
17.82
20.08
17.46
18.01
13.77
15.19
20.71
18.34
17.37
15.59
5.97
17.85
21.76
18.39
18.75
18.77
15.25
17.46
16.46
16.05
5.31
20.05
22.81
18.41
-0.2
19.04
23.03
22.21
19.51
6.42
16.05
13.53
-8.18
6.97
11.8
19.77
21.01
19.55
18.27
13.59
14.13
0.74
17.6
16.91
13.59
11.61
7.05
8.88
17.65
21.08
21.45
15.62
14.81
16.4
17.55
11.78
16.88
20.56
13.88
17.7
19.02
21.47
22.45
16.59
12.51
19.28
17.62
10.85
9.68
16.19
12.46
7.44
14.63
16.36
17.66
13.34
9.9
12.81
14.95
18.79
15.41
21.32
22.02
17.49
-9.47
16.04
17.38
13.01
16.7
11.49
11.92
18.33
17.56
12.43
18.99
20.93
19.7
13.56
9.53
7.31
17.96
18.22
14.78
16.66
13.83
12.75
15
15.19
14.71
10.37
11.04
13.16
18.41
20.39
17.73
9.23
13.71
15.25
14.73
14.64
18.3
16.64
6.65
2.8
11.5
13.45
14.73
13.83
14.08
17.78
18.19
9.28
12.01
16.77
13.26
9.67
5.5
3.21
9.82
11.63
13.02
18.23
19.88
11.66
13.16
5.97
14.74
15.47
13.81
15.24
18.65
17.58
8.32
14.64
13.31
13.89
21.03
22.04
18.58
15.18
14.64
12.2
6.34
16.42
20.54
19.24
17.81
19.06
19.38
19.39
16.96
15.71
15.71
16.62
6.41
13.2
14.49
13.21
8.33
9.71
10.34
11.56
14.8
13.14
10.7
15.2
14.8
3.41
8.9
9.59
17.6
18.34
16.37
16.37
13.79
8.59
4.26
10.89
15.2
19.42
19.1
10.17
10.38
10.35
19.45
21.89
22.39
21.49
17.28
18.22
20.14
17.1
6.78
7.14
12.77
19.12
21.08
17.68
5.34
9.59
11.51
6.02
5.84
17.79
20.47
17.1
12.5
15.42
16.74
9.14
15.92
9.42
6.38
10.11
12.37
13.13
14.89
14.17
14.49
20.31
19.17
16.88
6.58
12.16
16.26
10.46
12.3
11.05
6.55
12.52
16.5
18.63
16.06
12.07
14.26
10.81
13.11
12.56
9.52
10.59
12.57
6.86
12.93
16.35
13.27
11.56
15.56
15.02
9.87
7.32
7.45
13.28
10.55
5.7
4.94
12.2
20.01
18.67
10.53
5.6
12.83
15.11
6.23
12.95
19.27
18.51
15.62
13.37
10.49
3.18
2.82
3.89
5.04
6.69
15.98
17.62
20.53
21.87
18.02
0.05
9.52
11.81
10.98
10.67
15.42
14.8
9.06
8.45
13.36
14.78
16.38
9.64
3.95
-0.41
-1.02
3.4
13.69
18.01
14.24
15.22
17.65
13.53
4.87
12.28
14.89
18.75
15.55
1.55
3.61
2.43
12.31
13.93
15.39
18.68
14.89
-6.07
7.15
7.13
13.84
15.82
18.4
19.04
8.24
19.3
20.66
10.69
14.34
3.9
14.45
12.47
12.98
15.1
9.44
1.94
14.08
19.56
20.24
18.32
15.03
16.81
15.9
15.09
19.88
17.37
17.18
19.03
14.57
12.78
14.53
15.55
16.7
17.07
13.26
13.42
17.1
15.18
6.34
7.44
14.44
8.85
6.69
5.47
1.83
2.43
10.48
12.45
16.08
12.23
12.67
13.93
11.47
12.14
6.98
11.25
18.58
16.56
14.67
16.46
15.45
9.41
7.98
-26.12
15.28
4.44
18.21
17.34
21.56
21.48
16.68
17.03
14.15
12.17
16.64
16.79
16.75
13.27
17.42
16.3
-6.48
18.04
19.84
14.19
4.39
17.14
18.85
12.85
-0.94
12.78
17.03
14.98
4.15
14.92
18.23
18.41
12.56
-0.46
8.47
17.41
16.58
12.36
5.85
15.5
18.49
16.14
16.79
11.48
18.17
20.8
16.55
13.84
17.12
13.77
3.04
8.69
13.94
17.13
8.06
13.94
9.54
19.22
13.4
6.02
16.28
19.21
17.6
2.97
9.07
10.08
15.11
15.92
19.85
17.64
11.78
8.9
16.9
14.92
11.89
12.27
17.85
19.23
13.1
9.87
12.77
11.89
19.08
14.71
13.68
17.84
12.35
16.12
13.04
7.44
5.06
3.78
16.53
16.04
-1.08
9.42
9.26
5.52
6.55
8.54
15.73
14.01
11.08
10.69
12.17
12.37
7.62
8.49
16.57
14.02
13.94
14.19
13.78
12.42
6.66
-1.34
13.41
10.2
8.39
13.43
12.78
16.39
17.67
14.25
7.29
15.16
15.11
5.52
7.78
14.73
14.47
5.07
7.69
1.6
11.93
18.8
17.15
10.07
14.63
17.36
17.57
12.08
14.21
16.51
13.99
6.4
13.9
10.11
9.97
4.12
11.41
2.59
14.89
9.87
17.88
18.23
10.49
7.05
15.76
17.4
11.99
5.74
12.49
6.16
11.19
10.02
2.33
8.27
11.61
18.48
13.34
9.35
3.66
-1.34
-2.05
6.35
0.59
8.04
10.77
5.78
-1.64
3.24
7.86
2.29
13.36
13.64
9.01
7.47
10.59
9.87
5.95
11.94
17.77
19.02
17.75
17.37
18.73
19.75
18.89
12.57
5.83
12.1
13.18
16.09
15.28
9.89
8.68
14.9
15.98
14.78
15.4
15.34
15.64
14.96
9.04
6.62
11.91
15.69
18.96
17.82
11.89
13.21
15.36
13.56
10.21
10.55
10.81
7.08
5.25
4.71
10.65
12.86
13.16
9.48
13.21
13.58
8.39
2.46
3.34
12.88
12.09
13.74
15.58
18.16
19.07
13.58
16.16
15.43
4.11
9.52
12.62
13.86
13.97
16.48
14.92
16.55
17.82
17.3
18.37
16.7
6.68
5.94
6.14
8.06
12.78
12.05
11.35
14.76
10.84
-14.02
5.04
3.96
13.18
15.91
13.1
9.66
6.68
3.33
12.04
14.47
11.06
8.7
-3.64
10.63
17.81
19.16
13.82
0.65
11.8
13.37
12.6
10.38
14.86
15.12
15.21
13.3
7.04
1.4
-5.51
9.79
13.11
8.72
12.41
18.66
17
6.43
3.99
11.97
10.29
1.67
12.62
13.8
14.37
15.86
12.48
-0.39
12.96
13.88
11.96
12.46
14.91
14.94
9.8
3.61
9.41
12.71
10.16
8.47
10.02
4.38
9.75
9.25
2.38
11.6
14.39
14
13.98
11.21
9.78
16.45
17.47
13.49
13.11
14.17
5.55
7.62
9.59
11.65
10.73
10.44
13.23
8.04
4.71
-0.45
9.77
10.1
1.94
3.82
14.51
17.5
12.57
8.89
12.14
10.42
7.2
12.91
5.55
8.91
18.67
17.97
9.47
7.67
11.09
18.03
15.31
-4.8
14.84
16.24
8.88
5.12
13.31
10.94
15.37
18.02
17.73
15.04
11.2
10.65
13.51
13.78
8.95
1.25
-1.81
0.63
-2.23
-1.86
0.01
11.23
13.64
10.8
8.27
-8.34
-1.3
9.47
13.22
16.01
13.01
7.4
2.96
13.28
16.45
16.98
11.84
13.96
16.88
12.59
12.25
16.54
13.39
15.16
18.18
19.22
15.97
5.77
13.02
12.66
-1.7
14.99
15.81
15.41
17.31
17.6
16.03
15.4
13.29
7.14
10.53
10.62
11.75
13.42
13.92
19.11
18.55
12.44
12.5
11.45
8.2
11.4
11.55
6.49
8.33
6.85
12.74
14.59
13.42
-1.15
15.36
19.38
21.97
17.41
-2.2
7.48
11.77
18.11
19.59
15.89
9.36
11.48
15.53
19.33
19.99
14.9
5.66
10.83
16.95
16.9
9.66
5.5
13.93
18.37
21.1
18.93
10.55
14.99
17.31
18.8
17.92
15.92
16.37
14.81
8.15
-1.76
11.05
14.8
18.26
19.94
19.02
14.4
8.27
10.97
14.25
10.58
11.72
16.66
19.33
17.63
12.13
14.17
5.17
10.61
7.82
11.16
14.39
17.18
17.88
16.91
14.43
11.62
5.93
7.25
13.47
12.33
11.57
15.71
15.96
13.27
14.21
11.1
5.68
9.76
9.31
8.64
8.91
13.66
12.19
8
9.44
13.34
13.34
2.9
11.94
16.05
14.88
17.89
18.37
12.3
6.61
10.6
12.33
10.59
7.06
13.36
11.46
-2.65
3.37
-2.24
9.95
17.35
18.6
12.98
4
11.46
12.27
14.39
15.64
13.57
8.28
3.77
13.57
14.94
11.74
10.02
13.43
13.32
3.87
12.19
16.13
13.7
7.06
3
14.35
16.78
13.99
5.16
8.54
9.21
7.1
8.04
11.96
16.58
10.63
-7.62
13.58
16.68
14.49
13.92
13.91
14.1
14.35
7.55
2.93
10.29
12.66
12.32
9.18
8.21
13.68
12.43
7.3
9
9.79
9.67
15.23
14.02
12.4
13.74
11.4
16.34
19.27
16.85
12.2
16.23
18.34
16.72
14.86
12.36
14.69
18.16
17.35
16.21
19.7
21.83
21.9
19.33
15.96
17.3
17.63
8.64
8.89
13.72
14.74
14.39
13.4
4.76
11.13
10.7
5.74
15.96
19.82
16.77
13.79
12.32
6.42
17.13
22.71
21.73
19.55
20.16
19.07
13.69
11.54
15.38
14.22
13.53
11.32
5.98
3.87
11.84
11.58
11.15
8.22
12.03
17.55
15.72
11.2
4.72
14.46
18.12
16.85
15.9
4.82
9.7
15.7
16.53
15.55
17.6
15.17
11.03
15.12
17.48
18.15
17.83
17.03
16.69
18.37
19.7
18.3
18.22
21.08
18.1
10.9
14.32
15.32
16.09
14.13
15.69
14.22
2.42
12.61
5.8
2.64
4.1
3.9
11.75
13.32
12.12
12.34
11.69
-0.14
10.86
12.96
15.25
17.51
14.99
11.67
2.98
8.13
-0.45
6.69
2.13
-3.81
9.76
4.86
9.75
11.78
8.54
12.99
15.15
10.63
5.15
13.43
15.93
12.31
12.67
16.79
8.45
6.7
14.3
17.31
18.29
20.87
19.42
12.52
12.03
16.48
13.08
5.52
11.76
11.32
10.84
12.96
14.06
12.64
10.71
0.67
7.65
3.14
4.65
5.83
16.1
14.61
10.52
11.86
10.64
6.23
-6.96
8.73
10.26
3.08
6.65
12.11
10.68
11.22
7.88
14.8
14.65
6.97
4.56
1.03
7.55
10.05
1.91
10.32
15.54
16.83
14.74
14.02
13.86
16.67
13.6
10.06
16.62
17.08
16.33
12.38
-1.28
6.57
7.48
7.28
-2.37
15.19
17.83
16.2
14.94
13.54
13.16
15.11
12.49
10.02
16.06
17.85
18.67
19.66
18.3
10.32
13.76
14.41
8.57
3.01
7.34
9.74
5.63
9.19
15.54
14.12
13.47
16.18
12.13
3.62
11.45
18.5
19.59
14.8
13.13
14.01
4.19
12.05
13.84
12.75
15.67
17.03
17.42
16.36
12.86
11.98
8.66
6.72
9.71
6.15
11.61
8.82
-6.43
9.75
12.17
14.75
18.89
19.17
14.28
9.7
5.52
12.92
10.81
-1.57
11.94
13.72
11.31
12.57
12.34
10.19
9.82
7.49
9.08
8.89
11.22
12.1
15.28
12.41
12.64
8.84
10.54
11.79
8.96
10.58
11.63
13.06
10.19
2.84
13.69
15.78
13.86
15.38
15.31
11.71
11.17
13.33
7.31
11.89
15.37
6.51
8.55
11.94
11.2
12.59
12.69
13.08
16.23
14.83
6.35
8.4
1.55
6.63
6.63
11.08
5.64
5.29
4.93
9.56
4.63
-0.75
9.79
13.49
13.18
13.93
9.69
9.69
14.31
17.46
16
8.4
16.34
16.89
11.21
1.67
5.02
8.17
10.96
7.29
7.75
15.81
18.39
15.72
13.22
12.26
10.07
3.5
9.59
14.58
13.62
2.43
13.84
14.63
15.24
9.65
14.18
16.95
14.53
11.53
3.82
5.18
9.63
10.21
13.21
9.11
-8.46
0.67
5.72
12.32
8.86
2.77
6.67
3.75
5.15
5.89
6.56
6.91
9.69
14.09
12.13
3.63
8.5
14.13
13.23
-3.49
8.77
7.9
8.45
1.37
-12.07
4.6
11.54
15.05
8.81
8.95
14.21
14.58
14.81
17.33
16.71
10.58
-3.57
8.22
13.91
10.38
9.41
5.27
9.43
13.95
14.44
11.16
5.28
-2.09
5.08
13.77
16.99
15.51
6.98
15.14
15.76
13.87
14.22
11.42
0.95
11.36
12.01
7.91
5.08
0.39
6.63
2.09
0.73
5.54
15.21
14.6
-7.9
11.29
11.44
8.72
12.32
10.73
14.5
14.73
11.17
12.87
10.6
6.77
10.13
11.84
11.66
14.75
8.92
7.01
10.41
13.86
13.37
7.13
-1.53
6.47
10.62
0.09
4.19
-1.25
8.71
0.32
5.81
10.18
9.06
7.5
10.37
14.29
13.9
10.3
-2.4
14.75
18.67
15.17
9.72
14.73
17.32
13.43
9.27
14.79
12.58
14.27
19.81
20.66
17.78
14.87
19.3
19.84
18.83
16.02
13.09
12.53
7.26
5.6
12.08
10.94
3.91
-6.33
1.33
3.73
0.59
7.64
5.1
6.3
8.73
11.76
17.69
18.59
13.58
13.64
14.99
12.89
12.58
8.62
10.66
13.37
16.16
17.22
13.28
7.33
-1.64
3.9
8.01
10.36
8.9
10.79
13.62
10.72
11.73
9.99
7.6
11.17
-5.31
9.69
13.34
17.08
16.52
15.44
16.92
16.16
12.8
-1.3
9.5
11.63
10.86
12.95
16.24
14.56
11.39
11.76
13.73
4.74
14.42
19.71
15.43
6.8
15.22
11.33
7.73
15.75
17.67
12.92
5
4.18
5.75
1.5
11.56
15.71
9.64
2.8
9.63
11.55
12.64
11.53
11.3
2.93
11.37
13.87
11.75
4.45
5.37
12.22
14.23
6.83
13.64
16.32
10.75
5.4
14.54
17.96
17.87
12.38
10.99
2.58
-9.93
2.1
12.12
15.66
12.28
-0.38
8.96
16.92
15.84
12.09
9.61
3.57
6.57
1.13
7.64
13.7
15.04
11.1
1.13
11.86
12.73
3.74
5.8
11.63
13.11
10.11
13.93
17.58
15.74
9.15
2.22
8.04
9.02
5.89
1.77
9.99
10.08
4.59
9.92
15.98
17.87
10.97
15.18
18.54
17.9
4.14
14.17
11.95
6.74
14.67
16.88
14.35
-7.29
15.29
18.8
16.14
5.26
10.57
12.76
9.11
5.22
13.7
9.47
-3.15
0.26
8.14
3.56
6.92
14.68
11.45
3.52
7.83
5.09
12.06
14.88
14.47
17.45
14.43
4.38
13.6
12.23
4.22
2.21
6.25
14.76
12.74
11.48
16.52
17.16
8.97
10.98
6.7
5.69
12.54
7.25
4.38
13.75
12.91
-0.44
8.15
14.54
13.43
7.54
7.87
8.28
5.5
9.88
13.04
4.25
11.65
15.72
14.84
12.77
16.31
16.25
13.21
9.46
4.39
10.78
13.92
11.56
2.47
12.62
16.18
13.04
10.4
15.98
12.42
12.39
12.35
15.06
15.3
5.92
4.38
8.93
11.9
14.6
16.86
7.6
11.92
6.72
2.81
10.56
10.75
10.09
11.38
17.09
15.25
13.48
10.05
4.06
8.44
11.48
14.19
13.14
12.43
13.17
14.79
6.97
5.19
0.42
8.26
11.15
6.69
9.03
2.34
5.78
5.28
7.08
13
9
9.27
9.13
5.31
6.01
8.5
13.59
16.14
14
8.77
1.42
1.42
12.38
12.15
2.35
3.23
7.77
9.25
9.43
14.71
6.4
5.29
3.08
14.37
15.83
8.57
10.42
10.89
6.09
6.87
5.74
13.76
15.75
4.51
12.02
7.06
1.79
-3.04
9.5
9.19
7.8
9.91
8.88
7.69
10.02
14.41
11.83
7.48
2.35
2.84
3.52
8.6
10.75
12.21
12.72
13.71
9.55
6.02
2.49
9.1
10.84
6.42
7.7
8.15
12.06
5.64
3.64
-22.23
5.65
17.9
18.06
13.17
8.5
11.22
13.61
16.55
15.9
-3.14
8.81
8.91
5.36
7.95
10.23
-0.06
16.96
18.52
12.86
11.81
15.93
15.52
15.41
17.96
17
13.82
6.82
9.99
10.47
5.15
9.66
17.74
18.4
11.83
4.84
9.85
11.63
13.43
13.84
2.06
5.9
16.09
19.81
16.52
7.47
-14.53
10.95
16.91
17.18
13.17
15.94
18.4
15.1
10.84
11.03
4.85
4.69
9.34
15.81
15.36
15.41
5.22
13.9
18.06
15.01
9.53
-0.75
1.3
9.19
19.46
18.43
14.47
16.38
17.48
8.66
13.67
16.18
14.79
15.72
15.37
6.77
14.46
17.63
11.89
3.97
10.81
7.52
5.04
15.34
14.2
9.22
13.04
14.01
13.76
14.01
-5.14
7.19
7.99
14.05
15.28
16.21
14.03
6.11
-0.79
0.17
1.24
7.89
10.47
5.64
17.28
17.07
15.31
8.55
8.94
6.15
-4.01
15.27
19.21
15.87
11.88
14.61
7.58
3.76
0.78
1.67
12.97
14.37
15.03
20.82
15.04
16.42
19.76
13.77
14.87
17.5
17.75
18.51
17.1
8.9
10.52
16.52
15.08
13.85
13.17
7.23
-0.28
7.7
12.23
7.57
14.06
10.13
9.04
13.8
11.73
5.3
7.47
13.38
12.37
6.98
13.64
13.75
14.33
14.7
13.73
14.03
17.9
16.57
3.77
9.47
8.48
16.92
17.12
10.72
14.56
16.2
6.96
12.27
14.8
17.26
13.01
7.31
15.5
13.81
4.74
9.94
11.64
9.17
10.82
11.33
10.66
8.79
8.39
8.69
6.29
14.62
12.79
8.22
6.38
15.71
12.01
-0.28
6.98
10.54
-5.2
6.83
11.25
13.32
-1.68
12.71
13.38
12.42
-5.11
17.12
20.79
19.18
10.78
12.29
16.45
11.13
10.74
13.87
12.76
8.46
9.52
17.4
20
16.14
6
14.91
12.9
3.33
13.59
10.74
9.2
17.01
15.34
13.66
10.66
8.76
13.62
10.96
16.5
15.99
10.86
13.44
14.41
15.17
14.44
17.61
10.7
-17.8
-4.59
3.39
9.42
7.57
4.58
6.33
1.98
6.27
9.2
-13.74
4.11
5.79
4.24
3.58
7.43
9.41
10.79
13.38
8.12
15.97
19.29
17.68
14.38
11.9
12.08
8.4
5.6
9.39
12.48
9.96
1.9
5.52
6.57
3.54
7.62
10.84
14.58
13.19
6.9
10.3
13.07
15.17
13.55
9.55
9.01
8.25
7.04
8.38
-10.41
12.11
10.99
7.21
12.04
8.25
11.62
8.02
3.63
3.77
