6.87
9.61
12.53
11.04
7.36
2.43
9.04
13.55
13.67
6.55
3.57
4.35
6.88
5.17
12.95
16.04
10.81
0.69
2.05
8.13
8.64
9.15
9.76
9.96
10.36
10.41
14.52
14.47
9.07
-9.22
5.51
7.67
-1.35
3.06
-1.12
-5.49
1.45
12.54
11.31
-2.89
7.55
11.33
8.03
1.9
3.58
9.7
12.39
14.65
17.54
14.1
-5.98
9.12
6.01
2.71
12.78
13.13
14.64
11.68
-4.06
8.52
9.4
6.44
10.97
13.26
6.57
0.46
4.74
6.32
13.33
13.1
7.67
10.76
8.94
6.82
9.11
11.96
8.31
1.46
4.87
-9.14
10.26
11.3
10.27
10.39
13.44
15.49
13.75
10.51
7.86
11.57
9.8
8.9
7.75
13.42
16.66
14.46
3.04
4.38
8.58
6.31
4.73
3.95
7.05
6.83
7.05
5.24
4.5
8.01
5.34
3.62
3.85
4.08
5.71
-4.36
7.17
11.76
11.87
9.09
4.73
12.33
15.02
9.81
6.12
12.31
10.59
4.37
4.37
9.6
12.54
5.12
3.83
12.42
9.06
-0.72
9.06
10.08
2.72
11.73
8.38
4.46
5.72
0.12
-3.8
-1.07
7.99
11.2
3.29
7.62
11.35
10.94
8.02
1.79
9.57
11.63
7.06
10.37
13.08
10.27
6.38
3.58
6.82
9.84
12.73
17.83
17.03
11.87
6.96
10.32
11.42
7.33
-7.7
0.61
1.45
3.35
-0.55
6.87
5.57
5.03
7.91
8.12
7.68
9.05
7.87
7.15
4.73
7.16
9.51
11.81
10.24
13.36
13.47
7.55
7.23
13.01
14.89
15.21
15.78
11.63
12.26
14.27
14.95
17.36
21.06
19.99
15.74
13.16
16.2
11.92
13.8
16.17
12.99
6.42
5.43
9.51
9.69
10.3
3.88
5.61
-4.47
5.29
11.67
13.42
14.02
11.07
2.84
7.08
6.67
1.11
5.84
-19.76
7.84
10.66
11.47
9.14
-1.44
10.89
16.8
18.82
17.43
12.46
9.98
12.59
7.72
7.71
12.5
8.65
-1.29
9.58
5.32
7.37
8.48
9.3
9.76
7.07
3.57
8.54
3.06
2.93
4.83
9.12
8.23
-7.25
-6.92
9.63
7.75
3.79
4.79
8.27
12.67
11.21
8.75
7.61
10.62
11.01
6.36
4.77
7.96
14.18
13.17
9.4
14.67
12.45
3.8
5.38
12.51
12.9
7.13
2.48
9.63
10.12
5.81
1.22
5.45
7.99
4.58
6.28
11.56
9.77
3.45
5.75
8.33
0.82
0.24
5.85
9.83
14.21
15.4
8.76
-1.24
7.44
10.45
11.14
10.49
10.71
13.07
15.91
16.02
14
6.14
8.96
13.06
13.65
13.39
9.39
6.18
12.49
13.56
8.46
7.49
9.77
12.06
12.95
6.63
8.78
6.41
3.85
7.98
10.39
5.62
11.68
10.51
5.47
0.88
5.72
8.42
9.99
12.39
12.01
7.55
0.33
2.07
14.64
16.53
11.18
0.67
3.14
5.06
2.87
5.95
12.74
12.35
9.96
10.08
5.81
-8.87
-2.98
-4.13
4.17
4.05
-6.01
-32.15
8.57
12.99
10.45
8.29
11.28
14.57
14.39
9.67
10.33
10.73
4.31
-0.18
3.97
9.89
14.23
12.11
6.21
7.56
11.07
12.29
9.49
7.38
13.99
11.02
3.54
4.97
9.94
14
11.28
2.85
8.66
8.54
1.71
2.23
6.52
8.36
10.68
12.28
10.23
6.82
4.9
12.38
15.62
16.02
14.01
7.57
5.47
9.14
5.95
4.94
7.55
8.06
0.39
9.24
10.33
3.83
10.29
10.18
-1.29
-0.62
0.88
11.02
15.36
14.37
10.41
7.99
9.03
11.21
8.58
5.65
6.13
4.83
4.28
2.5
3.44
11.25
15.67
9.14
9.07
13.01
12.57
6.66
7.12
8.74
7.54
5.8
15.06
13.64
3.05
8.42
12.26
11.51
13.08
16
12.73
5.97
8.85
14.02
13.49
10.86
9.39
-1.02
8.65
14.91
17.21
15.58
13.03
13.73
13.25
10.09
8.46
7.79
5.1
14.76
14.54
8.95
15.77
14.49
12.57
3.84
10.76
12.27
11.08
14.11
14.43
12.78
12.12
5.25
2.97
2.01
9.92
8.61
4.97
2.65
1.98
8.32
9.83
5.64
4.08
10.69
10.39
8.57
10.64
12.21
1.23
9.19
13.09
12.43
8.19
2.31
12.89
15.42
12
-2.4
5.11
4.31
-0.9
8.92
10.29
2.62
9.31
13.05
13.79
9.24
0.55
8.39
5.55
-0.3
4.98
11.79
11.1
-1.6
11.24
10.88
6.52
0.3
0.89
6.48
7.11
11.26
10.8
9.96
10.09
11.07
6.99
9.53
14.41
13.54
11.42
8.85
5.42
8.4
8.9
11.56
0.09
12
4.83
5.23
6.44
-0.5
5.25
8.27
8.26
11.14
5.37
3.55
5.24
10.86
12.39
11.01
0.34
10.63
7.57
6.28
5.73
9.12
11.84
10.82
6.13
4.76
13.96
16.57
13.11
5.9
7.5
10.91
18.23
16.49
3.06
1.49
12.02
17.59
14.28
5.19
8.17
3.2
9.18
12.6
11.39
7.31
3.22
-9.02
2.82
3.74
4.14
-2.33
-4.12
7.06
0.37
7.37
7.25
7.16
1.17
-3.14
4.66
11.32
10.86
6.51
-0.44
-2.06
1.75
0.92
5.51
13.26
9.86
-0.12
6.23
4.74
2.17
4.48
1.29
11.45
14.79
13.55
5.11
4.85
5.5
3.73
3.48
10.39
4.39
9.02
7.5
6.36
10.45
14.14
12.77
6.37
9.95
9.42
3.66
2.49
4.82
-1.12
3.48
13.05
15.01
15.37
15.3
10.71
7
9.41
5.54
5.89
7.3
10.96
14.68
14.48
12.04
7.11
10.78
15.91
16.1
13.32
7.29
8.97
10.41
11.49
8.47
5.32
3.34
9.1
11.51
6.02
5.63
1
5.21
7.91
8.74
7.09
9.58
9.03
7.87
13.28
16.38
15.8
12.21
10.45
10.78
-6.32
5.21
9.39
13.75
14.06
17.35
15.98
12.81
13.88
10.31
0.82
9.24
12.24
12.08
15.92
18.07
17.3
12.84
-2.15
9.15
9.1
12.01
15.06
12.84
8.27
9.84
12.86
12.83
12.82
11.24
5.79
0.67
13.26
16.69
13.17
7.31
2.08
6.1
-7.34
11.74
14.25
10.38
10.2
15.51
10.65
-0.62
10.29
10.78
6.56
3.73
0.9
7.37
14.53
16.19
12.72
10.59
15.1
17.09
13.19
0.41
1.27
10.23
15.77
16.45
11.54
9.02
10.8
6.15
5.63
7.87
0.73
-7.99
7.34
9.74
-3.55
11.61
16.06
16.03
13.45
8.26
6.82
6.18
12.2
9.53
2.38
4.9
5.64
3.41
11.53
10.44
7.45
24.56
24.71
21.01
23.08
22.78
18.15
16.52
18.59
20.38
20.99
17.18
19.1
16.87
21.43
17.12
10.55
6.95
16.14
17.26
7.08
23.14
27.28
25.05
15.67
18.65
28.42
29.33
22.58
7.5
13.03
21.34
19.93
11.59
0.73
21.52
22.23
14.87
27.65
30.27
25.29
14.98
18.82
24.68
23.36
19.52
22.27
24.75
22.43
18.53
13.03
23.49
24.77
21.35
14.35
23.98
21.81
20.57
5.64
10.19
22.25
25.02
19.8
18.15
21.65
20.74
17.9
22.25
21.37
9.78
21.3
17.67
15.52
23.08
23.28
20.04
20.24
19.58
19.55
21.28
23.8
24.21
23.97
23.5
17.36
22.25
21.41
11.09
14.47
19.51
25.6
22.34
20.96
22
24.73
25.16
23.37
14.97
23.63
22.94
18.06
15
16.38
22.82
23.14
17.85
16.65
21.17
21.77
18.62
13.6
16.94
20.04
14.58
4.52
18.47
23.88
19.94
17.86
20.15
25.1
26.81
24.45
15.1
17.62
16.16
13.32
18.98
14.78
10.1
22.2
28
26.52
14.93
19.75
27.64
30.34
23.94
14.81
13.05
15.47
20.55
15.11
11.72
16.5
18.62
19.04
9.1
23.41
29.14
28.68
22.71
22.71
26.11
26.18
22.23
14.1
17.64
20.13
21.26
24.27
26.06
24.54
12.67
21.77
16.42
21.32
23.29
15.81
17.01
15.69
24.56
27.36
27.29
23.07
10.45
4.68
16.87
22.83
22.01
18.81
17.99
21.32
23.66
25.76
25.57
20.87
0.55
21.49
24
26.68
25.77
21.71
11.21
17.87
21.27
23.43
15.37
19.31
20.87
10.84
26.29
28.05
25.44
21.43
12.44
15.13
16.86
17.49
15.93
16.1
18.24
22.4
28.72
27.26
23.18
22.61
24.21
24.74
20.36
24.24
28.73
28.22
20.87
7.98
10.57
7.96
16.09
16.03
18.86
20.03
23.14
18.87
11.42
10.92
11.52
13.11
3.8
18.89
24.78
24.43
16.22
12.04
11.97
4.54
11.56
9.53
-1.51
13.7
21.16
21.98
22.43
24.83
20.04
6.26
17.92
24.32
23.34
20.68
17.13
18.44
22.63
19.92
6.27
23.57
23.83
18.8
17.42
18.31
20.18
20.07
15.04
17.3
21.86
22.66
22.96
15.66
20.03
18.84
13.14
15.27
19.25
18.36
9.68
-0.12
16.51
25.89
23.62
19.74
20.4
19.6
21.9
23.11
20.98
17.58
10.64
15.84
24.15
24.32
18.71
21.87
12.98
23.63
22.36
-2.48
10.2
10.4
11.89
14.53
20.01
21.95
24.5
23.44
15.29
22.95
28.43
24.63
1.45
12.19
17.81
19.17
15.03
12.98
18.59
23
21.92
16.59
16.46
16.15
-3.5
8.27
10.37
17.74
14.32
8.43
10.22
0.07
10.55
16.83
16.96
18.46
18.58
7.16
7.81
5.91
12.34
4.86
14.77
17.55
12.45
5.95
9.91
14.42
20.72
20.63
10.46
12.56
15.01
14.13
15.48
11.85
8.99
16.33
15.63
13.76
8.89
13.43
13.03
2.05
13.74
11.52
4.88
3.5
4.61
-0.63
4.74
14.47
13.92
2.82
12.2
6.26
13.46
15.69
16.69
16.36
10.8
14.42
16.08
16.45
12.65
7.48
6.62
10.4
10.14
5.93
11.35
12.98
6.77
11.88
14.72
11.53
11.03
14.06
11.81
9.45
-1.84
20.15
22.08
19.02
12.99
10.69
19.9
22.01
20.31
16.13
12.95
21.6
21.68
10.87
16.61
13.11
16.59
14.2
17.15
22.03
10.93
21.09
19.41
15.45
14.54
13.73
11.37
-2.83
17.22
18.2
17.27
20.88
14.79
14.98
18.54
16.8
13.84
14.97
21.24
21.45
13.62
14.8
20.5
15.39
10.84
7.32
14.36
22.22
25.33
19.3
13.65
19.14
17.5
3.28
8.03
12.45
17.86
20.16
16
16.58
6.68
15
10.81
12.02
15.73
18.99
22.09
18.35
9.15
13.1
21.49
24.34
20.65
11.72
10.98
10.92
22.78
25.1
22.65
13.34
21.34
20.63
16.64
19.01
21.26
18.32
18.76
12.55
24.67
26.9
26.23
25.51
21.26
21.14
18.83
5.26
18.31
20.68
21.6
20.08
19.36
23.6
18.82
21.36
26.58
28.02
27.73
28.02
26.92
21.06
24.51
23.44
13.91
21.37
24.23
23.69
19.51
17.06
5.38
10.53
14.73
20.67
20.18
21.14
21.98
20.18
24.94
21.75
18.14
23.16
18.6
15.91
19.72
20
19.33
22.08
20.57
18.62
9.98
21.29
24.42
13.45
24.4
28.03
28.66
22.82
16.03
24.1
23.19
21.45
21.01
22.84
21.54
18.43
19.03
19.17
25.19
20.44
16.47
24.23
21.37
17.56
19.65
20.17
20.66
23.4
20.54
13.67
12.7
11.85
14.25
20.28
23.66
22.76
24.7
28
24.83
17.17
6.22
23.74
25.36
22.38
17.52
17.82
19.97
22.35
22.94
21.79
22.62
18.5
19.87
17.64
14.24
21.96
25.44
22.63
11.32
13.28
21.78
23.1
17.42
17.06
17.02
20.23
18.08
10.91
13.65
19.31
15.9
14.71
22.63
22.42
12.41
23.96
23.51
20.73
20.89
18.12
22.3
25.19
15.98
18.16
22.3
21.22
20.53
14.79
14.82
17.18
19.67
15.47
14.14
20.26
13.8
4.5
10.24
19.79
23.89
11.62
22.29
23.83
18.19
16.94
23.44
23.87
17.02
19.18
20.76
20.08
20.74
5.71
23.31
22.12
21.28
19.55
19.44
25.97
21.2
18.56
8.88
14.8
13.67
11.26
23.82
26.9
24.97
26.32
28.38
25.51
21.19
18.91
19.89
24.42
27.32
19.27
23.03
26.05
23.69
21.59
14.5
17.51
16.89
12.36
13.67
12.32
18.78
16.61
17.34
21.82
26.26
24.74
10.51
19.26
18.01
24.46
25.77
26.01
20.87
16.06
24.21
21.83
8.77
14.75
12.01
23
25.9
26.35
23.2
15.29
21.12
18.38
15.54
11.19
20.11
21.22
18.7
21.25
22.2
16.94
18.11
25.62
22.01
-1.11
17.84
22.37
22.52
20.4
20.3
14.94
14.97
16.51
11.46
14.17
17.39
18.24
16.08
1.09
5.29
9.53
19.21
19.73
15.32
15.36
16.07
-4.21
15.76
15.38
14.86
4.78
13.66
15.48
3.13
17.2
20.87
18.12
17.75
17.61
20.3
20.02
14.39
16.07
19.68
16.88
14.66
22.62
24.09
17.25
13.26
16.89
18.42
17.59
15.01
18.83
19.68
21.02
23.02
23.24
18.47
20.26
15.26
15.4
13.5
10.06
10.4
12.53
17.32
17.55
15.69
18.47
18.37
7.76
18.14
19.39
8.45
16.44
20.4
21.66
20.41
11.97
17.05
21.69
24.12
26.82
27.88
19.52
16.48
19.49
21.44
21.16
24.35
24.09
20.19
22.62
27.3
25.89
18.8
16.92
22.17
23.16
21.5
22.21
21.44
15.66
24.49
22.71
11.42
22.17
23.16
20.76
21.54
20.16
17.28
18.4
17.77
9.83
16.94
13.18
13.37
5.67
15.84
19.73
20.52
23.43
23.86
25.21
27.15
26.59
21.32
18.97
19.37
10.31
12.54
21.85
21.92
20.02
16.49
17.62
23.34
20.84
20.21
21.09
20.76
22.55
23.77
23.9
20.62
11.13
14.84
22.47
25.25
24.12
23.31
24.71
23.53
17.83
15.22
18.58
22.01
21.8
19.2
11.19
19.1
20.34
12.7
13.52
12.8
20.79
20.66
22.55
19.81
11.25
21.12
24.91
18.84
17.12
22.8
20.86
21.3
25.38
21.58
14.61
16.54
16.9
21.6
21.97
11.79
12.58
19.61
18.97
21.14
22.65
22.88
20.07
17.32
13.54
14.16
22.79
25.25
23.95
23.01
22.83
18.19
21.13
22.31
22.33
25.54
23.99
23.68
25.7
30.61
33.36
24.55
21.3
25.96
26.5
25.28
24.04
22.56
24.39
26.66
29.92
27.73
13.59
13.25
19.14
19.23
13.57
6.34
23.25
33.17
35.16
31.5
26.42
30.52
34.18
31.18
26.01
21.38
13.88
11.53
18.92
23.82
24.09
23.47
21.49
20.22
15.32
16.05
17.59
25.6
18.64
10.87
15.74
18.35
25.52
39.74
45.77
43.04
29.5
8.94
13.69
17.53
8.66
20.55
18.94
14.33
25.35
26.8
26.41
27.12
25.48
20.56
18.18
20.55
18.99
16.88
9.64
19.17
20.88
21.94
18.04
13.17
21.99
39.51
45.21
41.94
27.39
19.55
20.68
22.2
20.33
17.35
23.89
24.48
20.93
22.08
19.65
14.91
10.22
13.64
19.67
19.6
20.22
25.64
25.78
22.13
18.34
19.84
10.74
12.69
13.43
16.77
17.21
9.08
15.61
25.07
25.84
17.77
22.78
22.27
20.87
27.61
28.82
26.04
20.71
28.5
26.27
17.7
18.39
15.26
12.08
11.03
10.61
14.09
15.19
37.48
42.71
37.61
11.69
17.09
17.38
23.4
26.12
23.04
12.61
19.06
21.48
32.94
37.9
33.28
6.63
22.7
23.13
14.79
14.49
16.02
22.05
22.31
12.34
23.36
22.9
16.67
18.47
18.95
23.33
38.49
43.29
38.39
5.06
21.97
7.64
20.99
24.14
26.73
25.75
20.97
19.76
20.18
20.95
22.34
23.13
23.64
18.7
20.73
25.67
23.14
17.73
22.07
22.19
18.68
25.02
21.63
14.32
13.23
8.2
14.94
21.27
26.2
27.01
21.43
16.82
16.23
7.05
4.28
16.13
21.63
28.68
28.45
22.9
21.06
22.18
22.31
22.77
24.79
24.38
21.27
20.73
38.25
44.18
41.02
25.06
20.85
19.09
15.48
19.72
25.95
26.31
25.18
23.59
25.07
21.63
21.98
26.64
23.48
18.96
14.02
17.85
18.32
17.47
21.1
20.25
14.5
18.71
23.11
22.29
22.67
23.92
23.17
22.02
19.86
5.43
22.98
26.74
14.91
20.44
24.49
19.56
16.55
21.25
22.13
23.01
22.87
28.06
26.39
19.29
24.07
22.23
9.38
22.74
24.83
21.81
2.13
20.68
21.9
21.12
18.44
19.22
19.66
15.69
23.7
26.91
30.02
27.79
23.99
26.59
26.33
25.64
24.87
18.48
25.26
33.42
32.37
31.24
30.02
26.45
16.97
10.65
26.82
33.39
35.12
31.56
25.66
29.6
27.09
29.85
30.42
29.86
41.43
44.59
39.84
23
25.65
26.62
21.24
19.01
23.17
25.57
24.59
26.52
35.12
36.6
31.76
31.1
29.37
18.2
24.42
27.38
27.02
26.83
19.62
20.94
18.83
20.87
21.63
21.59
26.63
26.31
22.73
20.58
23.25
25.87
23.21
18.03
26.31
24.1
22.08
22.38
29.01
27.09
27.58
29.55
26.38
21.36
27.35
30.63
25
25.83
25.78
32.96
27.68
26.41
24.67
20.25
17.21
31.95
31.53
16.31
39.58
49.03
49.19
39.71
22.97
27.11
29.93
31.28
29.83
33.93
47.4
49.21
42.37
28.03
18.21
25.41
24.86
18.25
17.98
22.9
24.29
33.18
29.89
29.67
34.63
30.12
32.26
29.72
25.8
29.88
11.87
27.25
29.82
28.49
30.97
34.43
26.54
20.84
28.82
27.15
25.45
30.19
28.59
15.27
20.69
15.48
19.84
23.12
27.42
29.65
22.71
24.41
24.17
28.35
24.79
30.9
29.08
23.71
28.77
34.23
26.82
28.63
28.99
26.07
21.37
31.49
32.69
17.92
21.2
20.35
15.73
25.17
28.4
25.57
15.03
13.45
23.68
21.91
18.1
16.33
24.18
28.5
25.75
20.17
26.14
14.07
11.92
24.4
25.48
30.55
26.71
13.16
25.33
21.7
30.73
26.53
28.86
21.07
27.79
23.29
18.12
-6.48
25.35
24.13
28.01
30.51
17.09
28.67
35.14
33.81
25.69
29.54
29.84
26.41
12.56
22.69
19.73
23.6
28.33
29.73
30.13
28.44
27.56
26.3
20.3
15.94
11.56
22.29
25.21
11.33
24.53
29.55
25.76
20.03
24.84
29.9
24.7
20.28
27.48
26.47
21.35
25.24
21.7
21.14
29.3
30.43
26.93
24.89
22.43
25.4
28.07
24.66
27.48
23.91
25.51
25.81
22.55
22.02
18.57
25.44
20.78
22.09
23.79
19.82
20.38
26.46
25.72
6.2
23.35
15.59
29.85
28.74
15.73
20.97
22.99
23.44
28.87
30.59
22.79
19.9
25.88
22.07
13.27
24.66
30.66
28.69
23.97
27.7
26.49
23.11
11.67
24.51
-3.12
26.16
23.25
19.27
22.3
22.47
22.1
24.98
21.88
15.33
14.84
2.09
14.43
20.52
17.43
18.48
14.68
15.35
14.7
16.67
23.34
24.06
24.85
28.92
29.43
27.61
23.1
29.83
29.51
24.5
18.12
10.02
17.02
24.06
25.67
21.79
23.37
20.52
26.7
23.47
21.21
19.48
12.92
17.11
6.72
9.81
26.68
28.54
23.03
17.11
17.33
18.92
26.45
25.93
22.91
17.4
23.27
24.36
26.3
25.01
19.66
24.49
15.42
19.17
13.51
14.06
17.9
19.72
20.77
24.23
23.55
23.59
20.33
19.29
16.69
18.53
19.01
20.02
24.62
28.37
27.74
26.68
27.69
26.44
20.94
18.08
23.03
26.5
21.03
19.54
17.4
19.94
14.58
14.44
16.02
12.89
8.23
18
19.12
7.59
9.13
21.87
24.28
22
19.48
16.22
13.16
16.76
14.34
15.58
23.16
21.36
7.41
18.57
20.7
10.43
17.94
18.56
25.68
20.85
25.43
28.71
26.91
21.44
26.51
28.51
24.22
26.13
26.34
21.01
24.77
29.57
30.76
15.24
22.27
20.25
22.3
19.09
18.34
26.31
28.47
18.87
24.5
13.62
24.04
21.42
24.22
30.72
28.79
25.75
24.09
23.15
20.8
19.6
26.1
28.25
25.55
29.41
19.63
20.34
18.45
25.44
27.57
26.15
31.5
28.14
23.78
24.36
25.98
28.04
25.13
23.19
25.39
21.24
27.31
8.09
27.67
30.19
30.86
31.56
27.25
17.1
18.12
14.5
15.64
6.05
20.19
21.3
16.67
25.17
22
27.14
21.63
26.63
29.38
26.26
27.67
33.89
32.2
23.55
15.95
25.86
22.42
23.97
19.82
18.53
24.98
24.9
31.26
31.61
25.68
24.03
26.13
20.34
21.38
23.3
23.42
22.93
6.91
19.84
22.66
24.39
29.14
29.91
19.87
17.15
19.52
25.48
28.5
29.21
26.42
22.74
22.61
24.17
16.04
13.36
18.92
17.01
17.34
24.78
24.05
22.61
21.79
7.09
23
23.88
27.71
26.06
20.94
25.7
19.93
14.77
11.88
18.49
17.3
16.39
22.07
25.03
21.4
26.6
29.97
26.55
23.75
28.34
27.64
25.55
19.35
15.25
16.91
23.2
26.73
22.71
14.58
17.37
18.94
14.5
23.85
26.68
24.39
8.74
23.32
24.25
19.29
11.23
25.08
25.02
25.7
29.14
28.47
26.43
14.02
10.59
23.54
23.92
25.62
24.54
18.53
19.94
19.04
15.76
10.09
27.09
29.6
22.62
15.76
16.18
20.64
18.64
19.68
22.59
18.13
10.02
12.42
19.42
27.67
29.95
29.89
26.03
19.27
17.24
19.99
19.5
22.85
26.19
26.96
23.67
20.8
18.27
14.65
12.18
19.68
27.39
25.6
8.62
20.93
21.04
21.14
17.61
22.65
26.83
23.56
22.96
14.05
18.68
19.54
13.53
20.2
22.49
23.75
17.48
18.18
14.64
13.05
19.59
17.31
20.23
24.53
20.13
10.07
-3.08
13.93
17.1
19.94
22.49
18.94
13.91
11.36
15.26
19.23
18.8
18.49
23.57
25.03
21.99
15.31
7.5
11.47
7.12
8.4
8.65
16.75
21.84
16.25
13.69
22.81
23.15
12.64
12.63
20.42
19.38
10.39
-0.28
13.68
11.9
8.62
16.9
21.17
20.8
19.95
22.67
21.51
17.38
16.83
16.37
16.18
17.65
22.31
18.31
6.77
9.48
4.17
10.46
14.23
15.29
12.1
18.15
22.2
19.65
2.48
6.9
17.7
22.11
20.97
23.21
18.62
-4.52
11.89
7.92
10.65
18.15
21.89
19.91
16.63
19.66
21.07
25.5
25.61
21.78
23.53
22.35
21.78
20.12
17.69
19.89
13.71
16.51
24.03
25.43
22.64
16.04
23.29
22.77
16.03
11.59
17.96
21.79
21.18
17.36
20.74
28.19
26.76
22.94
22.06
17.17
19.48
25.07
24.64
10.52
25.38
27.69
25.22
20.4
13.82
13.31
11.95
18.27
23.67
27.95
28.75
24.94
24.96
25.15
21.24
22.27
13.8
9.56
15.43
12.39
20.3
22.46
21.3
24.05
18.32
12.32
13.52
18.02
19.85
23.51
26.16
29.7
24.66
16.16
10.96
15.84
21.91
23.07
21.72
20.08
19.57
19.33
19.63
22.66
23.65
21.26
10.37
20.78
20.6
9.39
20.69
19.39
22.29
23.71
21.39
17.18
21.08
23.69
24.22
23.63
23.26
22.96
23.37
21.94
23.39
25.7
22.71
16.88
4.86
2.34
12.12
18.67
14.56
10.47
10.68
12.97
20.31
19.87
6.87
14.85
22.19
21.78
5.24
22.89
22.61
11.38
12.23
20.03
21.97
22.84
22.78
17.66
20.98
18.1
21.28
24.98
24.96
22.18
16.94
15.71
17.46
22.3
20.56
20.25
13.51
22.84
21.86
17.32
20.8
25.91
24.11
21.29
22.76
19.35
20.34
22.47
19.82
19.62
15.39
14.83
20.68
15.06
21.2
22.75
11.97
21.9
26.12
24.97
21.94
24.82
21.17
17.48
10.97
14.92
22.68
25.53
27.61
25.21
18.68
19.7
22.29
22.84
19.5
0.31
10.82
17.09
20.03
21.14
20.79
23.47
24.68
21.41
20.93
19.19
9.31
17.06
22.49
25
21.87
8.76
11.99
22.17
25.84
23.62
15.36
15.52
18.1
21.37
24.15
21.61
18.76
21.81
23.41
22
19.34
13.14
8.54
18.55
17.4
7.62
14.27
9.38
19.87
19.55
-13.45
-1.67
15.89
18.06
6.35
20.26
24.41
25.29
23.82
18.3
6.49
30.1
35.27
30.71
15.04
4.57
12.08
20.62
23.7
21.49
18.26
19.85
7.79
22.13
26.97
26.7
22.63
19.26
18.76
13.46
3.62
7.63
13.96
18.54
18.22
13.54
10.27
16.81
22.12
23.22
17.42
12.04
15.56
16.51
21.28
24.49
21.16
13.68
21.51
23.38
21.88
18.53
12.07
13.4
21.12
24.26
25.13
24.68
22.27
18.54
14.87
14.5
19.37
21.29
20.3
22.03
22.6
16.69
6.78
12.4
16.86
18.78
19.96
24.05
26.68
28.84
26.83
13.98
19.39
22.09
19.51
10.87
10.18
17.33
20.18
22.24
20.74
22.24
24.75
19.37
13.23
20.8
23.55
25.48
26.73
22.96
14.52
15.8
22.05
24.58
25.25
25.75
23.53
22.78
25.68
25.6
24.71
22.9
18.15
17.49
18.04
17.17
14.67
18.69
21.99
15.95
4.2
17.63
18.28
8.03
10.89
19.67
18.73
19.58
23.08
23.15
20.61
24.26
25.2
26.3
26.62
24.06
22.77
23.49
25.15
24.86
23.89
23.28
23.74
24.77
22.67
21.21
17.69
8.25
3.2
16.07
15.31
15.62
13.79
10.45
9.17
11.56
15.63
15.03
4.51
8.24
7.63
14.6
21.45
22.01
13.63
21.37
22.58
17.45
9.11
2.05
16.61
16.52
9.72
15.89
16.85
13.05
17.16
24.1
22.49
18.12
14.55
7.59
7.31
20.36
22.12
17.1
20.31
18.93
15.7
16.75
18.47
16.19
13.28
15.7
18.17
21.28
23.89
22.15
15.37
12.59
15.94
17.28
17.55
13.19
21.22
20.17
11.57
18.58
21.49
18.18
13.7
14.35
17.01
23.26
22.01
16.42
20.44
12.46
13.21
1.73
14.55
14.58
13.72
6.57
18.52
19.16
18.2
15.48
18.86
20.27
19.95
21.05
20.36
17.66
18.59
21.01
20.35
20.83
24.16
23.64
23.15
21.79
21.87
20.87
18.13
14.71
8.71
7.68
16.11
13.09
8.75
13.5
15.79
22.79
24.73
21.9
15.25
6.64
11.95
17.41
16.3
16.5
16.1
2.31
13.84
10.79
14.44
18.01
15.83
-0.3
17.91
15.54
19.34
18.34
15.31
19.48
19.68
12.72
8.22
14.55
16.23
12.17
8.13
15.01
17.21
19.84
20.36
19.52
15.28
8.12
13.85
4.38
17.39
18.9
9.1
17.39
19.46
18.16
18.57
18.88
16.07
6.89
9.28
9.48
12.49
11.9
16.31
17.37
17.21
17.64
18.57
13.2
2.98
13.63
12.95
13.37
8.03
-0.9
6.32
15.71
19.47
9.03
21.14
24.11
20.66
10.92
1.02
2.26
6.58
9.54
14.23
19.94
22.38
20.9
15.34
14.55
14.78
13.82
17.4
21.3
21.3
16.74
3.41
13.91
12.43
13.33
11.06
3.67
13.05
12.06
1.58
16.64
19.43
11.15
13.72
16.3
13.8
16.95
15.11
6.02
-2.63
11.12
10.53
16.22
17.01
17.35
18.72
11.9
14.77
13.72
4.05
11.32
14.29
14.91
12.23
11.36
13.05
13.6
11.25
5.86
6.83
3.99
14.77
6.8
13.81
16.1
10.29
10.07
9.81
14.23
13.13
2.85
16.19
17.62
6
13.45
12.44
12.15
8.82
8.07
19.19
19.7
14.09
13.58
10.52
7.21
13.04
13.55
13.06
11.09
-0.56
14.47
14.15
9.15
16.49
16.47
2.52
15.06
18.75
11.65
12.36
14.34
7.67
-3.93
6.71
11.49
6.12
-5.06
10.33
15.34
12.05
2.87
14.97
14.84
17.23
17.36
13.81
8.28
-3.29
9.45
15.96
17.19
15.6
17.37
16.45
14.02
17.81
19.05
19.03
11.39
10.74
10.94
-6.67
16.14
19.74
18.69
11.32
-0.74
7.09
9.81
7.29
14.42
11.85
16.29
18.02
15.98
10.58
16.4
17.13
15.26
18.32
17.84
9.34
12.59
17.45
19.36
11.51
10.6
17.72
16.4
17
15.95
4.87
17.82
21.3
20.38
17.89
12.18
10.64
11.04
9.21
8.43
12.29
20.74
18.32
13.97
14.8
3.48
17
20.51
18.73
19.46
19.14
4.71
18.2
20.99
15.39
-1.06
4.66
14.95
13.96
15.04
20.47
21.89
20.05
8.57
16.99
21.1
19.6
16.04
9.29
17.14
20.1
22.02
16.2
9.94
14.2
15.25
16.67
15.04
8.17
-1.2
7.82
12.48
9.47
5.55
13.94
14.09
16.28
18.39
15.25
15.23
5.01
17.12
19.57
22.95
22.54
18.48
16.55
18.81
14.18
15.44
21.41
20.83
15.83
5.02
14.43
12.31
7.68
15.27
19.59
19.73
13.96
7.3
12.45
13.48
13.73
12.41
6.27
9.36
8.7
15.1
20.36
21.41
23.03
24.25
22.3
16.81
12.15
13.13
3.78
14.11
9.76
6.91
8.65
12.57
21.35
24.47
20.11
16.25
6.2
11.19
12.79
9.04
12.75
18.56
15.62
16.47
19.87
18.73
16.56
12.81
-1.54
14.56
18.31
17.62
14.77
7.33
14.9
10.91
-1.34
13.47
15.46
10.31
16.93
17.23
15.68
11.85
0.89
5.99
14.89
17.64
13.5
9.22
-6.86
13.94
8.57
14.8
19.7
20.25
21.5
21.07
16.78
9.51
7.59
-3.74
8.71
12.13
11.4
19.9
21.15
14.69
6.17
6.65
3.06
10.15
10.93
11.69
15.73
12.96
1.82
5.6
10.21
12.59
13.8
17.37
20.83
18.1
11.37
14.74
6.18
-2.76
12.16
18.69
18.26
14.5
6.51
11.77
21.94
24.33
21.64
17.59
13.61
18.75
19.36
19
13.22
13.94
15.42
14.78
11.53
8.86
17.44
18.29
8.99
16.54
22.25
22.14
19.92
17.89
15.97
17.53
15.54
9.73
0.91
2.05
15.9
17.58
12.19
20.52
18.01
10.71
14.23
12.76
14.18
17.55
17.14
13.3
15.1
23.02
21.81
16.65
14.51
16.42
14.3
13.01
13.53
16.92
19.02
14.31
14.49
21.43
20.29
15.99
10.49
7.44
11.17
8.55
11.11
11.11
4.27
-1.41
15.01
22.5
22.71
15.82
16.1
19.14
17.34
18.14
12.32
14.61
20.47
19.21
17.97
16.77
12.82
13.89
14.71
8.19
8.31
14.19
21.28
24.16
19.04
12.2
17.67
19.68
10.94
12.82
13.15
7.04
6.36
13.54
13.56
9.86
12.49
17.29
20.68
16.71
16.7
17.75
10.91
8.07
14.22
21.84
20.92
15.36
8.79
15.12
17.17
17.6
15.19
9.97
11.19
16.28
15.86
17.92
19.45
16.12
19.61
17.61
14.65
6.59
13.35
19.78
22.5
23.04
21.23
15.34
18.24
17.34
8.96
17.09
18.7
5.68
6.68
9.91
-0.8
13.87
19.13
22.35
19.98
17.85
20.75
17.89
15.52
6.34
11.34
13.94
14.49
9.24
9.69
16.19
19.51
20.65
20.39
16.46
5.73
11.24
13.42
-0.96
15.02
19.69
20.85
11.2
18.84
22.56
15.75
19.9
17.22
12.85
10.46
13.04
7.93
17.74
12.61
14
18.38
16.25
19.27
21.19
18.5
10.97
15.46
16.96
9.24
13.36
16.57
14.18
12.5
2.98
6.55
2.51
7.98
17.56
20.32
17.75
6.42
6.47
16.45
20.24
21.37
20.55
16.97
8.28
17.01
8.09
14.08
18.83
17.59
9.44
14.64
14.75
11.27
8.91
14.77
25.04
25.21
10.57
15.72
11.31
17.17
21.49
17.59
7.13
7.89
12.01
14.02
16.84
12.87
7.61
16.56
20.58
21.68
16.04
4.63
4.26
11.45
15.5
12.14
8.38
14.4
4
-11.71
16.81
21.25
21.24
19.51
12.44
13.98
7.46
12.27
20.75
23.54
20.12
12.94
17.74
16.59
20.86
21.31
16.01
9.14
-2.78
18.1
22.25
20.02
17.12
15.34
4.88
12.35
16.7
17.84
14.87
-1.71
12.72
18.8
17.49
3.04
8.62
3.71
14.14
11.87
14.37
15.75
9.44
13.62
17.39
9.93
17.77
16.5
5.45
-8.7
9.37
15.83
18.76
8.19
14.99
14.56
18.64
19.9
13.49
1.26
16.86
19.86
16.64
13.33
8.88
14.8
17.66
13.15
10.69
10.47
12.22
14.82
18.6
4.66
6.12
11.16
16.67
16.45
14.88
10.1
18.12
21.08
19.52
18.47
16.43
11.48
15.11
8.31
16.39
16.8
4.27
12.33
11.59
7.5
18.38
18.22
15.52
15.93
12.91
17.65
22.13
21.67
21.14
21.88
19.31
7.8
16.81
14.45
10.82
12.05
4.07
13.63
11.07
14.78
21.37
23.83
22.44
17.52
15.14
16.54
7.73
6.81
14.65
16.04
13.16
11.99
9.62
14.88
9.8
10.3
-0.1
11.53
1.85
15.21
17.45
22.03
25.25
24.37
19.5
12.03
10.79
11.67
11.67
13.18
13.73
9.53
10.62
11.54
12.73
13.74
4.88
20.45
21.34
15.03
14.3
20.2
22.15
4.35
11.91
10.99
11.8
13.96
12.75
16.05
13.85
15.08
19.51
17.54
16.86
16.92
11.06
10.18
5.79
14.36
16.53
14
16.62
13.04
6.51
0.82
14.55
16.79
14.39
10.65
9.68
8.62
9.08
8.71
13.04
9.41
9.27
13.66
12.18
14.68
10.14
8.42
9.53
8.96
13.25
10.45
9.7
-1.79
10.96
9.41
1.93
6.13
10.1
11.73
15.45
10.81
13.32
18.09
11.89
8.29
6.81
-3.88
6.72
10.44
18.38
16.19
5.95
7.28
5.17
12.63
16.9
10.93
6.07
11.48
1.52
14.43
12.72
14.3
16.53
11.41
15.08
15.88
10.54
13.94
16.02
11.63
9.06
1.09
-0.81
14.45
20.64
17.45
14.79
12.04
13.75
16.64
10.9
9.13
13.53
14.16
11.8
10.62
17.08
19.27
20.49
20.86
18.95
15.33
14.14
15.64
15.91
19.11
22.7
19.93
10.93
14.08
15.16
13.97
11.42
14.7
17.05
10.37
6.86
16.71
16.37
0.11
11.45
17.38
20.68
18.47
8
1.12
-0.91
-1.52
12.68
14.6
-0.24
1.87
-2
10.21
15.45
17.45
17.34
17.64
13.1
-0.39
15.1
9.88
4.3
12.9
16.55
16.56
11.78
7.41
9.31
12.75
12.32
11.68
9.19
17.59
14.7
8.79
13.13
10.84
0.22
5.67
16.31
17.54
9.97
8.35
14.61
9.69
4.47
7.58
7.55
11.99
12.64
12.35
11.93
17.88
18.74
16.84
16.64
13.96
2.38
2.54
11.6
19.59
19.71
15.84
-18.05
14.41
12.99
11.25
18.03
11.14
10.59
7.15
11.5
14.94
15.97
15.16
12.99
-8.28
14.16
13.7
4.86
11.75
14.73
17.21
6.24
12.02
10.64
14.28
13.13
-0.57
9.17
10.89
17.03
18.36
14.25
13.96
16.51
10.01
6.38
-2.22
13.38
16.31
15.28
16.07
16.99
18.37
17.97
15.48
19.67
23.74
20.31
8.5
10.71
6.72
3.12
8.53
13.27
13.81
11.33
13.33
7.61
13.77
1.23
9.87
9.3
2
6.11
10.34
10.35
9.54
7.8
12.56
17.76
16.51
16.33
10.78
14.18
12.91
14.6
15.93
13.45
8.87
12.27
14.22
11.24
-6.34
10.11
8.19
3.9
15.46
19.62
16.07
6.33
14.14
16.17
20.73
16.19
7.6
13.02
-1.02
11.3
14.86
19.02
17.62
4
-0.45
5.27
16.07
18.17
14.25
3.7
-1.42
7.59
10.83
2.72
17.55
18.69
15.95
16.64
15.5
8.95
11.11
18.64
19.82
15.47
12.73
16.9
21.2
22.07
17.86
3.25
1.96
9.42
14.12
15.44
9.52
7.35
-5.49
15.39
13.78
6.31
10.22
12.71
12.98
15.07
4.12
12.55
12.55
11.22
14.09
13.62
6.06
10.65
15.03
9.26
11.29
16.54
15.94
14.48
13.24
3.94
11.24
3.72
15.75
9.46
18.13
20.07
17.75
15.13
8.19
-0.03
12.1
19.07
17.85
12.12
16.64
14.54
11.32
15.44
11.09
4.43
6.19
3.45
7.31
6.89
10.17
13.25
11.07
11.08
10.1
1.05
7.07
6.16
1.19
2.09
5.99
11.55
6.48
10.3
13.35
9.04
1.98
1.32
0.8
11.26
13.55
13.74
13.71
13.95
14.8
7.28
8.91
12.22
-1.94
12.39
12.89
8.43
12.71
16.52
13.19
4.99
-1.41
5.19
11.92
9.7
2.26
13.33
11.53
8.25
4.43
7.02
12.4
12.55
2.87
12.91
15.33
16.44
10.43
12.61
17.87
18.16
12.53
-19.84
6.46
7.55
5.63
14.54
10.75
17.3
16.5
12.97
12.73
8.09
7.3
11.24
9.02
7.76
9.9
8.05
9.58
6.76
11.16
11.63
12.42
11.28
11.75
9.6
7.6
15.57
16.73
18.59
18.9
16.05
2.78
10.89
10.68
1.92
6.67
13.91
16.84
14.35
7.65
10.12
9.57
6.6
11.17
13.44
10.46
7.08
-4.38
9.37
12.78
15.27
15.72
15.58
14.31
11.97
6.14
5.57
9.04
12.1
15.46
12.42
2.15
11.66
12.99
11.31
11.27
11.28
11.22
9.57
8.09
14.65
15.2
12.53
11.03
9.85
8.72
2.13
8.3
8.56
7.15
8.81
14.62
14.94
11.68
9.78
10.72
10.95
8.22
-3.13
8.85
11.39
8.89
15.72
13.8
-5.79
-3.16
6.12
9.82
6.09
7.64
14.06
16.49
19.93
19.94
11.86
9.13
11.84
10.89
7.03
4.31
13.36
16.2
14.06
11.61
6.42
7.98
12.91
14.4
15.75
12.89
11.62
12.73
11.26
13.18
12.51
2.12
13.95
15.41
12.08
4.91
-1.19
10.91
10.34
9.98
14.76
14.28
12.77
16.04
12.66
2.16
13.16
14.23
13.5
9.68
9.84
-3.71
13.58
15.3
9.43
10.39
10.63
3.53
7.99
12.33
14.03
15.95
17.77
16.88
13.19
10.9
11.02
8.53
2.92
11.94
14.78
14.07
11.12
11.1
14.43
13.37
5.18
17.52
17.2
8.82
7.79
11.73
13.42
8.29
4.81
8.43
10.83
3.41
10.12
3.78
14.33
14.71
8.8
-6.29
3.61
11.28
14
17.84
15.96
13.63
9.54
8.12
11.14
11.21
6.3
13.03
18.79
17.73
9.86
15.55
16.24
3.87
11.2
14.38
8.27
9.66
18.39
20.22
18.15
14.98
4.59
11.09
6
3.05
10.08
10.43
12.09
9.6
9.05
2.89
9.34
16.32
16.54
12.9
6.9
2.98
5.04
2.04
3.26
4.67
6.6
17.73
21.01
16.27
12.83
17.38
12.58
9.69
12.47
9.14
9.99
14.14
11.49
7.7
11.18
12.98
11.54
0.61
10.04
14.95
12.76
12.29
14.07
6.65
5.09
6.78
8.42
11.05
10.59
12.98
17.7
16.59
14.78
14.2
12.14
13.45
14.46
10.8
4.52
5.58
-5.42
13.13
16
16.36
13.99
9.77
11.21
10.8
12.34
12.06
12.34
12.12
13.81
17.18
15.61
14.92
15.26
12.34
13.01
13.89
13.29
5.32
10.77
9.39
-2.11
7.45
1.91
8.04
9.97
13.07
15.49
11.09
8.29
8.95
-8.47
2.94
5.3
11.54
9.22
8.27
7.65
8.26
10.82
13.08
12.91
14.69
16.66
17.63
17.7
15.02
10
-15.48
-0.11
-1.29
4.4
7.79
-3.54
7.31
10.14
8.93
14.25
17.24
13.22
11.54
13.2
14.96
15.68
-5.92
11.34
2.26
11.63
13.1
12.99
-0.19
7.09
0.87
5.99
5.7
5.64
3.8
10.44
16.21
13.35
10.55
13.65
13.69
15.25
15.8
9.79
5.59
4.13
8.87
10.63
12.6
4.48
5.83
4.49
9.26
11.01
10.66
6.36
17.33
11.14
9.17
8.25
-9.73
9.63
11.07
9.08
10.11
11.19
12.13
14.51
9.68
10.71
12.13
8.15
8.53
5
6.49
10.61
7.23
1.02
11.29
16.46
14.93
10.54
1.07
3.34
1.4
2.58
10.39
9.27
10.1
11.85
6.47
5.74
12.73
15.17
13.09
12.2
14.36
11.23
-8.16
1.67
4.66
8.3
9.54
-4.79
11.71
11.35
13.34
16.89
18.19
16.42
11.72
6.93
16.86
20.11
15.9
7.87
7.68
5.13
8.63
12.92
14.19
17.41
17.25
13.17
9.99
13.42
16.44
15.12
9.32
-13.31
6.14
14.78
16.54
16.73
14.92
7.32
8
4.06
5.12
10.5
12.83
9.45
7.32
10.98
13.04
9.08
9.36
12.96
10.45
1.29
2.54
7.41
14.74
13.72
-6.02
8.19
3.17
4.82
9.25
1.88
16.27
19.78
18.23
15.8
13.11
11.41
5.91
12.73
18.38
20.45
18.94
14.14
6.9
11.54
12.74
9.34
16.29
16.86
16.8
15.11
1.95
3.29
14.1
15.13
13.83
14.94
15.96
14
7.6
5.4
14
16.74
14.49
9.55
7.56
3.29
14.29
11.94
5.97
2.07
9.67
6.56
-4.31
7.79
13.98
12.01
-9.04
8.64
9.19
2.01
11.69
10.77
14.72
17.29
15.65
3.58
8.84
15.67
16.83
10.83
14.38
7.39
14.18
15.58
15.5
14.3
11.99
13.26
9.42
6.44
12.28
14.42
15.56
18.05
15.29
14.26
9.06
10.89
14.49
14.86
15.34
9.42
11.6
14.19
5.29
12.7
13.33
0.9
7.89
6.47
4.76
12.25
10.26
9.54
11.28
5.88
-2
-1.23
5.57
3.16
8.92
10.76
7.54
-24.51
9.15
7.28
10.78
17.42
15.18
4.85
8.04
14.17
10.39
4.63
12.27
14.07
10.26
10.68
11.79
15.26
16.19
10.29
4.22
12.68
13.5
3.55
13.18
14.51
12.83
10.66
8.11
12.74
5.51
3.84
9.25
11.02
1.11
12.82
12.13
11.68
7.07
12.58
17.87
16.04
12.93
10.02
7.01
7.83
13.51
16.38
15.47
3.26
11.57
8.96
11.3
3.16
10.36
14.86
14.17
13.59
15
13.09
6.96
6.75
10.52
9.97
9.72
10.87
12.47
3.62
14.87
5.47
17.4
18.42
13.06
-10.19
14.72
17.65
9.92
3.8
11.6
16
14.32
-3.57
13.14
16.3
13.01
6.66
15.87
17.8
16.78
3.53
14.21
11.54
14.15
19.84
19.04
3.52
16.7
14.98
1.8
-0.7
10.18
18.04
18.07
5.03
6.52
11.42
16.94
17.5
15.9
13.43
6.86
0.5
12.18
13.8
15.29
17.74
10.63
14.18
14.86
10.65
5.4
16.35
15.84
1.61
-18.45
6.69
11.87
16.97
18.12
13.37
12.78
13.33
14.79
14.87
15.13
11.7
-1.77
2.54
12.4
15.19
16.57
13.45
-11.09
7.57
10.51
9.52
-6.72
13.79
18.46
14.7
2.09
11.67
14.2
13.46
14.15
11.98
6.01
-4.49
0.95
2.4
5.52
13.89
9.83
6.07
5.13
5.46
11
14.41
6.46
9.49
9.2
-0.28
10.02
14.77
18.92
19.2
15.99
9.15
6.75
9.73
-2.83
15.65
19.28
20.34
16.41
9.67
10.13
11.21
11.5
11.32
14.87
14.69
17.4
18
10.79
3.05
9.39
-19.29
8.82
9.42
9.02
13.45
15.32
15.74
18.34
17.41
10.54
7.65
6.12
14.44
16.27
17.72
12.97
-0.8
4.56
11.15
4.51
-0.81
-1.77
8.54
10.93
14.46
17.2
16.7
11.36
6.28
16.83
15.55
-1.58
1.2
1.2
-3.33
8.65
3.25
6.36
8.54
12.59
12.99
8.74
13.77
9.15
8.57
2.61
-0.71
8.91
16.07
13.93
5.53
13.19
10.33
11.98
9.14
9.46
7.75
13.47
13.84
6.64
11.86
13.61
12.76
3.91
9.43
11.9
13.4
8.63
11.81
16.2
-12.86
14.78
14.91
9.76
10.15
15.25
13.27
0.5
17.51
16.42
5.8
8.47
-3.12
3.24
7.48
11.31
8.03
5.43
4.13
6.02
13.42
15
12.27
13.17
11.23
10.97
15.76
12.91
8.34
14.71
12.8
3.69
3.11
9.14
12.59
14.6
17.47
18.88
18.21
16.83
18.08
18.67
14.03
-1.67
10.49
14.2
10.56
-4.73
1.93
-1.66
-0.77
3.51
11.7
13.62
9.67
9.71
11.31
11.63
12.25
9.48
-1.71
6.35
16.1
16.53
12.87
12.07
11.12
8.66
13.19
15.41
16.88
17.85
12.39
4.24
8.78
10.52
12.91
11.17
8.07
7.22
8.88
16.46
16.19
12.42
8.87
-2.66
13.33
14.21
4.94
13.15
13.45
10.93
14.38
17.9
18.07
17.34
12.75
5.94
4.71
8.58
11.01
8.37
8.97
8.66
0.2
13.73
15.17
14.5
15.42
11
12.73
14.18
18.17
19.38
15.9
11.62
9.37
5.98
8.51
8.24
12.69
13.01
15.98
16.09
12.41
15.69
15.92
15.12
6.98
9.13
5.26
12.81
16.02
12.3
8.24
-4.72
5.71
9.7
6.89
11.65
5.4
13.66
16.11
13.36
4.69
1.83
6.85
11.28
13.46
15.91
14.42
9.95
3.05
4.19
6.97
6.6
9.24
13.81
15.39
14.01
10.18
4.64
11.41
5.25
8.76
12.26
11.49
-2.34
8.64
10.21
6.74
6.1
9.76
11.26
7.6
14.76
14.23
14.88
10.13
3.28
12.82
19.06
19.34
14.17
-5.98
8.65
10.47
9.75
9.27
14.67
14.96
7.77
9.17
16.61
17.08
12.37
5.72
9.75
6.96
7.54
9.57
16.63
19.31
18.22
17.34
16.88
11.32
-0.7
1.89
9.12
9.14
5.01
0.78
6.66
9.26
13
15.83
17.59
18.17
12.43
8.17
10.68
10.69
12.34
9.36
10.65
14.18
11.89
6.5
6.68
9.06
-2.67
11.93
14.69
9.65
4.96
3.96
10.84
12.68
10.04
9.48
15.15
17.11
18.63
15.79
8.72
9.99
10.76
-2.09
11.12
14.88
17.88
15.96
7.37
5.54
1.3
-3.91
9.55
10.99
6.49
7.44
-0.44
7.71
12.01
14.81
12.88
8.53
3.76
4.23
6.26
17.18
19.67
13.61
10.11
10.66
4.1
2.98
9.67
13.01
13.53
11.71
10.31
9.37
8.2
17.6
14.1
-10.64
8.82
6.76
5.07
6
9.67
12.48
9.17
-6.43
-5.24
3.18
7.41
9.11
8.82
5.63
6.66
9.12
8.85
10.26
1.67
12.98
10.81
0.9
13.7
14.59
-3.39
8.57
13.3
13.3
15.91
14.68
10.93
13.6
13.89
14.62
15.28
12.56
7.15
11.03
18.12
18.82
10.64
5.54
12.16
5.56
5.1
11.25
13.37
5.59
15.88
15.53
12.14
11.8
11.55
11.26
6.92
6.48
15.59
18.7
18.35
14.31
5.91
9.37
12.76
3.91
10.82
18.73
21.39
18.65
14.91
14.78
7.66
8.08
10.58
7.55
7.43
12.1
11.78
8.03
14.74
16.9
13.36
2.86
12.64
9.77
2.52
14.94
17.96
12.04
5.84
3.94
11.69
11.32
8.68
10.53
16.01
16.23
12.92
12.39
12.98
9.87
1.41
6.78
2.3
-5.99
10.49
19.55
19.69
12.09
1.31
9.28
12.65
11.12
13.66
18.51
17.38
14.83
10.37
5.1
11.78
11.54
13.16
10.27
6.43
7.99
10.55
10.82
11.92
13.59
12.94
8.49
8.9
11.99
-2.45
4.93
0.62
10.68
14.19
13.36
19.56
19.35
12.71
14.07
17.18
17.83
14.01
4.79
5.19
8.06
14.16
17.75
14.74
15.48
17.12
8.25
0.84
11.6
13.08
2.16
9.2
14.94
17.07
21.21
21.5
15.84
15.83
11.77
11.24
14.78
14.9
10.35
5.16
-2.13
10.21
13.94
12.14
14.11
20.68
23.05
21.69
17.54
12.06
13.44
18.98
14.54
12.88
13.65
16.05
17.23
16.24
14.71
12.48
10.22
8.69
7.96
7.17
8.53
-0.14
7.81
11.83
4.07
6.9
1.96
3.71
4.66
-1.34
10.27
10.38
9.95
14.16
11.38
10.8
12.14
14.78
13.86
5.61
12.79
13.79
11.46
11.59
8.73
11.59
13.34
12.59
12.55
9.9
14.74
15.24
12.39
0.45
9.14
6.84
17.48
17.86
11.23
7.54
6.91
3.21
20.77
24.42
21.57
22.42
20.53
14.31
6.85
3.84
-3.48
4.74
15.71
16.4
8.03
10.72
12.96
12.67
11.34
7.24
5.79
4.82
2.08
12.99
12.74
11.48
13.3
8.7
-3.45
-7.84
3.82
7.73
-7.33
8.04
6.73
10.27
16.87
19.29
18.2
15.96
14.99
-23.01
17.57
21.47
20.48
15.78
14.68
17.5
18.46
18.89
17.46
13.09
12.05
14.29
13.73
11.43
15.93
17.79
16.47
17.21
16.9
15.66
11.52
17.1
18.22
12.16
17.4
19.18
13.27
-2.74
-1.78
11.22
15.79
16.73
12.25
1.24
7.31
15.41
19.33
19.74
16.32
16.02
20.1
21.22
21.06
16.72
8.69
13.02
-0.93
16.88
13.11
10.66
14.77
15.23
17.18
17.87
16.66
14.08
2.75
-4.88
10.69
15.47
13.25
5.13
6.47
12.71
6.46
8.32
9.68
-5.89
13.3
15.29
7.88
7.94
8.26
-2.27
-5.45
6.35
7.56
3.3
8.2
6.97
6.74
17.26
19.09
13.14
0
10.94
10.16
8.39
1.73
13.35
15.51
9.03
11.1
13.68
-1.36
12.69
15.25
11.05
6.06
-15.48
7.67
11
14.63
15.58
16.29
16.34
14.93
7.46
10.76
15.18
16.28
16.19
16.52
15.29
15.03
18.12
16.55
-4.97
13.02
16.14
15.64
7.91
-0.22
9.65
12.97
12.98
10.8
11.2
8.9
10.16
18.42
17.38
13.87
12.65
11.7
13.14
13.1
10.55
7.15
14.54
16.74
19.01
21.39
