12.74
13.52
9.17
-0.6
-4.29
1.89
8.01
11.57
10.59
6.98
-2.3
4.35
10.03
5.71
11.62
15.75
12.17
9.78
1.09
10.62
11.09
-0.13
3.93
3.25
2.36
12
13.12
9.57
2.5
1.44
3.46
8.21
11.44
12.55
9.01
-0.95
9.31
13.81
13.15
8.03
3.71
7.7
9.19
10.34
8.59
4.92
-6.02
8.12
6.29
8.33
9.84
0.04
-9.03
9.23
13.29
9.55
3.9
7.35
13.83
11.82
5.39
2.84
3.64
5.8
6.89
3.91
7.67
11.03
10.52
13.74
16.46
15.72
15.25
17.45
15.67
12.18
10.47
4.89
-3.68
9.68
3.48
5.78
8.18
2.28
10.89
12.51
8.14
12.02
13.47
12.19
14.78
15.97
11.69
9.46
17.64
18.21
11.65
-6.12
-2.05
11.72
11.85
5.63
-9.03
11.43
13.72
9.18
-5.27
8.44
11.88
14.73
12.73
4.25
8.42
9.74
5.18
-5.58
5.23
13.16
13.11
12.58
12.51
5.73
11.96
9.95
8.03
10.8
1.93
7.14
-5.89
9.76
11.78
-0.39
6.58
-0.61
7.89
5.89
-8.1
2.81
5.78
5.33
1.57
8.62
10.88
15.33
14.76
6.72
6.79
0.05
1.23
-0.48
10
9.88
9.13
5.9
7.79
11.69
8.31
-1.29
-1.7
4.92
12.17
12.2
4.87
6.7
12.2
9.74
11.96
15.36
15.2
12.32
11.64
12.89
9.93
5.11
2.54
-8.26
2.95
4.42
3.66
3.89
3.88
11.89
13.4
10.38
2.85
7.1
11.07
11.97
8.85
8.03
8.6
4.86
9.17
11.79
10.99
9.13
11.56
12.26
13.12
13.13
13.83
13.02
-0.01
10.41
10.86
4.43
10.14
14.07
13.08
7.34
11.43
13.76
15.66
17.27
16.03
11.2
5.76
14.22
17.08
15.26
8.36
-11.34
1.62
-2.65
3.49
7.63
4.98
1.84
9.9
12.43
8.68
5.89
11.58
14.64
11.97
4.42
2.97
-1.59
4.1
9.66
11.22
-2.55
1.56
-1.88
-5.49
0.72
3.9
3.56
7.68
11.79
12.38
4.7
6.73
8.58
8.03
1.02
12.56
12.75
12.86
12.19
2.96
-0.16
1.42
-5.61
-5.81
-15.95
1.67
5.08
8.51
-5.87
12.69
12.33
-0.11
12.07
8.28
7.27
12.64
13.1
-0.35
9.64
16.06
16.7
15.85
11.35
-1.18
8.39
6.71
5.78
0.17
-4.16
10.18
13.5
12
6.13
5.31
14.45
15.45
11.9
1.46
-5.54
5.12
7.96
5.08
-2.48
11.48
16.86
17.62
12.46
8.69
12.2
14.1
14.45
14.39
11.23
9.85
13.56
12.89
11.15
9.12
-1.73
-7.44
2.51
-0.44
-0.75
12.04
16.18
17.16
16.41
15.51
17.07
17.56
15.79
11.22
9.72
11.85
-5.94
8.93
10.32
10.69
8.5
4.79
3.16
5.22
4
13.43
15.82
12.3
9.56
8.33
7.84
12.44
11.83
6.57
-1.88
-0.55
4.87
10.26
8.89
6.55
-6.41
3.66
3.75
12.65
14.51
10.31
-4.64
2.44
7.36
8.71
4.92
0.11
-4.87
-2.12
4.64
10.52
9.42
6.08
3.12
6.41
4.44
7.24
7.51
3.54
12.11
13.64
12.11
3.38
6.9
8.41
2.8
7.48
8.72
11.47
11.68
7.97
-1.28
3.96
6.38
-8.45
3.73
-0.03
11.39
6.49
6.15
5.34
5.54
12.27
11.95
9.37
10.13
9.66
10.77
9.48
12.46
13.86
11.67
12.65
8.84
9.3
8.44
3.66
8.62
11.96
10.34
11.75
13.81
13.25
8.91
3.59
5.23
13.27
13.94
10.58
11.82
16.3
14.47
1.02
9.06
6.28
0.42
7.68
10.79
-1.84
-13.55
7.82
7.96
10.25
13.26
13.8
7.33
0.67
6.14
3.21
4.24
4.77
-0.23
2.92
10.21
13.5
6.56
7.1
5.61
-3.1
6.57
1.45
10.16
12.58
6.49
2.44
10.02
11.53
8.83
2.77
3.19
-1.92
4.19
9.88
11.98
14.06
11.66
9.59
4.82
6.11
7.69
11.26
5.23
4
11.17
8.48
9.78
11.68
3.6
16.1
17.3
13.43
13.35
15.79
15.74
15.72
11.18
-1.13
-5.15
11.98
15.96
13.75
13.26
11.68
3.47
8.94
13.88
14.82
14.38
10.11
7.89
8.3
10.38
15.38
15.83
9.51
17.43
17.92
14.04
11.28
11.48
8.85
-4.8
8.97
5.74
7.8
11.4
-0.9
7.33
3.71
9.12
10.06
7.42
16.64
11.85
4.88
11.21
8.56
6.71
9.9
7.3
8.51
13.02
7.93
5.95
10.85
13.78
14.05
14.68
14.66
13.18
4.2
6.89
13.9
13.67
4.12
11.03
14.96
15.55
14.2
11.02
11.01
9.62
10.28
11.22
9.92
11.68
10.21
10.34
9.39
6.98
10.64
15.59
14.63
9.56
10.61
8.62
6
8.21
10.97
13.31
14.66
12.6
10.72
10.68
1.72
10.05
9.96
5.83
15.71
16.7
6.56
0.78
5.68
4.96
13.98
18.56
14.44
17.59
13.89
13.48
10.73
2.47
6.15
16.74
18.11
7.76
7.15
8.61
5.47
13.19
15.76
16.85
15.84
13.97
11.01
1.96
4.2
7.06
9.61
9.52
8.71
8.31
1.13
2.93
11.16
12.56
11.67
10.56
11.19
14.67
14.7
12.53
12.08
7.5
11.69
11.5
11.07
10.28
11.2
15.78
15.3
10.65
2
9.28
6.81
7.85
11.92
13.66
11.9
8.72
6.49
10.77
10.01
6.66
6.39
5.19
8.01
10.43
3.7
11.75
12.37
7.28
5.83
3.7
0.91
0.3
13.57
13.79
6.33
6.19
9.48
6
11.75
14.57
15.05
16.75
16.88
15.86
11.63
15.14
15.89
12.15
6.56
7.63
14.77
16.37
14.55
12.06
6.09
7.88
5.63
10.16
13.89
13.53
1
2.24
4.76
11.1
13.2
14.13
14.31
13.35
10.92
10.14
9.28
6.54
5.22
0.53
6.12
12.12
11.34
-0.55
9.62
12.9
9.84
10.14
11.66
10.8
11.25
8
7.49
3.42
3.77
-1.82
7.35
11.15
6.47
11.03
8.61
4.58
13.33
11.15
-11.42
-1.6
4.66
9.64
11.12
5.86
13.01
6.48
8.04
7.96
7.77
9.67
6.99
-2.95
-3.02
10.72
13.47
13.6
10.57
9.25
11.85
2.89
3.23
8.84
9.43
7.75
9.95
11.53
5.74
10.88
10.31
7.99
13.13
15.47
14.66
11.5
7.57
7.23
5.61
-4.02
5.66
10.44
11.87
4.62
4.95
10.31
11.11
10.17
10.37
2.74
-8.6
3.47
13.84
15.34
12.75
10.45
9.14
12.23
13.29
8.48
2.79
9.44
5.4
6.92
10.51
16.59
3.59
12.95
17.83
21.2
21.64
18.03
5.53
13.73
23.47
23.65
13.14
21.15
16.22
18.05
23.88
23.69
15.25
8.49
13.82
16.78
22.16
24.95
23.31
22.13
15.94
13.32
14.45
13.51
12.38
14.65
17.7
21.82
25.63
27.53
27.11
20.54
21.02
28.42
28.14
21.59
18.51
17.73
19.62
11.32
17.46
16.22
10.71
19.53
27.02
27.53
25
23.2
12.03
22.69
28.64
30.32
27.27
21.28
15.1
9.99
18.14
20.45
13.11
9.13
18.2
8.43
24.64
24.24
16.94
23.66
23.55
22.77
22.05
20.01
13.67
14.54
22.02
23.14
11.56
25.55
27.98
22.22
18.65
22.69
22.16
21.79
14.27
16.98
4.62
24.61
26
18.37
9.57
2.41
21.15
25.01
25.31
20.05
14.69
15.52
21.7
26.62
26.23
18.04
8.31
14.04
10.81
7.67
14.7
17.79
16.91
22.47
19.37
14.46
11.94
15.05
13.35
10.25
22.66
27.1
24.29
15.32
11.74
19.16
23.08
20.87
16.44
13.34
18.04
19.85
12.21
20.99
23.08
25.49
27.53
25.12
17.28
18.39
18.94
15.86
8.64
21.63
20.06
12.11
16.94
19.5
22.06
24.53
27.79
25.56
23.15
20.18
17.59
21.25
12.97
17.59
19.75
20.96
21.92
14.07
16.06
26.67
25.03
5.73
23.33
23.91
16.73
16.06
18.95
15.54
28.74
29.75
24.75
21.76
18.63
24.47
27.78
24.94
17.73
18.34
23.04
25.69
26.73
23.22
24.2
18.37
28.61
31.58
27.4
21.91
19.52
19.28
18.29
21.97
26.45
21.02
13.76
23.95
24.04
23.64
28.19
25.03
14.79
21.11
22.74
24.54
20.51
19.9
22.96
21.58
12.76
16.02
25.34
25.49
17.45
22.91
29.34
29.05
24.18
11.51
12.12
19.39
26.4
27.06
27.08
23.39
17.02
22.69
21.59
17.55
20.52
19.46
19.13
16.03
14.64
22.27
23.92
21.95
18.47
18.94
20.49
24.2
24.21
21.14
21.38
21.48
13.84
17.88
18.95
24.97
27
25.44
15.86
7.6
20.39
26.05
26.69
23.05
17.43
12.11
15.31
21.91
21.85
17.14
23.31
21.76
17.11
15.15
19.11
19.04
17.03
16.13
17.16
23.11
24.57
25.22
18.88
11.28
15.47
25.06
23.68
22.3
19.68
24.41
23.23
17.45
17.45
20.44
14.42
11.97
18.6
13.36
13.72
17.97
17.67
14.15
13.03
12.44
1.44
19.88
19.44
16.99
23.23
16.53
14.88
-12.47
15.3
14.44
15.38
15.82
19.7
8.43
11
18.63
18.88
11.34
14.51
9.92
15.91
15.92
16.04
15.4
18.22
15.66
15.51
20.38
19.94
21.92
20.41
-12.65
11.46
10.98
17.73
10.26
14.66
16.21
12.68
12.31
17.2
18.58
15.56
3.8
14.21
15.47
14.16
19.33
13.7
11.91
15.47
11.27
16.24
25.09
25.86
21.75
16.47
12.71
14.11
15.18
12.74
7.52
8.69
6.52
8.64
15.71
8.92
9.88
15.01
2.22
14.8
13.96
16.37
16.66
4.55
3.45
-4.67
4.84
6.31
10.87
13.61
10.7
10.45
20.31
21.88
20.66
18.84
15.21
14.06
11.94
14.68
18.67
18.51
16.32
14.16
11.44
12.66
18.13
17.11
7.86
3.38
23.26
20.82
17.14
19.25
13.39
14.02
22.59
22.51
21.64
19.93
17.8
15.98
0.94
6.55
12.26
-4.11
8.6
16.07
21.79
25.91
26.2
22.92
14.5
20.94
18.19
12.9
17.71
18.53
20.84
24.07
22.73
23.49
26.79
27.14
23.76
20.54
10.03
21.44
21.09
18.69
23.63
20.01
16.5
19.98
17.8
18.34
22.49
19.74
20.1
21.29
20.36
18.48
17.01
20.35
21.58
21.48
17.91
10.44
18.36
22.18
20.15
20.51
21.25
12.33
15
21.03
23.21
18.83
14.22
11.15
11.98
11.22
12.47
16.83
23.3
26.17
25.12
25.17
23.89
23.41
26.03
27.4
25.86
22.52
22.76
23.71
22.26
23.64
26.26
24.34
17.01
21
23.65
25.24
27.45
27.04
24.88
24.41
25.16
23.94
20.89
14.13
9.24
22.19
27.82
27.1
23
18.39
13.62
23.24
25.15
20.03
18.16
18.39
17.28
25.63
28.27
28.03
27.72
28.78
27.59
22.09
22.35
25.17
24.32
21.56
18.04
16.61
16.39
16.99
-0.83
18.39
17.12
15.49
22.72
19.42
22.89
27.48
24.97
19.85
21.79
22.71
20.36
21.96
20.74
14.79
-0.86
22.99
25.75
22.23
23.91
23.65
21.24
20.51
18.3
17.34
14
21.54
27.84
28.83
23.86
23.96
21.58
12.28
17.73
19.13
12.04
10.43
15.57
21.8
23.44
23.73
22.38
21.04
20.65
16.62
7.17
-10.92
11.73
14.14
16.88
13.39
18.66
23.17
21.07
20.37
24.09
26.09
26.12
26.85
24.27
7.67
15.99
14.38
12.97
19.31
24.44
23.94
25.72
21.86
19.93
21.82
18.85
16.14
19.35
21.32
19.02
17.1
18.45
20.44
19.03
17.84
9.8
19.43
24.5
27.63
27.03
21.69
18.69
21.2
15.49
15.68
25.08
24.5
0.45
12.67
21.12
20.69
20.67
16.19
21.35
17.52
17.77
18.02
22.66
20.84
23.42
26.65
25.4
26.21
24.22
24.95
28.23
26.64
17.96
17.56
21.75
19.62
15.36
18.71
22.14
19.17
18.99
18.49
19.53
23.72
18.92
19.47
19.8
21.75
24.36
22.22
19.62
19.79
23.03
18.78
13.68
17.42
19.93
18.22
13.16
15.23
22.74
22.66
20.71
20.17
10.82
10.93
6.58
9.76
19.07
17.98
14.48
12.19
14.9
20.58
17.04
1.77
3.88
7
18.56
24.21
26.17
22.64
15.09
1.59
16.49
22.51
20.68
13.65
14.14
14.47
11.53
8.7
7.39
9.41
16.08
19.47
22.57
24.57
22.46
20.27
19.53
18.64
20.86
19.69
18.65
16.96
8.46
11.44
1.11
14.21
2.44
18.36
15.53
12.43
13.56
14.95
16.75
12.34
18.09
17.61
7.55
16.21
21.21
19.84
11.36
19.71
23
20.96
13.48
8.66
9.86
12.89
19.02
17.78
19.83
20.97
15.32
13.32
14.19
17.95
23.4
22.58
19.23
20.12
15.12
14.76
19.04
17.22
7.92
5.35
4.22
14.69
20.7
16
7.98
12.2
20.55
20.61
16.03
19.43
15.49
9.79
20.87
22.95
23.42
21.69
11.5
14.88
15.19
19.68
20.07
19.23
19.26
14.87
16.04
20.28
21.43
20.89
10.66
11.94
8.96
18.92
23.89
25.58
23.64
18.39
16.26
17.66
13.36
20.02
22.42
24.9
24.5
23.8
25.6
21.35
20.61
19.2
9.13
21.1
23.45
20.91
16.85
15.43
10.17
10.78
14.06
18.9
27.1
25.05
20.7
18.06
14.92
0.61
16.35
18.12
10.42
18.56
19.27
14.31
17.31
22.95
24.22
22.66
26.08
25.45
18.86
9.33
11.8
14.91
11.65
11.75
15.27
16.58
16.31
15.42
17.38
21
17.88
15.59
23.2
24.09
17.36
8.19
15.98
18.18
-4.19
11.14
10
17.98
18.32
17.73
17.2
17.96
12.21
19.23
15.67
13.95
13.48
18
15.87
14.13
20.98
21.57
17.82
15.09
15.15
22.3
23.66
23.39
23.91
15.54
18.07
17.08
4.79
8.29
19.13
21.56
18.83
25.04
24.3
18.32
17.48
16.81
16.5
6.98
9.51
18.66
24.74
26.25
23.32
19.59
21.33
22.98
23.72
23.33
23.44
22.75
12.06
22.22
26.85
25.41
19.04
1.81
11.33
18.05
18.79
18.24
22.88
22.94
4.5
18.29
17.28
12
14.93
21.88
25.06
19.45
14.13
18.91
27.43
28.59
25.19
26.22
21.19
16.22
21.57
14.23
14.85
22.82
29.51
30.63
26.12
23.36
25.76
22.31
11.49
19.99
20.23
18.74
33.59
36.34
29.99
19.63
19.42
24.01
27.88
13.07
19.09
23.73
28.12
28.61
25.03
18.46
15.91
11.82
8.99
22.13
24.19
25.93
26.74
20.62
6.18
17.01
20.92
20.84
19.82
41.15
45.17
40.11
27.12
20.48
13.77
12.01
14.61
12.06
20.87
19.59
20.62
24.1
25.73
24.85
23.5
22.99
22.73
23.05
25.81
23.69
23.04
22.46
16.99
13.87
30.47
42.77
46.22
40.89
21.7
19.59
11.14
16.17
18.29
25.96
28.15
28.19
21.94
17.36
22.51
20.33
17.68
21.74
17
16.98
15.69
19.28
6.5
24.51
25.76
28.06
25.05
21.16
20.41
18.48
18.39
23.86
27.95
27.32
24.55
20.72
14.03
19.49
11.79
24.3
25.25
23.81
15.63
19.27
6.83
13.37
19.38
23.44
15.72
13.7
16.33
22.19
22.51
22.65
37.62
42.69
38.47
20.92
12.36
19.53
22.49
10.47
23.47
23.8
13.57
19.71
30.66
37.95
37.14
27.83
20.51
15.77
19.02
18.59
14.17
22.22
7.74
23.48
24.56
22.04
13.8
20.9
25.29
28.64
38.69
43.21
38.95
28.05
24.79
5.6
25.26
27.54
21.65
14.96
24.94
22.71
11.91
14.19
9.03
12.06
13.39
17.34
18.86
6.14
23.5
25.26
19.28
16.17
20.44
18.76
7.77
19.94
20.52
17.91
24.28
24.74
23.55
21.06
17.81
4.86
17.16
23.35
23.67
22.05
22.74
23.59
19.52
14.43
20.92
17.8
13.65
-9.88
7.6
12.14
19.95
23.58
35.07
41.49
38.94
26.26
21.98
24.9
28.5
28.76
22.51
24.8
23.75
22.84
23.52
17.65
14.08
10.22
23.1
23.03
20.22
14.97
12.24
22.71
24.13
22.4
22.9
23.62
22.1
16.87
4.18
15.58
20.19
17.71
11.95
15.8
15.72
32.22
38.18
34.27
19.59
10.63
19.32
25.79
23.59
16.97
24.15
29.33
26.1
12.92
12.13
11.37
11.13
20.6
20.83
2.82
20.61
21.95
20.43
26.02
25.86
25.02
27.19
21.57
24.04
24.75
18.3
16.76
19.92
17.77
25.39
26.84
21.79
28.04
28.32
35.73
34.8
24.89
7.97
20.39
24.39
12.07
20.49
14.45
30.79
36.98
34.62
25.05
20.29
18.07
17.45
26.83
34.43
33.8
22.75
23.33
29.23
29.11
8.89
23.35
25.19
26.35
21.73
14.31
30.52
32.42
27.74
22.55
9.7
21.83
25.16
24.73
7.07
20.62
25.01
26.32
17.52
19.27
18.16
12.59
26.42
33.17
31.42
20.62
17.17
21.17
16.91
15.33
8.58
20.2
26.38
27.76
29.91
29.52
26.09
22.87
26.9
22.76
17.63
23.25
24
23.96
25.94
19.95
31.76
31.56
17.48
26.29
22.32
21.22
20.8
37.23
47.89
48.48
40.06
25.69
25.73
27.8
26.52
23.22
22.31
26.3
43.31
47.56
42.35
15.53
25.99
28.88
30.54
29.7
28.09
28.5
25.68
21.1
27.46
30.59
32.27
27.02
23
10.78
19.86
25.86
32.29
33.39
31.2
27
11.14
24.15
27.69
29.82
27.79
20.56
18.55
26.31
23.5
25.57
24.77
24.45
19.77
22.74
24.3
26.33
25.88
21.75
21.89
26.84
28
26.13
25.36
24.23
25.62
31.62
33.22
31.36
26.57
22.28
30.62
30.87
29.14
24.92
23.34
27.44
26.59
24.67
27.54
25.43
22.56
22.39
21.11
29.91
30.87
26.72
15.97
21.89
22.05
21.08
24.76
22.02
17.17
20.79
18.34
16.05
24.09
25.65
19.98
19.83
15.81
20.52
21.62
17.33
8.34
22.72
24.5
17.83
27.62
31.74
26.8
20.61
30.35
30.71
21.37
27.87
25.05
17.95
23.6
29.63
30.72
27.97
22.05
16.41
18.86
30.74
32.15
33.38
31.45
25.37
19.78
24.52
23.15
24.53
18.48
17.65
22.93
25.47
29.64
28.99
21.26
25.12
25.95
22.12
27.02
27.96
25.41
21.64
14.18
19.59
21.24
23.49
23.57
22.63
20.75
24.82
29.91
33.03
30.24
24.26
29.12
22.94
20.53
24.8
23.27
11.48
18.15
21.04
25.91
21.3
22.63
26.7
24.92
23.03
24.42
23.33
22.53
19.94
16.95
19.65
17.29
16.32
24.61
27.18
26.39
22.02
20.46
21.95
27.62
29.89
27.01
8.33
19.75
23.51
20.52
20.15
25.31
25.72
22.12
20.92
21.85
24.98
23.66
8.9
19.15
22.49
25.59
20.56
15.71
14.43
15.31
11.94
21.86
23.92
5.06
23.39
26.47
24.36
20.03
14.6
20.83
22.73
21.36
19.75
19.12
13.12
18.29
16.48
5.09
19.67
19.73
14.68
11.24
14.26
22.12
28.03
27.85
20.65
-3.39
16.89
25.73
27.08
21.36
-7.98
19.76
21.1
16.18
1.71
8.54
16.42
25.68
26.86
22.24
16.67
14.47
24.09
25.83
18.29
17.92
23.2
22.19
19.43
19.39
16.41
20.63
23.73
20.47
10.57
22.62
21.59
18.75
22.74
20.36
17.85
24.83
24.87
19.86
9.27
22.19
25.83
24.03
18.27
17.02
3.45
17.08
18.99
21.38
14.84
18.98
24.41
24.03
12.05
20.15
23.8
24.13
19.79
17.68
21.98
20.64
17.05
19.08
17.41
18.68
2.61
16.75
17.52
18.78
22.41
21.59
18.31
17.23
19.25
22.37
21.69
19.06
16.58
24.16
14
22.28
21.17
22.47
27.9
27.02
14.28
13.82
21.76
26.42
17.51
23.81
25.58
20.66
23.06
21.85
28.08
29.73
26.85
26.82
21.41
21.91
29.38
28.68
29.64
26.34
16.37
24.2
24.65
28.34
28.2
23.8
22.26
22.24
19.39
20.8
12.28
23.57
21.75
11.22
15.19
20.18
23.34
24.53
21.24
14.69
18.31
22.39
16.59
16.32
21.9
24.36
24.33
27.53
28.98
26.55
11.33
25.87
22.84
22.59
20.91
22.73
28.09
25.65
24.95
25.16
16.09
22.09
19.75
29.06
32.08
24.43
14.09
18.26
27.62
29.55
28.53
31.96
35.91
33.12
23.14
25.01
30.69
28.26
21.2
14.17
17.57
21.96
23.8
18.18
17.19
17.39
15.88
13.08
24.8
27.52
28.9
25.56
4.49
7.24
19.52
26.38
29.15
29.59
28.62
23.39
28
26.62
26.89
28.86
28.15
24.3
14.92
18.7
22.04
18.88
26.52
27.08
14.05
20.93
22.57
15.12
20.87
13.5
20.03
22.03
23.39
18.54
27.25
30.76
30.63
27.85
16.45
3.42
26.56
27.96
22.5
24.78
28.5
28.28
15.84
23.8
24.64
24.14
12.39
17.02
17.38
22.17
26.77
23.13
18.06
16.66
18.41
18.91
28.93
33.14
30.67
25.17
19
15.27
19.58
23.09
28.13
29.04
23.33
14.92
17.86
17.79
21.03
19.4
25.81
23.27
12.35
11.63
10.46
24.94
25.96
20.05
7.39
18.34
26.93
28.63
24.77
19.44
8.84
19.02
22.43
27.58
28.22
26.92
26.43
24.05
10.79
15.94
20.7
26.49
25.88
17.14
12.03
16.98
21.11
25.17
22.06
19.43
22.62
10.27
21.38
20.24
18.53
17
16.83
15.39
23.92
27.76
25.76
24.49
19.91
6.45
16.27
18.86
14.39
17.9
-2.1
17.66
10.25
23.21
26.57
24.93
19.12
17.35
23.27
18.61
7.03
16.99
11.05
19.56
24.47
25.3
21.35
17.63
24.69
24.62
25.84
25.25
22.35
22.01
17.58
11.82
20.63
22.22
16.38
13.56
23.72
25.71
22.18
12.69
11.08
16.96
23.44
19.41
15.15
20.24
22.29
17.6
12.59
16.67
19.38
20.64
19.62
25.55
22.32
18.71
21.7
21.36
14.4
18.56
16.78
7.12
15.82
21.5
16.81
8.5
14.86
15.42
15.02
15.95
18.24
6.6
21.58
24.91
18.47
14.47
19.48
20.28
20.48
19.78
21.94
20.9
13.94
23.29
19.91
5.86
13.29
19.83
22.69
20.05
17.46
17.64
21.05
23.7
23.93
22.89
21.02
19.65
17.98
22.11
22.98
19.57
21.45
16.56
20.01
20.99
13.4
12.05
15.07
19.49
13.97
15.93
20.66
20.91
20.7
16.41
19.28
18.81
21.62
21.44
17.78
17.5
15.24
16.3
22.68
22.52
12.33
11.82
19.38
25.37
26.05
25.04
22.41
19.49
20.06
20.93
25.62
27.55
26.08
21.08
15.27
22.36
23.51
16.58
6.33
10.91
15.75
18.58
21.04
22.71
18.18
19.21
23.19
24.01
24.31
19.97
18.08
8.04
14.3
18.06
22.17
23.12
17.29
7.26
14.48
17.91
20.82
15.36
17.49
19.5
22.46
24.66
23.03
22.4
21.86
21.51
12.73
18.71
20.1
14.64
4.77
17.87
16.91
20.6
22.22
15.3
18.46
23.28
20.63
18.34
14.93
16.96
22.43
16.74
19.96
23.91
24.15
24.01
19.06
17.77
15.8
24.6
25.27
16.86
9.98
7.66
16.7
22.01
25.43
25.88
19.7
16.18
23.12
25.84
27.23
27.32
24.21
20.07
21.59
18
20.78
20.48
20.33
25.85
26.33
27.07
27.85
21.54
24.92
27.91
19.39
22.29
26.8
27.87
23.46
13.4
22.01
22.82
21.46
17.2
19.59
16.9
17.01
17.23
9.21
1.72
8.8
7.33
15.82
14.56
12.48
18.98
20.38
17.14
13.15
25.88
29.08
27.4
21.15
8.07
17.56
25.3
25.44
20.28
19.48
16.14
14.21
22.2
23.91
22.88
23.03
23.74
22.08
19.75
23.69
20.69
12.65
12.81
21.88
24.59
16.43
19.46
23.83
21.02
15.79
16.49
14.79
14
15.97
14.54
20.32
20.45
14.59
17.13
25.09
26.09
14.29
19.17
21.65
16.97
16.21
23.04
22.02
19.93
13.94
18.59
18.3
12.29
24.93
27.37
25.9
22.24
22.89
16.06
18.74
23.45
17.07
20.84
23.45
21.36
21.33
19.67
26.23
29.28
25.99
19.33
21.46
14.09
32.69
36.32
30.51
26.27
21.15
13.33
20.69
20.81
18.07
19.82
22.48
24.58
22.87
19.8
20.18
18.7
25.54
24.32
21.22
22.73
27.07
26.49
19.62
21.89
12.24
16.99
23.75
26.64
28.4
29.6
29.13
27.55
18.57
23.28
23.79
20.3
24.01
27.04
24.01
17.62
19.74
22.77
20.49
23.18
27.17
26.58
22.05
21.41
24.69
21.23
17.7
22.65
27.01
26.1
25.15
23.18
11.42
19.34
18.85
18.53
19.06
23.68
25.98
27.54
29.69
26.94
23.38
22.21
19.91
19.86
14.22
10.37
20.16
19.1
15.89
19.25
22.03
26.63
25.12
22.93
24.92
22.9
19.12
15.78
17.64
22.34
19
18.89
21.23
18.48
16.41
18.96
21.11
18.99
19.44
23.12
20.15
18.79
24.74
24.1
24.13
23.32
13.41
16.23
20.86
17.32
15.32
2.13
15.4
20.99
15.73
14.62
20.37
26.8
26.96
22.77
18.59
18.61
20.05
22.94
16.88
10.41
20.71
21.98
20.91
15.89
16.84
22.55
21.2
17.78
19.3
17.78
-2.15
19.03
24.72
23.22
10.58
24.25
27.94
26.2
14.32
21.62
23.12
25.09
27.1
25.59
27.53
28.5
23.65
6.57
21.37
23.33
22.02
19.14
18.27
17.93
20.34
25
26.59
25.94
24.62
17.55
19.24
20.87
17.27
13.56
22.55
24.87
23.21
15.4
25.62
22.51
11.85
22.63
25.54
26.54
24.41
20.54
13.35
21.95
18.63
22.06
25.16
22.58
21.16
21.47
16.4
22.6
23.48
18.21
23.37
23.02
21.1
10.92
21.9
22.34
13.83
21.41
24.56
24.34
22.83
19.96
19.58
17.61
7.91
15.68
19.05
22.67
21.07
5.61
14.49
15.29
6.21
17.76
20.58
21.28
22.23
21.94
19.94
20.53
17.29
9.66
14.62
17.83
16.38
15.33
17.98
20.44
18.86
15.09
17.61
15.91
-2.71
14.74
13.95
1.71
8.68
17.35
19.65
17.55
10.74
13.75
16.82
11.61
12.01
16.3
16.75
12.49
11.11
17.52
12.22
10
15.96
17.74
16.78
12.19
12.5
12.22
14.31
8.31
14.67
19.94
14.03
17.91
19.21
16.82
13.84
4.06
-5.89
7.35
11.03
10.22
6.29
-3.33
10.95
9.34
11.28
15.49
7.3
5.11
11.76
13.6
19.5
18.5
13.08
16.46
13.15
9.47
7.66
3.17
10.2
14.8
15.76
17.3
17.87
4.78
9.65
7.95
3.66
10.05
14.6
8.59
9
14.57
15.59
11.7
12.49
19.95
20.79
18.77
19.18
17.83
11.76
17.2
17.16
13.22
7.74
12.51
15.19
12.74
15.55
16.53
12.38
-0.72
15.33
17.5
11.53
6.27
14.95
8.32
1.39
7.32
16.34
16.98
11.64
9.09
6.25
15.33
14.06
-1.45
18.93
22.27
20.53
19.52
19.64
20.14
18
10.74
13.64
20.26
21.71
19.96
13.54
9.4
15.67
17.93
21.99
21.12
14.29
11.16
20.06
20.34
19.59
18.07
18.14
16.99
10.99
18.01
9.44
16.71
18.57
17.76
18.13
19.88
19.07
14.69
14.27
12.56
9.61
14.22
19.38
17.52
9.69
10.91
16.66
16.43
10.85
1.71
14.51
16.39
12.04
8.02
12.66
14.39
11.83
8.83
11.34
10.69
11.34
16.54
24.3
25.82
21.58
17.32
13.92
8.66
20.8
22.08
14.85
17.27
17.56
14.81
14.57
9.59
10.3
19.23
17.83
16.42
16.64
7.78
11.95
17.13
19.9
15.05
1.95
-0.5
13.02
13.49
9.72
17.43
14.58
19.21
13.7
16
17.37
12.85
16.21
14.3
0.89
15.39
18.99
16.24
11.06
13.48
17.62
12.75
-1.94
15.49
23.62
22.39
9
14.98
18.25
13.37
16.11
20.71
19.24
15.32
14.17
15.32
11.95
17.89
18.63
16.12
16.64
15.6
5.52
10.27
10.94
13.36
15.24
18.03
15.97
4.08
15.27
-3.29
16.93
18.31
15.08
18.34
21.5
18.86
17.47
14.68
14.25
-17.91
9.86
11.79
19.59
13.29
15.41
21.31
19.29
7.67
16.01
13.95
-3.97
15.7
21.31
17.32
7.81
12.83
18.79
21.08
24.81
22.64
19.58
16.35
19.96
21.92
17.65
15.62
15.86
16.51
18.06
18.4
21.08
20.23
19.2
24.77
25.01
19.52
13.66
17.73
17.03
14.65
16.09
16.13
17.39
19.42
17.34
19.59
18.23
19.85
17.42
13.9
19.21
18.7
9.18
15.03
18.84
18.45
22.19
22.24
15.81
20.75
24.27
22.91
13.87
8.72
15.29
19.98
14.85
12.05
18.64
17.5
7.92
19.47
18.85
21.73
23.43
23.3
18.5
14.59
17.94
16.29
17.12
20.98
17.7
20.04
21.51
4.43
20.35
14.14
6.51
15.06
17.01
17.54
18.76
12.53
12.22
10.88
-1.56
10.78
13.58
12.09
14.34
9.97
13.12
15.88
15.01
6.06
17.21
20.69
15.04
13.67
15.84
13.15
12.75
18.43
21.76
20.12
8.51
6.92
15.95
12.98
10.24
8.69
9.25
0.08
15.07
16.59
8.12
16.59
19.81
15.57
10.64
15.06
16.41
8.67
12.45
14.82
9.14
15.12
19.89
19.07
18.28
12.29
-7.39
16.16
16.32
5.39
13.23
13.21
16.34
15.98
14.98
13.81
5.85
10.61
12.74
15.37
18.51
15.67
4.16
0.23
8.53
14.78
11.55
17.4
18.56
17.47
14.57
-14.47
19.05
17.33
15.34
17.13
8.06
2.68
11.12
15.4
15.6
18.03
16.67
11.16
13.59
12.02
14.89
17.77
16.77
19.59
22.34
22.24
20.98
23
19.4
18.3
18.51
9.74
7.6
15.17
21.15
19.71
18.63
20.01
18.82
8.49
12.51
16.87
11.64
17.26
17.91
14.83
16.74
19.75
20.72
18.18
17.82
19.68
20.29
12.01
15.29
2.51
19.28
20.28
12.61
2.13
10.11
16.16
20.73
19.58
15.16
16.44
17.86
11.89
16.09
17.02
6
20.53
20.9
19.18
16.89
10.39
11.44
13.93
15.99
20.4
18.48
17.28
20.01
19.1
8.77
16.89
19.29
13.77
5.42
13.75
21.56
21.07
17.74
20.62
22.02
22.05
22.5
20.78
0.27
19.79
21.91
19.54
17.9
20.37
18.67
15.08
10.48
14.14
20.68
20.43
21.02
21.55
17.37
8.04
22.4
21.24
10.73
-8.37
12.88
19.34
23.19
24.07
19.7
15.83
17.51
14.79
14.24
8.89
8.47
14.42
11.98
15.67
15.44
17.3
19.72
21.29
21.25
21.98
16.57
15.61
20.25
22.53
21.31
8.89
13.73
17.55
16.81
5.78
7.18
12.44
14.56
13.37
12.67
17.8
18.78
16.78
13.5
2.02
7.38
16.47
20.29
17.47
14.04
9.28
12.08
15.52
15.68
10.3
9.9
11.5
15.97
21.69
23.21
21.55
17.75
4.09
9.97
-0.98
8.49
6.36
12.84
4.05
12.43
13.63
11.48
11.73
17.11
17
14.18
12.39
18.02
17.46
13.79
15.98
17.43
19.42
20.73
19.49
12.33
13.29
17.14
16.73
18.51
19.77
17.64
14.68
16.46
14.35
10.08
-1.36
7.88
19.65
22.31
18.77
15.03
8.05
14.78
14.3
10.88
15.25
18.06
15.55
11.48
7.54
7.78
8.11
19.68
20.49
17.34
9.67
-1.98
8.25
15.62
17.15
14.91
11.81
13.67
13.95
10.63
1.24
-6.29
10.66
16.8
19.98
19.94
12.44
8.97
11.91
4.7
15.51
21.39
20.14
19.28
16.01
12.7
13.7
15.88
15.41
13.86
12.3
9.93
12.11
13
13.52
18.12
20.38
17.33
11.56
17.51
20.73
17.27
11.8
8.55
5.41
15.78
20.96
15.7
14.22
17.23
10.43
17.2
16.73
5.14
17.39
17.41
11.33
-6.52
3.51
5.97
-2.79
-0.12
14.57
19.44
18.7
17.57
16.17
17.68
19.98
16.54
-21.01
11.08
14.07
16.02
15.84
12.19
6.41
17.27
19.48
18.19
15.98
15.86
15.52
11.15
4.96
6.1
15.07
12.96
16.38
20.3
18.29
13.8
9.79
-0.62
6.55
10.51
14.01
10.21
3.4
12.2
7.59
-1.09
14.3
16.71
17.97
20.13
16.94
13.78
18.98
20.81
19.91
13.33
6.52
13.11
15.56
13.59
7.07
3.44
9.2
10.65
14.57
18.51
17.14
17.17
13.82
16.04
12.01
11.02
16.61
18.33
15.27
17.95
19.84
19.23
18.18
13.58
5.45
3.84
4.27
13.37
15.52
15.49
14.96
13.9
8.28
12.8
16.9
16.02
15.23
18.04
18.93
19.32
17.53
12.17
6.21
13.74
16.93
14.55
1.12
9.78
8.33
14.33
14.16
11.12
7.61
9.49
13.63
17.2
15.05
11.02
14.94
16.61
19.29
19.12
16.84
15.89
13.82
10.23
11.42
17.41
13.57
-2.85
6.75
16.06
13.89
10.09
12.23
15.03
18.44
14.6
5.8
-20.19
6.78
11.3
10.87
5.5
8.73
2.37
13.08
16.81
12.33
6.76
10.36
10.11
7.45
9.61
9.17
12.26
14.38
9.85
14.01
2.76
8.01
3.49
0.42
5.33
3.96
11.1
14.5
19.89
17.1
12.05
11.81
10.6
14.06
13.45
7.61
9.84
13.06
16.32
15.84
11.36
-5.89
4.59
9.12
14.45
19.12
18.02
9.38
12.34
18.38
20.96
19.81
13.23
14.63
15.72
12.48
5.2
10.95
9.49
9.64
4.27
9.91
11.92
18.88
17.55
15.84
16.49
16.63
18.19
17.99
11.97
-5.17
10.98
13.57
9.84
17.99
19.14
17.22
19.8
20.72
17.28
13.3
11.19
9.92
15.76
18.46
14.42
8.72
15.08
13.52
14.9
16.26
10.67
12.94
16.65
16.16
8.11
9.91
10.76
14.19
14.16
11.74
12.03
10.32
12.97
7.62
17.88
21.81
20.26
9.11
9.31
3.14
6.43
4.61
13.56
12.2
3.85
8.43
9.51
2.05
12.52
13.73
12.3
6.62
13.82
16.65
16.43
9.77
2.98
12.59
8.21
12.18
16.67
17.39
10.86
7.6
11.33
3.29
12.41
15.82
11.79
6.87
-0.92
12.66
19.14
19.78
15.36
10.76
11.35
1.81
8.85
13.35
14.03
11.53
13.66
15.32
11.66
8.61
17.11
16.62
10.49
11.62
12.96
18.72
18.89
13.61
14.55
7.13
4.51
5.19
9.87
9.72
18.1
15.18
1.58
10.6
18.57
20.53
14.12
17.39
16.88
14.78
19.51
18.52
20.65
21.57
14.98
15.8
21.49
22.89
21.72
19.01
17.28
17.05
16.69
17.86
10.42
-0.59
12.02
13.04
16.83
19.37
17.16
12.56
15.58
15.34
8.42
14.63
18.93
19.47
19
19.65
17.96
17.94
15.91
14.56
18.31
17.82
14.68
14.02
12.79
13.07
12.8
13.25
10.36
7.78
13.57
9.21
1.63
6.06
14.23
19.8
20.67
17.59
16.01
11.95
13.5
14.95
15.86
18.92
17.17
14.09
15.11
17.97
12.65
12.61
19.75
21.93
18.64
7.95
10.26
16.37
19.04
17.71
17.17
14.31
5.74
10.41
14.22
14.67
13.46
13.33
16.2
6.7
4.73
14.34
17.01
18.08
18.96
15.85
9
9.15
11.51
4.17
9.06
16.99
18.47
10.88
3.8
10.49
5.45
10.97
9.17
12.32
12.33
5.2
11.63
19.41
19.79
14.55
12.48
20.53
23.28
24.64
21.85
16.53
19.22
13.89
3.48
12.71
15.51
17.45
16.13
16.41
16.58
14.75
7.71
13.65
15.07
11.91
8.09
12.82
10.27
14.25
17.59
14.63
-2.94
13.19
15.69
17.24
18
19.17
17.96
13.22
8.97
11.42
16.72
20.14
18.76
14.03
4.8
7.83
11.08
17.75
15.45
9.28
15.32
20.37
20.65
17.35
11.46
13
13.34
16.83
17.44
16.48
15.58
16.49
7.75
0.59
9.55
8.09
13.57
16.43
8.83
15.22
17.05
13.55
15.19
13.27
4.81
11.41
7.46
16.86
15.78
18.09
22.58
21.09
15.92
11.02
8.21
16.12
15.12
12.22
10
10.81
18.64
20.34
17.94
15.72
18.71
15
14.25
13.4
14.21
12.94
15.38
8
15.8
16.73
15.36
10.61
8.33
3.77
10.72
16.93
11.54
10.04
11.93
15.25
3.84
13.03
14.81
9.38
-7.27
7.86
13.48
13.03
13.47
11.54
-2.84
6.3
7.12
11.43
13.45
13.56
9.52
8.22
13.29
8.56
9
15.11
14.62
13.37
12.4
-0.62
12.62
14.24
15.73
5.21
14.41
19.15
16.93
-2.15
7.23
8.11
17.55
19.46
13.9
6.76
9.91
11.13
15.2
16.6
12.9
7.17
12.95
6.37
13.61
8.09
8.64
8.16
10.47
14.76
8.28
16.14
19.89
18.55
8.24
14.49
9.79
14.66
17.78
8.48
11.09
14.25
9.13
9.72
15.83
16.39
14.94
15.68
13.13
15.77
15.88
15.18
11.99
7.27
13.33
11.15
6.28
6.29
2.14
10.78
9.4
9.95
9.71
2.61
13.6
11.07
5.28
12.94
13.24
9.46
11.68
16.66
17.84
16.05
15.7
10.01
2.61
0.15
13.43
12.86
16.63
-0.59
17.97
14.52
12.12
12.06
7.63
8.42
13.04
16.77
16.07
5.02
11.05
10.62
3.92
12.06
8.94
6.6
12.74
10.6
10.4
15.48
15.83
13.06
2.52
1.37
6.27
11.36
9.27
7.96
3.79
3.36
15.96
20.22
20.45
17.99
7.94
10.17
13.59
9.18
6.37
-2.78
9.01
19.38
20.85
17.26
7.8
14.18
18.27
16.11
10.71
4.25
11.78
11.75
9.43
17.15
16.54
10.49
16.89
14.49
15.87
16.19
10.28
3.72
12.93
15.9
16.5
14.79
10.28
10.65
14.98
14.47
11.61
11.99
11.63
12.19
13.95
18.15
18.22
8.39
8.85
12.73
10.56
14.13
17.06
10.69
17.36
19.01
15.26
9.03
1.84
9.69
11.52
10.64
14.68
12.26
9.54
9.47
3.75
7.79
13.69
14.98
10.23
12.74
17.98
17.55
15.26
7.39
16.86
16.73
12.41
3.84
8.57
13.21
8.27
6.94
7.58
11.77
12.73
13.5
16.8
14.72
5.74
8.04
11.61
13.88
10.61
-0.32
14.97
17.35
17.02
21.25
20.71
12.73
12.08
16.14
13.16
13.95
17.29
14.85
12.68
17.04
20.95
22.18
15.83
11.18
15.5
14.44
10.53
8.42
-0.44
8.09
1.71
10.38
13.69
15.63
14.66
9.23
14.25
13.19
11.43
15.73
12.81
12.68
13.81
6.47
15.31
15.78
15
11.76
10.69
10.75
11.75
11.69
10.93
8.62
7.81
1.92
3.9
10.99
10.93
7.18
-7.62
12.13
12.68
9.45
10.33
11.21
4.77
8.95
10.48
17.1
16.23
16.8
18.02
15.98
12.3
13.94
14.96
15.97
8.89
4.38
8.99
9.3
7.56
9.01
14.14
10.95
0.88
12.33
8.51
9.16
14.17
11.67
10.94
12.84
-0.54
8.57
9.37
13.24
16.57
12.97
8.83
14.26
12.72
7.22
9.33
9.21
12.98
10.37
11.99
13.78
13.3
11.07
5.88
8.42
10.25
-5.08
4.91
13.06
19.39
19.85
14.03
9.16
3.92
1.1
12.8
16.04
13.8
13.54
13.12
2.43
11.49
17.65
16.98
13
3.26
15.74
18.61
15.93
12.79
15.42
12.89
-0.74
-3.15
8.83
13.47
12.8
10.19
11.43
10.22
10.94
5.99
1.51
10.49
16.23
17.51
17.56
16.61
16.15
16.87
17.47
15.85
10.28
5.47
9.78
15.78
17.29
12.49
8.62
11.31
5.28
13.49
15.03
-10.96
9.27
1.26
8.69
9.02
10.23
12.55
5.22
-1.22
11.81
15.54
5.42
12.67
9.4
-1.14
9.36
10.42
9.3
5.2
0.67
5
10.41
13.06
11.32
10.31
-2.86
10.43
17.67
18.99
17.85
14.21
1.44
16.09
12.77
15.39
20.31
17.52
16.36
15.55
5.76
16.48
20.9
17.35
6.99
9.05
11.65
13.18
10.73
5.74
12.4
15.83
15.64
14.15
14.9
13.42
1.7
8.6
13.72
8.65
13.54
11.91
3.01
13.25
9.88
4.52
-2.4
13.1
13.24
11.96
15.21
8.07
10.94
16.26
16.17
14.06
10.73
-1.63
4.22
6.98
8.05
15.63
14.74
7.55
9.69
9.44
10.46
14.13
11.97
3.63
7.87
11.42
6.58
10.4
13.85
11.74
5.1
-1.15
0.87
11.8
16.16
17.61
15.4
11.99
13.08
16.18
12.41
4.34
11.03
11.25
15.2
17.44
13.92
8.15
9.82
13.32
7.49
16.68
16.38
11.73
10.23
12.81
10.82
12.24
15.26
15.52
8.17
11.22
13.5
8.8
2.36
0.74
9.41
15.23
16.84
16.69
14.83
11.76
3.06
6.44
14.2
15.03
5.9
6.85
6
5.65
9.72
7.61
1.78
-7.03
6.74
10.92
11.61
10.83
12.95
8.38
10.77
14.01
8.84
-15.05
3.09
8.45
8.87
11.59
15.27
14.81
11.49
12.87
16.87
16.01
-6.46
9.28
-3.37
6.55
0.62
9.5
12.97
12.55
11.69
13.88
12.5
11.9
12.74
9.81
0.29
7.01
5.35
-0.23
9.87
16.3
15.06
7.27
8.69
9.41
7.06
1.29
2.64
10.93
14.42
10.38
-1.19
1.09
10.48
12.52
15.1
14.62
4.1
6.19
6.2
12.43
16.15
13.8
12.55
15.2
17.31
14.8
6.28
2.78
6.22
13.31
15.43
13.93
14.37
14.1
5.21
1.46
7.57
10.25
4.33
-2.79
9.33
11.55
13.36
7.41
12.24
14.05
3.68
12.13
15.87
8.23
10.51
16.13
14.56
14.42
7.97
11.24
11.76
3.79
-3.24
7.6
8.47
5.99
7.03
5.16
9.34
10.66
7.42
13.51
16
11.9
9.78
8.76
10.89
12.69
10.21
15.3
17.15
14.88
13.15
7.7
7.41
6.88
14.44
17.71
15.52
12.55
11.86
14.34
13.58
8.23
10.82
12.52
8.94
7.56
-3.41
14.05
15.39
11.22
4.07
9.67
6.36
6.65
6.3
13.42
12.35
6.33
9.68
10.47
12.03
-1.52
8.57
3.76
9.23
12.76
13.7
7.2
2.65
7.39
3.7
5.85
14.54
17.5
14.47
10.8
12.48
9.9
-4.1
8.65
13.64
13.1
12.61
10.31
11.53
14.41
15.08
14.24
12.35
14.06
17.23
14.94
6.96
10.12
15.36
15.03
6.8
13.03
16.79
12.56
-3.2
11.43
11.5
10.51
14.03
11.61
-2.78
2.99
12.7
15.4
11.64
10.03
9.7
5.34
2.99
7.12
15.61
15.78
13.05
11.72
0.53
10.72
14.97
10.37
1.71
5.75
9.87
7.36
4.4
8.92
3.72
5.46
7.12
11.45
11.63
13.32
13.48
7.1
9.04
9.15
13.08
8.75
1.02
6.84
9.98
10.96
11.2
2.9
7.46
5.91
12.55
15.21
3.32
3.59
7.6
5.92
0.96
13.64
15.53
7.56
3.8
11.48
8.05
6.97
7.19
10.69
9.43
8.68
14.04
15.96
10.95
5.98
11.32
13.39
9.68
12.84
16.82
16.58
11.14
6.89
6.59
12.41
15.11
15.07
15.3
15.18
11.76
8.41
5.53
6.05
6.53
8.4
12.8
13.76
12.71
5.74
12.1
15.49
14.75
1.95
13.26
15.88
8.54
9.74
14.22
12.63
13.5
16.29
16.76
11.48
-1.16
12.97
17.82
18.62
15.34
6.15
17.68
17.52
10.47
16
16.19
7.12
10.71
14.79
14.66
11.71
3.99
12.69
16.58
14.91
6.01
6.4
11.85
11.77
4.84
8.39
9.54
5.42
11.42
14.19
13.9
11.39
12.93
14.68
12.77
13.25
9.36
12.53
16.75
17.33
16.67
18.06
17.15
14.01
17.46
13.68
8.5
7.2
6.56
4.51
14.13
13.09
6.93
8.52
2.35
6.71
16.87
18.98
16.79
10.34
8.91
8.2
8.42
11.29
11.28
8.52
7.61
8.98
10.64
-1.67
9.93
8.85
10.29
3.8
7.5
14.2
14
10.73
15.19
6.91
13.58
14.46
7.49
7.02
13.68
13.28
6.25
5.84
6.7
8.69
2.82
9.59
4.72
14.13
16.2
14.56
14.86
13.61
14.22
14.08
6.39
10.32
15.02
12.26
8.92
10.05
13.58
7.71
1.97
6.39
12.44
10.32
9.17
10.9
1.24
5.24
9.33
11.12
8.98
9.58
11.89
12.85
-1.54
10.94
15.12
18.03
18.56
10.75
14.98
14.88
12.8
13.32
10.36
16.52
17.14
13.11
12.76
11.88
10.75
11.9
14.56
14.51
4.01
12.06
6.51
-11.39
11.31
14.68
12.2
9.29
18.57
18.35
12.96
8.38
15.1
19.08
18.47
13.97
7.53
0.5
5.79
16.76
17.12
13.65
12.7
12.73
0.47
10.56
13.67
11.72
5.36
10.38
12.43
3.82
6.99
11.82
7.93
4.73
14.63
12.46
2.35
7.16
6.87
5.15
12.87
6.74
6.52
14.06
18.23
16.09
8.9
3.66
11.88
11.7
-0.73
6.44
10.38
-10.41
15.28
15.7
9.57
15.3
12.2
3.56
8.69
-2.44
9.56
9.63
-15.48
11.55
11.61
2.8
8.39
10.78
11.08
13.04
14.89
16.41
15.09
13.56
15.42
16.77
11.04
-0.66
12.65
14.91
12.83
5.86
-5.16
3.97
3.29
11.79
14.7
11.08
8
5.78
2.36
11.67
14.26
11.84
13.83
16.21
15.42
15.79
11.27
0.98
5.42
9.08
12.22
11.08
7.98
2.01
8.22
10.61
2.61
9.34
14.5
16.16
14.63
12.3
6.72
2.28
6.97
10.75
16.64
14.41
6.88
11.62
8.61
4.61
8.73
4.59
12.75
11.07
5.73
15.12
13.17
0.25
8.96
9.74
16.31
14.29
6.33
2.25
10.13
15.55
15.74
7.74
9.05
14.71
14.72
13.02
18.94
15.66
0.51
7.94
12.2
14.19
16.27
14.5
13.17
-6.5
11.39
12.34
14.21
15.67
13.53
10.13
16.42
15.75
14.87
13.23
4.4
-0.29
6.36
10.45
8.94
4.71
7.71
11.22
10.85
2.42
3.52
5.89
8
10.76
12.86
11.29
7.36
5.76
11.94
12.94
10.61
15.28
19.71
17.62
7.54
7.99
10.07
8.69
-0.35
9.99
7.96
9.8
7.68
2.03
-1.3
4.26
3.18
-14.84
10.29
14.85
12.74
11.06
12.6
13.99
15
12.09
7.5
16.19
15.88
-4.86
8.63
11.63
7.66
4.2
-3.62
-15.16
-12
-5.14
5.08
5.38
4.75
11.62
12.89
10.72
10.93
15.7
19.56
18.51
13.39
4.26
-2.42
3.04
10.67
13.55
18.34
18.04
13.88
5.5
8.57
7.96
7.91
11.01
-1.67
4.57
13.75
17.5
13.06
9.95
13.07
17.35
18.59
14.7
11.41
9.12
7.99
7.65
13.82
3.95
11.67
16.05
12.85
6.93
9.9
10.68
5.88
-10.24
11.14
13.17
10.93
17.04
15.62
8.67
10.12
1.77
13.74
10.01
9.34
1.5
16.29
16.34
11.73
12.87
16.41
16.17
13.24
10.32
6.37
7.28
1.91
10.7
12.22
0.92
10.37
12.38
7.31
-1.96
7.49
10.48
10.44
10.64
13.27
15.31
14.23
10.85
13.98
12.78
11.31
12.91
15.26
14.85
12.44
6.01
10.34
11.61
10.08
10.71
15.16
17.01
12.68
3.53
12.05
2.53
11.17
12.49
9.93
9.07
2.81
11.89
14.48
11.75
10.54
18.37
14.66
3.12
13.14
14.2
12.24
-0.65
7.12
9.96
1.38
-0.44
13.11
18.03
15.27
7.99
13.76
8.59
2.99
11.1
11.29
1.35
3.17
10.06
15.11
14.24
0.03
8.02
12.99
8.89
7.82
10.67
9.09
14.47
14.96
10.35
6.46
-8.74
1.92
6.89
7.84
5.82
2.99
8.05
13.5
12.22
14.05
13.53
9.43
17.16
18.79
18.67
17.1
16.5
16.53
12.13
8.25
2.92
11.23
16.01
18.44
16.55
14.2
16.7
19.29
18.09
15.51
16.12
11.5
5.36
2.06
9.68
14.84
10.78
9.04
1.1
7.65
10.18
15.21
14.43
5.71
6.28
14.86
12.84
10.97
14.52
9.46
0.67
7.23
14.18
10.34
9.99
11.79
-0.58
8.22
6.68
5.13
7.55
4.97
12.95
8.78
3.28
6.05
9.4
12.47
14.92
12.79
9.22
7.26
12.83
15.43
16.97
16.7
14.53
12.49
11.01
6.62
17.71
14.5
1.39
12.7
15.83
12.95
15.56
15.27
14.73
15.23
14.59
9.23
2.29
7.61
10.47
16.58
16.17
7.57
10.38
5.35
1.68
2.82
13.25
15.36
5.12
6.66
8.69
10.09
11.46
13.1
15.08
14.67
15.17
2.86
15.09
16.02
13.2
15.52
13.57
9.7
8.63
11.93
-6.34
8.07
5.84
4.58
0
7.62
11.1
11.82
10.31
9.79
16
18.51
11.94
7.82
10.45
12.03
1.98
5.52
10.97
10.51
8.28
12.02
7.15
-2.3
10.24
12.53
11.03
10.63
9.24
2.27
14.63
15.45
14.38
15.39
10.45
7.17
14.29
17.92
18.15
17.37
14.52
0.27
-3.23
11.6
15.75
14.76
11.66
6.18
8.6
10.62
5.98
7.98
10.29
7.08
7.46
-1.39
4.6
6.46
5.88
8.58
14.27
17.06
15.84
12.99
11.77
12.17
8.8
2.01
5.2
12.73
14.38
9.93
7.03
10.6
4.73
4.47
8.7
8.62
13.35
13.41
15.6
