7.81
2.18
7.45
10.93
8.14
3.95
3.27
12.75
13.14
8.23
4
3.56
10.17
8.91
3.41
9.56
10.3
7.25
7.94
11.26
9.02
3.3
6.89
7.33
8.52
-11.71
6.57
3.88
11.47
13.98
16.07
16.41
13.71
8.73
8.98
12.36
9.27
5.39
3.37
5.5
1.56
2.33
0.07
-1.96
1.2
-5.2
1.2
10.97
14.12
13.68
8.84
6.36
13.38
14.4
10.01
10.66
4.78
2.54
7.52
12.54
15.45
12.88
10.58
10.46
4.39
9.26
14.69
14.21
10.83
4.93
-0.36
10.59
16.42
16.87
12.18
5.94
9.47
2.84
5.61
6.68
12.33
15.64
16.99
15.68
13.94
12.2
10.27
8.62
14.6
12.87
11.47
10.6
7.34
14.85
14.74
10.35
-27.09
7.73
13.03
14.59
10.48
6.67
9.62
10.09
12.45
16.79
17.85
13.5
2.08
9.04
-1
8.76
2.98
12.51
14.79
14.77
13.47
9.28
4.47
9.85
12.19
12.11
11.8
7.02
1.9
4.98
3.29
9.47
14.84
13.97
7.84
7.33
12.61
14.15
9.97
-6.05
-3.57
5.04
8.98
5.18
11.52
14.42
9.8
1.04
8.75
11.52
0.05
11.26
11.25
10.13
12.78
8.86
13.57
16.82
13.03
5.55
5.33
7.4
6.96
-1.74
10.71
12.73
11.43
11.33
12.11
10.52
-25.16
4.9
1.65
11.31
10.86
9.73
7.15
-4.12
-7.2
7.66
8.37
-2.57
3.79
12.87
14.48
13.74
10.5
7.28
5.79
11.85
3.73
8.82
9.3
12.13
13.63
6.82
7.52
11.48
11.16
10.42
10.07
-3.62
9.25
14.94
20.12
19.83
13.96
3.84
12.37
12.31
5.97
10.09
14.99
12.46
15
11.25
7.43
4.71
-3.68
6.67
-0.91
6.37
5.39
7.5
8.79
7.49
-2.3
3.04
10.3
5.24
7.21
6.46
4.37
5.93
6.09
9.94
7.86
0.99
-1.55
8.47
10.63
5.39
10.12
14.9
12.26
4.35
13.87
13.59
13.9
13.16
6.5
11.45
5.6
6.11
12.76
13.62
12.96
9.66
-4.91
12.06
12.23
9.08
4.71
15.08
10.69
0.18
10.66
8.12
-8.51
8.15
12.59
13.32
11.38
10.59
1.17
14.29
17.35
12.61
0.55
5.32
8.23
4.95
9.86
13.54
13.53
10.93
12.37
13.68
13.69
12.55
13.21
14.04
8.14
7.34
-4.8
9.17
8
7.68
14.88
15.24
13.71
12.43
11.09
8.55
8.02
13.36
14.93
9.76
-1.71
10.35
8.44
9.95
12.74
14.14
14.13
14.28
13.12
10.38
13.26
14.98
14.16
12.03
13.1
11.04
9.32
6.68
3.7
8.2
14.24
14.13
12.86
16.18
14.03
5.32
6.96
7.86
-9.59
8.88
12.84
11.25
10.65
12.17
10.63
11.99
12.63
7.74
3.34
2.51
6.91
8.7
3.97
4.24
8.88
3.94
4.99
10.77
12.78
12.56
9.53
6.99
4.27
8.4
3.76
8.41
10.61
14.7
13.8
7.37
-4.87
4.43
4.24
4.33
8.93
13
13.47
12.14
11.4
7.39
3.33
-0.67
10.2
11.71
10.36
1.55
1.82
10.57
10.73
7.12
9.73
9.53
4.95
7.06
8.56
0.62
3.1
6.79
8.79
7.8
-4.62
8.13
12.33
10.83
8.39
7.31
2.63
9.17
10.54
4.74
-8.21
9.38
7.32
7.11
8.77
8.84
10.65
13.58
11.32
5.6
9.77
12.47
12.62
11.24
-0.5
3.41
-10.74
6.1
11.7
13.73
8.17
-0.49
5.1
8.51
3.37
5.35
9.35
10.19
1.67
3.72
10.69
14.3
13.44
10.41
4.56
8.49
14.97
16.05
10.81
9.53
8.56
5.15
10.18
11.1
-5.24
6.92
-9.45
12.1
12.11
10.49
13.71
12.74
7.61
1.49
10.71
13.38
6.06
7.77
12.69
10.87
13.06
17.43
17.16
11.56
2.49
12.96
12.05
5.28
1.24
8.84
3.95
13.08
15.59
9.13
-4.91
7.63
10.55
2.61
-4.37
1.31
11.36
7.85
0.1
8.4
13.04
13.88
17.96
18.89
16.01
13.09
9.84
4.25
6.16
3.01
-6.94
8.11
14.35
13.08
1.88
-5.26
-21.5
8.76
14.22
14.11
13.1
12.22
10.78
10.91
4.22
-2.36
12.7
12.33
8.11
5.57
1.09
-1.14
4.93
7.26
-9.05
1.73
8.57
9.53
-0.17
12.81
10.63
9.97
14.05
10.35
9.41
14.54
5.65
-0.73
12.12
17.66
19.78
17.89
10.57
0.08
1
10.49
11.08
-5.21
-2.93
5.26
7.11
-0.62
11.04
14.46
8.92
2.28
10.26
7.93
2.38
7.46
13.11
16.75
13.73
4.73
7.1
5.26
1.98
9.13
10.91
8.92
2.38
9.67
14.92
12.78
3.89
6.44
3.3
6.87
6.89
11.07
16.07
16.18
5.78
5.85
9.05
11.65
10.29
7.42
8.09
7.39
8.17
-2.24
5.32
9.81
9.66
6.09
6.05
4.85
12.45
16.26
19.68
24.13
24.86
22.32
16.15
4.18
11.31
10.72
4.79
9.77
11.39
10.71
7.69
9.18
12.47
10.95
-5.72
0.61
7.46
6.71
13.38
12.71
16.04
19.09
18.33
13.69
1.09
7.97
4.98
4.5
5.55
14.08
16.33
13.57
11.08
8.83
9.45
3.13
-4.19
1.28
5.49
-2.86
7.27
7.51
9.23
10.77
7.86
10.09
8.58
-5.22
13.53
17.74
13.43
-5.85
8.32
13.97
14.03
11.26
11.7
13.91
15.53
16.4
12.55
9.48
10.72
11.98
9.81
-1.21
7.39
5.6
8.04
12.13
10.32
6.22
8.74
9.71
6.18
12.92
10.06
-0.25
3.99
6.67
7.8
6.36
5.13
4.5
9.05
12.83
11.6
4.72
6.42
9.86
8.62
12.09
11.67
14.32
14.8
7.49
-4.27
9.79
8.84
4.49
11.33
6.8
6.24
4.12
-0.13
2.36
3.12
-3.05
10.81
14.82
11.66
6.61
12.75
10.1
-19.87
-9.87
9.05
9.67
3.73
3.89
12.9
12.55
8.77
6.59
15.63
14.68
9.5
12.27
8.2
6
10.74
10.77
-1.23
5.05
12.72
14.51
9.8
3.26
7.17
12.06
-5.39
12.55
9.97
5.01
11.05
11.32
9.29
8.87
11.75
9.16
1.87
7.2
-0.86
11.95
9.9
6.33
7.72
8.17
11.31
16.41
15.86
12.63
12.3
13.71
15.44
14.88
9.3
-1.88
9.08
11.7
8.83
-2.49
3.22
3.16
-4.41
3.4
3.01
10.55
10.34
3.12
3.11
10.75
9.41
5.28
5.7
11.71
7.8
3.51
13.85
16.16
14.03
8.62
-8.33
4.26
9.09
8.92
0.17
-0.55
10.17
11.29
6.95
10.75
10.4
16.86
14.34
7.04
11.49
18.25
21.83
21.52
20.95
19.12
19.35
23.23
23.44
15.09
21.86
21.95
17.45
19.1
19.1
20.72
22.21
24.12
19.93
1.03
16.28
15.7
11.61
9.03
11.81
20.3
21.67
15.9
19.02
26.56
27.08
25
27.77
31.36
30.82
25.86
20.76
21.32
23.35
17.83
14.36
19.76
18.31
13.62
20.5
18.46
21.91
25.7
20.62
27.8
29.4
30.14
29.02
21.76
-2.35
16.42
23.25
20.93
6.48
13.21
19.38
21.38
20.15
19.38
17.11
19.98
12.39
19.76
21.8
17.21
15.24
20.17
23.66
23.25
15.24
20.9
15.64
15.31
10.76
20.27
19.99
22.28
18.5
20.96
25.67
26.92
25.48
22.73
3.37
24.07
28.2
24.34
24.72
23.1
14.3
14.74
22.76
25.31
21.42
5.12
12.42
18.93
19.41
18.66
20.38
22.7
19.17
15.78
23.01
20.62
9
21.67
24.18
17.98
20.75
26.03
22.89
25.47
25.91
21.59
14.89
20.99
19.51
20.36
24.46
27.63
22.73
22.17
23.94
24.01
29.16
26.85
23.8
16.84
11.28
19.44
22.4
15.1
13.27
18.04
13.23
14.85
21.36
13
19.95
15.83
22.77
24.29
21.19
17.93
19.67
14.41
13.45
22.08
22.11
26.07
22.9
22.32
26.16
24.09
13.57
18.45
21.21
22.22
24.68
15.9
25.06
28.42
27.26
25
24.82
15.85
23.67
19.54
17.37
22.97
24.61
22.34
9.46
16.96
21.53
21.41
24.97
28.32
26.71
26.55
25.12
24.76
23.82
18.59
16.73
19.67
23.42
24.78
21.07
23.7
29.02
26.28
23.44
27.03
27.58
26.17
17
14.65
15.36
14
21.02
16.39
17.88
15.05
25.14
25.97
24.12
22.49
19.29
20.91
21.81
23.69
22.18
17.89
19.98
18.97
13.16
16.23
21.37
18.18
23.12
22.18
15.53
20.42
19.71
14.38
21.78
23.57
24.84
22.61
21.41
22.54
21.97
21.59
23.1
23.36
8.26
23.47
23.42
17.31
18.15
12.6
17.28
18.73
20.58
17.92
2.15
6.95
18.12
23.1
19.67
15.42
12.98
18.24
23.27
23.9
19.35
15.26
19.69
21.07
19.49
18.03
13.27
16.6
16.53
10.92
10.74
12.89
19.09
21.55
18.5
13.05
17.2
17.01
22.83
11.56
12.48
9.01
10.15
12.46
19.36
21.67
18.66
-8.37
21.49
25.04
25.3
23.06
16.94
13.11
23.01
22.41
20.82
18.82
1.42
5.61
17.56
21.57
18.51
12.66
6.78
19.49
18.1
14
20.79
20.11
16.41
5.13
9.78
16.08
19.22
16.23
10.86
4.45
7.44
17.07
21.41
24.23
23.68
15.85
4.56
9.11
18.14
19.44
16.17
13.72
4.23
12.81
15.92
17.07
11.73
12.29
18.53
17.57
10.73
17.49
22.49
21.09
7.88
14.69
20.54
21.15
20.8
22.23
21.42
13.74
16.44
16.36
14.68
14.77
15.29
11.13
14.41
13.88
11.66
18.58
13.45
-15.48
9.77
12.52
15.1
16.99
11.28
8.44
10.86
17.93
18.62
13.83
6.43
8.86
11.67
7.13
15.29
12.53
9.57
9.15
13.57
14.94
-0.6
13.46
15.66
10.76
3.22
13.3
14.15
6.2
5.45
5.32
10.26
14.44
14.38
17.54
20.3
19.44
19.36
6.04
22
23.36
19.95
21.89
21.11
10.13
11.88
20.4
18.31
19.01
21
18.19
21.27
24.35
24.07
23.64
23.53
24.73
20.27
19.5
24.63
24.61
23.13
22.21
20.38
16.59
25.84
27
23.98
20.37
13.78
25.6
24.41
16.05
9.23
14.66
18.44
19.69
24.84
26.28
26.74
23.26
14.09
21.96
26.05
27.45
24.45
20.67
18.2
12.52
18.91
20.3
21.49
22.91
23.28
16.67
14.03
10.44
18.34
22.66
17.31
26.11
27.24
22.09
15.73
11.2
19.27
26.48
27.11
24.49
26.31
23.51
16.81
17.68
23.4
24.5
23.63
18.96
20.62
26.95
26.64
25.6
23.87
10.55
21.59
26.19
21.4
15.26
15.49
18.51
19.87
18.97
17.33
13.14
23.79
22.55
17.34
26.97
28.56
26.87
23.5
15.53
11.38
24.8
27.16
25.13
24.9
20.48
11.45
14.98
8.35
21.13
22.92
6.02
20.85
23.05
19.36
12.82
17.54
21.17
21.39
14.5
23.35
22.84
17.88
18.67
20.53
13.43
17.25
18.39
0.51
9.74
15.62
17.06
20.16
24
25.01
26.44
22.13
10.5
16.98
22.24
19.48
17.28
13.54
10.87
7.13
21.38
16.03
13.26
22.61
25.55
22.47
15
23.07
21.71
20.92
4.32
15.96
22.25
21.98
7.51
18.88
23.04
25.3
14.95
23.55
16.71
17.91
18.07
16.35
16.94
21.28
22.95
20.08
14.99
14.42
15.24
13.84
10.04
16.51
19.07
26.39
25.81
19.15
16.05
-3.33
12.36
21.14
23.77
19.26
16.37
10.53
21.37
22.44
13.51
17.47
18.92
16.94
20.32
20.85
17.47
12.56
18.73
15.32
12.58
11.31
4.54
11.9
10.17
20.62
21.21
16.42
14.71
19.15
15.06
18.04
20.16
16.63
15.83
12.67
8.87
12.63
16.53
13.12
7.76
22.98
23.86
18.41
17.41
21.4
23.93
22.51
1.04
18.27
12.73
20.93
13.02
7.15
8.74
10.13
-1.16
13.94
8.8
3.73
26.36
29.42
23.48
14.46
8.52
13.29
22.32
21.08
12.08
11.31
17.46
17.75
21.09
18.06
24.5
20.97
14.19
17.28
23.17
23.28
22.37
21.1
17.47
15.54
14.81
23.18
21.52
8.65
12.85
18.79
7.92
17.33
14.61
9.74
17.96
20.51
16.51
16.42
18.28
16.76
16.51
16.1
3.67
15.32
17.64
20.85
14.77
18.49
12.52
4.84
0.61
6.55
16.52
14.19
17.66
22.55
21.46
19.19
19.57
21.54
20.17
15.01
-2.4
13.68
18.8
22.12
22.31
21.72
20.11
13.66
18.74
22.96
16.89
16.91
20.08
24.46
25.13
22.18
20.78
11.44
19.98
21.17
24.16
24.14
19.36
17.61
21.22
20.95
9.91
18.77
20.93
19.4
19.86
14.4
12.59
18.27
20.28
9.56
15.41
17.02
21.43
23.1
22.3
21.7
19.9
15.04
13.57
20.47
17.27
13.27
21.11
23.51
18.5
6.85
2.92
12.34
16.54
15.47
21.25
19.72
18
16.37
15.02
19.14
18.3
24.08
25.55
22.31
17.05
-8.39
10.56
6.13
13.66
6.14
16.68
22.8
26.83
27.21
24.74
18.85
9.81
8.58
14.07
17.05
17.93
23.75
26.34
24.02
16.21
13.04
4.02
13.35
19.1
20.19
22.55
26.28
24.22
20.54
21.8
19.65
14.91
17.16
18.52
20.19
21.11
20.67
20.09
19.75
20.41
18.64
12.37
10.59
9.25
16.75
26.61
27.16
21.84
11.81
11.07
18.61
20.79
15.42
5.29
9.98
20.37
24.47
22.3
20.91
13.83
3.71
7.8
20.81
26.7
27.19
24.35
19.17
16.49
17
20.05
18.41
11.34
22.04
19.59
7.76
22.88
24.1
17.54
16.53
17.83
15.15
15.84
-2.5
21.11
23.2
21.48
10.87
15.72
6.82
19.32
24.03
23.4
10
21.08
20.71
21.02
15.55
15.73
18.39
21.76
23.17
21.92
25.31
27.07
26.52
23.11
11.88
12.18
19.18
23.44
26.47
24.7
18.44
15.82
15.83
23.35
20.42
14.67
12.14
14.75
17.8
24.34
24.37
18.68
9.89
14.11
17.24
22.43
19.48
16.94
20.68
23.77
23.58
17.41
1.88
20.73
25.09
25.17
21.67
16.02
22.47
15.43
21.54
20.96
22.34
23.18
23.24
24.21
25.12
22.22
21.83
24.29
32.25
32.31
24.28
13.71
16.52
21.4
25.03
19.77
12.5
27.08
29.38
21.32
12.81
20.03
23.02
22.01
15.09
9.59
18.34
8.67
27.05
29.23
26.32
26.73
27.55
23.73
23.38
23
22.76
21.56
21.53
21.77
20.58
15.21
12.87
22.75
23.83
19.31
24.49
29.13
27.8
27.33
30.08
29.14
19.25
40.11
46.18
43.28
29.46
20.83
24.03
21.84
18.01
9.15
22.64
28.1
24.5
19.26
24.43
21.17
20.47
22.46
20.51
20.63
18.47
11.76
20.31
19.07
15.86
10.76
13.11
20.7
23.42
37.3
44.29
42.24
26.72
23.98
18.96
14.13
19.29
10.36
22.11
21.55
6.3
20.09
17.59
18.79
25.49
23.62
19.96
21.31
24
21.84
21.94
28.76
31.12
27.17
21.84
19.21
13.44
14.14
22.26
19.61
19.34
25.13
16.5
15.23
12.37
21.49
11.27
18.01
18.08
12.71
6.97
20.53
20.83
12.91
6.44
20.47
18.59
25.31
27.78
36.69
43.92
45.2
38.53
17.78
21.41
17.16
26.22
28.36
22.35
15.5
14.24
6.91
29.16
34.14
29.21
9.85
20.84
23.01
21.03
21.83
25.2
25.83
25.54
25.39
28.32
29.98
26.31
27.11
28.35
23.64
21.36
36.78
43.89
42.03
28.79
22.81
19.71
26.37
27.1
25.69
24.32
21.85
19.17
18.86
15.31
21.54
23.88
24
26.91
28.14
23.97
18.4
22.75
21.9
21.23
20.07
8.48
13.77
23.23
20.23
12.54
14.15
9.86
1.68
17.62
7.37
16.38
14.52
17.98
24.3
23.04
14.98
18.05
21.74
15.68
17.73
22.4
23.87
18.81
18.25
19.51
11.93
20.98
37.86
43.35
39.98
25.01
19.47
18.98
20.81
23.17
13.94
6.74
14.85
10.36
24.75
26.41
24.94
16.53
13.13
20.89
20.21
16.37
17.19
19.3
21.78
23.35
22.31
14.4
12.79
13.87
16.49
15.68
15.18
12.89
20.16
20.95
22.99
20.44
21.83
23.09
19.39
19.42
24.24
20.56
17.6
25.9
29.9
29.81
22.21
20.75
21.71
23.26
23.6
20.05
18.28
24.25
20.49
19.05
20.81
22.29
21.86
23.91
21.09
16.43
19.03
20
22.95
22.49
24.12
23.23
12.22
19.29
23.04
26.69
37.82
41.86
37.68
25.07
24.32
26.2
24.15
20.52
23.37
24.26
33.34
35.07
28.16
19.61
27.24
34.65
35.82
30.44
32.54
31.23
24.74
30.13
28.41
19.19
25.93
19.33
21.8
22.03
16.86
28.64
33.37
37.42
36.74
30.23
18.59
23.08
23.31
18.01
3.27
15.39
25.07
30.47
28.52
22.64
20.15
22.63
26.47
27.75
26.14
22.11
22.44
26.65
25.32
24.08
24.5
18.13
15.91
19.2
15.75
22.82
22.21
23.17
32.23
31.5
24.32
16.84
24.98
29.8
31.8
25.61
20.9
25.64
27.07
26.07
13.52
26.04
25.41
37.14
48.14
48.7
38.82
25.81
24.95
27.1
28.53
29.34
31.04
32.16
44.16
48.21
43.52
25.81
26.93
29.53
29.96
30.67
29.18
25.86
29.97
31.3
30.37
26.11
23.83
16.26
15.25
19.79
10.15
17.74
21.53
16.9
17.35
25.97
32.88
34.31
27.46
23.25
25.74
22.58
27.47
30.57
25.7
24.66
21.51
23.82
26.21
21.84
21.26
12.7
19.02
18.51
17.67
21.57
22.73
23.12
9.12
28.18
32.93
32.96
32.46
33.74
33.14
19.89
33.45
35.91
30.9
22.36
23.25
28.57
28.46
26.05
23.62
17.57
18.54
15.16
17.13
23.98
19.51
27.06
33.02
28.47
26.93
25.86
16.23
23.45
28.43
28.17
23.97
25.29
27.97
25.63
24.76
25.9
23.69
14.44
18.06
24.79
26.02
25.04
25.51
24.85
25.85
24.61
17.19
23.34
23.44
25.8
24.54
33.26
32.61
22.94
22.9
20.78
19.15
23.04
22.72
23.54
25.66
20.88
26.25
32.06
29.98
17.18
28.98
29.58
25.42
22.51
18.93
25.36
25.36
18.82
15.71
20.11
24.5
26.61
22.99
13.27
20.58
17.22
19.33
25.71
24.83
11.83
20.78
30.07
32.34
29.71
21.35
17.52
9.94
16.71
21.3
24.41
23.08
19.35
23.86
23.36
20.5
20.8
19.47
16.61
24.46
25.08
20.2
17.21
25.37
21.77
19.9
7.67
18.94
9.99
25.46
31.52
32.55
28.2
19.1
23.52
25.24
25.86
21.73
15.28
10.96
20.57
18.72
21.2
25.28
27.43
26.2
24.44
22.32
22
23.48
24.79
21.08
12.66
17.96
22.89
16.13
20.22
25.37
25.78
21.73
20.1
25.96
24.34
17
22.21
22.71
21.89
17.48
15.54
19.74
17.92
25.26
29.07
27.58
18.11
17.81
21.43
28.34
26.64
22.97
15.06
20.29
16.51
14.78
22.98
22.11
24.13
26.42
25.71
22.65
26.49
26.95
26.06
22.08
22.95
21.74
5.29
18.37
27.25
26.42
16.72
18.46
8.07
15.85
22.03
18.97
14
17.53
16.53
19.94
23.13
25.87
23.98
26.14
26.12
23.42
20.24
17.39
20.2
12.89
17.09
16.16
12.07
14.2
12.02
24.01
22.55
10.49
15.8
23.3
22.29
22.49
22.45
18.16
23.67
22.43
11.45
23.5
25.01
25.1
26.6
26.21
14.3
17.57
8.61
13.02
22.98
24.38
21.38
17.7
9.1
19.46
14.68
14.47
13
19.19
21.2
6.75
18.79
14
14.99
10.66
18.04
17.39
17.04
16.8
15.94
28.6
31.28
29.17
23.86
16.52
8.02
20.75
25.42
25.8
21.22
23.6
27.07
25.07
24.12
26.07
26.89
28.36
30.57
32.74
30.85
28.78
29.44
30.84
29.26
26.23
25.96
26.47
23.76
22.99
25.58
29.08
29.81
24.52
15.11
17.29
22.9
24.2
26.78
26.63
20.46
22.71
18.66
24.94
27.29
22.64
9.03
21.65
19.45
18.65
16.25
12.34
12.26
26.03
27.2
27.26
26.53
22.22
19.89
28.11
32.66
33.4
31.93
29.41
23.02
16.87
26.54
27.51
25.08
25.42
25.38
26.52
29.32
29.79
28.43
23.22
18.35
16.04
18.47
31.67
36.62
35.17
30.29
27.78
29.36
28.06
28.25
29.32
27.57
24.39
17.57
12.77
20.97
23.86
15.57
22.49
27.57
26.41
23.26
17.1
5.57
12.55
19.79
24.65
26.95
24.97
22.12
19.18
22.5
30.07
33.26
31.22
25.31
20.27
21.13
19.89
20.7
15.58
20.21
22.71
24.44
28.05
27.15
21.69
20.45
23.22
21.98
18.89
22.38
26.75
24
21.2
23.95
25.65
25.39
22.31
16.02
20.47
28.87
31.54
29.81
24.77
18.55
18.85
25.33
27.43
31.17
32.23
30.99
29.62
25.44
25.53
29.25
29.36
29.56
28.26
24.84
25.38
25.32
20.04
12.27
14.86
7.03
8.81
20.57
20.06
11.92
22.38
24.59
23.05
23.43
26.39
28.45
28.36
28.29
28.85
25.54
13.17
8.11
18.13
19.29
20.44
22.61
24.84
24.34
23.27
28.02
28.33
23.53
23.24
28.33
28.5
26.94
18.12
26.8
28.48
27.65
28.96
29.18
28.2
26.26
20.13
11.17
18.97
23.71
23.36
17.82
17.39
21.61
24.85
25.21
24.09
22.22
25.12
27.82
26.3
22.69
21.46
21.79
24.74
24.44
24.73
25.77
23.23
19.17
20.31
11.85
12.09
18.48
24.05
26.95
25.2
21.01
19.97
19.96
18.12
13.88
25.75
22.93
22.74
25.45
21.33
-1.01
19.61
26.15
27.96
24.84
16.32
15.55
21.68
13.62
21.81
26.24
25.79
25.29
19.55
-6.74
14.66
22.79
28.13
26.75
23.87
22.73
19.19
3.96
10.78
17.11
17.17
16.97
24.69
23.6
19.11
16.66
18.32
19.3
15.64
18.46
21.14
19.07
18.85
10.22
16.92
19.87
20.84
22.81
20.22
11.52
12.87
13.6
21.11
25.09
22.28
20.64
14.4
16.89
17.86
18.79
17.91
16.35
19.58
20.6
23.12
24.8
23.27
22.92
23.45
14.37
17.25
20.66
16.34
12.78
18.8
16.82
18.14
22.91
20.09
13.38
10.68
18.22
22.83
23.4
19.72
18.9
19.99
21.23
22.3
20.34
16.68
14.57
8.99
13.12
17.8
17.04
21.88
23.88
19.05
19.66
21.09
19.55
18.72
16.72
-2.28
16.51
20.27
20.38
18.38
16.96
16.95
6.45
20.84
21.25
13.77
13.77
18.75
18.32
19.76
18.5
18.04
19.53
11.49
19.25
22.19
17.56
20.23
28.24
28.51
23.19
21.99
19.83
17.47
18.83
19.79
19.95
14.77
11.15
11.93
8.3
6.59
13.18
10.81
10.27
15.01
15.64
13.8
2.92
21.62
22.32
19.24
20.22
10.41
19.66
23.64
25.44
24.79
22.99
22.3
17.68
13.69
17.4
17.37
15.95
23.32
20.92
22.28
21.29
24.36
21.36
9.21
11.09
22.3
24.2
18.07
7.55
16.08
14.51
15.72
12.03
18.02
12.1
19.25
23.34
25.78
26.86
25.7
23.43
20.96
16.8
7.19
16.79
12.72
16.2
9.9
19.27
22.96
25.93
19.23
23.24
22.19
13.84
19.59
18.14
14.05
15.99
14.84
20.81
20.45
17.01
19.64
15.43
11.6
14.59
18.37
20.5
22.99
22.5
20.65
13.97
6.04
6.52
11.36
15.78
19.94
21.05
16.19
6.54
16.1
10.58
16.11
18.84
19.09
21.05
23.84
21.73
14.85
16.73
9.31
16.89
9.22
19.14
22.89
23.73
15.87
1.9
21.64
26.03
20.27
11.68
20.82
18.85
16.64
18.54
7.99
13.92
16.9
18.98
14.74
23.73
26.54
23.19
21.82
22.95
28.7
28.41
16.86
20.65
22.97
20.88
17.91
15.82
17.7
20.92
10.7
16.46
11.52
6.74
15.51
11.13
21.29
24.61
23.37
14.1
12.41
4.19
16.03
16.1
11.41
18.67
19.16
20.27
17.97
17.07
15.71
15.39
20.11
21.06
20.47
21.32
18.92
16.69
23.52
23.34
19.72
22.76
23.39
13.39
9.73
28.69
34.09
30.38
22.14
22.02
21.48
16.04
15.81
23.4
21.48
15.09
11.84
8.82
17.17
20.5
16.25
5.14
12.8
8.56
13.49
9.4
-3.79
9.14
15.5
15.21
16.54
9.83
-0.72
10.64
19.49
24.47
22.09
18.37
20.52
19.03
14.58
7.38
-2.44
10.8
14.16
13.58
13.96
15.61
14.88
14.61
14.5
18.01
19.76
19.01
20.94
19.48
18.39
18.24
18.83
22.45
25.51
24.88
18.62
0.45
11.56
1.95
19.64
21.48
23.4
27.45
25.45
21.91
19.51
11.66
5.01
10.92
9.84
18.72
22.38
21.41
19.97
11.31
23.01
26.18
21.15
8.18
19.96
19.67
5.92
8.67
-1.09
16.35
23.54
20.4
9.65
14.38
23.27
24.23
20.41
17.31
12.92
19.67
23
22.71
21.62
20.66
10.94
17.02
18.99
20.2
19.94
6.12
19.07
18.24
7.19
9.55
12.37
20.49
23.79
21.77
12.57
17.3
23.93
26.32
25.38
22.83
19.35
12.3
19.97
20.11
15.65
17.24
20.68
16.18
16.12
20.68
17.93
8.7
3.41
9.22
4.19
6.22
13.52
13.81
16.97
20.63
20.77
18.17
16.19
19.51
23.31
24.06
14.7
18.11
21.86
18.61
15.64
14.37
11.67
19.51
22.94
20.48
15.4
17.93
20.52
18.84
21.5
20.86
20.79
22.46
16.31
12.04
20.37
23.7
24.94
23.63
21.53
19.01
11.77
18.97
16.53
15.34
17.9
20.89
21.07
18.73
15.72
12.33
14.01
19.07
10.89
15.94
21.44
19.84
19.27
17.7
13.27
1.97
11.7
18.77
20.26
15
13.48
15.33
8.21
15.56
16.98
17.86
25.35
25.19
22.06
16.07
6.82
-2.65
15.24
16.02
21.86
22.08
12.54
17.51
23.4
22.71
15.92
16.02
21.63
22.91
18.61
13.33
18
17.39
22.65
21.18
15.53
6.72
11.68
9.28
12.13
10.32
10.94
13.67
12.34
13.67
19.81
23.54
20.39
9.49
19.86
16.41
13.73
8.47
8.38
14.18
13.03
15.99
17.92
18.83
18.18
16.77
17.74
18.61
16.42
5.18
9.32
8.82
12.4
18.02
16.08
6.18
10.91
14.56
13.73
7.47
6.55
5.15
13.14
16.17
16.12
7.73
13.78
15.77
11.25
7.32
5.5
9.14
1.11
-1.13
1.74
-1.06
13.77
12.08
2.7
6.35
11.07
14.04
15.84
15.31
14.06
15.74
16.84
16.19
16.5
14.97
11.37
12.2
17.72
14.45
-4.75
5.79
15.23
19.72
20.6
20.71
19.4
16.78
7.67
12.79
14.12
10.15
18.31
18.07
14.84
9.74
3.4
5.84
13.77
16.27
20.95
23.21
22.24
16.87
9.16
15.86
16.51
3.85
13.87
18.69
16.31
10.08
19.44
13.32
11.21
19.66
21.35
17.84
15.84
20.55
21.99
19.35
14.91
8.09
15.15
19.59
16.99
19.99
20.71
17.36
12.09
9.17
14.22
15.67
18.42
20.26
21.07
21.35
17.78
18.82
14.36
10.41
9.52
12.22
11.16
17.23
18.88
15.36
12.3
11.52
11.98
18.62
21.26
20.31
13.38
9.17
9.71
9.8
15.32
18.46
8.57
10.64
13.93
9.77
1.02
11.13
14.98
16.23
15.93
18.61
16.54
13.09
17.22
18.68
18.51
16.01
9.21
4.41
14.69
10.47
17.48
18.9
14.25
6.12
15.75
20.24
19.21
16.51
12.45
12.13
11.42
14.25
9.42
15.99
18.87
18.01
16.42
9.23
9.6
16.66
19.21
13.56
11.33
12.65
18.45
23.67
25.28
23.37
20.75
21.57
22.02
20.27
17.26
13.27
4.57
6.91
16.89
20.43
24.32
24.77
19.73
16.03
18.9
12.76
12.78
21.34
22.39
13.36
9.06
7.22
15.12
13.71
-8.46
9.53
12.7
13.06
8.07
11.13
-2.55
15.04
15.09
8.53
15.48
18.7
19.34
19.45
14.08
14.33
17.51
17.45
17.5
20.89
23.27
19.64
8.89
15.39
20.65
18.41
3.25
7.46
16
18.46
19.42
19.51
19.52
16.31
12.23
11.62
16.3
13.27
12.51
22.78
25.27
22.57
18.38
12.27
-3.56
14.89
19.43
21.05
21.03
21.37
25.34
26.73
22.58
16.15
16.84
19.57
19.51
17.59
12.15
19.85
16.63
14.56
21.25
19.41
17.21
17.3
17.25
17.87
17.66
18.49
21.41
23.26
20.63
15.42
17.13
21.1
22.8
25.8
25.76
16.11
11.5
19.18
19.8
14.08
17.41
18.48
19.37
15.12
11.09
20.63
23.79
24.48
25.16
22.2
15.08
14.61
15.89
13.87
13.96
16.31
14.26
5.07
16.23
23.59
24.56
21.82
21.61
21.08
17.57
16.7
13.59
14.67
7.41
15.37
15.28
14.78
23.84
23.99
11.8
12.41
3.31
11.95
13.73
4.99
13.55
6.93
12.86
20.89
23.95
23.03
20.82
17.92
17.23
9.05
11.99
9.28
16.77
19.76
21.34
22.45
20.32
14.89
2.93
12.14
15.05
15.36
10.74
12.38
13.98
12.64
17.75
20.21
19.26
18.06
15.84
12.72
18.25
16.96
9.55
4.22
11.4
15.77
18.04
18.04
17.8
18.87
16.91
12.55
15.76
21.86
20.18
13.23
16.48
6.74
11.82
17.6
20.12
19.42
16.79
8.96
16.56
17.77
13.26
15.64
15.18
13.81
11.78
8.14
4.8
-15.11
9.36
11.86
6.15
-3.19
12.57
17.48
15.74
12.02
10.55
15.24
19.83
16.85
11.82
13.91
13.87
7.69
10.57
11.63
10.85
-5.24
1.38
5.61
3.69
12.38
15.5
15.81
15.7
18.3
7.24
17.38
20.93
18.24
-8.65
8.74
1.53
12.13
2.6
-8.7
4.72
6.19
12.99
4.17
1.1
13.42
13.32
5.14
16.36
19.8
18.24
13.52
8.64
12.77
5.06
14.74
13.83
15.29
17.53
21.23
22.32
19.63
16.51
19.3
20.32
18.71
17.53
13.06
19.92
22.54
15.95
14.1
8.1
5.95
5.46
6.42
17.2
20.58
21.65
18.52
14.46
8.11
14.65
12.18
13.7
18.57
15.69
14.99
19.76
18.32
13.32
6.43
16.35
14.76
9.26
5.38
2.65
14.92
18.55
17.5
15.85
-1.45
13.37
13.52
14.62
13.72
3.09
16.71
20.1
5.08
17.03
18.81
17.7
12.97
4.11
13.52
11.32
10.36
12.99
12.75
11.26
15.18
19.86
18.07
7.59
16.28
15.67
17.57
14.37
21.18
21.29
13.86
-3.44
11.95
16.13
19.52
16.47
10.82
11.64
16.76
12.81
10.76
18.08
21.98
21.25
18.99
11.5
5.74
6.16
7.18
7.47
12.26
15.9
18.24
20.13
21.01
20.68
18.39
17.13
17.42
18.66
17.41
16.05
17.5
19.67
17.16
13.85
17.22
14.64
18.11
17.77
17.27
19.3
19.28
18.95
7.57
11.83
10.78
12.61
10.71
3.47
9.83
8.86
5.12
9.4
12.91
10.51
12.36
18
16.17
17.02
1.12
19.18
20.27
20.7
18.91
17.55
17.58
12.24
16.17
15.01
13.34
17.38
14.02
15
15.02
13.51
18.52
16.88
10.45
15.3
17.19
17.92
13.18
15.33
15.65
13.34
18.1
20.94
19.42
18.15
18.04
17.57
16.52
14.75
6.64
9.99
12.56
3.05
-8.2
12.27
17.91
13.11
13.64
19.18
17.93
0.29
15.85
9.69
16.87
18.54
2.36
17.05
17.17
1.58
14.78
18.52
18.8
16.28
15.18
14.64
10.87
12.99
7.1
4.42
6.78
14.85
17.58
8.91
-1.96
11.97
17.26
19.48
17.39
2.96
14.06
19.27
21.68
17.64
9.75
-6.04
11.11
11.8
6.73
16.3
21.96
23.18
20.9
16.4
16.11
17.98
18.98
19.95
18.4
17.08
15.52
11.27
5.72
9.99
16.26
10.92
6.74
15.59
15.35
6.4
15.06
19.47
19.08
12.58
12.81
8.18
11.46
14.03
15.2
12.53
-0.92
14
12.48
12.9
13.52
15.4
13.21
16.84
17.81
15.22
14.14
12.62
12.66
8.73
4.16
14.7
13.8
18.3
19.21
16.31
8.87
5.65
12
17.83
10.22
13.39
17.49
17.3
10.06
15.12
18.31
18.28
16.41
11.22
-11.18
11.49
11.37
5.88
15.13
12.31
13.78
14.92
3.95
16.84
21.98
20.05
15.95
16.98
17.68
11.88
7.06
6.69
7.46
13.06
14.43
16.93
12.6
4.07
9.88
10.96
13.08
12.83
10.63
17.07
17.12
7.33
5.97
10.78
18.15
11.55
15.08
13.35
6.41
1.55
13.42
12.55
9.57
14.17
16.13
10.68
13.1
17.6
17.69
17.12
14.05
9.64
9.5
0.92
9.66
7.94
9.14
13.75
10.56
13.39
7.7
2.37
9.79
14.19
12.66
12.72
15.07
14.73
10.23
1.83
11.35
16.61
5.47
16.8
19.42
16
20.15
15.61
13.15
17.16
15.19
-10.78
9.98
17.21
17.19
13.39
15.2
15.57
0.84
14.94
13.14
14.64
16.1
9.37
6.43
15.54
13.37
15.89
16.93
13.21
10.65
11.57
15.92
22.92
22.19
14.1
6.95
13.09
16.67
15.33
15.7
20.5
8.98
18.59
14.67
7.38
19.39
22.19
14.45
16.67
15.46
14.35
13.74
8.93
16.59
19.77
0.1
19.23
14.9
15.18
18.08
15.46
9.55
5.87
8.27
12.74
2.2
8.91
13.11
20.25
18.54
12.57
11.06
9.93
9.6
20.89
20.88
21.27
15.45
16.81
14.83
16.45
10.22
1.09
6.45
17.58
20.57
18.55
1.66
14.71
12.76
20.42
21.31
22.02
15.72
5.6
9.88
14.14
5.95
9.63
9.44
15.42
18.34
16.48
4.28
4.69
12.71
18.32
19.52
18.49
14.74
14.52
2.67
19.07
20.22
17.06
10.41
17.89
18.57
10.84
14.62
18.93
10.86
13.11
14.22
0.14
9.88
5.9
8.86
12.56
15.77
13.72
14.23
15.38
7.16
10.58
20.03
18.97
7.86
15.74
10.28
11.28
12.97
11.82
16.07
4.71
15.53
9.88
9.45
17.07
17.95
12.93
10.45
11.4
15.98
16.23
13.14
12.87
15.82
12.53
9.95
-13.42
11.52
8.02
13.19
11.86
7.63
7.06
5.9
9.96
13.01
3.96
17.88
15.73
0.77
7.74
-5.09
13.99
15.84
2.81
14.2
18.17
17.85
15.75
17.87
17.63
15.36
15.9
2.16
13.21
16.13
18.04
15.43
12.2
15.36
20.09
8.17
3.18
14.66
19.39
14.73
10.2
11.2
12.71
19.31
19.37
9.56
0.73
6.92
19.09
19.23
6.77
7.12
11.64
11.16
14.35
20.48
20.14
19.1
11.85
9.12
6.01
9.28
19.97
17.37
17.28
19.01
16.51
17.12
12.19
5.16
10.45
6.06
11.61
13.18
16.69
20.94
20.25
10.03
10.57
14.46
12.9
13.64
15.28
18.58
13.98
11.35
15.83
10.86
14.59
19.3
19.35
16.89
15.58
11.37
9.68
5.98
8.65
15.67
14.15
15.34
9.3
12.51
19.2
21.91
20.51
18.88
15.69
11.13
0.13
10.49
11.76
12.1
15.03
15.93
4.31
12.19
15.36
11.27
-8.47
5.2
8.58
12.32
4.71
12.39
16.18
19.97
17.86
11.51
11.04
5.57
8.74
4.82
7.78
14.19
11.04
4.73
7.3
14.47
14.12
4.41
-4.83
15.44
4.17
13.11
6.57
13.12
14.8
16.71
15.15
5.17
1
9.87
8.65
15.16
15.89
14.3
15.68
5.45
10.78
8.99
13.22
3.68
16.39
18.98
15.74
12.12
16.52
16.54
11.96
10.55
-3.79
10.94
17.54
14.32
5.78
16.5
13.87
3.69
14.84
14.49
14.3
14.3
6.28
4.24
3.81
12.61
9.89
11.08
9.51
18.31
18.23
9.65
15
13.93
9.19
7.79
12.27
15.42
9.83
8.93
14.41
12.87
5.41
15.16
18.6
14.53
-2.28
3.39
13.36
17.07
14.51
14.64
13.69
5.21
9.42
12.02
13.63
7.26
12.1
15.2
5.06
2.34
14.18
15.74
12.45
16.08
13.23
3.51
-0.61
13.86
14.93
19.57
18.28
17.75
17.36
16.95
16.32
17.38
20
19.49
16.83
17.43
14.67
15.27
10.76
11.85
12.79
8.69
6.98
13.13
19.26
17.02
14.56
11.7
16.8
15.37
12.01
15.1
15.91
13.61
10.24
7.43
15.53
14.65
9.47
5.28
6.65
11.15
13.83
9.39
10.79
17.47
16.17
13.86
11.05
-2.94
8.45
8.4
14.39
11.3
14.83
9.76
-2.19
4.35
10.45
16.78
18.71
18.51
15.3
15.46
17.08
14.84
12.08
14.86
14.27
16.72
18.23
16.46
6.72
0
0.71
10.54
6.57
12.5
14.8
14.24
16.8
14.16
16.96
18.95
14.78
10.6
14.09
10.67
4.62
11.62
15.63
21.13
19.79
10.36
2.77
-0.01
15.14
12.82
5.46
12.24
17.85
21.9
20.61
16.28
11.02
16.9
19.19
13.11
12.39
15.26
11.16
2.21
8.65
9.05
7.96
15.64
12.93
16.13
18.46
14.86
11.8
8.73
12.47
6.02
8.31
-1.39
8.59
13.22
1.7
-3.91
13.87
18.76
20.66
19.25
15.85
12.68
5.61
14.61
18.89
20.64
20.74
15.44
4.76
-1.46
7.16
10.35
2.12
13.94
18.17
18.8
18.93
17.6
13.01
-0.36
8.87
14.22
13.27
15.85
17.15
15.81
14.61
18.49
19.17
17.45
16.41
12.78
8.15
19.36
19.17
13.2
11.39
8.04
-16.92
8.34
14.2
13.9
9.12
11.55
13.19
15.52
20.83
20.77
15.7
7.03
4.97
14.27
15.68
14.37
13.93
13.09
9.25
13.05
14.26
1.15
2.64
3.1
6.6
11.26
14.61
14.53
12.91
9.55
12.08
13.03
3.78
16.36
19.01
17.63
13.62
1.35
8.63
10.75
15.68
17.04
6.95
16.36
21.54
20.88
16.34
2.98
4.31
11.62
11.19
10.54
11.49
16.73
17.66
14.82
15.02
14.83
7.74
0.73
12.96
14.05
9.43
10.86
4.89
15.37
13.63
15.85
18.97
18.34
14.35
3.53
5.84
6.27
16.64
14.91
5.61
14.57
17.67
15.95
11.2
12.32
9.14
-2.46
8.13
15.67
17.37
16.32
13.2
11.8
9.69
4.26
7.63
9.3
9.3
4.53
6.95
6.42
7.49
10.91
15.86
16.53
12.22
-3.38
2.43
3.16
8.42
15.43
15.24
12.52
16.5
18.95
19.42
16.65
-0.01
11.49
13.22
14.55
18.01
16.03
5.99
11.21
10.83
11.6
10.41
6.42
9.57
9.37
8.94
9.99
8.6
14.1
9.12
15.35
15.51
10.11
14.67
15.72
5.15
7.22
11.8
8.24
-2.47
13.46
18.24
16.37
9.1
4.89
14.68
15.86
3.3
14.44
13.28
2.79
-11.64
5.03
-2.7
14.27
17.36
11.52
10.28
14.27
9.57
3.59
-7.05
9.53
14.61
14.34
7.85
13.23
17.62
18.41
13.16
12.87
14.35
12.91
13.6
11.26
5.59
5.61
13.39
17.11
16.24
9.69
11.85
15.98
11.42
10.26
13.44
9.21
7.59
13.89
15.4
12.15
13.93
15.15
12.94
5.03
15.6
15.69
15.94
14.83
7.02
8.47
9.45
-2.94
13.44
11.75
2.68
6.81
1.77
6.57
6.32
-4.76
1.97
5.39
6.16
11.01
12.15
9.78
7.33
-4.81
5.24
7.19
13.44
19.91
18.23
12.94
12.37
11.98
13.99
12.25
4.53
10.3
15.13
10.47
8.66
7.86
9.51
5.92
13.11
14.08
14.21
13.46
7.3
-2.68
9.99
9.77
13.72
13.44
9.39
13.72
4.44
5.15
4.42
4.51
11.76
15.91
9.08
3.3
8.5
14.23
10.24
11.95
16.22
16.21
11.11
9.83
13.71
12.41
2.11
6.47
2.65
15.49
8.61
11.65
17.13
18.84
13.36
14.82
16.04
15.97
13.6
12.57
13.48
9.71
15.56
11.16
10.88
11.32
4.78
5.61
13.24
2.99
0.31
3.01
11.86
14.17
17.14
17.42
13.05
5.93
9.48
12.44
9.24
11.21
11.18
8.15
12.1
14.47
7.7
3.92
-3.64
15.09
18.56
16.36
14.84
16.97
13.05
3.39
15.06
16.49
4.16
13.19
10.49
-5.16
10.42
11.82
15.9
17.98
11.71
12.87
16.29
14.41
6.37
12.39
19.14
17.15
7.79
8.36
13.15
17.57
18.31
14.76
12.98
6.88
2.33
7.21
7.64
3.7
14.6
17.7
18.35
16.84
16.62
18.03
15.53
8.59
0.14
-1.26
-4.98
-0.95
5.53
15.65
14.97
12.09
14.16
16.19
13.03
5.56
14.48
14.92
17.76
20.88
16.18
-4.68
8.51
14.48
13.45
6.89
17.58
16.99
11.97
17.79
18.72
19.26
16.3
9.47
6.65
4.59
-9.49
9.91
12.68
13.01
16.67
18.32
16.41
13.65
12.43
10.95
3.53
8.21
15.67
15.8
9.2
-3.71
14.88
19.4
20.35
19.79
19.47
20.68
20.57
19.19
15.45
12.11
12.83
12.8
12.35
10.6
10.32
7.06
10.49
14.61
15.22
15.26
15
13.39
10.93
5.71
3.01
8.24
15.58
17
15.67
14.9
12.04
1.24
3.07
6.62
7.03
14.27
17.2
13.64
11.9
16.64
14.35
12.26
12.38
11.81
13.46
9.25
4.04
8.89
12.52
15.89
17.85
14.41
0.6
11.95
2.58
7.86
12.61
18.18
19.71
19.26
17.38
14.26
10.01
10.96
16
18.66
18.69
13.74
10.88
13.68
11.48
17.41
18.86
16.6
9.91
2.8
14.68
17.79
15.07
1.04
14.62
15.78
12.51
11.77
10.53
7.31
-2.37
13.96
16.26
17.57
17.53
14.38
9.56
7.7
3.99
6.76
7.55
5.95
15.2
18.47
18.71
17.98
15.62
15.41
13.55
12.52
12.61
10.13
2.93
8.9
19.59
21.66
18.02
14.6
14.07
12.4
9.8
9.71
11.74
11.57
16.46
17.79
9.53
8.38
15.58
18.23
17.34
17.34
16.42
14.36
16.27
19.93
20.57
19.04
19.13
18.48
16.37
15.13
15.23
18.76
21.72
22.69
22.73
19.87
13.05
11.39
15.24
18.35
18.09
13.81
13.31
15.89
17.61
14.88
10.86
11.08
13.82
16.4
15.35
11.47
4.51
-5.74
4.9
13.94
12.23
6.89
12.95
14.64
11.77
7.22
6.38
14.17
16.37
14.26
13.57
12.83
14.87
13.65
11.59
13.8
16.86
16.04
10.66
10.34
9.53
13.2
18.01
17.4
11.19
7.43
4.43
11.5
13.42
9.04
15.37
12.59
11.79
10.01
-4.53
8.04
14.11
18.06
21.54
21.51
17.49
15.42
14.84
13.4
9.5
13.15
9.75
20
18.81
11.37
11
16.48
18.53
16.03
13.68
15.3
17.53
11.86
5.53
10.63
14.32
17.42
17.47
16.99
16.79
13.95
6.15
5.46
12.52
16.44
17.38
14.78
13.87
16.69
17.72
14.93
11.35
17.12
16.35
11.75
9.53
7.02
-2.35
3.04
11.61
15.7
14.44
4.24
10.87
9.36
9.89
11.19
7.8
1.29
5.71
-10.81
10.54
12.1
13.93
12.04
11.84
8.13
12.75
16.37
13.01
4.11
10.29
7.35
8.53
8.02
11.01
14.48
-7.33
12.94
11.66
10.48
3.74
3.4
8.18
7.5
7.99
11.65
13.88
17.48
17.04
12.78
-3.51
-6
2.26
1.75
0.99
12.28
14.67
11.23
12.89
11.7
7.94
11.98
12.06
-7.59
13.36
15.85
12.29
9.35
9.53
4.86
10.85
15.16
10.7
10.66
16.64
19.01
18.79
14.43
14.87
17.32
11.68
9.66
16.41
14.77
13.14
8.97
4.07
9.16
5.26
2.33
7.24
14.65
16.46
17.42
18.74
19.19
19.13
17.16
15.19
10.14
13.72
14.1
15.37
15.61
16.3
13.43
8.62
8.07
12.01
17.91
15.39
9.63
0.86
8.72
12.49
8.3
11.02
8.69
-1.3
12.07
14.72
13.09
8.82
5.73
12.64
13.42
12.69
13.49
9.26
6.91
1.08
7.27
15.31
14.88
9.93
6.76
9.81
11.57
15.03
7.72
7.25
11.38
5.53
12.77
15.22
13.35
7.74
5.49
14.19
10.3
-2.66
4.55
-4.72
9.63
16.29
17.29
12.49
7.98
12.47
15.41
13.74
12.82
17.93
16.11
2.58
6.05
-0.95
3.41
7.65
4.51
14.17
10.61
9.41
16.9
14.39
6.08
8.24
10.99
-1.15
10.3
12.86
3.2
8.41
16.37
19.9
15.69
3.62
14.5
18.97
20.64
19.32
12.71
4.94
10.18
5.33
16.75
14.68
10.11
-12.68
9.1
14.67
5.42
-2.3
6
11.66
14.03
17.38
17.26
16.54
18.88
17.19
11.8
8.94
4.79
14.18
15.57
14
15.06
11.42
6.29
4.13
0.44
6.91
10.78
-16.86
10.81
14.39
13.92
1.24
12.21
11.09
9.85
8.03
3.97
11.62
13.36
14.69
12.63
15.83
18.18
9.7
13.36
0.47
16.35
13.8
10.27
14.09
16.54
14.22
5.41
4
9.84
12.55
16.84
14.5
1.1
9.23
6.65
4.86
10.83
13.34
9.97
-0.92
2.01
13.78
14.69
12.04
10.7
4.59
4.47
10.38
14.67
13.4
7.29
1.54
5.87
12.92
15.61
15.16
5.2
6.6
12.23
12.48
12.9
11.67
14.07
15.19
12.87
11.45
15.86
13.87
5.39
6.07
4.76
10.5
11.85
10.16
-4.52
14.32
15.65
17.49
17.28
16.78
16.83
17.81
16.14
13.53
7.51
2.26
2.53
6.78
14.47
14.88
11.3
9.06
9.3
11.47
12.77
14.56
13.58
2.22
14.48
12.45
2.54
7.35
11.6
16.86
19.89
17.39
5.71
5.4
7.61
11.61
14.19
4.24
5.93
8.4
14.12
15.2
11.26
-4.83
3.45
11.7
9.1
-6.21
5.73
3.26
6.78
12.05
3.94
11.09
9.63
11.08
14.08
-2.42
13.24
9.64
8.1
11.62
13.13
8.17
5.7
9.67
5.1
6.16
4.84
2.65
-10
7.15
4.67
10.66
13.39
8.74
10.59
12.21
13.19
12.82
-7.63
9.43
-3.7
14.96
14.85
10.22
3.79
8.44
5.8
2.44
3.35
0.94
8.36
11.25
10.51
2.69
-0.56
11.07
12.73
7.67
12.55
15.08
13.24
7.25
8.97
9.31
11.31
17.04
13.77
-1.28
7.42
8.93
8.87
8.32
15.81
14.49
6.69
5.06
8.16
4.97
14.57
13.55
8.18
8.35
-0.46
14.21
17.13
16.38
16.58
15.66
14.49
7.56
6.24
10.34
12.7
12.29
9.52
4.96
14.5
18.19
15.55
6.19
4.87
8.07
9.35
11.12
13.6
13.89
7.77
-3.89
11.21
11.09
10.8
3.69
4.81
7.94
13.44
14.85
7.75
2.24
-0.53
13.89
19.13
18.86
16.64
15.98
15.03
11.63
7.04
12.22
9.67
6.01
-4.99
11.42
16.94
18.6
17.5
9.96
6.31
9.62
8.75
13.24
15.78
14.29
9.73
7.27
8.76
13.48
15.01
12.89
7.66
9.24
7.46
10.42
16.58
17.48
17.05
16.64
18.1
19.76
13.36
4.81
14.63
13.99
5.26
14.4
15.27
9.28
5
3.69
2.09
10.95
14.84
15.16
15.18
11.61
3.52
1.73
13.35
13.1
7.73
8.42
11.32
14.59
12.71
-2.01
14.86
16.84
12.5
8.02
4.54
3.87
10.74
11.9
11.5
8.51
-0.27
16.59
18.83
15.91
14.67
14.87
12.23
11.07
13.96
17.68
14.8
8.98
7.6
4.52
8.28
8.5
-11.53
-0.34
5.19
11.57
11.13
-1.01
5.75
12.48
8.85
-4.17
-9.47
6.23
7.2
-0.55
9.21
12.56
9
14.47
9.83
10.31
17.15
19.22
18.03
13.72
9.88
11.84
7
7.69
4.47
6.04
0.9
9.91
13.38
7.67
6.16
9.84
10.64
13.95
12.66
8.88
11.04
14.95
14.74
9.44
14.37
13.57
11.71
8.56
2.5
5.33
-7.72
6.19
-3.36
4.61
3.88
4.92
9.2
10.23
10.91
10.9
12.23
3.72
7.27
7.49
-1.73
3.42
-2.06
9.76
13.07
13.78
4.9
13.22
14.76
11.98
0.73
10.97
17.28
19.33
17.04
10.52
10.45
10.68
8.15
18.53
18.79
15.67
13.58
6.96
7.62
14.13
14.83
7.62
12.9
10.54
11.89
12.76
14.38
15.72
9.53
9.44
10.71
11.8
7.63
8.35
14.32
11.57
8.33
14.44
9.99
0.06
-7.75
8.79
4.99
9
14.8
13.91
7.62
9.59
9.82
7.55
13.24
15.67
12.86
14.55
16.44
13.89
8.02
5.4
3.21
9.37
11.21
11.16
10.15
13.94
11.57
1.67
6
10.65
1.85
16.73
18.18
12.36
6.35
16.98
18.06
12.76
15.95
16.88
12.56
4.34
4.53
13.59
14.03
19.25
20.9
16.81
9.27
-10.87
12.88
15.6
14.62
-9.39
17.1
20.75
19.13
0.27
12.05
2.08
-2.03
-7.33
8.39
9.27
11.24
12.28
1.32
7.94
8.63
2.15
3.44
7.89
12.31
13
14.94
15.67
17.53
17.42
12.29
6.82
12.97
13.13
17.65
19.45
17.16
15.12
13.21
6.49
11.42
10.65
10.5
9
0.14
10.95
10.45
5.9
7.41
14.42
10.8
13.87
17.5
10.43
11.89
7.42
15.87
16.27
12.51
11.12
13.87
6.1
9.19
15.34
17.8
13.66
-2.17
-4.02
-1.27
6.42
13.59
11.57
1.74
15.43
17.09
