12.41
12.26
10.84
11.33
14.19
7.03
1.02
4.82
10.02
8.11
5.04
9.61
10.9
10.05
7.61
4.23
7.63
11.34
16.33
16.01
12.33
8.93
3.01
7.36
11.86
4.19
7.26
9.67
7.82
1.57
8.97
13.09
11.11
8.67
7.05
2.39
4.83
6.48
2.64
6.97
11.2
10.06
11.48
13.21
10.91
13.27
14.9
11.85
-0.53
-6.79
2.77
5.18
6.56
14.82
18.19
17.2
9.03
10.67
13.22
11.87
8.89
11.29
15.63
17.41
16.7
12.49
9.33
10.92
14.34
11.31
4.52
-5.29
-3.02
-14.9
9.36
14.01
13.57
13.86
13.37
9.1
5.15
-3.24
7.22
10.72
10.58
5.77
12.71
15.58
10.41
8.49
10.57
11.01
7.24
11.13
10.65
8.39
4.86
8.74
4.08
0.04
3.96
9.26
7.05
9.13
13.94
11.84
9.03
11.41
9.38
14.22
14.84
5.48
7.7
3.01
3.64
9.98
11.43
13.7
15.76
11.77
6.87
6.49
0.6
10.29
15.52
14.85
11.55
10.7
10.03
12.84
13.79
15.1
15.53
12.15
14.28
14.93
14.93
16.36
14.62
12.28
10.11
4.9
9.88
16.38
14.27
4.06
8.39
12.56
10.75
9.41
7.9
-4.39
7.8
13.34
7.4
13.32
13.58
9.45
8.46
6.06
-3.59
6.02
12.46
12.9
7.73
12.82
14.18
5.7
-1.68
6.3
11.03
9.96
7.02
3.11
-10.5
1.32
7.11
5.09
-7.18
6.4
9.23
9.05
-4.41
3.76
3.06
6.2
6.69
3.42
11.6
14.3
15.29
18.12
19.74
15.36
5.55
6.77
8.58
16.73
18.52
18.75
19.02
21.45
19.13
16.07
13.61
8.74
8.14
13.27
16.3
16.03
15.95
15.94
12.76
3.69
1.71
2.13
10.17
9.08
6.94
10.92
11.92
9.37
-1.11
9.82
10.06
6.24
8.03
12.39
14.01
12.83
11.08
5.52
-8.89
8.92
15.99
14.67
9.36
11.97
9.6
5.19
7.76
10.57
9.23
7.47
11.53
12.26
7.29
13.29
10.37
7.47
10.05
10.47
9.83
10.54
9.43
10.91
12.44
13.4
8.69
12.14
15.82
13.66
14.26
16.19
17.03
15.89
6.42
9.77
16.56
16.05
10.92
3.68
-1.48
6.76
11.62
15.46
15.85
11.56
2.95
9.94
10.53
10.78
13.69
14.41
12.19
8.86
-3.55
1.68
11.43
6.08
8.32
9.83
0.62
4.88
5.68
6.34
11.08
-2.25
12.05
13.54
5.93
-6.88
3.77
6.07
-0.52
3.1
10.96
12.31
12.26
9.1
6.38
4.94
8.27
12.58
10.99
9.56
13.55
13.78
11.16
10.75
8.97
-3.48
10.1
11.66
10.68
13.76
12.75
7.76
1.79
-6.11
8.43
15.81
17.86
14.79
8.06
-3.6
7.9
11.54
11.21
7.96
9.65
11.26
11.86
8.81
12.39
17.01
17.67
15.3
7.22
10.51
10.09
7.59
1.84
8.31
15.08
14.63
12.57
14.52
13.94
10.17
7.83
3.19
9.22
10.26
0.36
2.58
5.57
12.48
11.49
4.92
-4.32
9.44
13.69
10.42
0.15
4.48
10.86
10.25
-7.24
11.8
13.04
12.12
11.35
7.69
-2.53
-6.09
2.59
8.76
9.82
5
-2.8
-0.32
6.82
4.94
6.67
8.82
10.38
5.75
10.75
12.39
6.45
13.18
8.04
10.99
9.37
9.05
9.02
5.28
4.9
6.92
8.97
11.49
13.77
14.14
13.91
13.7
9.51
10.11
12.77
10.58
4.33
-5.4
2.27
-3.09
-4.04
5.66
7.48
11.46
15.37
13.65
5.27
-2.53
1.94
8.41
8.75
5.74
10.54
12.49
13.9
13.96
13.13
13.47
11.31
6.87
8.22
-4
6.33
4.97
1.32
5.58
10.52
15.78
14.24
7.08
-0.14
7.35
6.4
7.68
13.38
15.24
9.84
3.23
5.9
10.48
7.71
16.15
15.96
14.42
9.46
4.91
12.21
11.3
-2.22
0.47
1.13
7.86
13.56
14.2
7.24
10.92
13.13
13.75
15.3
12
9.93
13
7.41
9.15
3.9
11.76
15.52
10.32
2.11
-5.55
3.88
5.96
4.76
13.05
14.53
11.38
9.61
11.34
5.82
2.92
12.95
17.03
15.88
11.45
11.93
16.45
17.5
17.21
18.87
19.62
18.24
14.46
13.12
7.22
-2.2
-24.51
2.51
-2.02
7.63
11
7.44
15.53
14.67
6.98
11.63
8.49
7.03
-7.48
13.88
17.81
17.98
14.51
13.8
14.1
7.23
8.7
13.54
10.21
12.32
13.44
12.5
12.75
9.79
16.6
16.36
8.67
7.83
7.44
1.08
-4.36
2.11
1.76
6.46
3.83
7.59
10.09
7.64
10.91
8.62
6.67
10.24
11.31
12.21
12.46
15.94
16.03
14.03
8.46
5.95
9.31
13.84
14.83
12.74
8.61
8.88
12.33
13.51
6.47
6.52
12.07
9.76
-3.45
-2.29
-0.91
-17.19
0.53
4.03
11.43
14.99
13.24
11.32
10.85
-6.19
10.28
14.72
7.95
7.03
9.25
12.49
9.11
2.57
13.28
9.95
11.68
15.05
8.13
5.25
8.25
6.23
4.01
-2.94
7.79
10.24
11.54
11.29
-1.69
8.9
8.74
-1.8
-1.52
10.67
14.64
13.62
4.05
2.89
-9.22
9.6
15.3
17.11
16.98
15.03
7.77
13.81
13.56
14.61
15.23
6.91
11.58
11.94
9.66
12.13
9
10.63
10.23
9.25
8.62
8.24
4.4
13.04
15.74
13.45
15.52
14.51
15.01
13.15
-11.14
7.8
5.05
13.28
16.31
14.32
13.73
14.83
13.37
12.08
3.23
8.63
10.89
9.55
3.82
10.36
12.6
-0.46
11.15
10.94
4.38
5.52
-6
9.48
2.04
9.11
14.21
17.3
18.33
17.68
14.77
13.39
14.26
13.66
15.26
18
18.12
14.38
4.81
6.57
9.63
9.03
6.84
8.38
11.61
9.96
-3.01
-2.43
6.37
-2.57
8.01
13.4
11.92
4.86
3.1
-0.63
9.27
11.86
14.43
14.59
9.67
11.56
9.62
1.69
9.68
9.49
6.97
10.04
6.73
-10.04
8.3
13.73
9.87
10.15
15.42
12.65
13.21
-2.07
9.55
6.92
8.39
12.5
15.28
12.81
8.81
13.07
14.32
10.69
0.84
12.74
15.03
12.63
8.91
6.57
5.07
7.86
8.51
5.09
4.19
12.7
13.31
8.74
12.05
14.33
12.69
7.58
7.58
-0.39
0.34
5.19
10.16
8.8
11.06
15.94
13.54
12.08
11.38
5.97
0.77
3.84
4.25
7.3
-0.86
9.17
8.75
8.01
13.49
15.82
13.83
7.19
1.21
3.2
-2.59
-4.49
-0.3
5.89
6.91
9.77
11.07
5.11
14.35
13.87
16.71
20.54
15.84
18.51
21.75
19.84
19.61
19.33
16.6
10.43
24.03
27.71
24.41
14.6
3.41
13.36
19.81
18.31
16.11
14.48
22.83
25.56
21.31
15.36
19
26.77
28.44
25.7
19.09
16.33
16.64
15.88
17.65
11.58
13.22
19.75
17.24
20.53
24.67
20.03
15.88
21.25
23.5
22.83
12.32
21.03
21.73
20.31
23.83
25.82
24.21
22.68
24.52
15.71
22.77
23.96
19.99
17.37
20.59
24.8
25.67
22.39
14.7
16.42
15.29
4.6
17.19
18.66
-10.36
15.06
9.14
12.2
15.82
19.69
20.79
22.35
22.69
22.79
23.42
15.85
8.04
12.82
12.02
21.51
24.89
21.03
19.47
15.11
15.91
23.09
22.84
22.16
22.06
25.9
22.81
17.08
21.34
17.77
17.32
18.87
12.77
12.83
20.47
21.04
16.15
13.92
9.07
12.99
16.64
18.03
17.56
17.32
10.59
18.97
22.7
22.34
18.11
18.34
17.74
24.59
28.8
29.12
23.95
5.03
13.02
22.87
21.52
17.88
19.91
19.57
22.62
24.23
16.35
18.16
27.98
30.82
24.17
-0.67
14.93
18.4
17.5
12.69
19.27
21.89
20.11
18.7
20.51
23.63
28.88
28.51
23.77
18.43
21.22
23.29
20.43
17
17.27
19.37
19.03
25.33
23.64
13.37
17.76
26.44
24.47
21.54
23.75
22.87
23.31
14.32
23.17
26.6
25.88
25.51
21.93
24.2
27.71
28.17
25.69
21.6
18.69
22.28
24.58
26.36
28.75
27.59
24.01
17
15.34
18.44
23.61
11.52
16.04
19.84
13.63
16.6
21.38
23.96
23.41
0.73
22.49
26.42
27.04
18.73
17.95
14.41
26.56
27.11
23.46
23.1
20.28
15.67
25.43
27.56
26.4
21.68
22.43
26.46
23.16
21.3
25.42
25.73
23.03
21.15
17.47
15.94
17.62
19.6
24.1
22.34
23.72
24.6
11.72
18.55
11.76
15.86
20.44
21.73
24.22
25.33
22.85
21.8
24.33
23.82
18.32
19.5
20.28
20.35
20.86
23.42
24.92
25.54
17.54
10.19
10.8
12.85
19.34
15.69
14.65
21.03
20.43
17.15
13.82
19.22
19.68
14.78
21.95
21.59
18.94
16.81
12.05
15.48
19.69
23.92
25.24
14.45
19.66
17.69
17.07
19.17
21.24
19.72
17.06
18.38
11.04
25.05
26.07
23.89
23.47
20.1
8.32
7.05
6.7
10.06
11.46
18.27
22.1
15.45
21.59
24.17
19.57
20.12
18.2
9.63
13.72
8.55
17.56
17.47
4.68
15.55
7.82
20.39
20.22
17.94
27.15
25.85
12.38
13.13
6.68
15.13
12.86
14.5
15.93
9.71
4.89
12.04
14.79
7.68
14.05
11.16
14.8
16.75
11.89
15.09
15.06
-3.46
16.98
17.36
13.85
8.32
11.52
15.82
12.58
10.83
12.16
9.23
13.93
9.91
13.32
13.77
15.87
18.81
18.88
17.12
18.18
19.41
13.88
15.29
13.75
9.63
13.8
18.88
18.78
19.6
20.49
18.39
12.83
-1.42
5.62
9.59
15.71
15.71
9.88
-4.69
5.5
3.4
-5.85
8.57
11.78
-17.19
7.78
9.97
13.42
16.3
15.01
6.4
-2.67
7.46
13.16
12.84
9.44
5.47
1.01
4.68
14.33
18.87
17.63
11.03
6.69
14.4
17.84
20.09
22.47
22.21
21.55
22.81
22.14
16.53
-0.27
11.33
22.06
20.19
15.23
20.06
13.89
4.18
11.58
16.62
25.58
24.84
16.52
10.57
16.22
24.18
27.62
25.86
22.25
23.35
24.39
18.34
6.53
14.79
13.38
23.32
26.2
21.49
11.76
19.91
17.2
22.66
24.68
20.46
10.31
16.52
18.88
19.57
19.92
22.42
19.75
17.06
22.84
22.26
17.15
21.99
21.23
15.83
11.36
11.75
3.48
18.94
24.44
22.93
23.95
24.08
15.84
9.84
12.37
18.76
19.26
13.75
20.21
23.32
19
17.96
23.39
24.02
19.59
19.23
17.65
21.36
23.56
21.67
21.85
21.4
15.31
16.21
7.8
16.92
21.17
26.17
27
25.81
24
22.81
24.99
24.83
25.87
24.13
21.49
15.19
16.01
19.48
17.13
16.94
24.86
21.8
16.48
23.33
27.36
27.99
26.66
22.19
15.33
13.1
13.28
21.06
24.47
24.19
22.62
19.98
18.41
22.67
17.48
19.26
14.83
8.17
11.62
16.76
19.39
12.18
17.99
18.06
15.39
22.13
25.72
26.37
25.03
22.32
5.77
15.26
13.01
13.58
16.51
21.47
26.91
24.81
26.15
26.68
28.33
27.46
22.93
17.99
21
21.96
25.48
29.31
30.1
27.94
20.25
18.09
16.05
15.38
16.74
16.42
-7.33
15.78
22.85
21.81
26.6
24.93
19.68
12.11
18.97
10.54
21.3
18.38
17.53
23.57
23.87
18.9
17.65
16.94
10.58
13.07
14.08
18.31
15.41
22.38
26.04
28.25
27.36
18.86
21.35
25.71
24.08
20.75
22.58
27.47
27.82
25.06
25.36
23.74
21.56
23.61
20.54
3.09
18.86
22.63
27.68
22.39
-0.79
20.22
22.05
17.69
23.81
23.87
21.29
15.2
17.55
22.27
24.02
18.74
17.98
14.99
14.88
17.7
21.15
18.37
14.73
17.23
18
13.81
19.24
21.61
16.43
21.32
18.55
13.25
15.72
17.15
7.73
23.67
23.54
11.45
15.26
21.05
20
24.35
26.45
23.86
22.95
20.48
20.8
26.72
21.22
25.98
29.03
27.75
21.54
22.03
17.86
9.1
10.54
20.04
18.93
13.51
8.58
22.77
24.53
24.63
22.71
14.61
14.56
16.84
19.1
15.15
22.75
23.6
14.95
14.39
16.49
8.51
8.79
12.47
19.21
23.82
24.02
21.71
20.05
20.58
18.83
21.68
27.76
30.05
27.75
23.29
18.09
23.81
24.46
22.02
22.12
22.96
20.56
10.04
19.25
17.58
4.95
14.18
11.89
10.44
17.17
7.53
17.97
16.79
14.26
22.39
21.93
19.39
18.06
6.05
15.36
19.25
24.33
26.74
25.18
21.32
15.86
12.82
14.41
15.36
18.87
18.76
16.06
17.76
17.69
17.21
20.22
18.38
16.34
17.04
14.99
11.06
10.03
10.33
19.4
19.46
15.53
14.31
15.18
7.46
12.4
14.27
17.87
17.18
15.55
16.19
12.89
12.18
17.05
17.22
4.89
22.57
24.69
20.51
9.32
10.04
11.02
13.37
18.02
20.14
9.12
15.2
16.67
17.79
9.52
12.96
12.03
18.3
10.62
13
9.11
16.27
18.62
18.92
11.05
17.52
20.28
15.69
0.72
16.4
19.38
20.06
17.19
17.32
23.96
24.87
20.13
18.13
20.29
24.47
10.2
17.31
22.75
22.18
22.75
21.72
14.17
18.28
23.78
23.81
18.14
4.72
5.93
3.84
13.56
23.47
27.12
25.81
23.96
25.36
23.28
18.67
13.08
6.47
14.4
18.56
26.57
23.08
17.99
20.86
19.65
22.57
17.72
10.16
17.95
18.62
17.3
19.15
16.58
19.8
24.6
21.73
24.84
23.96
21.89
15.38
17.25
18.78
18.43
6.36
21.81
15.15
17.48
21.09
18.85
22.61
23.81
15.03
20.37
21.48
23.5
16.89
16.59
22.57
25.54
23.13
9.67
16.27
17.64
12.79
17.96
22.22
24.82
27.02
23.3
11.14
5.08
15.82
7.25
23.75
28.56
24.24
13.25
20.14
23.32
25.31
22.06
20.09
15.52
14.5
7.68
19.62
21.36
19.41
21.73
21.32
19.13
19.3
18.87
21.8
23.42
19.26
17.05
13.73
12.77
9.89
18.32
16.74
23.58
25.22
23.21
24
26.17
27.13
27.58
28.03
27.67
26.87
24.21
17.11
25.25
25.86
23.48
15.31
17.92
17.89
20.81
22.9
26
27.6
26.62
24.08
26.85
31.83
28.64
17.72
18.55
22.51
22.13
14.34
23.41
27.94
12.35
30.06
30.25
17.45
9.55
12.78
19.9
20.87
20.23
11.38
16.06
28.81
29.65
20.75
27.11
33.46
32.36
26.65
19.68
22.02
25.37
24.17
21.78
23.28
16.2
16.95
20.34
14.71
21.14
24.78
25.56
25.71
25.54
24.05
22.86
32.47
43.58
46.45
40.88
27.38
24.48
26.12
25.8
20.57
15.37
16.52
24.04
24.72
14.25
17.55
19.21
11.65
18.91
25.34
27.25
25.48
16.71
1.69
12.23
16.31
18.87
20.71
15.38
21.45
41.15
45.44
39.64
4.66
8.55
26.38
30.11
26.76
26.23
31.32
32.67
30.55
25.37
16.65
26.1
26.74
21.14
11.52
-2.86
18.92
25.93
24.88
18.75
22.5
21.28
0.85
20.54
21.33
20.39
21.59
23
24.83
26.58
24.85
20.09
23.43
26.36
24.04
23.83
22.77
14.69
16.2
14.85
17.16
20.57
16.97
16.99
23.05
24.83
21.43
18.37
19.89
36.21
40.43
35.06
22.71
25.1
26.36
23.84
21.84
21.16
18.81
9.96
21.62
31.96
34.91
30.65
25.54
17.42
4.29
13.65
10.57
16.29
14.36
10.95
13.7
20.5
26.64
28.22
25.11
23.61
29.7
40.2
43.59
37.54
20.98
29.69
30.33
28.95
24.04
19.11
25.69
28.5
28.28
23.84
15.68
8.29
6.47
8.05
18.58
25.84
26.83
24.31
23.94
24.24
22.1
22.89
23.81
28.17
28.16
24.21
20.36
26.16
29.48
28.35
25.94
25.44
22.39
8.67
19.62
21.55
19.49
22.7
22.14
21.32
21.98
26.89
26.9
20.29
21.66
25.9
20.81
6.78
16.11
36.59
42.48
39.39
27.81
19.15
20.35
18.46
13.78
14.47
15.82
18.12
21.53
13.8
23.24
12.25
26.82
27.56
23.75
22.71
16.49
23.25
22.84
2.76
26
26.44
14.91
17.12
23.4
21.66
20.48
16.8
13.91
20.91
16.23
24.5
27.71
17.55
16.89
21.5
19.75
17.53
21.72
18.91
17.41
24.91
26.43
19.98
10.8
12.88
14.8
21.87
26.77
25.68
23.19
18.81
13.82
20.1
26.69
27.1
24.68
23.38
24.45
27.57
28.29
23.53
8.31
27.09
28.11
26.36
26.84
27.25
27.91
33.35
37.49
34.1
10.98
18.32
19.93
20.38
24.3
25.8
24.87
31.63
35.37
29.21
28.08
14.2
32.63
32.71
25.97
40.3
43.89
38.9
19.07
25.77
30.08
25.82
23
25.25
19.09
25.06
25.5
21.84
32.41
27.17
21.72
27.02
27.74
30.51
28.92
22.22
14.15
25.67
34.54
35.21
28.71
24.98
27.02
27.63
17.62
15.49
25.11
25.42
22.78
28.34
32.44
32.06
29.92
27.12
24.37
27.39
28.28
25.32
19.61
30.78
28.8
19.38
19.79
25.58
26.37
28.36
29.43
23.71
23.54
30.03
31.81
31.17
30.82
32.1
33.76
43.6
48.64
44.83
26.55
27.44
29.83
32.89
30.47
31.09
33.69
42.37
47.05
44.09
32.43
15.83
13.46
18.8
22.45
21
22.88
11.29
29.9
33.91
30.82
24.65
23.46
22.74
24.8
29.72
31.27
31.14
30.19
28.45
23.53
17.13
21.25
15.96
28.36
30.37
26.36
19.92
29.32
30.3
31.95
29.37
17.16
16.64
22.72
25.31
20.86
27.69
20.13
26.73
27.69
18.37
23.41
15.07
14.48
20.85
18.97
18.8
16.85
25.47
27.02
22.59
27.1
24.23
17.64
26.67
26.6
30.7
32.51
27.38
15.06
25.58
29.46
27.66
24.46
29.45
28.27
21.64
27.72
15.39
29.25
29.85
24.75
25.65
22.14
22.69
26.36
26.4
32.5
29.12
19.71
27.04
29.32
26.57
26.02
26.56
21.59
14.21
21.28
33.13
35.96
36.16
33.76
31.6
30.81
27.28
20.43
22.33
25.54
23.08
16.93
23.24
22.71
26.48
26.98
28.12
25.89
17.54
25.46
32.03
30.5
18.78
18.4
19.12
25.09
23.71
25.65
28.53
24.25
19.37
23.13
25.53
27.62
25.6
20.32
29.19
27.99
25.11
23.31
13.65
23.05
24.91
23.32
23.68
19.33
18.4
20.15
17.62
24.49
17.22
15.36
20.79
22.19
19.63
27.09
31.65
31.57
28.63
27.76
26.79
21.23
18.43
18.7
16.63
6.53
18.75
8.28
23.59
25.47
18.52
22.19
23.91
10.8
23.51
24.9
18.3
-6.14
19.06
25.65
23.46
14.31
13.3
15.82
24.44
27.81
24.85
25.92
27.17
21.66
16.92
16.69
19.99
25.72
25.35
16.46
7.35
16.52
21.55
25.1
22.15
19.07
17.99
20.53
23.4
19.4
11.02
12.34
22.39
21.48
14.43
13.64
-3.22
22.63
27.55
25.06
21.05
20.92
24.12
19.6
20.84
16.1
19.57
17.42
14.85
10.43
12.81
7.21
18.35
3.68
18.96
17
24.56
28.63
25.12
12.8
8.32
18.73
21.16
17.24
19.65
25.08
24.08
17.44
16.99
22.97
24.45
24.49
22.3
17.36
-0.37
18.06
22.45
24.86
25.59
24.86
23.55
25.28
22.82
15.42
21.35
12.7
22.9
22.93
23.61
23.25
20.42
19.41
21.07
22.88
22.58
19.08
21.64
22.31
21.04
19.64
21.48
25.42
26.61
25.86
24.95
24.61
25.11
23.32
10.42
16.99
24.74
24.87
21.18
17.75
18.51
24
23.92
18.82
21.37
22.18
24.63
26.78
24.59
20.71
14.32
16.64
18.65
18.79
13.79
14.27
22.21
22.72
24.6
4.86
22.79
27.7
16.5
23.69
25.98
29.95
27.43
20.85
21.31
25.03
28.2
19.37
19.58
12.04
13.22
19.73
21.85
27.43
28.12
18.33
13.32
25.25
28.07
27.11
28.82
30.18
25.98
19.86
18.4
20.34
14.11
25.5
30.21
26.94
28.14
32.05
30.23
19.39
14.25
18.09
16.48
27.32
30.19
21.08
0.36
13.01
23.17
25.97
23.48
28.19
26.23
18.21
22.9
-0.76
24.48
22.78
25.89
24.74
20.72
13.92
27.6
28.15
25.83
26.39
26.39
28.46
29.42
23.4
17.12
16.05
17.94
23.01
24.92
26.3
25.52
24.57
30.6
35.83
29.07
24.84
20.05
17.65
20.58
7.28
25.04
24.5
17.83
28.47
30.49
28.84
21.2
26.78
31.8
27
18.56
21.78
21.43
21.98
20.71
17.8
27.59
28.03
18.84
10.87
18.46
25.43
30.23
22.64
23.44
21.92
21.98
27.63
28.87
23.71
13.42
18.93
19.23
16.89
20.59
18.79
23.06
25.02
19.58
29.96
30.79
23.65
19.76
26.94
26.94
13.23
18.45
28.56
27.01
-7.25
18.55
20.99
19.83
21.65
27.03
27.54
28.02
28.19
25.83
14.96
15.81
16.88
20.06
24.81
21.67
20.42
25.05
26.05
26.1
23.27
25.73
27.5
26.43
13.37
14.27
19.58
24.58
25.51
26.84
24.75
21.37
17.99
19.76
21.94
10.62
18.07
23.01
19.89
16.54
24.62
25.61
13.02
19.95
20.38
17.66
22.13
23.84
10.79
20.58
17.77
16.09
17.23
16.45
27.15
26.25
13.38
20.55
20.4
14.29
-6.07
20.44
24.58
22.38
19.6
17.35
15.16
14.38
18.55
20.83
14.64
13.29
11.28
15.87
22.35
21.8
23.88
27.54
23.36
16.75
18.59
6.99
21.03
28.12
25.56
24.84
27.21
22.22
16.42
18.62
20.21
24.16
27.08
26.69
22.57
21.99
24.62
20.94
12.32
20.61
9.48
14.54
12.49
7.21
8.03
15.18
13.93
23.52
21.19
9.61
16.79
17.96
15.43
12.3
13.33
21.78
20.17
15.96
22.57
21.58
16.54
17.54
3.99
13.31
15.6
14.69
19.76
23.85
20.75
16.71
23.39
22.16
19.46
20.6
16.08
12.47
15.01
15.74
21.31
23.44
20.46
16.45
19.1
17.83
17.71
17.78
15.04
6.72
4.43
8.61
19.91
21.34
18.74
21.78
21.92
10.07
19.47
21.51
22.3
24.05
24.57
21.91
19.57
22.65
24.34
22.47
18.22
14.07
9.58
12.3
22.36
21.71
14.49
23.22
24.58
19.22
10.56
17.89
22.44
19.84
15.5
15.01
19.68
17.73
2.45
21.4
23.69
21.8
20.58
19.33
18.92
17.53
20.21
22.03
9.17
14.5
10.58
11.6
19.91
18.85
12.37
10.36
15.5
17.77
18.27
11.48
11.27
16.33
14.61
11.93
21.25
23.15
24.43
25.68
21.39
12.68
15.61
18.8
19.68
15.88
13.99
16.92
20.06
21.08
21.15
17.76
18.79
20.19
16.71
21.48
21.62
13.72
14.58
21.29
18.93
-1.41
10.94
-1.4
16.62
10.63
14.74
19.63
20.08
8.31
17.02
18.76
23.04
20.79
12
17.49
21.61
20.06
18.54
17.11
21.63
24.11
19
20.97
19.1
16.05
19.75
14
20.59
25.08
26.77
20.48
25.88
27.96
27.39
22.9
22.3
21.19
16.04
15.02
14.28
13.34
16.13
17.99
20.77
22.35
16.83
14.7
16.19
9.14
24.69
27.22
26.17
26.41
21.29
1.25
20.78
22.45
0.61
23.89
26.94
25.27
19.35
12.74
22.05
18.15
10.23
13.97
17.18
17.44
20.31
15.87
0.54
16.78
19.61
23.69
26.3
24.17
20.94
26.06
27.12
19
21.16
22.13
10.56
22.01
22.4
19.77
22.91
21.92
10.89
-3.97
18.93
24.44
15.44
25.39
26.84
24.99
22.84
22.04
16.6
19.94
20.16
19.08
24.76
18.74
20.26
25.37
23.92
23.04
18.99
9.38
14.28
13.73
23.57
23.78
20.12
28.19
27.01
22.66
16.58
18.57
5.04
18.89
23.63
23.47
26.02
21.41
15.43
16.78
18.14
24.27
27.92
29.9
28.64
19.33
20.95
24
24.2
26.54
24.82
10.78
11.73
23.61
27.29
25.57
24.6
22.15
12.57
21.53
19.71
21.64
19.47
4.37
20.86
17.68
17.1
19.67
16.49
7
19.4
22.75
23.71
22.22
18.87
6.59
23.46
23.84
24.26
23.79
20.21
16.34
13.56
16.04
12.31
22.11
33.26
37.71
35.32
26.34
18.86
9.25
18.12
22.5
18.74
4
15.84
19.57
20.15
19.37
21.52
23.03
17.97
13.86
20.48
22.97
15.9
15.72
18.28
15.66
24.28
27.36
24.72
23.59
16.58
20.28
21.91
22.75
18.68
-6.86
18.46
24.22
23.07
17.04
9.98
16.81
9.97
20.74
23.85
20.04
12.96
12.36
18.74
20.16
21.39
19.37
17.69
22.2
22.24
12.14
10.49
17.93
23.21
23.05
15.42
18.74
14.89
12.56
16.29
20.23
20.31
25.31
27.74
25.76
19.82
11.57
23.97
24.61
8.59
25.11
25.07
-0.26
23.95
23.11
18.47
22.64
20.78
15.54
16.96
20.06
20.69
13.72
16.21
21.39
17.81
2.09
6.61
16.32
18.81
19.64
19.74
19.17
11.67
19.87
22.62
16.18
26.59
26.29
17.3
17.42
20.38
18.6
17.27
23.75
23.93
17.65
18.35
25.6
26.32
25.03
21.48
15.33
22.68
20.05
11.96
23
19.19
7.62
18.27
18.51
19.91
15.54
12.62
17.39
19.34
18.63
17.61
13.17
21.83
17.93
19.19
10.64
16.8
18.69
14.77
18.21
22.82
21.19
6.38
24.44
27.23
22.8
22.01
23.31
16.71
16.53
19.22
20.13
19.55
12.43
16.51
3.63
19
17.84
10.36
16.62
19.43
22.1
22.94
15.24
16.41
3.58
20.29
19.26
10.07
8.87
8.42
5.52
13.77
18.5
7.59
15.98
15.68
10.82
14
12.19
15.75
19.26
24.33
21.11
17.8
14.26
23.88
19.87
6.9
17.37
20.04
22.46
24.33
21.31
16.98
14.1
16.21
4.3
20.15
21.87
16.9
21.04
24.5
22.25
13.75
5.62
12.88
18.97
17.4
12.11
18.35
20.5
12.23
8.6
21.55
24.5
15.8
15.19
18.56
17.59
9.76
-1.28
7.74
18.96
22.24
21.23
17.38
4.24
19.18
15.51
12.62
15.1
17.44
22.98
26.4
24.86
18.26
13.48
21.45
21.24
20.58
19.23
16.21
16.28
11.29
9.1
11.44
20.64
22.74
19.32
19.07
22.93
22.34
16.83
9.42
8.74
5.82
3.27
8.06
13.86
12.52
17.33
19.21
16.91
15.08
14.84
18.47
9.36
17.69
21.27
18.85
13.64
11.68
11.51
9.87
11.87
11.07
20.26
19.58
16.8
14.34
-0.07
12.04
13.5
6.02
16.19
15.33
16.71
20.57
23.28
21.72
14.06
10
11.76
13.9
21.27
19.9
13.14
9.91
-3.55
15.43
21.67
17.85
11.24
10.67
19.48
19.33
11.13
10.48
8.87
13.92
13.63
14.2
14.06
12.97
18.79
14.89
-10.25
12.5
14.59
12.39
6.5
8.32
20.18
20.85
16.18
11.2
9.77
13.95
17.64
13.85
4.76
13.07
19.94
21.54
19.05
17.24
18.95
13.83
9.34
13.13
8.66
13.6
15.91
13.21
8.4
11.49
10.76
11.84
13.43
14.26
9.49
1.32
9.03
13.89
15.44
10.83
14.28
20.73
18.74
17.21
17.4
11.99
8.57
12.18
16
14.81
8.85
22.16
21.94
12.35
4.5
2.82
11.16
11.8
13.64
6.32
8.26
12.98
14.12
12.83
11.26
9.59
4.55
13.43
15.93
15.61
18.1
18.32
15.95
16.66
18.09
15.83
11.32
16.16
11.39
8.94
12.75
11.39
10.3
14.15
18.73
19.92
17.54
2.95
15.24
16.7
14.3
13.17
3.09
17.31
14.23
8.3
12.85
13.24
10.07
8.38
17.32
13.96
4.08
8.96
6.31
15.05
13.44
16.4
12.31
7.73
9.19
8.4
19.84
20.52
16.51
-0.3
14.63
13.55
4.61
16.55
18.37
19.28
12.73
3.79
14.18
13.35
11.78
10.79
-1.39
2.16
-6.79
4.11
3.92
11.45
10.41
12.27
13.37
8.96
15.2
18.55
18.38
10.02
7.63
18.53
20.29
20.28
14.4
7.44
8.24
-14.16
9.3
17.02
18.9
13.87
13.01
20.62
16.93
3.45
4.12
12.88
18.14
18.99
13.6
15.63
19.14
16.79
11.57
11.4
13.82
6.22
14.3
-1.58
12.96
16.62
18.77
15.56
10.85
8.72
2.23
-1.86
3.83
12.89
17.13
19.25
14.66
14.29
15.88
1.52
5.81
9.01
6.03
17.24
17.3
12.43
-2.03
12.99
16.16
18.33
17.81
-12.6
17.2
18.51
12.15
12.31
15.2
-0.54
17.29
21.38
22.15
20.56
21.16
18.92
18.19
9.04
18.54
21.17
13.52
8.9
16.28
17.53
14.4
6.22
1.4
13.64
12.78
15.38
20.63
13.1
22.53
21.47
13.87
10.75
12.34
15.34
14.63
9.17
-2.62
9.08
14.69
8.81
15.57
19.57
13.46
10.87
12.22
5.69
18.4
20.93
12.91
16.39
23.47
23.27
16.62
18.22
20.42
23.28
22.04
15.89
13.28
10.8
15.99
19.05
18.87
14.5
-2.84
6.55
5.5
-6.39
5.3
8.91
14.71
19.1
17.34
6.6
9.34
15.78
15.87
0.42
13.1
15.41
16.37
13.09
13.5
10.4
9.17
15.62
10.46
13.6
6.42
16.2
12.28
6.16
13.66
14.93
10.48
11.76
18.98
20.75
9.97
13.96
15.87
15.65
14.51
15.52
12.82
12.1
11.91
8.05
13.86
18.43
15.04
11.99
11.91
12.56
11.67
-8.69
11.14
10.47
11.02
14.68
15.51
10.5
10.05
16.03
16.93
17.69
14.47
13.61
13.91
10.43
3.86
3.89
10.92
9.21
2.53
7
12.28
17.03
12.46
18.65
19.52
11.89
14.98
10.3
2.43
15.83
22.54
22.73
22.45
22.84
23.11
21.87
21.79
22.95
20.78
19.37
19.96
19.32
17.27
13.69
14.36
14.27
12.72
18.36
14.92
11.2
11.71
12.48
14.8
15.6
17.8
16.45
18.29
15.5
21.33
26.72
27.12
22.77
19.81
20.07
15.93
13.35
14.37
17.02
16.48
15.26
13.92
7.98
14.37
18.01
13.59
6.71
16.3
17.66
14.09
11.86
10.55
2.31
9.19
19.57
22.6
21.56
17.69
15.91
19.25
18.22
12.54
14.18
17.81
17.7
14.21
12.05
14.13
19.43
16.89
13.23
16.89
13.64
12.09
13.17
12.55
16.62
19.31
15.25
12.97
15.37
19.66
15.39
11.69
13.96
12.81
14.28
19.96
16.9
13.45
11.67
9.35
14.24
13.66
12.47
15.63
4.53
14.47
19.81
19.08
11.65
-1.89
19.37
20.16
16.27
20.84
21.5
13.24
10.81
19.34
17.44
12.38
17.09
19.34
15.3
-5.36
9.64
6.95
8.15
11.58
15.15
10.23
20.71
18.96
14.17
7.16
9.6
11.03
17.32
10.51
12.96
21.07
21.02
17.16
17.6
18.47
13.05
-5.36
11.14
16.65
18.89
18.28
15.05
13.72
12.86
11.89
7.68
15.12
12.68
-7.52
-6.05
0.7
9.17
15.62
15.53
7.11
9.67
15.31
13.42
18.16
18.32
10.41
20.38
22.87
19.28
17.09
18.87
17.88
14.35
11.41
15.67
12.95
10.2
16.22
22.09
22.74
18.42
20.16
20.07
13.98
7.87
13.93
15.8
15.22
19.16
23.98
23.68
20.34
19.79
20.33
19.3
16.82
12.99
7.72
7.34
11.61
14.66
18.83
7.97
21.63
22.64
18.91
17.69
17.88
10.23
8.42
3.22
6.17
-6.12
16.1
17.82
21.53
23.26
22.76
23.92
19.47
10.43
16.08
17.71
2.86
13.99
2.61
20.06
21.81
17.81
17.66
14.5
5.44
16.11
22.13
19.74
20.38
20.97
17.33
9.14
8.19
16.67
20.03
14.93
15.43
17.6
12.32
15.01
21.47
21.25
18.69
18.91
20.05
18.27
13.67
10.04
16.64
20.58
15.37
12.82
12.1
-9.47
2.6
-2.94
7.88
14
14.75
14.33
6.68
17.19
18.2
13.9
18.53
23.26
23.37
19.65
20.96
21.95
18.48
8.52
11.28
10.73
14.84
15.03
18.91
21
19.2
18.24
17.26
20.17
26.25
25.79
8.14
18.94
15.05
4.96
7.4
9.01
18.31
24.1
24.27
23.44
23.91
21.07
7.38
12.72
16.62
18.78
18.53
18.5
16.95
13.62
18.17
21.8
22
21.07
20.18
18.22
9.46
13.43
21.29
21.24
16.91
16.46
12.49
19.32
19.37
21.97
21.57
16.64
16.69
20.32
16.97
17.17
21.21
21.45
19.33
21.13
22.44
20.73
16.13
18.75
15.65
-12.58
15.66
19.71
20.28
18.16
15.9
15.09
17.09
14.24
12.98
19.53
16.77
12.75
21.63
23.34
22.43
23.15
22.34
17.89
16.57
12.04
-16.46
-3.77
8.97
11.2
11.37
10.03
13.66
18.91
20.25
18.34
20.42
16.99
11.58
17.12
9.84
5.24
3.59
17.83
19.93
14.89
10.35
10.46
13.97
15.38
18.86
17.94
11.18
16.01
20.82
19.56
16.2
16.71
18.15
17.28
12.64
7.43
8.21
1.61
13.74
18.98
18.58
14.79
15.8
17.79
18.06
19.7
19.53
15.59
16.94
22.38
25.41
23.05
16.94
21.46
23.25
22.5
19.01
16.51
20.56
22.03
16.74
14.3
19.03
15.91
16.84
18.09
12.07
6.19
-2.25
15.73
22.55
24.4
24.52
23.94
21.51
20.97
22.35
21.8
22.95
23.72
21.9
19.66
15.53
14.03
18.53
20.67
19.3
16.5
10.67
-0.59
9.46
7.49
6.46
11.63
4.71
11.39
19.62
20.95
18.69
16.46
18.11
22.71
23.42
20.31
21.07
23.09
24.58
24.68
24.22
23.87
23.49
21.52
19.08
21.5
20.44
15.64
8.05
13.52
20.13
20.06
14.49
10.2
6.64
0.69
8.26
12.36
10.47
10.16
14.92
15.65
16.1
18.14
19.26
19.6
20.12
20.31
22.81
23.28
19.38
15.65
12.55
9.25
17.77
18.32
17.01
18.51
15.96
5.5
12.64
18.09
20.97
20.3
19.12
15.38
10.2
16.78
21.22
17.07
14.08
19
20.94
21.54
20.77
17.83
21.65
21.21
14.04
10.17
22.56
26
25.29
19.48
7.58
11.34
11.92
0.6
14.95
14.15
14.23
15.76
8.14
7.31
15.22
20.73
21.62
19.8
12.9
13.38
18.78
18.48
12.97
16.56
16.92
20.13
20.87
20.54
21.22
19.91
19.4
19.65
18.05
17.14
16.91
17.61
16.55
-0.96
11.18
10.45
11.65
6.5
6.13
10.78
17.22
19.69
19.46
19.15
20.71
20.27
20.8
22.18
21.48
14.77
8.53
14.26
4.5
14.38
18.94
18.07
14.73
14.97
6.84
17.35
12.99
10.71
20.71
22.46
19.16
11.34
8.19
0.27
10.01
7.3
7.32
7.1
15.94
18.24
18.13
19.35
19.22
18.7
19.4
21.81
19.13
12.89
7.16
8.86
12.81
13.79
14.08
16.44
15.75
11.94
4.25
17.15
22.56
20.17
18.91
18.77
15.45
15.24
13.25
15.04
17.01
14.46
11.59
15.32
17.74
15.2
13.19
12.59
18
23.87
25.25
23.44
14.9
9.33
13.32
-3.64
14.19
14.8
4.73
13.19
16.87
15.97
13.51
18.89
23.01
21.58
17.35
13.65
10.37
-0.72
15.54
14.22
8.46
14.93
17.88
20.19
20.64
18.12
11.45
17.32
15.78
5.52
9.31
19.31
20.38
15.77
10.6
-3.43
14.89
16.33
6.44
11.56
12.27
11.96
14.1
11.46
11.27
16.59
7.78
12.12
15.34
13.3
15.81
4.21
12.82
13.55
5.72
9.28
15.93
10.4
11.46
17.5
15.06
9.16
18.23
16.06
18.51
17.06
3.91
13.53
10.42
12.32
16.82
16.97
6.27
11.74
18.69
20.24
18.73
16.09
12.76
16.47
17.79
13.52
5.88
10.94
16.12
17.73
15
8.11
14.93
15.58
10.49
5.88
8.05
15.72
15.34
7.35
4.2
10.26
9.3
18.05
15.93
15.12
15.49
14.42
13.97
7.43
14.81
17.84
15.17
17.05
18.98
12.19
17.87
20.81
13.68
10.72
12.15
9.41
16.09
12.17
14.07
13.91
12.45
7.74
15.33
13
-6.46
13.3
16.43
11.71
9.62
9.71
7.82
8.67
6.36
-6.3
2.58
4.94
10.7
14.36
10.4
12.99
19.16
17.65
10.96
7.39
12.31
15.62
12.38
7.31
7.2
13.71
11.65
6.61
14.84
6.14
16.12
18.53
16.74
15.35
15.72
15.41
15.26
12.77
12.32
10.86
9.41
9.61
10.63
10.75
12.09
16.85
16.9
6.33
-2.48
15.13
20.17
18.88
12.09
-4.43
0.09
4.33
10.46
10.39
10.12
3.7
9.64
11.62
13.19
7.31
11.1
14.79
7.66
4
8.94
12.91
17.04
15.18
9.32
0.92
-1.69
-1.63
7.49
10.9
11.43
5.45
3.97
9.74
11.82
13.04
11.48
12.09
14.6
17.87
17.3
12.64
10.48
7.87
-3.85
6.84
6.38
0.2
-2.94
15.18
15.82
16.71
14.18
9.87
11.56
1.55
13.97
14.73
9.16
18.05
20.13
12.05
13.39
6.34
17.92
19.49
20.35
16.6
5.28
15.96
-4.92
18.4
16.06
15.29
10.08
8.15
6.68
5.16
8.33
12.28
9.03
6.65
13.71
17.1
11.03
7.62
10.83
9.01
11.93
8.02
9.83
15.17
21.15
18.38
14.11
19.07
13.46
6.51
-8.24
9.57
9.48
7.45
4.49
-3.44
5.3
9.29
17.18
19.25
18.24
16.14
13.58
12.01
10.78
8.48
-6.62
9.8
15.36
14.7
9.84
13.95
9.08
5.86
11.4
1.06
10.82
9.74
1.74
9.61
14.47
13.29
8.29
8.02
6.57
11.61
13.48
7.66
5.52
4.09
11.23
12.75
13.79
14.5
13.1
15.66
11.15
8.38
13.29
13.35
10.95
11.4
14.85
8.49
12.61
15.1
6.38
2.17
12.07
14.33
-1.01
-5.95
5.93
6.28
16.69
17.24
16.63
4.26
11.94
5.32
2.36
9.76
10.37
12.62
8.07
8.92
12.31
20.46
19.27
13.56
11.3
9.25
11.23
8.85
13.9
14.15
5.7
17.55
13.75
2.11
-0.19
7.05
2.99
4.38
10.11
13.37
12.39
2.18
8.23
-9.85
5.25
-7.48
7.35
11.61
7.41
6.24
0.67
11.07
11.48
4.39
9.72
14.05
16.83
16.63
15.44
9.08
9.81
9.09
7.36
15.24
14.95
10.96
11.05
7.58
7.63
9.07
13.2
11.9
8.67
15.87
5.57
7.09
4.27
10.77
13.51
3.25
9.79
3.06
11.42
7.46
12.8
12.73
12.69
18.11
19.48
16.32
10.4
12.65
13.68
5.55
4.74
-0.24
8.91
11
15.18
18.33
18.73
17.21
13.62
6.26
8.17
14.42
7.96
8.42
-4.19
10.3
10.36
1.05
-13.54
9.75
14.97
12.92
7.01
1.07
10.33
12.14
9.96
3.94
2.38
10.2
-0.45
5.58
13.61
16.65
12.04
15.45
16.07
16.97
19.13
15.08
8.34
9.31
14.3
16.18
11.78
9.48
5.49
8.19
16.93
17.14
9.66
11.52
17.67
17.98
12.95
9.05
4.68
8.95
16.04
13.04
11.02
10.92
14.09
15.96
12.54
6.62
6.67
-4.62
11.95
13.3
11.47
15.51
14.22
10.43
9.52
6.22
9.03
13.47
18.16
18.28
14.49
10.54
4.53
-0.16
2.34
5.82
4.17
9.21
13.58
16.72
18.64
16.72
11.03
4.63
7.46
8.16
12.5
13.03
13.5
18.87
21
17.45
13.88
13.3
10.35
8.78
12.75
13.45
6.28
5.56
7.74
12.87
16
14.97
9.14
15.04
15.02
8.59
0.19
7.52
5.08
10.47
12.72
9.73
6.17
13.57
14.54
14.24
18.63
15.37
0.49
10.5
7.28
8.11
12.34
5.22
11.31
15.71
9.68
13.7
13.24
-4.22
11.79
14.12
9.79
5.31
4.78
9.75
6.51
-2.52
5.56
12.34
15.34
13.05
10.24
12.8
15.67
8.97
10.04
14.94
11.12
12.78
16.37
15.36
17.39
13.3
3.41
4.17
-6.43
9.21
12.67
11.6
13.81
12.36
11.79
11.12
13.42
8.58
10.2
11.49
15.91
15.99
14.68
9.95
10.06
10.52
2.59
8.46
6.28
7.98
13.17
5.99
2.62
2.25
1.3
5.5
5.91
11.72
14.85
15.87
16.66
15.02
12.73
9.81
13.24
14.49
9.88
17.02
18.77
17.26
4.65
14.86
11.61
11.07
17.73
16.36
13.08
12.96
15.81
17.04
16.18
16.35
13.09
9.14
10.05
17.25
16.98
9.57
9.03
10.78
-6.52
14.7
15.7
5.98
12.73
15.58
3.22
7.48
7.03
5.43
16.4
18.33
16.56
8.41
8.59
13.59
7.05
10.58
13.51
8.19
2.88
10.72
9.92
8.13
11.58
16.59
14.07
2
7.55
18.87
20.4
13.76
2.37
6.86
13.37
7.92
2.88
7.54
11.62
16.82
15.47
14.89
19.34
17.73
14.8
11.85
8.93
4.51
8.76
12.32
9.72
1.25
8.92
5.68
14.4
14.44
0.13
5.18
-1.54
9.88
16.58
15.61
7.27
2.49
9.46
14.67
15.7
13.68
5.84
12.17
11.55
8.2
6.79
12.18
13.44
7.25
16.33
17.22
8.16
0.34
4.25
12.98
13.56
12.27
17.84
17.13
5.86
4.88
7.94
6.6
12.38
12.64
15.11
13.27
7.49
18.05
15.95
12
18.66
17.2
-0.47
16.1
13.85
15.07
17.4
13.4
1
2.8
16.56
17.73
15.21
11.96
-2.01
5.41
10.85
2.15
12.85
13.53
15.52
16.32
10.33
8.4
14.79
12.86
18.08
17.43
14.4
14.57
16.97
14.02
-0.73
9.2
5.23
13.26
11.16
11.76
15.28
14.01
5.1
8.33
8.71
7.38
9.65
12.89
13.56
7.33
7.08
-14.27
2
-2.32
14.57
17.12
17.62
16.77
15.06
11.62
5.77
8.44
16.14
18.91
12.3
11.93
15.57
8.53
11.62
17.01
13.87
9.79
-1.72
7.68
10.6
5.61
11
14.43
13.02
10.89
5.74
16.38
17.94
16.91
10.48
9.25
14.74
7.25
8.1
12.59
12.34
13
16.66
16.11
6.42
11.31
14.51
12.91
13.18
18.66
19.57
16.77
13.83
15.11
16.51
16.38
10.44
0.94
8.3
10.97
11.35
10.19
15.91
18.67
11.42
9.72
12.11
3.1
12.56
18.73
20.38
20.99
21.93
16.88
7.65
13.93
7.66
4.59
10.83
10.84
9.64
10.03
4.3
-2.87
8.04
11.37
9.69
17.34
14.56
7.14
8.63
-3.28
2.64
-0.38
11.64
17.63
16.8
14.64
16
18
15.62
1.91
5.14
9.91
4.22
0.27
-0.18
-4.25
9.2
8.57
9
12.65
17.42
20.6
19.2
14.63
11.25
6.97
3.41
-4.15
4.96
4.41
-2.18
-12.21
8.51
9.32
10.66
12.35
8.25
-7.48
9.08
13.14
12.09
8.82
9.24
9.95
7.29
6.09
12.3
10.73
-3.24
6.94
5.52
5.97
13.24
10.26
11.39
9.33
10.44
7.6
10.85
9.19
12.62
14.42
6.38
8
-5.85
10.27
7.27
-5.26
13.94
16.51
10.71
12.12
12.98
6.2
7.81
1.45
9.96
13.47
11.99
17.48
16.98
15.26
19.59
18.5
9
14.08
13.36
11.99
2.71
2.75
10.78
16.17
6.07
12.98
12.26
16.15
18.36
14.96
15.12
10.33
11.9
18.26
18.55
13.21
10.05
14.94
11.04
-4.41
8.36
16.99
14.09
13.55
17.68
15.06
13.67
16.85
18.36
17.15
11.01
8.23
13.1
13.45
14.44
13.63
14.15
1.15
12.68
9.8
11.18
12.59
6.36
-0.27
-3.78
6.33
12.25
7.84
-1.66
-5.54
9.49
12.48
13.6
15.26
11.6
8.43
15.52
17.13
15.86
2.73
8.53
-0.6
13.57
12.31
14.44
0.98
16.38
18.55
15.54
13.82
15.25
14.61
16.67
14.93
1.9
8.79
15.26
16.7
19.27
19.52
17
8.57
16.66
18.26
11.9
-6.19
1.38
-2.39
13.84
21.02
20.81
9.5
14.3
16.91
14.48
2.87
15.32
16.25
12.67
20.64
21.31
17.78
16.61
15.41
16.79
13.4
-5.05
2.49
9.44
17.34
20.46
18.97
11.75
3.25
4.47
14.15
13.64
12.08
13.15
15.47
18.97
19.44
16.93
13.13
12.45
12.4
12.7
2.74
7.69
11.41
13.53
15.34
16.3
18.85
19.27
11.16
12.59
17.42
16.5
16.1
15.46
8.52
7.84
17.06
18.61
15.56
7.14
3.51
13.41
16.47
15.11
16.95
17.81
17.55
16.22
11.81
2.35
0.96
-2.19
2.79
9.64
7.14
3.85
5.08
6.48
9.33
10.99
12.75
13.5
11.56
9.51
6.3
8.91
13.25
9.06
9.28
15.3
14.07
12.1
16.14
19.19
19.48
17.63
13.44
8.27
6.31
6.62
3.57
12.48
15.52
17.98
18.43
16.83
14.05
10.8
11.05
16.49
18.3
19.69
19.88
9.41
13.01
16.42
18.54
16.14
7.79
12.07
16.27
15.14
16.56
16.85
11.09
3.02
3.84
4.91
4.63
9.4
16.02
15.49
3.52
5.43
10.88
12.37
13.11
15.68
15.16
-5.38
16.16
16.93
10.64
4.87
7.79
10.5
13.37
7.76
11.77
14.99
12.4
13.16
13.35
13.53
13.89
14.01
13.54
13.19
11.36
-4.3
5.19
7.45
-3.7
-14.12
4.79
15.16
18.53
15.77
9.24
-8.47
9.66
11.05
11.47
8.71
7.94
9.68
16.16
16.96
13.48
13.91
10.88
8.42
12.34
5.88
1.75
6.14
15.84
18.16
15.18
9.64
6.9
1.58
12.24
8.16
7.29
13.63
6.55
8.44
12.84
13.04
11.86
13.9
16.85
16.95
13.67
-12.68
6.63
8.41
8.72
6.85
12.02
3.67
15.93
19.02
18.26
13.83
8.12
12.92
16.67
14.73
9.77
11.24
12.68
13.87
13.92
13.38
13.4
9.12
9.9
11.83
8.78
8.44
13.16
12.44
9.74
10.48
9.64
8.8
7.94
5.94
6.98
7.42
9
10.67
5.31
15.18
12.32
13.03
15.3
10.3
4.02
9.39
13.56
10.23
2.28
8.6
12.68
12.54
15.65
12.27
3.97
11.99
5.96
13.49
18.2
14.82
9.98
9.18
8.58
5.84
12.08
12.96
-9.85
10.43
8.3
7.88
5.37
5.5
12.24
8.59
-1.06
6.44
11.05
7.32
-3.2
16.15
16.55
12.29
10.96
15.18
15.43
9.82
2.96
7.81
10.21
8.35
9.72
6.97
5.1
10.23
14.93
15.88
11.25
-0.31
7.58
10.82
5.24
6.98
10.49
9.6
12.34
14.11
14.45
12.64
7.62
0.68
-2.09
-2.05
5.61
9.72
12.95
10
10.03
15.23
10.99
-0.05
-1.07
11.77
12.72
10.55
9.78
12.92
15.67
13.08
10.8
12.73
6.34
8.08
8.96
9.98
11.71
8.44
15.94
17.1
8.05
7.41
10.11
14.77
12.24
12.87
16.36
6.24
12.03
15.33
12.29
1.09
8.69
7.75
6.91
9.28
10.21
10.17
9.71
9.07
12.27
11.69
6.25
18.05
18.91
18.71
18.34
7.72
11.84
11.25
4.78
13.56
15.04
15.33
11.45
5.76
9.84
12.87
7.92
4.35
8.33
8.31
11.75
9.49
4.64
-0.9
7.69
7.07
7.18
12.2
15.66
17.72
17.76
17.02
14.64
15.21
13.01
10.68
11.3
-14.47
7.05
10.48
9.75
3.75
9.33
5.34
6.56
14.77
20.75
19.43
16.81
8.36
5.36
2.09
9.73
2.77
15.18
17.8
15.43
9.67
5.38
-17.91
6.46
0.42
10.5
11.74
13.57
16.51
13.59
17.35
15.96
10.14
14.21
15.82
15.54
9.56
13.12
8.47
13.48
14.79
13.98
16.28
14.56
6.43
7.8
2.16
9.06
-4.71
2.32
8.5
6.06
11.2
15.47
15.75
16.17
9.27
6.3
9.62
2.97
11.97
11.27
15.2
15.34
10.76
4.52
-20.19
4.71
2.33
-0.17
10.62
7.21
-14.16
10
13.84
8.3
13.81
15.46
16.26
13.8
13.16
16.82
14.86
9.89
18.08
15.71
6.8
15.75
19.3
17.45
15.87
4.03
12.06
11.45
11
13.38
11.88
7.86
15.75
16.45
15.45
10.81
12.73
2.02
9.53
-1.54
10.64
14.81
13.33
11.16
15.4
11.96
5.79
9.59
3.39
-0.41
5.76
3.46
1.13
13.89
12.03
1.08
8.26
11.52
8.81
10.53
11.57
7.49
5.91
11.35
15.28
17.65
11.37
12.71
17.22
16.17
11.94
7.56
9.76
8.33
6.1
6.1
2.71
4.68
0.44
9.55
10.05
11.06
8.9
11.55
4.32
16.12
20.4
20.01
11.71
16.36
18.17
10.44
1.85
5.79
7.9
8.33
12.08
15.43
13.83
2.85
14.55
18.74
17.12
11.66
13.85
14.83
12.75
1.43
-5.5
4.53
13.12
17.35
18.97
16.14
13.62
10.34
10.31
14.88
12.76
7.19
13.92
15.16
16.35
15.58
11.59
-1.08
13.82
17.82
16.53
15.29
16.26
17.23
12.76
4.64
13.18
18.05
18.46
17.22
9.58
11.17
13.97
7.33
5.25
5.2
1.78
13.06
15.81
3.76
14.42
19.67
14.84
7.99
12.19
5.36
5.57
4.52
12.43
12.05
0.9
12.11
16.55
14.78
13.4
14.78
12.61
-2.75
13.03
12.2
7.39
10.85
6.14
11.58
16.56
15.4
12.6
10.82
8.61
13.27
11.55
5.55
15.57
16.24
5.19
10.07
11.04
8.72
15.61
16.96
12.55
12.49
17.17
18.23
17.83
12.93
14.48
20.47
