11.79
10.73
4.13
1.15
7.3
7.91
1.86
0.27
8.76
10.29
8.76
13.88
14.26
11.95
12.62
14.03
10.53
-1.99
3.05
9.76
5.71
6.1
14.5
13.22
8.79
8.04
4.85
0.03
6.76
12.04
12.49
10.49
14.28
12.06
0.56
6.97
10.84
6.89
7.77
12.95
9.97
6.86
15.5
12.92
5.2
9.82
15.25
16.69
15.09
12.01
15.64
16.4
11.57
5.82
4.42
10.47
13.81
1.89
12.41
12.36
-0.78
9.14
11.88
9
11.68
14.38
8.14
11.53
15.93
15.86
12.67
10.69
10.57
11.05
8.53
7.21
11.44
13.46
12.17
8.92
11.83
11.87
13.21
11.93
12.01
10.39
1.5
-0.7
0.79
7.11
5.12
4.66
5.66
1.36
9.79
12.29
13.55
11.45
11.56
10.47
11.83
8.14
-9.83
9.78
12.9
6.97
-0.66
6.34
8.5
8.83
4.78
4.48
11.16
15.38
15.1
12.15
9.37
6.05
4.1
7.71
10.57
11.65
9.3
-4.76
11.19
12.67
9.08
8.27
10.72
7.93
0.87
1.88
4.57
-10.68
6.89
5.65
11.73
10.83
5.58
5.73
10.67
10.42
1.8
-5.07
0.66
0.96
10.49
16.96
15.6
8.92
12.2
14.66
12.54
6.84
8.92
11.62
12.22
16.58
15.84
8.12
4.35
9.26
2.23
5.43
7.64
3.8
5.17
5.11
7.45
10.09
10.9
11.47
15
12.91
-3.34
3.56
11.07
16.9
15.7
13.09
11.22
9.25
7.73
5.49
8.66
12.06
8.72
10.03
11.28
1.74
11.47
14.93
15.98
11.72
7.33
11.77
12.38
5.55
5.99
15.01
18.83
17.88
12.99
7.69
11.81
13.83
10.99
12.18
16.03
14.68
5.53
6.78
11.49
11.2
8.34
8.86
9.69
7.97
-8.34
5.29
5.32
7.16
12.32
14.77
10.66
6.74
3.64
8.7
11.08
4.2
10.44
11.84
8.94
2.77
-2.38
1.52
1.61
5.39
8.75
7.58
-0.19
10.6
16.05
14.68
3.7
12.53
11.75
-0.97
12.72
12.63
10.05
15.18
16.76
13.25
8.97
10.37
9.76
8.75
10.77
14.65
14.49
11.14
4.38
11.26
12.42
-2.28
-4.86
-1.24
-1.56
-0.1
0.48
5.56
9.68
6.66
-1.31
-0.43
-1.43
-1.41
12.67
13.46
13.44
14.37
11.49
8.05
9.06
11.5
15.9
16.82
11.31
-24.29
2.54
4.3
6.38
9.22
6.49
6.95
13.89
8.48
-0.7
9.51
11.9
10.43
10.31
12.57
13.36
8.23
-0.18
2.03
6.9
-3.58
8.95
11.66
9.07
5.05
12.09
15.92
14.41
13.01
13.69
13.34
12.37
9.23
12.73
11.92
9.21
8.93
8.71
10.34
8.39
-1.79
7.36
13.65
9.96
9.35
13.38
15.83
13.21
6.57
8
9.6
1.55
6.28
8.07
4.5
12.85
10.17
4.9
2.6
3.64
13.41
11.34
10.65
15.08
16.85
16.62
13.48
9.75
10.37
13.66
6.48
4.26
8.29
6.97
10.19
15.31
14.75
11.05
11.3
10.47
1.58
4.42
4.16
3.49
2.3
4.06
12.98
10.7
7.8
10.96
-0.79
9.03
9.46
-5.17
6.64
12.83
12.45
11.4
14.02
16.01
14.1
5.76
8.19
5.84
-0.16
5.66
11.03
8.79
3.12
-5.24
7.5
10.31
3.92
-5.39
7.43
1.95
3.23
12.09
10.74
9.75
10.99
5.92
3.56
12.63
16.42
12.33
3.79
13.01
10.23
0.98
3.12
4.1
12.2
13.53
9.27
-0.49
6.14
3.77
-5.67
2.41
-6.16
9.18
10.66
6.95
9.71
8.16
7.24
10.46
12.15
4.93
4.57
3.6
11.39
2.34
12.68
15.72
11.63
3.4
1.09
5.23
2.26
2.58
3.89
2.59
5.89
12.17
13.83
12.21
13.61
11.69
10.64
9.26
-6.06
3.25
0.83
9.63
5.25
10.94
14.55
8.64
13.03
10.52
10.05
5.9
4.27
2.5
10.77
13.68
9.41
-2.22
6.46
12.03
14.47
14.22
12.5
11.24
14.39
13.14
4.64
-5.78
7.92
8.54
-1.2
3.6
4.38
6.83
5.24
9.55
11.36
8.93
7.92
12.09
8.3
7.75
15.99
14.18
8.08
-10.54
2.12
9.7
9.87
4.23
5.99
12.72
11.76
3.08
-2.78
8.22
10.87
9.07
11.62
14.88
14.51
10.2
1.99
2.97
4.39
8.59
1.97
8.21
9.65
10.2
11.85
11.19
7.08
9.56
10.24
7.3
8.06
8.31
9.38
12.16
14.11
12.53
9.76
12.92
14.98
12.61
5.42
0.69
4.5
-9.29
-9.57
9.27
9.86
13.85
12.83
6.95
3.73
5.63
-0.69
6.45
13.02
12.1
13.07
12.55
11.2
9.89
6.28
7.13
7.57
6.71
6.86
10.87
10.23
10.3
10.81
7.84
-0.04
12.42
9.54
4.98
2.84
-8.85
3.62
2.03
5.18
12.07
12.37
3.96
6.28
5.42
14.63
18.36
14.95
6.62
1.54
3.32
-2.14
7.32
5.03
5.38
9.52
10.65
14.39
15.68
8.58
12.11
19.55
21.02
15.84
1.64
3.46
4.13
10.2
9.76
-4.04
-10.17
4.77
5.35
-0.65
6.13
6.33
3.76
6.76
13.05
11.77
9.37
10.48
8.17
5.61
0.36
1.04
-10.04
7.76
10.94
12.11
14.38
15.5
13.64
10.63
-11.32
0.93
-21.46
9.56
14.66
16.71
17.72
14.75
5.42
6.14
5.54
-0.84
4.13
9.44
11.86
12.28
10.03
11.68
14.32
14.89
13.75
10.47
8.25
9.74
8.63
11.75
8.9
3.44
11.91
13.48
11.6
10.14
11.21
8.17
-2.86
-7.25
2.93
4.48
11.85
15.21
13.34
5.73
8.87
12.68
9.47
5.99
2.85
8.97
10.47
4.04
-2.04
7.55
10.56
9.46
5.47
4.83
13.78
16.73
8.46
6.62
6.5
-8.25
5.29
6.44
2.96
2.34
5.06
3.38
2.31
3.57
8.55
7.06
5.96
9.88
14.29
13.2
5.16
12.14
13.98
11.72
2.57
2.36
9.03
9.98
0.8
4.54
4.4
9.01
10.95
12.6
12.91
11.8
6.03
14.46
7.45
9.21
13.68
10.92
0.57
-14.19
4.26
6.17
9.92
11.63
10.59
9.14
9.45
9.35
6.43
-7.8
3.19
7.13
10.19
8.54
7.97
12.16
15.53
12.5
7.06
11.33
1.91
7.25
10.88
12.02
4.08
11.04
11.13
6.02
-0.29
10
11.92
8.19
1.32
2.3
0.89
0.87
2.39
11.17
14.53
12.33
1.31
6.17
8.2
12.21
14.19
9.77
3.44
13.19
11.74
1.57
6.86
10.72
8.26
5.5
8.41
1.93
1.58
-6.85
6.93
8.07
5.16
25.71
22.1
8.06
19.7
20.99
21.27
24.12
22.37
14.12
14.87
15.43
23.78
24.92
24.23
16.55
13.58
15.48
8.33
16.16
23.73
27.66
28.53
27.52
25.51
13.84
19.18
21.44
20.51
19.3
17.99
16.31
20.31
19.75
-2.06
18.37
18.36
15.13
22.85
27.18
27.27
20.24
15.15
15.65
16.55
16.63
18.38
23.46
22.51
22.64
28.73
30.35
29.5
29.18
25.7
27.36
30.17
26.95
25.77
26.38
14.09
20.69
19.79
16.67
13.52
11.37
19.12
24.17
21.73
15.91
20.13
17.44
11.49
21.68
21.47
11.27
16.28
16.46
17.46
20
4.26
14.83
15.65
11.22
15.53
19.75
16.69
5.92
8.73
18.24
17.37
21.33
23.81
19.17
17.96
21.94
17.15
18.39
22.29
12.65
15
19.9
19.5
-2.57
21.34
23.39
21.14
19.49
17.62
20.47
15.44
6.76
10.81
16.06
17.59
24.07
24.98
17.01
15.96
22.26
24.78
19.79
16.44
20.15
11.14
16.11
19.19
12.91
9.63
17.81
19.58
26.78
27.46
22.88
15.08
22.04
28.04
26.93
17.91
12.1
17.2
21.05
18.9
22.77
24.09
14.45
20.23
25.36
30.26
31.49
27.16
10.3
17.93
11.17
15.72
24.24
25.98
16.55
19.35
21.56
24.62
29.49
28.15
23.29
13.43
22.59
25.91
25.43
23.74
22.18
12.94
18.43
21.2
16.51
23.25
19.94
19.32
25.77
18.96
16.62
20.61
23.55
26.88
26.96
19.63
21.78
17.72
16.1
24.34
23.14
23.45
24.04
23.43
21.25
17.88
14.82
15.53
19.36
12.32
20.51
24.1
22.02
7.84
18.9
20.45
20.64
21.31
17.75
17.44
20.83
17.92
14.89
18.13
14.8
22.37
26.27
27.78
21.14
7.28
13.72
25.22
29.81
28.78
23.29
11.72
2.17
22.1
26.34
19.41
18.52
23.77
25.56
26.85
22.14
10.34
20.68
23.43
23.73
19.4
15.26
25.64
25.36
23.08
21.64
17.68
20.39
26.94
26.4
22.83
11.38
19.15
18.89
16.38
21.17
22.98
24.18
26.97
24.36
20.29
23.38
21.2
26.05
26.58
21.63
23.22
24.01
21.15
17.64
9.34
21.24
20.8
3.4
5.38
23.41
26.44
25.59
20.76
7.17
14.84
13.63
15.96
21.35
22.34
24.42
26.11
22.09
23.3
25.2
23.93
19
15.25
6.65
13.58
20.64
20.8
19.21
20.28
22.67
23.64
17.98
13.58
3.43
25.41
27.73
26.49
25.58
20.78
3.59
16.17
12.89
17.98
23.56
24.38
24.33
24.41
28.17
22.01
15.9
19.53
18.65
18.53
16.01
17.69
19.29
14.66
10.86
15.92
19.08
18.31
15.53
16.58
19.3
17.79
10.73
-2.2
6.81
14.65
18.96
17.27
9.69
6.13
16.12
20.3
19.6
17
8.86
18.49
19.42
13.58
12.5
18.88
18.55
12.21
17.13
11.5
13.05
20.64
18.54
9.51
-0.04
6.6
13.47
11.97
4.5
8.82
3.7
15.97
21.61
19.51
16.8
15.72
14.99
13.45
13.58
12
1.89
12.58
12.87
10.64
11.3
11.17
14.51
15.84
12.99
11.65
2.41
5.57
1.8
-5.06
0.59
7.27
13.9
10.41
3.54
14.8
18.44
16.75
10.9
6.83
2.23
4.29
7.17
11.16
18.98
22.32
14.37
14.57
17.71
20.5
16.61
17.56
13.39
17.24
23.48
23.89
18.74
13.51
9.18
15.84
20.85
21.36
21.94
15.32
12.75
18.22
23.4
22.16
14.97
-13.45
13.22
0.2
17.55
18.14
13.43
10.42
12.86
13.73
8.81
6.06
18.15
22.16
21.15
13.74
9.62
17.75
21.07
19.93
22.4
21.16
14.08
15.39
24.3
24.09
13.84
10.67
14.87
18.72
14.52
14.85
16.53
20.21
19.12
20.38
17.38
13.73
19.61
23.36
22.66
14.86
14.89
19.25
26.35
25.24
5.4
20.24
24.47
24.53
-0.55
23.32
21.47
15.06
13.52
18.59
19.28
21.18
21.73
18.6
21.91
15.51
19.54
20.73
17.74
20.05
23.22
19.93
2.09
9.14
5.17
13.95
16.75
20.83
22.38
15.2
20.53
21.11
23.08
26.1
20.35
16.02
23.11
24.82
20.96
18.03
15.51
20.66
26.39
26
19.65
12.8
19.39
20.55
11.21
10.9
9.95
17.59
20.36
16.14
16.22
15.99
17
12.79
20.93
19.92
13.94
11.94
13.04
19.81
15.6
15.84
20.32
19.64
11.51
15.23
15.47
14.94
21.25
22.36
24.98
22.25
18.93
21.55
20.27
18.48
20.38
0.98
19.07
21.4
19.46
15.17
24.38
25.54
16.86
19.23
23.92
19.25
7.85
14.92
17.43
18.78
14.79
10.9
5.84
15.54
21.78
24.31
25.41
17.73
14.94
21.99
25.92
25.15
18.27
12.51
20.19
22.34
22.09
5.2
7.31
19.29
23.4
19.62
24.12
26.43
22.47
10.68
15.98
8.27
21.29
22.34
17.35
13.77
17.64
-2.44
14.4
19.42
20.68
19.99
9.3
22.85
21.38
20.68
21.8
18.85
18.26
17.09
23.8
26.25
21.55
25.05
22.57
17.41
22.23
24.12
26.61
26.41
23.39
22.95
20.92
12.78
4.2
14.45
11.92
15.35
19.61
22.45
23.7
22.41
12.54
12.53
21.62
23.6
21.12
21.41
23.16
20.25
15.51
15.37
20.33
21.72
23
23.44
21.66
21.82
24.04
24.95
26.02
25.93
25.03
21.34
19
4.92
19.3
19.62
15.62
12.06
21.63
18.76
7.23
15.07
16.84
18.13
16.85
8.3
16.47
21.35
21.96
16.45
14.66
17.35
12.18
17.31
23.36
21.68
20.1
24.52
25.7
22.06
20.15
21.05
18.91
14.92
10.94
14.19
14.38
19.73
21.09
18.2
19.1
18.6
9.34
15.97
20.98
20.81
16.45
15.2
13.64
12.25
7.5
17.1
20.45
14.72
18.54
22.21
17.73
10.21
14.86
13.75
12.62
15.66
14.49
-2.43
13.89
17.54
13.9
18.25
14.64
15.48
17.22
19.84
19.95
17.84
9.4
14.74
17.48
17.23
17.78
17.25
16.65
9.73
15.12
16.86
14.91
14.26
7.41
10.87
20.43
21.58
14.88
23.07
16.96
17.13
20.64
18.59
17.83
21.62
23.4
20.31
16.14
11.09
5.74
-2.89
17
20.35
15.74
8.93
18.26
20.52
17.97
18.99
19.35
15.68
10.02
13.11
19.72
17.58
12.07
11.97
12.49
16.17
18.24
20.45
14.58
6.94
4.91
14.6
20.6
20.23
15.3
13.86
13.95
19.73
21.34
16.62
12.36
3.67
2.59
12.79
17.47
17.38
14.18
1.17
15.11
-0.27
6
7.55
11.79
13.86
15.59
18.62
18.58
20.28
19.94
18.84
23.04
23.94
14.46
13.31
18.35
22.61
22.08
22.53
22.37
24.09
26.06
26.43
22.01
22.27
18.38
19.28
23.3
22.31
22.81
21.04
23.41
29.33
27.33
25.5
27.14
24.03
13.87
21.73
24.79
22.05
23.09
25.7
25.62
22.68
19.81
19.63
17.07
19.81
21.12
17.82
16.27
22.49
6.6
19.47
16.42
18.2
18.4
20.87
17.49
18.33
21.92
26.89
24.96
13.91
16.4
20.29
17.98
16.08
22.11
24.69
21.33
17.37
16.4
14.72
17.64
22.83
24.17
25.61
21.56
24.22
22.12
15.15
8.72
18.14
23.67
21.77
23.83
19.11
24.33
26.45
21.71
17.11
17.9
21.01
20.92
17
21.89
26.51
26.93
24.07
25.56
20.69
12.78
19.4
22.8
19.9
-4.71
18.84
18.34
15.26
20.64
24.28
22.13
14.46
14.5
9.04
17.93
21
25.51
23.59
24.15
24.41
13.45
19.63
26.84
27.39
22.66
13.93
15.9
8.32
23.95
31.2
27.23
17.94
23.96
15.68
19.36
25.73
28.42
28.02
27.68
29.46
25.22
15.5
11.36
15.48
15.07
18.42
13.72
28.94
35.87
33.25
23.46
13.95
23.38
27.54
23.14
19.59
14.55
13.36
13.69
19.47
23.75
23.3
26.29
22.34
3.51
2.79
13.78
26.32
29.74
23.4
22.07
22.07
11.85
33.12
39.16
34.48
17.38
16.54
15.94
20.46
20.98
13.36
-2.48
10.41
15.82
18.56
22.21
20.25
13.76
14.06
14.7
1.79
18.65
15.41
21.04
19.11
18.28
16.89
22.49
24.15
21.73
25.43
41.61
45.67
40.36
22.4
23.9
29.34
27.47
22.93
25.78
27.4
23.88
20.86
13.81
14.34
26.68
28.77
24.87
17.48
16.3
18.33
21.99
17.56
24.7
34.26
32.43
19.06
22.66
24.06
16.69
12.28
17.56
22.74
11.01
17.19
11.81
24.54
26.42
20.77
11.59
18.06
16.27
11.75
16.64
21.5
22.46
23.33
28.06
28.11
20.98
18.87
21.67
20.81
38.52
41.44
35.06
23.7
22.57
20.48
19.58
6.62
20.28
19.95
3.33
19.12
31.22
37.34
34.6
22.95
21.51
22.82
23.58
21.86
19.27
20.78
21.43
17.19
18.92
23.92
22.49
19.03
11.69
17.6
35.37
41.79
38.69
21.15
14.88
23.03
25.61
21.01
19.57
21.96
17.6
21.8
12.91
15.89
12.81
20.39
19.01
28.57
29.94
25.16
11.78
19.81
19.31
8.91
5.65
21.04
23.55
18.5
16.69
15.36
24.8
22.87
-12.58
21.68
23.74
14.85
19.53
21.37
4.47
18.15
21.9
21.82
18.82
11.03
21.36
15.75
17.98
20.37
1.39
14.97
23.65
26.72
31.35
39.23
39.95
32.83
23.79
18.52
19.76
27.67
23.15
20.51
17.35
20.53
19.74
16.53
14.37
10.44
15.01
12.04
18.74
15.75
-5.16
10.1
-2.68
19.22
21.42
18.02
24.39
24.86
23.51
20.39
14.89
17.19
19.72
14.42
29.24
37.07
36.61
29.85
23.84
19.08
2.25
17.06
18.2
10.42
24.53
31.05
25.87
19.77
24.39
19.85
19.3
12.1
21.17
20.34
11.9
22.63
22.28
13.78
17.08
19.37
23.94
20.29
18.14
18.83
19.21
23.06
23
21.26
21.79
24.49
-4.36
18.88
34.21
36.14
23.01
27.56
30.16
29.42
29.88
29.75
26.11
25.52
24.03
30.44
32.35
20.76
21.53
28.72
31.23
6.43
37.01
38.14
27.95
18.96
15.6
24.54
25.61
30.41
29.12
28.11
31.59
30.57
33.16
36.43
34.87
30.9
29.76
26.74
20.79
18.37
20.31
23.91
26.85
25.99
29.67
22.59
26.91
25.25
14.55
23.06
27.96
20.97
14.35
21.78
21.61
14.31
21.37
8.11
15.41
26.64
29.54
30.12
31.5
31.03
27.36
22.53
12.13
22.14
28.25
26.32
26.71
29.92
34.11
33.8
30.87
28.59
22.83
14.34
20.58
28.48
44.32
50.33
47.21
32.62
25.6
29.55
27.17
22.79
26.13
22.78
41.5
47.3
42.95
32.61
30
25.45
25.46
29.05
27.52
26.84
30.66
32.61
34.66
30.28
24.36
28.05
25.13
19.59
21.25
30.03
32.67
29.85
28.89
31.08
29.47
23.6
18.37
22.91
31.06
31.67
31.72
32.24
30.73
30.68
28.88
26.6
29.78
33.17
31.52
24.49
21.63
18.65
19.05
29
28.31
30.4
31.41
32.14
33.27
35.77
35.18
31.13
29.55
30.75
26.59
31.09
32.84
28.64
29.02
30.26
23.29
23.68
29.82
29.95
25.02
15.78
20.76
14.44
24.76
23.47
15.37
27.9
28.45
27.47
27.95
25.24
21.82
27.55
33.24
33.72
30.01
24.48
19.7
28.48
29.69
23.95
18.23
26.15
30.71
30.48
28.27
24.33
22.7
19.34
21.33
22.03
21.8
32.1
34.14
30.15
28.07
29.66
26.93
24.77
24.49
18.43
17.6
26.27
27.39
30.91
31.01
28.78
24.98
27.27
32.34
32.42
28.64
24.81
29.28
31.18
26.7
18.97
12.17
21.35
20.78
25.48
27.98
30.84
28.02
29.67
30.12
21.33
26.5
29.88
33.43
31.13
21.67
28.74
29.26
28.38
26.21
26.07
22.84
18.33
28.89
29.77
26.66
26.72
26.21
15.2
24.76
32.09
30.55
27.6
29.1
30.94
31.65
24.43
9.32
21.44
27.43
28.04
24.91
25.42
31.59
32.68
29.32
26.62
20.43
13.24
19.72
26.52
31.21
26.93
24.22
31.03
33.09
32.66
30.1
30.22
30.23
23.19
17.87
24.66
29.17
29.24
26.23
25.69
26.92
29.1
29.34
29.52
31.94
30.25
22.19
14.78
23.86
23.26
16.55
13.34
24.1
28.79
28.26
26.98
28.12
26.54
26.28
20.91
10.31
16.72
13.07
22.52
24.23
24.77
26.1
28.02
27.93
22.8
19.93
20.12
21.82
27.95
23.93
17.68
24.92
25.86
20.64
24.14
23.25
28.17
31.81
29.97
21.74
22.8
24.93
10.32
22.58
19.65
13.01
2.19
23.42
27.65
23.56
21.17
20.15
20.95
18.78
8.64
13.86
19
25.82
28.63
26.49
24.84
20.47
15.99
23.67
25.36
25.26
25.99
23.68
14.03
17.62
26.44
25.1
21.85
21.06
14.34
8.71
13.44
15.86
25.76
27.78
28.92
29.17
26.79
18.04
12.8
18.68
19.48
9.7
19.81
22.8
25.36
26.11
23.93
23.82
23.04
20.29
19
17.77
15.91
16.7
21.26
24.79
23.21
19.83
20.8
21.02
20.07
26.63
25.09
28.09
23.32
9.57
-5.36
15.04
20.23
26.4
29.63
27.84
23
25.38
26.24
30.3
26.66
23.06
20.76
22.63
26.55
15.21
25.77
23.54
23.7
28.02
27.31
29.53
30.02
20.64
16.03
18.51
27.42
30.01
25.83
24.69
29.18
24.55
27.88
26.6
28.68
27.2
23.52
19.75
25.04
29.52
26.14
18.62
25.66
27.41
26.81
19.61
28.17
29.78
26.78
26.2
26.35
14.35
23.15
26.63
25.38
20.51
12.36
24.49
19.62
22.91
26.54
20.4
18.67
25.39
25.75
28.12
27.11
24.93
18.72
22.4
21.9
10.28
19.23
24.87
32.93
33.04
30.56
27.63
22.98
20.5
23.34
13.31
23.29
27.86
27.99
22.45
22.88
25.25
27.54
27.97
21.83
25.39
30.05
28.75
21.74
23.43
25.13
16.24
20.39
26.24
30.23
29.55
26.58
20.67
20.81
28.57
29.05
26.73
22.63
13.08
24.5
20.68
25.18
25.81
27.3
28.82
24.44
21.92
19.07
19.8
22.42
22.85
21.16
23.98
26.38
28.92
28.92
27.79
26.36
24.61
26.37
23.84
23.56
29.19
29.01
20.94
8.26
21.26
26.63
29.34
27.95
21.32
19.95
21.74
25.33
24.41
12.46
21.52
25.82
25.21
26.21
24.14
28.66
27.54
18.55
17.88
20.3
21.41
18.9
17.78
22.17
27.32
19.74
21.75
25.83
24.38
20.77
9.08
19.73
23.97
16.36
23.66
28
24.49
19.38
16.18
9.91
14.47
16.79
13.68
19.76
21.16
25.88
25.74
24.96
27.63
27.83
26.96
21.14
20.9
20.77
22.45
23.58
17.03
15.78
19.8
21.49
25.64
25.78
22.87
21.63
22.85
22.41
21.98
31
30.68
24.94
18.58
20.21
15.65
16.83
25.4
28.07
23.53
17.21
7.75
16.52
17.12
24.49
25.64
19.23
9.29
19.58
24.14
23.2
22.14
22.29
20.95
24.46
25.41
18.95
23.21
25.45
23.31
21.65
23.99
25.35
20.51
23.67
20.12
16.96
20.83
22.92
24.77
27.65
28.59
26.08
23.61
25.76
24.51
23.98
19.47
21.92
26.36
22.63
16.9
20.85
20.51
9.63
20.83
23.61
24.36
21.74
17.47
19.02
8.03
11.21
3.65
10.24
19.31
18.2
20.76
24.91
25.94
21.06
21.42
24.07
22.01
18.26
10.73
19.4
20.41
19.27
18.75
18.86
17.26
21.02
24.16
23.91
18.78
21.16
21.68
22.22
22.12
19.16
12.05
17.85
21.96
22.78
22.88
14.65
12.51
0.56
16.43
15.12
10.15
20.27
22.43
20.21
13.55
24.85
23.86
24.88
20.72
12.03
14.65
16.28
17.59
17.24
17.4
6.95
16.96
21.69
21.76
18.85
17.45
16.48
12.44
15.52
11.28
7.8
18.9
17.34
18.35
22.74
17.69
11.36
18.4
22.03
14.2
9.55
15.81
24.41
22.46
15.84
18.45
24.99
25.96
24.22
23.61
23.44
20.6
10.2
12.64
18.22
18.81
12.62
8.77
18.36
24.66
22.95
21.25
22.38
20.65
16.67
16.33
16.29
19.66
20.47
21.78
20
12.26
10.02
14.98
8.15
9.78
15.59
8.8
19.76
27.18
25.5
16.17
8.92
9.77
16.53
16.8
8.36
21.41
24.71
21.08
10.69
15.49
14.56
17.64
22.67
23.86
24.61
22.98
22.5
21.76
15.8
13.84
20.67
17.06
19.26
21.97
15.71
3.39
10.4
17.82
25.79
28.58
26.73
21.77
14.04
19.55
22.19
11.73
13.9
19.69
24.76
24.63
20.13
20.62
22.19
23.11
20.26
26.2
27.51
17.66
14.87
17.55
14.63
18.9
11.52
8.82
18.43
14.94
18.97
14.58
25.66
29.5
27.54
22.28
16.05
22.55
19.86
14.28
18.84
23.81
25.56
21.28
15.79
20.24
18.87
11.31
15.78
19.8
21.85
24.82
24.52
16.63
8.38
17.38
19.97
24.35
23.17
17.65
23.11
23.52
14.64
14.1
17.55
18.53
21.52
23.91
25.03
23.34
18.27
13.53
22.74
22.64
21.98
22.58
23.23
23.99
23.21
22.32
20.48
12.74
11.71
15.6
22.54
19.29
12.88
15.57
15.2
19.53
21.27
12.8
16.91
19.73
18.58
10.98
15.05
22.86
23.02
25.23
22.69
21.42
25.02
18.07
11.15
15.08
19.98
13.55
11.47
17.35
15.6
12.26
9.22
-1.83
11.68
24
26.99
26.12
23.65
20.9
18.58
3.26
14.83
12.3
1.39
15.16
22.43
24.2
21.07
19.26
20.32
14.88
30.36
35.16
29.95
18.8
20.33
16.63
11.37
13.4
20.24
19.59
19.61
21.18
18.65
14.72
9.91
17.06
23.14
22.8
13.89
11.47
15.9
23.97
24.21
24.2
21.21
15.63
19.43
20.28
22.76
23.07
18.36
19.13
18.89
13.41
19.98
21.59
17.34
17.98
22.15
22.55
22.91
21.19
19.88
20.87
17.57
12.56
11.85
15.78
18.45
18.28
20.48
24.74
25.18
17.36
13.84
14.09
14.04
18.1
22.3
22.25
18.28
11.49
17.21
23.67
25.02
20.95
14.53
17.69
18.65
14.74
16.88
16.83
23.52
22.29
18.91
18.51
19.46
15.15
15.14
22.77
26.27
23.71
19.31
22.9
21.65
19.91
20.03
16.9
17.17
20.16
22.6
22.75
23.05
23.69
22.92
25.48
23.45
21.93
17.66
0.88
10.72
7.48
15.97
17.78
17.55
20.88
25.36
27.95
25.04
22.11
22.49
21.85
20.27
17.82
24.31
22.86
18.81
18.45
9.91
14.16
13.34
12.79
14.46
21.45
21.54
17.17
7.65
19.61
19.16
12.53
20.3
24.68
25.63
23.03
23.92
25.25
26.04
23.85
19.74
21.95
22.02
20.15
15.43
11.33
10.13
19.67
25.14
23.98
17.05
20.02
22.49
21.27
16.82
20.1
18.36
21.7
19.05
11.35
16.93
20.32
14.4
5.15
11.56
16.71
17.2
16.12
16.26
12.59
8.79
21.51
20.72
20.88
21.48
11.17
-4.39
13.95
17.45
17.45
18.15
14.12
16.13
8.29
12.1
10.82
20.63
23.59
22.57
18.87
18.37
19.26
21.55
14.87
0
19.37
22.6
20.84
21.63
19.94
13.69
8.82
13.16
15.34
7.99
19.5
21.03
18.65
15.41
20.35
21.67
15.36
13.32
15.3
8.4
12.77
15.83
17.68
19.04
17.95
-2.89
15.17
13.77
17.38
18.53
13.88
14.82
19.53
16.36
18.17
3.55
13.33
11.61
13.32
15.85
18.66
22.7
22.18
19.86
15.63
13.89
18.26
21.09
22.34
16.11
10.11
12.4
10.59
17.72
20.11
22.55
21.89
10.47
15.66
16.74
18.85
14.05
12.09
11.86
10.47
15.34
14.88
12.22
12.93
16.4
15.1
12.28
17.43
15.92
12.15
13.37
14.33
8.83
17.34
14.98
9.18
16.41
18.04
14.28
-0.5
13.06
17.59
22.81
21.29
16.25
14.36
8.62
18.45
17.81
7.48
10.57
15.67
16.11
15.56
14.82
9.8
6.75
10.23
17.21
16.79
10.1
5.35
12.14
0.45
11.09
13.9
11.1
20.12
20.15
13.28
16.49
19.07
16.54
15
16.26
17.74
17.34
12.74
7.37
14.53
14.66
7.91
6.82
15.06
15.94
8.28
10.8
14.89
8.89
-0.78
15.32
20.06
21.15
21.03
18.76
15.46
12.49
16.94
17.93
8.14
9.2
10.95
14.23
14.28
13.2
11.81
9.4
10.3
17.34
20.23
17.43
5.02
5.6
13.04
14.59
15.34
15.99
15.37
15.05
13.94
15.07
17.39
15.25
17.94
15.84
13.56
9.69
-1.67
13.46
20.88
21.46
12.79
13.13
17.28
20.88
21.44
7.96
14.47
13.9
12.78
12.57
9.48
-12.9
9.64
5.5
8.02
14.86
15.49
18.75
19.12
11.89
12.04
14.16
12.9
13.87
17.1
14.45
11.29
20.99
19.85
10.63
14.6
17.25
15.35
9.96
15.16
16.85
15.17
9.32
7.95
16.59
20.18
17.31
-6.26
14.74
9.32
13.97
14.99
9.29
10
7.24
11.24
7.17
11.01
17.36
16.02
4.77
12.33
13.98
7.34
2.91
12.44
20.17
17.71
11.16
9.58
15.9
15.52
6.37
17.07
19.33
12.24
15.63
19.99
14.14
18.88
16.83
3.7
16.27
11.98
-0.92
-6.26
15.94
19.33
12.5
6.96
12.79
9.48
4.97
12.03
15.33
11.62
15.14
15.7
13.75
17.51
16.97
12.05
19.36
17.46
6.42
10.96
18.85
20.6
19.15
17.98
9.25
10.67
13.72
10.71
14.65
14.88
12.3
11.01
13.78
15.75
10.54
17.75
17.27
10.25
5.18
19.38
22.47
17.69
9.34
9.59
6.79
13.65
17.54
12.14
7.69
12.24
18.55
20.45
12.69
12.15
17.98
19.18
17.37
13.26
15.42
19.96
17.75
12.46
9.35
15.07
20.19
17.28
10.85
6.64
8.65
14.69
14.32
17.57
19.18
19.51
17.06
6.77
14.44
12.01
5.61
7.02
1.97
14
12.66
5.34
0.28
10.5
9.39
13.92
0.93
7.4
11.21
16.1
21.46
24.04
20.89
16.44
16.94
16.15
16.5
19.62
20.56
13.39
13.91
20.19
21.1
10.94
15.07
20.5
19.39
16.43
20.39
21.06
13.3
3.56
6.03
14.19
17.86
18.68
11.91
10.82
18.09
18.73
19.8
16.73
6.17
12.28
3.17
14.56
18.97
16.25
19.88
22.57
21.6
21.57
19.57
7.21
19.09
20.02
12.86
8.17
13.52
9.73
10.17
9.32
1.4
8.19
7.2
3.02
10.41
15.65
17.13
11.91
11.42
9.13
14.11
20.59
20.19
13.84
7.88
6.35
8.85
16.57
20.74
17.54
6.51
14.36
-6.84
7.85
13.76
15.21
7.44
18.32
13.85
12.7
5.78
5.2
16.93
23.18
23.11
15.5
4.73
10.98
-1.67
10.92
14.63
10.82
11.22
7.56
1.27
4.75
14.92
18.01
13.64
15.45
19.21
14.98
5.08
14.88
15.29
18.33
16.82
11.76
11.26
7.64
10.92
15.16
17.16
20.47
23.24
18.65
8.77
14.44
12.89
16.49
12.74
17.89
17.43
7.7
20.66
22.13
17.99
7.69
-1.69
10.14
16.98
19.86
21.15
18.48
8.14
8.59
14.43
15.32
14.64
10.6
5.46
17.05
19.74
17.85
14.29
-2.6
17.31
17.43
16.83
16.35
12.7
15.9
10.62
10.61
13.46
2.47
13.1
19.48
18
13.41
13.16
14.97
18.69
17.75
16.74
19.3
18.68
18.19
18.44
13.85
-0.08
8.89
17.73
19.06
16.66
14.59
2.06
18.9
22.89
18.91
-5.29
6.49
13.06
14.8
14.52
6.01
10.57
11.41
13.2
13.27
15.45
15.85
17.01
17.59
15.05
11.72
15.68
14.43
13.87
16.4
16
14.87
16.42
21.58
22.98
19.62
15.57
8.79
4.59
9.44
1.07
14.74
15.63
17.81
19.8
20.03
17.21
11.98
17.75
20.41
16.92
8.25
11.48
17.22
18.06
13.96
-0.61
-4.53
11.09
13.56
2.16
11.51
11.91
14.19
18.72
17.71
15.1
16.36
20.3
19.25
6.09
13.61
17.61
16.76
7.73
14.7
14.59
5.97
9.66
15.38
12.12
9.34
9.62
18.37
20.88
14.75
15.36
12.85
11.46
17.55
10
11.81
10.36
9.51
17.51
16.85
16.88
13.67
10.24
15.75
15.19
15.67
14.8
8.02
15.81
16.38
16.6
18.81
18.62
17.4
11.66
7.84
16.41
19.88
16.5
3.82
-5.12
15.58
19.2
19.12
11.97
10.25
16.99
21.12
22.35
19.67
17.33
16.28
16.23
15.4
7.33
13.89
13.41
18.46
20.17
17.28
7.99
2.42
2.55
14.27
10.94
6.24
11.6
0.44
9.86
12.72
16.47
14.64
11.17
8.51
0.06
11.45
16.27
18.12
20.03
17.09
16.5
13.33
9.6
16.14
12.86
15.45
19.28
14.21
7.92
13.26
6.08
5.97
15.55
19.04
15.46
5.65
11.86
18.07
18.75
18.35
14.5
-6.87
13.83
13.52
0.29
15.44
17.39
0.3
5.35
9.15
13.37
17.54
22.38
19.78
5.67
0.97
6.14
12.37
14.23
5.37
14.28
14.68
9.04
14.12
14.67
14.07
2.87
17.39
18.22
14.82
6.09
13.05
18.7
19.64
13.68
13.68
18.87
17.02
9.12
11.63
15.04
10.13
15.57
17.39
11.25
11.16
16.01
15.69
11.6
15.43
12.87
4.74
13.42
16.49
19.65
19.52
14.6
-1.56
13.46
16.93
15.03
10.82
12.89
14.77
3.38
10.01
10.95
20.78
20.26
15.43
10.42
16.31
18.04
14.78
17.84
21.71
21.03
17.42
14.88
14.92
11.49
0.08
-0.08
9.56
17.4
9.25
15
16.27
7.59
5.29
14.08
18.04
14.06
10.36
12.46
16.76
15.84
10.99
9.4
5.08
-8.47
15.16
19.58
13.38
13.47
16.65
18.9
18.17
17.03
16.62
14.84
17.68
15.08
-0.35
11.76
14.91
20.87
23.45
18.51
12.2
12.03
9.36
11.4
3.09
11.27
13.5
12.56
14.97
17.65
12.65
1.57
10.9
12.19
11.43
9.23
10.98
16.81
10.24
8.19
7.03
16.03
15.26
8.68
11.47
14.04
12.91
12.95
10.47
16.17
8.98
12.93
14.62
14.1
12.17
10.27
9.97
-6.36
8.78
14.86
12.05
16.16
11.58
15.38
15.07
6.83
11.41
8.87
7.05
8.87
10.93
11.46
14.22
16.73
15.07
2.18
5.44
1.37
4.54
8.06
11.49
12.46
8.12
10.07
12.83
3.44
6.64
6.48
12.65
18.09
17.83
14.6
18.69
14.48
11.93
14.52
14.42
15.77
16.79
12.12
5.55
5.9
3.04
3.47
13.14
8.67
-4.41
11.04
1.32
9.22
2.53
13.05
14.35
17.28
15.43
7.82
9.19
12.96
15.55
13.32
7.49
12.45
14.89
13.29
-4.03
13.89
8.27
13.8
15.64
13.07
17.1
18.99
13.12
9.27
15.67
14.03
8.13
-4.51
2.88
12.79
18.42
20.1
13.55
12.65
18.18
18.93
16.48
18.72
21.46
19.12
15.8
12.48
1.37
2.87
8.9
13.95
8.81
11.57
15.8
14.95
16.06
11.87
12.32
19.38
17.3
13.9
15.87
13.32
9.51
16.29
10.19
14.47
19.53
12.27
19.18
21.64
16.48
13.25
6.89
11.26
12.81
11.12
7.76
5.64
4.89
13.72
15.89
14.86
6.09
8.92
14.37
7.83
10.07
15.97
14.59
9.06
-2.63
-4.89
9.94
9.26
10.02
13.9
16.33
12.99
15.51
14.61
13.19
11.82
5.61
17.92
19.45
16.65
13.25
14.46
13.92
9.86
5.87
10.04
11.94
14.17
15.67
15.67
14.75
7.9
6.58
12.24
5.3
10.59
4.25
5.86
6.77
12.99
14.92
10.54
12.51
11.41
11.59
-3.53
13.48
14.7
18.86
16.99
14.67
16.08
12.4
10.97
13
15.44
16.22
15.69
10.28
16.04
19.21
11.85
14.77
18.79
17.75
14.17
12.02
13.79
7.09
12.32
11.18
4.97
11.95
15.48
14.76
8.35
5.36
14.64
14.53
17.83
19.88
14.77
19.26
21.86
19.37
16.95
16.74
15.4
13.5
12.12
14.73
17.71
14.54
1.4
13.24
16.61
17.51
12.96
7.3
12.61
14.39
17.95
18.2
10.73
18.62
17.74
13.09
14.06
12.67
16.05
18.61
20.65
18.55
10.08
11.73
14.71
21.7
20.84
20.01
20.07
17.01
15.51
17.32
17.65
17.25
12.52
12.54
12.53
14.63
8.41
14.46
18.17
19.18
17.47
7.42
9.32
11.72
11.82
13.47
6.27
12.69
12.52
-0.63
14.5
6.67
14.72
19.81
20.6
16.39
-8.2
13.2
3.48
15.08
7.37
14.61
19.29
17.06
11.4
11.71
19.47
17.66
18.28
18.03
15.68
15.62
16.87
19.22
15.82
-1.49
13.48
14.1
13.04
15.99
16.69
11.71
13.15
18.43
17.05
15.47
17.48
20.51
19.78
13.94
17.24
19.06
13.95
15
20.37
18.87
12.07
5.32
0.22
6.25
12.26
16.43
19.53
10.66
13.82
13.52
8.33
12.69
13.9
12.49
15.95
14.47
10.9
12.41
7.14
7.09
3.48
9.15
15.01
17.96
15.74
10.56
15.1
14.01
13.88
17.95
14.35
6.44
14.97
15.98
18.57
20.7
19.43
13.55
6.8
9.26
13.75
6.75
0.72
7.82
14.54
15.3
12.65
14.08
10.54
7.78
12.52
16.15
17.54
14.06
4.67
8.97
11.96
9.78
16.86
20.82
18.97
15.74
11.57
-6.56
11.45
13.9
8.93
6.07
12.22
12.2
6.33
14.39
17.83
18.58
12.36
6.76
2.97
5.44
-0.87
14.16
17.43
16.3
15.26
12.75
11.39
17.67
11.28
14.55
18.32
19.97
19.38
16.19
8.98
2.04
12.15
10.26
9.88
9.48
-2.52
2.07
11.85
13.45
15.28
13.86
10.3
3.12
12.34
12.78
13.87
15.56
13.43
7.94
6.96
13.28
15.97
16.68
15.26
11.57
2.45
4.66
7.65
8.7
12.32
15.16
18.05
19.34
17.61
12.61
10.31
11.52
11.16
17.4
19.9
18.12
16.93
15.26
13.87
11.1
1.44
10.5
-8.36
11.33
11.45
3.77
6
12.33
11.06
3.43
12.86
8.69
8.78
2.44
8.05
14.28
17.22
18.42
19.12
17.92
14.7
12.42
9.56
-12.48
11.02
13.52
5.17
9.92
13.22
11.71
15.71
19.07
18.06
15.89
13.74
15.72
15.53
12.55
13.66
16.14
13.97
17.83
21.17
22.25
20.59
10.05
-0.58
5.89
10.34
17.51
17.27
5.13
5.26
7.92
0.41
-1.51
12.33
16.24
15.25
11.45
13.58
13.06
11.67
13.11
13.14
14.71
15.04
12.55
5.32
10.05
17.41
18.47
16.43
12.41
13.42
14.2
10.12
-1.14
7
11.23
15.32
13.05
14.21
18.22
13.32
-2.83
8.3
8.1
5.92
6.13
10.69
2.12
10.34
14.02
15.89
14.11
5.28
10.35
16.26
16.37
12.7
4.62
15
11.74
10.62
14.5
5.7
17.49
16.5
15.15
10.22
11.07
15.18
14.21
11.61
9.67
1.4
4.97
-2.53
4.87
11.53
-2.81
10.68
8.61
11.84
12.39
15.52
18.55
20.19
18.1
13.98
10.01
15.6
21.27
22.34
20.1
16.82
16.52
16.59
17.4
19.02
19.86
20.63
19.9
15.42
11.55
13.75
15.77
14.82
10.54
14.43
12.87
9.84
10.39
11.19
12.24
7.05
3.9
-2.45
6.92
7.28
9.32
8.3
11.02
16.62
16.86
10.9
0.44
-4.18
11.75
3.71
12.28
16.32
17.59
17.96
14.6
11.04
12.15
10.33
11.8
13.5
10.05
14.55
10.4
8.36
13.5
-1.62
15.95
17.74
13.74
1.55
-14.18
7.9
9.87
4.13
3.08
-0.35
11.64
13.67
8.68
-5
3.94
3.77
10.72
8.42
9.94
4.68
11.31
19.23
21.29
20.62
19.09
7.79
13.24
18.23
17.83
17.29
19.56
19.73
17.55
13.04
3.29
14.21
16.72
17.36
17.6
17.61
13.72
7.11
9.68
11.3
17.34
18.09
12.16
12.62
16.5
16.55
8.01
5.8
7.34
12.61
18.55
20.55
18.24
18.47
19.48
18.68
17.43
21.08
22.56
21.4
16.06
-9.47
4.16
0.87
12.95
18.32
18.41
15.71
11.28
7.31
10.43
-0.79
11.74
14.76
7.76
8.96
13.06
8.5
12.68
14.52
13.92
12.81
16.6
18.97
18.72
15.69
12.26
10.86
8.34
9.82
12
10.38
16.29
19.35
16.27
13.42
17.2
18.2
16.59
10
8.38
14.44
12.15
8.13
11.96
15.05
18.65
20.95
19.09
10.48
4.81
13.32
17.31
18.78
19.81
18.28
14.28
11.71
14.76
18.06
16.97
6.91
11.85
17.16
16.13
9.11
10.12
15.59
14.22
-0.23
10.46
13.02
12.84
13
15.22
15.05
11.1
12.87
16.65
18.65
18.15
16.22
16.53
18.26
15.3
7.07
1.57
3.15
14.33
19.39
18.54
12.14
4.96
15.8
17.79
16.88
6.7
13.5
12.78
6.77
0.11
9.97
12.75
10.41
14.48
16.69
9.37
3.01
6.51
9.7
2.81
-5.17
11.73
14.35
13.6
12.18
11.66
11.62
7.72
16.15
16.04
10.77
11.76
15.19
16.15
14.91
12.59
19.2
17.7
7.99
8.35
14.5
9.14
12.14
14.06
16.67
11.8
11.32
5.95
11.08
8.33
7.27
5.98
8.69
8.86
3.7
11.28
8.16
17.33
18.67
17.25
7.7
7.81
9.36
9.56
9.7
18.21
16.81
8.68
8
-5.76
2.1
5.64
8.97
11.77
12.14
11.78
14.59
15.89
13.7
10.69
5.88
8.44
16.15
17.24
12.78
0.42
11.05
18.46
21.33
16.56
13.7
14.91
12.57
9.82
14.43
19.07
20.03
8.59
11.89
15.93
15.48
12.48
15.05
14.98
16.51
16.12
12.54
7.57
7.35
12.67
13.47
12.16
16.56
14.19
10.11
14.83
15.45
-0.21
12.85
11.97
11.34
11.78
12.94
6.9
7.24
12.74
5.05
17.96
19.53
10.86
3.07
11.64
5.2
1.3
10.82
9.97
10.08
7.5
12.18
14.46
8.99
12.39
14.34
12.18
0.31
10.44
3.01
15.37
12.87
6.7
15.82
16.72
13.47
9.61
11.8
4.72
12.56
11.41
7.51
2.72
5.93
2.85
11.05
12.56
6.41
13.35
17.04
18.51
17.39
15.47
18.55
17.19
8.5
6.61
9.24
10.76
3.78
3.97
14.13
11.96
12.95
4.28
9.56
15.68
17.07
9.81
3.22
4.11
2
3.65
3.51
10.52
12.81
12.45
13.27
16.03
11.16
12.42
15.5
14.04
16.56
13.73
11.55
4.36
-1.16
-4.43
11.45
10.86
6.83
2.91
6.95
8.96
10.05
12.25
12.83
1.71
-0.2
5.05
4.87
11.07
11.35
7.52
7.06
-4.06
10
12.89
10.99
9.81
-5.35
8.83
18.55
18.1
13.09
11.65
12.87
13.99
8.44
1.38
11.83
8.09
10.24
11.66
5.31
-1.98
4.41
13.28
15.29
5.51
11.75
6.97
9.47
14.39
12.75
3.95
10.88
13.56
15.83
16.7
16.39
5.24
-7.26
-1.79
5.31
8.66
6.66
-2.61
-0.79
3.9
5.59
4.34
9.4
10.51
-8.6
11.54
13.78
9.58
9.55
11.36
12.93
9.84
14.05
9.54
10.65
12.39
12.7
13.46
13.49
13.9
14.55
13.7
9.67
9.64
9.89
1.73
-2.04
10.01
14.27
11.39
7.63
-1.71
8.92
5.73
5.7
10.05
12.86
15.28
15.19
12.08
11.07
9.58
-14.24
9.64
15.68
16.14
13.86
10.04
10.18
12.62
10.53
15.22
15.28
12.24
3.9
5.44
4.99
16.83
18.71
13.2
7.09
8.62
1.12
7.52
10.47
11.38
10.95
11.97
13.3
15.38
14.25
12.33
11.74
2.32
11.98
15.6
11.79
13.24
13.62
7.64
10.5
13.39
12.04
1.89
11.65
16
15.73
11.74
4.18
10.68
16.41
16.08
10.01
9.65
1.72
7.11
14.68
11
0.57
1.64
-0.88
-1.71
9.92
11.8
11.21
13.27
16
18.14
16.78
10.83
-1.53
12.26
13.1
17.74
18.42
13.26
7.39
10.55
6.57
-2.32
7.74
7.56
-3.61
-6.94
-3.88
8.97
11.81
8.13
0.12
9.99
10.97
8.44
9.39
9.83
12.32
12.93
15.11
-2.72
9.01
8.07
11.82
15.01
11.96
8.02
4.55
4.81
10.86
12
9.65
4.95
1.93
7.18
11.24
14.1
11.67
10.65
13.47
13.44
9.17
1.21
13.81
13.79
13.6
12.31
7.99
15.64
15.41
12.57
12.28
12.81
12.66
9.28
8.25
5.34
2.57
3.24
5.33
16.51
18.36
14.15
2.08
9.13
15.91
18.52
18.86
14.29
8.06
15.68
11.96
-0.29
1.17
11.43
2.97
8.31
13.16
10.89
5.93
8.84
13.19
15
14.91
14.93
13.13
15.04
15.26
0.39
14.99
18.31
14.82
8.8
8.75
-5.34
12.8
11.86
11.86
9.47
5.12
12.31
15.93
11.56
5.79
7.95
15.41
15.63
12.84
14.97
15.1
16.58
18.79
17.98
15.06
14.63
15.19
12.88
8.04
5.95
11.4
16.34
16.32
9.72
0.15
-7.81
10.13
12.32
-11.76
5.76
-0.8
6.6
10.87
12.57
7.6
-8.98
8.74
17.88
19.74
14.4
3.72
6.11
6.42
12.21
6.85
13.3
13.6
7.64
6.6
6.34
2.83
9.39
18.22
16.65
8.43
9.88
5.06
8.23
8.82
7.62
9.42
9.91
11.25
12.34
15.54
17.1
16.42
10.89
10.9
14.48
4.65
10.44
10.29
3.18
9.25
15.66
16.03
14.85
14.47
7.89
-3.3
1.02
1.19
8.64
11.61
10.13
3.9
7.04
4.36
2.56
-0.94
14.04
16.7
11.16
-0.6
12.27
15.38
4.83
4.02
10.21
11.66
8.98
11.44
13.34
3.4
8.78
11.73
7.44
7.23
7.91
8.9
13.96
11.75
12.35
11.27
6.98
7.56
12.23
-3.11
8.67
16.75
17.78
15.57
14.01
6.82
11.67
15.39
18.21
19.7
17.92
13.66
4.19
1.95
5.4
-3.43
12.96
19.31
19
12.3
4.32
9.54
4.99
10.06
6.55
2.4
6.77
12.15
12
12.16
9.82
0.78
11.73
14.82
15.08
15.78
15.64
10.07
-6.46
7.11
8.66
9.19
17.06
16.72
10.43
13.13
14.94
15.39
12.53
9.69
12.86
11.29
2.33
4.58
1.8
13.32
13.01
10.81
18.61
20.65
18.11
15.07
14.7
15.19
6.71
8.33
8.76
5.87
15.16
15.87
15.54
15.43
8.52
6.27
9.69
2.72
-0.48
9.84
13.74
15.64
11.11
15.2
19.46
20.37
16.74
7.97
0.97
9.09
12.57
12.57
5.02
6.03
12.7
10.87
7.05
0.67
-5.85
6.73
12.91
17.12
16.34
5.79
2.94
7.04
9.17
9.72
14.31
16.22
16.99
17.77
16.29
16.16
16.56
9.9
14.95
16.96
16.94
16.05
12.48
9.78
6.75
6.13
15.87
13.42
7.79
10.4
7.38
3.53
3.12
6.53
13.72
7.28
13.92
16.4
14.82
-3.54
11.6
10.26
10.04
10.47
6.61
6.79
7.54
8.93
9.9
6.62
7.68
6.2
-4.68
13.08
15.73
9.83
4.34
5.96
11.03
15.81
15.49
13.89
12.59
12.09
1.23
11.1
13.46
9.26
9.46
11.02
2.35
7.85
15.8
18.38
16.14
13.31
10.71
14.43
12.26
4.86
4.54
11.56
15.74
15.48
15.99
17.14
13.67
11.66
14.44
15.46
13.01
0.12
8.25
11.05
7.44
0.42
5.11
6.3
-2.96
-10.61
10.14
11.51
5.12
9.34
14.46
14.5
7.82
7.51
11.64
10.46
6.94
15.34
18.97
18.29
11.6
15.56
19.93
21.4
20.51
17.61
13.47
8.62
14.79
18.61
17.58
9.68
-2.04
7.65
12.28
10.74
11.72
15.33
13.24
10.14
8.15
1.65
9.49
14.18
12.96
10.71
-9.28
12.05
13.97
12.93
6.76
6.55
11.15
16.99
18.9
14.81
1.25
11.09
9.28
11.05
9.84
-0.42
-7.93
11.44
17.16
16.67
13.63
12.58
12.77
13.36
10.82
12.01
13.81
11
0.35
10.04
13.11
12.85
11.44
10.54
8.31
11.59
9.34
-7.41
10.66
13.19
14.89
14.83
15.1
11.09
1.67
4.33
10.1
14.13
15.93
6.88
4.76
11.07
13.78
12.65
7.29
-1.74
-6.75
11.25
14.76
12.54
14.59
10.61
6.57
3.99
4.82
10.97
17.28
19.52
19.58
18.89
15.76
8.98
6.92
10.66
8.97
9.26
4.73
0.01
13.26
15.2
14.67
16.15
15.97
12.96
13.25
-3.19
15.95
18.51
16.03
17.6
16.8
12.54
10.32
11.43
10.84
9.07
9.27
16.94
16.88
11.22
-4.59
14.01
15.73
9.35
-10.28
0.38
5.36
7.01
3.25
1.45
15.7
13.87
1.43
10.18
10.99
-1.54
12.16
15.14
14
12.25
-4.17
14.51
16.46
15.96
16.41
18
17.42
16.22
16.61
14.73
8.12
12.82
18.35
19.31
14.87
-2.72
7.15
6.88
6.81
5.57
2.98
6.68
9.63
13.9
17.45
18.87
17.59
17.53
16.83
6.5
11.47
14.34
17.2
17.4
15.62
4.39
7.71
14.24
15.36
12.03
13.04
13.06
9.44
0.22
12.94
13.11
10.35
12.56
12.77
12.78
5.95
0.89
6.19
7.02
11.58
11.65
12.52
6.22
15.71
14.93
12.39
14.78
14.51
12.63
10.69
8.12
15.14
17.55
16.09
13.26
14.14
14.94
11.24
6.37
1.47
13.5
17.4
17.49
12.33
9
13.09
15.71
17.74
19.47
19.05
16.36
9.9
17.33
16.66
-3.55
14.37
11.58
3.03
2.14
9.15
10.65
11.72
10.57
9.89
16.89
18.14
12.44
4.91
14.7
15.73
11.49
13.46
13.09
5.04
11.6
7.96
-1.96
10.25
13.94
12.05
3.48
6.2
12.26
12.4
7.45
8.41
7.27
4.5
-1.37
2
8.92
12.75
14.97
12.05
4.48
-0.55
10.62
16.57
14.09
9.05
-0.57
9.45
14.76
14.73
5.9
10.3
14.66
15.12
14.85
16.02
12.12
15.55
17.66
12.45
-4.4
7.2
13.11
15.96
14.02
17.2
14.93
12.67
6.92
9.71
10.18
8.84
13.17
12.48
3.84
14.34
17.29
13.84
11.49
14.9
16.98
18.94
17.16
13.33
15.49
13.77
13.58
13.76
11.1
9.7
10.22
11.6
10.09
13.47
14.94
13.11
7.56
6.74
14.23
18.94
18.49
15.59
10.8
10.8
7.43
-4.25
5.9
11.11
15.26
16.96
12.82
1.1
11.09
16.24
12.7
-11.15
9.88
11.57
3.87
3.91
11.76
10.38
2.59
1.82
1.61
11.3
14.88
11.44
13.66
11.95
11.78
16.88
17.37
16.98
6.84
11.85
11.96
