3.93
10.07
12.51
9.88
5.24
4.47
2.48
3.01
8.15
6.67
12.6
15.83
14.45
10.03
9.24
7.27
3.6
10.08
10.78
3.98
8.8
9.13
4.85
8.04
10.62
3.42
3.41
8
-4.36
7.6
11.21
10.94
11.22
6.99
2.1
8.72
-0.8
9.98
7.16
3.65
11.29
15.5
16.89
16.4
13.23
12.03
11.91
6.51
-3.45
2.5
8.29
13.62
13.97
1.17
6.77
3.88
7.78
3.01
9.01
16.79
18.12
15.08
10.35
6.18
3.8
10.48
4.33
8.97
9.04
11.42
4.58
5.73
14.23
15.1
10.18
1.14
3.32
10.15
10.78
9.73
7.8
8.02
6.74
5.37
-6.52
11.23
13.98
11.15
6.71
5.77
12.35
10.3
9.51
12.39
11.14
12.57
17.99
16.29
10.79
16.37
14.68
6.7
-4.58
10.29
14.78
11.28
9.01
11.36
12.62
15.2
18.15
18.09
13.4
10.47
8.99
6.46
6.34
9.99
11.09
9.87
10.06
7.63
6.47
9.99
8.84
11.23
13.76
12.13
6.83
-1.68
0.54
6.95
6.64
1.4
-1.3
6.73
9.54
6.15
7.34
13.98
12.61
6.46
8.59
12.4
11.58
9.58
7.93
3.98
5.84
8.08
12.16
12.71
6.71
10.26
8.4
-0.34
5.76
-0.39
8.69
8.53
5.19
11.49
-0.61
2.45
-8.85
-1
7.88
13.67
7.64
9.11
13.33
11.13
0.58
10.91
11.38
11.97
11.17
3.74
8.5
7.32
6.87
10.89
10.89
8.39
6.21
2.81
2.08
8.11
9.11
1.82
13.23
15.74
18.25
18.19
14.51
2
9.34
12.75
13.12
17.87
13.9
10.3
11.46
9.14
5.41
7.66
12.46
15.64
18.23
14.56
6.35
-0.32
8.96
0.63
7.97
7.63
8.71
7.13
4.28
7.58
10.17
14.23
12.49
0.59
6.87
8.87
6.07
4.78
-0.67
-3.41
7.44
8.2
11.24
13.07
5.01
4.73
8.96
3.27
5.66
8.83
8.9
9.46
9.32
11.2
9.9
-13.64
11.99
13
10.79
14.08
10.61
-1.46
0.53
2.27
10.44
13.82
10.38
11.99
3
2.56
-1.89
12.07
13.01
4.97
5.38
10.05
6.05
8.74
9.17
3.39
-2.96
4.77
10.23
7.85
12.61
12.61
12.55
13.75
9.73
-16.83
4.17
8.83
9.5
8.87
4.16
2.99
8.69
1.09
14.08
18.12
16.73
13.7
11.95
12.55
13.63
15.02
14.61
6.76
-5.62
4.27
11.26
12.62
3.45
12.99
14.61
8.66
7.18
13.18
9.68
4.32
4.9
5.14
11.82
12.84
13.19
12.32
8.22
4.54
4.96
-1.53
5.97
4.51
10.49
9.97
-2.56
-19.29
4.48
13.3
14.15
9.3
0.69
0.02
2.58
6.55
-2.89
7.6
5.45
8.13
7.66
14.01
16.52
15.43
9.32
-1.79
5.87
2.37
4.98
2.73
11.28
9.51
3.19
7.89
4.62
4.78
10.96
12.47
13.43
16.66
16.3
14.18
12
4.58
10.87
13.51
5.28
4.7
4.33
13.13
15.78
14.99
12.57
9.88
-4.65
2.37
-1.01
8.2
11.6
6.95
6.44
12.43
13.69
12.5
14.5
13.23
11.91
7.87
2.81
3.56
15.28
17.56
13.23
6.59
4.59
-10.31
6.48
7.54
5.94
11.26
13.24
7.23
9.09
1.52
9.85
6.32
3.55
2.22
-1.2
-9.44
-0.52
6.69
9.16
8.34
10.06
13.94
12.56
10.83
14.85
15.05
1.45
11.11
13.57
9.56
4.7
4.65
-2.87
-1.16
-3.95
8.12
13.77
13.78
13.28
10.77
4.67
12.95
14.83
14.41
11.83
13.24
11.29
8.58
6.05
4.43
13.8
11.1
13.49
12.31
10.88
11.01
4.31
5.43
11.49
13.03
8.71
8.44
11.01
11.19
12.63
12.45
8.44
12.39
9.09
10.28
9.88
1.87
10.67
8.26
5.16
1.75
-2.37
9.61
14.45
7.93
14.09
17
17.03
15.36
14.89
10.7
7.02
13.74
17.7
14.19
2.6
10.48
-2.02
1.6
6.69
10.09
8.2
10.49
14.87
17.66
15.42
4.29
3.01
12.97
16.91
18.09
17.49
10.47
6.65
11.77
5.7
9.27
4.35
9.74
10.7
0.62
13.36
18.49
18.91
13.13
0.32
5.56
5.59
5.83
8.32
13.25
13.62
12.68
13.96
13.95
13.39
11.6
7.46
1.61
2.65
3.85
5.61
13.7
15.75
14.1
11.44
3.37
3.83
7.59
9.26
9.76
9.36
6.29
9.2
12.05
9.4
6.82
5.85
10.43
14.96
16.7
14.57
7.03
-2.37
-2.61
1.28
7.15
5.01
-17.29
-6.56
-8.93
-1
2.37
2.28
-0.1
-5.67
-4.97
6.11
10.5
12.47
13.12
11.59
3.83
9.2
12.59
6.54
-12.6
1.73
8.09
9.05
10.18
12.27
13.35
10.9
-1.1
5.68
1.66
7.89
6.03
12.74
8.92
3.72
6.37
-1.72
8.75
12.9
13.1
13.28
12.94
8.16
8.96
11.05
8.94
-6.94
-6.72
7.64
10.25
6.95
9.61
10.46
7.31
8.79
10.78
8.47
10.68
5.78
9.86
13.13
8.96
10.02
8.08
3.05
-3.2
7.3
11
12.04
10.34
5.65
5.35
1.68
-15.26
6.93
12.81
7.96
5.61
12.5
11.93
12.43
12.36
7.25
3.62
2.32
-2.6
4.33
3.38
7.98
8.51
-3.16
-0.86
6.79
11.64
13.5
12.69
7.01
7.81
13.25
15.46
12.13
-4.42
3.25
-8.5
10.6
11.79
3.23
11.26
13.45
-0.33
11.28
12.57
15.26
9.75
2.93
9.04
11.63
13.78
13.29
12.32
8.55
-7.69
11.99
17.15
17.44
14.67
15.41
11.61
7.92
9.77
-0.73
-0.76
6.94
12.22
7.4
10.74
14.81
12.58
13.55
13.55
8.49
0
8.91
10.14
4.88
3.79
9.68
9.81
16.06
15.75
14.06
9.97
7.88
10.13
16.53
16.77
12.58
7.36
6.18
8.15
0.51
4.47
8.23
-0.25
2.3
8.69
14.26
12.52
6.31
4.47
8.3
10.27
12.75
14.1
15.85
17.49
18.77
15.9
9.29
8.16
8.76
11.93
11.7
3.32
6.03
14.28
16.94
15.85
12.76
12.91
12.51
13.4
12.03
13.27
16
13.15
9.09
13.08
10.67
-2.6
1.34
7.7
5.92
8.59
12.43
-9.39
11.45
13.48
11.01
11.54
13.32
11.43
7.41
8.83
3.41
10.41
11.31
8.68
8.15
-4.28
2.58
7.79
6.7
-2.51
9.95
12.8
12.83
2.13
8.43
13.74
11.14
5.74
9.19
11.49
10.58
9.72
5.08
4.42
-3.69
9.22
11.36
6.16
-1.36
5.94
6.17
-11.63
10.04
21.76
19.51
17.84
8.79
8.79
21.42
23.48
21.51
18.72
21.74
24.89
23.23
20.53
20.99
15.86
13.13
17.61
16.95
17
16.23
22.52
20.51
25.56
23.94
20.73
11.08
19.59
14.71
19.45
21.58
21.27
17.25
19.93
17.96
10.34
19.64
16.54
13.53
19.91
20.45
-2.39
14.08
6.78
9.5
18.85
23.33
14.03
14.08
11.33
25.74
25.86
22.18
19.2
5.86
19.14
23.37
21.1
13.69
7.39
22.2
24.09
22.69
20.15
14.09
10.98
21.38
24.43
16.32
17.57
21.92
23.52
20.47
16.03
20.6
14.26
16.13
15.27
14.34
15.52
22.7
26.34
24.68
14.88
19.13
22.1
22.71
19.46
20.25
22.48
18.2
17.29
20.11
17.45
23.18
26.53
25.61
22.43
19.22
15.04
18.49
20.39
23.67
25.57
20.59
14.93
9.92
21.02
19.66
16.96
22.44
23.58
16.25
3.23
17.53
23.9
19.23
15.37
12.86
20.04
16.78
18.64
22.53
20.64
16.69
16.45
22.29
23.83
22.73
24.73
22.46
18.07
6.01
12.62
4.66
26.75
30.41
26.15
20.61
12.13
17.79
21.99
17.22
13.75
21.41
25.2
24.15
20.67
24.91
26.14
27.04
24.24
26.02
25.86
21.27
20.75
20.52
12.93
17.86
24.33
24.23
21.85
22.79
22.75
20.16
12.39
21.78
22.03
8.85
21.62
27.13
28.28
25.54
17.65
15.14
21.91
19.03
20.41
23.53
20.18
20.05
20.83
19.91
19.54
18.9
22.17
5.65
15.27
22.84
29.19
29.32
27.58
23.58
10.84
11.16
15.54
17.88
14.45
14.6
18.51
20.73
16.21
17.31
22.12
25.84
28.1
29.1
28.45
23.59
10.44
10.38
13.67
17.81
19.92
18.61
20.87
18.01
23.8
28.12
24.95
20.73
6.55
23.67
22.25
18.49
23.85
26.66
25.66
16.44
16.66
21.89
16.35
18.09
23.36
18.41
16.06
17.82
12.45
-4.37
15.71
18.35
9.55
11.57
14.24
-1.61
15.46
13.09
20.7
24.41
21.21
13.62
18.82
18.15
12.64
1.04
19.99
26.23
27.2
28.1
28.38
25.23
23.23
25.08
28.5
28.13
21.38
-2.54
11.19
8.48
15.24
23.15
21.05
19.25
18.56
21.47
26.98
28.3
26.19
22.32
18.14
16.43
12.26
17.52
4.04
19.35
8.9
17.98
3.57
17.76
17.37
18.36
19.57
24.11
24.35
19.5
15.84
14.55
15.93
21.74
16.05
22.65
23.66
21.35
21.95
17.45
-6.55
12.95
12.98
-1.55
11.79
24.85
26.34
18.74
12.26
22.68
25.74
19.86
8.73
16.84
18.5
16.86
15.83
21.7
18
0.01
12.49
11.03
13.03
15.5
13.05
13.01
10.43
4.79
2.24
3.44
9.86
9.63
15.39
22.69
21.03
17.58
17.14
14.3
13.17
19.09
20.27
15.75
11.6
13.2
14
16.77
15.66
8.66
14.41
19.66
20.75
19.44
17.09
12.33
3.2
13.85
13.27
10.4
14.05
16.81
12.74
6.01
6.95
3.78
13.93
14.76
13.14
12.89
13.56
14
7.98
9.35
12.9
14.68
14.42
9.44
9.3
11.12
12.7
14.05
14.26
6.51
6.34
6.3
12.16
14.63
9.92
5.16
9.46
6.33
-1.36
-1.44
7.71
13.96
14.68
10.29
18.59
15.7
12.26
18.38
18.8
3.49
18.17
20.36
13.11
17.42
16.62
8.9
12.24
7.23
12.44
13.67
15.98
16.12
8.1
18.15
22.83
19.82
18.24
22.02
18.6
19.13
17.62
14.11
20.66
22.57
20.14
23.67
20.51
17.26
23.72
23.58
18.21
15.03
20.34
18.28
18.6
20.68
16.37
4.7
15.72
15.14
13.24
8.6
18.19
22.94
22.32
23.4
20.33
14.04
17.54
10.63
15.18
12.69
20.72
23.07
21.59
12.72
3.13
15.04
3.51
8.02
12.98
10.92
18.9
20.64
9.46
16.61
21.07
20.05
13.61
13.01
19.28
10.26
17.58
21.62
13.27
22.65
21.42
18.47
20.07
9.74
14.55
17.61
12.21
2.06
10.59
19.92
23.06
20.67
17
9.98
2.34
12.41
14.62
13.37
14.46
18.08
20.88
22.9
19.82
12.35
21.27
21.39
22.97
23.14
21.68
-4.79
23.44
25.63
25.95
24.61
19.37
20.9
17.6
-2.81
17.14
23.65
22.16
15.91
14.83
17.28
14.29
14.1
15.42
21.07
24.7
21.2
14.31
6.84
17.6
18.23
16.79
20.02
19.09
19.33
13.95
7.51
14.07
21.64
18.21
13.56
15.01
25.57
24.74
23.54
22.22
18.84
14.27
10.23
-0.39
4.04
13.71
23.56
27.11
26.56
18.53
14.31
10.82
5.97
-5.05
8.29
17.93
16.7
8.12
9.79
14.21
19.11
18.06
15.74
12.21
21.07
17.41
16.18
19.42
16.59
-5.05
18.77
23.1
23.67
19.13
15.06
21.27
23.8
23.96
23.2
20.26
9.97
-5.69
2.43
17.32
24.29
23.81
20.89
19.55
17.87
20.34
23.94
24.19
20.95
12.46
5.01
-8.41
19.06
21.92
13.94
11.02
4.37
19.13
21.09
14.21
16.96
18.39
16.96
20.29
20.3
16.74
8.17
15.7
12.9
17.26
19.5
16.22
18.1
22.1
22.99
21.25
20.6
21.95
20.33
16.03
19.91
24.22
19.82
9.79
23.03
26.57
26.13
23.88
23.06
23.83
23.97
17.69
20.53
21.69
18.57
16.82
24.69
27.15
26.46
24.6
20.49
17.44
18.37
16.82
12.61
9.77
12.43
15.96
13.86
-1.8
21.3
24.81
21.1
15.19
16.14
22.04
22.95
19.31
19.68
17.74
12.51
14.64
10.28
19.53
19.68
23.43
23.56
14.63
21.24
25.11
20.75
21.57
21.45
15.25
12.89
21.38
22.76
20.47
-2.63
21.71
23.83
21.49
15.58
11.24
13.21
12.52
13.65
22.85
22.77
14.95
17.25
21.52
22.01
17.8
20.57
22.23
25.75
26.71
23.91
14.64
19.3
18.61
14.89
14.35
6.15
12.81
21.12
25.96
27.94
23.06
7.93
18.36
15.38
17.68
18.45
16.18
9.58
14.68
18.72
16.18
15.98
21.74
21.28
13.71
17.47
17.27
18.7
19.91
20.24
15.52
8.97
2.41
15.37
16.89
13.17
15.43
14.37
6.58
17.42
19.33
18.2
9.72
13.98
19.77
20.89
21.66
19.23
8.51
3.54
5.07
7.92
12.86
16.87
20.04
21.16
22.6
24.35
25.76
24.35
22.83
12.75
7.43
-2.94
-1.55
19.05
23.22
16.46
18.62
17.96
18.94
20.59
9.78
18.49
21.41
20.58
19.5
19.11
15.49
15.18
17.77
18.61
23.22
24.22
20.01
19.65
7.44
5.76
16.66
14.53
15.86
17.83
10.42
11.65
10.62
21.2
15.31
23.22
24.26
17.71
5.22
14.88
10.86
15.22
14.84
10.63
12.56
14.01
14.24
16.2
16.87
15.57
21.79
21.54
21.94
20.15
13.91
16.46
16.92
8.05
3.7
14.09
17.8
12.99
16.16
20.16
19.47
9.89
14.65
11.46
17.56
16.56
23.75
23.49
15.57
7.13
14.86
11.21
18.11
22.35
20.76
11.18
14.97
20.42
11.01
11.99
18.58
21.66
21.61
21.08
23.19
23.35
23.34
17.59
20.94
24.97
6.71
17.73
10.72
3.83
13.85
16.66
12.93
23.08
27.96
25.66
-0.34
21.59
22.16
24.58
23.45
26.12
28.44
26.67
21.81
10.63
18.75
22.16
17.92
23.75
27.37
23.99
19.31
23.63
22.76
20.05
22.54
27.28
28.63
23.11
10.94
14.96
8.49
20.02
19.8
12.5
16.36
16.27
3.91
2.73
15.67
15.6
18.37
24.41
27.05
27.37
27.95
24.97
6.57
14.72
17.84
15.82
14.25
16.29
19.41
22.13
18.87
18.02
25.54
32.37
31.19
25.91
22.67
18.31
15.04
20.29
15.2
11.51
26.96
32.21
29.85
18.64
20.33
21.35
14
5.17
16.85
15.52
27.87
33.43
31.35
28.62
32.88
31.54
24.85
23.76
17.29
19.88
22.36
21.9
20.34
-2.73
12.44
15.63
18.46
13.93
8.03
11.48
14.05
20.48
21.32
17.26
19.32
32.81
43.35
45.07
37.57
14.62
11.67
17.74
19.72
20.61
15.28
11.67
12.29
22.33
24.77
22.01
21
18.36
19.92
18.22
12.72
20.71
26.88
27.94
23.29
7.37
11.38
18.81
19.46
19.01
31.38
42.23
43.55
35.75
8.6
19.17
17.92
16.34
20.02
17.39
16.47
22.35
21.78
17.03
9.67
17.98
2.49
17.82
20.02
21.32
20.85
20.76
25.35
30.69
30.42
25.16
18.79
24.73
25.22
25.51
25.07
24.01
27.86
24.25
23.04
25.92
23.63
21.69
14.11
23.36
23.03
19.86
17.5
20.91
26.62
27.54
19.27
21.54
20.51
17.73
27.71
40.33
44.05
38.11
21.63
20.51
24.29
22.18
18.91
20.26
19.92
10.29
24.09
25.66
24.11
34.48
35.6
24.99
15.84
6.25
22.19
22.78
16.81
-11.9
9.34
4.69
17.4
21.75
17.23
18.03
18.63
19.31
20.29
40.67
44.78
39.91
24.38
14.24
13.7
12.54
4.79
18.05
11.69
14
22.16
20.57
12.48
19.69
16.35
22.14
29.05
30.31
27.71
24.98
18.3
18.56
25.52
19.75
15.21
22.67
25.09
25.45
21.65
12.05
18.83
21.33
6.67
21.76
24.52
20.22
15.44
21.8
24.3
23.82
23.22
19.98
23.39
22.23
21.78
26.54
26.66
21.4
20.89
30.63
41.54
44.85
39.73
23.67
24.07
27.37
28.85
29.42
28.15
24.47
22.08
21.37
25.18
20.61
14.79
13.46
15.38
15.08
16.92
22.49
20.08
27.47
29.29
26.01
13.58
18.16
21.7
19.76
19.88
15.65
21.32
11.61
21.57
15.99
25.94
35.21
33.43
13.09
14.09
25.1
27.23
25.84
25.29
22.72
25.36
26.3
13.85
12.49
17.26
23.03
23.34
16.71
23.16
24.84
23.54
20.22
21.48
19.68
15.72
18.02
20.49
17.79
27.45
26.38
25.21
22.59
13.17
19.94
19.37
25.49
28.83
29.3
36.11
40.2
35.1
25.81
23.36
16.94
12.5
21.92
19.94
24.94
28.34
37.77
37.82
28.89
24.2
33.03
33.71
18.59
40.9
44.95
40.01
22.87
25.23
23.81
17.99
24.34
27.08
23.83
29.93
32.97
30.8
27.73
27.72
30.11
30.7
24.05
25.61
28.79
13.78
12.31
27.97
28.01
29.57
28.36
20.86
24.2
13.93
27.25
22.99
26.69
29.86
26.31
14.92
25.64
26.15
22.81
28.47
24.96
22.04
21.2
-1.93
25.31
24.28
18.91
16.27
12.27
18.84
21.36
21.73
21.76
24.15
17.69
25.76
30.84
30.87
26.44
18.03
30.85
46.48
51.63
47.68
31.12
15.18
28.28
22.2
17.91
22.96
40.98
48.81
47.87
36.91
26.2
28
28.1
28.22
33.16
32.1
30.85
28.45
20.04
30.13
37.04
35.51
20.17
15.86
28.5
30.18
16.24
30.97
29
25.55
25.96
27.7
33.28
27.45
30.04
31.09
26.75
25.59
12.17
24.61
25
18.36
28.34
25.79
27.76
15.89
11.78
25.6
30.63
20.9
22.1
26.1
19.51
23.83
27.67
25.05
23.68
21.47
21.39
27.63
22.04
23.62
13.57
28.64
28.81
16.82
14.26
20.19
27.73
26.5
19.56
22.32
11.48
26.33
21.46
28.48
27.36
15.07
25.74
29.23
26.11
15.83
27.43
29.02
28.9
10.56
22.33
22.39
25.01
14.25
26.66
25.69
27.37
28.27
26.59
7.09
27.37
27.6
22.51
27.52
34.52
35.15
31.83
27.59
24.98
26.39
29.69
27.33
20.1
31.14
29.93
23.45
31.41
33.78
33.66
32.78
33.44
31.46
29.21
30.09
1.59
29.36
28.73
24.47
26.27
19.49
27.58
32.11
28.34
16.61
25.63
25.25
28.5
34.31
30.9
30.86
30.77
23.82
0.82
22.12
29.27
27.85
25.42
29.14
16.66
24.64
25.17
25.37
15.47
22.78
27.54
22.91
25.23
27.51
28.11
27.59
28.26
29.09
24.92
23.34
29.1
30.5
29.27
26.49
25.95
21.85
20.71
27.32
26.87
24.28
19.53
12.04
13.53
21.8
16.63
10.37
23.88
24.05
24.54
27.28
25.31
21.39
25.32
31.48
29.21
20.98
13.8
21.97
21.42
13.14
13.75
23.28
27.42
29.8
28.01
24.43
22.04
20.24
21.53
24.93
24.31
20.77
16.46
21.22
24.61
26.77
24.22
22.56
24.89
23.95
22.06
26.99
25.15
15.46
26.06
27.16
26.89
23.89
16.06
19.33
21.82
25.3
25.3
23.01
23.71
26.4
30.76
31
29.57
30.21
28.17
27.11
28.37
25.92
22.64
24.61
16.84
13.83
18.75
25.54
24.29
4.4
24.53
28.37
24.74
19.82
22.39
23.2
18.46
21.36
26.28
28.81
29.35
26.29
22.82
24.19
24.9
17.23
21.9
21.22
23.44
13.51
23.36
24.55
17.02
14.4
10.86
17.65
20.87
18.82
23.94
23.07
22.95
27.62
28.66
24.45
23.13
24.81
17.97
13.28
17.08
23.66
24.55
18.86
16.3
13.9
12.26
23.97
25.06
23.36
21.46
11.58
17.82
21.5
22.52
22.66
19.36
15.75
23.38
25.08
26.75
24.26
18.24
13.73
15.25
20.7
19.87
28.54
24.79
22.63
25.68
31.57
32.75
27.72
27.8
33.05
32.77
26.77
16.81
19.16
21.97
28.97
31.44
29.58
15.76
22.83
24.07
26.1
28.73
30.93
30.21
25.62
20.42
20.84
28.14
29.5
24.32
28.62
33.69
32.63
28.96
28.22
26.57
25.98
29.41
31.26
29.46
20.85
30.1
32.39
31.89
27.93
26.87
29.27
31.77
32.54
31.16
22.79
21.31
25.81
21.68
23.57
23.98
13.25
29.41
29.63
29.7
30.37
28.76
22.49
21.51
30.35
32.96
30.65
27.96
24.83
23.5
22.62
19.56
11.57
24.23
29.46
31
31.23
28.97
32.96
37.22
36.28
32.37
33.42
30.77
21.87
20.15
21.39
21.77
23.77
16.95
22.02
24.58
26.98
27.23
27.9
28.19
22.39
20.98
27.54
26.96
23.4
19.82
24.34
22.56
18.49
19.74
16.58
25.34
30.02
28.42
26.76
22.79
25.16
26.94
24.1
13.57
24.67
28.72
26.61
20.13
25.14
26.24
27.12
24.5
26.73
29.36
28.6
23.03
21.05
13.43
8.61
22.15
26.43
23.22
28.61
27.65
28.03
22.99
20.4
27.3
27.38
31.04
31.27
25.86
26.17
32.12
30.24
25.97
25.8
24.02
19.65
18.19
27.06
24.5
26.17
27.57
27.06
20.42
26.78
29.29
28.27
22.99
18.33
7.99
24.67
28.98
23.75
22.52
27.83
28.3
22.95
20.13
22.02
13.32
24.68
29.74
29.13
25.59
19.26
26.14
15.71
21.61
25.71
22.53
17.95
26.12
26.05
28.55
29.99
28.97
18.65
23.86
25.9
21.14
24.34
25.95
22.75
21.45
25.54
26.09
18.26
26.7
30.02
23.85
28.64
31.23
28.53
25.37
27.54
21.76
24.89
28.2
28.26
30.68
31.07
30.56
27.32
19.54
16.59
20.09
21.16
28.98
30.78
28.42
23.34
22.32
23.65
19
8.8
16.08
17.98
17.31
20.92
22.98
14.3
14.79
9.93
16.06
19.86
24.78
24.09
22.47
20.02
22.89
27.01
27.41
22.87
19.12
23.13
26.18
25.69
20.92
14.39
9.5
11.61
17.29
17.83
22.33
28.01
28.51
26.65
23.36
12.07
21.3
26.84
26.12
18.02
10.37
17.3
20.43
23.02
22.06
21.14
21.17
20.38
21.53
20.34
16.95
18.73
23.44
26.51
25.42
20.24
18.66
19.3
17.39
13.64
13.93
8.44
19.86
25.39
24.34
21.09
20.06
17.68
15.28
12.67
19.04
21.49
22.11
22.84
22.49
18.7
13.51
17.42
15.44
0.64
19.22
24.35
22.57
17.43
14.63
19.3
21.71
17.79
19.64
22.49
23.4
19.54
16.64
22.76
25.65
25.99
14.94
15.98
19.15
17.17
15.45
18.88
22.02
23.65
24.5
22.44
11.24
23.05
25.76
22.34
17.89
13.49
13.19
15.12
15.2
14
18.1
21.56
17.83
10.3
20.56
24.78
22.29
18.16
8.31
16.99
20.91
18.7
19.31
18.15
21.97
21.95
13.92
10.88
21.2
25.39
23.88
18.47
23.13
25.05
22.32
15.73
15.73
13.09
7.09
15.9
4.77
14.5
8.95
16.69
14.75
5.87
8.27
18.08
21.54
20.79
19.74
23
23.34
25.75
29.1
28.44
21.26
14.73
23.49
24.61
23.99
20.57
-1.33
18.13
22.44
26.09
27.03
17.01
7.86
13.76
4.63
10.87
15.51
14.47
21.07
20.69
16.73
20.38
22.84
21.27
22.27
25.38
22.57
20.48
20.83
21.73
22.23
25.01
23.88
19.15
18.87
19.34
21.61
22.88
20.05
15.86
19.47
20.46
23.03
20.46
23.36
7.17
17.34
17.82
14.32
20.69
20.47
19.97
17.97
18.58
22.75
28.66
24.49
17.33
9.05
22.57
25.2
25.2
23.33
15.73
16.61
16.3
12.85
22.16
27.8
23.09
14.85
5.31
18.07
17.03
24.91
25.33
19.88
20.65
24.1
19.85
17.31
22.68
19.34
9.77
20.96
21.82
21.75
16.03
14.97
22.28
21.37
10.12
17.82
24.02
26.75
28.88
30.19
22.54
20.17
17.58
25.27
27.58
25.58
15.79
20.76
17.59
9.79
18.81
26.47
26.57
10.86
25.04
24.49
15.66
12.77
22.83
26.25
16.6
23.81
27.43
22.86
18.88
9.79
26.8
30.71
26.18
14.5
16.28
22.05
17.68
2.31
9.44
6.08
10.41
21.31
23.06
22.08
28.47
25.7
12.95
13.78
18.87
25.42
23.29
22.77
21.43
17.4
19.5
21.44
24.31
24.96
10.58
20.55
11.3
19.02
18.96
32.73
36.64
29.07
24.26
25.5
11.45
14.96
15.59
15.31
0.98
12.21
16.71
18.89
13.35
20.75
25.54
22.51
19.02
9.92
10.4
19.13
23.36
22.76
7.81
19.27
16
-3.87
17.13
19.4
20.02
21.96
22.57
22.78
20.34
16.09
14.37
8.09
13.09
18.19
12.95
10.93
19.29
20.35
20.03
20.15
19.98
18.67
16.1
18.52
22.17
22.68
25.87
26.71
25.73
21.77
17.74
21.22
18.09
15.33
13.85
19.49
20.89
21.4
18.51
20.53
24.12
23.83
21.25
17.34
1.67
22.71
23.84
18.8
15.93
22.97
25.66
20.88
4.08
15.23
16.4
20.47
21.11
15.98
9.4
9.93
4.76
-2.46
4.44
17.23
21.84
20.89
22.08
25.29
28.41
26.77
15.93
16.84
23.1
20.23
15.12
18.63
8.73
12.75
19.84
21.2
18.8
12.37
21.41
26.32
19.07
23.54
25.95
23.06
22.61
23.77
20.86
9.9
21.1
22.49
20.69
20.43
15.31
17.86
20.56
17.16
15.44
18.93
23.43
23.4
16.91
13.73
-1.68
19.63
21.17
8.64
17.3
14.55
25.26
24.06
16.1
18.48
7
15.61
11.28
14.04
15.44
17.89
13.23
-0.46
20.07
18.63
14.44
11.55
1.53
9.01
21.64
25.57
22.72
21.32
17.38
12.94
12.85
15.26
17.74
19.86
17.32
18.31
18.04
16.61
15.01
21.85
22.9
10.52
18.14
21.89
18.8
15.52
19.7
20.17
23.97
21.62
16.05
15.44
18.35
23.18
24.69
23.3
17.32
13.26
14.01
15.32
18.01
18.48
20.52
22.85
24.51
23.71
22.47
19.81
0.3
8.63
11.16
12.51
17.1
21.97
19.22
18.19
11.57
17.86
12.77
14.39
14.88
2.63
11.87
11.17
14.08
14.22
9.11
14.67
20.26
18.96
15.49
15.32
18.24
18.66
16.49
17.75
15.44
14.23
20.92
21.67
15.33
11
11.68
17.77
16.83
17.21
18.39
13.04
9.39
16.3
17.95
23.61
24.03
20.3
19.44
21.74
17.44
11.08
12.56
7.92
16.33
15.22
-4.61
14.84
15.94
19.64
21.73
17.61
7.88
1.59
5.22
17.01
21.97
20.82
14.41
11.1
15.46
17.51
12.95
14.16
15.81
13.9
10.52
14.12
17.28
12.6
4.75
12.33
12.51
7.55
3.71
10.71
13.76
13.02
15.4
11.65
4.84
10.93
8.24
14.78
18.86
17.27
10.89
15.84
18.53
14.09
7.92
13.15
13.72
13.2
8.46
6.46
5.11
12.6
17.57
20.67
21.17
21.26
22.84
23
19.77
18.24
17.04
13.01
14.09
8.49
6.65
1.17
5.24
5.81
13.77
17.35
18.92
19.93
19.27
7.07
16.36
17.92
18.21
13.53
-10.67
1.94
1.55
15.68
18.73
14.96
16.4
15.98
12.41
4.87
17.92
19.4
16.13
17
12.99
-0.41
17.94
22.86
21.44
13.41
8.37
12.44
-1.37
16.37
17.55
11.99
13.53
13.82
11.92
5.16
13.84
9.31
7.94
10.23
5.81
-6.08
16.14
19.47
19.25
19.62
17.94
9.19
12.56
17.31
19.72
22.35
20.31
13
14.1
20.03
22.37
18.78
12.92
11.85
2.46
5.71
0.12
14.29
15.22
10.3
10.17
6.07
2.27
4.04
5.16
15.39
16.65
16.21
12.85
14.23
16.17
13.16
15.35
14.35
13.8
10.03
4.73
14.25
16.04
7.18
3.77
0.45
2.25
11.97
14.76
12.62
2.88
16.81
14.99
7.62
8.15
18.36
21.04
19.99
14.71
10.89
14.17
10
5.68
1.67
-2.61
4.12
8.23
12.03
14.5
13.33
13.11
15.04
8.09
9.75
17.64
19.29
18.65
17.74
17.76
15.57
15.45
14
11.04
13.72
10.62
4.45
12.33
17
16.6
19.25
20.22
20.35
19.29
16.6
19.19
17.74
15.05
14.83
17.13
17.08
12.58
10.43
19.86
21.33
16.13
7.88
9.11
4.97
13
17.84
12.93
13.04
15.06
20.34
17.93
16.72
18.16
14.78
13.69
17.56
13.57
12.21
17.79
18.29
12.28
10.82
14.44
16.32
15.4
10.78
8.63
6.66
12.13
13.68
16.42
17.75
14.62
-0.58
13.52
18.1
14.14
11.95
13.4
18.95
20.23
15.7
12.43
19.56
22.64
18.2
5.27
9.37
16.6
19.52
19.2
15.45
9.53
8.85
13.68
15.71
12.75
20.14
18.8
16.11
16.36
-0.78
14.68
10.64
6.43
15.83
16.16
9.63
18.68
16.48
17.61
9.2
10.66
19.62
23.39
23.34
21.38
18.31
15.94
16.88
17.26
17.3
6
3.35
0.11
15.14
14.83
12.51
22
21.87
12.8
11.6
2.16
15.15
17.49
3.1
17.18
17.53
17.4
19.17
12.34
-2.94
9.93
18.4
21.53
19.57
17.17
12.57
16.3
22.35
23.12
21.11
15.45
8.42
16.1
21.7
17.03
15.37
20.25
21.41
17.78
12.19
20.51
21.48
14.53
10.68
15.54
15.48
18.44
23
23.64
22.56
17.81
11.07
13.61
16.23
16.49
16.52
14.63
16.12
17.5
21.14
21.63
14.55
15.11
16.32
18.01
19.73
20.93
20.84
20.17
16.46
16.57
18.64
16.59
13.34
17.08
16.11
3.88
9.11
17.15
16.43
12.15
13.36
13.11
10.21
8.72
8.19
10.66
8.59
8.08
11.09
11.74
17.68
17.93
14.2
9.54
11.3
15.66
16.82
14.95
12.56
6.88
9.09
16.65
15.15
18.53
19.86
14.14
12.54
9.97
10.94
14.74
13.78
13.97
12.23
7.23
13.53
15.64
18.16
15.82
-2.41
16.32
16.3
17.12
16.9
6.25
20.54
17.52
11.3
10.02
8.78
3.6
11.75
18.74
20.27
16.44
12.18
-2.36
18.81
21.56
20.9
21.32
20.09
14.98
4.88
8.54
10.74
13.68
18.99
21.19
21.49
15.15
16.3
19.43
17.95
12.19
20.28
23.58
22.19
18.87
20.23
15.97
12.36
15.84
20.8
20.48
21.17
20.89
18.42
19.57
19.44
18.14
12.69
-4.71
13.31
14.86
16.11
13.06
4.46
16.52
20.3
18.82
13.32
9.9
18.45
20.3
20.38
14.78
15.7
13.56
18.63
21.41
18.89
12.03
7.68
14.88
13.97
8.65
14.86
15.31
16.09
15.26
21.62
24.42
22.82
14.37
17.35
18.45
14.08
1.61
11.97
12.61
18.07
24.2
25.67
20.97
8.47
6.99
9.98
10.64
18
14.71
10.84
13.01
12.82
13.08
16.29
19.04
15.7
14.95
16.55
16.05
15.3
18.18
14.3
2.22
7.67
-0.7
9.1
15.05
16.95
19.29
16.47
7.96
10.98
15.08
18.26
19.81
19.1
18.01
18.42
19.31
20.24
22.11
20.13
18.02
19.58
19.77
22.23
22.89
14.16
14.81
19.65
20.88
22.57
21.78
14.32
15.08
16.92
7.44
13.63
15.78
11.57
4.24
14.54
18.06
16.03
17.99
14
13.37
15.12
9.48
9.84
13.99
15.06
14.62
11.82
8.91
8.37
9.76
-7.38
13.83
20.42
22.3
20.25
18.84
18.84
16.54
3.4
19.65
23.1
23.86
20.4
22.16
24.69
24.38
22.31
20.81
21.61
22.56
21.07
16.88
16.35
16.36
17.72
21.38
22.88
23.42
22.94
24.72
26.29
25.68
25.3
25.29
24.03
23.98
25.75
27.02
27.34
25.65
22.31
21.12
21.52
18.74
16.22
17.26
15.11
15.62
16.38
20.94
22.71
21.72
17.18
12.82
16.94
20.91
21.14
12.19
11.21
15.24
12.39
14.08
18.43
17.35
18.07
19.68
15.13
11.57
13.61
15.8
17.26
7.67
12.89
18.9
19.13
16.7
17.49
19.39
19.76
17.43
12.6
19.55
23.83
26.05
25.61
19.74
19.61
23.72
20.65
10.72
9.69
15.77
18.08
17.94
18.63
19.28
21.45
20.08
16.93
20.62
25.31
26.32
23.01
18.04
22
19.44
16.87
17.86
7.71
17.82
14.88
19.22
21.8
20.77
19.21
17.53
5.75
12.91
12.12
10.58
16.49
17.88
14.36
8.77
15.8
19.69
18.09
13.95
13.82
17.77
19.25
17.19
16.31
19.48
21.76
21.14
20.24
20.86
15.77
13.19
15.44
17.24
12.71
3.08
5.45
16.29
18.78
19.08
16.6
14.99
20.87
22.83
19.85
17.51
21.16
21.69
18.77
13.44
15.96
15.4
14.26
17.21
16.54
11.05
13.99
14.87
7.35
14.23
9.72
7.13
12.31
17.75
19.95
16.7
8.49
2.93
10.83
10.67
0.39
10.86
15.89
15.51
6.53
20.15
21.69
21.91
22.21
17.95
12.66
11.14
10.04
13.58
18.51
20.69
22.12
22.86
20.34
16.97
15.03
13.17
17.79
17.74
17.41
18.2
20.6
22.04
19.73
10.96
12.72
21.17
21.35
15.58
17.3
16.75
8.43
11.13
17.17
19.72
16.63
12.4
13.78
13.62
11.69
11.74
9.84
10.67
19.18
18.54
12.26
18.57
22.06
19.07
10.14
12.69
19.16
16.27
4.67
17.37
13.51
7.42
14.12
10.36
14.14
18.78
18.99
18.13
18.29
19.58
19.62
16.11
2.67
8.86
9.99
8.67
19.13
22.11
19.22
15.91
19.36
18.62
15.11
13.2
12.57
13.99
10.35
14.91
19.46
14.29
17.38
20.1
15.17
-1.49
17.38
21.17
17.55
8.46
20.16
18.22
4.67
1.58
13.46
14.67
14.33
18.82
16.26
12.52
17.32
15.98
17.37
15.92
10.63
9.06
10.72
12.07
20.25
21.95
11.73
16.25
18.17
6.47
17.71
21.52
17.89
4.04
14.38
12.71
5.08
12.11
18.29
14.5
4.57
12.81
10.18
7.6
15.84
19.4
21.4
20.66
19.76
20.49
19.8
17.05
10.3
16.6
13.3
5.67
14.45
14.89
10.52
11.98
14.39
3.44
17.29
20.14
13.76
15.07
19.17
19.31
15.98
8.6
17
18.72
14.78
11.15
13.81
1.92
17.34
22.23
21.64
18.71
15.35
16.47
16.2
7.11
14.6
16.12
17.92
19.76
20.85
19.64
8.02
14.79
11.55
11.25
14.78
17
19.56
16.91
5.39
14.14
16.95
10.87
12.25
13.23
-5.35
6.3
7.74
17.17
18.24
11.07
17.94
22.38
21.3
14.99
9.27
10.34
17.96
20.69
17.78
14.1
16.39
14.78
16.61
19.67
17.28
8.91
16.35
16.04
17.37
17.73
3.77
18.76
18.08
10.37
5.05
-3.05
11.17
16.41
16.68
6.24
10.61
4.51
13.44
17.88
14.48
3.39
6.82
4.16
14.69
17.6
20.25
21.13
15.84
10.29
10.59
-0.01
10.83
-3.21
13.95
15.79
11.01
6.46
7.59
2.63
18.01
20.91
20.68
16.36
2.25
7.46
-4
14.75
16.39
16.93
19.86
20.69
14.75
-8.95
9.64
9.31
9.98
17.2
19.09
19.16
18.27
14.39
-1.4
-0.29
12.51
13.93
-5.07
4.96
11.01
15.54
16.91
17.24
18.92
19.28
14.46
12.06
17.61
14.92
11.07
9.98
7.97
6.41
5.18
12.19
8.16
3.45
8.68
-4.52
11.45
13.85
1.58
7.37
5.31
13.07
20.1
19.93
12.72
4.36
-1.85
11.26
14.99
11.95
6.16
13.79
14.74
16.03
18.86
18.68
16.62
18.79
20.22
20.13
18.91
15.46
4.13
11.71
12.54
13.18
11.58
4.39
9.98
6.84
2.78
10.74
13.02
11.94
10.69
12.39
8.46
9.66
13.64
10.01
16.27
14.06
11.37
10.82
17.76
18.7
16.03
18.19
18.91
13.21
9
17.71
19.19
17.87
16.96
12.27
8.14
18.03
20.11
16.9
4.38
-0.41
1.1
8.64
13.67
15.57
14.32
12.13
14.16
7.43
4.12
12.35
16.02
13.91
11.32
4.99
1.81
12.95
11.72
6.48
11.94
12.43
9.91
11.79
10.29
-0.63
9.71
15.95
15.25
16.12
15.94
10.31
9.17
5.54
14.51
20.49
19.67
14.54
10.12
11.38
9.86
7.45
2.36
12.75
7.12
11.12
13.75
8.11
10.6
-5.86
10.25
10.11
10.85
3.52
10.85
14.15
12.7
4.68
8.44
5.87
6.79
10.57
9.15
9.37
9.53
14.72
12.89
13.65
12.74
7.29
14.13
18.09
16.9
12.47
10.48
13.38
17.99
19.1
16.37
9.66
14.65
12.28
12.17
17.06
18.09
16.2
14.87
8.64
5.01
13.81
9.97
12.75
17.25
15.66
13.9
12.97
11.27
7.45
7.5
6.26
5.46
9.92
11.52
10.29
9.89
10.2
16.58
18.37
15
8.41
10.97
3.69
8.51
10.29
10.05
13.65
14.77
15.5
15.79
18.66
18.67
14.6
12.64
15.3
13.37
9.79
-4.48
8.56
19.04
20.81
15.52
11.71
14.39
10.56
6.66
13.12
17.97
19.45
16.5
10.87
10.64
14.67
14.25
9.81
0
6
10.27
6.28
10.07
12.87
13.8
11.91
19.41
17.6
13.72
15.09
16.77
15.85
12.65
9.57
12.44
15.36
14.28
0.33
8.51
11.38
13.03
16.01
15.17
14.14
16.15
16.9
19.92
18.76
9.56
7.15
12.79
12.25
16.52
15.69
15.72
16.02
15.46
15.22
12.32
12.89
12.06
1.96
8.17
10.65
14.08
17.3
14.34
3.67
10.01
2.36
10.09
15.09
16.53
20.45
20.21
18.15
14.72
-0.74
-5.56
14.92
14.4
14.28
12.48
-5.1
8.17
15.53
15.77
11.26
10.26
11.94
13.18
12.28
11.89
3.01
12.24
12.39
13.91
2.62
15.05
13.38
9.64
13.56
16.51
16.24
11.66
4.27
6.52
13.13
13.76
11.95
5.88
10.42
13.09
8.92
13.48
12.25
15.46
14.55
-2.56
8.97
9.52
18.93
18.06
12.84
10.63
15.66
14.65
16.22
20.81
11.97
10
13.84
15.34
13.19
6.65
2.71
2.88
11.94
13.67
11.42
8.38
3.26
14.28
13.47
14.6
11.81
-6.63
17.34
18.49
6.42
14.54
16.87
18.12
13.45
10.16
12.38
5.91
18.12
17.32
14.96
11.41
7.38
8.1
17.05
14.79
2.64
8.18
9.69
8.5
0.05
4.02
7.62
8.59
1.49
5.91
10.97
12.82
7.29
8.21
13.45
4.63
5.09
9.89
11.57
6.9
5.46
6.64
6.73
15.44
11.91
15.14
16.38
14.23
15.12
17.59
13.33
6.22
14.15
13.74
0.96
-8.55
8.42
-1.47
2.38
9.17
13.52
15.48
10
9.17
12.2
11.9
10.88
11.37
16.79
16.64
14.43
9.42
10.82
13.23
10.79
14.18
15.92
14.2
12.58
12.99
9.07
11.28
15.3
7.16
-2.89
12.96
15.64
15.69
12.45
13.12
14.79
10.67
-2.71
12.28
15.9
15.21
12.65
8.35
8.63
11.98
0.86
8.99
14.79
12.37
7.06
10.41
14.08
10.68
1.12
8.16
10.89
3.88
10.68
11.63
0.97
5.98
11.95
13.16
8.8
1.55
-2.72
4.93
12.66
11.48
9.09
9.1
4.62
-11.46
2.43
4.27
5.89
14.47
17.2
18.56
16.36
10.38
9.28
15.78
13.1
9.97
11.17
9.04
7.89
7.24
8.43
6.94
7.2
-2.11
8.53
9.15
15.93
15.56
13.62
2.05
9.49
10.76
-2.63
7.46
14.8
16.23
16.27
9.51
9.45
10.84
-6.89
3.96
1.02
6.44
9.75
17.17
15.23
4.16
4.3
12.3
12.51
8.71
8.79
11.34
6.1
-4.93
3.82
9.65
9.52
15.3
18.16
18.46
16.1
12.84
9.06
-1.56
-5.4
2.67
2.28
12.33
7.55
-4.82
-1.27
7.79
0.79
10.6
9.34
13.34
13.31
2.65
16.57
14.17
6.88
8.77
10.08
6.12
3.92
2.27
11.28
19.32
18.06
15.26
14.12
10.09
0.38
4.66
10.43
7.81
-3.2
-1.19
11.49
6.18
13.26
14.41
10.15
10.62
9.89
9.59
15.05
13.24
3.05
10.18
10.71
2.38
11.42
6.44
5.69
10.51
10.71
9.73
7.86
8.02
1.74
8.91
10.58
9.11
8.54
6.08
7.38
10.1
-1.28
10.19
11.68
7.51
3.72
14.02
13.63
10.66
9.74
3.4
10.95
9.73
8.24
0.37
8.94
10.91
7.6
12.05
17.36
17.75
20.29
19.42
15.71
14.13
17.6
19.13
18.9
20.74
17.49
12.76
10.87
9.16
11.29
10.37
12.26
12.65
0.98
10.6
8.37
17.51
20.68
17.25
6.32
8.26
9.34
13.59
13.58
13.55
10.68
9.37
11.76
6.8
14.77
13.35
5.56
8.58
-2.48
-0.16
-6.75
6.39
11.37
10.58
12.77
10.72
6.04
12.05
17.88
15.66
8.94
19.08
16.16
13.54
14.17
15.33
15.54
1.7
12.25
-14.78
14.8
9.58
8.88
9.89
12
8.18
8.96
-11.89
12.66
7.31
10.6
16.57
16.54
14.99
9.86
16.21
14.51
9.26
7.44
13.22
17.54
8.71
8.12
12.1
15.91
10.1
14.33
17.62
13.86
12.56
16.35
15.96
15.41
13.45
2.78
-3.29
4.4
9.75
8.81
6.07
17.1
18.28
16.54
16.93
16.07
14.7
10.35
6.27
1.72
0.79
4.87
12.2
16.74
-5.87
15.92
12.08
13.08
9.43
5.42
9.25
10.78
18.76
19.29
12.78
10.88
14.94
9.17
6.43
2.09
7.74
6.27
7.77
2.72
9.68
5.81
15.08
2.99
4.64
-6.11
0.46
13.24
12.26
6.74
8.98
10.02
-0.59
6.7
5.94
15.5
13.13
11.14
8.15
3.68
-3.65
9.73
13.44
18.01
18.62
12.23
8.71
14.89
14.02
13.88
9.17
7.77
4.23
13.43
15.28
8.01
4.34
11.03
14.77
13.25
9.57
5.41
4.87
11.9
14.27
9.79
8.86
11.37
11.1
3.14
-5.76
10.77
14.17
17.1
16.37
15.08
16.96
15.08
10.54
14.91
17.52
11.63
10.44
8.31
-5.19
6.57
9.37
8.32
6.63
2.77
10.21
15.15
14.71
7.81
7.07
14.47
16.86
16.31
10.48
9.53
15.35
14.82
12.12
15.12
17.64
17.92
14.36
6.94
4.59
13.72
17.9
18.04
15.9
7.28
8.68
4.95
5.05
5.17
9.79
13.4
14.41
12.11
8.5
10.15
12.39
8.12
12.81
14.87
13.39
12.96
15.6
17.27
17
16.1
15.4
14
-6.71
11.56
8.58
14.12
17.93
17.43
14.24
13.78
14.42
12.8
2.44
-3.75
8.1
10.66
4.54
11.55
14.36
9.16
7.75
2.9
13.64
16.95
12.98
10.19
9.09
5.6
-1.4
-1.43
5.59
7.69
4.3
15.94
15.17
9.97
14.2
11.42
10.43
5.85
-0.4
7.44
7.62
5.39
7.37
-0.91
1.29
9.65
7.91
8.39
5.54
-9.76
-7.9
8.74
13.75
13.24
17.51
19.73
20.56
19.67
12.48
-3.35
4.81
11.52
9.55
11.97
9.51
8.63
14.9
10.15
15.17
14.06
0.12
4.64
6.9
0.52
12.96
12.92
10.26
8.58
9.59
2.36
2.35
11.07
11.02
12.45
14.09
16.97
14.53
6.35
10.94
4.98
14.64
13.85
10.02
11.34
14.16
11.73
5.99
13.97
10.76
10.72
12.96
18.77
20.58
16.04
4.79
3.13
10.46
13.8
14.57
14.66
8.72
-3.32
3.04
11.21
7.68
10.61
9.15
13.69
7.11
9.77
10.06
6.36
8.88
7.31
15.92
17.41
19.45
20.94
18.04
9.74
2.1
9.07
14.3
16.49
15.54
13.09
6.33
7.39
4.43
0.44
-1.33
9.74
11.91
7.07
6.87
8.92
12.45
15.35
14.31
9.55
4.49
5.12
2.09
4.09
8.69
6.95
2.13
-0.86
14.6
18.64
18.16
12.32
8.83
0.29
-3.98
12.22
20.07
19.55
17.09
18.66
17.88
16.47
15.15
15.21
14.36
12.24
13.07
11.57
9.96
15.28
17.26
11.34
7.87
10.66
15.33
14.76
5.78
6.31
11.21
-7.13
11.02
15.89
16.71
11.57
2.83
-5.54
-0.93
7.6
10.37
8.05
12.69
14.41
11.37
14.22
14.85
11.18
9.8
12.42
15.58
7.22
10.98
5.01
12.2
14.33
7
12.75
-5.87
14.14
17.14
18.21
16.06
10.68
15.28
13.41
5.24
11.96
16.71
15.94
1.66
6.88
5
9.77
10.54
13.26
13.2
10.03
4.84
4.72
4.72
9.61
11.18
9.1
0.55
12.4
16.12
8.98
4.84
1.69
11.67
9.83
8.38
3.71
12.54
17.31
17.16
14.03
13.73
12.45
8.33
9.53
6.82
11.77
15.64
11.74
7.44
13.89
15.73
7.8
3.36
6
3.28
13.87
12.77
11.73
18.35
15.78
7.09
6.32
2.62
9.95
14.21
13.55
4.82
-1.92
4.45
14.3
18.88
16.08
11.63
14.67
15.05
8.68
4.4
8.54
8.67
9.34
0.03
5.95
8.32
6.99
5.25
5.57
8.42
12.35
13.17
11.13
13.08
7.74
9.25
11.66
14.52
18.11
18.35
17.58
17.93
14.18
11.12
6.69
8.05
13.58
3.44
6.05
9.07
10.97
11.81
13.94
15.06
12.83
13.9
16.5
17.76
17.8
14.42
8.14
5.67
11.01
8.49
2.8
9.31
8.7
11.11
5.16
6.8
8.32
4.99
12.46
12.88
10.52
0.44
7.52
9.07
-0.48
0.86
13.94
13.75
7.66
10.74
11.7
10.83
8.98
5.1
0.49
-8.45
-4.18
5.78
11.12
11.45
12.07
14.05
14.59
12.49
8.55
1.33
11.9
15.93
15.45
12.7
13.55
13.53
12.66
11.5
11.46
13.63
8.92
6.64
4.97
7.23
-3.51
11.95
15.8
13.76
6.57
8.47
9.04
8.71
7.97
7.14
1.74
9.2
12.72
5.48
-17.85
7.71
14.5
12.43
4.53
3.38
10.52
7.94
-8.53
-13.11
1.95
-2.96
10.05
16.83
16.76
14.64
-2.36
4.51
6.46
13.12
15.01
15.21
13.42
0.29
5.76
9.01
10.49
13.53
11.53
5.81
15.78
13.12
-0.35
8.16
10.43
10.04
5.68
12.42
13.89
13.7
14.15
12.97
6.74
6.01
8.36
17.85
15.78
10.73
15.39
12.44
3.07
-4.03
14.14
14.79
7.58
11.72
14.35
11.33
0.98
8.21
0.91
-1.96
7.86
13.17
12.42
-9.71
12.26
10.26
7.2
9.33
9.06
4.25
-3.22
4.42
10.8
15.78
13.99
6.3
14.75
14.21
12.34
14.02
11.02
9.54
8.79
11.2
12.73
9.44
8.82
8.26
9.42
7.96
-0.02
8.55
10.94
7.2
15.08
15.89
10.35
-9.68
9.27
14.67
17.02
16.77
11.16
1.96
6.5
9.71
1.72
12.49
13.63
12.06
14.19
12.06
3.27
13.23
15.6
12.76
15.28
9.08
6.08
2.61
0.96
-0.55
11.21
11.72
0.76
7.79
7.55
8.88
10.83
12.11
9.77
11.52
1.3
7.54
2.3
10.39
11.13
4.95
6.05
13.43
6.67
7.57
4.65
9.36
13.85
11.02
6.09
-2.06
11.65
12.14
9.35
4.98
12.04
15.9
14.4
11.41
6.81
8.72
15.69
14.67
7.12
7.19
12.38
11.67
14.28
13.78
9.48
14.92
16.76
16.13
15.51
19.37
20.38
16.17
8.75
4.19
6.62
-4.26
10.07
10.22
10.94
14.54
19.02
15.5
1.7
6.29
11.95
-1.45
16.14
19.28
18.28
13.29
13.71
13.2
6.85
-0.21
4.15
10.57
15.28
17.23
14.38
9.24
8.43
7.32
15.98
12.36
8.55
4.29
-0.41
12.46
14.19
15.97
10.96
7.16
8.17
8
15.97
18.71
18.07
12.55
6.64
15.54
13.17
7.11
12.03
9.72
8.98
13.68
9.81
10.53
4.86
3.21
7.21
11.71
4.68
14.28
12.18
14.09
8.36
0.5
8.65
5.97
9.11
12.21
11.83
4.31
15.88
17.69
16.19
14.48
12.54
13.93
12.6
12.55
11.71
6.32
6.92
2.18
6.64
9.38
8.51
14.61
17.63
17.49
16.44
14.62
15.02
18.64
19.47
16.87
12.89
12.87
19.69
15.79
12.68
12.96
10.99
8.33
12.49
14.75
13.14
15.22
12.12
10.75
9.07
7.67
13.42
13.45
-0.01
13.79
17.74
10.63
13.9
16.81
11.64
8.72
-3.04
-0.62
12.26
9.92
4.83
14.24
16.44
17.76
14.71
4.18
5.25
13.68
16.48
17.13
16.5
11.92
8.93
-0.01
9.66
5.2
11.12
16
14.92
12.35
6.82
10.78
14.1
11.25
7.45
6.02
5.08
11.62
11.88
3.22
6.4
12.21
4.9
8.81
9.67
15.21
14.13
5.79
6.32
9.52
8.96
-0.86
6.78
11.97
16.28
14.76
16.19
18.78
17.99
15.86
5.45
15.16
18.63
19.02
16.55
13.64
8.72
-5.66
11.28
18.2
19.58
14.95
14.04
11.18
11.68
12.37
2.17
15.83
15.79
16.16
15.44
13.64
11.92
13.72
17.07
16.54
11.97
8.53
6.26
-6.91
2.08
8.58
14.87
18.86
13.52
9.89
16.28
13.41
-3.62
2.04
-8.43
6.76
11.3
17.34
17.37
9.4
14.1
13.96
3.56
8.78
7.62
13.34
12.99
6.12
-4.18
8.1
16.91
18.28
15.88
13.7
10.68
-2.42
10.35
14.21
12.28
15.13
10.25
2.57
13.94
13.12
6.81
8.26
11.71
14.84
6.04
8.37
15.48
14.46
7.72
13.29
10.56
14.59
14.33
10.58
10.26
14.63
12.91
4.91
6.75
1.91
-1.54
14.74
19.41
14.42
11.28
17
15.53
13.15
7.15
6.79
10.72
14.89
