7.74
7.34
-6.4
11.08
12.57
10.56
4.42
8.95
14.92
14.81
8.67
2.65
7.62
5.85
1.39
3.65
7.04
2.81
8.39
11.75
11.09
8.2
-3.76
10.52
10.96
12.84
14.5
11.19
2.86
10.44
7.3
10.43
17.44
17.36
10.44
-5.64
1.46
8.33
9.51
10.19
7.41
5.59
10.92
7.72
10.59
12.13
12.24
12.26
6.96
1.38
12.93
14.23
9.55
6.85
6.37
7.04
6.56
9.36
6.28
6.87
9.53
5.27
4.01
12.26
8.64
0.51
2.36
3.12
4.87
4.05
1.38
9.59
14.29
13.83
8.4
2.72
10.6
2.11
8.1
13.43
9.89
0.49
5.24
9.82
14.5
15.2
13.41
11.55
9.06
12.55
13.05
13.68
14.79
13.62
13.43
14.62
14.11
14.68
13.21
13.66
12.12
8.04
9.03
9.57
7.51
3.05
6.46
15.63
15.58
12.49
11.04
13.38
15.69
11.64
5.18
5.35
10.93
3.2
4.09
9.56
12.18
6.11
3.8
6.71
-7.72
3.07
6.87
13.82
13.64
7.81
12.99
12.07
5.33
10.47
10.82
14.77
17.44
15.79
16.45
17.16
15.08
11.85
11.51
12.74
10.71
10.82
9.15
8.06
8.05
16.04
14.88
11.87
12.37
14.31
14.14
9.3
3.58
0.33
6.83
-5.49
-3.29
8.64
11.9
13.8
13.97
10.49
-0.47
0.28
4.48
10.38
13.81
13
11.44
13.6
13.5
7.33
9.92
10.96
2.95
1.35
4.88
6.46
4.83
12.18
11.5
4.69
3.31
6.92
8.7
6.87
12.77
18.1
18.87
14.67
3.09
8.05
10.32
13.71
20.84
24.71
25.12
24.03
21.76
16.14
0.73
12.07
3.25
13.2
16.62
15.9
15.1
14.36
13.75
10.82
9.93
9.47
14.58
12.87
9.09
12.94
3.83
4.78
12.83
15.24
14.77
12.45
11.95
12.57
11.53
9.69
12.76
11.34
3.79
0.81
5.56
12
16.43
16.11
12.18
4.99
-2.01
7.19
7.04
3.03
4.45
7.44
10.7
12.58
8.14
5.29
11.55
13.29
10.03
7.79
11.08
11.71
11.78
10.4
5.56
8.41
14.07
15.39
13.97
13.08
14.17
13.99
10.63
7.9
9.92
9.79
6.7
5.24
8.17
9.43
6.92
-2.88
1.55
9.95
6.69
4.84
11.23
10.47
7.34
6.59
12.19
9.8
6.87
9
13.26
11.55
10.24
10.37
13.16
12.78
9.65
7.71
0.75
-0.39
9.25
10.22
10.46
8.85
13.24
13.03
10
10.89
13.25
13.01
11.74
9.58
8.67
10.16
8
8.85
11.39
12.62
13.16
12.22
6.04
8.05
11.42
12.97
7.68
4.96
12.02
7.62
14.09
16.78
15.03
10.26
-5.16
-3.71
4.93
9.49
5.79
-1.62
11.08
14.48
9.61
2.68
6.16
-2.47
3.92
9.93
11.21
9.04
7.19
8.81
11.38
12.12
10.72
-8.53
10.47
13.4
15.03
15.75
12.74
-11.07
10.99
1.37
12.23
14.19
12.06
9.54
4.66
-9.83
2.03
15.31
17.48
11.63
3.93
5.58
-10.92
12.05
15.73
15.73
15.41
14.2
3.07
9.18
8.35
4.76
10.77
11.38
13.03
11.25
7.67
2.49
1.41
1.61
7.89
12.92
13.8
6.02
7.63
14.91
14.51
7.32
2.43
-12.68
12.34
1.58
5.68
4.5
11.79
14.31
16.95
16.68
10.26
3.99
12.96
11.08
0.37
-3.36
0.78
7.18
7.34
7.9
6.09
-4.88
10.68
14.74
13.02
-1.14
8.67
11.46
10.04
7.74
6.36
9.22
-0.36
7.18
0.39
5.32
12.35
13.02
11.09
9.17
3.16
-0.18
-1.18
0.4
1.41
5.32
9.85
8.3
9.41
9.04
-1.48
5.79
12.37
10.19
5.46
8.79
2.76
-2.42
6.45
5.29
10.03
12.06
13.24
13.01
12.14
10.68
6.57
15.43
15.9
17.39
18.58
14.64
10.76
10.11
11.49
15.2
15.75
13.7
14.12
9.94
-1.64
-5.37
-0.34
9.32
12.41
8.58
12.96
11.4
4.64
3.27
9.76
5.02
9.13
7.6
7.97
9.02
-1.31
11.47
14.41
7.43
-2.97
4.39
6.87
11.94
13.36
8.7
7.79
9.29
8.72
9.95
10.02
13.77
16.38
11.61
-10.76
5.34
4.14
5.63
3.63
1.44
6.64
1.77
1.94
-4.52
3.97
7.13
6.66
9.19
3.74
2.62
7.26
7.48
8.32
2.32
10.6
10.14
7.63
13.66
17.18
11.55
13.76
14.36
1.77
14.08
15.04
12.43
6.95
10.11
14.29
9.96
-12.94
2.29
10.91
8.89
3.2
1.86
2.89
7.54
9.64
0.2
3.85
-7.12
8.47
12.12
2.04
7.56
8.81
-2.23
8.02
9.37
7.12
8.63
12.92
15.63
15.74
16.27
11.21
6.71
12.32
14.08
15.69
16.57
16.27
10.25
-4.1
9.19
12.73
10.49
8.6
10.23
5.27
-0.35
1.37
13.39
18.13
16.17
10.02
8.93
9.41
6.84
12.22
16.66
11.92
14.01
4.83
11.07
10.15
-6.45
10.57
12.32
12.49
11.02
9.33
10.45
8.19
11.06
13.68
2.56
9.41
7.49
0.51
11.31
16.44
16.02
13.59
8.94
8.74
10.44
13.06
12.28
12.97
16.45
13.04
8.02
6.36
2.98
-0.21
9.24
13.63
8.49
9.43
14.92
9.28
10.63
13.67
11.06
6.7
4.95
10.07
8.74
5.1
9.5
10.46
7.46
7.45
11.79
11.9
10.83
10.87
12.29
6.66
11.24
5.99
11.1
10.74
11
15.51
13.56
11.42
14.11
14.42
9.41
4.7
12.98
11.12
2.24
5.02
10.12
11.97
12.94
11.2
2.81
-3.26
0.48
5.96
0.89
9.94
4.84
-0.04
5.01
-0.6
6.91
12.28
7.81
1.4
-2.5
7.94
12.75
11.11
3.8
3.99
-1.19
3.32
4.55
-4.95
6.62
13.96
13.02
4.99
10.09
9.55
11.19
16.75
13.99
4.79
5.27
10.5
11.54
11.62
4.01
8.55
9.3
3.32
0.73
7.33
12.26
12.41
10.24
12.87
16.09
16.1
13.46
9.64
14.37
19.41
16.87
11.14
14.26
12.84
13.39
12.41
10.7
13.69
14.21
11.5
7.99
11.69
10.24
2.52
12.8
13.17
3.05
9.18
4.7
4.06
10.72
7.03
1.37
9.34
2.84
0.72
-11.01
4.38
-2.38
10.27
12.51
14.8
16.79
14.86
3.65
7.94
13.51
10.55
10.25
11.88
12.41
13.15
12.16
9.11
7.63
13.87
8.22
-7.46
3.95
12.42
10.44
2.34
3.9
4.46
0.76
5.46
10.8
9.51
1.44
11.6
15.38
14.64
11.07
8.13
4.36
0.03
9.6
7.48
19.12
13.28
4.36
16.08
13.42
10.25
6.1
22.28
24.41
20.03
11.58
23.3
18.88
20.03
20.8
18.25
17.83
17.51
14.04
2.08
19
20.21
16.25
12.88
11.18
24.65
28.6
27.2
21.05
1.75
8.49
20.62
19.22
10
18.84
11.92
16.56
22.95
26.71
26.64
22.08
22.07
19.7
17.04
3.62
20.81
24.23
25.8
27.44
28.08
24.72
20.76
22.67
22.26
22.47
13.1
18.45
9.8
17.71
21.28
21.49
12.32
21.11
20.37
8.79
13.82
21.49
20.62
12.41
1.74
18.82
15.42
16.32
14.64
7.38
10.65
9.42
6.2
15.16
4.31
18.75
22.32
21.62
21.64
28.56
29.89
27.61
23.09
19.01
20.76
24.31
24.96
24.74
28.67
29.19
27.26
26.21
24.27
13.13
8.45
3.81
15.61
12.47
16.45
7.84
16.6
22
23
15.31
9.22
20.95
25.18
25.93
24.37
17.79
16.68
25.55
27.37
26.74
25.81
23.68
20.89
19.13
11.06
17.69
20.71
19.71
17.59
23.18
19.8
17.96
22.05
19.15
24.61
29.04
28.34
18.37
11.55
10.59
15.02
15.7
8
15.87
9
17.74
24.03
26.8
28.86
31.09
31.29
28.37
22.86
4.4
19.99
21.39
20.69
23.11
27.41
28.01
23.24
14.48
21.45
18.38
-0.75
3.37
8.06
13.38
13.3
19.27
19.25
15.66
15.89
22.62
20.02
6.57
21.78
26.82
26.91
26.98
25.78
22.26
8.54
17.67
20.48
25.71
26.67
24.15
24.32
25.17
20.22
4.71
16.72
18.02
3.82
19
17.25
14.51
19.57
19.45
19.59
6.24
25.45
27.98
24.83
21.15
20.61
28.19
25.46
15.27
7.82
17.06
12.6
23.38
25.17
28.29
27.05
22.43
27.3
18.81
22.6
23.9
18.93
2.02
-0.88
14.02
12.61
17.2
20.45
19.9
16.84
17.1
17.55
14.57
14.87
1.47
20.47
19.41
11.72
16.9
21.89
22.32
16.57
12.97
15.76
18.5
14.28
15.31
19.4
7.52
22.33
22.92
23.43
21.4
17.48
16.45
25.51
24.32
7.37
20.43
7.27
21.66
25.29
26.95
26.75
25.7
14.74
19.03
18.84
21.97
21.04
16.34
14.4
18.07
23.46
24.69
16
15.44
12.68
11.28
14.99
14.22
14.28
2.06
13.14
19.73
20.83
23.62
19.72
11.36
14.13
20.37
23.89
18.19
7.01
15.76
21.33
22.65
22.33
25.72
27.53
23.6
-2.01
10.69
13.46
9.17
-5.7
12.34
14.64
7.97
15.41
12.75
19.42
24.46
22.94
20.79
16.44
16.44
19.41
18.02
13.78
16.76
17.41
17.76
17.02
15.04
14.34
14.11
15.47
18.97
18.46
15.55
18.25
16.63
2.73
5.85
13.86
13.27
9.2
-2.21
11.03
16.92
10.96
1.7
16.28
16.41
12.17
10.46
12.05
10.02
14.24
16.74
13.27
-8.56
11.63
15.8
18.61
17.63
-0.63
15.18
14.62
13.21
11.38
1.81
0.76
11.6
14.56
16.82
14.08
11.21
3.4
9.95
11.91
17.25
15.34
5.3
13.67
14.98
14.99
13.62
12.95
8.48
10.82
14.72
15.32
7.44
5.94
11.54
15.01
17.4
15.9
12.82
6.49
2.53
12.39
10.49
8.38
3.19
8.53
3.34
9.23
14.32
2.01
10.74
10.05
11.57
12.78
13.26
4.05
16.62
16.84
20.58
20.73
-8.82
16.67
16.48
18.68
15.67
15.82
18.48
13.37
20.15
5.03
16.71
21.86
22.38
18.02
10.58
9.54
13.17
21.45
21.65
22.56
21.92
23.36
25.02
21.23
10.88
15.17
22.64
24.33
22.51
19.42
21.3
20.49
18.26
20.15
20.8
20.3
19.25
14.65
8.98
15.85
20.8
23.7
25.13
23.3
16.9
21.99
19.35
16.85
23.32
20.76
17.54
24.2
19.97
18.23
18.09
5.79
14.86
14.98
12.77
10.79
5.23
18.47
23
27.25
25.77
24.65
23.87
15.05
19.88
26.55
25.08
11.67
13.41
14.91
-1.51
11.58
18.28
13.2
14.68
20.4
20.16
17.36
15.27
15.13
21.07
24.01
23.58
13.86
15.08
14.79
18.32
15.8
11.13
14.65
18.88
17.95
17.08
11.71
14.21
18.7
15.47
13.71
16.55
7.62
17.67
21.6
15.62
17.75
20.33
7.91
12.56
10.88
15.84
16.77
18.69
20.97
21.21
19.98
18.64
16.55
17.62
19.19
5.19
17.54
19.25
13.87
14.49
13.7
14.66
11.12
20.62
26.84
26.12
22.88
23.93
24.29
20.02
16.34
15.53
18.53
16.14
13.56
16.62
15.14
21.7
24.45
24.74
23.74
24.59
26.77
26.25
20.4
17.22
16.94
22.2
24.21
19.49
8.33
15.57
19.05
25.2
23.59
17.68
19.38
15.67
18.21
17.8
22.52
13.41
2.27
12.44
19.75
24.68
23.28
14.66
4.85
19.25
21.39
16.09
13.91
16.92
12.96
12.5
24.41
25.65
19.88
17.1
14.08
16.61
18.58
17.45
16.1
19.82
21.57
8.62
14.29
19.13
17.92
26.04
25.24
26.1
26.33
24.09
17.97
-0.47
22.15
25.67
18.95
20.11
10.38
16.59
17.95
19.3
24.07
25.23
25.87
5.84
25.52
21.63
18.15
12.54
15.75
19.21
12.56
9.04
17.66
20.46
18.47
23.9
21.98
24.52
28.43
23.99
20.64
22.75
20.31
22.03
19.73
19.28
14.77
18.99
13.07
21.72
24.95
22.09
24.87
25.41
19.36
17.26
20.3
19.15
15.81
19.41
20.44
19.09
19.24
17.57
16.42
20.5
21.36
19.12
21.74
16.12
4.44
16.36
18.53
17.71
19.28
24.77
27.85
27.38
25.26
23.67
16.01
16.19
18.9
9.98
16.37
20.38
22.7
20.42
20.36
23.67
22.86
16.59
12.62
1.97
16.46
11.64
13.13
12.12
8.87
12.59
17.89
21.11
15.33
16.54
14.1
20.95
20.81
14.94
10.19
14.59
11.37
15.55
18.29
15.42
13.12
16.74
15.19
15.8
24.23
23.33
15.3
5.41
18.06
18.99
13.26
13.71
19.59
21.15
19.71
12.93
5.55
14.28
18.76
10.66
7.7
10.76
17.12
16.23
14.8
16.45
11.48
17.2
19.61
17.93
15.91
12.31
14.91
21.77
20.98
18.08
22.45
20.51
18.22
20.38
22.81
24.19
24.26
24.03
19.1
15.65
11.78
12.31
18.8
14.24
10.03
13.85
13.98
9.08
20.23
22.06
23.32
22.32
19.25
16.73
17.48
22.1
22
20.91
16.57
15.21
20.4
22.24
23.87
23.4
22.08
22.37
21.7
17.07
4.85
18.19
17.57
19.52
21.6
23.56
25.41
20.66
23.58
27.38
27.85
24.79
20.88
15.83
2.52
18.99
20.68
23.24
26.79
27.27
19.65
17.24
15.25
15.83
20.68
23.54
24.91
22.94
15.55
12.51
14.68
17.87
18.31
19.1
20.81
24.51
27.8
24.75
21.35
24.46
24.98
23.89
22.13
20.47
22.74
27.48
26.55
23.02
24.05
22.57
23.45
22.24
15.57
10.24
10.68
17.45
21.29
22.44
20.87
17.71
18.15
12.7
9.92
19.22
24.81
26.12
23.18
17.35
15.21
21.14
23.22
24.07
18.58
19.93
22.14
19.15
18.56
22.34
27.95
29.44
25.29
20.33
19.82
25.03
24.47
14.02
23.23
25.13
23.75
25.19
27.17
25.39
20.95
20.4
16.44
12.66
14
15.87
13.71
21.44
17.06
19.01
21.39
19.76
20.11
22.41
23.4
23.02
19.67
5.98
20.21
22.89
20.97
19.73
0.28
22.6
21.42
8.52
19.97
17.49
15.64
24.44
22.99
14.72
23.63
27.63
25.36
13.04
12.1
21.87
23.53
17.33
14.01
22.64
28.02
24.06
28.13
28.98
19.34
21.4
28.58
27.18
22.98
25.87
25.29
23.67
28.61
28.27
25.54
29.97
33.05
29.19
19.48
19.79
11.04
10.75
23.21
24.69
27.2
31.85
33.75
27.77
20.71
26.53
27.18
28.68
24.35
18.75
23.61
18.31
11.89
8.43
12.89
8.06
12.38
8.9
20.88
21.11
21.72
28.42
29.78
23.38
6.47
12.64
28.88
42
45.46
40.92
29.45
22.76
18.33
17.51
12.33
26.04
26.58
22.37
17.35
19.44
13.73
19.04
23.22
20.28
15.37
22.22
23.25
16.16
14.17
15.71
20.43
18.33
12.48
17.02
21.5
38.92
46.31
44.85
33.86
19.78
23.96
16.98
25.45
27.51
28.14
18.9
20.91
23.37
21.52
23
22.8
4.15
25.82
26.45
26.24
8.36
26.36
25.79
27.38
23.08
16.79
20.02
17.29
20.06
22.59
29.2
31.48
27.85
27.29
25.64
18.41
15.07
16.74
11.64
16.4
16.05
7.19
14.1
11.95
22.71
28.13
27.77
26.86
17.82
15.76
16.92
26.43
38.79
43.22
39.48
28.68
22.61
14.65
20.45
24.55
8.35
22.52
19.34
23.42
33.71
38.9
36.54
29.4
23.25
15.7
7.04
15.22
21.7
21.88
15.82
18.53
22.28
15.6
19.04
21.86
24.39
21.6
31.69
41.81
42.12
34.02
21.85
14.2
24.25
21.69
23.68
28.32
22.91
14.44
15.48
6.68
16.78
15.64
13.41
16.66
23.88
27.94
26.16
21.83
28.1
25.62
25.84
26.38
20.45
17.76
20.84
26.67
24.4
22.29
26.62
23.49
20.93
18.27
18.74
22.64
27.03
24.88
19.36
17.56
12.71
19.14
17.85
19.41
20.53
14.89
27.05
23.76
12.86
24.63
40.03
43.73
38.45
22.82
16.51
22.97
14.6
18.09
17.8
15.28
10.7
18.13
20.99
22.78
21.12
23.31
20.26
15.31
18.41
21.74
19.37
14.61
14.8
24.15
23.7
18.7
20.87
25.47
26.94
19.73
16.17
21.61
24.62
21.3
26.26
28.53
21.27
18.5
21.11
21.12
19.57
21.37
21.48
8.55
27.35
32.09
26.97
24.41
27.67
22.55
8.7
9.47
10.5
14.28
18.47
24.05
24.46
21.84
21.14
24.73
19.33
25.83
25.37
17.24
22.64
24.02
25.02
22.49
22.38
21.42
19.11
26.43
38.02
41.32
36.85
26.16
12.75
15.67
17.08
20.87
21.93
21.54
31.06
37.44
34.94
19.8
17.85
29.57
31.2
24.2
23.91
15.68
34.71
33.88
27.97
27.92
24.92
14.56
15.45
20.41
21.29
24.12
28.11
35.33
37.46
34.55
29.46
26.75
27.1
26.25
17.28
26.18
32.46
32.43
30.12
29.03
26.85
27.15
26.14
19.94
23.11
16.99
24.45
28.54
23.11
18.04
18.29
21.26
25.08
20.51
25.68
24.47
19.17
11.65
27.14
28.09
19.95
10.14
25.51
28.73
25.07
26.89
21.86
23.87
29.31
28.14
20.96
30.91
27.57
26.72
41.74
48.92
47.44
36.56
20.38
19.24
20.17
26.62
26.4
27.94
43.49
47.25
41.56
20.7
24.52
23.36
21.98
19.53
18.39
21.92
25.47
28.23
17.09
34.26
36.05
27.82
12.59
22.22
23.51
22.84
20.61
16.82
22.34
23.54
17.89
28.39
24.22
28.15
31.63
25.86
19.27
24.75
20.18
16.22
22.67
22.66
26.76
30.01
25.68
19.86
30.34
30.41
22.91
27.07
18.54
21.02
24.09
9.96
20.07
32.1
32.27
18.73
19.07
18.97
18.51
22.4
27.06
30.83
31.22
28.06
28.64
29.45
29.73
28.09
24.31
23.14
28.99
31.33
33.29
33.79
31.41
23.22
20.97
22.62
20.71
19.34
22.07
22.46
10.1
17.18
-0.96
14.01
20.34
27.79
31.89
31.58
26.41
26.06
28.3
26.69
25.91
26.93
24.39
22.75
19.72
4.06
16.3
25.43
23.09
9.84
21.87
18.34
15.12
15.14
8.18
6.38
24.97
30.5
30.97
31.52
31.72
18.94
30.4
30.01
11.3
26.35
23.72
18.4
24.26
21.99
25.14
30.6
30.07
27.52
23.89
17.03
15.99
23.01
18.8
19.14
22.9
13.52
15.17
16.48
21.84
23.34
8.12
14.53
6
23.71
28.38
25.99
26.92
19.16
25.34
25.6
25.71
27.7
25.52
16.66
25.45
23.04
11.81
12.88
13.34
20.18
21.36
7.52
19.9
21.28
14.9
21.67
26.31
25.71
19.44
28.53
25.24
14.05
22.99
20.12
0.18
9.18
26.96
26.55
25.79
25.86
23.65
18.79
23.83
27.87
26.12
15.12
16.04
22.19
16.93
23.79
27.74
25.81
17.95
12.66
5.95
16.79
16.87
17.57
18.03
19.52
22.67
7.24
19.89
22.06
20.72
12.55
9.01
13.4
16.49
-0.03
24.72
27.98
25.8
21.38
21.35
18.52
23.92
23.01
23.29
16.47
9.07
13.77
23.76
26.65
21.97
19.9
25.37
26.25
21.22
22.16
20.01
22.68
24.84
14.56
24.07
22.16
24
23.33
14.56
17.04
20.88
28.06
28.45
25.95
23.44
16.01
12.95
22.59
21.84
17.19
19.04
19.08
23.03
25.75
23.97
24.38
25.43
26.47
28.06
26.04
17.32
14.66
13.97
19.38
26.78
26.79
24.75
24.27
24.18
22.51
20.27
19.56
19.37
23.2
26.41
24.54
15.02
6.63
4.73
12.48
17.09
22.96
27.89
27.74
24.38
21.92
21.26
20.11
16.41
14.27
14.43
20.84
21.77
21.2
21.18
17.37
18.56
22.79
21.76
19.19
24.68
26.33
19.68
9.98
29.38
27.75
28.09
31.94
31.52
28.82
22.12
8.05
13.41
22.95
26.62
29.61
31.01
29.17
23.85
22.11
20.84
17.9
25.6
27.01
24.15
21.75
24.33
26.97
26.36
24.18
24.14
26.3
28.16
28.35
27.64
26.94
18.86
26.54
29.61
31.12
29.48
24.1
18.81
3.68
20.04
5.8
26.48
30.68
31.92
29.13
12.67
17.78
24.35
25.53
23.6
21.88
20.32
22.59
26.65
26.18
21.19
26.71
31.81
31.97
30.29
28.87
26.64
24.52
19.64
25.34
23.81
23.35
30.05
32.87
31.77
28.73
22.9
22.77
19.96
8.02
13.25
23.86
34.08
38.22
35.12
18.68
22.87
18.83
15.41
21.67
17.57
12.4
5.55
17.2
23.27
22.42
23.2
23.76
25.9
26.97
28.29
26.43
23.33
23.28
23.57
21.6
22.94
29.32
30
25.31
24.21
22.65
16.88
20.57
20.47
26.87
27.26
22.4
22.46
27.86
28.75
26.89
25.7
29.71
30.44
27.87
26.6
24.15
24.79
27.66
28.3
26.84
26.42
27.79
27.01
23.67
21.91
24.49
25.34
25.82
22.08
16.4
22.4
25.38
23.12
21.51
22.9
16.65
16.57
14.13
3.16
16.4
18.8
21.64
25.17
27.62
30.73
32.25
30.76
28.03
25.42
18.92
5.87
21.2
26.61
23.66
13.23
18.48
23.95
24.91
23.61
23.62
17.26
7.91
13.54
20.92
25.31
22.48
25.38
28.1
25.08
19.93
23.44
19.23
22.94
24.58
20.15
22.6
25.04
17.69
14.77
17.73
2.12
20.92
25.43
27.13
27.77
27.82
27.77
27.77
24.71
15.52
5.18
14.86
21.22
14.75
27.32
27.64
24.04
23.95
18.69
15.84
21.12
19.03
10.65
14.41
13.48
19.6
17.31
20.32
19.35
19.83
20.63
20.7
21.72
19.98
9.81
17.85
25.02
27.6
27.99
24.57
18.05
18
16.61
15.3
11.7
12.77
17.45
21.15
18.14
17.37
23.68
22.94
24.9
23.75
14.46
6.24
17.51
20.42
20.56
23.14
25.94
25.95
23.93
19.31
6.99
20.27
21.38
12.21
19.25
14.06
10.72
19.26
19.92
18.04
19.65
18.27
20.3
17.09
18.04
19.35
17.68
12.4
9.91
15.56
19.05
22.77
24.73
25.4
23.03
19.37
16.61
13.75
21.05
20.88
17.35
14.79
14.79
11.62
17.48
13.38
18.93
19.26
15.53
23.26
26.04
23.94
13.3
21.93
23.71
23.41
23.08
20.41
19.39
22.52
20.13
7.07
10.63
13.83
7.13
15.9
20.79
20.54
20.93
22.29
21.87
21.1
20.38
19.2
19.05
19.68
19.68
24.02
23.01
24.92
25.57
18.33
13.58
14.51
13.04
14.82
11.92
14.92
5.69
15.73
10.5
14.78
14.09
6.16
5.36
6.94
12.82
14.65
15.97
15.19
14.71
18.16
17.69
17.36
18.78
11.15
16.28
20.7
22.46
22.22
16.43
9.55
16.34
22.61
17.89
22.36
23.53
17.39
13.34
14.4
4.03
15.51
20.55
23.65
23.05
19.71
10.79
18.62
20.16
17.19
13.47
16.68
12.04
14.31
18.62
18.81
20.2
19.14
20.79
16.57
12.56
14.29
8.41
14.91
21.45
23.18
20.61
6.97
15.76
12.53
13.17
15.21
12.53
-0.14
18.13
24.2
23.06
19.05
15.72
15.99
23.13
21.67
9.23
16.59
19.87
20.93
25.55
26.61
24.69
22.37
17.68
16.48
18.1
18.73
22.12
24.09
22.35
20.23
12.5
13.55
10.21
17.6
11.62
14.93
11.5
13.26
19.03
17.52
9.1
13.72
17.25
25.08
22.9
22.09
21.07
16.31
11.07
-0.53
15.71
15.65
16.1
20.64
18.48
18.31
22.95
18.62
22.42
26.98
25.32
19.79
11.57
7.85
9.92
15.89
13.6
18.2
19.91
22.19
24.38
23.4
24.8
21.29
12.99
11.29
-0.19
15.18
19.84
20.79
23.76
23.68
6.91
25.25
25.65
18.92
20.37
18.08
16.87
23.03
23.7
20.02
20.91
20.95
13.2
17.11
21.51
24.12
27.03
24.04
17.12
17.35
11.14
9.8
17.93
22.02
22.75
19.72
7.58
17.37
21.81
18.07
16.94
20.54
23.01
22.54
21.85
20.16
21.66
26.32
22.79
17.6
23.22
19.98
17.83
19.2
19.11
14.91
15.04
14.46
12.27
10.09
18.88
24.9
25.3
17.53
22.24
21.75
15.89
16.34
13.55
13.25
10.84
11.53
13.2
17.52
19.01
16.57
21.28
24.67
25.9
26.71
25.95
21.08
22.61
35.51
38.92
35.23
25.11
22.08
21.98
16.81
-5.29
18.09
21.32
22.37
24.74
25.24
23.91
20.63
18.98
21.48
19.79
13.93
16.09
22.58
23.62
22.14
20.93
19.64
18.13
16.24
17.13
14.77
14.94
17.39
15.64
15.67
18.23
21.11
22.65
18.07
15.64
18.06
12.57
8.02
14.81
13.83
20.12
22.45
24.08
22.74
16.01
5.24
12.67
17.37
20.02
13.88
17.97
18.66
15.53
15.92
19.55
20.03
13.91
15.76
17.92
17.89
21.19
24.68
25.97
25.63
23.29
17.49
14.89
18.02
24.01
24.05
15.96
5
12.69
10.55
16.56
13.17
14.45
16.71
17.12
19.55
15.39
4.15
11.55
16.2
14.91
14.6
19.37
20.65
18.76
12.26
11.27
15.17
15.25
13.8
12.06
1.63
8.03
19.92
25.08
26.08
22.3
13.25
5.25
17.01
19.83
16.64
6.07
16.94
19.47
15.02
11.15
17.23
16.4
17.49
7.56
13.62
17.5
19.44
20.94
21.47
19.63
13.25
13.93
15.63
18.64
16.85
8.9
11.07
15.83
17.38
17.29
17.84
19.17
19.58
17.75
13.94
10
18.99
21.45
19.66
16.15
7.37
20.09
19.14
18.3
20.89
20.76
17.37
9.98
11.88
1.91
12.03
19.11
22.25
19.86
14.37
17.3
18.04
8.36
13.67
20.99
21.34
20.79
17.93
19.48
23.76
26
26.63
22.58
17.55
23.82
25.19
24.89
19.54
14.38
10.57
6.71
6.34
3.02
0.34
9.83
13.27
15.06
20.19
20.87
20.27
20.85
20.28
18.3
19.17
19.19
14.45
-4.51
15.84
14.9
4.01
12.51
19.46
17.19
17.62
15.52
5.44
12.91
19.01
17.67
8.79
14.69
16.49
12.04
12.64
14.99
16.13
13.22
11.94
12.85
16.22
19.97
19.69
7.32
15.51
19.26
20.49
20.42
18.45
11.57
20.89
18.35
14.9
18.83
18.54
23.1
25.04
23.79
19.95
14.14
16.65
14.55
15.3
22.45
25.2
27.5
26.35
22.89
18.64
15.91
17.85
9.24
14.4
10.65
8.65
11.63
11.38
13.46
13.79
18.94
19.29
18.29
15.95
14.73
15.43
15.26
9.27
16.28
19.84
15.8
5.13
2.33
12.54
17.99
14.79
9.1
17.94
20.82
14.5
13.36
17.33
18.43
15.3
11.31
16.96
16.58
16.11
23.11
22.34
14.44
6.85
2.57
8.07
19.29
23.09
21.58
16.65
6.67
3.61
5
10.05
17.39
18.23
12.37
12.55
13.77
17.48
18.42
17.96
16.8
16.01
8.23
-1.66
10.76
14.59
11.24
12.53
4.75
0.52
7.44
15.02
11.17
2.11
-7.77
14.43
17.58
12.64
8.34
5.62
10.88
16.77
19.15
18.9
17.11
13.98
15.06
7.47
11.96
14.49
14.54
14.41
7.45
12.82
16.83
13.19
18.02
20.47
20.82
13.79
10.38
14.56
15.69
17.35
23.58
23.86
18.15
15.43
13.17
6.61
13.28
18.47
21.77
20.46
19.09
15.43
15.11
19.12
18.89
15.04
0.58
14.34
15.82
15.04
6.01
10.1
15.56
16.87
17.79
17.7
14.59
13.76
13.02
10.29
14.47
18.16
17.49
12.76
15.2
16.56
15.83
17.01
11.54
8.26
10.26
19.62
20.38
15.58
18.04
17.18
8.41
14.36
15
15.17
18.23
18.31
18.2
16.6
12.19
16.72
16.59
14.71
13.67
15.58
16.95
17.49
16.41
7.72
3.29
-7.25
14.26
17.58
17.34
14.5
7.4
13.75
17.96
18.17
15.85
13.48
5.82
6.94
18.9
22.47
22.75
18.09
18.74
20.94
10.96
12.99
19.97
23.69
21.71
8.92
15.07
19.51
18.23
16.21
11.76
8.41
15.56
14.15
16.42
16.99
-8.11
17.34
17.27
8.67
-11.58
-3.21
3.35
15.25
21.39
20.9
8.63
15.79
20.77
21.79
21.18
17.09
14.25
16.94
12.15
15.2
18.49
18.54
20.93
21.09
19.16
21.32
16.99
7.6
2.61
3.09
16.18
13
13.53
19.35
18.29
19.39
12.49
15.66
21.55
20.99
19.68
19.96
11.83
7.39
10.36
4.93
13.5
15.5
17.25
20.32
16.31
16.66
20.58
18.93
15.98
16.49
8.63
18.52
19.97
17.49
-1.13
14.96
16.71
9.76
15.14
20.42
18.18
18.17
20.49
21.96
20.13
15.03
13.5
17.35
17.42
12.95
13.07
15.33
14.52
5.2
16.75
18.58
8.06
22.54
26.04
25.83
18.92
6.4
6.22
4.12
13.04
22.01
25.33
22.55
11.65
14.99
16.13
14.93
17.93
21.85
21.99
20.05
23.27
23.76
23.3
24.8
20.89
19.96
23.86
25.26
23.76
16.7
12.53
3.16
9.17
12.57
16.92
18.58
18.29
14.96
8.16
18.49
13
10.12
17.53
18.91
18.74
20.35
19.2
13.6
1.93
17.97
23.17
22.42
12.76
15.84
21.14
17.07
-3.68
8.01
1.08
13.32
22.09
23
19.29
19.41
17.73
12.11
16.89
15.36
10.04
14.83
18.03
11.65
16.33
18.2
11.27
16.82
12.66
14.02
17.98
19.83
20.15
17.11
16.15
20.19
22.34
21.16
2.51
17.65
14.86
10.36
14.36
14.37
10.83
9.23
11.39
7.55
6.22
12.59
12.32
5.83
17.45
14.42
11.28
14.6
12.77
20.73
19.74
19.61
20.39
17.76
8.44
0.91
7.69
14.78
15.43
12.71
15.34
14.78
14.15
10.83
10.15
14.11
23.19
22.61
23.7
20.18
8.12
5.72
13.7
10.27
20.08
17.47
22.65
22.46
16.88
16.27
22.27
21.24
20.46
20.49
21.08
18.16
10.94
14.31
19.49
17.53
12.53
18.69
22.34
20.95
0.36
14.98
12.15
11.55
15.49
15.83
17.58
18.84
18.23
18.54
19.44
12.75
21.41
26.94
24.83
19.84
18.32
17.72
14.74
14.95
16.16
12.73
12.83
16.47
19.1
18.48
18.46
18.8
10.6
15.78
21.01
14.26
14.36
15.84
19.1
13.35
19.12
21.58
16.52
18.33
24.34
24.78
20.88
23.22
24.06
20.29
11.59
14.48
15.79
10.3
16.52
16.06
6.4
9.85
9.99
12.92
12.94
9.95
19.2
21.71
23.11
19.76
10.72
17.55
16.97
9.22
18.55
20.62
17.01
13.69
17.53
18.18
19.35
12.78
15.7
13.89
17.23
-11.51
7.77
11.49
5.85
10.15
13.63
21.52
22.9
15.26
18.95
8.06
18.92
21.96
21.66
21.65
19.25
9.54
10.32
9.23
13.18
13.23
15.76
14.94
-4.3
16.19
13.97
9.87
-4.64
17.75
20.73
19.46
11.48
13.77
15.59
10.84
18.94
11.28
10.11
12.52
13.16
12.42
17.34
22
21.2
20.29
24.31
24.22
17.67
12.6
15.78
17.91
18.88
18.16
17.91
17.67
18.03
17.14
18.32
13.96
15.23
17.5
15.96
11.21
11.46
13.32
18.02
14.44
13.46
16.28
18.6
18.47
3.02
16.85
14.58
14.74
18.44
18.9
13.74
15.13
15.23
20.5
19.54
23.41
23.8
20.08
16.35
12.35
16.95
6.09
18.35
19.2
4.78
17.28
3.25
17.19
17.95
19.99
13.6
13.1
18.97
21.61
22.76
21.87
20.05
11.14
15.64
13.15
12.59
14.72
13.16
11.1
15.08
17.42
21.94
21.43
12.69
16.83
19.63
18.95
14.63
11.12
15.74
12.86
7.71
14.7
20.92
22.98
18.58
16.77
12.79
21.59
23.83
20.22
14.23
11.13
13.19
16.55
20.1
17.79
8.44
18.06
16.6
-2.61
11.29
11.84
13.38
17.68
22.59
23.17
21
19.85
17.6
14.36
7.16
16.75
10.5
13.59
15.87
15.45
12.1
15.67
18.37
18.25
12.78
19.98
21.67
13.63
5.07
13.03
17.72
5.67
19.29
21.03
19.62
20.42
15.2
11.58
18.46
13.15
10.31
6.74
20.17
19.67
14.36
17.2
20.58
17.06
13.27
15.08
21.33
23.41
17.96
15.81
12.81
15.51
19.9
20.06
17.61
16.25
17.66
10.02
12.87
19.91
15.01
8.38
5.34
15.78
15.58
13.79
16.09
4.05
7.84
9.11
11.3
10.6
20.65
18.83
9.54
15.05
10.73
17.06
21.05
16.2
14.62
21.02
19.26
14.47
16.52
16.62
9.66
12.14
14.27
15.85
13.66
14.28
14.49
15.22
16.93
18.85
19.77
10.89
9.33
12.29
5.64
16.3
10.89
4.3
12.82
20.34
19.74
12.48
21.28
15.14
11.41
12.03
10.47
11.01
6.98
-13.51
7.88
4.79
13.26
15.99
18.25
13.25
15.19
15.5
-0.52
8.37
-3.61
9.96
16.51
17.47
7.29
17.9
19.34
11.69
17.75
12.22
14.83
17.37
16.11
15.18
8.34
11.48
12.38
21.12
21.62
21.54
19.88
12.74
20.33
15.14
14.32
10.76
10.2
12.23
9.67
10.22
12.71
7.24
9.15
12.81
15.9
13.53
9.99
14
11.05
5.21
12.48
13.21
16.2
15.57
9.08
-2.08
12.71
15.8
12.74
0.78
5.56
10.67
14.03
12.07
11.2
12.31
11.9
10.27
10.15
20.54
20.84
18.92
17.21
10.38
4.69
7.69
13.81
19.43
20.67
16.22
5.4
9.64
11.4
10.35
5.56
-5.33
12.41
20.41
20.86
13.89
10.08
13.73
13.27
11.1
0.66
14.88
11.39
7.39
17.32
20.21
15.75
8.42
17.42
19.93
19.32
15.54
16.53
18.13
19.36
20.04
13.01
8.36
11.03
13.6
15.63
17.65
18.49
17.37
15.28
14.34
17.72
16.88
8.32
9.97
15.52
19.5
18.16
13.58
17.3
17.47
17.17
17.38
14.07
14.78
15.77
17.75
11.5
16.75
20.49
16.59
12.17
8.51
2.43
3.42
17.86
21.18
13.8
14.7
16.3
16.63
12.12
3
8.1
9.8
10.84
15.62
17.22
17.2
17.09
18.75
17.95
12.65
11.29
7.87
4.41
10.91
13.92
13.36
11.84
2.34
11.16
17.08
16.01
13.08
11.38
7.34
12.14
12.99
13.61
13.93
17.48
20.49
16.68
2.91
5.65
9.23
16.87
19.25
17.74
16
13.56
10.52
13.85
14.51
15.42
15.59
6.59
14.78
14.15
12.71
14.17
5.87
6.1
5.42
-4.95
3.93
5.67
6.65
14.12
11.95
16.4
17.57
15.96
18.59
20.89
18.11
12.31
6.49
6.2
-0.21
11.14
12.45
8.39
16.4
20.3
19.71
16.48
11.66
16.95
15.45
13.39
16.94
17
15.3
16.2
13.96
14.85
19.53
15.52
8.42
10.17
11.52
13.55
19.02
16.47
11.77
-3.17
16.11
19.37
19.18
14.76
3.34
1.59
9.75
5.03
13.46
17.12
17.26
10.66
-5.92
2.21
15.33
19.73
21.26
23.29
20.49
15.72
16.07
14.75
13.44
15.19
14.42
15.82
19.63
20.81
18.53
18.55
18.58
16.72
15.65
18.38
19.09
13.65
7.21
7.96
9.02
14.94
8.96
7.96
16.72
15.9
9.14
2.37
15.7
18.33
15.73
-6.21
9.81
17.72
21.89
22.84
20.34
18.7
18.75
8.69
9.84
-2.58
13.4
10.03
11.31
14.37
15.9
16.54
16.48
20.2
20.54
16.32
12.34
14.01
13.28
10.84
12.98
16.88
18.9
12.43
12.33
10.57
11.23
13.81
15.49
15.84
18.9
21.43
19.83
15.43
14.51
13.63
7.87
4.05
8.32
8.58
10.36
14.5
14.4
15.22
18.38
18.12
17.74
18.75
17.96
18.35
20.59
20.09
14.1
1.52
12.42
10.34
12.65
16.41
13.2
11.99
15.3
14.35
16.83
19.66
15.21
13.83
16.82
14.65
8.2
15.2
19.27
21.36
22.55
22.3
20.95
18.02
18.09
20.76
20.07
17.81
20.92
21.35
17.86
7.41
15.98
14.19
19.37
18.1
14.71
15.93
18.83
18.12
19.59
16.81
6.56
13.5
18.23
16.78
16.44
13.37
12.95
13.73
20.51
19.89
17.45
16.08
10.26
12.47
12.03
8.88
15.3
20.54
21.8
20.52
16.22
11.35
14.13
18.14
17.02
8.3
7.49
2.67
7.39
15.82
19.92
20.37
16.93
11.87
16.69
18.54
18.47
15.92
17.39
16.98
13.09
-6.08
-6.96
9.02
17.72
18.29
14.4
11.27
14.17
14.1
10.4
13.98
14.73
9.22
2.01
15.14
17.18
15.66
15.71
15.03
18.51
17
14.54
5.72
7.39
12.26
11.69
16.75
16.41
14.67
15.78
12.07
8.89
10.52
11.28
12.58
11.41
5.07
7.57
4.1
7.38
15.74
11.09
4.4
14.41
17.48
16.03
16.62
15.77
3.5
14.25
17.04
13.74
11.66
8.45
11.58
14.91
12.27
9.66
9.2
9.96
17.77
16.82
11.57
11.22
13.07
14.72
14.05
9.55
9.79
10.06
-6.12
-8.37
-8.83
-11.89
11.79
18.58
17.42
13.05
12.26
9.7
-9.22
12.03
14.83
6.92
12.75
14.08
8.86
1.32
-1.07
2.42
8.04
14.35
16.29
10.43
-4.34
4.33
12.41
12.73
6.33
9.82
15.16
15.18
16.42
18.24
18
17.08
16.59
14.3
10.63
8.95
12.04
17.77
16.05
9.86
4.46
2.79
4.95
10.48
13.46
12.37
14.36
11.55
11
15.37
10.45
17.05
19.95
19.24
17.26
13.18
8.26
6.3
8.39
-5.07
12.58
15.63
16.47
13.71
-11.11
5.4
14.75
16.3
14.97
11.57
10.92
8.95
11.03
13
16.33
16.17
12.6
12.67
14.99
12.56
11.22
11.46
2.02
7.58
12.16
9.49
12.53
8.32
8.78
13.22
12.69
13.97
18
19.01
18.76
16.28
11.66
12.93
8.25
7.38
15.3
19.02
19.22
17.75
16.17
14.41
11.76
13.59
13.22
12.58
15.71
16.3
14.19
13.66
11.53
15.46
11.04
0.75
8.07
10.17
14.54
20.25
20.94
18.04
16.42
16.68
17.84
18.41
21.4
22.85
20.76
11.26
10.28
12.07
12.81
14.35
12.49
16.65
14.46
2.13
11.28
11.77
16.27
17.82
16.96
11.74
4.14
9.24
18.13
16.81
10.65
5.74
-1.56
5.72
12.35
16.51
16.49
15.78
16.2
11.89
4.15
5.78
15.01
19.37
20.26
17.41
5.45
13.77
19.3
18.56
14.95
12.31
15.5
14.51
11.5
9.99
12.2
16.37
15.3
7.72
13.02
5.43
17.08
17.8
10.49
5.39
9.99
20.36
20.3
15.35
8.78
8.53
15.88
16.22
15.33
11.7
-2.95
14.8
16.53
13.97
12.21
11.29
12.44
14.08
8.27
12.82
16.99
17.48
14.35
10.88
6.35
14.52
19.52
18.05
17.99
17.89
13.31
6.53
15.99
17.65
16.66
16.85
14.64
7.47
1.81
12.83
14.23
-2.65
13.81
15.07
17.63
18.9
18.04
14.11
10.81
11.58
6.1
9.16
16.23
17.61
11.84
11.93
16.71
11.8
-10.08
-4.18
4.34
5.36
13.57
13.57
12.68
13.45
15.42
18.42
18.63
19.21
17.64
10.14
10.72
13.35
14.5
16.59
13.19
11.77
10.22
6.14
12.42
2.99
10.74
16.35
17.74
15.72
13.82
11.58
11.26
13.62
14.71
16.41
14.92
-0.49
8.39
9.21
7.3
11.83
13.38
10.17
12.21
16.45
10.87
10.36
7.67
-4.26
6.48
12.31
11.12
6
2.63
6.25
13.73
11.68
11.45
15.11
18.02
19.6
19.29
17.99
16.52
14.82
10.3
14.15
14.14
-9.87
15.12
15.12
9.19
10.14
6.5
8.28
12.96
9.6
10.56
4.3
10.31
10.9
11.68
13.68
9.95
14.77
17.89
15.16
5.84
6.48
8.34
2.92
3.2
10.69
6.03
4.58
-5.89
10.49
9.86
3.46
13.45
17.29
17.14
14.04
9.34
14.22
14.36
9.99
8.68
13.36
12.41
12.99
12.76
11.17
8.92
11.44
8.13
5.69
9.4
11.59
14.51
15.99
20.76
20.19
17.4
12.35
4.95
12.87
11.56
15.32
17.41
16.3
15.19
15.33
6.54
8.66
9.44
8.14
12.59
6.46
7.4
8.79
13.11
12.5
10.44
11.06
12.87
9.45
13.28
15.5
16.4
13.19
11.58
18.63
12.43
2.1
6.7
-4.08
3.16
5.81
5.8
12.86
14.81
13.33
9.48
10.32
8.67
17.06
12.1
12.47
11.82
15.81
18.76
15.83
8.33
7.33
11.37
9.13
13.21
13.8
1.9
12.11
12.3
12.12
17.2
16.92
12.41
5.81
11.69
9.79
9.94
7.27
11.32
8.44
4.38
11.07
13.71
8.92
9.4
14.75
18.47
19.86
19.96
14.72
8.66
16.39
16.98
17.21
13.52
10.32
12.68
11.35
14.08
16.12
17.79
14.59
8.35
13.59
13.87
-11.27
7.94
6.67
-1.48
12.75
18
18.1
15.65
3.01
1
2.62
2.36
9.55
16.17
16.6
8.22
1.56
8.9
9.71
15.81
12.37
3.77
4.34
0.87
9.27
15.41
18.09
17.14
11.36
15.81
17.75
13.59
3.52
8.6
7.14
-1.46
4.53
11.9
16.32
18.19
18.86
18.94
15.44
14.66
19.25
17.01
8.06
10.96
14.21
14.97
15.48
13.49
5.35
4.43
4.31
0.72
6.02
11.99
17.8
19.58
16.58
8.74
15.77
16.62
16.29
16.43
13.97
9.76
10.76
10.27
-0.1
5.44
10.15
1.32
7.26
12.26
14.55
11.35
-3.53
-0.56
0.48
4.05
11.03
16.33
15.97
12.06
8.55
10.09
-3.17
-10.2
7.09
15.65
17.59
18.43
16.65
10.45
6.68
7.91
8.64
9.97
2.09
8.79
16.81
18.71
16.07
13.49
12.79
2.41
5.64
0.42
14.73
14.69
4.54
1.15
6.32
5.87
3.34
14.47
15.54
8.01
11.72
15.29
17.58
17.47
12.64
8.49
15.18
14.55
13.34
15.99
17.3
16.41
13.11
5.88
10.56
16.15
13.32
14.44
16.55
10.03
0.84
7.18
12.98
16.02
19.42
19.85
16.76
10.38
5.14
12.93
9.81
7.82
15.65
16.23
15.57
15.52
15.93
10.9
9.01
15.29
17.51
18.29
16.53
11.06
11.01
14.42
7.53
6.51
5.76
10.44
10.99
-1.23
-11.01
2.53
11.68
10.4
-1.27
7.22
15.16
15.61
12.23
9.48
9.96
-0.05
7.16
9.66
11.76
10.65
7.72
5.31
0.52
5.5
-2.21
-1.24
-1.35
0
6.47
7.2
14.19
18.97
15.57
-0.8
10.43
9.14
9.66
15.03
12.99
0.84
-3.05
6.98
11.03
9.78
16.98
15.47
14.44
14.08
11.7
10.51
13.91
8.59
13.71
14.27
5.81
0.06
6.01
12.69
9.71
-3.84
10.16
7.71
3.17
14.43
13.12
13.05
18.44
17.4
8.66
10.07
-7.07
-5.69
10.77
10.6
5.59
6.11
12.79
14.06
3.75
9.05
9.71
14.91
15.49
12.39
8.03
8.52
7.29
7.88
10.46
14.09
8.83
7.16
9.11
11.81
12.54
11.55
11.2
3.05
-0.44
10.57
9.25
9.98
13.41
14.01
11.06
6.93
5.61
11.93
15.47
16.36
14.87
17.22
16.88
14.07
16.63
13.21
8.46
11.6
9.7
5.65
10.08
6.48
7.14
11.99
10.6
8.33
1.74
-5.75
4.82
1.82
5.19
6.34
11.28
0.84
13.5
15.38
6.64
13.36
10.96
8.61
10.11
8.97
13.23
16.14
15.52
11.48
3.4
-0.13
5.53
11.42
11.77
14.66
9.45
9.71
12.83
3.07
8.65
15.92
14.67
12.03
14.39
11.53
0.82
10.67
12.61
4.77
7.94
2.16
6.42
9.27
-2.05
8.92
6.12
12.39
2.6
15.24
14.46
14.24
13.67
14.38
9.69
12.33
14.15
8.05
6.21
10.26
11.46
7.5
9.82
12.72
10.63
10.51
7.39
8.39
12.84
14.3
14.43
11.98
9.97
13.18
9.66
8.64
13.77
17.42
18.41
14.51
8.71
7.62
6.52
6.44
12.38
11.07
9.93
4.38
2.39
3.43
1.27
7.17
0.74
12.05
16.08
12.44
5.74
12.65
17.18
16.58
13.54
8.72
10.57
12.02
13.2
15.81
14.23
8.31
7.09
9.74
7.76
5.06
12.24
14.52
12.51
9.66
8.45
-7.7
10.51
13.4
6.3
13.3
14
9.16
7.65
8.67
5.93
13.09
11.5
13.38
11.41
2.16
3.89
10.36
13.23
13.3
5.82
11.76
4.52
5.15
2.86
10.55
14.86
12.27
12.54
15.21
13.67
11.92
10.97
2.46
5.73
6.78
15.99
17.1
13.53
9.16
12.89
14.73
10.6
7.95
15.18
17.35
16.54
10.37
12.81
12.75
8.21
6.82
15.24
11.13
10.03
10.6
-0.45
2.94
3.33
7.23
13.84
11.54
8.9
13.08
11.28
8.5
2.55
11.92
17.19
14.7
10.76
14.04
13.67
5.71
3.09
10.1
12.55
12.14
-0.85
7.14
11.4
10.89
6.03
11.71
15.95
12.02
7.47
8.35
3.45
5.88
7.8
4.02
7.52
11.7
11.66
12.38
7.37
0.56
3.28
4.63
7.19
11.13
9.98
9.55
2.79
10.12
10.6
10.76
16.66
13.99
8.32
11.96
7.96
5.67
4.96
7.06
2.02
5.6
-0.34
14.12
16.41
14.95
8.62
-3.11
14.02
13.94
6.64
4.42
9.19
6.06
6.08
14.84
13.62
9.25
5.18
7.89
12.52
13.7
13.02
13.33
15.41
11.83
1.8
9.55
4.4
14.77
16.03
10.76
-3.7
-7.39
3.62
11.74
8.37
12.99
17.16
15.01
11.6
2.17
-0.49
4.85
11.45
10.32
7.03
9.49
11.55
13.17
11.08
15.46
15.01
14.91
10.96
0.2
7.27
13.39
16.24
12.93
-2.47
12.17
3.16
5.4
2.64
-6.02
8.32
10.58
10.05
11.38
13.65
11.95
6.41
4
-0.19
11.72
18.13
17.58
8.4
8.42
15.23
15.55
2.49
10.43
9.65
12.49
-10.92
9.71
8.19
10.51
12.92
16.29
12.24
9.26
9.23
10.89
10.04
2.82
11.1
16.39
11.81
6.48
7.03
10.06
12.49
9.04
0.31
9.07
5.79
10.25
14.38
10.62
10.17
7.15
8.14
6.9
12.56
14.86
15.25
15.1
13.79
14.32
12.85
13.51
8.06
6.74
7.84
7.71
15.14
17.51
14.91
13.33
14.36
14.85
15.63
9.5
8.68
8.28
-4.26
8.67
8.05
13.46
16.2
16.49
14.5
9.09
-3.41
6.32
5.52
9.47
10.22
11.98
8.95
-2.09
-0.58
7.8
14.45
19.92
20.83
18.52
15.49
11.77
-1.9
14.22
19.84
15.81
12.13
16.46
19.48
18.51
11.82
2.38
3.58
10.29
11.4
-3.84
12.69
16.91
17.62
15.34
8.37
10.2
8.25
13.15
15.47
14.98
17.63
13.93
3.48
-3.18
-0.97
7.8
13.43
13.78
12.16
10.08
6.7
13.53
16.33
16.58
14.27
10.59
12.23
6.33
12.04
11
9.98
7.55
10.01
4.44
-11.71
8.87
13.43
12.26
7.64
11.65
9.36
12.04
8.77
3.1
15.21
15.58
9.66
4.56
9.91
-11.15
10.25
14.68
17.53
17.53
8.28
12.63
16.83
14.3
8.81
-2.09
13.6
13.71
10.68
18.22
21.3
19.96
16.78
13.81
12.93
11.5
1.82
7.7
13.56
13.15
11.85
12.8
9.01
12.75
15.61
5.46
13.55
17.87
17.45
17.05
16.78
12.49
-1.21
12.28
15.97
16.25
13.27
9.76
14.46
15.47
12.3
11.14
9.99
-1
10.78
15.24
12.58
2.2
5.94
10.72
9.12
5.02
4.25
8.83
13.57
16.05
15.81
9.21
12.94
17.26
14.85
12.75
14.47
15.93
17.72
17.55
17.52
15.09
12.25
8.93
10.42
6.95
-0.37
10.81
12.05
6.61
11.48
15.24
13.92
8.56
13.3
11.06
3.52
1.91
9.96
10.78
-5.26
6.07
-5.59
6.63
14.05
17.6
15.77
11.43
15.37
18.78
18.99
15.43
14.41
13
8.2
13.74
16.39
15.56
-0.39
16.17
18.42
18.2
14.54
7.48
17.66
17.97
-5.13
17.28
18.79
11.46
13.08
11.57
0.27
12.39
16
12.97
10.72
17.63
21.15
21.04
19.07
17.69
14.42
14.37
15.97
14.99
14.92
13.91
15.08
14.97
14.5
13.6
9.03
5.38
3.59
-0.58
-1.93
9.79
11.27
8.27
11.66
12.24
12.83
14.21
9.44
7.31
8.56
13.18
11.59
12.32
16.9
16.82
13.21
9.96
13.46
13.99
4.46
9.07
11.56
11.25
9.39
8.76
12.52
3.15
10.81
13.32
16.04
16.85
14.26
11.9
5.54
-6.24
4.67
11.28
10.07
8.2
10.17
7.33
6.03
13.38
18.33
17.69
12.33
9.92
15.7
17.16
9.93
6.36
3.59
11.69
11.41
12.92
15.95
9.98
14.71
19.38
17.93
6.1
13.21
16.55
17.16
12.62
2.21
4.6
-1.05
14.79
17.83
15.95
13.29
14.72
12.41
-1.54
11.59
13.96
15.02
8.56
14.27
17.01
11.64
12.68
7.17
8.09
16.8
18.4
14.41
12.77
17.08
14.89
9.68
3.72
10.31
3.37
9.17
12.77
14.64
12.95
8.69
1.7
4.06
11.68
9.34
-4.18
-3.97
6.64
6.47
3.41
-5.72
6.79
8.55
5.74
13.44
16.85
14.13
-1.14
16.41
18.42
16.72
11.74
4.78
6.77
-2.25
10.52
13.09
11.29
0.8
9.29
14.35
14.77
10.27
10.74
11.19
5.47
8.44
9.17
4.85
8.55
10.67
8.48
1.47
6.1
6.02
14.35
14.51
