13.38
7.44
5.97
5.69
6.74
13.77
14.56
10.4
-0.04
11.79
11.64
4.99
6.38
5.34
-2.82
7.25
10.36
0.39
3.53
3.86
9.09
13.93
16.52
15.45
12.21
3.91
3.29
-6.98
8.96
11.48
10.6
11.94
12.15
1.08
12.46
10.28
9.58
13.13
14.5
10.36
6.57
8.75
11.2
11.88
10.28
3.68
1.16
9.25
4.96
0.02
7.55
8.74
4.66
10.33
8.03
8.73
11.5
9.11
10.71
8.97
4.49
0.4
-4.23
8.76
11.81
8.49
11.37
16.91
16.78
14.44
16.21
17.36
15.19
15.96
13.74
12.86
2.76
6.2
-5.55
0.73
5.17
-7.37
8.59
7.72
11.37
11.8
10.74
8.23
10.37
10.35
5.81
5.17
8.13
10.51
10.4
11.5
4.3
7.57
9.02
4.37
7.45
14.23
11.54
-13.86
12.14
16.92
14.92
11.31
8.43
-9.27
-4.34
-6.66
-6.8
3.45
12.71
15.78
15.03
15.03
15.44
16.64
17.92
17.51
16.68
15.46
13.04
10.38
9.77
13.22
11.84
1.35
12.27
5.95
7.49
7.38
9.48
6.47
1.06
8.3
2.81
5.37
8.3
4.66
1.48
12.09
12.96
11.96
11.12
4.51
9.9
13.31
13.55
11.66
-6.63
8.57
14.82
15.67
10.51
8.01
8.53
11.16
13.91
13.02
2.47
10.42
14.16
12.66
0.56
1.66
8.52
11.75
13.82
14.42
9.51
14.19
9.49
10.07
15.67
17.11
15.56
14.53
14.85
13.01
10.51
6.49
7.13
12.24
15.6
16.4
12.42
8.76
0.86
4.12
12.53
12.17
9.6
9.77
11.46
10.35
6.89
17.25
19.31
14.28
10.54
10.66
4.45
7.65
8.49
1.72
9.35
11.99
8.69
-1.59
13.72
16.7
14.22
11.3
6.1
-2.89
4.74
12.8
16.45
15.17
8.81
13.55
14.76
10.25
9.52
15.03
12.56
11.65
14.14
13.19
13.8
10.78
10.65
14.36
12.4
6.52
8.35
14.53
13.74
8.97
8.41
8.16
11.29
15.22
13.42
8.09
8.59
14.21
15.25
14
10.05
5.72
12.33
15.39
16.53
14.92
6.57
1.13
8.4
10.62
11.14
10.61
4.23
13.41
15.89
12.65
10.69
9.84
9.9
4.82
10.36
8.83
2.79
13.85
15.47
16.38
18.7
19.05
17.81
14.47
10.06
7.79
9.45
13.95
14.88
10.48
5.03
7.49
2.83
8.05
6.65
10.28
11.79
14.45
10.01
0.46
13.27
17.51
14.92
7.84
10.59
13.44
9.35
8.76
1.13
11.03
11.05
9.1
10.03
14.06
13.53
10.85
14.05
15.18
14.92
12.42
8.8
7.66
7.22
7.51
7.37
6.81
4.91
8.94
6.87
12.93
13.56
15.38
15
14.89
16.26
16.19
9.88
7.95
10.96
8.79
11.18
14.37
12.09
12.55
13.34
11.72
11.05
7.34
4.16
7.36
6.19
8.6
1.13
5.69
-0.92
8.28
-0.62
5.32
-3.02
9.42
10.13
12.41
13.7
14.57
13.63
9.54
7.26
11.66
12.83
1.18
11.71
12.89
10.22
4.16
6.41
11.61
8.87
4.69
3.8
13.39
17.85
16.08
10.57
4.33
0.34
-17.29
5.29
-2.47
-1.67
8.7
10.1
6.82
11.3
10.56
1.72
12.23
14.1
13.3
11.2
1.92
-1.74
5.72
11.72
13.32
9.57
3.81
7.36
8.79
5.37
-10.64
2.51
6.43
-0.22
4.18
0.41
5.52
7.99
2.23
-5.24
-1.16
-3.91
5.19
8.73
8.09
8.8
13.85
13.55
6.85
6.79
9.8
13.94
12.21
12.31
12.12
9.25
11.47
10.43
6.95
7.68
0.61
9.02
11.1
8.4
-6.72
4.62
3.57
4.97
14.73
15.81
11.66
8.96
3.94
6.31
10.13
11.2
14.38
18.41
17.75
10.51
7.61
7.05
9.3
5.13
-1.62
8.39
2.75
12.38
14.14
6
7.2
10.54
9.96
0.32
4.49
7.04
4.72
13.29
13.47
6.65
13.74
13.53
1.89
6.08
9.35
14.42
15.2
10.09
-0.03
14.27
16.46
1.89
10.82
8.6
12.9
15.58
15.14
10.98
-9.47
8.17
8.46
7.2
1.98
-0.52
9.2
13.42
12.53
12.66
8.32
1.84
5.48
2.25
13.56
12.75
-2.24
4.11
6.13
7.33
7.02
-6.39
13.83
17.33
14.44
6.26
-0.62
-3.56
3.79
12.98
15.07
12.62
6.54
5.33
4.17
8.05
15.67
18.01
15.09
8.82
15.73
17.26
16.12
11.2
8.41
14.14
9.77
9.75
12.61
1.82
8.31
4.22
3.26
7.16
11.04
8.13
-8.21
9.06
12.16
13.57
15.89
17.15
14.14
-7.92
10.83
3.06
9.32
7.62
10.38
10.86
15.87
15.69
9.48
6.37
8.97
1.94
10.91
15.1
10.78
5.84
8.57
10.6
7.23
-2.5
2.93
6.06
8.8
4.72
1.79
4.34
-0.81
1.13
5.25
13.24
15.4
13.81
13.21
7.25
11.17
13.69
10.58
-0.08
14.64
21.82
23.67
12.56
17.19
15.56
5.78
3.59
7.74
11.83
14.68
15.3
12.43
14.05
15.06
13.25
10.27
6.84
5.47
4.27
1.6
4.97
10.12
9.89
3.95
9.61
4.51
-3.37
1.37
-3.74
11.33
16.46
13.78
4.71
4.52
4.95
11.82
16.08
15.31
10.53
1.48
6.59
7
2.36
12.8
9.23
12.59
14.97
11.91
8.86
11.16
7.11
4.61
11.72
10.64
-4.77
5.79
3.88
4.62
-6.66
5.89
-0.24
13.02
16.23
10.68
9.56
14.4
18.12
17.89
11.61
16.88
18.24
16.12
12.04
12.02
13.48
9.35
9.76
13.71
10.86
3.65
2.47
-4.03
5.64
8.86
15.04
12.8
-4.58
4.98
7.47
13.11
8.6
-2.23
10.25
8
2.85
8.68
2.93
9.72
12.7
13.46
13.61
9.38
3.64
-1.89
5.52
6.98
8.18
7.44
11.26
13.63
15.43
13.67
10.48
9.13
8.4
16.77
12.02
10.88
13.11
14.52
12.24
7.51
6.54
10.19
17.01
16.77
10.28
11.21
12.19
6.03
7.53
-7.37
8.22
13.3
9.71
-0.75
9.86
13.21
9.91
7.72
10.15
-0.01
4.68
8.52
9.64
10.45
8.97
13.16
16.22
14.04
9.44
0.4
5.29
-13.97
6.78
9.22
9.56
7.96
3.71
6.94
4.34
7.75
12.18
11.71
5.75
7.96
11.89
7.56
9.56
10.9
8.64
12.73
14.17
13.15
14.23
11.81
10.57
10.4
12.52
8.93
7.48
6.77
8.79
9.05
3.18
3.96
3.87
-2.01
3.46
4.37
3.12
2.28
-2.21
7.89
4.71
0.34
9.31
12.98
13.33
5.86
5.67
10.22
15.72
19.47
24.39
23.74
12.62
12.55
15.49
13.54
16.52
10.64
17.77
20.14
22.53
25.54
23.78
16.24
19.36
22.17
21.47
14.25
16.32
17.74
22.26
23.39
18.88
19.95
22.29
14.99
14.6
14.91
19.99
21.18
17.7
22.34
26.6
27.15
25.02
21.93
23.18
30.22
29.05
24.48
21.17
12.96
12.73
6.9
14.34
15.77
14.05
18.31
13.97
19.3
18.88
9.17
12.23
24.57
28.5
28.27
23.79
20.35
16.97
10.37
17.78
11.01
22.43
22.39
9.73
16.72
17.21
17.72
11.15
4.57
8.07
15.23
20.89
22.91
21.95
21.66
21.43
19.6
20.03
28.31
26.3
-6.05
22.89
26.45
25.4
23.61
20.21
18.77
17.24
21.67
21.5
12.7
14.71
14.11
18.42
21.16
21.51
14.46
13.68
17.42
23.89
26.61
22.12
19.46
21.68
21.54
23.53
21.74
20.18
21.97
20.18
10.81
2.21
13.88
18.13
14.45
13.69
21.25
26.91
27.27
11.01
26.02
26.27
23.84
24.54
24.14
21.33
17.74
16.08
21.89
15.3
21.47
21.84
4.21
19.69
16.06
17.21
8.96
13.44
9.49
10.73
19.16
24.45
22.65
6.49
22.95
21.17
27
28.88
23.68
22.85
16.41
18.86
21.4
20.17
16.37
12.59
10.44
11.22
17.59
17.2
24.07
25.06
25.36
25.79
25.32
15.69
23.08
27.56
24.01
29.51
30.87
26.52
23.29
24.04
14.02
16.98
9.32
15.03
18.49
19.74
16.49
23
17.51
18.67
25.97
31.43
32.91
29.28
27.28
27.05
24.29
21.38
18.34
22.35
23.55
22.33
12.89
16.41
21.39
24.32
21.87
19.23
23.48
26.9
27.26
20.5
5.27
17.35
23.32
26.02
27.61
27.92
22.07
27.42
20.22
23.05
23.64
16.73
3.51
12.09
4.01
5.82
-21.61
14.35
15.85
16.83
22.91
24.28
19.02
19.58
22.47
18.59
20.37
16.58
8.96
16.67
17.46
21.87
21.56
19.95
17.21
15.19
14.19
5.83
7.16
16.74
17.98
14.87
16.89
23.09
22.97
17.35
11.42
16.62
19.88
22
21.3
19.18
22.57
24.97
24.59
18.14
16.81
22.1
15.73
6.29
18.32
23.49
15.33
14.18
17.22
20.13
23.89
23.15
21.27
24.38
25.07
23.79
20.43
21.68
17.34
18.62
24.48
25.26
20.19
9.69
12.73
15.44
19.7
23.87
20.89
8.64
19.97
24.57
25.29
25.51
22.71
16.61
25.81
26.05
17.28
16.09
16.59
9.64
8.99
4.91
9.51
14.7
14.3
10.92
2.86
19.54
25.18
26.16
21.54
5.42
14.32
13.67
10.4
19.77
17.85
13.41
13.63
14.53
10.53
3.78
15.45
16.69
11.65
15.67
17.84
16.71
14.58
6.8
12.44
17.59
17.38
9.51
9.18
9.17
11.94
16.99
7.81
16.59
19.97
19.3
15.27
5.75
8.05
12.09
16.58
17.85
20.22
20.73
14.96
0.97
4.93
7.64
7.4
1.44
5.11
13.1
12.25
13.24
16.17
11.7
12.32
9.18
3.91
3.37
10.67
5.47
5.24
9.29
10.06
8.79
3.85
10.98
16.82
15.29
12.87
17.38
15.67
13.73
15.51
12.03
1.96
5.71
8.52
1.83
15.75
18.7
16.31
13.17
11.1
12.16
7.05
6.46
14.71
13.95
17.89
14.67
14.95
14.16
7.29
9.87
16.4
18.77
16.12
10.83
18.4
21.66
17.89
17.69
16.15
18.18
26.7
25.32
21.52
19.18
9.27
21.22
25.99
23.71
23.81
25.36
23.13
20.03
19.93
8.59
10.37
15.51
21.14
19.55
10.1
16.76
19
12.95
22.52
23.01
21.57
23.58
25.82
22.48
22.1
20.99
20.74
23.04
21.57
18.55
18.75
12.24
16.27
20.35
18.68
15.47
14.82
15.73
17.43
20.69
14.46
14.11
23.24
23.28
24
24.31
22.84
18.33
5.72
17.99
20.34
21.53
19.42
11.56
16.6
15.77
21.45
22.45
14.99
12.59
15.25
14.33
19.57
18.33
16.69
15.57
13.44
21.43
22.04
17.29
11.07
14.46
20.68
12.21
15.58
13.03
11.32
19.17
21.06
18.18
21.59
25.58
21.22
11.68
22.09
25.57
25.53
20.85
11.12
12.84
21.26
23.91
23.18
25.03
26.6
25.01
20.66
15.55
9.71
22.29
25.61
25.7
21.8
18.54
21.81
18.23
13.49
17.46
18.41
19.62
16.54
16.27
17.39
16.15
18.97
23.02
20.83
9.4
13.69
10.95
17.49
17.81
23.68
17.76
20.69
13.43
18.11
23.01
19.51
18.24
20.7
17.53
19.34
23.58
26.79
26.41
14.67
21.25
24.99
24.77
15.16
17.91
21
21.84
20.26
7.03
18.48
19.29
15.18
13.36
20.12
24.57
24.56
20.54
5
18.86
20.62
13.3
17.15
19.04
17.33
16.24
17.89
14.46
22.87
19.66
22.33
27.27
26.38
23.21
18.69
13.71
11.19
10.81
14.73
20.66
16.78
18.33
24.47
22.76
22.38
25.85
23.97
12.19
14.36
23.59
22.52
18.53
22.05
25.05
26.63
26.28
26.87
26.56
19.16
15.01
8.18
17.12
22.28
20.36
21.47
26.04
24.53
-5.42
25.1
27.99
28.3
27.63
25.82
23.92
22.92
17.5
16.9
25.82
27.08
23.64
20.65
23.12
22.15
23.74
22.32
18.75
24.54
24.7
21.49
12.9
11.25
19.9
22.11
22.48
28.04
28.46
27.76
24.56
16.34
17.8
18.09
15.39
21.3
20.76
22.77
23.32
17.3
16.13
17.74
23.17
20.64
17.47
23.09
25.86
22.24
14.34
3.96
14.08
19.15
12.58
16.81
11.51
13.63
17.34
24.04
24.96
18.78
20.15
19.81
16.09
20.26
18.5
17.03
19.78
21.53
21.02
10.54
16.12
18.25
19.72
18.83
13.41
19.7
18.83
9.05
10.72
13.81
9.03
13.93
18.37
13.42
16.36
22.54
22.58
21.29
18.43
14.23
23.75
22.18
15.47
10.26
12.99
10.84
17.42
26.84
29.42
24.35
8.24
7.61
22.83
25.05
21.76
21.03
17.67
18.64
21.62
19.65
5.47
21.38
20.94
16.74
20.03
22.1
22.7
20.76
19.56
21.14
19.91
20.55
22.66
22.38
19.58
21.05
16.56
16.82
19.88
21.04
20.42
16.29
15
15.36
15.9
11.43
14.47
20.05
17.82
20.93
20.25
9.4
14.32
14.48
9.09
16.61
15.09
18.18
14.71
19.09
20.77
19.61
23.19
21.34
12.52
10.82
10.97
13.35
19.68
18.98
4.81
14.88
14.29
13.87
12.36
22.28
21.76
15.78
8.7
17.18
23.78
23.01
19.21
22.99
23.76
19.2
16.57
13.36
15.61
17.68
16.85
21.18
20.2
24.6
21.67
19.25
24.19
26.38
21.77
17.52
18.93
9.31
15.11
20.44
24.29
24.17
24.87
26.48
24.7
24.3
12.6
22.33
20.96
19.64
18.27
23.35
25.88
22.18
10.79
25.75
29.1
27.83
25.52
25.56
24.98
18.83
23.9
27.28
25.2
22.96
24.44
23.23
20.26
21.73
22.81
16.94
13.17
19.68
18.6
21.25
27.27
26.69
26.37
28.62
25.81
20.57
16.83
19.34
23.97
21.84
21.46
23.61
20.34
21.82
20.95
19.13
23.28
21.31
16.41
11.03
15.06
17.37
14.54
7.01
13.46
21.03
19.71
17.89
21.99
27.53
23.98
11.74
27.11
29.52
28.8
25.98
18.89
6.1
16.4
15.26
20.12
18.49
14.55
24.83
25.66
16.22
22.51
27.12
25.26
19.39
7.84
15.79
23.22
25.74
17.01
21.7
26.21
23.72
18.7
17.71
19.81
26.07
24.61
18.5
19.6
24.5
22.51
17.81
23.97
25.9
25.91
25.55
24.32
18.79
24.13
30.13
29.04
25.85
23.35
10.72
5.24
19.52
21.68
19.82
22
15.75
17.75
21.32
26.62
27.06
27.79
26.56
24.23
12.77
17.78
21.38
24.16
31.41
34.95
31.56
17.97
25.12
26.83
20.89
21.1
25.42
23.01
20.62
22.44
12.67
12.13
15.3
16.13
16.77
23.27
25.18
23.1
20.66
14.94
7.9
19.2
20.09
26.95
41.74
45.88
41.44
28.28
13.58
19.37
11.41
10.96
9.81
5.7
17.35
21.43
19.61
11
20.99
23.71
26.32
26.14
22.6
25.61
22.95
13.02
14.29
24.43
25.91
20.87
13
15.22
32.57
44.04
44.69
34.86
22.52
19.89
13.12
22.37
25.49
26.39
20.63
21.71
23.71
23.01
23.87
19.68
19.81
13.05
25.38
26.04
23.52
21.41
21.33
27.66
23.1
27.05
23.88
11.98
21.77
13.21
22.49
24.71
21.22
18.41
14.69
19.39
17.22
19.71
22.16
20.69
23.33
24.3
23.25
23.22
22.35
11.6
23.11
28.2
27.85
21.87
18.2
24.73
32.63
43.74
46.23
40.66
26.63
25.49
27.46
27.83
27.17
24.35
25.94
18.39
31
38.39
37.01
29.12
22.25
15.84
16.05
19.02
18.1
26.62
29.19
24.21
15.19
21.66
17.8
10.37
21.11
38.96
47
46.24
36.42
15.48
17.43
17.72
25.2
27.33
26.8
20.98
21.17
23.09
18.6
20.16
23.79
20.54
18.14
28.01
32.26
29.09
24.36
29.6
28.66
17.79
25.21
25.85
22.36
24.71
28.95
29.35
23.63
14.59
21.48
28.3
26.76
22.28
21.79
23.52
23.13
23.35
25.11
21.2
27.57
29.37
24.49
11.63
20.72
25.34
24.66
23.09
19.29
19.93
36.86
42.27
38.79
29.78
28.8
20.95
19.87
16.51
15.29
18.1
13.58
13.88
15.05
13.16
21.39
21.27
23.38
23.34
17.75
19.75
26.5
29.82
28.62
26.06
18.77
26.13
27.48
20.67
18.04
24.1
18.05
17.45
24.95
26.24
27.75
35.47
38.11
31.48
13.9
17.51
23.05
21.83
19.42
22.52
25.54
30.49
29.79
21.71
16.27
17.68
18.46
15.15
19.84
8.39
22.25
27.73
29.09
30.41
30.09
24.26
26.11
18.57
17.18
13.91
12.05
8.29
20.34
24.78
25.6
24.38
21.82
21.51
35.34
41.7
37.67
10.36
19.12
18.61
27
29.1
27.29
28.13
35.11
38.29
33.73
26.53
23.13
22.17
28.84
33.41
38.94
42.19
37.58
18.81
26.42
26.93
30.06
27.63
23.02
20.79
20.33
14.64
24.76
32.04
27.04
23.47
29.01
29.3
29.43
28.55
26.05
30.38
36.51
34.27
25.71
19.41
26.95
30.23
32.7
32.33
28.87
25.57
26.47
19.02
25.32
32.37
35.12
34.16
31.22
24.77
17.75
20.97
32.06
33.58
31.97
29.12
28.08
29.48
28.3
19.66
18.94
29.09
31.63
32.1
30.52
30.67
30.35
27.53
26.77
33.11
45.77
50.56
46.3
28.91
16.46
14.74
23.75
29.68
30.13
27.85
41.67
46.05
41.13
30.2
30.84
30.07
27.56
23.33
22.03
30.21
29.14
27.17
29.07
17.75
31.47
34.94
33.46
30.25
27.65
27.27
30.98
28.64
17.96
18.9
9.69
23.01
29.13
31.38
30.44
27.65
27.75
25.24
18.98
20.95
27.4
29.71
26.22
22.08
21.86
26.34
26.22
21.19
23.4
26.11
28.33
29.55
31.71
32.22
31.53
34.92
34.13
23.67
22.04
25.55
30.59
29.83
25.55
27.33
32.59
32.77
28.78
22.22
23.11
18.78
22.52
30.14
33.01
34.35
29.87
15.54
7.62
24.98
28.58
21.89
15.83
-0.35
16.17
10.88
23.06
28.75
29.03
27.55
20.45
17.81
21.95
15.97
24.94
28.23
28.13
28.01
27.63
10.47
30.13
33.37
30.47
27.56
30.83
27.19
30.18
31.5
26.53
26.39
23.37
22.32
23.13
19.13
15.8
29.4
33.05
32.04
26.21
26.35
20.45
27.68
29.68
28.83
25.94
17.35
17.5
29.1
31.61
28.71
26.23
28.06
30.97
33.24
30.93
27.71
28.16
23.83
21.21
25.59
28.59
27.47
31.64
33.8
31.39
17.09
29.49
22.15
28.81
31.31
28.23
24.23
20.83
29.81
34.81
35.64
34.7
33.36
28.68
21.47
33.66
33.99
32.9
33.81
31.67
28.7
26.43
21.02
22.85
26.75
24.6
18.88
30.21
30.7
32.54
34.86
33.78
28.38
20.54
16.67
25.4
31.57
33.39
32.32
27.68
20.35
2.95
15.37
23.67
24.22
22.53
25.55
17.05
18.56
26.35
30.63
30.04
24.72
20.92
21.47
29.72
30.57
28.53
30.8
31.2
27.9
18.88
21.27
27.22
26.91
26.81
24
17.04
18.29
12.67
25.26
28.92
27.03
26.14
26.48
21.93
22.35
24.9
20.63
16.83
19.69
19.13
13.25
24.6
25.24
22.2
24.17
20.97
17
19
19.95
17.23
27.6
27.57
24.42
21.57
23.37
24.68
24.48
27.57
24.37
26.11
23.01
20.19
24.57
27.95
25.63
17.94
20.84
18.96
19.39
22.48
22.5
24.72
26.97
28.82
28.72
26.83
19.93
7.02
16.37
24.31
26.12
24.59
20.84
16.58
10.8
14.35
24.09
24.8
20.5
22.41
18.49
13.22
15.68
21.38
18.79
17.17
17.99
16.15
22.4
24.04
21.15
20.73
24.81
24.48
12.95
20.19
20.16
12.36
14.22
8.19
16.5
2.26
21.14
23.21
19.04
17.74
23.22
20.72
16.12
24.48
26.08
30.64
31.28
29.78
26.91
17.1
21.59
26.18
26.65
27.43
20.93
26.51
24.43
17.4
20.04
26.54
27.3
27.46
27.34
26.45
29.94
30.59
27.75
24.46
26.79
27.42
24.69
19.54
22.12
28.76
29.34
27.49
28.67
29.18
22.86
19.07
26.86
28.75
32.68
32.1
27.77
28.7
24.61
26.44
25.63
19.12
18.62
16.45
19.02
16.39
18.96
25.26
23.34
23.91
24.61
26.69
24.47
23.92
28.48
28.21
23.84
16.49
4.22
17.59
27.59
26.56
14.11
18.5
14.08
18.67
11.6
25.5
28.55
27.62
20.64
22.83
23.43
20.44
10.33
29.83
33.44
28.38
16.86
22.12
23.3
19.85
25.38
23.5
20.06
19.03
17.74
17.82
25.89
28.33
26.5
26.88
25.59
22.87
18.67
14.3
12.33
17.55
23.71
20.21
10.79
21.53
15.56
20.94
14.76
24.77
20.75
20.42
23.5
23.32
27.24
22.74
12.78
14.44
21.8
23.31
20.45
26.15
24.52
23.53
24.37
28.04
29.51
26.54
20.74
17.64
26.03
27.97
12.95
28.26
27.45
17.77
16.56
5.29
22.74
27.16
26.14
14.85
8.41
12.8
17.07
24
25.71
25.79
20.16
9.2
24.76
24.95
20.22
18.79
19.76
18.14
23.48
23.4
18.49
21.85
20.17
21.52
23.69
26.98
24.2
15.46
23.71
18.65
11.93
23.04
16.92
24.86
24.59
18.3
14.16
10.51
21.67
24.31
23.17
24.55
23.74
27.16
25.81
9.93
14.61
21.65
26.02
20.39
7.33
18.01
24.26
24.27
19.38
11.33
6.23
12.48
-0.54
15.89
15.55
18.94
22.54
22.86
27.19
17.63
17.81
18.03
22.32
27.52
25.77
14.78
24.07
23.92
20.76
21.72
21.48
8.05
12.84
6.71
14
9.23
15.24
25.32
26.67
21.68
17.47
19.73
22.01
19.95
22.87
9.82
23.25
18.29
21.44
26.31
23.92
24.87
23.51
19.28
23.8
26.93
26.78
23.02
3.64
18.4
17.18
22.32
15.61
21.98
26.32
25.56
23.17
21.81
18.12
19.81
27.92
27.56
20.56
22.3
17.52
20.32
23.14
18.72
17.26
19.54
19.87
11.37
11.22
17.22
19.9
17.9
10.04
16.3
12.64
21.23
15.75
19.86
23.98
19.76
16.74
11.69
23.46
24.78
21.18
18.11
18.83
13.77
12.38
16.04
19.66
23.69
24.34
18.93
18.94
16.72
12.84
22.7
25.82
24.33
18.68
13.08
9.82
19.64
22.49
20.01
7.51
16
17.87
10.49
12.12
18.42
14.26
17.97
22.15
19.57
15.44
11.25
-2.6
4.25
8.51
18.17
13.01
17.99
23.12
21.23
16.04
9.79
10.62
11.08
8.9
18.86
25.67
23.98
13.78
19.31
25.67
24.82
23.84
20.04
7.37
15.09
19.41
14.23
20.46
18.01
7.39
15.57
18.84
15.17
5.14
16.64
22.78
22.87
23.76
21.2
15.78
14.8
18.84
18.84
20.94
18.71
16.64
20.55
18.65
15.93
14.99
20.12
16.88
11.32
6.71
10
17.43
19.63
18.3
19.27
18.81
4.55
19.49
20.83
10.19
19.18
18.57
19.74
19.29
18.3
21.74
22.83
23.07
26.33
25.9
20.38
11.41
14.4
15.22
6.83
14.93
16.51
21.1
24.41
22.25
9.64
10.93
20.58
23
23.85
24.47
24.06
23.01
20.9
13.46
3.37
13.19
15.9
2.8
15.31
15.95
10.41
15.67
14.13
18.86
19.23
21.62
19.43
17.7
0.61
13.85
19.08
23.43
26.37
25.16
16.27
17.42
19.53
19.05
22.65
23.37
21.26
22.5
19.63
15.89
18.42
15.45
13.65
14.75
20.26
22.99
18.62
6.93
19.64
20.49
8.52
19.89
14.23
12.74
20.51
19.52
20.71
22.58
21.68
16.02
25.02
25.35
22.21
20.85
15.93
8.96
2.71
16
5.4
18.08
19.43
21.68
18.51
14.8
15.11
20.53
26.34
25.09
19.37
16.8
19.59
15.23
18.12
25.44
26.93
23.24
16.21
18.61
16.81
19.5
16.64
12.1
14.58
14.04
19.87
15.44
21.11
23.29
15.04
18.41
7.95
20.97
20.71
18.21
22.92
18.27
14.51
16.63
17.07
17.64
17.81
16.44
15.33
15.14
17.12
22.31
18.71
16.07
9.41
17.35
19.86
16.03
22.31
19.1
16.11
16.95
9.63
6.02
11.91
18.47
22.91
18.18
13.76
17.74
-2.59
17.59
17.63
19.04
21.92
20.36
13.83
9.48
15.97
19.8
15.5
20.99
20.25
29.74
35.88
33.12
26.01
25.66
23.78
21.35
17.05
20.72
23.44
19.34
14.99
12.48
14.64
6.98
22.15
22.5
22.14
22.5
20.28
22.29
24.36
23.53
19.74
13.38
11.09
23.26
23.76
10.66
17.55
14.83
11.85
17.6
18.6
10.38
16.3
22.7
25.04
25.07
20.3
17.33
16.43
19.18
20.68
19.47
-1.31
18.64
16.71
10.97
15.11
20.19
20.27
20.72
20.58
23.13
23.5
17.08
8.38
12.35
4.71
9.22
15.7
22.2
18.96
18.91
16.83
12.18
17.78
21.8
20.03
8.85
-0.25
19.13
22.45
22.32
20.29
21.14
22.33
21.49
19.47
14.96
17.21
17.53
11.81
17.91
18.51
7.25
17.21
8.85
17.5
18.04
16.8
18.01
15.2
13.09
9.9
10.41
17.18
19.41
21.43
22
14.01
15.01
20.74
20.91
20.43
23.05
26.28
25.13
19.35
18.24
18.21
20.25
18.33
14.12
6.68
14.31
23.29
20.8
8.98
18.45
24.94
25.92
20.58
14.35
17.58
20.13
16.46
5.22
4.15
17.94
21.09
20.54
19.47
16.02
16.96
19.31
16.02
13.36
18.85
19.22
11.16
14.37
15.3
11.54
9.73
19.06
20.27
18.93
17.17
8.05
16.79
9.87
11.57
9.12
16.72
17.73
20.36
21.2
17.94
17.93
14.31
3.34
20.32
21.81
21.25
11.26
13.45
16.15
18.25
16.42
9.22
12.9
18.46
19.89
21
23.24
25.47
24.84
21.58
17.82
13.1
8.16
12.38
14.06
18.73
24.19
24.25
20.55
18.55
-3.22
21.3
22.46
20.14
22.43
19.36
12.11
11.52
20.58
18.02
12.22
9.19
6.9
10.6
4.77
10.35
13.68
16.63
15.84
18.4
17.01
15.92
13.71
15.22
10.23
15.04
19.95
18.37
15.72
14.44
16.78
17.71
13.81
15.64
20.96
20.85
19.44
17.5
14.59
22.33
21.15
13.33
7.04
6.76
19.06
14.9
16.43
11.98
3.39
10.04
18.25
23.98
24.86
23.63
21.32
12.74
12.57
19.93
20.25
12.91
5.48
14.9
18.28
21.41
23.54
11.2
14.36
13.65
20.51
19.1
13.25
9.95
6.97
13.22
16.27
16.64
17.35
14.14
13.75
15.62
19.06
17.98
13.03
7.7
6.2
6.57
10.36
12.34
10.65
12.4
15.73
15.82
13.12
1.49
13.03
14.79
12.46
11.02
13.42
18.05
18.66
18.38
12.16
14.68
17.07
5.66
5.56
9.07
12.12
12.86
12.64
8.29
8.69
5.15
9.88
10.91
9.01
17.68
19.55
22.48
22.86
18.73
6.67
10.73
12.45
14.9
19.59
18.87
16.87
14.83
13.02
18.09
16.59
11.85
7.12
-3.64
12.08
10.21
15.71
16.69
13.38
14.27
17.49
13.68
13.3
17.16
18.62
14.87
9.85
2.46
13.18
20.38
17.34
8.01
16.7
17.14
15.97
13.54
10.78
12.79
14.08
11.97
12.44
17.87
17.55
7.45
5.85
12.83
10.2
0.62
13.83
18.44
19.6
17.78
14.75
20.47
22.13
18.75
14.6
17.46
19.87
16.54
11.97
9.29
17.56
19.28
15.34
16.02
17.82
13.05
8.16
11.28
10.11
11.13
16.02
16.89
16.69
20.07
18.53
12.07
-1.7
13.84
16.03
9.16
7.67
6.52
7.75
14.02
14.12
10.92
6.8
8.68
1.42
-1.4
11.48
17.86
17.38
16.55
16.68
16.6
14.52
14.59
14.62
13.72
6.19
8.59
8.4
12.71
16.65
20.01
18.09
10.48
17.07
19.66
17.82
13.39
12.12
2.58
15.87
22.33
22.14
17.2
16.26
17.04
13.87
15.93
15.55
11.84
14.53
16.04
14.6
13.51
18.35
11.96
10.38
4.63
9.22
10.55
9.49
12.73
16.26
17.05
16.61
18.46
17.35
13.82
10.61
13.57
16.82
12.62
7.45
3.23
11.17
-8.73
20.61
23.19
19.99
18.66
17.88
16.79
17.66
17.58
11.25
4.37
11.8
11.62
11.39
15.05
15.73
17.66
20.97
20.47
18.1
17.97
16.97
13.97
12.72
14.35
11.76
11.06
17.19
16.5
20.73
16.4
12.86
11.87
8.1
12.75
10.88
13.6
20.2
22.58
21.72
17.58
14.02
10.63
9.22
18.9
20.77
18.09
17.1
16.09
7.21
13.25
7.43
17.43
15.9
8.13
16.95
18.31
7.28
6.49
11.73
17.61
18.13
19.31
18.98
16.74
17.29
15.38
19
17.24
16.12
12.77
14.97
14.3
17.29
15.43
9.81
19.41
19.46
5.88
13.9
20.69
18.41
9.7
10.28
14.98
9.99
11.8
17.48
18.57
18.18
19.09
20.69
22.25
21.19
15.02
19.02
20.97
21.25
22.82
20.75
17.58
16.87
13.47
7.34
16.19
15.56
9.87
18.17
18.31
13.78
11.8
12.27
10.75
11.1
13.61
12.21
2.92
6.51
12.93
8.52
11.51
14.19
11.83
21.06
18.9
17.09
18.68
17.6
15.5
17.02
15.71
11.53
11.93
10.09
15.76
18.15
17.38
19.52
19.1
8.89
11.95
8.15
0.1
10.78
13.31
15.93
17.06
15.07
15.28
14.21
14.54
15.18
14.34
10.73
22.35
23.12
18.01
10.31
3.19
6.52
-13.13
11.04
11.7
4.21
15.89
15.69
12.6
17.67
19.65
13.27
7.57
3.83
11.82
16.62
19.34
16.5
9.83
14.3
11.28
6.97
10.42
13.58
18.36
18.55
17.95
17.31
17.48
12.87
3.23
2.23
2.26
8.8
11.62
13.23
20.52
21.5
19.54
15.74
10.51
16.21
19.2
14.76
14.38
11.49
12.11
11.26
17.5
22.28
20.3
17.45
19.94
20.15
15.94
10.44
0.66
15.27
17.08
12.21
16.1
16.79
18.7
17.12
15.82
12.76
3.48
16.66
18.53
13.54
13.72
18.24
20.27
21.12
17.59
0.75
7.63
12.93
13.77
16.82
19.2
19.66
15.77
17.4
18.04
9.92
3.54
6.36
-0.55
5.01
14.76
12.5
4.92
14.9
11.22
11.16
-2.33
13.07
12.18
15.27
8.47
12.92
16.58
15.83
13.28
16.12
17.84
18.94
18.14
13.88
18.47
17.42
1.03
8.85
19.99
23.01
18.36
18.41
17
10.81
18.43
17.07
8.77
10.91
17.7
17.1
15.17
14.32
6.14
14.97
1.51
16.27
17.37
17.88
13.26
19.26
13.45
-3.89
13.83
16.54
16.65
21.05
19.19
17.42
19.14
21.8
18.9
14.52
19.4
18.5
18.78
15.81
13.27
16
20.34
21.55
20.52
16.95
14.01
16.65
18.8
18.08
16.9
18.81
21.36
22.17
8
18.44
21.9
22.74
19.3
17.22
18.57
15.17
17.83
15.33
17.63
19.51
20.05
13.6
13.08
17.7
20.08
20.11
22.12
19.61
22.06
20.37
15.12
14.65
5.73
19.19
19.24
10.58
12.81
16.47
13.93
20.13
16.16
20.53
20.88
18.77
18.4
16.95
18.18
12.55
9.43
15.9
9.51
17.58
20.77
20.5
20.11
20.49
7.09
7.68
8
12.1
17.57
23.27
22.81
20.24
20.18
19.72
16.95
12.86
18.18
21.07
19.24
18.62
18.35
9.77
7.05
13.37
13.17
1.94
14.59
16.23
15.03
17.87
4.82
5.23
17.03
19.4
19.46
12.78
14.42
11.47
18.85
17.64
17.67
20.77
14.98
11.9
19.02
21.7
21.2
12.48
17.34
13.7
16.47
20.05
15.93
18.76
20.28
13.79
17.76
6.96
14.77
21.98
19.84
16.38
14.9
7.46
9.76
1.71
11.24
13.63
16.23
11
11.43
17.85
19.86
14.95
19.76
16.15
12.35
21.16
16.25
17.03
16.16
14.48
17.86
12.41
12.96
11.62
17.63
22.01
17.88
11.89
9.41
12.21
10.79
8.76
14.87
16.32
21.12
23.41
23.67
22.87
19.4
11.57
-3.23
-8.95
18.43
23.84
24.08
23.23
23.76
20.94
11.97
22.11
16.67
16.77
17.65
14.13
11.47
12.87
15.51
5.7
17.66
22.08
11.53
10.03
3.66
15.52
22.05
22.24
13.46
18.12
20.81
19.8
15.77
10.89
13.05
15.37
18.85
3.51
20.49
16.1
10.27
12.06
17.22
19.64
14.41
22.34
23.19
17.8
8.89
14.99
19.67
19.35
14.8
11.86
16.24
19.58
15.24
-6.27
12.59
14.74
15.04
19.04
19.5
19.01
19.69
21.86
23.52
23.2
18.17
15.65
16.34
11.87
18.6
20.01
18.8
15.96
15.8
7.43
8.86
1.12
0.63
18.04
18.22
15.05
21.2
22.96
17.97
20.44
22.3
17.15
19.43
15.41
19.18
20.38
18.49
10.2
11.67
11.87
20.67
18.49
19.71
4.96
20.79
21.82
15.51
16.3
20.11
19.3
18.15
22.17
23.59
20.45
9.4
17.07
10.37
14.49
15.82
7.41
15.05
17.56
1
17.42
15.39
16.92
10.5
12.61
16.17
13.36
11.3
18.94
19.57
17.49
19.68
20.39
15.33
8.36
17.23
19.21
17.96
20.18
18.49
16.17
14.91
12.97
13.91
20.76
23.77
23.03
16.93
13.87
11.23
13.07
16.54
16.35
11.09
11.77
19.24
19.92
12.29
16.05
14.8
5.53
17.05
24.04
20.79
8.22
20.31
20.76
17.45
20.64
20.92
17.76
11.75
11.8
15.6
17.06
17.32
15.64
5.41
15.63
20.14
18.82
11.16
15.25
21.45
23.7
20.84
14.12
10
13.98
14.59
14.51
17.44
2.81
16.72
16.59
9.69
18.2
18.79
17.73
20.28
20.59
20.55
20.91
13.74
14.4
20.79
18.71
11.39
13.79
20.63
21.85
16.77
9.73
14.07
12.81
11.41
17.06
12.53
9.6
14.02
14.75
7.2
6.32
16.91
19.7
14.79
4.22
10.62
14.73
19
21.13
19.74
20.01
22.98
20.71
16.52
19.57
19.87
17.06
14.26
17.61
18.47
17.27
12.89
3.42
15.02
20.84
20.89
14.3
14.44
19.34
13.13
14.03
4.76
4.7
14.53
20.11
21.03
17.89
18.67
24.97
23.56
12.39
4.78
7.98
6.56
7.23
2.89
5.8
13.02
15.05
13
6.6
20.31
23.22
20.91
18.8
16.06
2.53
8.84
10.97
8.62
0.61
-8.2
4.77
11.78
7.09
4.99
5.17
12.89
18.91
16.32
3.02
17.67
19.67
19.38
18.11
18.61
14.86
13.27
15.45
9.3
19.12
15.05
12.39
15.14
7.93
3.73
17.73
19.05
10.13
12.16
18.07
21.39
18.84
5.75
17.13
14.43
17.58
12.38
10.11
12.62
14.36
21.72
22.35
17.42
12.42
-5.26
8.13
12.66
16.15
13.02
12.51
8.27
18.77
17.55
3.9
1.94
4.39
14.09
20.42
21.08
17.57
9.3
18.27
16.23
17.51
15.19
8.81
6.19
15.79
20.3
18.84
7.58
16.7
17.89
11.12
16.2
19.61
17.73
6.98
10.11
13.24
8.27
7.08
16.81
17.43
16.64
14.96
15.61
16.05
17.66
14.19
17.6
21.2
19.96
12.15
9.92
10.67
16.35
17.24
11.13
13.56
17.52
10.47
9.37
12.34
18.4
21.33
19.29
17.33
18.14
15.04
10.78
15.01
14.98
8.34
9.6
13.46
19.42
20.22
18.74
17.89
-3.74
18.37
17.81
4.4
16.27
18.99
16.06
12.41
-18.25
11.3
14.1
4.1
16.03
18.93
12.37
9.2
16.89
15.93
11.47
7.25
12.02
15.47
14.06
12.28
18.51
12.93
8.82
16.5
11.38
14.2
15.62
17.39
12.78
18.32
8.86
19.13
20.72
13.11
-18.17
10.77
16.82
15.7
12.61
18.07
7.36
18.75
21.89
21.11
11.27
17.8
15.75
9.85
16.96
14.33
12.28
17.01
15.25
3.86
8.03
12.53
15.68
16.63
13.32
18.13
8.42
15.22
12.78
-0.7
16.71
19.89
14.4
8.65
10.44
13.43
16.43
12.38
11.15
18.33
18.24
9.97
19.35
11.71
20.28
20.61
16.28
20.22
16.43
6.16
8.83
18.11
16.2
13.39
12.32
6.97
8.51
12.56
16.3
12.42
15.51
17.02
17.29
19.33
18.32
15.84
13.45
14.45
2.71
13.3
17.4
17.78
17.87
14.9
16.78
15.51
5.62
9.85
15.71
14.62
12.82
10.97
6.03
11.32
18.11
19.84
18.18
15.13
15.4
19.03
18.27
14.41
12.3
-5.52
10.95
8.62
-1.77
9.66
14.77
16.23
15.45
18.28
17.88
18.29
14.32
-3.27
13.22
19.12
15.38
-3.97
12.41
11.33
12.71
12.09
2.76
-6.66
4.94
15.92
18.64
17.47
15.9
14.08
10.29
4.39
3.82
7.39
16.92
14.56
-3.08
8.74
12.01
16.62
17.65
-5.37
15.8
16.61
8.85
11.79
17.52
17.81
16.19
13.33
20.41
20.92
15.54
15.97
14.88
11.72
14.22
15.33
15.99
14.6
12.85
1.21
5.53
12.93
18.09
20.28
19.9
19.1
19.38
19.1
20.23
14.87
0.95
8.63
11.81
12.46
12.54
3.33
7.97
7.05
9.75
12.11
18.06
20.47
19.12
19.03
15.32
11.07
10.71
10.25
9.98
9.95
12.75
-0.73
13.88
16.59
13.33
-18.62
14.2
16.22
16.63
18.46
13.92
-7.02
9.1
11.41
0.09
0.9
10.56
12.24
12.15
18.03
17.93
13.38
12.69
15.32
17.93
18.55
13.27
11.05
15.59
15.47
10.01
3.11
-4.25
7.15
14.4
16.25
12.56
2.89
-5.99
12.1
10.51
1.06
7.33
5.95
12.01
11
7.88
13.54
13.5
9.51
17.25
19.43
19.06
13.97
2.51
6.16
15.2
15.62
8.61
6.44
13.53
11.08
6.26
-2.69
0.18
7.73
9.99
-0.35
10.99
7.36
6.4
4.43
11.7
18.73
20.87
17.33
5.57
10.24
17.05
13.59
10.4
13.79
-2.97
13.09
19.72
19.9
13.44
5.68
6.27
-2.04
3.76
6.83
16.26
16.01
3.82
6.55
9.28
1.66
-2.59
6.69
17.87
20.76
16.32
8.36
1.12
11.81
14.15
9.45
-0.9
10.33
15.28
15.88
8.69
13.06
12.94
-6.38
-6.99
8.14
10.87
14.55
12.64
17.41
20.74
18.03
7.92
1.84
-4
-1.69
6.85
2.93
11.1
14.73
15.01
10.25
6.15
11.13
15.62
15.21
14.36
5.59
3.45
10.32
15.09
15.27
11.1
5.55
9.71
14.6
16.98
15.53
11.3
5.59
8.03
13.14
9.99
11.25
5.2
2.28
0.34
8.43
8.77
6.58
14.57
16.4
11.45
4.72
11.3
2.27
10.04
13.77
11.63
12.27
6.98
12.59
18.84
19.87
17.06
11.3
16.44
12.1
12.55
16.43
13.07
7.49
7.57
9.13
9.3
1.24
8.09
11.17
13.64
15.04
14.72
8.28
5.78
-5.44
11.22
10.98
12.02
16.87
17.75
14.82
12.36
15.26
12.85
0.87
6.47
8.18
8.53
5.84
5.54
10.28
12.66
15.01
18.06
19.74
19.47
12.4
9.9
15.24
15.03
14.34
8.6
11.67
12.27
12.17
2.97
1.2
8.51
13.92
14.48
15.01
18.15
18.98
14.08
3.33
-11.58
1.95
7.96
12.63
16.31
16.43
9.98
5.14
2.66
13.92
15.84
11.83
2.79
7.97
13.76
11.03
8.91
11.05
18.07
16.5
9.12
5.01
7.92
-0.15
-0.7
11.78
17.43
17.1
15.02
14.35
7.2
9.02
10.96
14.37
16.91
15.32
16.13
17.06
9.12
-0.83
-4.46
11
11.53
4.74
16.25
16.13
-2.99
13.32
12.93
8.92
8.64
11.79
12.87
11.66
7.55
1.19
12.56
15.59
13.45
11.72
13.34
14.92
3.65
8.83
10.05
-2.5
13.41
17.83
13.96
1.35
-3.88
-6.53
6.56
6.14
6.96
9.54
9.39
8.95
10.96
15.21
13.01
11.02
11.88
10.11
9.25
6.73
-3.97
4.43
2.4
-0.55
2.85
7.11
11.44
14.86
9.46
9.07
11.02
0.98
5.8
12.53
15.98
12.07
6.31
1.69
4.94
5.77
4.92
5.4
7.56
9.17
6.13
8.6
10.63
10.16
14.37
13.71
10.04
9.86
8.67
9
12.66
13.12
7.48
1.91
-0.84
9.15
7.65
10.75
11.53
10.64
12.03
8.64
0.65
10.8
16.59
15.91
10.71
4.76
9.59
8.49
3.46
4.66
7.17
0.12
7.11
-1.91
7.22
10.19
10.99
8.79
8.09
13.95
16.67
16.03
10.85
8.21
0.12
10.02
17.62
17.87
12.85
5.36
-7.67
0.58
-3.13
4.55
9.82
11.95
11.46
13.41
10.11
-2.92
5.62
5.58
-13.2
-6.56
6.29
14.05
12.41
9.71
15.15
8.86
6.99
12.57
16.43
16.34
16.17
14.82
12.48
9.42
1.39
12.17
12.07
10.24
16.34
13.99
11.3
15.67
5.06
9.38
10.11
2.58
9.25
9.25
8.01
-1.72
-8.87
9.67
15.62
14.92
14.49
14.9
15.95
15.19
8.08
13.36
15.11
10.56
9.44
4.8
11.62
17.75
14.41
19.99
19.62
10.54
-0.44
-7.6
7.87
10.73
10.99
13.27
10.74
8.38
13.58
12.73
9.5
13.08
10.87
12.67
12.97
15.92
11.84
1.6
3.38
-0.71
12.2
11.74
10.26
15.4
15.53
12.06
5.78
10.18
17.64
17.76
16.75
14.6
13.66
15.82
18.86
16.16
11.03
13.03
13.04
11.48
13
14.87
14.34
14.06
14.68
9.63
14.23
13.86
12.06
14.92
15.52
7.62
9.32
11.28
2.47
4
11.26
15.43
13.84
7.78
-0.29
10.38
15.2
16.69
17.41
17.52
15.5
15.56
11.69
-2.15
-2.31
9.73
15.94
16.14
16.06
16.87
9.95
-12.48
5.79
6.16
2.62
6.77
3.42
6.21
1.25
10.52
9.41
8.5
12.08
6.57
3.39
4.63
2.91
11.84
7.03
-1.31
11.02
12.29
6.52
12.72
11.88
9.15
18.32
18.92
20.86
20.83
16.88
12.37
2.99
8.87
13.2
12.04
12.14
12.63
3.38
13.25
12.55
0.7
8.44
9.67
-1.91
9.57
2.13
-11.84
5.95
8.63
16
17.38
10.68
5.79
14.4
9.98
-4.02
2.69
-5.22
10.62
10.63
-4.22
9.91
13.44
11.56
10.45
8.16
9.34
10.32
13.94
7.51
-0.84
-3.25
11.12
13.9
3.51
5.78
-3.1
1.41
9.3
13.35
13.35
10.6
7.39
6.06
16.1
18.65
17.98
12.54
5.79
13.64
9.63
7.72
8.36
-7.98
9.55
9.78
3.93
-0.91
6.63
7.87
12.48
16.79
18.75
16.18
2.27
11.8
16.93
15.56
4.86
9.19
8.2
5.72
-21.01
9.59
7.4
7.63
10
6.96
10.26
11
5
2.94
-0.63
7.91
14.6
8.52
7.27
6.52
5.52
5.33
13.55
12.73
-4.53
11.55
12.93
2.47
7.88
12.91
13.36
10.29
14.99
13.6
5.14
10.92
12.87
8.2
7.82
11.57
7.57
13.63
11.71
10.28
15.45
11.69
4.95
7.35
-4.5
11.03
6.23
14
-14.47
3.33
10.76
12.13
4.42
6.03
12.19
15.53
16.45
12.44
9.92
13.5
14.18
10.16
7.05
17.77
18.48
15.09
15.63
16.89
16.22
13.27
7.31
9.65
14.58
19.22
17.91
11.65
14.29
13.76
7.13
11.93
13.33
4.51
13.62
13.78
5.75
6.69
8.11
12.77
15.55
14.17
14.7
14.61
-0.3
12.42
-4.18
14.65
16.23
12.81
11.28
16.45
18.86
19.24
14.16
11.8
14.79
10.6
9.49
15.72
17.19
13.47
-1.01
15.11
14.82
-5.05
16.11
16.19
10.16
12.8
13.51
9.01
8.03
14.22
16
15.07
7.5
6.18
8.73
18.64
19.39
15.49
8.1
15.42
12.82
14.21
18.12
16.28
-1.71
10.75
2.56
13.79
18.02
15.34
13.99
16
9.58
10.7
12.08
3.62
15.42
15.31
11.83
11.02
11.47
8.64
6.95
13.04
18.49
10.99
12.69
15.8
6.35
10.92
18.04
19.9
17.93
10.59
15.11
12.6
8.69
14.94
10.64
8.16
13.07
8.6
6.35
13.08
15.28
12.19
3.51
17.1
18.1
10.26
12.58
15.41
11.52
11.43
10.41
8.39
8.77
9.46
13.2
15.91
15.19
10.18
6.3
3.34
14.87
14.08
16.05
17.56
9.4
1.89
7.55
14.24
14.09
16.15
17.8
14.54
12.21
3.68
12.74
14.47
9.85
12.16
11.67
3.92
13.71
11.52
6.6
17.4
19.82
16.43
6.22
4.61
0.47
12.88
14.97
11.69
-2.33
13.35
18.33
14.52
11.75
17.81
14.08
16.05
16.46
8.87
9.92
10.23
7.4
10.9
13.49
14.11
15.45
19.09
16.89
8.54
6.01
13.75
16.92
16.92
12.93
10.29
15.97
16.92
15.17
12.27
1.13
9.22
14.46
11.8
5.22
10.59
16.5
15.76
11.02
11.55
16.47
16.19
5.01
-3.05
9.39
17.66
18.61
16.49
12.29
7.93
15.99
12.07
8.29
0.19
1.5
9.76
3.34
7.3
11.03
9.04
1.48
11.25
9.54
6.98
7.23
14.81
11.52
5.46
13.27
13.04
11.16
11.17
9.4
-1.92
11.3
12
3.01
8.3
7.6
-1.93
5.23
-10.93
10.1
14.13
10.55
5.56
13.14
8.55
11.99
10.84
-11.7
7.14
2.61
9.7
13.13
-0.91
12.58
8.26
6.08
13.55
14.7
13.41
16.01
18.17
17.37
8.65
7.7
8.41
11.82
10.51
10.83
11.15
1.09
8.67
6.31
6.14
16.73
16.8
9.97
6.83
10.03
4.25
3.32
12.64
16.77
16.19
11.27
8.61
10.24
7.05
12.49
11.99
12.84
15.56
12.13
4.81
9.01
9.42
11.71
12.49
11.69
5.31
13.19
16.56
12.64
3.6
10.59
13.32
12.56
13.51
18.23
16.65
10.84
-3.33
5.7
8.12
9.81
11.89
10.19
-2.56
5.97
8.97
1.41
12.12
17.27
18.07
17.31
12.9
-3.28
4.79
10.3
15.22
16.85
10.68
10.53
11.21
6.93
11.44
8.36
7.75
15.27
13.39
-14.48
6.76
8.41
12.06
8.41
8.64
5.18
12.11
9.98
14.97
18.13
15.61
9.52
5.94
0.67
14.37
15.98
14.29
15.05
16.08
14.73
12
13.33
14.63
13.01
11.19
8.28
6.18
10.71
13.99
11.37
1.19
6.48
11.54
16.39
17.18
12.95
12.9
12.97
12.21
9.55
11.86
7.46
3.46
7.29
1.77
7.16
16.01
15.72
12.67
14.6
15.69
14.38
11.66
9.4
9.16
4.53
-9.08
8.69
15.65
14.66
10.99
10.91
10.34
11.09
2.09
12.93
11.6
8.38
11.67
13.3
14.41
14.15
13.79
13.34
10.92
13.33
17.61
15.49
15.72
16.57
14.21
12.43
12.97
9.11
2.05
-11.18
-15.22
6.07
15.78
15.14
-10.77
11.36
9.29
6.34
8.71
14.39
18.1
17.03
9.61
8.72
14.37
10.88
0.64
-0.08
6.05
1.76
4.62
7.39
6.99
10.58
16.63
18.59
15.05
13.24
12.88
7.8
5.24
6.84
9.59
0.05
9.45
11.44
7.28
2.4
3.91
9.2
11.54
12.83
7.56
8.01
6.53
6.96
10.27
17
17.49
13.22
6.58
10.3
12.85
8.64
12.86
17.09
12.8
5.7
12.26
1.51
7.36
3.05
8.27
12.92
12.61
8.71
3.66
0.27
-4.14
7.6
10.28
1.27
0.44
12.09
14.75
14.88
16.94
14.46
5.89
6.72
4.33
4.34
7.38
2.16
-1.48
13.61
14.1
-5.31
11.62
5.94
12.49
10.85
7.92
12.8
11.21
5.01
15.39
12.95
-5.22
6.43
15.55
16.87
15.95
15.16
11.76
-2.68
7.11
9.05
-0.22
-3.02
9.16
7.14
8.76
4.81
5.17
6.38
10.05
12.5
8.82
15.38
14.03
11.64
10.54
13.55
10.06
9.35
10.1
12.84
10.07
5.83
11.46
14.06
11.51
11.91
7.41
11.18
9.67
13.44
17.67
18.44
15.68
12.71
7.82
11.27
13.19
13.99
13.72
13.38
11.58
20.14
19.76
12.81
0.72
7.26
9.49
9.9
13.37
18.81
20.07
16.92
12.12
13.02
12.1
4.81
16.46
14.91
11.15
17.07
6.8
11.53
11.54
13.84
15.58
11.88
11.6
11.59
10.33
2.57
6.15
14.87
13.58
10.67
11.31
-0.48
7.92
9.32
8.43
7.9
4.08
4.2
12.6
12.8
11.26
12.33
7.19
7.93
14.53
15.91
11.93
0.47
8.14
13.68
15.83
8.99
7.72
12.23
13.11
5.75
8.06
7.71
15.14
5.22
15.48
15.66
6.98
-4.83
-2.87
6.28
2.98
9.72
11.85
12.31
12.69
12.56
15.66
16.21
13.72
3.36
10.94
9.04
-1.48
5.99
-14.9
-4.13
7.71
12.08
8.17
13.04
16
9.4
8.09
4.78
-6.15
11.3
8.33
5.23
7.13
14.33
15.28
17.06
17.38
15.89
15.99
12.42
2.54
6.62
-2.19
11.37
16.26
15.12
5.54
6.8
-0.85
13.08
10.61
4.74
15.52
19.21
16.52
7.47
5.94
11.07
15.3
15.74
12.24
6.84
9.73
14
12.4
6.89
12.69
1.94
2.66
15.08
16.92
7.14
11.08
16.37
16.02
6.55
-1.96
7.62
10.3
7.12
7.4
15
13.76
8.04
1.17
10.24
10.49
14.35
18.28
14.9
11.91
10.92
-0.94
12.23
17.26
12.53
7.75
12.79
6.36
15.6
16.69
7.54
7.65
3.26
4.16
2.46
7.34
13.02
14.58
6.62
3.59
11.84
16.13
15.12
15.84
16.94
