8.62
8.41
11.68
4.71
0.29
-2.44
-6.43
-6.98
4.41
9.69
7.14
5.41
10.71
12.7
10.22
5.06
12.84
15.33
12.11
12.46
15.54
12.65
3.96
4.03
9.9
11.7
6.59
-11.86
8.67
13.62
9.4
-6.37
0.88
10.82
13.24
12.49
13.2
15.31
13.43
9.23
9.25
4.36
11.62
4.81
8.37
8.82
-4.82
5.8
-5.32
9.2
9.06
8.17
12.17
15.36
14.17
10.04
12.78
14.44
8.34
5.25
11.31
9.88
4.17
-2.06
2.66
1.31
5.98
8.38
10.99
15.63
15.05
10.49
11.02
13.26
9.23
8.87
14.57
15.71
14.61
15.42
16.74
15.11
12.82
13.77
5.96
7.98
6.31
12.25
12.36
12.08
14.21
19.56
19.43
10.37
-0.88
1.82
11.89
15.23
17.37
16.23
14.36
11.99
10.36
10.82
12.22
14.38
14.89
14.21
16.43
15.67
11.78
13.02
11.86
9.38
8.53
4.03
1.21
10.45
9
7.55
11.28
14.11
13.74
6.79
5.91
5.42
0.53
6.4
11.27
13.35
10.97
-9.27
8.74
-1.77
8.12
-1.66
10.81
7.72
8.26
11.39
9.44
10.01
3.82
9.76
10.97
-3.86
10.49
12.49
8.92
2.84
10.39
13.4
15.23
14.11
9.08
-1.99
4.68
1.47
5.21
8.61
8.58
8.17
2.09
4.8
7.75
-3.71
9
8.45
6.56
-0.34
-0.09
9.45
7.5
10.05
14.23
14.25
5.24
8.74
13.98
13.48
2.14
7.9
7.6
2.86
-2.27
11.25
9.28
4.8
-2.43
6.32
4.26
8.67
17.74
17.75
9.74
12.03
10.68
5.69
5.71
14.67
11.28
11.51
14.28
12.19
14.87
15.91
13.25
16.05
17.96
13.11
1.73
6.92
1.86
11.32
8.75
2.75
6.32
6.01
5.29
2.89
-3.04
11.29
14.38
11.31
-9.3
8.86
7.94
5.97
11.76
14.1
10.37
4.49
-1.28
2.83
5.75
7.89
5.03
0.8
7.5
9.26
4.71
-0.06
8.4
6.06
9.47
9.5
7.91
1.95
5.74
7.59
4.14
3.71
11.52
13.55
12.79
3.98
5.42
10.46
7.74
12.58
14.02
11.43
8.25
3.69
8.02
12
14.25
10.26
8.19
8.25
11.6
9.36
-0.14
10.2
8.5
-1.36
6.23
11.54
15.05
16.13
16.03
13.23
10.21
8.61
1.78
1.46
7.18
2.47
5.27
14.53
16.57
17.19
14.62
14.23
15.33
11.09
11.58
13.84
10.55
6.82
13.38
16.44
18.72
15.82
10.43
6.65
8.38
8.02
18.83
19.14
13.37
8.34
6.16
-17.3
10.56
14.67
11.27
5.5
6.63
8.55
11.5
12.82
10.75
12.85
12.33
6.84
9.48
8.81
8.52
13.36
15.73
13.03
6.45
-0.6
7.75
11.05
7.55
-6.08
9.1
14.69
15.42
11.71
8.13
13.8
12.81
6.88
13.25
12.83
11.13
8.61
5.48
1.85
4.06
6.58
-5.16
11.59
11.08
2.19
10.59
5.6
2.79
2.79
12.98
16.47
13.61
13.54
16.78
15.46
7.36
-8.5
8.81
15.13
14.02
5.13
0.05
7.48
8.83
8.3
11.68
15.04
15.62
12.45
8.34
10.88
6.96
-1.35
2.9
9.56
9.24
5.78
5.5
9.99
6.19
8.74
5.77
-3.91
-13.15
3.18
6.92
5.28
8.84
13.38
14.79
9.59
8.04
12.33
7.14
7.88
11.32
10.61
-2.72
12.9
15.78
11.23
1.45
9.44
8.84
12.33
14.89
14.75
11.73
1.99
8.4
8.3
11.5
8.89
10.01
11.64
11.22
14.86
9.46
6.39
8.28
11.79
14.79
14.35
8.92
6.92
11.54
16.22
17.54
13.64
8.23
10.31
5.55
2.35
7.97
6.64
9.38
11.2
4.45
10.02
13.86
11.67
4.04
8.81
13.23
11.74
10.74
10.74
10.17
13.51
12.63
5.9
5.01
10.93
10.58
5.14
4
4.33
10.69
8.83
5.54
9.38
9.36
3.99
6.72
10.47
12.33
7.69
2.97
10.01
10.4
4.81
-3.83
9.44
10.82
9.37
3.04
3.64
6.52
11.71
13.68
12.6
11.27
9.07
2.74
8.98
13.48
3.86
10.57
5.14
8.08
8.93
-8.53
7.46
5.43
3.23
11.42
8.93
10.41
13.11
17.03
16.39
10.93
13.1
17.64
14.62
9.52
10.47
8.07
9.52
14.43
17.53
16.91
13.89
12.93
9.65
5.39
3.37
2.9
0.58
4.2
11.31
14.48
14.46
9.59
-14.24
-1.24
10.34
10.38
-2.82
-0.33
2.41
9.08
13.81
16.88
14.97
10.36
7.42
10.37
13.88
8.77
5.93
10.96
0.47
11.24
11.83
3.19
5.17
2.53
4.18
4.76
7.53
5.17
5.42
8.38
13
15.98
12.79
6.52
0.5
1.32
6.79
4.99
12.28
13.05
12.56
12.59
14.37
12.37
-0.93
9.58
7.15
8.17
8.77
11.42
11.82
4.35
8.12
13.65
16.83
17.27
13.54
8.37
4.32
7.85
11.22
13.69
15.76
16.05
13.78
9.82
6.16
2.41
-0.75
8.97
14.74
17.49
17.08
16.52
10.45
2.5
7.11
-17.03
-0.15
5.85
-1.81
6.9
5.16
9.54
10.68
9.9
9.68
11.97
16
12.83
0.63
1.34
7.51
11.01
13.55
14.02
11.65
5.45
4.94
11.85
10.58
3.87
-0.13
4.28
11.13
12.3
14.3
14.76
6.85
-0.86
7.58
14.15
15.8
11.41
9.77
15.33
17.46
17.15
13.26
6.19
-13.27
1.63
6.13
12.66
12.45
4.75
8.29
9.94
11.02
9.64
3.34
0.53
1.85
0.8
5.48
6.97
6.42
6.56
7.09
12.55
14.81
14.63
12.52
12.21
13.6
12.64
13.44
14.92
10.46
9.68
17.08
18.91
15.36
10.52
10.86
10.38
0.84
5.93
6.2
4.03
2.35
11.97
6.61
2.31
5.87
11.82
7.9
9.67
11.51
11.36
10.46
12.22
9.58
9.34
7.92
-3.11
1.01
6.94
8.81
5.16
3.07
11.11
12.86
12.64
12.71
12.93
11.03
9.27
11.28
11.73
11.43
6.54
9.24
10.6
3.15
1.69
0.79
8.59
12.27
12.73
12.98
15.33
16.45
14.31
9.17
10.86
13.76
14.93
10.06
1.89
9.84
9.47
3.51
9.34
12.64
12.59
14.58
11.75
-9.34
0.16
7.45
10.16
11.58
13.52
11.94
9.1
4.54
3.45
9.05
9.98
6.65
8.79
9.16
2.92
13.21
8.37
0.31
5.4
10.19
12.75
11.79
12.06
-10.19
11.81
14.87
15.96
15.1
12.5
10.18
3.52
-1.63
4.42
7.37
-1.92
6.47
10.06
9.64
9.27
11.28
7.15
3.27
11.72
14.7
14.27
13.03
12.44
20.74
21.75
22.27
21.31
17.89
20.91
21
15.08
24.95
26.98
23.15
20.56
9.11
15.68
8.35
20.79
18.45
15.33
25.96
24.58
8.95
15.38
14.4
14.64
20.85
22.65
18.79
14.7
23.3
22.96
16.08
15.97
19.99
18.93
21.9
23.78
23.63
21.29
15.23
8.09
12.12
15.52
17.96
17.25
-1.56
18.18
26.34
30.4
27.9
18.79
18.41
16.51
23.31
16.01
21.4
19.22
11.43
9.09
15.79
6.66
7.42
21.76
22.7
17.74
13.66
12.89
19.51
20.46
14.81
14.21
2.51
6.9
1.77
12.08
19.24
17.94
7.88
16.68
15.57
5.28
14.79
25.9
29.22
26.81
23.3
20.74
20.95
3.9
23.46
24.75
24.77
28.11
27.46
21.83
23.57
28.27
24.77
17.88
17.94
16.84
14.85
22.97
23.33
16.7
14.49
22.66
20.71
14.9
23.05
23.2
20.04
16.67
17.58
13.72
16.39
19.89
19.24
22.77
20.18
9.51
21.86
23.7
21.05
21.02
21.48
15.82
18.41
21.58
26.79
21.48
16.68
15.38
20.56
23.93
16.73
17.68
17.04
10.14
10.22
12.7
13.61
17.46
19.94
13.69
22.1
29.21
28.81
23.97
21.03
12.67
21.41
25.32
21.86
19.72
10.87
21.91
27.27
26.49
23.29
20.46
20.34
23.67
23.63
5.89
21.83
24.75
22.04
14.36
18.89
24.62
19.15
11.9
19.12
22.2
23.48
24.87
24.22
14.37
20.21
9.58
10.68
19.79
27.64
27.57
27.25
30.84
30.14
26.17
24.37
20.18
17.57
12.75
15.89
15.22
11.8
13.67
7.58
18.19
22.06
14.99
22.62
26.14
18.41
8.24
21.83
23.65
17.99
0.85
13.43
12.55
10.34
22.25
27.25
27.38
20.78
21.71
17.77
23.5
26.45
24.49
20.25
18.76
18.25
16.02
15.7
16.91
17.3
13.73
18.51
20.94
15.76
13.73
21.81
23.25
20.67
20.22
21.36
14.16
12.98
9.62
9.63
15.75
18.57
15.42
18.65
18.08
19.49
25.61
28.27
27.65
20.52
12.7
16.33
14.69
22.11
19.82
19.5
17.72
16.14
23.67
27.72
24.84
23.51
19.7
7.78
12.4
18.88
16.38
10.03
15.27
-3.27
21.85
24.67
16.87
13.09
16.74
16.77
20.13
22.78
21.96
18.71
14.89
22.04
25.08
23.53
15.86
15.03
10.88
16.78
19.88
1.06
15.38
22.43
26.39
27.58
26.54
22.33
21.21
8.02
20.05
16.48
15.34
21.06
20.72
20.78
11.33
19.26
19.66
12.92
-23.01
19.26
23.26
22.09
20.79
15.29
15.65
12.36
1.79
12.41
18.39
16.76
13.14
5.81
19.67
23.91
24.29
20.89
3.87
18.68
19.82
14.47
4.28
11.02
16.8
12.74
6.69
5.48
5.24
8.63
12.22
14.08
2.49
17.45
19.08
17.1
16.82
17.95
14.33
12.38
18.22
18.1
9.01
1.2
11.29
11.34
18.58
20.57
19.83
11.83
7.21
13.77
15.21
9.27
2.56
3.16
11.91
10.9
6.64
11.2
15.18
14.71
5.44
6.36
10.52
4.18
17.58
15.55
10.76
14.34
15.05
4.99
10.48
3.32
12.05
13.57
13.05
6.2
6.76
9.21
9.42
13.61
15.45
15.12
15.65
15.42
12.08
11.29
13.86
17.96
18.72
21.5
25.69
24.74
22.18
23.8
23.83
21.33
20.02
16.33
6.52
19.57
20.71
13.92
12.84
17.12
24.42
26.43
24.13
23.71
21.86
12.78
10.2
15.45
22.24
23.31
19.55
16.81
19.71
18.36
18.4
22.27
23.23
20.69
24.97
24.02
15.76
11.27
21.67
21.12
13.21
21.48
23.74
23.33
26.4
26.95
24.46
21.36
18.51
9.77
19.06
17.86
14.72
21.27
22.46
22.03
19.97
18.31
12.87
13.25
16.28
24.13
27.25
25.24
20.1
21.6
21.89
21.08
22.21
24.11
28.11
29.21
26.13
19.19
22.15
18.63
24.44
25.26
20.82
16.78
8.08
19.03
24.72
24.63
22.35
23.73
25.56
25.47
23.65
20.83
19.04
19.74
20.94
20.87
16.93
14.35
22.34
21.81
25.07
24.97
20.31
19.94
19.08
9.56
-2.02
24.31
25.11
15.93
17.22
13.94
12.34
18.14
27.07
29.82
29.8
28.86
27.37
23.37
19.5
18.54
16.02
19.91
23.67
23.07
23.29
23.56
19.07
15.41
20.64
22.94
22.08
17.97
16.84
15.29
22.79
20.06
12.49
22.48
23.16
18.53
11.21
18.22
20.22
23.96
24.21
22.97
8.11
21.37
25.58
26.14
21.41
14.84
15.75
21.08
24.89
26.87
26.97
27.03
26.63
17.07
18.51
21.34
22.8
20.49
18.68
16.42
22.19
23.2
20.49
18.29
16.38
16.61
19.9
18.67
14.43
23.86
25.73
27.13
26.31
22.2
9.18
15.66
19.7
22.36
21.38
18.89
22.46
20.23
17.81
22.8
25.49
22.71
14.73
15.83
12.55
16.75
16.99
24.21
24.15
23.26
19.47
8.98
20.28
19.03
14.58
7.99
17.62
15.55
17.11
14.04
19.93
22.53
19.83
25.66
28.14
25.03
16.71
19.26
23.81
24.36
26.07
27.61
25.4
14.44
12.98
18.26
10.07
17.78
20.57
22.57
24.58
22.06
16.78
20.13
23.28
22.86
20.54
20.49
22.85
23.04
18.64
16.57
24.05
22.34
17.48
26.19
27.07
24.06
18.39
17.6
21.26
21.13
15.61
14.87
23.89
26.84
24
21.09
18.82
16.24
21.04
5.23
21.39
18.9
17.35
24.69
27.11
24.99
19.88
20.01
25.44
27.67
26.13
22.04
20.2
17.04
5.84
12.87
19.8
17.51
22.96
21.81
2.85
23.22
27.12
27.94
24.82
18.98
22.83
25.5
18.72
13.17
13.34
8.25
9.9
21.19
23
15.76
9.72
18.14
19.83
21.82
22.09
23.99
21.09
18.19
18.43
9.69
14.2
20.68
20.78
13.59
21.34
21.96
17.84
13.9
13.51
16.53
17.87
14.97
12.7
15.13
8.93
6.5
16.63
-2.2
24.27
26.63
23.84
20.96
11.07
15.04
15.46
13.18
13.76
22.5
20.22
8.52
18.81
18.11
20.39
17.3
20.68
23
22.5
21.03
18.88
21.92
22.21
18.72
11.99
12.14
17.83
17.96
12.92
6.97
10.69
17.33
14.77
11.57
21.42
24.08
22.41
21.72
25.21
25.65
23.66
22.55
21.79
23.62
21.68
17.61
20.66
24
21.27
20.68
22.14
23.93
21.37
10.89
9.85
11.85
12.58
7.53
21.22
21.06
18.73
19.71
18.12
21.99
22.89
20.34
12.89
15.52
19.79
22.64
21.37
19.99
18.61
19.3
19.49
22.44
12.06
17.13
4.95
-6.88
18.13
25.36
24.62
19.7
7.08
18.38
11.98
19.99
24.98
22.22
26.93
26.27
20.76
25.63
26.18
18.46
21.67
21.32
20
22.12
19.79
22.86
23.01
20.34
23.62
22.12
22.59
28.05
29.63
26.96
20.22
20.68
21.47
21.52
17.83
17.74
4.7
23.88
29.11
28.17
20.31
23.3
26.07
24.76
11.99
23.23
27.37
25.65
25.59
25.42
21.02
19.93
22.46
21.69
19.27
17.45
19.28
19.08
24.52
24.4
18.82
19.07
18.15
12.6
20.6
24.43
22.93
19.61
13.05
13.13
19.06
14.08
15.94
20.98
22.76
22.42
18.29
9.51
16.91
14.11
17.63
20.04
14.89
21.14
26.49
22.25
11.29
14.82
12.78
23.46
24.11
23.62
20.75
20.31
22.31
20.94
23.09
25.61
24.06
16.23
15
22.74
24.62
16.41
11.83
13.86
17.18
15.42
8.83
17.73
23.22
19.09
11.71
19.94
19.03
18.71
17.76
13.44
-0.77
9.02
18
25.15
27.34
26.75
27.15
24.29
25.69
27.25
23.24
21.45
20.38
20.63
19.79
11.19
21.84
27.23
31.86
31.56
24.72
14.6
23.09
26.54
29.17
24.71
10.46
30.17
33.83
28.32
18.83
-6.03
28.49
30.84
23.95
19.45
15.33
17.65
21.6
23.15
21.95
19.68
24.58
27.42
24.09
15.53
23.13
27.92
24.16
16.66
21.27
10.54
27.01
41.64
45.91
41.76
29.16
18.05
12.82
9.4
15.23
17.96
25.4
25.53
21.75
20.69
20.94
21.37
13.21
15.1
8.46
25.76
25.61
12.51
16.68
19.94
21.34
23.7
22.25
22.52
23.88
35.81
44.65
44.83
37.16
29.96
27.6
22.23
13.69
27.86
29.6
24.72
7.37
18.84
20.75
20.09
22.11
23.9
21.92
21.62
23.04
28.12
29.66
29.41
34.2
31.24
8.86
27.13
27.28
24.74
22.15
20.52
20.74
18.15
21.26
26.27
27.55
25.83
25.48
24.82
28.05
29.07
25.52
21.87
24.85
23.78
22.01
22.11
11.35
14.71
8.92
17.37
11.55
38.33
43.16
39.33
31.01
23.41
20.84
23.3
21.06
11.99
22.34
27.68
28.97
34.55
33.05
21.29
21.48
24.81
20.96
14.43
17.11
13.31
20.43
28.22
27.92
23.38
21.78
21.61
19.26
19.03
20.24
35.52
42.31
38.06
17.75
18.38
26.03
26.89
23.61
21.04
16.17
18.78
26.57
29.18
28.59
26.11
25.76
23.97
16.38
10.06
14.37
19.98
16.26
18.62
19.6
15.04
21.14
21.45
23.17
21.08
24.41
23.83
16.55
21.13
18.24
10.38
19.91
28.56
30.27
25.08
11.92
14.35
24.25
25.85
21.98
18.59
27.12
28.68
27.32
25.15
22.12
13.32
15.82
27.3
37.46
37.29
29.48
25.94
24.83
17.11
18.05
26.29
28.02
22.83
15.71
22.67
23.7
19.91
24.6
22.19
19.47
22.11
19.84
10.15
7.88
18.24
24.86
19.96
12.95
21.58
23.8
20.25
21.02
21.71
18.9
24.44
26.82
28.46
33.67
34.16
28.45
13.71
-1.14
15.98
18.14
12.26
15.31
24.25
27.43
25.46
23.78
22.42
22.92
22.7
10.86
19.82
18.06
17.15
14.37
24.9
28.93
26.44
4.98
28.08
30.18
30.63
25
20.93
29.19
29.11
23.41
8.91
16.13
14.39
21.61
34.15
39.64
37.66
28.92
26.5
24.22
9.63
22.01
18.43
19.6
34.26
39.19
37.32
28.45
9.23
31.91
38.87
44.06
44.79
37.22
21.67
25.14
24.11
26.15
23.62
11.12
25.68
27.51
24.34
17.42
19.6
29.27
32.18
21.79
20
16.48
25.51
28.15
25.25
15.93
19.05
32.92
34.61
26.22
19.46
23.26
26.05
25.28
22.15
23.99
23.16
20.97
3.98
8.94
22.93
25.64
23.85
30.18
29.6
23.34
12.13
15.7
26.76
25.93
14.25
24.32
27.34
24.76
25.97
26.57
23.68
28.81
33.27
31.87
22.24
30.89
25.81
28.09
34.77
47.05
48.35
40.99
25.86
25.54
29.38
28.25
23.45
38.48
48.08
48.22
38.6
17.18
13.57
16.82
16.62
15.53
27.61
30.03
31.36
31.46
26.74
28.06
34.29
33.45
30.45
26.54
15.8
16.81
29.18
32.1
26.21
10.37
17.52
30.37
30.82
30.45
30.97
25.26
25.24
29.64
30.02
29.37
26.51
24.53
28.52
30.71
28.31
28.95
30.27
27.41
22.67
22.26
25.74
24.69
26.62
32.52
35.85
35.03
30.39
29.77
34.02
32.03
33.81
35.67
34.41
31.88
27.51
23.87
23.1
21.84
22.76
28.01
29.53
30.7
29.21
12.68
25.17
25.65
27.91
29.62
29.42
27.34
24.71
27.56
23.66
14.07
24.66
29.66
24.99
24.73
32.2
35.84
35.59
32.09
29.48
26.26
27.38
32.08
32.72
28.68
19.23
26.11
20.27
32.79
34.8
32.58
22.22
24.19
20.33
18.7
21.48
25.44
26.96
23.09
24.93
28.17
29.04
30.14
25.5
23.9
30.47
29.46
25.83
26.41
28.22
25.32
12.09
11.96
24.7
28.59
27.04
22.4
30.3
20.95
29.74
29.03
19.24
22.96
19.36
27.6
29.66
27.34
31.18
32.67
25.15
21.52
19.76
18.56
22.5
20.52
29.49
29.26
25.6
21.66
21.08
22.48
22.5
23.02
24.4
20.52
11.39
22.19
21.99
20.33
20.08
13.26
28.85
29.97
26.89
28
24.71
20.86
28.79
20.32
21.85
25.73
25.97
25.83
25.36
27.71
28.56
29.02
27.8
21.96
22.22
29.07
29.06
25.12
27.63
29.36
30.02
27.24
26.07
29.54
23.2
26.15
22.27
21.9
23.83
19.85
28.57
23.67
18.54
24.92
25.08
24.41
27.74
27.28
19.78
2.5
18.17
23.76
28.37
28.83
26.59
24.83
23.07
16.61
21.5
26.46
24.34
12.2
22.69
23.74
16.87
9.66
20.16
22.56
23.17
25.3
21.45
12.7
24.09
22.65
13.3
22.79
14.24
22.67
25.91
21.9
11.3
21.06
25.77
22.46
8.03
19.62
18.58
18.42
21.48
23.9
23.72
18.1
19.67
25.47
24.75
25.31
24.18
16.64
8.94
5.27
21.35
21.71
17.26
15.54
15.54
25.76
26.59
23.2
23
27.45
27.42
26.31
24.69
23.36
18.81
14.99
13.39
24.37
27.02
24.2
15.95
19.11
5.33
21.63
26.47
24.77
21.05
20.07
22.98
12.29
13.2
15.28
16.98
21.89
24.68
26.81
25.81
17.87
17.04
19.65
21.88
19.13
20.98
23.68
22.45
17.69
6.15
17.33
27.46
24.09
23.95
25.07
21.59
18.95
23.55
24.77
29.45
26.06
19.22
18.63
14.69
25.45
20.86
17.96
24.9
24.84
14.7
0.81
27.69
30.68
25.8
27.98
32.88
28.96
29.55
27.19
21.1
28.54
27.62
27.64
29.04
22.38
22.52
28.9
32.92
30.21
23.17
21.09
19.38
13.72
29.31
29.33
26.58
26.8
29.43
32.16
30.82
25.03
21.67
28.19
32.04
31.78
27.06
12.44
26.39
26.74
25.77
26
24.07
17.36
22.75
26.82
24.69
27.91
31.01
24.07
27.18
32.01
27.28
27.26
23.76
11.14
18.34
26.28
28.98
25.34
31.29
37.91
33.69
19.32
24.28
18.95
21.51
24.63
27.26
16.89
27.16
29.33
28.63
24.08
19.71
23.19
16.35
25.87
28.79
30.08
27.53
13.63
13.64
21.37
29.47
28.98
23.7
15.66
26.31
27.64
25.84
27.89
26.4
25.11
24.67
17.9
17.93
20.49
22.51
3.26
24.71
26.48
29.29
24.7
23.66
20.44
13.8
19.26
23.15
13.94
24
29.08
28
25.28
21.3
16.31
14.93
13.75
24.19
24.37
15.5
24.84
20.86
22.54
23.73
21.48
23.37
21.98
13.79
20.67
15.49
19.7
25.41
23.9
19.06
18.98
30.52
32.13
27.91
21.13
23.49
27.66
30.66
26.68
17.2
9.27
11.9
26.29
29.91
27.52
26.25
27.94
26.33
23.92
27.8
28.59
27.94
26.1
23.32
20.04
9.11
17.58
14.47
28.75
31.41
28.62
21.14
17.63
19.67
20.62
22.88
22.79
22.8
22.4
11.84
19.19
15.43
12.82
23.37
22.43
5.33
21.66
25.19
20.36
5.83
18.42
24.9
26.06
25.99
27.48
28.33
25.35
22.82
23.84
25.38
25.44
21.51
23.38
0.41
19.2
15.79
15.07
15.96
15.3
13.97
14.32
17.67
20.06
24.42
22.5
11.31
15.75
17.14
19.4
17.66
14.51
19.4
20.39
20.02
20.83
16.11
13.44
21.75
22.11
15.74
12.38
17.49
21.89
24.51
21.15
19.51
24.05
28.07
27.73
24.3
26.86
28.82
24.76
13.96
18.59
21.79
21.04
21.51
19.23
13.65
16.71
18.81
17.27
19.07
21.04
21.16
12.62
15.98
16.52
16.56
20.15
25.15
27.74
24.11
15.99
22.4
23.11
20.96
23.25
25.49
23.53
21.96
22.7
23.12
19.07
11.94
13.77
11.32
19.66
13.79
12.55
17.18
19.97
9.5
10.89
8.49
15.6
16.58
7.73
3.63
8.24
-5.76
6.99
20
19.08
11.23
16.67
20.3
22.9
21.75
17.21
19.36
19.9
19.22
3.91
11.73
-0.65
11.45
9.29
20.51
23.87
21.07
20.16
22.9
21.63
17.51
22.36
21.95
13.22
14.83
11.96
19.88
14.69
19.91
24.65
22.69
13.79
21.3
24.24
21.01
13.07
15.55
19.01
22.51
22.22
15.67
12.99
16.46
17.06
16
15.43
15.57
11.6
21.41
22.24
22.82
25.14
20.88
16.87
19.27
18.84
15.73
16.5
18.75
20.54
17.32
7.92
7.72
12.16
17.77
18.32
18.24
17.1
15.6
15.2
0.06
16.36
13.91
12.85
13
0.11
8.62
7.07
10.23
20.79
22.85
20.93
11.99
18.51
15.19
10.43
15.75
12.04
22.8
22.22
2.57
17.65
24.46
21.79
20.55
19.11
18.1
6.62
17.63
12.35
19.37
17.77
14.28
9.16
7.08
-5.86
15.84
20.8
20.95
25.07
21.75
0.37
21.52
23.71
17.9
11.44
13.16
-1.29
10.25
19.64
18.74
17.22
17.47
17.73
26.14
28.3
22.43
17.61
18.89
13.36
22.71
21.22
19.51
21.39
24.2
24.75
26.6
28.26
24.76
17.71
15.99
24.74
20.35
11.29
21.32
19.26
19.15
19.62
21.48
25.11
21.98
20.67
18.76
13.5
12.6
18.42
15.93
21.61
21.12
21.77
18.32
14.4
19.15
22.76
20.8
18.57
16.14
10.3
11.47
15.2
22.17
22.25
17.76
21.68
24.82
25.34
25.21
24.81
20.22
16.52
13.92
1.32
17.22
17.84
18.93
20.32
13
22.52
15.51
12.95
13.45
14.47
20.86
24.8
24.62
20.86
13.26
7.46
6.75
14.57
13.92
18.35
17.72
15.28
18.46
24.4
24.48
20.36
16.17
20.16
20.78
19.53
24.16
18.38
21.43
24.84
21.59
11.16
17.61
15.35
24.2
21.95
26.54
26.09
22.71
19.88
21.94
25.16
19.21
10.89
8.45
13.18
19.52
23.7
27.12
25.36
25.32
30.73
36.07
31
20.18
16.71
21.88
17.18
16.26
10.12
9.88
21.75
23.15
19.15
15.11
17.51
11.95
15.14
17.92
16.44
20.87
23.1
18.84
14.86
11.73
18.25
19.79
20.28
13.46
8.09
7.8
5.23
19.33
20.5
15.25
15.78
11.84
20.95
18.08
15.37
11.68
19.05
15.11
7.28
9.89
20.65
21.62
16
16.06
21.42
21.49
19.76
15.19
17.68
16.63
13.56
13.69
22.35
22.76
16.07
5.71
-10.65
19.29
22.09
18.98
20.33
9.59
18.38
22.47
17.51
15.33
15.13
17.48
16.82
3.78
14.14
7.6
16.61
22.29
20.19
18.1
9.7
19.51
10.67
15.32
16.63
15.79
14.85
13.74
9.21
5.44
-1.48
13.77
16.78
11.81
18.09
20.86
21.29
12.74
16.77
18.2
22.66
25.59
24.38
19.07
20.05
21.82
14.05
25.32
26.95
23.6
18.51
14.87
7.34
14.59
17.88
20.04
21.53
18.07
15.4
20.66
14.5
20.38
24.79
24.34
24.33
22.07
18.21
12.34
9.7
15.98
19.77
19.78
23.37
25.44
21.46
19.12
20.34
12.57
13.15
15.47
10.8
10.42
17.66
19.4
12.46
12.38
15.56
16.92
14.47
16.75
20.1
12.57
18.68
17.86
13.18
14.69
18.94
18.51
12.91
14.79
14.61
17.32
10.1
13.85
20.29
18.69
10.59
17.31
16
17.02
20.36
22.79
25.42
25.4
21.92
18.58
7.29
13.18
15.94
18.72
16.33
14.66
18.48
17.51
14.2
13.62
18.06
22.34
23.1
21.56
20.62
11.15
14.49
15.66
9.36
16.47
9.71
18.15
22.5
20.25
5.29
19.22
19.44
21.81
21.91
21.57
20.82
10.49
15.26
19.41
17.62
19.12
22.91
20.62
17.43
23.93
23.39
18.35
14.77
15.7
17.24
9.65
9.08
15.8
17.25
17.61
21.8
14.25
19.62
22.17
18.37
20.14
19.57
16.88
21.11
17.62
6.78
3.57
8.17
9.22
22.56
24.36
16.89
20.78
21.8
20.22
21.43
20.87
19.22
12.59
4.94
10.59
10.14
13.67
15.27
14.41
16.52
18.74
15.29
10.01
8.78
12.22
10.81
4.52
11.32
16.56
18.98
19.43
18.22
16.7
13.47
7.12
1.65
11.66
14.85
14.87
13.07
16.75
19.99
20.26
14.8
4.2
7.51
10.71
15.16
9.99
5.69
9.08
1.55
-5.34
15.85
20.07
20.33
22.43
17.08
12.55
11.13
13.18
21.91
22.15
15.97
2.91
9.99
1.81
11.21
15.78
14.88
9.72
14.31
19.14
20.24
16.98
9.11
12.45
14.71
18.71
20.04
16.78
16
15.06
7.61
13.41
16.49
14.62
21.6
22.73
13.21
18.77
19.09
14.13
5.92
7.68
6.41
10.34
16.06
15.64
15.55
11.23
4.75
15.45
18.31
11.65
8.44
8.05
9.21
13.91
7.76
11.67
14.03
7.74
17.25
18.86
16.84
14.64
10.9
13.85
20.55
18.06
11.97
5.77
16
18.79
17.06
10.75
11.21
17.3
17.19
13.43
9.75
2.86
9.85
15.75
15.59
17.37
18.27
15.12
10.04
9.25
14.19
13.63
7.75
17.89
15.06
3.03
4.4
-2.75
0.07
1.57
11.98
15.29
12.69
14.41
18.47
17.59
12.66
-1.93
12.79
15.03
14.51
13.5
4.56
6.59
13.14
1.03
15.53
19.92
17.67
15.04
14.53
11.28
6.16
13.03
13.19
16.1
17.13
15.78
14.37
14.64
3.2
12.9
13.02
14.93
12.94
11.98
11.3
12.52
10.78
-3.89
9.15
15.52
17.48
19.54
18.1
7.7
14.11
17.34
11.67
6.22
6.79
4.68
12.57
18.97
18.39
8.63
17.52
16.17
6.22
17.77
19.72
18.44
14.4
12.24
13.52
13.8
13.69
20.9
20.96
14.67
15.4
16.32
12.43
15.99
14.02
11.33
21.3
22.49
20.35
16.16
9.16
11.4
16.37
16.1
13.38
11.32
12.86
1.49
14.39
17.04
17.32
16.51
11.52
12.82
14.27
15.62
16.54
8.13
16.57
19.48
17.33
8.63
16.09
11.33
12.45
13.62
12.65
11.86
14.87
18.69
17.64
18.57
17.36
11.32
15.04
18.14
17.33
4.26
12.63
13.74
19.86
21.67
17.7
12.42
12.77
1.6
13.12
15.97
20.66
20.63
16.59
13.53
14.94
14.08
12.59
7.97
13.81
20.24
22.98
21.71
9.62
4.26
15.49
20.17
21.26
18.94
17.7
13.81
15.44
20.77
22.53
17.98
-4.71
13.54
19.39
18.72
14.8
16.86
20.2
21.61
17.68
10.16
16.77
19.62
18.85
15.99
9.4
14.15
16.31
11.68
16.06
19.12
17.62
11.57
10.98
13.12
16.47
13.49
8
18.15
18.05
16.62
16.71
7
13.85
7.46
16.38
18.04
15.92
11.44
11.03
9.4
9.21
14.71
17.26
19.81
19
9.88
20.07
20.39
10.38
15.8
16.62
15.17
19.08
14.57
2.89
10.17
15.93
7.91
12.34
10.81
13.86
13.17
13.47
16.34
4.81
-2.73
15.86
15.58
10.42
9.93
10.68
15.38
14.12
15.81
16.9
15.07
18.49
20.25
18.68
11.02
6.72
2.41
-2.98
12.49
19.9
18.74
12.63
2.72
9.41
15.05
15.79
14.4
9.83
9.88
16.47
14.71
11.05
12.18
14.57
18.79
18.3
12.96
7.46
12.22
14.94
14.05
3.43
9.43
11.47
11.3
9.23
13.31
7.31
-1.64
6.44
14.54
13.6
20.93
20.22
10.77
16.27
11.24
13.16
13.81
15.95
19.39
21.77
21.98
19.67
15.5
16.27
20.21
20.75
20.19
19.06
13.96
13.65
15.13
15.21
19.82
15.78
14.2
15.01
16.53
13.42
8.09
14.71
21.88
21.36
17.2
6.66
17
19.94
18.31
14.73
18.3
19.72
14.57
5.72
17.81
19.79
18.49
19.51
22.99
25.43
24.47
14.31
17.51
20.28
15.83
12.48
21.39
14.68
16.91
16.43
4.98
10.38
9.2
20.99
24.91
21.03
19.36
24.34
19.83
19.79
22.34
24.03
22.25
10.13
17.03
18.66
13.27
14.75
21.17
22.9
20.04
20.1
24.91
24.78
21.96
16.68
15.38
13.14
10.67
14.03
10.23
16.61
21.31
15.32
15.19
20.3
11.79
18.09
19.95
16.28
16.5
10.58
18.4
19.92
6.66
19.05
22.3
10.11
17.69
16.33
17.44
17.53
22.4
22.44
11.51
13.23
17.78
14.21
17.91
16.41
12.16
16.88
8.18
15.51
16.58
17.45
18.97
14.39
23.39
23.27
17.97
8.83
5.82
4.46
7.14
16.64
20.78
20.34
16.96
16.88
20.03
17.21
17.23
9.63
12.5
17.45
16.48
-5.33
20.34
21.98
20.26
22.12
20.12
12.05
14.95
13.91
14.21
18.29
13.91
13.14
5.75
-6.02
13.15
19.86
16.2
21.08
23.64
16.41
14.41
20.04
20.18
20.02
18.33
12.72
15.43
8.16
12.66
19.67
19.44
15.78
12.99
13.84
15.45
13.4
15.54
15.83
19.9
17.09
20.78
21.84
15.24
8.7
20.43
25.02
22.85
9.69
20.68
20.35
18.82
17.8
3.37
15.51
20.79
19.68
17.68
20.7
18.78
10.73
23.01
24.62
25.2
24.38
11.61
19.11
23.3
21.17
12.96
19.07
21.56
21.65
19.72
15.99
7.34
12.45
14.17
16.41
16.62
16.4
14.74
16.35
21.16
23.89
23.63
21.86
8.14
20.24
21.88
15.11
5.77
-6.54
14.05
18.05
17.58
15.67
13.18
8.59
18.09
22.09
18.61
14.37
20.13
22.86
22.33
21.44
16.12
17.35
21.35
20.45
12.62
12.91
18.08
19.7
19.17
19.77
18.46
17.11
22.06
25.04
22.92
16.06
14.25
21.02
24.41
23.04
22.17
25.17
24.29
22.72
22.16
16.65
11.92
19.28
22.92
21.21
14.4
11.28
10.17
6.61
14.37
19.21
21.04
21.99
16.06
20.55
23.04
19
16.06
18.61
21.4
19.66
9.89
10.47
16.08
22.66
21.76
10.98
10.29
12.8
12.19
-0.47
10.27
13.5
11.83
12.71
22.19
24.79
22.59
18.3
20.85
23.77
24.19
23.64
9.26
22.81
25.09
16.74
20.4
20.49
19.52
13.6
2.46
6.96
10.79
17.67
20.5
22.71
23.73
21.28
7.28
20.63
23.49
20.49
20.81
21.17
17.09
20.1
21.15
16.78
13.64
20.17
22.55
18.81
13.24
16.37
10.86
14.76
17.23
20.61
17.45
16.5
23.65
22.98
21.39
18.57
19.04
21.94
24.9
22.39
17.72
20.71
21.94
24.34
23.78
21.43
19.86
14.7
12.17
23.22
24
15.97
16.23
17.62
16.5
19.32
9.34
17.44
22.32
21.43
17.59
17.25
14.06
5
17.86
17.41
7.57
-0.57
5.8
14.37
9.54
11.49
5.41
17.87
19.2
15.37
14.44
15.84
20.05
22.85
18.02
15.08
18.75
18.64
16.19
19.49
21.45
13.17
11.87
9.25
15.9
14.9
10.33
4.33
16.51
20.38
20.42
20.56
19.59
17.27
14.66
9.96
15.06
12.31
9.26
9.98
16.81
16.75
6.86
11.87
15.06
20.38
18.99
18.3
16.5
6.98
11.43
15.38
18
18.6
15.65
12.75
19.27
19.22
9.58
6.21
13.11
12.2
6.51
11.1
16.07
16.76
14.59
9.89
19.99
13.55
14.32
17.57
10.75
-1.28
7.24
11.57
7.66
12.99
19.57
19.67
18.09
13.47
14.42
17.6
12.6
10.86
3.43
13.7
4.4
14.84
10.73
2.35
10.67
13.24
16.38
15.42
19.63
14.66
14.72
17.55
11.22
16.28
14.95
19.4
13.25
16.47
14.03
14.75
20.14
19.17
10.7
17.71
23.45
22.09
16.72
19.77
-0.86
20.03
14.38
18.14
22.24
17.38
12.23
12.93
21.12
19.37
9.03
18.29
18.19
20.39
17.18
11.3
11.23
18.57
15.88
-6.08
5.04
17.55
15.28
17.14
20.34
14.47
8.54
18.32
20.22
16.12
14.5
14.68
-3.79
15.4
16.88
12.67
-1.64
11.11
18.47
17.37
13.34
13.04
11.47
10.82
-1.52
7.45
2.82
17.66
16.94
19.33
21.63
19.51
7.54
13.28
15.79
7.19
13.34
19.43
18.16
3.17
11.39
10.95
7.66
16.78
19.07
17.16
18.37
16.4
13.85
17.1
12.33
7.74
16.84
17.85
-4.07
17.28
13.61
14.84
20.19
20.09
20.06
17.42
19.5
15.15
9.94
17.16
16.89
16.21
7.75
16.92
13.06
14.69
19.06
22.52
23.05
17.29
7.72
8.7
20.78
18.74
13.4
19.4
12.44
6.91
5.96
19.4
19.8
20.72
20.93
9.7
17.05
17.89
12.43
18.21
13.9
11.56
10.33
-1.39
15.16
17.87
14.66
17.25
18.62
11.01
7.98
-0.32
18.44
21.4
17.42
11.97
11.21
15.31
18.01
17.9
13.98
14.14
17.34
1.17
4.9
10.77
19.19
20.48
14.31
9.28
12.61
14.76
16.2
5.78
18.57
21.04
16.93
14.65
19.76
20.42
16.95
22.38
12.32
18.94
7.32
17.38
16.69
4.79
19.85
22.43
19.55
17.83
13.51
14.64
18.34
21.64
19.23
15.7
11.18
16.82
22.72
23.11
19.99
13.28
11.25
11.76
8.04
11.4
21.42
20.72
15.05
4.48
8.31
11.55
19.08
17.18
15.72
19.16
15.42
8.68
15.4
20.29
17.92
14.86
15.74
8.86
12.11
20.14
22.02
19.62
14.74
16.55
15.69
15.89
16.58
13.61
19.53
13.35
9.16
13.26
17.02
18.25
18.28
17.96
14.18
1.39
9.53
9.34
8.7
15.47
19.12
15.76
19.51
18.28
11.05
17.64
18.98
18.78
10.24
11.94
2.28
18.05
16.39
9.28
20.55
21.03
17.36
17.75
19.33
15.75
7.41
16.22
20.65
22.3
19.58
11.35
18.38
11.49
16.24
6.51
15.55
14.96
15.44
14.64
7.41
17.2
19.3
15.5
4.52
11.32
14.51
11.36
21.37
19.99
9.79
7.33
7.6
-9.49
4.42
9.94
10.56
4.26
11.69
11.66
11.32
17.33
19.31
14.93
-4.89
12.75
15.19
14.64
16.47
19.11
12.64
9.37
12.39
17.02
16.46
15.83
18.21
11
13.7
17.31
14.86
12.26
11.94
9.69
12.05
12.75
13.34
12.12
2.51
7.24
1.1
7.54
8.68
14.74
9.98
7.9
14.67
12.15
8.84
3.21
9.68
8.62
3.26
2.56
8.6
8.77
10.38
11.82
-0.74
16.76
17.22
5.29
17.75
19.04
12.7
-6.11
4.97
12.99
11.34
6.96
12.51
13.79
11.38
6.09
15.01
21.21
18.99
11.7
10.21
11.52
6.47
1.98
2.62
12.83
14.06
8.71
5.88
10.91
13.06
11.73
-4.25
6.7
3.05
-3.2
8.17
11.87
7.74
6.93
12.39
9.54
4.83
0.65
10.69
13.66
10.37
5.58
14.71
15.48
15.35
12.32
12.21
14.76
6.62
12.94
8.77
12.82
12.03
14.21
16.82
8.71
11.86
13.32
9.84
8.87
13.24
14.77
11.84
12.56
14.84
13.42
10.85
6.77
6.84
15.45
14.18
3.8
-27.52
-7.33
6.44
15
18.56
18.93
13.21
8.29
9.95
2.95
6.17
12.76
15.52
13.51
3.2
4.23
8.01
12.92
14.59
10.37
9.12
11.64
11.72
7.26
-3.77
13.14
13.13
9.9
17.21
14.6
13.41
17.01
18.26
16.34
14.18
6.18
-1.4
-1.02
-3.87
2.78
12.8
16.32
11.87
13.48
13.04
9.93
12.77
15.19
10.64
7.52
6.97
8.9
10.2
5.86
12.43
10.94
12.65
16.86
18.11
17.49
14.37
12.18
15.39
12.11
3.9
8.92
9.54
12.94
14.55
9.44
14.28
16.14
15.98
16.16
13.59
6.63
4.07
7.74
-1.71
5.9
8.16
16.39
15.82
-0.21
11.75
16.98
12.99
9.44
19.99
20.7
13.24
8.27
10.6
6.72
3.48
8.58
8.67
4.7
10.87
9.31
5.8
14.49
18.08
14.88
7.83
7.27
7.43
10.37
15.1
12.74
9.81
8.1
3.69
8.9
10.44
0.29
-0.29
-0.78
10.16
12.76
1.53
8.35
8.53
13.05
13.62
-0.96
7.59
12.01
7.41
5.69
7.02
7.62
9.25
10.1
0.47
11.04
15.13
13.79
8.75
8.71
2.41
8.17
7.79
12.61
7.12
9.75
11.5
11.22
17.05
18.1
15.24
12.2
8.86
6.5
13.89
13.02
9.37
8.55
13.65
12.15
8.28
5.66
3.4
7.16
15.46
19.88
18.96
14.36
8.46
4.34
0.89
13.82
16.88
14.49
1.28
10.26
13.02
11.41
16.3
16.42
13.55
12.59
10.7
13.49
10.16
7.41
8.91
12.08
14.71
13.03
10.21
13.68
9.59
2.26
10.82
15.29
13.44
10.11
4.29
12.47
10.36
11.52
14.22
15.99
17.09
12.62
12.14
5.68
10.56
12.66
7.74
8.41
8.47
9.28
10.13
6.39
-3.26
10.03
12.96
6.78
9.5
-6.5
12.54
14.06
9.52
7.7
14.01
15.92
12.54
4.27
5.23
10.93
9.76
7.59
9.6
14.1
12.91
11.92
13.66
14.11
13.88
5.93
9.98
18.73
20.33
15.34
6.55
14.06
6.75
7.2
4.34
-8.23
6.76
11.18
4.03
5.88
7.01
10.76
9.72
5.36
13.59
7.43
5.66
15.47
15.95
11.93
10.31
11.33
9.27
13.81
14.89
14.24
13.5
9.63
8.32
7.93
13.55
12.82
11.79
13.49
16.36
15.98
13.56
10.47
12.74
12.96
5.6
10.34
15.19
14.74
12.56
12.98
-0.29
8.14
7.91
9.34
9.79
10.96
8.81
10.1
13.24
10.28
5.59
14.82
13.75
13.47
17.32
15.55
13.07
13.91
11.45
10.25
9.73
13.72
15.19
6.78
14.01
14.6
11.99
15
15.23
8.26
4.95
10.71
14.68
12.63
8.05
11.7
12.52
15.56
17.07
11.96
1.23
11.17
13.97
10.7
3.67
10.75
17.17
20.7
20.27
13.98
-9.27
10.88
14.7
13
7.43
9.83
6.48
2.52
0.67
7.79
6.14
11.15
15.77
12.89
13.93
13.58
3.01
2.14
12.45
18.72
18.6
18.34
17.48
12.53
9.93
13.7
16.65
15.84
16.34
19.4
18.36
11.26
-0.27
11.76
15.34
14.96
15.39
10.62
10.06
10.31
10.46
3.19
12.09
11.65
6.65
9.54
14.91
16.59
10.5
4.78
-12
-1.91
-8.96
8.24
12.88
18.89
21.76
18.49
11.45
7.84
8.25
-0.32
14.75
16.65
15.31
12.22
9.4
3.17
0.59
5.07
10.21
11.34
2.79
2.83
6.64
14.53
15.77
12.32
-5.68
7.39
7.97
8.17
10.32
10.55
9.42
13.54
15.54
14.81
9.87
1.49
12.81
16.31
16.09
8.35
10.16
15.12
11.75
6.64
10.77
-1.58
0.74
12.79
17.5
13.33
9.01
16.46
14.62
15.07
17.76
15.78
15.05
15.84
10.92
9.32
11.92
14.11
16.8
14.73
10.91
8.31
10.69
15.39
20.18
21.4
16.34
13.09
11.28
14.86
14.79
15.79
18.66
20.94
20.02
14.33
0.91
6.54
14.93
16.59
13.35
13.06
16.01
17.3
13.38
4.89
9.09
16.6
16.28
12.15
9.3
11.06
12.31
13.99
13.42
11.66
9.55
13.14
15.44
11.67
8.46
7.68
11.05
15.54
14.94
14.97
15.18
8.28
4.45
11.14
12.38
13.48
13.03
6.46
-1.27
1.05
8.04
8.24
0.67
8.49
12.5
11.09
4.72
3.3
11.78
19.06
18.64
7.22
4.62
0.09
11.66
8.6
6.3
14.2
17.13
8.33
11.25
11.08
11.7
8.47
11.55
14.07
15.57
18.19
15.92
10.92
11.43
11.88
10.18
7.39
6.66
13.97
17.66
15.77
3.22
11.13
14.34
13.24
11.94
10.12
13.37
15.35
12.98
7.91
9.1
17.61
19.85
13.39
-1.65
-3.03
15.63
18.83
17.85
14.53
13.64
10.93
9.4
9.46
4.82
4
12.38
16.37
13.54
1.84
8.1
8.94
-2.58
2.87
10.09
5.65
6.79
11.18
12.95
8.89
15.33
18.24
12.98
5.46
9.76
11.35
5.94
0.68
11.06
14.45
12.41
10.78
12.4
13.46
11.68
9.75
6.46
6.79
12.81
16.08
16.42
16.93
16.64
13.43
15.28
11.75
13.02
17.04
16.49
5.74
14.63
14.8
10.11
10.28
10.25
14.75
17.57
16.93
11.82
11.52
12.85
13.85
17.3
14.08
6.69
12.9
17.92
15.57
11.71
11.35
12.26
12.1
14.69
17.45
17.12
15.94
15.25
12.77
16.64
18.55
16.36
12.16
13.42
17.59
18.1
13.03
6.21
8.93
10.32
13.8
14.87
16.16
17.87
15.64
7.02
6.81
11.45
10.63
8.3
4.74
6.72
11.67
0.43
12.41
12.26
17.96
19.73
17.14
16.46
17.05
17.18
17.07
-3.62
4.57
3.75
-0.35
13.11
17.43
11.35
4.9
11.95
12.48
4.69
13.02
14.97
8.27
0.25
1.97
-1.7
3.15
17.11
21.38
20.24
14.46
8.25
15.61
17.25
13.46
7.87
12.33
14.43
13.88
9.54
10.22
17.69
19.37
15.2
13.88
18.82
18.11
7.74
15.17
11.74
9.03
15.02
17.62
13.49
3.89
-8.73
-2.32
3.36
6.78
-5.79
7.44
14.5
13.9
6.81
10.09
10.58
7.57
2.15
8.62
9.12
10.26
15.03
14.54
6.27
14.76
15.61
5.31
16.28
18.27
15.51
6.61
7.25
13.18
10.65
6.14
11.27
10.25
1.55
13.36
13.6
13.51
14.85
15.13
10.46
12.24
14.09
1.76
10.48
3.62
15.8
20.62
14.68
15.74
10.5
12.57
15.07
18.87
17.9
17.16
18.05
19.72
20.83
18.33
10.43
-5
12.09
19.14
20.97
13.7
12.09
14.05
5.87
6.51
10.43
8.13
7.42
11.87
16.41
16.41
16.85
15.2
11.11
14.19
9.36
5.36
16.57
16.64
7.02
9.51
12.14
7.4
4.24
13.25
13.75
15.94
18.84
18.2
14.13
5.58
3.43
11.85
18.26
18.08
8.03
13.55
6.82
8.11
2.6
10.99
16.97
20.74
18.19
4.81
15.92
12.61
10.12
10.76
5.97
10.71
12.05
10.71
12.88
11.06
5.75
12.39
15
8.87
4.34
2.83
12.07
15.57
10.06
3.74
13.79
15.11
14.35
9.31
12.61
16.54
14.96
8.87
-0.1
1.89
13.11
17.37
11.6
14.53
20.73
17.64
12.06
11.35
10.4
13.21
12.07
9.06
10.65
13.77
16.96
13.25
-2.6
10.41
12.56
5.51
10.96
12.96
1.8
15.79
17.89
15.3
8.76
9.7
13.77
9.94
16
13.14
8.84
9.92
13.73
17.31
15.01
4.33
16.02
15.88
9.95
16.62
16.9
13.97
12.92
9.52
13.09
18.5
14.65
12.76
16.64
12.05
5.14
5.31
5.98
14.98
12.13
11.76
17.52
15.15
10.81
17.21
19.14
16.22
11.1
5.99
11.57
12.06
6.69
16.93
17.36
13.87
8
9.97
9.07
11.62
14.55
15.71
14.96
11.4
11.71
14.98
13.7
-9.84
11.82
10.98
6.56
11.1
2.31
9.1
4.88
4.74
6.34
9.51
14.5
9.69
12.22
11.3
10.01
6.15
2.93
-0.95
13.43
18.11
17.59
3.35
19.81
20.48
16.11
2.17
8.4
16.78
19.84
17.38
12.02
12.24
17.69
19.82
17.31
10.36
3.23
4.19
8.97
15.19
14.1
6.17
-1.09
-3.31
6.36
8.72
7.02
9.83
12.44
10.49
10.68
9.29
8.07
13.86
16.76
14.48
0.12
12.13
14
12.27
12.68
11.21
7.95
13.19
13.57
9.84
6.94
9.81
11.02
9.08
14.9
15.47
12.07
9.72
11.61
-11.56
15.46
17.66
11.73
8.67
12.83
7.42
3.62
5.86
4.29
8.04
10.83
10.28
9.27
9.91
10.35
8.4
9.1
15.58
16.06
13.59
12.81
17.63
16.27
8.59
1.81
8.26
7.58
11.61
6.44
9.46
12.88
7.42
-6.54
13.32
17.94
17.61
14.69
12.84
13.31
13.14
12.15
10.72
9.83
9.58
12.25
7.27
8.63
5.86
5.08
12.18
7.49
0.73
4.63
2.19
3.61
6.03
8.23
15.45
18.19
17.17
11.69
7.5
7.59
6.73
15.03
10.77
3.36
12.06
11.25
6.58
-3.05
12.49
12.92
5.36
7.54
7.39
5.92
5.69
13.35
11.61
9
16.23
15.78
12.82
12.85
5.76
11.88
13.84
7.05
-1.3
2.01
-2.79
2.97
4.1
-18.62
5.76
-7.69
12.17
12.21
-1.16
13.47
17.59
15.11
6.58
14.13
16.37
17.38
16.34
1.94
14.1
11.24
4.05
1.49
-22.28
-2.61
7.85
7.1
12.49
17.93
18.54
17.32
14.28
2.42
11.18
12.17
15.11
18.25
17.41
21.33
21.21
15.56
10.64
4.95
13.14
13.79
7.12
9.61
12.78
10.64
12.15
16.17
16.95
15.01
10.31
7.66
9.1
11.08
13.34
7.1
16.76
20.31
19.8
18.03
10.35
15.83
15.57
6.29
11.6
8.74
13.24
15.65
11.38
-0.01
-2.53
8.51
11.85
0.56
10.57
13.24
14.89
15
5.28
14.53
12.62
16.27
18.62
13.15
8.94
12.46
17.07
16.9
8.35
6.58
14.98
17.23
16.42
12.17
-6.88
11.62
13.17
10.61
7.53
12.55
14.36
16.94
16.41
11.1
11.08
17.17
18.55
18.68
18.28
15.65
13.08
1.68
8.21
6.58
2.88
13.48
13.02
11.1
14.13
18.54
20.1
17.07
14.64
15.01
17.18
15.94
11.84
12.27
13.5
10.16
10
14.1
11.55
14.88
16.73
17.72
15.73
10
1.79
1.97
9.33
13.37
15.86
18.65
19.52
14.63
5.16
15.37
18.97
17.2
9.74
4
1.81
12.56
15.66
13.36
11.06
14.58
11.93
7.42
18.99
19.55
17.28
11.66
5.58
-0.01
9.2
5.43
10.34
17.1
15.61
7.86
15.39
13.39
13.54
4.23
10.73
12.19
10.4
15.33
18.1
16.52
14.15
13.75
12.82
12.44
10.48
5.68
-2.96
-11.77
3.38
4.27
11.32
11.68
7.54
11.03
8.59
10.58
13.03
10.4
13.2
9.73
2.49
4.51
14.81
14.72
11.62
12.22
10.32
8.85
11.59
9.88
1.08
-2.77
2.49
10.09
8.2
6.94
14.4
16.72
15.27
-0.52
11.86
13.54
8.39
8.31
12.83
13.63
8.29
4.22
6.67
8.61
12.14
13.25
9.27
4.13
8.42
15.66
17.87
16.83
15.72
15.71
15.4
10.62
14.68
18.4
17.15
14.37
10.01
9.04
9.96
11.87
12.15
8.62
7.22
13.38
16.73
17.08
16.04
12.85
5.82
11.82
16.36
15.51
7.7
6.86
12.98
17.09
18.18
14.14
14.54
13.6
6.71
4.42
13.29
10.75
14.74
15.19
6.04
7.09
7.2
15.6
19.87
16.96
-10.96
13.48
15.37
11.83
16
17.91
10.13
20.48
22.93
19.71
16.54
13.51
13.62
15.72
12.82
0.48
7.56
13.44
11.32
0
4.67
6.97
14.23
13.26
-5.48
-1.22
4.63
8.06
6.71
3.77
-3.46
6.28
6.37
7.52
4.34
16.3
15.4
10.48
9.57
8.49
14
14.73
5.04
-1.81
-16.58
9.35
13.48
9.23
-9.2
6.25
5.96
8.45
11.97
2.63
4.34
11.43
13.17
8.69
11.69
