9.23
1.68
5.67
9.44
8.42
9.3
9.85
2.74
-5.07
-1.08
7.78
7.37
2.53
5.69
-8.15
8.62
12.44
8.37
-1.93
-23.11
6.14
5.81
12.29
11.79
1.79
5.07
8.23
10.92
9.83
7.56
9.58
13.75
15.22
14.26
13.22
-12.15
9.16
1.15
9.65
10.53
-9.68
0.44
7.79
11.09
11.5
10.4
11.55
14.36
14.04
11.13
8.2
2.36
1.85
10.4
15.52
16.38
12.27
4.1
5.38
-2.98
-13.71
10.97
10.6
8.57
12.33
13.68
13.54
9.15
5.49
13.47
17.54
15.04
8.41
14.16
11.51
7.58
9.1
7.85
-18.76
3.84
0.8
8.15
15.46
14.75
1.73
-3.86
8.59
11.3
13.9
15.03
7.45
6.07
6.48
12.87
15.14
14.74
9.64
8.61
3.79
-5.35
4.08
11.65
10.86
8.06
-2.14
11.81
10.72
7.83
11.57
10.61
5.65
4.62
6.78
7.99
10.09
3.97
-3.68
10.44
11.03
0.58
8.26
14.76
13.42
-6.97
12.44
10.27
9.24
2.77
11.43
15.53
17
15.03
12.55
10.28
11.74
-2.46
3.41
1.29
6.64
8.15
0.49
9.02
11.79
12.52
5.76
1.52
9.24
15.35
15.51
5.14
12.32
15.68
12.25
6.98
9.92
8.1
-2.14
7.89
-0.34
3.12
-1.78
-9.16
1.22
1.33
-0.08
5.65
5.09
7.24
14.66
15.67
16.4
15.64
12.98
11.35
2.66
13.87
12.42
6.74
4.81
4.03
6.27
8.4
-1.07
8.28
2.73
11.61
15.6
11.41
0.09
-7.69
0.39
6.43
16.43
16.12
10.16
7.61
-0.18
-0.12
3.3
4.88
9.25
10.93
9.44
7.91
6.66
-9.82
9.03
11.11
15.14
11.51
10.37
9.26
3.84
13.12
14.46
11.66
2.58
-4.02
4.02
8.59
11.09
11.53
7.26
4.79
10.42
9.35
8.86
14.72
10.36
6.95
9.05
10.38
11.39
6.58
7.74
13.76
13.6
6.18
4.65
12.53
12.7
7.6
2.62
9.25
2.5
5.61
4.55
4.73
-4.94
11.33
10.82
12.94
15.71
13.93
5.17
5.62
4.09
12.45
11.5
9.22
0.46
6.94
-6.01
9.78
11.22
7.75
4.79
6.04
12.11
16.13
17.77
15.8
12.38
6.59
7.89
10.01
10.13
-1.02
15.09
17.27
12.67
0.11
-0.92
1.78
11.28
8.97
10.46
7.99
-2.47
2.54
3.01
11.24
14.67
9.14
6.49
12.31
7.65
2.97
10.05
12.93
10.59
2.18
8.91
13.98
13.59
14
15.39
16.26
14.49
9.35
7.36
14.38
13.76
7.66
5.03
3.19
5.58
16.06
16.13
10.52
7.35
1.5
5.87
0.06
5.88
8.39
8.76
12.77
7.06
8.48
14.99
10.62
-6.92
6.95
12.59
12.48
10.63
7.26
10.38
11.67
5.87
-2.35
6.7
4.69
9.12
15.34
16.57
14.86
11.28
7.28
10.97
15.19
15.95
15.4
12.5
9.63
9.71
6.67
4.6
6.67
-0.6
6.56
9.74
4.76
11.47
3.48
12.67
13.7
15.35
15.82
13.53
10.01
11.71
11.87
10.36
3.26
5.66
1.26
-7.15
10.19
12.11
7.56
8.41
14.11
14.97
9.07
4.26
9.53
2.69
3.7
10.2
11.5
8.21
6.06
10.66
10.43
7.62
4.8
-3.13
-2.66
5.06
-1.16
-2.72
-0.8
4.4
9.37
10.91
1.5
8.16
12.3
9.91
7.65
9.65
15.35
9.74
8.39
13.36
8.11
6.59
9.19
5.83
14.81
14.11
8.99
8.49
11.73
9.34
8.89
9.99
8.47
0.97
7.65
6.74
-7.77
7.42
6.82
1.25
10.13
11.88
10.26
-10.99
3.65
7.33
16.6
16.57
13.76
9.11
9.73
11.13
6.27
0.06
-1.23
3.27
8.22
11.94
15.87
14.27
9.01
10
10.01
5.99
-4.42
4.33
6.22
12.61
8.32
1.23
9.64
7.75
11.08
-1.68
4.94
-0.38
8.33
7.58
14.06
13.05
6.65
2.45
3.66
0.98
11.7
14.57
12.04
6.83
8.61
10.81
10.14
8.12
6.78
4.02
1.09
6.54
9.06
9.45
3.96
6.48
6.57
-6.43
1.45
10.12
13.15
1.79
14.8
11.96
4.4
0.31
7.29
13.47
14.73
10.74
4.1
9.5
11.03
6.49
-3.51
5.45
10.49
7.13
4.89
8.72
12.38
12.04
0.79
3.2
-0.27
-0.05
9.28
13.93
14.2
13.59
14.75
13.64
5.9
8.11
3.33
7.93
12.38
7.45
4.85
7.5
9.39
8.49
12
9.51
10.89
9.76
3.69
5.79
5.1
-19.76
6.76
13.71
14.25
12.84
11.86
9.88
-0.52
5.48
6.27
-3.37
9.69
11.38
12.67
11.42
14.87
12.87
-3.38
11.04
13.72
13.05
12.47
11.42
4.19
9.03
12.12
11.5
4.28
3.08
1.17
8.03
6.31
6.04
2.95
-5.24
8.38
15.8
14.88
7.51
4.48
11.17
10.77
7.18
10.12
8.26
9.8
13.7
13.56
14.82
16.76
11.18
15.06
17.75
16.36
13.81
9.5
10.8
14.49
15.1
7.32
13.48
9.6
1.67
7.82
8.96
-10.81
0.83
-3.46
3.35
-1.02
-4.4
5.72
3.53
10.68
15.55
15.17
12.55
6.02
0.93
-8.07
1.6
7.78
7.25
5.85
9.92
11.57
8.94
4.07
2.12
5.8
1.38
8.89
8.79
6.31
14.38
18.34
17.06
10.92
2.15
7.24
8.73
2.5
6.33
-6.55
9.87
14.41
14.4
14.54
13.53
12.25
8.39
10.4
10.72
8.02
-6.55
7.23
-1.29
11.3
17.8
19.36
17.46
14.45
12.73
9.85
3.98
5.31
11.26
9.43
10.12
14.65
13.9
8.54
6.02
12.49
11.46
8.31
14.3
16.92
15.98
13.11
14.45
16.46
12.82
5.71
-0.26
6.73
8.96
10.76
3.42
11.37
6.98
6.01
10.07
6.76
-32.15
7.07
12.26
10.26
5.89
7.92
9.81
8.78
6.89
11.91
12.78
9.15
5.2
10.57
12.52
10.17
2.96
4.53
-3.93
2.02
10.53
7.97
-1.68
-0.61
6.46
10.69
10.87
13.06
11.21
13.42
10.85
-7.55
6.51
-1.75
8.26
3.76
2.95
3.07
0.36
7
12.29
13.78
10.4
-1.62
-4.76
4.6
-3.52
1.29
10.34
9.17
-1.46
8.27
9.13
7.61
6.27
14.07
8.03
8.32
11.05
13.43
8.63
-1.21
9.14
10.68
5.56
7.25
7.78
0.1
-9.59
3.11
11.28
11.24
-3.44
5.49
11.9
12.82
7.42
6.33
4.68
6.06
4.12
4.51
14.39
15.12
7.93
3.68
1.11
7.79
3.15
4.89
8.92
2.23
2.47
3.52
6.67
10
11.56
18.59
21.95
23.41
20.55
14.23
17.64
23.61
20.93
16.92
21.48
26.12
25.56
19.06
11.16
20.02
23.32
20.52
15.77
10.85
7.65
17.69
22.27
25.63
23
8.09
16.93
10.75
11.05
10.83
12.83
16.92
4.93
13.1
18.27
22.67
20.33
24.55
27.96
26.5
22.4
17.35
9.31
19.79
14.46
16.47
24.85
22.91
11.15
13.94
18.49
25.32
23.25
21.41
19.61
28.14
28.7
19.51
11.68
13.71
14.4
11.73
15.47
22.06
23.7
19.3
9.78
18.65
24.77
20.25
14.17
19.1
19.14
18.14
22.32
26.45
28.04
24.33
20.54
26.45
24.69
21.28
18.44
15.66
18.32
21.81
17.28
13.06
15.59
21.76
19.52
23.53
25.8
20.6
14.41
26.44
29.23
22.04
19.35
16.08
12
14.69
13.76
20.64
15.27
16.1
20.52
21.99
18.68
5.29
16.45
21.94
19.65
13.21
14.44
8.01
14.42
18.48
14.66
14.21
24.78
28.77
28.26
26.85
23.98
21.64
19.32
4.94
11.39
21.05
25.71
27.79
23.44
21.42
20.56
21.82
23.99
18.7
13.91
17.19
3.46
17.53
18.76
7.96
13.17
4.03
11.03
18.39
25.87
20.95
22.06
3.15
19.98
22.19
20.17
22.69
23.08
14.59
11.07
10.8
22.81
25.28
23.93
19.74
22.68
25.25
21.9
16.9
21.97
27.5
26.5
22.84
24.75
26.63
26.58
24.39
27.04
27.38
26.95
23.24
22.73
27.35
29.37
27.22
13.85
20.46
20.19
17.88
25.25
27.86
25.44
20.51
9.05
25.55
27.55
21.45
16.63
23.79
25.44
24.51
24.32
28.06
30.78
29.56
26.16
21.43
23.36
26.87
24.68
22.19
15.94
20.85
21.34
19.27
22.42
24.67
25.12
20.2
15.71
22.77
21.32
21.29
16.79
13.68
8.28
18.8
20.13
19.81
23.38
25
24.13
9.16
25.23
24.64
17.41
16.59
13.19
11.35
7.82
20.69
21.3
9.19
14.99
15.43
10.21
15.71
19.97
20.05
15.69
23.34
21.37
17.5
24.27
20.8
9.4
8.12
5.47
13.38
16.85
3.74
-2.48
17.61
12.6
20.53
17.86
16.86
14.56
20.51
20.92
19.9
23.98
22.11
14.59
8.46
23.91
26.72
20.61
13.2
14.43
10.82
15.5
18.9
16.2
8.86
2.1
17.29
26.13
28.01
24.63
11.36
13.24
20.09
22.36
17.47
10.83
13.79
22.35
25.6
25.82
23.91
19.91
20.38
17.23
9.49
16.66
22.54
20.68
16.92
4.82
10.79
14.02
21.28
21.24
19
19.04
23.11
24.05
19.98
7.51
11.53
16.43
13.6
3.91
19.54
22.91
21.76
16.03
7.29
14.81
19.56
20.39
17.87
16.36
16.38
10.73
15.13
16.97
2.9
16.32
13.12
5.43
3.65
15.3
17.79
16.06
12.92
12.92
17.77
11.7
15.22
16.21
6
14.58
18.72
21.15
21.6
19.55
4.57
8.79
9.84
14.21
14.31
5.31
3.74
15.59
15.21
9.83
8.46
7.58
1.84
13.71
15.18
8.43
8.7
4.83
5.46
6.18
13.44
16.47
13.1
11.48
15.86
13.48
15.47
20.71
14.7
9.45
8.4
15.16
17.78
12.67
9.44
0.87
9.8
13.94
13.07
17.28
15.69
4.95
13.29
16.58
18.89
10.38
6.31
14.21
13.26
16.31
18.5
17.23
11.49
15.2
18.91
21.04
12.22
12.14
14.57
16.76
12.29
12.72
20.65
22.35
21.8
19.46
17.76
20.77
19.29
14.3
9.17
16.2
17.4
15.98
16.86
18.12
21.28
22
12.93
8.64
16.18
19.82
13.65
18.47
20.16
13.47
13.13
19.16
23.01
22.65
18.47
15.01
13.84
12.56
10.96
18.23
20.47
14.65
16.53
19.5
20.78
22.44
13.99
20.06
22.67
22.25
17.91
19.37
21.69
16.71
19.9
8.56
8.46
20.57
22.88
20.3
20.25
24.32
29.79
29.68
22.4
20.75
15.31
15.86
22.6
19.18
6.53
16.3
21.98
21.55
24.11
21.67
15.42
22.59
23.31
21.37
18.93
19.4
24.66
24.18
14.87
19.89
9.81
26.09
27.07
18.37
17.21
21.56
27.04
30.61
29.08
18.84
19.67
18.33
19.47
26.1
26.49
24.63
19.83
22.46
24.09
21.16
20.94
25.54
21.21
22.47
22.91
20.94
21.99
23.91
20.21
17.81
10.11
13.39
21.22
22.04
20.72
19.37
18.25
16.39
19.17
21.03
20.53
17.87
18.61
17.18
21.3
27.98
28.98
23.64
17.48
17.62
12.38
13.59
18.78
19.53
17.28
18.11
18.8
13.69
24.09
28.01
25.79
11.04
13.89
23.81
20.12
12.64
17.59
17.32
20.18
16.5
7.42
16.48
19.22
16.09
16.46
18.88
17.24
21.71
25.72
27.11
26.77
23.62
16.39
13.76
17.61
17.64
17.06
13.62
22.05
25.19
25.53
25.94
25.86
24.09
19.69
17.87
18.75
17
22.24
21.91
12.16
17.04
20.68
15.22
18.33
18.22
20.64
20.56
19.73
20.64
17.13
12.36
18.52
22.76
25.21
24.08
18.53
12.04
15.26
19.93
16.64
13.16
19.98
23.03
20.25
13.87
15.47
17.35
14.68
19.01
23.59
19.38
13.56
17.33
16.84
14.94
-1.9
21.53
22.18
20.68
24.43
23.13
19.02
4
18.45
26.68
23.82
14.32
17.42
22.26
18.61
14.04
21.62
17.85
23.52
24.53
17.92
20.17
20.08
14.56
15.29
13.75
18.92
3.35
19.95
21.43
14.32
5.95
18.71
21.04
21.39
26.18
27.36
22.71
16.7
18.75
17.6
15.9
22.29
19.76
12.37
19.49
18.31
19.07
19.3
20.6
24.33
23.01
22.52
20.59
17.34
13.51
13.43
24.22
26.95
24.05
17.7
16.67
17.03
7.83
20.31
23.16
13.69
9.76
22.57
24.28
14.45
16.03
16.95
22.16
24.22
19.84
16.34
21.7
20.3
17.52
17.36
17.26
14.41
7.55
12.85
19
20
20.13
19.08
21.81
14.69
15.91
19.31
20.41
19.03
17.13
19.98
20.68
9.2
20.59
21.46
-0.23
21.07
21.15
17.75
15.87
15.82
11.76
-0.44
11.57
11.53
10.76
12.16
10.17
18.14
17.66
2.67
17.19
20.54
21.35
19.67
17.87
17.17
19.67
18.09
13.33
15.38
11.5
20.67
19.75
19.62
22.93
21.14
22.26
20.63
15.94
19.77
16.97
15.06
17.93
7.99
6.77
17.83
18.35
20.07
22.74
23.64
19.08
10.57
20.37
15.96
9.68
15.21
18.4
19.3
21.53
22.93
24.1
24.27
21
17.67
18.81
22.88
20.69
5.68
14.92
-0.97
21.05
26.31
25.25
23.98
15.17
15.61
11.77
18.73
22
18.85
12.8
17.06
23.14
23.42
15.96
18.38
6.12
18.62
21.18
19.51
6.66
16.83
17.91
14.99
11.49
15.83
-1.63
14.73
10.5
13.89
18.48
10.78
20.71
18.41
20.77
20.04
14.38
17.48
20.35
21.44
24.14
22.48
0.02
8.71
14.58
22.45
24.31
20.65
18.43
19.06
12.97
13.32
20.73
20.71
22.99
22.13
21.06
24.34
21.41
19.75
24.06
26.03
26.84
25.2
17.31
18.43
22.07
23.15
20.33
12.42
17.25
20.84
19.15
6.9
10.96
18.88
21.92
18.56
19.69
23.81
23.21
10.44
15.78
22.33
18.31
19.85
25.07
28.49
26.85
20.85
22.91
23.21
17.63
24.87
25.94
20.33
7.79
18.31
17.35
13.42
16.59
13.02
22.65
19.94
7.91
12.97
21.65
24.6
24.21
21.53
22.02
22.17
14.16
19.17
23.31
17.06
5.2
20.67
25.43
24.72
17.72
13.07
21.46
24.45
23.4
13.56
16.37
20.39
21.98
24.42
30.86
34.27
32.07
22.99
22.97
20.55
9.1
10.66
7.14
22.78
25.87
22.87
29.49
28.93
23.47
15.01
24.19
26.8
21.55
16.12
16.03
26.45
32.69
28.63
22.21
29.65
33.3
27.21
22.29
23.67
14.68
12.25
21.48
24.86
21.95
23.89
27.31
24.88
16.9
13.92
24.11
23.1
17.4
12.68
6.44
17.06
25.56
39.65
45.01
41.52
26.77
19.18
9.11
20.7
22.24
16.34
15.62
18.61
19.13
16.24
12.68
6.89
8.13
15.04
23.15
28.49
25.37
20.89
23.07
18.74
14.96
14.92
11.07
13.58
16
39.22
45.61
42.46
26.55
23.12
21.43
15.37
15.06
17.03
25.35
23.58
20.97
20.22
9.8
17.91
18.95
17.97
22.15
21.56
12.31
13.51
19.65
29.38
36.99
37.04
30.59
24.33
23.64
10.4
25.49
26.56
20.9
15.32
10.23
11.43
20.69
24.05
23.85
21.5
20.79
22.04
24.43
26.04
23.52
18.07
18.51
19.17
12.99
20.42
23.98
15.82
15.93
38.72
43.6
39.13
24.45
27.21
26.3
10.06
25.93
27.83
22.67
18.13
8.31
18.11
34.06
37.58
32.07
12.88
11.95
17.28
20.26
6.19
22.74
26.93
24.91
15.44
18.16
21.04
20.45
22.3
29.51
41.65
44.9
38.82
18.97
15.38
18.83
17.06
13.89
10.61
18.42
19.14
5.62
5.47
13.76
14.01
14.59
15.1
17.12
14.18
20.32
26.1
24.65
24.24
21.96
5.29
16.05
20.26
23.75
25.89
24.49
22.06
19.36
20.79
23.91
21.3
11
23.84
23.87
20.78
14.3
8.13
20.17
22.15
19.57
19.86
23.04
24.45
20.31
11.86
14.47
21.16
38.61
46.17
44.78
31.48
24.83
22.14
18.64
11.26
20.5
23.47
19.9
22.52
24.81
25.68
22.06
12.97
20.03
22.88
19.6
19.59
20.13
15.91
21.98
10.75
23.22
26.88
23.67
10.56
23.75
23.51
19.28
13.97
20.62
16.8
13.7
25.45
24.85
0.33
21.61
21.93
18.62
16.88
21.09
20.34
14.9
23.25
29.77
27.25
21.22
21.35
12.4
17.19
16.7
6
18.92
23.37
22.14
19.13
22.09
22.55
21.58
11.01
19.18
20.33
22.41
22.8
25.02
22.55
16.01
25.35
24.38
19.56
20.84
39.41
41.79
33.26
15.21
23.65
26.14
25.17
18.75
23.43
31.66
38.45
38.93
30.42
17.44
29.15
35.71
35.5
30.04
23.17
33.18
38.76
32.09
27.7
30.08
24.04
27.01
25.25
23.07
20.51
23.5
28.7
32.92
32.8
29.14
29.95
32.09
28.99
19.66
8.82
20.46
30.2
31.74
24.2
26.17
25.13
23
25.69
27.09
28.01
21.74
22.14
14.34
21.42
28.26
25.27
26.24
27.01
25.69
28.95
29
21.49
21.84
30.88
30.74
21.53
29.27
18.34
25.63
18.59
24.55
23.99
19.75
20.41
19.07
6.18
23.79
26.81
19.83
41.46
49.47
47.49
34.24
28.87
20.74
26.73
23.76
22.61
20.51
41.21
48.06
45.64
35.02
27.99
24.42
25.94
17.14
23.81
30.86
28.69
29.95
18.24
29.94
32.1
29.9
23.95
28.07
29.13
8.05
19.45
23
22.79
20.46
25.06
31.09
25.5
25.32
29.43
28.93
27.61
28.39
26.52
27.65
20.88
25.38
24.96
19.68
24.41
24.1
27.04
24.4
21.09
17.16
23.87
22.25
15.43
20.15
22.23
22.35
14.2
19.93
27.26
22.5
19.74
22.99
28.45
25.34
27.13
18.54
25.33
26.86
18.09
20.62
21.38
29.5
29.64
21.64
20.99
23.71
31.03
28.36
27.18
25.79
26.02
24.79
25.65
21.68
28.8
30.56
22.39
21.91
27.14
19.8
25.31
24.76
19.99
31.25
30.35
29.68
16.16
25.98
31.95
29.56
23.39
30.24
31.97
26.5
25.99
26.91
30.51
29.54
26.59
26.81
21.72
9.98
11.2
19.4
18.34
29.29
30.89
32.23
29.73
25.75
24.83
18.1
18.67
24.12
22.4
18.27
18.54
20.67
28.61
27.81
19.12
26.61
30.92
27.75
4.56
12.44
21.36
25.29
28.51
23.56
2.75
17.28
22.61
24.7
24.94
25.97
27.54
24.23
17.48
21.02
24.3
23.55
24.39
28.94
29.45
27.44
17.91
19.32
10.95
24.69
8.94
19.67
14.91
21.67
17.58
23.38
27.07
25.88
21.2
23.73
24.6
17.73
20.4
27.04
24.31
16.4
23.91
25.31
29.52
30.52
28.89
27.52
22.55
19.28
26.7
25.02
21.27
23.41
27.41
19.3
18.06
20.34
24.4
26.94
26.23
17.71
26.11
27.48
23.17
18.86
14.89
19.6
19.08
20.54
25.84
22.22
23.72
23.74
25.99
20.37
21.28
26.89
13.83
16.7
11.11
18.7
23.67
21.42
16.95
22.26
27.6
28.28
27.15
22.12
17.72
22.59
24.53
24.99
22.44
21.78
25.67
27.33
25.21
23.42
15.95
19.11
15.82
22.62
23.74
14.56
21.79
24.32
25.75
22.46
24.94
27.44
25.57
19.88
4.55
4.59
-2.06
4.9
16.98
24.21
27.61
27.68
26.94
25.21
13.65
21.24
23.23
18.08
20.13
24.29
23.93
23.95
23.53
19.54
9.13
13.44
25.26
23.31
21.85
12.49
14.63
19.16
21.43
17.67
19.33
21.98
25.11
25.51
22.78
3.87
18.8
18.37
20.54
19.81
20.4
22.82
21.56
12.76
22.88
22.71
20.56
15.9
10.24
13.17
25.21
24.13
14.4
18.77
7.26
20.74
11.93
16.42
17.6
26.16
27.41
29.36
26.25
14.97
19.31
23.51
15.45
18.84
24.8
27.33
29.79
25.18
21.03
23.89
19.29
5
22.84
29.21
31.63
31.29
25.95
15.35
15.6
20.52
21.72
18.07
22.29
26.31
25.87
26.11
26.58
22.45
18.51
17.52
20.55
19.9
14.92
17.74
25.91
28.37
28.44
25.23
24.46
26.75
25.56
23.16
27.79
30.57
28.8
26.17
18.15
21.38
22
20.69
25.66
30.35
30.16
26.21
21.67
14.09
22.35
14.24
20.94
13.52
24.56
23.74
28.1
27.42
19.09
19.27
16.76
22.68
30.08
29.19
19.01
17.69
30.05
37.25
34.42
14.95
31.16
34.24
32.55
30.77
28.32
25.25
20.56
18.51
21.21
24.9
25.81
27.7
26.77
26
24.84
17.77
16.58
8.65
21.27
25.53
17.8
11.75
12.57
24.44
27.04
21.09
23.16
23.23
23.2
23.27
20.36
17.74
21.7
21.06
12.02
22.48
17.77
17.72
21.52
24.26
28.86
29.5
23.42
13.96
21.35
-0.34
22.12
18.77
15.89
26.16
29.03
28.82
26.85
23.55
19.87
11.75
12.02
15.48
14.83
20.71
19.49
20.78
26.05
28.78
27.68
25.35
29.18
27.54
23.45
19.49
15.96
13.71
17.13
15.12
11.09
22.88
24.57
23.63
14.38
13.34
18.65
17.14
6.92
16.65
22.91
24.25
8.96
25.37
27
24.22
25.59
25.14
27.97
29.1
22.09
13.6
19.1
23.54
22.54
16.29
20.61
16.89
24.09
17.34
16.55
6.1
14.61
20.27
26.58
27.05
25.77
27.54
27.86
22.37
8.88
19.29
11.6
7.09
21.3
25.2
27.09
25.9
14.94
23.39
24.55
22.78
17.07
12.3
17.09
15.4
14.53
13.02
13.93
19.9
24.38
27.32
26.65
23.47
22.47
21.04
18.92
17.38
6.89
11.41
18.84
24.64
26.04
23.43
15.81
5.65
12.2
20.32
24.37
25.48
25.11
11.92
28.44
28.08
23.13
19.69
17.91
23.28
25.3
20.23
18.48
24.63
23.48
19.34
6.52
14.04
-13.79
19.04
23.08
20.5
12.16
18.39
21.73
21.03
20.14
20.02
16.27
9.64
12.34
15.2
21.07
23.15
23.14
24.42
24.84
22.99
15.69
13.52
17.34
24.4
22.38
16.08
23.34
23.12
21.8
22.1
17.52
9.6
20.01
17.92
15.45
21.49
21.17
20.87
18.7
19.95
17.8
21.76
23.4
23.3
22.1
23.41
21.59
12.18
16.36
19.88
20.88
23.84
24
20.81
17.91
20.93
18.26
16.04
22.38
24.03
26.09
27.51
24.5
9.97
16.15
16.57
13.89
23.25
23.18
17.36
14.53
23.9
24.85
21.31
12.09
13.33
24.89
27.97
25.72
15.54
11.9
10.29
17.45
21.4
18.19
24
23.29
20.35
13.58
8.1
15.43
17.41
21.12
25.76
25.75
21.31
24.39
20.31
18.42
24.59
23.13
18.15
10.61
9.2
16.99
20.32
21.83
24.48
24.34
21.98
20.08
24.19
24.85
25.21
24.27
23.22
20.79
9.2
17.73
17.68
13.7
19.25
22.95
23.98
16.88
15.29
15.88
8.65
14.76
5.3
13.7
19.14
24.05
26.66
23.09
12.09
20.24
13.58
14.95
22.53
26.76
28.28
28.07
22.78
1.65
18.7
18.29
9.44
26.65
25.72
17.96
20.1
24.93
12.41
19.05
19.82
23.64
24.94
22.23
6.98
15.77
19.15
15.91
4.59
16.82
20.01
18.76
18.68
16.3
18.73
25.36
23.74
16.22
18.74
21.51
18.26
13.33
9.92
16.2
19.64
20.94
22.15
21.89
19.34
15.17
22.02
23.26
25.21
26.04
25.04
25.16
26.7
29.36
26.73
15.02
16.14
23.07
26.17
24.82
17.27
12.85
15.82
22.98
25.25
19.94
15.7
19.21
13.97
15.07
16.71
18.34
19.41
25.45
25.37
26.22
26.05
23.14
18.68
13.9
18.07
21.61
24.04
26.52
24.67
21.27
20.45
19.09
24.95
25
22.65
27.73
29.07
26.77
21.32
23.35
23.33
22.26
21.88
22.79
19.48
20.22
22.4
16.78
22.86
22.05
9.21
11.16
20.21
18.33
14.58
22.66
26.66
26.87
25.13
22.12
10.74
13.24
15.75
22.26
22.1
18.25
15.23
24.41
25.77
22.64
23.28
24.35
25.18
24.88
18.79
18.02
24.15
26.49
27.42
24.47
21.73
23.68
24.5
23.27
20.98
18.05
16.22
11.73
5.34
18.78
22.24
19.34
21.3
22.16
27.08
29.46
24.49
21.23
31.93
36.04
31.7
23.93
21.57
21.34
20.28
24.37
27.14
26.2
15.81
19.78
20.17
13.15
15.64
22.79
24.88
24.63
25.69
28.22
29.24
25.49
16.49
22.88
15.24
16.65
13
15.49
12.76
11.95
9.1
22.43
25.56
19.06
18.13
23.16
21.84
20.86
13.54
18.97
22.13
21.63
21.75
17.96
15.65
20.51
20.94
21.25
20.91
15.48
16.09
22.24
22.29
18.34
19.9
23.15
19.84
19.35
23.36
23.41
24.71
26.12
23.83
14.53
19.43
19.14
20.55
15.28
12.41
15.62
-2.15
16.84
20.04
20.02
24.84
25.4
20.53
27.74
27.54
22.76
18.31
13.17
19.01
15.58
2
17.51
12.47
14.17
2.53
-11.52
15.53
14.68
13.44
20.8
21.09
20.42
9.26
6.52
3.14
14.93
19.44
19.49
14.52
20.65
17.15
10.92
14.62
3.81
10.86
0.93
14.64
20.63
19.33
-12.15
10.44
16.24
18.23
15.26
16.85
19.96
23.79
24.59
22.8
20.97
17.32
19.71
21.28
19.79
22.53
25.38
24.65
20.81
10.65
14.28
20.28
17.36
13.37
17.26
15.44
8.64
15.28
10.61
12.65
17.7
10.34
3.93
17.71
22.48
19.67
13.92
19.67
15.37
14.57
18.54
15
19.04
17.45
18.83
11.5
8.39
12.68
16.97
13.46
20.86
16.73
14.78
21.65
21.79
17.04
11.35
10.08
13.51
17.44
17.92
15.6
10.4
13.63
16.34
14.82
16.39
15.24
14.39
21.34
23.79
21.8
12.21
16.29
18.15
9
15.39
14.81
20.72
21.4
20.32
19.49
20.43
20.68
14.82
4.67
7.86
10.76
12.61
15.16
14.7
15.75
4.79
16.85
18.81
19.31
18.02
11.74
-1.66
7.1
-2.31
10.27
7.15
12.97
10.72
14.34
11.36
9.33
6.62
3.7
12.7
16.61
20.84
19.96
16.27
11.09
22.25
20.23
15.16
15.28
20.68
24.09
23.82
18.97
13.58
14.33
12.91
16.81
20.05
20.04
19.33
19.33
15.95
7.86
12.4
21.16
23.76
22.2
15.07
17.47
18.82
12.87
13.33
13.67
12.19
-2.29
11
7.58
-0.4
5.9
8.99
14.35
18.1
18.35
14.01
18.92
17.1
1.38
4.01
8.94
13.94
19.06
20.65
14.88
12.63
18.16
11.88
6.29
7.36
10.13
14.15
17.73
14.26
13.26
20.92
20.26
14.97
6.03
14.58
19.08
20.94
20.14
13.54
13.31
17.34
12.65
8.41
15
20.1
20.6
15.53
11.02
14.3
16.98
16.91
13.94
16.31
17.94
15.91
15.82
15.65
16.72
17.8
16.15
9.53
7.91
12.02
20.95
21.67
14.75
11.01
13.75
18.9
20.42
18.94
16.91
15.42
16.16
19.48
14.4
4.81
5.6
13.07
16.62
8.02
12.56
13.34
17.75
19.54
18.49
18.95
19.25
15.01
13
12.57
13.92
11.85
1.9
2.53
6.91
14.33
-2.07
-2.37
14.65
11.83
-14.02
14.41
18.35
15.07
11.31
3.81
0.07
-6.63
6.46
11.68
14.94
14.68
15.51
15.79
20.6
23.48
21.3
16.15
11.63
8.83
10.01
11.9
11
14.88
19.45
17.14
16.87
18.9
18.09
12.84
13.68
8.23
15.15
17.15
-1.5
18.96
19.37
11.18
15.29
16.53
10.44
6.86
9.76
10.81
10.53
18.54
20.92
18.03
13.73
11.31
13.26
15.33
12.46
11.89
13.58
7.78
11.26
16.54
19
20.97
21.17
20.12
15.43
11.68
14.62
9.68
7.72
17.35
18.89
15.19
15.24
14.72
13.32
10.56
19.49
20.66
16.37
6.25
11.63
14.2
13.63
15.5
13.02
19.78
21.19
18.35
15.92
9.9
-1.98
-1.91
2.62
1.7
7.17
8.12
-5.3
3.66
-0.64
11.5
16.87
17.76
16.64
11.44
4.87
-1.07
11.15
11.9
8.37
-2.45
10.79
18.21
20.54
14.68
16.68
22.88
22.15
21.32
18.28
10.35
8.18
11.56
5.74
16.39
18.76
12.64
21.13
19.39
11.62
11.57
6.79
17.61
13.98
19.62
23.56
18.78
16.92
21.31
19.3
7.59
10.41
9.58
7.64
12.89
7.55
5.46
7.59
15.49
19.29
16.46
13.79
8.08
2.74
12.79
16.82
9.38
4.54
7.36
9.84
18.69
18.08
12.81
18.61
17.55
9.76
5.13
11.67
19.49
21.52
20.91
21.84
20.9
18.58
15.83
14.82
20.78
23.19
20.39
22.98
25.15
24.47
24
20.47
14.77
4.87
3.28
19.16
20.32
19.45
14.11
9.66
14.12
17.52
10.98
6.12
10.2
15.46
21.78
25.08
24.62
22.1
19.44
17.58
12.61
14.27
18.39
15.73
-1.03
15
13.72
8.98
18.21
19.62
22.29
20.75
16.89
17.44
15.3
7.91
14.33
20.94
16.56
15.71
19.6
21.07
19.9
5.99
14.71
16.36
15.74
17.06
16.11
12.11
15.46
16.49
17.41
17.33
17.15
14.25
5.53
12.34
13.12
11.56
9.45
12.46
15.18
14.35
15.9
20.34
17.71
15.05
14.38
17.4
16.58
18.5
20.87
16.9
4.47
13.92
19.66
20.59
21.15
20.44
-1.31
20.29
20.55
16.85
12.99
3.83
10.06
13.7
19.85
22.31
18.91
11.01
8.38
9.6
13.82
2.41
16.25
13.87
0.12
10.65
15.66
15.6
14.94
15.7
16.37
18.91
17.66
8.8
11.21
3.43
-3.04
13.05
19.32
18.26
15.12
14.19
20.91
20.38
15.3
17.1
20.38
15.54
13.96
16.74
11.07
11.08
4.93
9.35
-1.71
4.68
18.41
23.27
20.3
19.94
21.73
19.77
3.89
16.72
19.98
19.96
18.31
20.24
18.26
6.06
19.34
20.28
16.37
8.28
12.04
14.5
11.81
9.6
8.25
12.4
11.81
16.63
16.27
15.85
14.22
15.46
15.64
16.06
17.3
16.54
16.28
14.21
7.08
12.59
19.54
21.54
19.66
11.81
13.09
20.03
17.24
13.89
19.72
21.18
15.45
9.78
12
1.8
11.8
15.89
13.4
18.78
22.3
20.05
17.45
16.5
16.97
18.78
13
16.87
21.44
19.67
17.03
17.7
11.58
16.67
21.86
20.44
11.15
15.95
20.17
21.7
21.3
16.86
5.96
9.52
15.47
22.15
21.53
17.75
19.18
19.27
17.05
9.18
14.64
16.4
18.14
20.76
19.66
15.62
14.45
19.98
23.31
21.08
16.35
11.8
7.49
10.52
14.41
17.52
16.31
16.07
16.8
16.18
-1.46
13.17
16.24
17.5
17.95
18.15
9
15.99
12.88
10.88
17.04
18.69
20.44
22.52
24.71
22.84
18.95
16.39
11.09
10.37
19.22
21.16
18.94
17.2
16.42
14.85
11.65
18.22
16.87
12.18
11.3
-6.99
15.26
15.4
15.35
23.71
23.7
19.62
15.34
18.64
18.76
13.34
11.94
11.87
12.57
13.75
11.36
17.77
16.11
20.12
23.8
23.43
20.38
13.86
15.78
19.39
18
16.38
17.73
13.18
14.11
17.24
16.18
5.28
2.25
4.65
15.75
15.11
10.23
18.88
16.59
5.9
6.26
12.94
21.85
21.83
18.79
15.88
17.98
22.17
20.9
17.25
12.78
13.88
15.76
15.31
20.22
20.24
18.27
7.83
11.3
14.87
14.83
16.02
17.11
20.47
23.28
23.98
21.34
15.67
16.44
17.68
17.33
21.1
18.88
4.5
13.16
10.03
17.38
15.16
11.45
17.67
16.11
13.67
7.97
11.64
14.7
15.92
14.6
13.09
10.49
12.73
9.37
9.86
13.43
13.97
17
19.75
18.4
15.31
10.21
13.51
20.36
21.6
17.67
14.12
11.6
12.78
13.97
9.74
12.74
11.26
12.52
14.41
14.88
15.29
19.04
18.17
8.77
14.58
16.8
21.23
23.38
22.03
19.03
10.3
5.99
11.56
16.22
15.84
7.67
16.37
9.55
6.82
11.14
14.05
7.53
8.11
13.11
-4.7
12.06
14.13
17.62
20.36
22.17
21.11
17.73
12.01
15.17
21.72
19.25
12.47
9.59
11.91
7.19
9.51
17.23
10.39
20.47
20.67
14.9
6.85
11.24
16.45
19.44
16.6
14.82
13.33
7.67
4.57
3.38
13.01
17.6
20.91
21.43
18.39
11.35
6.74
11.2
12.4
15.46
12.02
9.7
19.7
18.89
14.53
2.88
-17.91
10.49
7.56
13.28
17.74
16.41
10.54
10.23
14.83
16.42
12.73
7.74
10.05
12.19
9.7
6.2
5.3
9.5
5.04
15.48
15.66
9.38
3.47
11.09
17.87
19.59
19.36
19.9
15.12
9.68
8.95
6.8
12.29
10.33
6.62
10.85
19.89
21.39
17.64
8
15.93
13.46
15.63
18.1
17.35
20.41
20.62
16.42
6.32
-10.19
0.71
12.11
17.15
16.07
17.19
18.1
11.87
14.12
14.62
15.48
14.63
13.58
13.95
13.73
11.33
10.49
14.03
15.09
8.83
6.39
9.88
19.63
21.63
20.6
18.46
11.13
-7.76
11.47
16.64
10.63
-2.25
10.42
17.77
18.03
14.1
8.33
12.55
13.63
2.09
4.18
11.37
16.24
15.69
14.69
6.16
13.07
18.84
17.91
7.97
13.65
13.12
6.3
15.9
17.55
16.11
15.03
11.1
15.12
12.71
12.82
9.84
1.67
5.22
13
8.07
8.04
7.44
5.57
11.93
12.02
14.72
14.26
12.4
11.35
14.12
12.08
14.51
16.97
20.5
21.57
16.22
-4.67
5.03
19.5
16.42
15.84
22.07
19.34
15.52
15.19
8.68
4.42
8.11
-2.94
16.23
20.3
18.66
8.37
11.43
12.53
7.16
14.41
16.02
17
16.63
15.4
15.78
15.61
17.71
17.32
13.31
12.97
15.27
19.6
20.12
19.48
15.2
9.73
11.19
9.03
13.63
2.91
5.43
14.87
16.18
19.65
20.36
11.59
13.81
11.12
8.79
11.42
11.8
7.43
6.4
7.09
7.16
11.76
-4.05
7.27
9.68
11.59
7.27
14.48
16.64
18.61
16.17
12.58
-18.6
12.05
9.7
7.81
12.2
14.11
18.32
16.93
10.74
10.22
10.21
9.62
8.09
14.99
9.24
15.47
14.44
13.78
14.44
11.79
2.39
4.93
8.23
-0.83
13.59
15.05
2.72
7.12
9.64
5.67
3.34
10.8
5.46
11.13
10.18
12.12
15.72
16.59
16.5
15.76
13.3
17.48
22.5
20.9
11.76
6.44
12.88
7.88
10.85
13.08
12.45
20.33
18.39
5.06
11.61
10.89
11.04
14
4.03
6.79
-2.48
12.87
17.83
17.9
16.4
15.39
14.15
9.26
10.54
14.01
16.48
18.8
17.13
14.44
16.15
15.4
15.3
12.46
17.12
17.72
14.06
17.78
13.39
10.94
8.12
6.78
10.17
2.14
13.23
14.25
13.97
14.91
14.52
17.57
16.06
20.3
19.54
18.22
16.33
12.74
16.91
18.41
13.71
5.77
6.1
13.09
16.01
15.57
9.99
4.61
-8.25
5.83
-1
0.5
8.7
13.12
8.91
11.29
5.42
10.57
14.63
13.76
3.68
7.26
10.64
17
18.01
16.04
14.42
8.82
0.82
10.02
-1.13
11.71
13.62
15.28
17.33
18.13
15.13
1.33
9.13
4.75
10.53
11.56
10.45
13.44
14.62
12.71
13.8
11.8
10.61
0.09
14.2
18.71
16.34
12.54
13.22
4.71
3.17
9.59
11.3
16.64
20.55
18.28
17.12
19
18.85
15.07
9.78
10.55
12.23
9.03
3.76
13.69
14.78
17.62
14.84
-3.3
8.97
14.16
17.31
13.81
9.82
10.31
14.53
15.32
7.06
11.45
15.63
13.01
12.79
5.71
8.45
16.18
17.41
12.15
-1.6
11.87
10.41
12.21
17.71
20.82
15.5
6.17
12.21
14.41
12.07
-7.17
6.2
15.66
16.3
12.62
14.5
13.03
13.21
9.14
4.07
3.13
8.4
12.34
4.86
6.79
9.49
13.7
16.48
15.27
7.96
11.58
17.17
19.16
16.25
13.16
14.07
13.37
13.34
8.01
8.03
14.76
8.37
7.08
14.6
16.65
16
10.47
10.43
15.78
15.1
15.33
14.5
8.61
9.36
15.32
14.86
4.81
14.62
19.87
17.79
16.89
17.46
12.6
13.72
12.29
9.3
15.03
11.37
-3.82
9.19
10.01
-7.32
13.79
17.23
15.49
10.75
12.74
14.63
13.2
8.27
6.55
0.92
9.83
9.4
9.56
2.8
6.94
14.6
15.58
13.71
4.88
8.72
14.86
13.24
11.35
10
3.75
16.72
18.45
10.39
10.6
6.6
10.41
12.81
2.09
7.73
11.42
9.19
7.17
5.75
2.21
-1.67
11.98
10.86
4.54
10.09
12.49
5.34
2.14
-1.82
7.12
11.17
14.49
14.23
7.71
5.67
14.26
14.62
9.93
9.05
14.72
15.89
14.28
13.88
11.94
1.08
1.35
8.93
13.52
15.76
16.69
15.8
10.73
13.98
13.22
8.51
9
11.77
16.92
13.73
9.55
14.9
13.7
2.7
7.57
9.46
13.2
11.6
13.15
20.07
19.49
14.53
15.34
9.46
5.64
11.76
16.5
15.19
10.51
1.26
12.37
16.39
14.67
10.68
4.71
8.29
7.04
12.7
14.5
12.89
4.95
7.56
13.86
12.32
10.94
14.04
15.75
15.5
8.54
11.73
12.55
1.61
7.29
17.49
19.27
12.52
11.63
11.44
10.39
9.96
8.61
6.47
3.04
10.9
7.52
6.45
4.26
14.3
13.97
10.85
12.19
11.61
5.05
10.07
12.7
5.1
5.52
6.33
5.43
3.88
11.79
15.1
10.29
-16.48
3.51
2.74
8.73
14.4
13.1
14.23
13.78
10.74
6.66
4.44
9.25
-3.28
13.91
15.19
14.08
11.66
10.39
5.35
4.62
11.46
13.48
2.53
14.3
11.36
3.38
11.21
7.92
5.95
9.32
12.41
10.06
12.29
8.17
4.21
10.13
10.81
12.58
9.83
12.27
14.63
11.3
7.58
4.36
12.31
9.66
6.33
-7.25
10.62
10.85
13.07
14.24
11.41
7.29
13.42
6.97
12.98
15.47
13.34
12.35
12.63
9.62
4.18
11.39
11.33
6.72
8.9
9.96
12.31
12.2
10.83
4.21
4.83
9.07
6.3
0.36
9.69
2.42
7.79
0.23
9.16
2.44
7.28
7.57
7.83
8.36
3.39
6.52
15.07
14.62
7.86
-4.92
2.06
-3.89
4.08
13.71
13.4
10.5
13.97
12.65
10.06
9.84
14.72
8.38
7.01
14.84
16.51
15.14
13.52
12.58
15.1
17.76
15.37
5.02
5
12.21
12.74
10.99
9.96
16.2
18.3
12.77
4.83
13.49
16.11
16.91
9.03
11.43
13.3
4.96
13.81
13.75
10.6
6.29
9.75
11.08
1.88
-0.85
8.99
4.18
7.44
8.65
-5.49
11.6
15.83
12.88
7.34
9.46
14.02
11.97
1.72
7.91
1.19
4.12
4.13
10.82
7.96
16.05
15.44
3.62
12.43
6.8
5.8
2.8
7.85
13.95
19.2
21.27
18.06
5.42
14
13.23
12.36
14.54
10.93
1.25
5.73
8.2
15.52
14.77
7.91
-4.03
3.15
4.01
13.61
17.31
15.46
-3.62
11.76
13.38
6.64
13.97
15.95
5.44
13.71
12.64
8.01
12.54
-7.79
10.46
14.3
11.72
10.04
9.28
17.31
15.13
-8.07
6
6.67
12.57
11.87
11.67
7.16
12.55
14.93
11.88
15.56
14.73
14.45
15.63
11.26
12.33
17.01
8.7
10.93
9.72
11.27
14.64
2.74
7.99
10.39
11.82
5.25
12.49
14.88
9.98
11.28
15.29
11.16
0.65
10.93
15.73
14.11
8.99
19.09
18.44
13.12
6.42
12.11
16.28
17.03
14.72
9.29
15.83
17.67
8.18
13.87
17.32
17.73
17.68
11.71
12.48
16.86
10.15
7.01
6.74
8.46
10.7
15.27
14.64
12.63
16.2
17.4
7.18
9.39
11.68
12.58
12
7.03
13.89
15.66
17.58
15.63
10.31
12.44
13.17
10.41
-5.97
6.43
9.5
3.15
12.27
11.7
-6.26
12.82
11.15
12.16
12.26
8.29
6.6
1.95
5.76
8.58
10.49
7.13
7.75
12.11
14.07
7.54
14.43
19.35
18.41
16.76
14.43
15.66
5.06
14.62
18.09
19.05
13.7
8.33
16.84
20.25
16.23
13.77
16.75
13.59
7.36
13.1
17.21
16.37
13.59
8.17
12.26
18.52
15.73
4.49
3.98
6.73
6.3
12.99
18.81
14.71
13.05
16.32
15.66
13.69
6.4
8.96
13.96
14.58
11.41
10.81
13.25
10.3
7.13
4.98
9.45
10.53
13.55
18.46
18.06
14.64
13.27
6.78
12.35
10.43
8.6
7.6
9.16
13.54
15.88
10.28
14.87
14.97
-1.91
10.3
3.35
14.5
15.18
7.97
-2.72
10.23
15.77
14.18
10.82
13.71
8.42
15.65
16.71
9.98
13.52
18.09
17.86
12.19
11.45
15.71
14.07
3.94
13.59
-0.68
16.38
15.98
12
7.42
6.09
12.92
13.74
7.85
7
9.2
8.05
10.12
12.11
12.98
13.97
13.53
10.04
7.24
8.04
-4.06
4.02
8.41
11.51
12.73
14.14
11.51
10.43
8.31
0.41
-2.04
0.55
10.36
11.58
-0.03
9.05
12.25
4.2
10.43
12.37
6.28
-1.62
10
12.53
3.02
9.89
11.23
12.92
11.5
0.42
1.41
4.12
9.47
8.93
2.62
7.41
11.64
12.1
15.84
15.68
12.13
12.17
13.6
12.48
10.68
13.1
14.73
5.92
14.67
15.17
13.26
14.16
12.51
5.05
-0.12
8.71
12.73
10.24
6.41
1.97
2.91
-0.16
9.19
14.83
12.94
2.44
11.99
17.9
16.53
12.35
12.56
16.37
14.74
10.11
15.57
13.7
7.11
2.21
8.2
11.46
14.29
13.2
9.32
4.88
-1.22
0.83
3.56
7.7
9.38
8.49
13.59
15.28
12.02
3.35
11.34
17.13
17.11
11.15
-3.3
4.1
6.55
9.19
9.79
17.14
19.51
11.15
5.12
6.76
13.55
13.55
15.83
14.32
11.25
-5.54
6.42
8.36
10.18
2.63
9.28
16.13
18.43
14.79
3.35
6.06
9.2
8.31
8.83
10.96
14.18
13.92
-5.17
13.13
12.97
2.85
5.99
2.57
-9.57
3.51
12.86
10.77
4.46
14.08
16.52
13.7
8.13
15.33
18.69
16.26
12.55
8.62
0.94
3.23
9.63
11.59
12.44
11.16
6.26
12.49
15.87
14.11
12.04
10.32
12.69
12.68
12.16
10.08
6.11
12.93
9.14
10.47
15.58
13.41
2.55
7.7
15.32
19.19
17.55
11.16
7.46
13.14
11.78
2.6
6
11.27
0.98
-2.26
5.88
-2.27
2.95
13.82
18.43
15.69
13.19
8.75
2.95
10.59
12.44
7.95
5.14
8.5
-5.49
13.81
14.6
11.74
13.7
14.07
7.25
6.84
11.17
6.89
5.7
12.46
11.3
10.88
10.23
5.43
7.25
15.49
17.08
13.47
9.71
7.23
9.46
7.97
7.52
5.26
9.82
11.52
4.85
-0.31
2.95
-2.64
10.52
15.18
11.33
2.06
10.55
12.42
16.52
17.92
15.85
12.9
11.43
6.68
4.89
14
15.85
7.52
3.54
9.17
8.83
-1.38
6.49
12.76
11.75
7.25
5.55
10.92
3.83
14.55
14.09
6.32
10.51
16.54
20.66
17.6
4.25
5.59
9.93
8.69
-1.69
8.14
11.77
15.31
15.53
7.69
5.51
6.99
9.73
7.36
9.34
13.44
16.86
14.8
8.33
-16.56
10.36
14.99
12.91
3.83
4.26
9.47
9.79
6.98
10.42
9.3
0.87
2.29
-1.39
7.32
9.16
7.38
13.55
14.61
5.45
-1.29
6.84
9.27
12.99
15.14
13.43
-1.1
1.8
8.79
11.89
13.67
9.37
15.71
20.82
18.91
9.1
14.71
16.45
17.15
16.87
16.89
14.09
7.3
14.73
16.74
15.49
16.01
15.98
18.1
16.86
7.51
-5.66
-4.16
7.63
10.49
3.79
9.48
17.21
17.8
10.66
13.53
9.65
-4.57
7.49
12.45
10.18
-1.92
5.27
-0.37
3.81
2.86
3.42
1.98
11.24
11
10.82
13.61
6.62
6.71
8.02
15.96
17.35
12.49
14.33
14.89
15.7
15.3
14.33
12.7
5.99
10.13
11.63
4.56
0.03
-0.21
10.03
15.85
11.61
10.76
5.41
3.54
10.15
9.87
11.85
9.46
4.89
13.49
14.5
13.09
6.87
-0.45
2.86
11.42
10.36
9.37
8.39
5.72
9.15
-0.56
-2.75
12.91
15.45
10.7
0.47
1.92
5.55
-11.22
5.94
12.29
16.16
12.94
2.96
14
15.36
14.25
10.66
0.81
1.15
10.53
6.17
12.87
11.44
-1.7
7.77
11.23
11.18
10.2
13.56
7.16
13.49
15.66
9.83
3.92
9.7
5.66
-6.26
7.89
6.35
7.05
10.84
11.18
13.54
11.1
6.35
9.11
6.95
14.31
16.31
12.78
11.18
13.68
7.5
6.89
11.69
8.04
8.37
9.1
7.59
10.26
9.16
16.5
12.03
6.19
7.86
11.1
2.01
0.67
0.07
-2.58
2.47
13.04
14.76
9.35
13.54
14.42
8.61
7.53
4.76
15.94
13.32
10.84
15.57
16.24
13.5
7.18
-1.51
2.79
7.62
6.56
13.29
16.34
16.37
13.92
9.87
2.04
0.92
4.09
8.55
7.92
12.7
13.65
9.12
-9.62
0.13
11.32
16.92
19.43
19.37
17.05
14.67
12.4
12.53
15.34
18.26
16.6
12.95
14.64
16.71
13.76
10.53
20.81
19.12
7.93
9.34
7.72
-2.14
6.69
4.99
10.15
13.5
12.62
13.03
10.03
6.61
10.13
8.71
11.58
13.07
11.37
13.36
12.85
-2.34
4.1
0.42
13.15
15.73
10.88
-2.53
9.38
11.96
-2.1
8.68
10.07
11.59
3.33
11.31
13.38
11.23
10.48
6.71
11.68
12.96
10.26
8.23
6.76
13.17
8.34
-2.87
7.54
5.22
-0.35
-13.54
-1.87
7.67
16.13
18.93
15.4
12.46
10.25
10.43
13.69
-1.13
3.93
7.65
12.73
14.23
13.37
15.09
11.99
-9.59
5.17
4.67
12.3
16.8
12.98
6.91
15.01
13.16
-1.85
3.23
8.55
9.75
6.12
5.22
0.51
12.77
17.54
14.95
11.45
12.03
13.54
9.62
3.3
-1.26
11.33
12.23
8.7
9.54
7.77
7.94
11.93
14.54
14.29
8.45
-4.36
4.12
5.48
11.05
10.31
10.89
10.83
-6.26
10.2
12.64
12.71
8.07
3.75
12.96
9.67
6.91
9.66
12.65
14.14
10.49
1.97
2.81
2.39
2.52
-9.72
6.04
-4.98
7.05
10.15
6.5
9.33
9.75
7.76
5.75
11.99
3.05
7.84
-0.32
11.17
14.75
16.53
16.61
15.39
12.1
2.42
13.02
17.14
15.65
12.49
16.07
19.37
18.13
14.59
11.99
5.62
9.84
12.44
8
11.2
12.95
10.06
-6.4
12.71
13.71
7.26
14
13.18
17.18
14.7
-0.5
11.67
10.24
15.06
15.08
17.2
15.43
11.01
9.04
9.23
8.01
10.07
11.14
4.88
1.52
7.16
12.62
10.79
9.22
8.29
3
6.85
10.14
10.13
1.53
8.77
14.14
18.02
18.27
14.7
15.64
17.53
15.1
9.73
11.18
13.04
11.6
-3.49
7.91
3.57
6.73
10.29
-4.89
-3.73
12.52
17.77
17.84
16.67
16.85
15.83
13.29
10.48
-14.81
12.16
13.48
-2.15
14.46
11.74
12.67
18.85
17.31
16.28
13.24
12.02
8.74
5.33
3.9
9.22
16.42
16.56
11.63
12.7
15.61
13.97
11.2
10.95
8.63
14.09
14.62
11.8
8.97
3.59
0.14
7.9
15.15
18.49
17.58
14.46
7.5
3.14
1.27
6.38
13.45
13.33
12.86
9.88
10.59
13.7
7.31
3.07
12.71
13.4
12.01
12.8
9.67
-13.11
10.85
14.18
11.45
9.37
16.43
16.19
13.23
11.78
15.14
10.09
1.98
9.1
11.47
15.04
19.5
17.98
14.11
15.5
11.81
9.14
14.24
7.92
8.88
9.65
10.39
17.53
19.66
17.32
12.43
9.82
11.88
14.06
10.99
5.79
15.03
13.74
13.81
17.01
14.62
7.49
9.16
12.46
6.86
6.66
15.39
13.69
9.73
13.63
15.02
13.9
15.81
14.55
8.58
8.05
9.96
7.61
5.09
16
14.86
8.63
14.28
15.3
12.74
8.27
4.36
8.63
11.9
13.09
16.21
17.13
14.35
12.72
13.13
13.82
13.67
11.42
6.69
-1.98
-9.36
9.98
11.89
7.63
13.39
10.34
18.27
20.82
17.67
8.75
8.19
11.44
12.56
15.15
16.39
14.79
13.61
14.66
8.4
7.46
13.89
17.61
13.64
9.83
13.59
18.05
17.92
16.22
15.41
18.2
20.94
20.05
17.45
17.76
18.17
14.09
15.38
18.59
16.8
10.71
8.11
9.64
12.67
11.08
9.48
2.89
2.37
4.84
13.44
17.54
13.47
4.03
7.1
13.02
18.16
18.48
14.79
5.72
5.83
10.71
5.2
5.27
12.7
9.28
11.99
15.34
9.71
1.2
8.29
8.14
14.56
15.31
15.71
18.56
19.09
17.4
15.22
14.73
8.24
14.27
16.57
10.89
8.25
14.2
14.03
10.44
15.33
15.63
14.79
13.36
10.7
5.16
12.88
13.62
2.26
15.83
11.43
4.94
3.61
-5.51
1.55
3.53
-19.59
3.48
5.25
10.94
13.71
19.4
19.63
14.07
7
11.97
15.01
14.58
6.46
15.23
15.08
13.22
11.33
4.95
13.62
