8.08
5.61
5.23
1.94
5.41
9.36
8.74
11.22
9.92
7.4
9.11
11.01
9.25
6.66
6.07
4.2
11.07
10.34
-2.77
0.63
3.81
-4.07
7.4
12.83
10.09
1.51
9.69
5.7
-3.44
-3.02
-1.13
0.47
11.39
15.75
12.77
10.55
10.88
10.94
-0.25
-4.31
8.33
11.27
6.19
11.1
13.07
9.38
9.93
9.38
5.99
8.34
11
1.59
-5.73
8.82
5.15
-0.28
10.75
10.71
-4.06
5.73
10.13
15.55
18.89
17.71
8.69
13.31
15.88
7.49
8.31
7.7
13.5
16.9
15.57
8.9
8.75
11.52
13.22
13.87
14.59
15.42
10.99
17.05
16.13
8.53
10.7
13.43
10.83
9.31
7.01
6.13
3.42
-10.74
5.44
8.32
1.16
8.36
-3.1
9.13
10.82
6.64
4.24
1.44
-2.96
4.64
6.91
6.93
12.25
8.32
8.11
12.64
10.92
4.31
1.48
6.28
5.27
-2.81
3.23
13.95
17.01
16.34
14.08
16.16
16.33
10.15
6.78
9.36
11.71
-4.01
6.31
6.59
9.72
8.85
6.94
8.54
3.31
3.29
3.97
1.5
5.82
0.18
-2.95
1.87
-0.8
9
11.57
5.96
-2.12
3.91
4.87
6.68
13.76
12.53
13.71
16.02
15.65
12.45
7.16
9.14
-0.81
10.79
11.95
8.38
5.82
1.57
-5.78
2.35
7.32
8.27
7.76
1.02
-14.02
2.4
10.34
7.26
7.06
7.58
0.38
4.1
6.37
4.03
-3.39
-0.53
5.38
11.98
15.35
11.66
6
3.9
2.32
6.31
9.73
13.12
13.26
4.07
4.86
9.32
13.99
12.64
6.63
10.67
17.43
13.77
5.14
11.37
13.75
5.72
-3.46
-7.15
-1.39
10.99
12.27
8.34
4.59
1.68
5.65
12.2
17.18
16.11
11.81
8.41
-14.53
5.61
12.62
14.18
11.39
11.32
8.07
3.85
10.64
10.69
4.61
3.14
10.57
10.51
1.66
6.08
4.97
-2.73
-1.85
-3.92
8.07
10.92
2.45
-0.44
-7.17
8.58
13.09
14.19
12.16
8.86
13.33
14.19
13.02
9.61
-3.97
5.23
9.48
8.44
-0.6
4.54
5.15
-1.38
6.79
9.14
8.61
1.26
-2.81
-5.41
-6.02
0.61
0.99
7.78
7.48
0.7
8.23
6.91
4.56
6.67
15.39
14.7
9.1
12.78
11.51
9.13
6.92
9.62
10.62
7.6
-0.53
-2.01
9.92
11.11
10.86
13.84
15.77
11.13
5.68
9.64
4.34
-5.1
2.16
7.93
11.94
8.74
-1.45
9.8
8.3
-10.96
4.56
4.14
9.52
6.43
-2.86
8.17
12.14
15.17
13.17
-2.23
13.59
12.77
3.04
11.46
13.31
15.94
15.9
12.5
6.27
8.56
12.81
12.82
7.78
6.85
11.96
3.74
13.79
14.05
0.98
13.26
14.08
4.9
7.85
10.17
-0.96
11.33
10.9
-3.35
4.79
-0.29
5.53
6.24
9.95
9.87
11.87
13.09
10.43
11.84
15.82
16.41
13.41
7.85
-2.76
-2.96
7.3
13.13
11.31
2.77
0.03
8.85
4.91
-3.93
4.78
7.42
5.77
1.55
-6.13
4.51
11.1
10.8
5.58
7.2
8.52
6.89
3.22
10.75
3.06
1.55
4.07
7.3
10.74
6.87
5.24
3.73
8.79
9.98
7.09
12.3
11.99
-0.51
1.43
6.42
10.32
9.02
8.79
3.22
10.35
16.56
15.71
11.66
5.66
9.34
8.44
6.94
9.97
3.37
4.95
5.13
6.89
2.72
7.54
10.1
5.86
7.1
8.7
9.08
13.48
8.88
9.44
12.95
10.48
6.91
7.44
12.99
15.27
13.39
11.84
13
12.35
11.03
7.64
9.7
18.13
19.06
14.69
4.27
3.54
-1.26
1.67
4.79
11.96
10.35
7.46
8.39
1.91
9.81
8.23
10.07
14.32
16.09
14.29
9.35
1.08
-3.55
5.8
4.1
12.86
10.63
8.08
7.07
2.49
8.11
15.5
16.62
14.4
11.35
-6.56
11.13
10.6
3.93
1.6
8.05
14.4
14.36
12.46
10.53
7.93
8.4
12.37
15.87
17.63
17.91
18.13
17.56
12.38
-6.02
-2.7
14.22
18.1
17.4
18.88
12.64
-2.46
6.17
4
4.77
14.98
13.77
8.27
6.6
8.7
10.83
15.47
17.73
16.09
7.55
10.53
13.88
15.42
17.88
17.47
13.77
-4.7
6.35
-4.99
10.33
16.58
17.86
14.31
6.81
4.93
8.88
5.78
0.5
7.61
10.31
3.14
7.22
10.77
14.33
9.85
3.03
10.59
11.65
11.22
11.32
13.36
6.87
13.53
16.02
12.97
-0.69
4.06
9.52
11.19
6.29
-3.97
5.34
6.96
5.33
8.8
11.39
3.48
3.27
-4.55
1.38
-12.23
4.13
5.82
2.86
3.44
11.58
12.29
9.65
1.07
9.77
6.38
6.77
13.34
9.55
7.1
7.36
8.83
16.89
18.87
11.34
12.95
13.08
8.59
1.2
5.27
-2.59
3.04
11.91
15.1
8.27
4.04
9.06
4.63
4.55
8.24
11.75
17.48
19.83
17.26
12.09
-2.91
4.42
2.33
3.28
7.37
-1.43
3.85
9.27
10.94
9.05
4.74
8.95
11.88
11.95
17.39
13.62
2.42
9.64
8.22
4.23
7.68
7.4
13.12
7.7
8.31
10.28
8.47
3.97
-3.93
11.08
10.96
3.84
2.16
-5.46
7.02
11.74
9.82
13.78
15.8
10.91
8.99
12.53
11.28
9.97
10.14
3.06
3.85
12.79
15.69
15.79
11.75
-5.76
9.83
10.21
10.53
8.43
9.8
4.69
8.94
13.07
5.99
1.94
0.02
7.96
9.04
7.04
8
11.53
7.85
8.39
11.22
15.39
13.32
6.99
-3.55
3.95
-0.7
11.69
14.42
16.3
17.3
16.09
14.14
10.11
14.15
18.93
17.25
11.59
9.94
6.95
1.97
13.08
15.46
7.61
3.55
5.24
6.18
7.49
15.45
15.13
17.1
14.52
1.31
3.63
11.95
16.04
15.79
16.44
18.75
16.64
8.24
-0.75
6.92
10.93
10.07
7.89
8.68
5.05
2.41
6.64
10.16
9.61
5.81
11.54
13.71
13.88
10.2
-4.88
6.19
12.35
9.26
9.83
12.73
3.21
11.94
8.61
8.63
12.83
14.55
15.29
10.73
-1.97
5.02
6.09
-7.43
-2.91
-2.39
5.57
6.42
1.9
2.94
-9.68
-4
-4.89
13.42
17.64
14.98
8.21
11.1
14.1
15.67
13.12
10.62
13.04
14.51
12.35
13.16
12
11.26
12.03
9.46
10.17
11.25
2.96
9.87
8.62
4.13
5.9
0.5
-1.69
9.56
9
2.33
4.33
12.53
11.49
3.78
8.6
11.42
12.41
15.38
16.64
12.7
5.3
12.82
14.8
15.3
21.13
19.76
19.14
24.62
25.75
21.21
1.3
19.79
17.23
19.11
25.95
26.38
27.24
25.84
21.55
15.4
12.79
19.46
20.26
19.99
21.1
17.45
16.87
14.72
19.91
28.2
27.48
17.8
11.88
16.09
7.21
16.67
17.38
16.88
18.49
15.99
18.72
23.96
29.17
29.99
27.03
27.2
29.06
27.37
21.57
13.07
17.77
7.35
20.31
25.45
24.08
22.78
25.63
28.07
32.33
33.49
29.58
22.34
18.39
17.05
22.91
24.41
24.66
18.43
13.82
10.04
22.97
23.05
15.21
17.57
18.43
19.75
13.69
13.41
16.41
17.29
20.92
22.4
24.53
19.69
9.29
17.91
20.52
23.85
25.89
22.88
13.4
19.2
23.13
21.78
11.12
18.95
20.46
19.99
19.57
19.64
22.55
20.78
16.26
14.49
15.68
21.86
17.09
18.7
22.82
23.95
22.06
19.95
17.37
16.17
17.81
6.89
20.13
22.24
21.17
21.42
20.03
21.42
24.04
23.25
15.68
22.44
23.18
20.06
15.86
22.76
20.33
16.93
12.86
17.3
27.13
27.53
18.92
12.13
25.07
30.58
29.05
21.57
13.66
19.34
21.85
19.19
13.07
12.38
15
21.32
19.61
27.68
30.65
25.75
11.72
15.77
-0.89
23.74
26.62
22.31
16.74
13.25
18.9
25.93
28.77
26.77
24.39
26.97
29.16
27.62
20.91
13.84
16.07
18.3
9.2
14.09
15.92
17.4
8.8
26.66
30.66
26.4
18.82
19.22
15
16.58
20.43
20.52
23.13
19.89
19.88
23.53
25.76
14.43
25.86
28.02
26.72
21.93
-14.02
17.42
15.21
13.37
17.65
21.42
24.09
24.57
25.97
18.16
19.68
25.09
23.43
16.87
19.34
13.44
8.45
18.64
25.18
23.91
22.89
26.08
20.06
25.54
26.12
23.67
29.22
30.65
26.96
19.61
14.7
18.12
19.21
16.95
25.26
24.15
22.49
28.07
25.27
7.47
14.39
5.09
17.05
13.59
21.03
22.79
20.04
22.02
15.09
18.76
17.99
11.22
13.02
10.19
15.14
22.97
23.37
23.64
23.45
23.01
15.87
9.08
6.26
20.6
23.71
24.04
25.32
24.99
18.63
19.72
19.79
19.89
22.58
18.98
15.9
23.12
19.29
18.01
19.08
21.88
25.08
24.36
22.53
21.87
15.86
19.36
24.59
21.64
14.27
15.04
23.19
27.74
26.28
18.7
19.97
20.1
18.6
19.97
22.09
21.81
15.75
18.24
28.17
28.22
18.05
17.65
19.73
24.28
27.84
27.47
26.69
24.15
21.35
21.86
21.83
25.08
25.29
24.16
23.97
24.38
26.59
24.84
19.84
20.86
19.24
23.53
26.15
25.37
26.51
26.36
21.71
19.88
20.21
22.51
24.55
23.33
21.4
19.8
17.7
15.82
16.15
19.34
21.79
19.84
-3.24
16.72
18.11
18.44
19.25
16.38
11.45
9.22
15.27
14.33
14.41
12.35
17.66
22.01
24.53
26.79
26.44
24.01
18.28
14.81
18.56
22.8
21.08
17.46
22
19.84
8.19
13.03
19.88
18.11
6.17
0.34
13.35
16.76
18.8
19.37
13.54
11.53
18.91
16.59
11.76
15.01
17.55
18.06
13.47
15.23
17.34
11.92
7.85
6.11
5.25
13.27
12.79
7.57
8.97
12.96
8.49
7.5
12.37
15.74
16.9
17.51
12.34
17.1
13.44
14.88
17.36
1.85
10.18
10.79
16.78
12.08
14.34
18.85
17.3
13.55
7.4
19.14
20.12
18.78
16.91
25.4
24.03
20.7
19.17
20.4
16.83
12.87
17.33
14.33
-1.66
14.68
18.46
17.53
16.4
17.02
18.13
19.01
16.87
20.56
23.33
16.23
18.35
15.52
9.31
13.32
15.67
16.65
18.46
13.26
8.43
15.79
21.55
22.88
7.24
23.52
22.18
9.07
12.86
11.63
15.74
18.97
17.51
21.55
20.27
10.2
19.74
13.16
14.01
5.79
19.83
18.14
23.29
23.35
23.18
25.91
28.88
24.13
19.48
17.43
8.83
11.92
9.47
18.77
20.4
20.37
17.89
20.37
23.7
24.1
20.3
8.6
14.56
14.17
24.72
22.08
13.51
19.74
20.75
21.95
19.07
15.03
16.44
23.22
26.03
22.12
15.43
16.72
18.93
19.3
15.03
13.22
14.1
20.24
17.33
17.13
18.34
7.03
20.52
19.7
23.71
21.26
11.26
13.25
11.9
12.15
11.95
17.91
19.32
20.44
18.78
18.42
24.07
25.59
23.98
20.49
14.51
-2.58
9.91
7.22
20.62
22.44
18.97
13.2
15.09
15.36
11.91
26.17
27.76
20.76
18.12
17.6
14.52
21.57
21.97
19.32
16.91
18.31
12.76
16.87
19.88
22.67
26.24
27.39
26.58
22.46
7.45
17.84
23.98
24.6
17.86
17.08
20.86
20.67
20.78
18.19
13.66
13.31
13.28
14.17
15.84
21.1
21.03
20.39
22.5
15.84
16.11
17.33
4.25
-1.93
8.11
18.12
21.79
21.15
15.32
18.77
14.04
-0.7
10.44
15.92
13.18
10.03
18.86
21.85
18.09
8.21
17.82
22.07
21.2
15.9
21.97
19.69
15.06
21.87
22.59
19.46
18.18
9.68
19.61
21.28
20.46
16.88
13.18
13.23
23.77
27.51
26.91
25.04
17.92
16.52
21.54
8.92
21.43
20.55
1.66
12.78
18.22
21.84
20.7
18.67
25.56
21.58
20.35
24.04
18.72
25.41
22.91
16.57
13.47
19.18
14.47
9.02
18.41
23.16
15.21
24.04
19.86
18.08
26.14
23.92
17.33
19.63
15.79
18.21
11.71
18.65
7.95
13.76
4.52
17.95
18.93
20.67
21.46
21.86
20.09
24.33
24.18
20.42
11.8
16.1
21.18
22.1
16.09
7.07
14.32
9.05
6.74
12.03
9.73
17.01
1.08
19.55
17.23
21.8
27.64
26.48
15.97
15.06
20.91
20.28
16.02
10.09
12.9
12.88
5.9
11.14
16.29
20.73
16.7
14.05
22.73
24.89
23.84
22.68
13.11
20.89
21.37
8.76
16.13
18.67
19.93
16.36
13.81
16.3
18.9
20.93
20.83
19.99
22.85
20.79
11.99
3.32
15.3
18.72
7.31
13.68
12.43
14.55
7.3
17.25
16.77
20.26
18.63
16.05
5.88
11.17
19.2
21.91
17.88
15.2
13.86
17.46
16.01
4.46
10.06
17.89
16.16
15.5
14.27
12.71
16.71
15.78
18.92
23.49
20.58
12.53
18.23
19
21.86
25.28
25.21
18.93
7.06
7.89
13.35
23.45
25.96
20.85
-12.58
9.21
9.93
14.61
21.18
21.84
16.24
12.87
11.34
6.43
12.53
19.62
21.15
16.48
-13.42
10.3
14.61
10.99
18.79
22.29
17.54
15.84
17.27
17.61
19.71
19.97
18.32
21.39
24.48
21.63
12.42
16.09
17.65
7.96
0.64
14.3
16.1
14.18
12.32
9.03
8.89
16.16
18.28
19.96
18.64
11.97
19.63
19.49
16.1
21.46
17.22
17.84
24.65
22.19
16.21
14.64
15.03
20.28
15.42
4.27
16.18
20.9
18.83
11.92
8.39
20.82
16.53
16.18
18.77
19.55
23.64
25.19
21.76
16.09
20.48
24.54
22.77
15.43
16.46
10.51
21.37
22.44
17.74
16.78
19.81
14.7
19.58
12.58
8.81
12.98
15.08
14.25
15.62
20.41
19.59
13.72
2.16
14.88
19.41
24.14
25.89
22.15
12.55
15.5
20.03
15.29
16.08
24.22
20.33
17.7
22.97
18.71
15.27
13.29
-2.77
16.4
21.8
24.16
24.34
22.03
16.82
6.8
15.63
20.62
23.76
26.39
26.23
23.54
21.82
21.2
20.43
15.13
11.75
19.48
23.76
19.63
19.07
18.09
18.21
19.54
22.25
22.44
17.89
19.24
24.03
17.86
16.77
24.73
26.74
25.23
22.53
24.26
20.7
5.34
11.44
17.49
26.86
31.79
27.98
17.91
17.41
19.35
23.6
24.91
23.23
18.97
16.5
22.69
13.34
25.25
22.6
18.15
21.37
12.94
13.39
21.96
29.99
30.34
21.55
24.3
23.25
26.88
24.86
20.61
24.08
21.02
18.31
13.49
2.14
17.85
23.82
27.36
27.49
25.94
23.92
23.4
9.68
16.39
3.3
16.66
14.17
21.45
38.78
45.17
42.41
29.83
15.12
11.02
16.78
15.2
16.78
10.9
22.52
19.25
14.85
12.95
12.5
1.36
2.2
15.98
20.9
21.73
26.79
27.3
21.22
17.02
17.51
21.58
19.36
37.4
45.57
43.64
32.13
14.07
26.75
25.93
18.3
8.89
15.04
21.2
26.07
27.28
22.61
0.76
19.53
21.25
20.18
22.89
24.38
21.57
23.34
25.93
23.92
37.05
36.54
28.31
22.96
25.76
24.85
21.29
25.5
18.52
7.09
14.58
17.85
22.88
21.15
12.91
17.08
18.57
15.87
19.33
20.27
20.38
24.34
24.46
19.96
16.34
16.43
7.35
15.71
18.3
37.7
43.19
39.82
25.08
17.4
19.16
19.9
22.26
21.34
25.17
25.65
24.95
29.64
29.99
25.79
24.9
23.23
20.23
17.23
20.83
21.62
22.08
21.2
21.9
18.39
5.41
18.8
20.91
19.3
11.83
33.07
42.61
44.72
40.68
32.06
11.87
18.61
11.08
21.57
23.31
25.29
27.38
25.54
20.12
-1.57
18.45
20.07
11.7
19.94
29.23
30.62
26.46
21.08
15.02
14.08
19.22
24.29
18.29
17.33
17.42
23.78
24.04
20.91
24.12
26.14
22.54
15.3
15
18.27
20.53
23.08
22.51
23.56
26.12
25.63
24.66
23.17
10.93
15.75
15.72
17.7
27.56
36.38
42.55
40.77
27.38
19.37
23.86
23.89
17.6
20.35
22.79
22.29
22.38
19.59
21.92
16.93
15.53
19.95
18.82
12.99
22.2
21.09
17.84
20.79
24.93
23.5
20.23
16.6
21.57
22.17
21.92
21.45
24.11
23.87
21.5
21.58
34.31
38.96
35.12
24.39
22.85
24.82
20.05
16.23
20.83
20.68
27.92
22.89
4.24
17.71
20.78
13.11
16.16
22.02
20.17
13.84
11.78
18.89
20.84
21.65
21.45
16.21
23.81
26.75
25.02
23.87
21.6
6.67
19.93
21.88
24.98
19.17
24.79
37.22
40.99
37.48
31.63
32.67
32.84
30.86
27.61
25.06
15.38
30.31
36.73
35.33
28.72
25.7
30.6
28.05
18.36
28.02
35.94
40.49
38.66
28.36
20.63
25.67
20.3
22.23
22.29
18.15
25.98
29.04
33.71
29.13
27.09
29.4
25.37
23.33
25.54
28.12
24.78
21.57
28.14
21.65
19.46
26.17
26.29
21.28
25.38
20.72
24.32
18.32
15.52
27.13
29.14
26.72
25.92
20.09
26.08
29.11
20.75
17.57
25.51
28.12
29.75
29.94
28.34
29.56
26.56
14.99
26.53
23.71
19.17
18.62
12.21
25.19
24.54
3.86
23.03
36.8
46.85
47.95
40.45
29.41
26.63
20.82
25.23
28.19
28.02
42.43
47.5
43.6
28.82
21.19
24.76
24.16
23.61
26.15
27.35
26.62
22.67
13.15
24.25
30.85
31.46
25.2
19.11
22.04
25.84
26.37
21.06
20.81
19.58
22.51
26.52
18.31
18.56
20.01
14.72
30.26
32.17
27.96
16.49
22.62
24.66
22.91
13.6
18.09
25.35
28.35
25.14
11.1
27.04
27.66
20.85
21.95
23.75
21.06
22.36
25.46
23.09
22.64
13.98
26.98
30.26
29.73
27.92
27.59
22.32
25.98
26.36
5.02
9.67
21.06
25.76
22.55
21.09
22.85
17.6
25.43
27.38
24.96
25.92
26.54
23.96
21.7
26.93
27.39
20.32
20.5
12.34
21.28
13.19
21.76
24.57
22.17
22.8
23.9
23.98
26.22
27.95
30.54
32.25
31.47
26.94
24.73
24.58
19.28
21.57
27.65
18.05
19.5
19.2
17.38
19.55
25.75
23.57
25.55
24.49
17.85
28.83
31.97
26.33
14.49
22.82
22.79
18.28
13.18
15.77
17.88
17.72
24.71
30.87
29.28
24.66
21.15
24.11
26.18
24.3
22.73
27.92
24.52
11.87
22.93
24.93
9.85
18.64
-0.71
20.12
25.78
26.61
25.87
29.12
27.11
6.84
21.07
22.51
24.55
14.71
10.21
22.17
22.74
25.13
27.83
26.64
21.56
0.67
17.68
21.35
21.73
22.92
21.96
23.96
28.02
28.97
28.35
24.66
2.76
21.7
21.34
28.04
28.76
27.32
25.79
23.41
25.48
25.45
22.54
25.63
29.1
25.13
7.22
17.44
27.5
27.56
17.39
21.94
25.87
24.75
23.61
28.83
27.7
27.17
27.33
18.93
19.1
16.15
17.72
20.76
21.07
14.74
25.31
22.76
16.04
9.43
11.79
18.78
23.34
20.77
15.47
17.26
24.41
26.67
25.25
24.27
24.87
23.45
16.67
16.45
21.35
24.87
21.6
23.35
23.55
19.65
20.12
5.85
22.58
21.03
20.65
22.22
24.54
24.45
25.6
22.84
25.59
26.25
18.74
13.82
19.92
25.01
27.16
27.33
28.46
28.2
21.77
15.52
19.61
22.7
14.61
23.94
25.93
24.16
23.23
15.06
19.86
24.7
23.43
20.97
13.79
17.08
21.58
20.67
21.97
22.71
21.79
22.23
13.68
23.3
28.18
26.36
19.1
15.48
12.96
17.23
14.99
17.15
23.22
20.3
17.27
19.04
19.18
20.1
22.52
21.15
17.58
16.77
6.08
17.9
2.53
3.44
12.7
15.56
21.07
23.2
21.15
18.69
22.03
17.15
31.41
22.1
29.02
25.38
24.63
20.77
23.15
26.34
28.3
28.77
31.06
28.75
28.83
30.25
30.35
29.76
27.18
25.62
23.72
12.85
16.33
19.13
20.26
24.31
22.96
19.96
21.9
20.94
25.58
26.76
25.72
27.28
30.45
27.11
21.43
18.47
-1.94
22.5
27.46
22.36
24.22
24.32
29.17
31.47
28.75
26.25
19.97
20.74
15.21
25.04
23.17
31.59
32.21
26.33
21.28
26.92
27.67
27.95
27.96
20.79
22.85
27.9
26.05
12.35
16.86
17.67
24.56
29.2
28.12
27.14
28.72
23.68
15
11.25
19.63
11.65
23.77
25.01
31.07
35.16
33.23
27.56
23.42
26.24
23.43
11.47
26.53
30.36
29.29
20.89
19.83
8.34
18.36
24.84
30.29
28.47
25.27
28.82
23.81
17.57
21.93
17.41
18.89
27.66
29.01
25.04
24.55
24.05
24.32
19.04
14.07
20.85
24.65
28.88
23.63
26.47
28.01
25.83
25.45
25.2
25.1
27.66
31.66
30.92
23.78
5.95
23.57
21.41
21.79
25.38
19.21
24.02
25.61
20.35
18.09
14.23
15.83
20.63
23.33
29.35
29.99
24.93
14.5
21.68
24.67
25.62
26.96
20.55
8.43
11.79
8.63
19.95
26.48
25.63
20.51
16.61
3.64
17
20.38
23.97
21.15
18.68
24.42
27.63
28.25
27.86
27.89
27.49
25.94
19.04
14.75
18.5
16.48
19.64
8.25
8.21
9.88
24.7
28.29
17.56
25.91
27.13
19.14
22.69
23.79
19.23
23.16
18.35
16.83
16.73
22.68
25.91
21.06
10.83
16.55
20.69
24.52
22.97
16.78
9.22
26.14
30.55
28.82
22.56
15.88
17.82
14.66
25.61
26.94
23.84
23.49
26.13
24.74
18.18
8.01
21.27
24.53
24.73
22.53
24.03
21.53
14.35
12.23
18.19
17.52
16.07
15.54
13.84
19.24
27.44
27.52
20.97
12.05
15.99
26.69
23.64
14.44
22.72
18.41
5.45
10.77
4.74
-3.33
0.89
16.66
23.52
23.16
19.3
16.03
10.09
20.5
20.88
20.58
22.9
18.3
6.87
6.94
17.15
17.41
16.03
9.45
20.62
20.15
10.26
13.9
17.24
19.52
23.17
24.83
20.36
5.23
10.9
6.91
16.19
9.67
17.99
19.6
15.78
22.25
22.5
22.77
19.49
20.78
22.38
23.79
19.21
10.43
15.79
14.52
17.36
7.48
16.56
21.06
16.96
15.64
19.28
4.35
22.85
20.79
22.95
26.02
19.39
17.97
25.54
23.86
14.79
18.52
17.78
16.37
22.22
17.38
23.04
23.87
21.78
24.35
21.9
16.78
21.48
23.57
19.65
2.7
-6.05
17.71
22.81
23.02
19.66
12.19
25.21
27.43
24.28
16.13
11.88
10.2
25.45
29.88
27.67
16.58
12.44
13.78
21.26
21.24
11.84
7.9
5.79
17.88
17.85
19.04
17
20.57
14.6
-2.63
16.05
12.07
17.73
18.69
14.87
24.69
25.12
22.93
22.64
20.85
14.33
10.69
12.11
19.21
15.07
19.56
19.86
16.28
17.95
22.09
22.44
18.58
17.51
17.39
24.18
24.42
25.37
24.41
22.47
18
7.74
14.93
9.26
6.41
6.85
14.52
23.76
25.55
21.35
17.26
17.52
18.46
19.66
6.62
17.57
21.4
18.87
13.83
14.01
14.26
24.27
29.12
31.06
29.79
25.03
21.17
23.75
23.82
21.89
18.37
19.88
14.62
16.36
15.52
16.67
19.49
10.37
7.59
12.62
17.03
18.57
17.79
13.38
18.76
17.65
20.09
22.33
14.56
13.78
20.99
20.88
12.53
23.54
18.43
13.23
14.76
23
24.57
19.53
14.97
21.54
23.37
17.53
11.36
25.49
28.73
24.79
20.9
18.82
-9.93
17.87
21.59
20.69
21.23
22.57
10.9
21.91
23.64
23
19.05
5.61
19.54
23.55
24.44
22.97
18.96
14.01
21
20.05
20.51
18.38
19.18
24.23
23.1
21.48
16.74
11.76
17.14
13.51
6.32
15.55
20.25
24.27
26.61
25.8
24.22
20.02
12.25
12.05
13.47
15.2
19.85
21.99
23.69
22.13
15.09
15.3
12.68
15.24
19.56
22.68
23.83
16.19
20.37
24.91
20.58
11.68
16.29
-1.34
19.19
22.77
20.47
19.87
20.79
17.07
12.08
22.9
21.6
18.04
15.98
10.44
5.91
12.62
14.39
16.88
15.47
4.99
19.85
21.87
13.67
-1.13
17.16
13.55
11.14
25.07
28.5
27.28
21.29
7.98
18.75
23.5
26.16
27.26
23.56
31.74
36.15
30.04
23.77
24.23
21.14
17.24
15.29
13.08
14.05
11.44
14.56
12.86
11.24
13.73
13.77
17.88
15.69
9.9
16.74
7.95
19.34
22.5
19.32
15.42
13.73
13.63
15.28
14.71
16.5
19.37
18.58
18.47
23.67
20.48
13.2
6.43
3.33
1.68
11.9
5.83
11.53
12.13
9.57
14.97
14.89
10.4
22.69
26.54
24.34
18.41
20.48
21.65
18.53
14.75
11.02
15.34
18.67
9.39
20.16
20.97
18.85
20.83
18.04
17.51
27.36
28.47
15.41
19.62
17.54
15.82
17.85
13.9
13.75
9.27
21.42
22.87
18.42
20.75
19.72
20.9
21.29
10.37
20.56
26.02
26.2
23.73
20.09
13.74
13.13
14.57
15.79
19.41
18.98
10.29
19.95
23
21.94
18.57
18.74
18.01
19.01
20.69
23.37
18.13
13.64
18.2
21.52
18.84
17.82
19.21
19.77
22.45
21.32
9.22
18.54
21.22
17.31
6.87
15.79
20.33
20.38
20.98
17.06
18.45
23.85
23.55
23.29
23.99
23.48
18.74
15.15
22.07
25.83
22.87
13.88
12.57
13.33
8.87
12.27
18.9
16.58
15.92
17.53
22.25
23.41
24.31
23.86
22.23
22.27
16.83
15.87
18.47
22.05
25.32
24.42
16.86
5.21
17.8
20.99
17.29
13.86
22.09
23.87
22.46
20.61
13.06
15.88
19.52
13.79
16.34
11.72
14.57
15.47
19.49
22.78
20.69
19.61
24.13
24.26
19.05
10.31
21.25
26.03
24.53
19.39
21.3
21.24
21.5
20.7
16.03
12.63
19.65
20.28
23.59
22.77
19.37
23.92
21.47
6.42
11.9
8.19
20.83
23.62
19.33
16.12
20.82
24.52
24.17
17.33
8.09
3.76
7.78
16.26
18.53
18.08
21.36
21.2
16.53
17.19
18.24
19.79
20.42
17.56
4.4
16.12
17.17
-0.26
15.18
11.95
3.3
-4.56
8.99
7.42
12.45
12.99
17.6
9.45
17.31
22.52
15.7
15.82
17.33
7.87
13.53
17.22
13.25
14.09
18.42
17.28
8.01
18.44
21.58
21.64
18.25
12.7
19.12
20.77
19.12
17.04
8.47
13.11
19.03
19.02
16.08
14.51
13.6
11.68
15.38
16.61
10.45
6.84
13.09
19
20.71
18.45
14.09
13.75
17.37
15.68
15.58
16.14
20.08
18.97
15.53
13.51
11.68
9.51
8.94
12.82
14.61
18.74
20.91
18.7
21.58
19.14
16.27
13.86
2.46
8.24
7.19
15.38
20.78
17.18
8.94
14.6
17.17
17.9
11.9
7.48
8.54
12.56
12.69
17.21
17.43
16.87
18.14
16.03
15.93
18.99
16.83
7.68
6.55
0.65
2.39
6.16
13.25
18.91
21.85
21.32
18.68
19.66
16.61
13.97
17.19
16.04
16.57
19.55
14.21
13.82
14.06
11.37
17.29
19.13
15.05
5.71
3.81
10.01
13.3
15.66
14.15
13.59
13.73
16.4
20.62
21.37
11.95
9.02
8.42
15.35
19.42
13.84
6.19
12.83
11.24
7.8
3.09
15.3
18.33
17.66
16.97
19.74
21.33
20.46
18.57
12.36
13.69
20.78
20.47
15.92
7.43
11.45
10.35
0.21
11.01
9.08
10.56
12.43
7.67
-0.48
11.89
15.41
10.6
10.1
5.29
9.38
7.76
14.45
18.38
14.84
17.24
21.02
22.96
20.41
6.73
8.93
6.99
11.29
11.58
2.69
15.54
15.97
18.08
17.69
11.08
-5.04
0.15
14.16
18.71
11.35
12.29
16.76
15.69
11.1
3.71
7.72
11.51
16.69
11.6
7.69
10.43
12.81
16.36
13.56
20.51
20.85
19.36
21.12
17.06
13
17.63
18.03
15.33
7.53
8.56
16.29
17.77
15.59
12.4
0.92
7.37
13.43
17.1
20.24
17.3
19.47
19.62
18.41
20.48
21.78
16.49
11.56
15.4
10.74
16.47
18.24
17.93
17.59
14.89
12.04
9.56
16.15
6.33
14.81
18.57
17.81
18.38
20.41
11.77
13.45
17.22
10.09
15.71
16.41
16.09
14.94
4.32
18.68
25.47
26.56
23.19
15.64
9.13
17.49
19.61
16.59
14.09
12.49
7.79
16.76
12.43
8.31
13.93
12.01
12.29
18.33
17.88
12.55
7.41
17
18.58
14.98
14.38
4.24
14.68
14.97
9.56
10.24
17.76
20.97
8.68
17.65
11.08
18.84
22.39
18.56
13.8
21.51
20.35
-3.38
16.73
14.42
15.55
10.2
15.2
17.86
13.27
4.25
-4.49
15.16
19.7
9.57
9.06
13.92
17.12
9.79
14.05
10.14
17.31
20.32
21.03
20.29
20.57
22.49
20.56
11.61
18.94
20.03
21.77
22.73
20.5
16.69
15.54
17.74
15.18
19.96
24
21.57
15.92
13.51
-0.07
18.72
22.9
22.33
23.99
19.34
14.71
14.34
10.45
14.18
13.29
17.52
17.33
17.42
16.46
14.1
15.39
-7.95
15.81
13.89
-0.78
13.37
14.77
19.83
18.84
16.1
19.19
14.35
6.77
15.78
20.01
15.31
12.28
17.15
16.93
13.54
2.38
-3.03
9.9
15.39
17.27
16.11
14.27
11.18
10.92
6.68
6.86
13.28
1.18
6.36
12.91
15.64
3.94
11.33
6.12
13.11
20.21
22.41
15.51
17.23
22.24
20.25
16.28
9.15
16.25
13.8
16.07
15.76
1.3
17.44
19.95
17.55
8.12
8.3
9.78
13.29
18.57
19.43
17.64
17.22
16.76
16.54
20.89
20.17
16.43
11.64
11.11
15.68
17.92
25.23
25.05
21.81
20.92
20.93
19.33
15.12
7.42
11.34
13.11
20.09
21.46
15.64
14.65
22.17
24.89
24.02
20.52
19.99
19.22
16.01
4.38
9.39
16.96
20.95
18.81
8.59
12.27
17.87
22.11
19.73
13.06
11
11.84
14.96
20.17
18.4
10.81
14.12
4.34
14.71
17.47
9.79
12.46
17.59
13.54
11.55
14.6
15.15
18.48
18.84
12.95
11.9
13.07
2.53
9.84
17.3
13.59
4.19
5.93
15.83
19.1
17.23
19.46
16.15
14.96
21.68
23.84
20.22
13.72
11.51
15.89
14.23
3.26
13.62
18.76
20.88
15.22
14.19
19.76
20.71
17.79
12.25
17.29
15.67
5.55
17.08
10.32
20.51
22.66
19.81
15.31
11.19
16.47
19.5
16.98
10
1.65
9.97
9.38
14.54
16.36
11.4
14.72
20.18
14.66
12.81
15.89
17.8
14.9
7.33
8.25
6.15
12.44
16.43
16.62
10
15.24
20.99
21.31
19.05
13.7
14.96
12.16
13.21
19.5
14.51
9.09
15.99
21.48
19.07
7.52
8.98
10.87
11.24
14.82
9.69
3.87
9.34
10.89
8.54
8.45
14.98
15.64
13.91
10.58
2.26
11.68
16.19
15.06
6.96
11.76
3.53
16.33
12.41
10.73
13.5
12.3
10.49
16.36
12.11
14.02
13.99
14.06
7.53
7.21
4.08
13.06
12.96
18.32
18.64
11.74
15.36
19.95
14.57
7.55
9.45
14.12
3.02
11.66
7.36
13.37
19.31
19.55
15.79
13.27
3.35
18.63
16.68
13.05
7.86
1.41
-12.31
5.46
7.11
15.28
16.57
6.57
4.6
1.69
11.59
19.51
20.17
16.58
11.75
12.3
16.74
18.91
15.94
17.34
19.05
8.3
12.96
14.6
2.94
8.38
13.16
8.8
9.53
14.14
20.12
22.31
16.23
14.17
21.6
19.46
-7.11
16.1
18.76
18.37
16.51
10.75
10.83
6.64
-0.27
10.46
16.76
14.91
7.63
0.67
6.02
9.41
4.55
9.99
14.1
10.8
8.92
7.44
9.86
10.37
9.93
6.69
14.95
18.97
22.58
21.53
16.59
11.72
4.6
15.74
17.03
9.91
12
17.96
15.35
5.58
7.73
13.89
12.16
11.55
18.3
16.41
5.24
8.99
14.55
17.24
12.13
11.87
13.59
15.35
12.41
10.25
12.01
16.9
12.54
1.58
2.31
10.73
14.7
13.85
12.83
2.19
11.39
17.78
20.5
16.75
13
14.78
15.93
17.98
17.35
18.38
15.3
6.42
15.42
17.37
17.1
14.03
-2.9
9.26
8.42
10.3
15.82
17.15
10.22
10.64
17.93
20.54
19.71
12.72
11.07
17.07
19.05
20.35
18.43
15.5
13.02
-9.22
12.81
13.61
10.03
9.88
17.61
17.61
16.02
16.27
18.74
17.47
8.39
17.2
20.24
19.15
18.15
15.61
14.78
14.61
13.7
13.5
5.15
12.63
13.52
12.7
16.8
17.28
6.16
15.43
15.92
4.72
14.19
17.27
20.36
19.61
6.08
8.63
7.76
7.81
18.94
20.43
14.25
20
22.89
17.96
15.15
9.82
13.12
15.94
18.9
20.74
20.18
21.09
19.67
16.04
14.87
13.03
15.37
17.33
18.84
19.58
14.79
14.83
18.12
17.7
14.51
9.1
18.41
19.33
14.46
14.51
11.38
5.18
13.99
13.8
10.79
17.03
19.49
16.96
16.79
18.81
18.45
16.37
13.95
13.95
10.48
10.68
15.6
15.96
16.33
15.14
17.16
15.88
2.47
9.2
5.66
15.44
18.07
18.1
13.37
-12.86
5.92
10.2
10.39
2.78
6.72
13.24
10.96
12.46
9.68
14.16
12.84
16.32
20.19
21.34
15.13
14.71
18.73
15.95
4.07
13.15
13.92
15.55
15.97
14
11.64
4.99
-11.8
8.42
11.59
7.48
16.63
20.81
18.15
13.72
18.01
14.45
8.07
12.27
13.27
18.74
17.05
10.76
14.48
8.5
6.42
17.53
20.92
18.03
14.88
15.76
16.15
16.67
16.64
13.59
2.26
6
16.68
18.51
16.93
13.61
13.42
10.94
13.6
10.71
8.07
16.5
15.2
12.36
-3.29
4.2
18.77
20.09
16.43
15.61
9.77
3.43
6.5
13.9
17.72
17.84
17.41
15.84
11.96
14.58
13.73
10.33
11.09
21.17
21.18
18.05
13.87
10.59
15.61
11.08
11.74
14.01
13.38
11.48
9.03
16.82
16.56
15.11
16.32
14.81
19.36
21.12
17.31
0.64
13.91
14.27
11.64
11.36
14.83
16.29
18.97
16.3
9.03
4.37
11.33
14.98
5.96
11.39
15.52
19.07
20.15
17.55
13.83
9.32
0.64
13.35
17.69
18.69
10.92
9.06
-4.46
10.92
5.21
17.02
21.87
19.06
16.52
14.45
14.05
16.6
16.55
12.93
13.76
0.26
4.81
12.79
14.45
15.32
15.72
16.73
18.54
14.41
9.99
15.26
12.91
8.77
-0.44
11.13
11.9
2.03
7.52
10.88
15.57
11.74
18.47
16.75
9.57
11.33
14.31
10.51
9.78
3.1
13.22
17.74
14.05
-0.77
2.52
2.7
6.77
3.2
6.76
15.64
19.94
17.64
10.84
9.71
15.87
17.64
13.48
4.52
10.01
15.46
19.48
18.69
15.8
14.62
10.84
10.86
-6.1
14.79
16.81
12.73
8.15
8.42
6.53
17.87
15.12
11.62
13.94
13.79
17.55
13.59
11.53
12.38
10.16
8.8
1.66
2.55
12.65
11.57
8.16
4.28
12.44
15.22
17.58
20
17.86
13.2
6.8
7.76
15.84
10.84
12.02
13.5
14.1
17.36
-3.15
13.6
14.61
13.98
15.94
15.36
15.22
13.95
-6.08
11.65
12.42
13.81
7.93
10
14.77
15.86
17.41
18.01
17.96
8.96
16.05
16.82
7.63
17.13
-9.08
13.57
15.16
14.95
13.32
5.89
12.06
11.65
13.35
9.21
11.06
5.07
16.91
17.09
-29.59
2.47
9.99
18.41
13.58
12.86
9.73
-2.21
15.25
17.99
13.24
11.15
3.28
3.38
-3.05
10.73
12.6
5.56
16.69
18.34
17.46
18.29
18.66
15.13
8.1
7.51
3.46
12.91
16.86
12.84
1.5
6.88
17.09
17.47
16.23
18.71
17.21
15.04
18.37
15.13
9.11
3.91
11.63
10.94
7.31
12.67
8.94
12.72
15.61
11.72
7.92
9.34
7.7
-3.94
8.57
12.86
5.81
17.63
14.07
5.51
3.35
10.96
9.24
9.36
10.16
-6.53
18.07
20.82
17
12.62
16.84
11.31
10.62
17.68
19.26
15.88
8.68
8.28
14.75
18.39
18.52
13.76
1.61
11.2
15.13
10.04
7.92
-11.97
3.07
14.91
9
10.93
16.16
14.15
9.87
6.22
7.2
-0.18
16.13
19.89
19.87
15.74
-11.18
12.57
14.54
13.38
9.17
0.09
9.61
15.36
17.14
16.37
14.62
12.85
15.08
14.43
4.07
7.79
11.24
16.94
15.82
12.75
7.27
16.46
18.63
13.25
8.83
12.85
8.77
4.24
-4.97
10.51
14.35
16.72
17.5
13.45
15.51
20.06
21.03
18.84
17.14
13.6
11.1
7.1
17.11
17.23
7.97
18.28
18.28
16.66
16.04
10.93
0.47
11.61
13.12
12.27
11.29
8.1
10.49
12.32
14.63
15.23
10.98
9.94
17.55
17.77
2.35
6.21
6.91
16.64
16.54
15.19
10.91
4.93
12.84
9.61
4.66
13.3
15.81
13.71
5.97
13.17
19.32
19.13
14.12
5.13
16.29
14.52
15.35
18.51
15.85
5.32
14.42
18.02
14.67
9.04
2.73
2.08
7.57
12.45
6.99
11.79
13.35
17.07
18.21
18.46
16.25
15.88
17.79
15.97
8.65
13.04
16.63
11.94
4.42
11.77
14.91
12.55
16.64
14.88
8.02
12.38
6.57
-0.72
6.1
12.18
10.59
16.6
18.56
15.12
14.72
13.34
4.45
11.67
17.01
12.56
9.68
11.97
15.91
17.81
5.51
13.87
3.56
16.76
16.73
12.51
9.62
6.72
12.99
17.99
17.77
10.39
-0.66
12.56
19.05
14.15
8.25
7.02
13.75
17.61
16.31
14.85
3.88
12.82
13.41
13.21
14.66
14.96
12.24
12.73
14.93
10.66
14.15
14.08
9.39
7.63
7.86
17.23
20.24
18.23
14.18
2.91
12.68
12.2
6.45
10.47
6.18
7.83
12.52
17.4
15.37
15.11
15.04
9.78
7.44
18.24
14.5
8.26
4.04
13.59
15.12
9.98
2.32
11.21
8.35
1.68
10.38
5.7
11.82
14.13
16.18
13.21
5.98
0.67
7.39
9.2
8.23
11.98
11.04
10.29
14.87
12.1
13.14
13.17
15.21
9.02
17.6
15.73
13.26
15.52
18.21
14.57
13.5
14.35
8.95
8.45
9.24
11.39
10.26
12.87
10.8
12.02
8.21
11.57
20.88
21.21
12.36
18.48
15.46
9.34
14.2
17.47
14.02
4.72
13.46
14.43
12.77
7.4
10.57
14.03
13.67
11.96
8.87
5.18
1.6
13.63
20.2
20.63
17
8.97
16.43
18.08
16.58
15.79
18.25
18.75
16.97
17.5
13.51
11.7
15.4
17.61
14.8
-5.91
13.95
15.78
13.98
18.32
17.99
13.77
7.92
-0.39
1.52
7.52
16.02
19.71
20.52
19.77
16.81
8.77
16.65
15.69
13.56
14.19
13.77
10.39
11.31
15.45
13.82
11.09
8.7
2.78
6.44
12.09
8.3
11.88
15.91
8.2
10.75
18.23
18.54
12.11
15.48
14.44
13.77
16.6
15.46
7.48
11.34
13.87
15.09
16
12.14
6.96
10.84
12.24
6.38
-2.98
10.48
7.8
2.42
5.86
5.11
3.11
5.59
7.51
6.43
8.36
3.93
5.77
4.77
15.41
16.99
16.52
16.36
15.06
16.29
9.62
14
16.32
16.26
18.5
11.85
-0.11
-2.2
12.84
17.44
16.57
13.05
15.34
14.67
2.91
6.45
10.87
13.13
15.23
7.22
12.27
16.35
12.91
5.15
0.88
13.42
16.28
11.82
10
8.33
3.25
10.83
14.06
16.68
17.5
18.57
13.09
7.73
11.4
-4.7
6.02
-1
12.5
18.16
15.65
8.26
4.99
11.27
18.43
20.76
17.09
12.89
10.71
4.23
12.02
13.8
14.1
15.99
19.09
19.78
17
15.34
15.36
14.24
10.35
7.87
3.82
-0.48
2.83
8.8
17.86
15.18
16.49
18.77
15.31
11.7
7.57
5.65
12.04
8.34
4.34
12.15
15.69
16.84
16.57
16.27
13.52
1.75
-1.67
1.32
14.11
10.91
14.56
20.71
18.8
16.61
16.65
13.79
8.84
10.82
9.86
7.29
8.57
13.87
14.61
15.99
11.9
16.41
16.44
11.41
9.57
8.86
9.22
9.06
12.11
16.18
18.68
18.8
18.29
17.11
13.29
6.33
14.1
17.03
13.2
6.01
11.04
11.89
13.41
12.34
2.12
9.82
16.48
17.79
12.63
10.63
14.59
7.21
7.04
10.45
15.76
12.91
10.74
9.97
14.71
18.25
13.66
11.24
16.74
13.04
11.4
14.85
14.09
6.75
1.98
11.8
11.49
10.59
9.67
8.71
12.03
14.77
15.67
12.29
6.51
4.42
6.28
5.13
12.95
18.48
17.01
2.76
11.94
19.09
21.07
18.6
12.42
3.51
9.41
12.04
11.24
6.16
-6.27
2.74
11.87
17.57
16.31
11.9
10.61
16.53
15.5
4.79
8.87
13.86
15.92
15.85
16.71
16.45
16.08
13.75
10.8
10.64
5.33
3.8
12.27
12.71
-0.8
7.66
9.13
18.39
21.96
23.18
22.46
16.3
7.12
9.78
9.72
7.77
9.51
11.97
17.27
18.54
16.46
14.17
12.97
7.88
-1.51
4.14
8.79
6.22
5.44
5.58
4.81
7.94
10.8
8.78
-2.5
10.34
8.34
2.24
10.94
12.54
10.1
6.07
10.89
8.16
11.36
11.68
7.43
9.7
14.41
17.82
17.16
17.26
17.52
14.6
7.22
10.28
8.05
5.56
7.07
0.9
5.38
11.12
14.6
16.36
14.14
10.4
11.76
8.6
4.09
4.01
3.55
7.96
13.05
2.52
10.74
10.15
-0.53
3.03
-0.3
4.42
5.71
7.82
8.37
2.67
2.78
9.46
14.57
17.96
17.34
13.31
4.93
7.17
12.9
13.95
8
-8.75
-0.02
2.27
1.75
5.13
4.28
-0.6
12.21
14.86
11.8
5.92
1.96
6.64
5.09
5.64
11.05
13.74
9.36
12.44
11.71
-3.72
9.94
13.45
8.63
14.15
14.77
12.48
13.87
16.58
14.94
4.48
12.32
16.2
14.48
5.45
2.92
9.18
11.94
8.45
8.51
11.75
8.98
-1.57
11.27
12.49
8.67
-6.7
6.73
11.8
14.2
13.7
5.87
8.19
8.48
3.09
13.84
12.33
-9.68
7.63
8.8
7.68
5.9
0.15
6.34
12.3
12.81
6.33
6.4
13.09
12.98
10.73
12.69
14.85
14.28
11.77
12.16
16.52
18.96
16.83
13.26
9.3
3.25
8.03
4.32
12.81
16.37
11.16
6.36
-5.95
12.3
6.61
6.66
-2.74
8.85
17.49
15.36
8.9
12.08
3.03
4.47
12.75
15.97
12.88
5.11
11.83
5.46
8.2
-2.09
14.67
14.59
1.65
6.64
4.3
4.36
9.72
13.33
8.57
14.01
17.34
17.9
16.58
11.4
7
11.55
15.19
15.62
7.81
6.54
15.59
18.09
15.31
11.87
11.43
2.39
9.36
14.76
4.81
7.69
10.77
10.39
7.84
9.46
3.71
9.1
13.81
14.38
12.79
10.14
6.53
7.89
11.67
13.64
11.44
13.05
13.54
12.46
10.09
7.05
12.6
14.97
13.62
15.03
15.02
12.58
12.15
14.49
14.18
16.08
17.95
12.54
2.82
9.45
10
9.63
2.1
2
12.15
15.24
15.96
19.29
18.05
14.32
13.72
16.6
17.49
12.13
5.94
11.2
15.87
15.14
12.27
13.62
15.12
15.61
15.71
14.61
10.62
9.66
10.44
15.45
5.76
8.35
3.24
10.04
13.21
14.88
10.27
5.62
8.55
13.82
17.52
16.79
2.46
0.58
12.83
14.61
10.1
3.93
8.72
12.29
10.22
6.17
8.48
10.62
13.19
14.99
16.86
14.95
5.4
8.26
7.59
10.98
8.26
-5.73
8.04
10.57
12.44
3.91
7.05
11.13
9.19
8.2
2.04
5.89
4.63
12.33
-1.71
14.8
13.71
10.95
10.83
13.14
16.6
15.53
15.09
15.28
7.28
11.17
16.4
16.17
10.72
-1.72
1.65
12.61
16.6
14.69
12.41
14.73
14.62
16.32
16.18
12.91
13.14
18
17.84
16.65
16.65
9.87
8.18
10.49
13.8
20
20.12
15.16
10.46
13.6
15.62
16.04
14.23
13.74
11.18
4.71
11.07
12.27
9
-5.58
8.42
11.74
13.86
12.15
15.4
7.38
6.22
12.19
11.71
11
14.69
8.15
0.77
9.52
6.69
14.42
17.61
13.02
6.75
16.34
14.62
9.69
15.31
16.73
15.68
13.07
6.68
8.5
12.47
13.27
14.07
13.18
17.05
20.02
18.73
15.32
14.79
16.45
18.06
15.78
13.42
12.1
5.22
11.41
7.25
14.05
20.72
20.84
16.83
14.82
8.45
9.89
1.81
4.11
0.84
14.42
15.57
9.54
-2.12
6.6
13.36
13.38
9.91
10.73
12.45
14.27
15.87
17.82
19.9
18.38
13.98
14
15.57
15.69
15.28
9.47
6.29
11.23
6.76
6.97
12.75
15.29
16.27
16.02
11.07
12.79
16.51
15.47
17.29
16.23
11.44
11.74
11.69
3.32
14.93
16.75
14.91
15.87
0.42
15.8
10.82
7.34
7.43
6.11
4.88
12.15
16.16
15.71
12
3.94
6.36
4.25
11.73
17.3
16.17
16.37
17.61
17.19
14.01
6.99
6.33
-5.66
2.16
13.42
17.88
17.36
16.31
17.03
19.47
21.67
19.48
13.91
13.14
13.26
13.96
18.11
18.98
14.46
2.2
8.49
13.58
15.37
13.33
12.98
15.36
15.24
9.73
12.85
14.51
11.98
4.12
15.6
18.12
16.16
10.51
2.91
7.37
16.37
17.88
14.06
5.39
13.63
15.64
12.9
16.29
16.88
10.2
14.04
14.68
6.92
3.24
14.26
18.96
19.51
15.84
10.8
4.9
9
11.18
15.94
19.27
18.48
16.98
16.4
15.75
3.51
9.35
10.4
17.01
14.18
-0.14
5.04
12.82
14.41
7.41
9.02
12.39
15.39
14.38
15.48
14.05
13.41
13.17
16.1
17.98
14.61
1.87
-8.12
7.94
5.9
11.54
16.35
12.73
6.68
13.77
18.04
15.63
14.95
18.73
19.16
15.01
14.56
13.61
10.34
10.69
13.17
15.09
16.9
17.4
17.06
16.32
15
13.81
13.13
10.31
10.88
16.4
16.32
14.32
13.21
6.41
1.08
5.27
9.91
12.1
14.15
15.39
12.82
12.99
14.56
13.91
14.38
13.04
7.82
0.39
11.5
11.8
10.73
10.11
15.65
18.4
17.83
12.41
7.09
5.76
11.84
10.72
5.15
11.85
13.6
10.76
14.2
18.38
20.12
15.96
14.46
15.24
11.54
4.15
6.22
5.39
9.92
14.75
10.32
5.78
9.23
11.01
14.56
15.29
10.01
4.08
0.39
8.57
7.28
18.08
19.53
13.02
14.85
12.17
10.81
9.01
14.17
13.33
13.1
13.66
7.05
0.31
11.93
15.78
13.51
16.99
14.21
7.01
12.38
14.93
17.77
15.23
1.02
18.7
19.77
13.93
12.92
11.55
13.89
15.99
14.06
11.38
16.52
15.33
10.17
11.24
9.79
5.47
-3.27
17.64
21.78
18.55
10.71
8.62
6.46
13.04
13.3
-3.27
13.55
11.04
3.3
8.22
0.49
2.97
11.59
8.87
-3.32
12.99
18.16
18.78
13.49
1.94
9.48
9.06
4.32
11.55
9.5
11.8
13.81
15.99
12.08
9.97
14.02
13.19
0.47
8.57
13.39
14.45
2.06
8.85
3.92
8.84
1.98
2.92
4.83
16.24
15.76
6.82
9.4
12.4
14.11
13.94
-3.88
13.3
13.88
9.92
10.62
14.67
17.18
17.58
14.59
4.72
12.08
7.19
10.89
13.09
14.46
15.62
14.99
14.23
15.27
12.82
10.59
-1.09
1.43
13.1
13.18
1.42
4.89
4.79
6.63
16.07
20.22
21.03
17.83
14.02
7.02
4.92
16.98
21.66
21.58
15.7
10.7
11.78
9.29
9.32
13.87
15.21
11.26
5.61
11.63
7.62
2.06
9.21
10.43
11.21
14.45
13.82
12.47
11.63
9.31
7.8
15.14
8.45
10.47
5.19
10.16
16.78
20.41
19.43
16.96
12.83
3.05
12.62
10.99
19.13
19.88
15.09
12.59
11.98
-10.19
6.61
3.88
15.19
16.14
10.34
5.64
10.34
12.47
14.91
12.26
7.4
4.59
-17.18
0.8
8.08
6.04
3.46
12.44
15.85
13.36
13.48
16.2
14.06
8.11
-2.1
10.92
13.72
7.05
2.87
3.68
-1.02
12.56
13.41
10.59
11.46
7.44
8.41
13.7
13.9
13.94
11.44
10.05
6.91
5.94
4.96
14.18
13.97
14.54
13.87
5.56
7.25
0.27
7.32
10.17
6.82
-10.35
6.59
14.34
13.83
14.21
15.1
10.76
9.55
16.46
14.82
8.41
10.37
11.29
5.25
11.26
11.06
12.19
12.21
10.22
8.42
9.39
12.6
16.4
15.15
11.09
10.51
5.3
9.39
14.95
13.57
10.1
8.56
12.64
3.68
13
1.9
7.85
7.38
15.04
11.22
9.28
15.57
11.55
10.27
9.61
10.2
2.05
12.25
15.37
13.32
5.47
12.71
3.69
0.55
2.24
9.04
13.27
13.02
9.79
8.55
10.17
6.06
15.04
12.11
-6.66
-13.24
1.81
1.58
10.78
12.57
9.1
7.43
9.35
10.13
8.92
2.87
-4.02
2.86
8.9
9.23
6.21
3.47
11.93
18.12
17.89
14.67
14.31
12.36
3.56
-0.64
5.03
1.18
7.46
17.01
16.25
17.37
18.83
14.82
8.38
