3.73
7.68
5.04
2.92
9.57
12.56
10.7
6.24
-2.5
-0.6
11.08
13.78
9.11
-11.27
7.09
10.34
9.11
2.94
-3.4
-11.01
5.83
12.41
14.49
5.79
6.81
13.12
12.18
3.18
12.3
6.44
10.05
10.72
12.58
11.5
1
-0.84
-4.43
-2.2
4.52
4.32
4.76
8.88
14.49
15.43
14.4
10.76
5.79
8.86
5.05
5.69
10.53
12.58
11.64
7.39
11.68
13.27
11.71
15.12
15.51
12.93
10.04
8.73
13.4
14.99
9.54
2.42
10.85
12.27
10.07
10.86
14.84
12.24
-0.95
2.96
3.42
5.18
5.09
14.86
13.75
2.48
6.15
11.22
-1.04
10.21
14.21
10.66
6.17
6.91
5.32
4.04
8.43
11.16
8.76
10.14
8.97
-3.81
12.26
12.64
9.68
15.08
10.48
5.46
7.3
4.79
10.1
13.28
15.03
11.38
3.85
7.35
7.02
9.04
9.54
-5.96
6.03
4.66
5.8
11.83
12.32
12.52
5.41
-3.13
7.91
9.37
6.19
7.78
8.24
7.58
7.68
9.44
16.56
18.54
16.89
14.05
12.73
12.16
9.69
-2.65
10.83
11.85
-6.32
11.86
8.66
-1.49
4.37
13.41
15.23
11.46
11.02
16.3
16.02
8.46
0.72
-10.97
11.45
14.31
9.98
4.01
10.97
9.66
-5.67
9.58
4.34
1.46
12.96
13.74
7.23
3.84
6.74
12.9
13.45
7.76
4.67
6.23
5.4
3.27
10.72
12.58
6.27
-1.18
5.5
13.63
14.51
9.73
0.75
14.95
17.92
17.32
16.03
9.17
5.16
14.32
17.01
9.59
5.46
9.03
-5.02
12.03
11.62
17.76
17.05
17.85
15.95
-2.5
12.91
15.12
9.87
13.32
16.27
11.22
11.61
15.41
17.47
16.07
11.77
3.26
4.48
9.64
9.09
7.57
3.41
-3.98
9.96
11.46
6.85
7.35
12.14
9.29
-5.46
8.56
13.75
14.78
10.31
2.44
-0.02
9.55
8.91
3.04
5.6
10.85
10.13
5.95
9.59
8.05
9.61
10.94
0.74
12.52
10.64
3.76
13.95
15.42
10.73
8.57
10.49
3.77
1.66
11.11
8.54
9.72
6.71
2.71
2.82
5.86
3.22
6.41
11.06
9.94
11.16
14.6
12.26
4.67
10.33
13.98
13.31
10.54
1.62
2.84
5.75
-1.84
10.36
18.4
18.49
14.57
11.52
3.07
-9.59
2.41
6.69
2.27
6.88
5.63
4.9
1.82
6.82
9.79
9.47
7
2.89
7.82
4.52
7.57
7.71
12.95
10.03
-1.98
10.29
10.92
11.17
9.52
-2.41
0.51
-0.04
9.81
10.5
5.93
13.22
7.13
-9.36
-6.95
2.06
4.09
12.42
13.66
4.05
5.93
10.92
13.07
11.79
11.55
7.35
8.05
7.19
1.21
3.26
0.92
8.05
12.06
9.28
4.45
8.33
9.33
12.9
14.92
10.98
4.3
3.51
-1.25
2.37
8.01
8.6
6.56
9.55
6.98
-19.57
10.35
13.98
14.34
14.25
10.92
5.71
-1.01
-1.67
4.72
8.31
4.84
-1.83
9.4
11.37
8.24
5.49
6.07
11.27
9.43
11.66
12.01
9.16
10.62
12.02
9.2
5.59
3.5
5.69
6.77
7.03
7.89
10.33
5.49
6.55
14.17
13.73
6.1
-3.83
5.99
10.7
12.68
8.33
4.54
13.31
12.87
8.79
7.81
-6.85
9.43
9.9
6.6
8.8
13.12
15.1
13.02
10.88
11.68
6.05
-3.38
-0.06
12.16
11.61
2.82
9.14
12.72
9.95
5.61
10.26
13.52
11.24
7.78
5.44
1.41
5.14
10.42
13.38
12.74
8.08
1.8
11.02
14.43
12.15
-3.53
9.34
3.23
12.69
16.15
13.08
7.67
3.9
4.99
8.83
11.08
8.38
3.6
8.15
10.64
12.57
11.22
9.44
10.17
9.96
13.53
15.2
13.81
8.14
11.92
10.58
9.1
5.89
7.61
9.3
4.87
4
9.71
7.67
-0.28
2.14
7.53
10.31
14.43
16.32
14.43
10.05
6.67
12.71
8.1
-9.75
10.49
14.94
9.99
4.75
10.95
9.58
3.17
10.65
14.53
9.01
8.32
7.69
12.81
9.15
4.07
3.76
9.22
13.13
12.48
0.9
0.69
-9.6
6.94
13.15
14.32
12.86
12.59
14.64
16.03
14.17
8.53
9.05
5.38
8.89
12.4
6.8
-2.25
5.09
6.16
-7.13
-0.53
3.56
11.1
9.1
8.26
6.5
3.42
6.23
10.06
11.85
13.14
12.87
10.06
7.25
12.44
14.18
11.6
8.94
8.06
4.34
8.95
8.95
-0.87
10.01
12.86
13.23
7.05
8.49
11.88
11.94
-0.29
6.28
2.14
4.68
15.14
17.99
15.83
9.43
7.69
8.88
9.06
9.73
3.29
1.44
8.33
10.18
12.52
12.82
8.06
3.3
6.3
8.45
11.44
7.52
3.06
12.78
16.1
12.09
2.46
14.4
14.12
7.99
0.98
10.7
9.92
-13.76
-10.35
14.08
14.8
13.9
12.26
9.09
10.26
5.74
-11.18
11.86
16.55
13.73
8.08
10.01
12.21
13.39
11.71
9.89
14.36
18.19
18.48
13.83
7.81
7.4
10.01
6.43
2.07
-1.45
12.49
14.43
0.96
14.71
17.69
12.71
7.13
11.77
13.57
8.44
10.94
8.59
9.69
10.2
8.36
9.9
12.87
12.67
11.5
9.22
2.72
5.04
5.55
9.17
13.12
13.07
5.77
10.24
14.41
9.17
2.92
9.96
11.52
7.62
7.49
12.13
12.21
10.35
-3.45
4.51
-9.47
4.73
-2.75
5.37
15.35
18.26
15.54
10.7
11.21
12.18
8.66
7.35
8.6
-8.13
8.83
10.29
12.04
10.91
12.15
11.14
6.03
-1.44
6.26
2.59
2.96
8.89
10.47
8.98
7.85
11.23
11.52
11.18
11.11
9.88
8.82
11.51
15.53
14.97
8.81
12.81
13.48
9.31
14.52
14.33
10.76
1.26
4.19
3.29
1.56
-1.44
7.08
7.89
12.02
9.48
8.13
13.08
11.85
-0.76
6.26
10.76
9.09
1.92
5.44
12.9
11.44
-5.66
1.5
14.91
15.71
9.8
11.93
9.96
-2.54
9.65
11.16
5.09
-6.81
10.97
11.67
3.55
5.54
-4.75
8.46
12.47
16.92
17.21
13.43
11.47
13.36
9.28
5.12
13.4
11.91
11.56
13.19
8.71
11.49
10.87
7.41
6.03
7.02
11.6
15.94
14.54
8.43
4.36
5.92
14.49
15.5
11.25
4.37
9.29
12.28
9.33
-11.92
4.11
7.04
4.81
2.47
6.33
12.48
14.06
11.38
5.77
5.25
5.98
-0.23
8.55
2.4
7.08
5.16
10.76
12.65
11
-0.09
7.43
9.47
10.77
10.94
8.68
-0.74
8.51
9.04
6.07
16.78
19.88
11.27
7.07
8.11
12.87
19.45
22.98
14.75
20.3
24.19
23.73
25.09
20.62
12.26
8.15
9.39
13.03
17.32
21.01
24.86
26.6
25.82
25.5
24.88
21.25
20.78
21.32
18.5
21.1
25.08
22.49
15.57
19.46
21.92
20.16
14.96
5.72
8.56
21.64
21.01
10.13
5.62
10.12
17.39
19.26
18.91
16.15
15.3
24.55
19.9
17.71
25.81
23.06
21.21
22.44
19.99
19.54
17.1
17.36
15.27
15.32
7.92
18.52
18.07
15.74
13.58
12.83
19.65
19.01
19.71
19.36
16.79
15.05
17.9
19.1
17.71
21.61
23.34
22.9
25.14
24.04
24.37
27.77
28.2
23.35
22.78
15.94
9.66
17.55
24.29
20.56
-2.1
14.5
12.48
13.57
14.41
13.14
4.83
4
14.03
23.05
24.94
22.23
16.3
12.75
15.78
20.89
15.02
12.26
16.11
13.21
16.62
19.2
14.21
10.69
16.43
15.36
16.89
24.43
24.49
23.12
27.06
26.11
13.79
21.96
14.85
18.25
22.96
23.27
22.25
15.7
17.72
8.46
15.61
21.09
17.71
18.07
22.01
22.2
20.77
20.84
23.07
24.8
24.17
21.2
23.4
29.12
31.48
26.42
13.89
20.71
15.49
14.74
16.49
6.07
18.02
19.32
10.44
14.94
23.34
22.76
14.93
21.8
24.5
19.49
21.35
13.45
20.93
25.6
19.36
20.71
21.85
-0.76
15.53
15.86
20.98
25.48
24.1
16.43
13.17
21.45
20.27
21.78
22.4
22.05
14.9
32.31
34.79
28.69
16.92
25.48
23.98
16.72
5.35
18.74
20.67
15.64
11.14
19.71
12.32
19.73
18.63
25.53
26.38
28.05
29.08
23.09
19.07
22.85
23.59
18.92
-0.9
14.03
17.87
20.03
15.1
19.38
19.39
14
16.76
11.24
14.71
8.3
17.37
17.98
19.59
18.86
11.5
21.46
18.6
6.79
11.67
10.43
9.11
2.37
10.14
17.39
18.52
23.22
22.38
13.84
13.75
19.79
20.45
22.84
24.47
21.24
18.67
14.45
23.31
24.58
17.85
6.96
5.61
10.3
11.02
13.48
13.48
19.74
22.27
23.49
26.03
24.2
21.18
14
16.86
12.46
18.78
17.84
12.1
9.18
6.81
14.64
20.87
19.86
10.43
-1.8
9
19.79
22
17.8
7.78
17.58
27.16
28.22
21.59
20.66
22.19
19.96
20.35
22.29
18.99
12.08
9.46
10.55
9.58
11.45
13.56
-1.32
18.38
18.17
17.91
22.24
20.34
16.95
20.31
20.95
21.75
22.1
18.06
16.64
4.82
17.29
27.03
26.47
20.2
11.38
16.66
6.36
17.86
19.58
11.07
16.36
20.04
20.15
13.8
9.41
16.74
19.67
16.52
13.83
16.25
6.19
9.55
14.22
10.9
-1.11
9.19
11.98
8.82
-2.13
6.22
17.44
15.76
13.05
5.58
18.03
20
18.62
16.61
12.22
20.8
22.57
20.36
13.77
-15.11
6.54
9.42
0.84
8.71
11.48
9.16
11.37
15.7
15.84
12.08
11.15
17.69
14.46
4.3
10.04
13.67
13.58
7.83
4.78
14.54
12.85
16.56
15.74
9.56
13.66
16.52
20.58
17.02
-6.72
6.37
-6.7
7.87
10.74
9.18
1.09
4.19
11.12
10.46
13.16
15.07
2.91
7.5
10.3
15.77
2.82
17.12
22.08
12.5
18.5
23.92
24.87
20.38
10.88
3.87
16.4
20.53
18.76
3.72
21.05
20.7
19.77
24.91
22.55
17.8
14.38
9.47
10.77
7
13.51
18.26
11.96
17.8
19.7
16.11
21.48
23.42
22.8
18.59
7.31
18.32
18.48
20.8
17.07
12.02
16.3
19.2
13.86
18.31
22.87
24
21.32
10.08
17
16.82
17.1
22.83
20.26
16.99
19.19
9.53
10.29
15.15
19.6
21.06
16.84
12.9
22.27
21.28
17.26
17.7
14.53
13.49
22.05
22.96
21.2
18.6
20.29
25.86
26.01
20.28
19.59
15.98
8.98
14.7
19.5
16.9
21.02
24.17
23.51
24.42
21.99
15.19
15.62
12.98
19.77
24.63
26.14
21.19
14.12
17.43
19.57
13.73
4.4
7.35
22.27
21.25
22.76
26.82
24.43
20.75
20.76
25.23
25.71
26.58
22.81
3.44
18.84
23.69
19.67
6.04
1.49
15.15
14.95
17.42
12.81
18.66
22.12
20.98
18.88
18.36
18.16
23.05
23.74
18.88
20.04
15.1
14.81
14.75
19.51
20.75
18.28
16.24
12.17
17.81
11.18
17.62
24.22
26.07
23.91
18.35
15.18
15.14
22.64
20.38
11.47
17.29
15.56
17.67
20.81
18
20.32
23.79
21.14
17.67
23.71
26.04
25.57
17.11
15.51
19.89
20.37
17.35
8.12
9.19
18.24
18.04
2.34
11.12
18.45
22.38
5.01
21.29
20.09
9.4
21.95
16.96
13.12
16.55
7.18
17.89
19.45
20.68
22.76
21.89
16.64
2.64
15.4
-0.59
16.51
19
22.34
23.63
19.13
13.37
16.39
11.41
20.38
16.47
13.5
18.35
22.5
22.42
16.7
26.21
26.64
22.56
18.01
16.64
10.33
20.14
19.18
0.05
9.4
17.27
22.47
25.51
24.56
20.43
21.32
22.02
19.68
9.89
18.23
16.17
18.49
17.8
2.68
15.92
-3.07
15.79
23.45
24.54
22.65
18.36
18.78
25.74
25.82
24.04
20.15
13.67
15.74
20.88
19.5
19
20.81
15.96
16.97
20.06
23.05
21.1
19.82
22.04
22.67
19.64
20.79
19.45
14.61
11.52
13
15.83
18.43
21.93
21.99
21.09
19.78
18.35
11.7
11.01
4.41
3.77
18.27
21.05
15.12
14.59
14.1
15.39
19.86
21.84
19.5
14.62
20.82
21.94
18.31
2.93
17.95
17.9
18.06
19.07
11.76
5.81
11.48
11.38
16.68
18.24
1.87
12.37
12.56
13.49
18.64
17.76
13.45
2.57
18.57
25.06
22.68
19
23.23
20.11
17.93
15.23
10.35
-18.17
9.01
7.63
15.13
19.54
21.09
17.54
17.14
17.32
16.67
16.16
14.71
18.02
19.65
20.2
17.69
11.53
8.86
16.93
12.61
13.3
16.9
15.12
15.7
17.66
11.49
12.68
14.57
9.32
11.15
8.69
14.42
16.44
18.94
17.52
12.72
18.09
17.9
18.5
21.8
18.62
12.77
12.7
17.8
14.04
17.32
19.24
15.91
15.11
19.75
13.74
16.1
16.38
12.59
20.38
18.2
22.09
21.77
16.56
21.2
20.27
17.89
17.21
17.7
20.98
24.33
23.68
20.03
14.34
15.26
19.98
19.09
19.48
18.04
5.54
17.4
11.4
11.19
16.99
17.96
21.41
19.43
18.65
9.63
17.68
12.39
15.39
15.79
7.52
15.98
23.81
18.86
11.27
11.12
24.39
24.87
17.76
17.94
23.72
23.88
20.6
22.41
24.3
23.36
26.4
25.27
12.54
2.91
16.86
21.78
16.52
23.4
21.33
17.48
17.3
19.14
14.57
15.52
17.56
15.84
19.51
21.58
23.39
23.61
21.98
18.93
12.8
20.94
23.49
15.85
17.04
26.01
23.83
1.69
16.13
3.84
16.85
16.49
14.25
2.96
15.55
20.15
22.57
19.08
19.81
18.2
15.63
18.86
21.58
22.43
18.73
16.36
24.17
23.77
25.79
27.79
22.71
15.33
25.33
27.63
26.96
22.2
11.44
20.12
18.18
8.07
19.37
21.2
22.16
18.74
19.24
22.2
22.52
22.81
19.62
15.68
23.06
21
9.98
21.97
23.62
25
17.64
7.48
18.27
19.23
14.61
19.44
23.97
21.95
19.31
24.08
22.73
20.03
18.6
14.24
18.87
23.6
24.63
21.33
17.93
18.1
17.63
20.37
-8.11
20.07
19.34
13.23
3.05
5.74
21.51
27.28
24.79
22.63
25.9
31.9
27.65
13.63
23.36
19.72
15.95
17.64
19.31
15.12
19.29
19.95
16.57
12.34
17.46
23.72
24.31
23.22
20.65
18.64
21.85
29.75
31.21
24.94
22.33
14.09
22.14
3.71
20.64
14.7
17.74
23.38
19.78
15.42
25.85
25.41
24.52
24.33
19.46
23.35
23.92
22.77
25.46
23.97
12.2
14.51
22.07
36.96
44.3
42.87
31.15
12.73
15.02
16.38
20.78
17.1
20.77
19.79
22.06
22.03
20.14
20.61
20.15
-14.51
21.46
23.75
20.52
12.81
14.76
19.44
15.75
15.24
18.92
26.14
39.96
45.06
41.5
28.99
21.02
20.6
14.58
21.94
23.8
21.87
22.01
20.82
18.89
16.68
17.55
23.01
17.97
18.62
19.79
8.76
22.46
24.2
15.05
28.28
24.78
23.2
20.56
16.26
22.11
22.69
25.14
28.22
25.06
19.4
20.53
17.77
19.37
14.35
19.97
19.38
16.56
23.58
27.31
26.58
12.77
21.34
19.1
14.99
20.78
20.29
20.92
23.97
36.34
42.82
40.8
29.77
22.66
26.82
24.73
16.88
11.17
10.48
21.93
22.51
28.57
33.87
30.39
17.83
20.49
18.3
15.08
20.65
22.69
22.22
22.22
21.2
16.24
17.71
22.34
19.37
18.38
17.91
32.18
41.52
40.7
30.06
16.4
5.14
14.39
21.34
25.75
21.59
26.27
25.71
21.66
18.94
14.87
24.14
23.62
19.09
9.18
22.86
23.11
20.58
15.77
8.52
20.89
21.62
20.43
24.39
11.4
21.27
13.16
16.61
12.82
16.37
25.35
26.35
16.12
21.63
24.54
25.5
24.61
22.84
23.31
15.74
21.23
25.31
21.25
16.37
16.08
7.61
20
18.55
24.57
38.16
41.32
36.46
26.6
22.13
23.36
27.32
27.4
20.63
12.49
8.29
20.47
18.03
16.24
22.51
15.88
4.2
15.49
16.95
11.6
23.52
24.66
16.7
20.05
25.5
20.09
-0.18
20.58
24.59
19.18
18.35
24.17
14.16
8
24.56
27.7
26.47
21.58
21.42
21.71
15.41
22.04
20.23
17.23
25.8
29.59
24.21
26.7
26.16
17.13
17.05
22.03
22.9
22.65
17.4
23.52
24.55
16.17
21.13
31.24
33.09
32.56
30.2
22.6
25.94
29.85
25.87
17.3
24.32
29.87
30.11
26.27
33.04
28.08
20.64
26.74
27.66
29.01
29.43
30.17
31.31
37.2
38.41
32.28
13.77
26.09
34.9
36.15
31.54
34.18
43.09
41.8
35.22
32.75
31.57
27.01
22.75
25.23
31.76
33.77
31.32
29.53
29.8
29.94
29.58
29.52
28.9
28.99
28.12
24.15
25.01
29.05
30.35
32.56
35.42
35.31
33.41
31.52
29.17
30.94
36.84
38.27
35.61
31.3
23.43
27.06
31.09
26.6
15.97
24.06
23.57
27.62
32.05
35.24
34.82
30.03
25.44
22.58
28.21
27.03
33.53
36.54
31.97
28.37
22.66
32.25
36.68
34.56
27.74
38.45
48.33
48.81
42.85
36.53
30.26
14.05
29.46
36.31
44.81
50.4
49.05
39.98
32.54
33.37
35.43
34.79
28.72
28.15
26.97
30.65
33.42
33.43
33.91
26.58
30.54
34.41
35.38
32.92
25.13
9.45
29.58
36.33
37.14
33.99
32.53
33.9
35.72
36.19
34.02
31.76
30.85
31.95
33.16
36.69
39.51
38.59
32.35
27.35
30.82
33.71
31.89
28.03
30.62
34.62
35.32
34.65
35.13
34.81
31.92
29.96
32.46
34.79
34.92
36.8
34.08
17.22
32.38
34.28
32.84
33.05
29.6
27.89
29.2
35.21
36.55
35.38
32.75
28.79
27.62
27.37
26.82
24.19
21.36
20.79
27.59
32.62
33.67
30.57
22.35
26.74
33.01
34.76
34.66
29.81
17.18
30.39
34.3
36.42
35.25
31
23
17.1
29.31
29.59
30.63
36.69
35.08
25.49
33.15
34.76
34.32
31.51
27.95
26.24
24.6
26.29
29.63
31.24
31.97
28.68
10.98
19.85
13.31
24.83
28.48
-3.19
29.78
31.88
30.32
28.2
17.47
30.24
31.68
26.55
25.35
29.56
30.84
21.68
29.71
34.49
33.23
30.48
31.43
34.85
36.81
35.88
32.65
29.22
22.19
24.47
30.42
32.14
33.65
32.51
29.47
30.2
32.18
33.66
32.94
30.94
27.3
25.49
27.86
25.26
22.12
27.21
27.71
22.71
22.51
28.49
26.97
10.37
26.34
25.37
19.66
25.86
29.79
30.19
26.25
19.78
22.69
23.81
21.78
23.64
30.28
32.75
28.56
18.25
21.55
26.14
29.04
29.65
29.65
26.21
18.96
28.64
31.08
30.8
31.77
29.91
29.82
30.93
29.81
26.01
22.26
26.82
30.24
26.63
21.32
20.59
23.78
28.27
27.79
26.97
29.19
28.41
21.16
16.57
20.07
22.09
19.83
16.29
18.93
12.54
22.74
23.78
22.2
25.13
27.01
28.97
29.97
29.11
28.71
27.42
27.3
29.47
31.59
32.22
31.18
28.61
24.03
10.54
18.26
23.72
24.08
17.34
12.13
19.23
23.8
24.55
23.76
23.6
22.73
25.2
27.81
27.77
28.55
28.56
28.18
26.91
25.57
26.35
28.05
28.11
28.55
26.48
7.44
17.75
9.95
19.98
22.71
16.64
20.07
10.27
17.74
9.75
19.48
21.75
24.03
26.17
25.75
22.61
25.64
22.73
13.71
7.59
21.79
25.64
27.18
25.27
20.77
21.55
23.8
22.82
17.19
6.71
17.67
8.66
17.19
13.99
11.83
18.96
16
5.4
20.7
20.24
13.94
17.27
21.82
31.97
30.23
25.12
25.61
24.28
19.33
22.91
26.67
32.17
32.63
29.57
29.72
30.7
30.31
31.54
32.93
29.83
24.63
25.89
27.45
26.95
31.44
33.66
33.19
31.76
27.08
23.98
26.05
28.74
28.84
32.01
31.24
24.46
22.93
24.21
14.73
13.74
26.72
26.2
22.66
23.4
21.05
23.9
31.32
32.87
31.16
32.16
32.62
29.07
23.27
18.84
26.66
30.95
32.12
30.65
28.34
27.76
25.85
24.4
29.6
29.45
29.91
31.32
30.23
27.64
30.27
33.13
32.13
32.73
31.18
21.44
12.14
17.02
15.38
24.41
28.53
29.76
26.51
29.81
36.95
33.48
15.2
23.33
29.09
24.99
15.57
21.67
26
27.9
29.99
30.47
28.37
23.31
21.6
24.83
26.25
24.63
28.82
32.05
31.55
29.26
27.96
26.42
27.6
30.14
31.62
31.66
30.28
27.09
11.16
5.19
24.1
24.14
12.45
21.35
28.34
28.58
26.82
26.68
28.33
31.8
33.46
31.75
30.33
28.95
25.67
23.66
23.21
31.53
33.86
33.58
31.06
27.05
26.16
24.22
22.76
27.24
25.11
18.74
16.5
23.12
29.84
32.17
30.77
28.46
29.09
28.23
22.63
20.02
21.32
27.81
31.36
31.09
31.16
30.86
29.25
26.77
26.98
29.91
30.83
30.41
30.63
30.77
29.04
28.35
27.03
26.01
25.29
19.12
22.97
22.51
25.22
23.5
24.53
27.82
30
29.8
28.54
26.47
21.28
17.76
25.76
29.57
30.36
28.83
27.21
24.62
19.83
12.65
19.56
21.92
10.85
18.51
21.07
23.98
27.89
29.28
28.23
26.46
24.97
22.3
21.23
24.15
24.2
17.87
21.2
25.49
27.41
26.84
24.17
18.88
17.74
19
21.7
25.34
27.61
28.12
28.55
27.14
23.26
19.69
5.5
16.96
16.66
25.05
26.06
22.56
21.1
24.64
25.69
23.48
23.2
24.25
22.89
19.95
20.05
21.67
28.61
29.98
25.83
17.06
20.56
20.16
20.9
17.65
12.41
22.2
20.12
4.38
15.79
24.72
27.51
27.61
26.46
23.88
16.02
17.51
16.92
17.11
23.59
24.54
22.62
18.94
15.77
20.64
20.47
6.91
22.25
22.64
17.13
4.08
11.4
10.88
16.61
15.94
19.87
16.4
10.9
15.71
8.66
16.82
14.51
19.95
20.38
18.6
8.76
22.61
24.23
22.62
25.21
27.54
28.15
26.6
20.74
10.55
16.77
21.62
14.09
3.57
18.56
22.87
23.47
18.76
15.79
22.28
23.23
20.12
16.92
20.2
20.83
18.95
21.85
19.74
16.51
22.88
19.31
15.04
11.86
16.94
15.37
15.03
24.66
27.49
24.69
20.53
17.31
12.38
10.94
5.8
19.88
25.81
27.66
25.52
21.05
15.52
13.02
20.59
15.8
10.97
11.94
13.11
17.04
14.99
13.52
15.63
18.2
20.92
22.89
20.97
14.28
15.51
15.01
13.53
19.48
18.63
19.45
19.84
24.45
22.43
22.17
23.31
15.07
17.62
21.08
20.39
19.9
17.9
16.55
19.59
20.72
18.43
19.19
18.49
22.4
20.47
14.79
12
13.25
17.7
14.57
16.16
23.1
26.19
23.95
18.63
22.04
21.11
20.36
23.51
21.65
16.6
18.35
18.69
10.14
1.22
19.1
24.89
26.35
24.98
22.88
15.96
9.46
12.95
23.36
25.99
20.94
17.57
19.88
24.2
20.6
19.12
16.56
10.92
8.64
20.44
17.27
20.73
23.58
21.32
14.98
17.73
21.49
19.12
24.16
19.59
15.77
19.41
26.17
23.92
20.52
16.21
17.36
17.81
20.76
17.7
-1.84
-2.78
17.5
23.99
24.3
26.36
23.54
12.87
22.9
23.07
20.16
18.86
22.1
21.16
19.89
19.41
9.6
7.27
13.8
16.85
22.52
22.76
27.27
25.12
13.81
19.6
23.14
25.16
24.81
18.07
19.78
25.33
26.43
21.43
20.13
20.24
20.5
11.75
11.33
8.37
19.93
15.29
12.56
15.15
22.44
20.32
17.61
21.01
21.08
15.57
8.11
15.06
13.84
16.89
19.36
24.41
27.06
26.46
26.41
20.24
18.04
19.46
14.79
22.62
27.52
24.89
15.42
14.92
20.27
16.95
17.26
20.96
21.55
21.67
18.48
11.41
24.1
28.79
22.83
11.57
18.16
20.57
19.36
18.16
11.34
21.48
20.46
16.32
17.17
9.45
6
26.28
28.06
25.11
22.38
24.18
27.03
21.7
11.82
2.73
10.27
18.6
21.87
19.98
17.34
8.17
21.57
24.83
25.58
28.37
32.79
35.97
31.56
20.85
20.71
23.46
24.07
20.09
11.19
17.73
6.2
4.27
15.66
14.07
16.99
19.16
7.36
19.59
21.47
21.34
10.37
17.66
18.38
12.16
13.19
16.11
17.56
11.4
14.78
12.44
8.74
14.92
19.01
20.42
16.7
12.91
18.49
12.54
7.07
14.15
17.94
17.58
18.94
18.54
12.18
18.36
20.7
18.52
16.76
15.18
19.02
20.07
12.27
8.46
4.29
8.32
17.37
18.98
14.43
5.21
4.57
10.08
19.97
23.43
22.81
18.68
15.34
16.51
12.63
14.21
17.08
17.06
19.32
20.34
19.57
21.89
23.14
24.23
22.26
16.81
10.27
7.25
15.67
21.02
19.76
8.65
15.68
19.33
14.15
12.4
12.71
15.28
20.2
20.23
19.71
16.06
13.48
15.36
10.83
11.46
17.91
7.3
11.47
4.62
8.63
20.52
23.97
21.64
19.93
18.93
12.53
12.6
12.44
14.35
5.35
13.97
16.78
11.42
11
16
16.54
21.22
23.19
20.07
16.69
7.85
10.28
22.02
26.97
27.22
23.52
9.88
21.52
22.48
7.37
20.07
21.21
18.35
16.02
19.02
9.22
20.4
23.06
18.77
12.17
13.46
20.29
22.4
22.23
22.55
18.08
5.76
13.79
18.64
19.12
6.82
18.18
15.45
4.74
18.87
21.53
18.43
15.57
13.32
19.56
9.41
18.33
21.37
18.54
9.44
10.07
15.28
22.7
24.67
20.87
19.9
18.17
15.59
7.84
16.98
19.97
17.68
13.22
9.05
11.65
21.45
22.21
1.52
20.18
14.96
9.23
15.65
23.14
21.88
12.15
16.95
21.6
19.51
-13.45
18.95
20.31
17.2
7.74
3.17
6.16
20.45
21.75
18.89
20.78
17.44
17.98
23.34
23.72
18.18
10.71
23.79
26.19
20.88
13.53
17.71
20.35
20.94
10.38
16.89
17.57
7.67
5.74
17.35
14.18
14.9
5.45
18.96
22.51
20.53
0.56
22.42
23.39
20.19
17.67
6.3
14.7
16.35
12.65
5.83
8.12
9.03
7.11
7.67
13.3
18.05
21.72
22.42
21.32
14.13
14.18
15.12
11.82
17.4
16.59
5.25
10.88
10.96
3.39
-0.19
2.06
9.03
10.72
13.13
12.66
15.38
20.23
22.15
18.84
7.59
6.6
9.51
2.93
9.52
11.73
13.93
18.99
18.32
16.33
8.99
17.3
21.38
18.03
5.79
14.36
17.94
15.81
19.38
21.84
21.53
21.02
20.49
18.97
18.54
20.84
17.85
2.63
10.97
13.2
14
9.45
13.57
19.25
18.74
18.32
20.41
17.24
0.72
17.53
17.38
11.58
10.18
11.45
8.31
9.81
10.73
8.5
1.4
7.83
14.57
16.78
19
20.17
20.87
17.22
15.03
19.23
20.01
17.63
16.61
16.64
17.57
13.78
3.12
-3.46
-14.69
10.33
15.92
18.35
17.4
13.67
12.4
11.84
8.98
12.65
14.29
15.3
8.31
10.16
15.13
16.17
19.41
14.94
12.02
19.69
17.05
8.77
15.43
12.11
16.32
9.47
13.07
16.67
13.25
7.83
16.9
19.08
12.24
2.2
8.23
10.08
10.87
14.85
16.61
13.84
4.79
6.03
3.85
1.75
11.58
15.23
12.63
10.91
19.72
18.23
7.95
18.05
16.1
13.59
15.84
17.85
18.2
18.06
19.35
14.32
6.32
9.88
16.84
21.34
16.04
12.18
16.62
16.6
16.36
14.2
13.55
12.19
11.74
16.17
17.63
16.67
12.71
10.13
12.28
4.79
10.74
1.43
11.23
17.12
19.01
18.77
13.4
8
1.77
-0.77
3.36
12.72
18.33
19.77
8.62
13.17
-2.47
19.09
21.47
19.51
16.58
5.58
15.43
19.16
16.93
10.38
17.97
20.41
20.15
12.78
12.55
10.48
6.08
-0.31
10.02
13.65
13.06
16.02
18.34
16.73
15.01
17.9
17.35
13.45
14.34
15.11
0.5
12.85
17.13
16.89
14.33
14.81
6.64
1.07
17.66
23.7
21.56
15.54
20.02
16.41
4.9
8.43
10.91
6.61
14.64
14.88
9.73
7.08
11.72
7.66
21.97
25.65
21.2
1.82
15.51
19.23
19.27
10.81
17.86
20.71
19.12
16.4
11.75
9.89
13.62
18.1
16.02
13.21
7.32
9.45
11.27
6.94
13.62
15.99
19.74
22.64
18.61
13.02
14.54
11.47
17.33
17.75
14.05
9.69
18.33
19.8
13.31
17.22
10.75
7.37
9.95
13.86
10.28
8.39
7.75
7.9
10.87
20.12
21.64
18.65
9.7
12.21
14.78
20.32
20.8
12.38
15.17
14.37
6.18
14.11
-8.93
-4.66
10.59
5.54
10.77
19.52
25.74
25.62
17.9
13.2
12.62
13.97
8.69
4.54
11.18
17.81
17.17
12.7
16.65
17.56
-11.71
15.61
14.84
5.1
6.18
10.84
10.06
7.51
11.4
18.16
20.31
18.07
14.9
12.82
16.08
10.28
15.88
20.2
17.61
12.78
16.23
16.85
11.33
15.9
14.76
9.05
2.97
11.34
12.13
6.47
11.9
14.45
13.18
5.49
9.65
8.07
11.68
14.1
10.39
2.81
5.66
7.65
11.37
13.82
10.64
3.17
3.46
7.11
6.88
5.92
8.36
17.57
19.2
13.55
10.3
17.33
4.95
10.59
5.66
7.16
10.93
11.17
2.09
12.34
8.33
14.94
16.86
12.93
12.47
13.77
13.59
14.21
15.52
2.62
12.78
16.47
9.36
-0.9
8.01
12.23
14.82
11.16
5.41
13.5
15.89
14.15
18.38
17.57
18.49
19.78
15.68
7.65
11.38
16.39
12.86
-18.17
7.58
14.94
17.74
19.2
18.02
15.59
15.29
10.27
11.07
18.05
21.98
20.1
10.37
12.18
12.67
19.69
19.15
7.67
15.93
16.31
17.17
5.31
14.52
16.87
15.8
13.95
13.61
14.75
18.74
16.38
8.29
11.82
11.32
13.19
16.06
15.78
9.7
18.88
14.23
10.84
15.75
12.4
10.76
15.09
17.43
19.61
18.33
0.96
16.06
8.75
13.09
12.92
11.5
16.78
15.81
-7.56
14.22
16.83
14.62
9.18
-3.7
6.78
18.11
19.77
20.73
18.18
12.34
14.48
13.44
-0.45
2.86
11.77
8.33
12.15
15.06
13.14
19.27
17.48
13.39
8.94
13.26
16.88
20.25
19.84
19.75
20.66
19.57
5.48
1.55
12.27
19.29
20.16
14.36
14.39
14.43
11.4
6.64
7.52
8.74
6.31
11.57
13.41
18.04
20.07
15.26
8.39
7.62
9.88
7.55
16.36
14.15
9.07
15.62
15.03
12.29
8.02
15.22
6
18.34
15.96
14
16.07
19.53
14.59
7.13
12.63
12.91
11.01
14.7
19.51
18.53
17.96
16.51
13.6
13.87
14.98
9.61
13.81
17.5
15.07
16.86
18.76
17.63
18.19
15.19
11.94
10.5
13.35
6.61
16.21
15.44
16.72
20.38
10.24
17.67
18.6
18.08
15.98
14.2
19.95
21.98
18.63
16.7
8.06
8.67
16.33
16.51
14.63
17.71
19.99
19.86
20.83
10.7
12.19
2.46
18.43
17.47
15.78
8.69
10.48
12.79
17.03
13.4
10.63
11.13
21.51
24.21
23.01
19.23
7.52
21.08
19.99
20.62
22.46
14.81
14.67
16.16
11.24
7.06
10.31
9.83
10.68
17.91
13.54
7.11
16.85
14.38
12.26
4.58
14.33
7.33
16.56
17.42
11.74
11.94
9.7
18.92
20.86
18.69
9.68
13.59
16.69
14.51
9.88
4.31
15.55
22.88
22.67
13.63
11.91
9.18
14
15.96
15.88
15.64
11.88
12.59
16.44
11.6
12.55
18.57
12.27
14.37
18.64
13.77
16.34
19.45
13.41
7.96
14.06
12.42
11.91
15.95
14.39
8.85
15.22
12.66
6.57
2.05
18.96
19.19
7.82
17.27
13.3
13.55
12.21
17.35
11.74
15.55
8.26
5.03
13.17
18.02
16.56
16.37
21.67
22.13
20.61
19.88
13.03
10.48
6.72
12.5
16.01
15.41
17.87
18.62
16.03
16.94
16.41
11.25
16.75
16.19
12.72
16.5
8.39
7
7.05
2.09
6.39
10.51
20.62
21.29
16.05
10.14
3.49
5.81
11.08
10.11
15.24
17.04
15.52
14.13
15.22
16.16
17.76
17
11.05
13.61
13.18
10.78
9.44
16.58
14.21
9.43
11.11
15.29
18.82
11.89
11.93
17.1
12.12
19.87
19.48
15.95
16.47
4.29
9.88
13.85
17.16
8.83
17.62
15.95
11.65
13.53
7.52
7.26
7.93
0.84
5.08
12.62
14.31
13.09
12.41
6.38
4.43
11.64
14.07
-0.86
10.68
1.63
9.04
14.79
16.77
15.4
15.9
7.96
16.53
18.49
17.86
10.43
5.19
6.15
15.78
19.47
17.96
13.06
6.24
13.08
15.19
-7.07
15.66
10.9
16.49
15.29
-0.34
11.54
19.69
19.65
15.56
11.13
11.88
9.47
15.96
20.47
18.56
8.82
5.39
0
11.19
-3.32
18.66
17.36
10.47
14.35
15.04
13.27
16.49
17.34
8.2
5.65
13.21
11.55
10.84
15.12
-7.79
7.34
9.95
10.13
12.52
15.53
13.21
16.53
17.45
18.27
18.49
11.44
6.42
15.56
18.74
18.22
17.51
17.99
16.79
13.37
9.31
7.51
17.01
17.08
11.29
15.24
11.11
7.79
11.84
7.43
10.23
8.3
18.5
17.79
7.22
14.18
15.95
15.84
8.72
19.68
22.05
16.35
14.73
14.93
4.75
14.58
16.25
13.49
16.59
19.23
12.87
5.54
10.91
20.12
17.79
17.91
19.9
15.79
13.75
12.24
13.53
10.98
8.21
15.47
15.15
9.76
21.19
21.03
18.94
19.42
18.82
12.48
13.99
18.93
16.65
6.97
5.52
8.02
14.14
17.85
18.69
16.49
11.79
19.14
23.08
21.15
11.11
7.1
6.84
17.03
15.13
-10.36
5.23
4.38
17.53
20.27
18.3
14.96
15.75
13.2
16.78
12.1
5.13
16.5
17.97
8.61
13.3
15.47
10
7.26
-6.32
-1.55
8.27
16.23
15.73
-4.58
8.15
5.01
16.41
17.55
14.71
13.47
16.37
12.03
8.43
17.76
16.26
18.6
17.85
6.63
6.04
6.14
8.39
13.38
8.3
13.31
10.64
10.26
12.04
10.82
10.14
16.58
18.59
3.49
15.14
14.36
14.27
-0.83
20.38
22.31
12.38
7.94
13.21
18.17
13.09
11.84
15.11
8.03
14.29
16.02
4.06
13.93
9.26
-0.18
16.3
17.96
14.67
10.38
15.03
15.14
13.98
3.42
12.17
-6.71
8.74
18.55
20.46
21.27
18.72
17.58
19.54
17.01
12.91
16.93
17.84
14.4
15.58
13.56
13.74
8.6
11.67
-0.83
20.17
20.91
10.55
13.04
15.62
3.29
17.75
22.08
19.13
11.2
12.82
18.35
16.2
4.82
13.62
17.59
13.61
-3.98
8.87
12.89
10.65
14.29
11.41
10.59
14.15
8.13
-9.93
7.09
11.53
10
6.38
15.31
15.55
12.62
19.58
20.14
10.44
14.68
14.6
13.91
14.1
3.88
16.08
16.63
3.12
12.59
7.81
0.09
12.26
16.09
15.13
4.66
10.63
9.19
7.02
17.1
22.55
21.83
18.36
11.11
14.59
16.3
12.62
2.6
9.62
5.82
12.16
19.02
16.41
17.72
18.84
14.42
8.71
6.19
6.39
5.49
9.09
15.89
12.81
4.44
7.91
12.04
10.69
10.08
4.01
7.02
9.59
17.69
20.46
18.95
4.66
15.26
13.68
5.97
6.96
9.66
16.96
15.99
1.89
16.11
18.3
21
19.26
5.35
13.65
13.17
3.13
6.68
7.15
0.16
12.24
18.29
14.37
1.53
10.43
15.67
17.35
13.13
11.01
17.49
13.75
5.49
15.09
17.36
12.56
11.21
12.29
-0.36
-0.57
10.62
14.56
8.72
8.44
8.41
11.35
10.21
10.78
8.58
11.41
16.82
18.22
16.13
15.41
19.27
20.91
16.62
-4.33
6.41
9.91
4.1
4.42
9.81
10.42
8.52
4.24
5.5
10.8
14.93
13.94
11.89
13.5
12.57
6.62
8.28
10.12
11.55
13.7
10.19
4.42
13.61
17.04
14.76
12.74
10.91
9.36
12.15
12.51
-0.14
7.53
15.06
13.94
7.86
12.59
17.46
17.65
18.93
19.66
16.98
8.11
9.84
14.6
10.66
14.6
9.07
10.13
4.9
11.28
14.96
15.3
13.4
13.09
14.02
15.82
17.86
15.39
10.35
9.9
13.81
13.78
11.79
16.02
17.4
18.44
18.23
17.73
13.51
9.63
17.92
18.22
6.58
5.77
7.6
0.22
5.17
8.71
12.17
16.95
13.43
7.04
5.76
6.92
16.61
17.5
11.24
10.72
13.02
16.75
14.47
6.53
13.92
17.38
15
15.84
17.84
16.97
14.29
15.6
17.46
15.71
13.32
13.58
13.92
14.84
7.95
8.39
11.75
11.86
9.68
9.42
16.21
14.59
8.19
4.79
8.93
9.07
1.31
7.69
9.52
7.02
9.78
4.18
3.83
10.03
6.95
-20.53
8.41
14.98
14.93
11.32
13.05
13.26
14.7
15.98
15.86
13.41
11.57
14.91
14.37
9.37
6.96
5.06
11.06
17.56
18.13
14.97
14.31
13.22
7.44
-0.31
14.15
19.84
21.22
19.09
9.05
12.07
3
11.16
17.48
18.16
16.95
18.76
12.55
6.59
8.25
6.68
2.56
14.15
19.41
21.9
22.81
21.74
18.68
16.48
10.95
-0.05
6.65
7.88
14.74
17.35
12.83
-4.07
11.68
11.88
12.75
14.84
14.1
7.33
10.58
8.52
15.75
17.86
15.35
16.53
16.08
16.21
18.11
15.87
11.98
11.5
11.85
16.24
17.32
16.58
18.35
18.77
18.79
15.57
17.8
20.29
17.85
15.17
15.43
18.33
18.83
10.78
-2.89
3.38
9.64
-8.26
11
15.19
14.03
14.25
10.2
8.25
10.48
15.93
15.1
9.1
9.21
11.18
10.79
12.36
15.44
18.86
21.81
20.32
16.94
13.65
7.94
10.3
6.76
6.58
1.85
7.64
0.35
4.48
8.58
9.97
8.15
12.04
18.57
16.69
8.3
-10.11
11.09
18.34
19.67
18.32
18.88
15.19
9.35
10.85
9.64
-1.55
16.24
17.27
13.19
11.67
7.61
1.01
6.6
0.28
7.58
11.14
15.66
17.19
20.82
22.89
20.76
12.78
10.18
12.71
11.25
15.89
20.61
21.55
17.39
11.09
13.34
-0.03
9.66
10.44
12.3
12.12
14.74
15.37
16.47
11.22
-1.69
7.5
9.65
11.86
17.03
19.37
16.9
6.28
6.13
10.41
12.56
14.7
17.06
15.9
9.94
13.06
9.17
9.78
11.67
12.92
8.27
7.39
8.73
8.14
8.48
14.75
14.82
11.09
13.8
12.5
15.57
17.82
14.33
2.67
5.63
-1.57
15.08
16.06
-0.96
2.68
2.95
12.79
13.42
2.57
2.48
9.3
14.07
11.39
6.1
9.2
12.02
11.93
11.93
11.1
12.72
13.85
15.07
12.39
11.13
13.06
12.8
11.76
8.71
0.75
1.87
-0.81
-0.26
12.67
13.47
3.12
0.6
5.12
-11.27
3.79
4.14
15.94
17.36
13.56
9.37
-3.38
10.68
12.46
5.71
4.64
3
5.43
-35.16
11.39
14.17
16.78
14.42
-5.76
9.07
7.72
11.8
10.81
13.78
17.5
15.29
8.43
5.63
10.02
16.25
18.29
20.51
19.37
3.27
15.02
15.29
10.89
1.6
9.35
12.75
11.24
6.7
11.96
10.18
3.26
9.6
13.36
13.03
15.64
12.47
10.71
11.2
5.47
6.29
8.55
12.68
9.73
7.25
4.12
6.08
10.1
-0.75
8.7
9.75
9.7
5.85
15.4
16.82
16.03
15.83
17.42
16.26
11.99
2.72
7.73
10.2
13.62
10.32
13.96
17.07
10.68
10.06
9.51
4.99
9.26
5.01
5.1
11.09
10.01
8.69
11.61
11.81
10.59
11.78
13.57
15.62
12.17
12.51
16.82
17.08
13.62
11.54
6.23
9.27
10.12
6.46
8.8
12.76
-0.85
11.61
13.89
16.62
14.21
17.21
22.46
22.19
15.69
14.34
12.24
10.88
10.41
13.06
16.25
8.09
13.88
14.34
14.32
15.54
13.68
5.55
3.32
-19.14
0.26
4.83
3.34
13.18
13.26
9.8
11.7
10.87
12.08
9.09
4.83
15.22
16.76
10.89
15.18
14.78
8.43
7.37
5.13
18.34
16.76
7.52
9.5
7
7.18
12.45
14.49
15.01
13.09
14.2
9.31
5.63
8.5
14
9.56
-4.08
3.63
10.22
13.34
6.38
9.87
15.45
16.56
12.14
12.42
15.08
15.02
15.84
12.19
-9.57
1.73
5.29
10.6
7.13
7.69
9.9
13.41
17.76
19.99
17.26
11.31
7.3
9.62
15.47
13.3
10.4
12.43
3.29
8.99
13.16
14.27
15.3
12.7
12.33
9.87
1.64
13
1.27
16.28
13.71
8.05
5.26
2.03
8.79
-12.94
3.64
7.35
16.51
18.25
15.09
11.64
11.59
12.77
10.38
1.16
8.04
13.36
15.81
11.3
0.11
13.27
14.8
1.86
11.55
8.73
-3.56
-3.24
1.21
9.33
7.43
-2.31
2.41
11.97
13.4
13.38
12.78
13.71
13.53
12.8
13.45
12.53
-0.83
0.17
4.41
8.15
6.63
-7.72
5.61
4.52
12.91
9.35
8.24
2.42
10.61
13.96
11.04
5.54
11.79
13.49
12.39
6.25
-3.68
2.46
8.23
11.04
7.66
5.71
13.3
9.8
1.09
0.59
12.12
12.9
7.89
7.81
13.92
9.92
7.63
13.39
13.6
11.12
1.97
7.77
10.63
-3.89
7.69
13.89
6.92
12.49
11.54
7.91
10.07
4.49
-1.72
10.51
5.48
7.28
11.26
13.98
6.64
9.8
-3.54
9.57
9.08
10.89
3.09
17.14
16.54
14.2
11.58
0.26
5.84
8.29
15.56
12.73
10.37
2.92
10.48
17.28
16.95
9.64
3.02
9.18
6.47
8.48
10.77
13.94
7.28
14.41
15.1
11.61
14.69
13.33
4.4
9.09
11.89
3.17
11.86
15.5
10.32
13.39
14.82
8.5
12.08
16.1
12.7
13.22
14.1
17.9
15.74
6.22
6.47
9.46
6.02
14.33
14.24
-3.01
14.95
14.73
-5
6.72
14
16.37
8.49
-3.66
11.41
15.04
11.1
3.14
12.67
8.59
3.07
10.69
14.19
13.19
4.36
10.7
6.49
7.73
14.15
17.05
19.27
19.94
17.18
10.63
-2.85
12.89
9.5
8.92
11.47
11.38
3.38
16.4
19.27
18.92
18.05
17.96
16.79
15.43
13.04
9.1
-6.86
5.51
14.53
8.49
9.26
5.24
7.24
0.44
10.33
11.2
2.12
15.26
18.94
17.09
16.97
15.19
12.02
8.4
5.93
6.28
13.42
13.33
9.97
8.55
-23.82
12
16.59
15.13
14.41
13.4
10.21
14.41
12.19
5.2
3.44
9.79
10.22
17.81
18.37
13.91
10.38
6.4
5.48
8.97
10.6
1.71
7.54
5.35
12.82
9.46
3.32
7.99
12.04
12.16
16.55
19.18
18.88
15.36
9.37
13.49
16.66
15.68
9.53
10.17
14.2
13.34
4.27
6.81
8.27
5.27
3.96
10.1
14.62
14.02
12.75
10.54
8.63
8.34
2.95
4.12
6.22
10.82
10.24
6.36
10
9.18
9.54
14.39
11.11
8.67
15.84
16.61
12.39
11.76
12.39
-1.22
9.83
13.91
10.1
9.83
17.66
18.81
16.72
15.63
14.87
11.47
11.02
15.78
16.81
11.21
1.78
3.35
8.96
15.39
16.54
12.51
14.68
17.71
17.32
12.55
6.75
10.71
2.51
-4.76
8.92
11.34
2.52
9.32
10.16
8.84
8.56
-3.35
9.76
15.4
15.2
8.65
4.96
7.06
14.87
16.15
11.98
10.73
14.46
13.19
9.67
7.44
15.05
12.34
6.55
10.35
10.22
9.04
12.09
11.21
7.07
11.98
12.83
10.01
15.13
15.71
14.01
12.92
13.86
11.35
3.97
11.41
12.58
17.87
9.48
13.14
15.72
9.24
15.32
9.85
16.09
18.73
16.32
11.45
11.28
11.1
11.34
10.19
12.26
11.19
8.93
12.62
14.79
15.23
13.05
6.02
11.09
1.28
12.41
13.37
9.43
12.72
8.85
5.54
4.64
-19.47
5.33
12.12
11.21
-2.48
13.93
17.14
16.49
11.05
7.95
2.45
11.74
9.16
3.12
9.44
-1.82
8.84
12.03
13.72
5.85
10.4
12.51
8.34
-10.63
-2.5
-0.17
0.21
8.58
17.93
19.56
17.23
15.13
17.39
18.15
15.02
12.95
10.04
12.97
15.38
18.45
17.51
13.24
15.99
13.1
15.53
16.19
11.44
13.16
15.82
12.99
11.93
13.85
9.22
6.81
14.43
9.18
13.27
17
14.1
4.47
14.7
16.38
11.79
6.93
13.22
14.11
12.54
11.94
8.6
8.6
5.82
9.89
15.18
12.82
14.82
14.66
11.6
15.27
17.28
15.26
9.6
7.92
1.44
10.96
12.49
7.87
-14.16
2.78
6.67
6.94
5.55
16.42
18.38
16.51
10.19
11.87
16.4
13.79
4.1
0.23
-0.48
5.41
12.11
12.48
9.59
8.61
11.96
9.12
-1.78
2.02
12.03
15.93
15.03
10.62
8.14
11.1
11.82
13.23
11.76
9.3
14.27
13.84
-1.16
14.67
8.35
8.73
5.91
9.92
12.64
2.57
7.82
8.41
3.01
8.21
10.19
11.49
14.57
14.14
11.79
6.13
9.43
14.15
11.7
2.03
7.03
12.93
14.05
10.67
11.43
13.23
2.13
9.23
7.91
7.63
5.31
5.21
13.28
14.09
14.67
17.31
14.87
-4.02
10.55
13.49
13.4
11.13
7.26
8.36
-1.29
14.33
13.4
0.24
7.17
13.44
14.06
8.76
14.02
15.58
15.26
16.81
16.1
17.71
16.8
13.57
12.65
15.28
13.31
7.87
3.16
1.53
-1.06
6.71
8.54
15.55
20.57
19.07
1.4
14.25
17.24
15.55
9.6
13.72
14.28
13.81
15.1
18.55
16.13
7.89
11.7
10.92
5.66
14.33
13.99
10.44
5.7
9.12
14.1
13.83
5.3
10.26
13.84
13.03
16
17.85
10.65
-0.59
2.52
1.08
4.86
-3.1
7.94
5.62
4.91
8.65
7.52
1.91
-11.01
5.38
10.37
14.69
16.75
14.07
10.6
17.09
13.22
6.92
8.81
9.26
3.72
11.96
13.31
7.8
6.97
1.2
9
16.17
14.75
0.36
2.98
8.43
14.41
16.68
11.93
2.42
6.95
3.36
12.6
10.68
-15.54
7.67
8.81
9.02
5.93
8.39
10.77
2.35
7.16
10.87
9.61
3.25
0.72
3.14
10.35
10.31
8.9
9.62
11.68
13.44
14.4
14.04
10.34
2.9
1.59
7.69
7.35
3.91
0.99
8.32
15.11
14.16
0.16
8.1
-5.79
12.64
15.02
11.77
-0.27
11.89
14.45
8.12
2.56
11.47
17.64
19.64
17.95
12.91
15.16
16.1
13.37
3.95
-0.52
9.02
13.52
17.18
16.31
17.02
17.79
7.68
10.67
11.67
14.89
18.1
17.38
10.25
2.23
-3.45
7.75
11.17
11.91
10.53
13.94
16.36
16.47
5.77
12.63
3.17
12.3
9.92
11.14
9.06
9.64
13.1
8.33
-0.45
5.71
13.17
12.38
-1.7
13.52
16.34
13.82
7.78
9.38
15.01
10.5
6.24
4.97
6.61
-4.27
7.94
6.64
14.34
16.67
14.9
-4.81
6.17
10.03
10.56
12.77
15.16
14.44
12.76
12.59
11.92
10.6
13.2
11.81
6.54
12.27
11.22
12.37
16.4
15.25
13.12
13.5
12.41
13.3
20.16
17.46
1.83
12.71
13.45
13.96
8.3
8.89
15.9
15
12.62
10.39
9.1
0.22
-2.22
3.7
-3.61
7.4
11.44
13.41
16.27
12.56
5.74
13.64
12.6
10.31
1.23
7.2
2.77
-10.23
-1.85
4.92
6.29
-9.93
8.85
12.59
18.69
19.5
13.62
-2.08
9.9
15.68
5.98
14.14
9.95
4.9
10.03
10.06
14.09
14.1
15.06
10.34
-1.01
4.79
14.07
16.16
16.22
8.22
0.27
12.14
15.32
18.21
14.34
7.46
9.98
16.22
12.58
8.51
5.83
8.09
12.39
11.76
-1.7
5.62
12.59
13.88
3.46
10.78
16.33
18
15.29
12.12
12.12
1.19
2.28
5.88
13.37
15.64
11.81
8.32
5.15
2.81
11.53
12.73
13.96
13.81
-4.6
9.16
10.76
11.98
4.74
18.83
19.96
12.3
12.83
16.26
15.79
14.63
16.24
14.41
10.38
13.8
14.58
8.93
-4.56
6.68
9.92
9.64
8.38
12.54
13.45
7.18
10.69
8.36
13.24
13.5
15
15.35
16.19
14.96
7.97
7.79
8.29
11.16
13.58
7.64
8.01
9.67
5.79
10.34
10.6
9.27
13.12
13.85
15.43
13.45
8.17
6.74
6.69
-1.23
11.44
16.55
17.27
14.77
-4.18
12.7
12.95
4.2
10.26
14.19
12.24
8.77
11.5
8.48
4.31
3.71
10.84
6.13
14.82
6.84
2.92
6.46
5.93
8.54
8.69
10.9
12.15
10.01
14.21
16.03
14.67
14.03
8.69
-6.16
9.71
15.55
14.87
7.43
7.73
11.95
12.93
10.36
2.32
8.45
8.48
12.55
11.78
8.36
14.5
9.57
2.67
12.58
15.18
15.84
13.36
7.65
10.25
8.52
0.37
3.43
5.75
11.91
11.38
11.46
5.7
6.37
-7.6
11.42
12.19
7.4
16.89
19.03
14.28
2.78
12.73
18.55
17.39
13.33
13.63
14.9
16.52
16.48
