0.83
-4.4
-9.53
6.63
13.05
10.35
9.73
9.83
13.79
14.36
10.81
6.21
8.07
10.2
6.58
-1.57
0.78
11.4
14.31
13.18
10.34
13.47
13.25
10.05
8.04
5.85
12.77
0.34
10.82
11.6
11.35
-2.3
10.36
12.01
13.35
15.33
10.25
-3.54
7.65
8.93
1.53
5.9
5.92
-3.42
12.08
14
14.02
9.33
10.09
12.01
10.26
2.38
1.19
4.34
-3.51
4.77
10.3
14.8
13.29
2.62
-0.96
3.72
9.68
8.83
8.88
11.13
7.61
-13.31
7.11
10.48
11.89
11.48
9.76
12.05
15.45
12.96
5.14
11.45
13.88
1.4
9.17
9.46
6.44
11.84
14.49
8.82
2.91
5
1.51
4.97
-1.76
6.43
1.22
4.05
9.29
11.11
13.71
13.47
7.08
-6.15
6.84
13.9
16.38
12.04
3.54
-0.49
10.21
16.05
14.96
4.39
4.14
10.16
10.6
4.73
2.66
10.62
9.65
-6.16
8.03
0.07
12.91
9.52
-2.18
3.28
6.17
5.75
7.56
0.84
-4.05
7.92
10.01
10.5
12.25
15.31
14.68
12.22
5.17
12.35
14.61
12.33
1.92
9.12
11.66
10.55
8.21
9.59
5.48
-4.15
-1.39
6.07
12.03
13.45
13.32
8.12
5.65
9.72
1.11
10.09
11.9
1.42
9.29
14.97
15.21
6.87
0.59
8.72
2.92
6.22
5.51
-11.21
11.96
12.12
8.6
15.98
15.65
11.5
9.74
9.5
3.06
3.04
4.56
14.41
15.63
14.95
7.45
3.14
4.03
12.47
15.77
11.95
7.1
10.94
14.5
14.05
12.06
5.46
10.47
14.82
8.29
12.87
16.82
4.81
10.09
15.48
12.91
-0.14
2.6
10.13
11.14
11.16
11.58
12.74
11.7
10.81
6.85
6.72
9.53
11.37
13.16
14.74
6.67
4.45
7.35
8.42
9.55
5.92
1.74
8.45
1.94
8.4
8.45
6.97
-0.02
-2.31
6.87
15.44
13.19
9.99
15.13
15.86
14.47
10.27
13.8
14.21
4.57
6.15
6.78
9.33
16.25
14.54
9.64
-1.51
4.48
5.74
8.32
9.89
11.35
13.48
13.54
11.37
-0.56
12.09
14.85
11.8
11.56
14.1
13.88
14.64
12.39
5.75
9.78
12.6
10.28
8.63
11.85
9.41
-1.41
-4.19
3.76
11.42
11.23
-3.51
10.04
3.33
-4.48
5.63
1.49
7.26
10.42
3.42
11.2
14.74
13.86
11.49
3.65
-9.14
3.71
13.85
16.92
11.39
3.78
5.25
6.62
14.51
14.51
11.89
11.01
8.34
6.17
11.57
13.18
11.9
7.87
4.29
1.38
9.66
12.98
6.93
8.82
8.8
4.81
4.76
13.61
10.31
11
12.44
10.69
9.49
10.31
13.27
14.19
9.41
8.96
7.52
8.63
15.02
14.79
11.28
7.07
-0.02
-1.64
2.68
14.63
17.17
13.13
8.22
2.89
-1.6
1.2
8.12
12.28
12.3
7.19
3.63
11.54
11.01
10.92
3.79
8.48
9.75
1.4
10.03
8.29
-10.45
10
14.34
14.01
14.62
10.68
7.92
14.56
10.44
6.76
8.63
15.45
10.67
3.34
6.74
7.26
9.53
7.23
12.8
13.91
8.67
5.17
-12.84
-2.04
-12.06
0.86
3.17
-3.89
8.04
10.91
9.96
13.08
14.25
13.16
7.86
12.36
13.85
13.37
-6.14
9.96
8.22
1.13
5.65
5.91
6.91
12.63
9.3
6.69
5.24
-3.93
10.31
10.25
3.35
1
5.86
5.93
12.63
16.05
17.18
13.99
8.46
9.7
13.9
17.19
14.65
3.37
5.48
5.98
6.63
9.41
4.55
12.63
12.98
11.05
9.36
6.57
-11.64
8.15
1.04
11.32
14.55
13.56
11.16
-2.68
9.07
11.53
8.27
1.56
11.23
15.63
13.88
9.37
11.3
13.66
15.16
14.82
12.27
8.11
3.76
4.84
7.63
14.25
14.38
7.88
4.15
9.04
13.49
16.56
16.29
13.36
6.08
3.93
1.27
9.2
7.99
10.9
9.18
11.68
8.49
5.26
4.91
11.72
14.44
9.48
4.31
9.55
6.05
5.66
11.15
6.52
0.12
1.56
6.08
12.22
14.75
11.84
-0.28
5.82
0.44
12.35
14.91
14.23
12.11
13.92
15.74
13.69
9.63
14.45
12.3
3.25
5.63
15.42
16.34
9.81
7.67
8.51
0.66
5.61
12.31
15.84
13.45
7.29
-0.1
11.16
17.21
14.05
5.04
12.16
9.37
4.46
14.38
12.92
10.53
11.67
13.2
9.83
2.67
11.83
9.65
-3.65
5.16
9.96
9.89
-1.21
6.64
5.98
6.67
9.62
10.05
1.13
12.15
15.86
12.27
7.22
7.41
9.42
4.89
0.64
8.21
8.63
11.57
8
-3.72
3.54
12.13
5.83
8.18
7.37
-0.63
-9.04
2.19
6.44
10.95
11.34
10.16
13.92
15.45
15.39
11.55
3.29
-0.79
11.01
13.52
9.68
4.97
4.71
5.57
8.96
15.62
18.28
14.3
-8.67
7.33
6.69
11.81
16.1
17.63
19.04
16.33
12.29
8.14
9.06
13.46
13.56
11.81
12.32
13.94
10.07
-3.27
5.89
8.28
8.02
12.94
10.57
8.71
6.18
4.91
14.3
15.99
9.38
3.26
4.6
11.89
10.05
0.96
9.56
8.36
9.23
9.93
-0.24
8.17
1.77
-3.66
1.79
4.97
-5.32
3.65
-1.16
9.34
2.64
7.52
10.7
9.08
11.4
9.11
4.34
11.67
11.23
9.83
4.14
6.1
8.86
6.3
8.4
7.76
11
12.48
14.92
11.79
-3.61
6.9
8.72
10.27
0.01
8.67
2.72
7.56
10.54
9.55
3.2
14.81
11.1
3.44
3.43
1.13
4.76
4.94
4.83
4.55
8.81
11.67
10.27
14.77
14.62
5.78
6.27
14.76
15.43
4.63
9.32
12.69
12.05
9.54
8.91
10.38
10.96
-0.78
8.68
6.03
5.95
12.71
10.33
3.21
6.94
9.02
0.73
8.76
3.87
9.61
12.56
3.07
8.85
11.54
10.67
4.53
5.14
1.21
4.36
12.21
13.37
-12.28
8.57
-0.14
-7.66
10.18
15.55
17.21
15.72
12.01
7.71
10.47
7.08
12.96
13.79
9.06
3.09
-0.38
10.26
10.57
10.27
9.71
7.92
3.57
-0.26
10.22
14.36
10.44
5.43
12.71
14.33
9.58
2.21
12.47
12.3
11.95
9.09
5.37
11.05
5.95
9.34
11.41
11.28
12.13
12.66
7.97
2.07
4.38
2.77
11.94
11.3
13.75
13.66
8.96
11.85
11.31
12.54
13.66
12.3
9.61
9.77
7.74
0.66
2.62
6.95
10.33
5.24
4.31
-0.69
5.11
8.08
9.06
15.12
11.87
5.22
13.65
15.05
10.72
5.91
24.84
25.19
14.97
16.5
18.84
-2.77
20.57
20.02
16.63
14.33
24.09
26.05
20.45
6.62
15.03
18.43
16.36
15.65
14.22
17.9
24.75
25.11
10.27
21.96
25.03
29
29.04
20.3
14.56
16.09
12.12
16.72
20.91
19.76
19.9
21.43
19.5
17.82
26.38
25.33
16.04
9.5
18.92
19.51
19.81
20.67
17.7
20.09
21.1
-0.78
19.18
19.51
17.28
20.76
29.99
27.01
25.69
23.47
19.39
21.42
22.25
23.72
25.01
24.19
21.57
5.94
24.66
26.08
20.92
22.01
23.87
22.23
19.62
20.27
26.66
29.37
26.44
17.35
8.27
15.27
21.5
22.73
19.78
6.66
19.15
11.69
10.56
12.58
22.78
28.23
30.01
28.25
22.6
19.44
25.1
27.49
20.64
21.04
23.45
21.15
18.4
11.49
22.03
19.49
6.19
17.95
23.5
19.8
16.42
12.69
11.12
17.37
5.09
20.71
17.57
21.3
19.97
4.01
16.6
24.34
26.03
23.43
12.44
16.67
15.74
16.03
14.4
16.48
17.33
21.64
24.26
25.04
19.67
18.36
22.07
25.17
22.07
16
14.59
-1.44
19.11
20.28
20.95
23.96
23.75
18.76
19.21
25.17
26.37
22.74
14.25
21.08
25.04
22.62
16.68
14.87
17.59
24.34
27.33
31.17
30.27
8.52
22.31
20.59
17.26
22.11
25.86
25.51
25.03
23.27
21.31
17.29
19.04
23.05
21.27
24.86
25.2
22.33
18.08
24.9
26.29
22.18
21.54
17.9
26.06
24.35
13.41
24.8
26.43
21.89
19.12
19.3
13.02
11.01
21.43
22.91
5.84
19.87
19.19
9.72
24.34
30.71
30.71
27.48
20.92
14.95
17.08
12.83
18.56
25.73
28.39
24.63
5.29
16.66
19.2
26.47
28.45
26.95
19.45
17.15
26.12
27.52
25.89
28.8
28.04
24.83
23.19
23.67
25.37
26.5
29.22
30.06
26
19.58
15.57
22.95
23.35
15.09
0.18
11.52
18.39
20.67
23.57
25.89
26.66
26.17
23.25
13.76
14.12
20.33
28.74
31.9
29.02
23.06
19.74
18.3
16.62
17.21
18.18
20.29
17.24
16.38
18.78
23.73
25.81
27
28.68
26.14
17.17
13.3
8.16
11.51
14.94
22
24.63
24.34
25.2
23.4
13.69
22.98
24.61
26.02
23.3
20.55
22.69
28.35
28.25
24.37
20.87
20.13
16.79
18.72
16.71
14.41
17.75
22.36
26
25.47
24.58
27.47
26.94
24.9
21.32
22.57
21.25
18.49
17.62
9.28
13.81
19.83
19.59
23.45
24.39
22.36
26.56
25.08
17.66
17.46
20.71
23.51
21.33
19.02
21.61
22.14
23.03
22.99
22.06
16.78
15.81
18.28
14.19
15.1
17.84
16.08
9.42
3.42
15.43
16.01
16.52
20.55
20.72
17.08
6.16
1.7
6.15
16.28
21.22
23.03
22.86
20.89
17.12
11.31
12.63
16.06
10.68
15.92
12.69
8.99
15.16
18.56
18.62
20.53
21.98
22.14
22.34
17.84
15.17
21.3
21.54
17.81
15.28
15.3
12.09
12.92
10.76
6.59
16.88
19.44
15.67
10.11
3.41
13.22
19.79
22.35
19.88
-5.85
12.77
8.64
9.48
10.04
14.75
15.82
11.72
12.93
15.55
17.4
13.88
6.07
-3.54
12.27
16.61
21.35
15.86
19.52
19.29
18.45
22.28
17.38
17.41
21.86
19.52
15.95
18.1
12.28
23.98
25.31
22.25
15.57
22.43
25.76
22.77
6.12
22.15
29.11
28.1
18.97
21.6
21.04
20.05
23.19
23.21
19.87
6.71
20.53
21.34
14.94
19.99
24.83
21.82
20.16
25.66
23.62
20.12
19.63
13.87
14.66
17.48
19.02
22.79
21.19
16.68
16.39
16.69
20.85
22.26
0.91
22.03
23.63
13.82
21.19
22.55
17.9
22.97
24.33
12.09
22.51
24.09
17.21
19.72
16.79
21.43
22.25
14.48
22.7
26.05
22.36
21.45
25.69
24.59
21.29
13.11
22.27
25.67
22.87
20.92
21.98
20.01
21.45
17.62
17.2
22.75
16.34
16.23
22.99
21.49
18.62
22.15
18.11
22.59
23.97
24.9
19.26
19.64
28.38
28.52
22.8
22.42
20.63
4.03
17.05
23.42
27.87
28.97
26.85
22.38
21.59
24.54
22.6
18.06
22.02
26.69
27.52
24.76
23.52
23.76
25.8
25.22
22.96
26.62
28.1
25.13
22.52
22.59
23.09
23.11
23.49
21.43
15.39
18.47
26.55
28.4
26.9
25.19
25.41
25.4
24.24
26.57
25.86
26.32
21.96
15.15
19.35
21.2
21.5
16.03
18.9
20.37
22.81
27.97
30.87
29.58
27.72
26.31
20.87
9.79
20.72
22.79
24.09
23.12
22.8
24.58
23.69
16.31
18.47
27.67
27.74
23.05
19.48
19.73
18.46
10.85
15.14
10.48
18.3
23.29
20.7
15.81
24.41
27.11
29.2
28.33
24.33
18.24
7.31
23.13
27.89
26.69
25.49
25.99
26.04
28.4
30.04
29.72
25.52
19.52
27.45
26.84
23.66
25.29
26.31
26.94
27.73
26.73
18.75
14.57
4.93
22.75
27.04
24.21
7.2
23.7
25.15
13.47
25.78
23.62
14.34
24.54
22.02
14.06
20.68
21.21
26.8
30.26
29.16
21.76
20.44
20.89
21.42
28.55
25.59
16.66
15.04
5.07
10.54
15.37
23.3
26.97
29.25
25.62
15.7
23.18
22.37
17.72
25.43
24.83
15.25
28.42
28.49
17.3
20.41
20.43
12.63
19.29
21.28
19.56
27.09
24.08
19.75
27.27
23.99
16.67
8.06
20.23
23.65
24.46
21.28
19.59
25.55
24.39
21.82
24.09
22.43
22.4
23.85
20.4
22.08
23.27
15.66
13.13
21.05
17.54
16.88
22.44
21.69
18.62
15.43
14.47
19.71
17.91
6.32
12.65
15.65
9.01
11.59
11.56
7.21
10.26
18.22
15.2
15.22
19.57
16.7
19.11
20.15
20.83
22.61
21.28
13.14
15.6
18.76
5.69
14.65
18.35
23.12
21.74
18.34
20.37
23.92
21.23
19.41
16.5
13.27
15.62
11.96
15.6
19.39
15.84
11.9
14.59
20.78
22.25
22.39
24.58
23.88
19.85
15.43
10.25
17.5
22.59
24.55
19.41
16.89
20.03
7.19
14.88
20.44
12.35
12.69
19.57
18.35
13.69
21.37
23.51
18.68
10.16
14.01
12.64
14.67
21.03
15.09
15.1
17.79
20.99
19
10.06
5.99
12.77
15.49
12.65
16.71
18.25
5.06
13.44
11.31
18.15
20.07
17.68
22.89
19.41
8.86
23.12
24.34
19.54
19.49
22.33
21.24
17.95
15.19
25.31
25.01
19.45
17.74
21.86
28.17
27.11
17.75
10.77
14.3
24.56
26.26
19.58
15.57
22.39
22.74
18.73
15.98
16.46
18.18
20.03
21.58
16.84
9.29
15.78
21.37
12.49
18.39
20.13
21.23
22.52
16.67
7.14
16.58
19.2
9.99
13.35
17.42
23.23
26.14
21.48
18.49
15.27
20.21
16.21
22.32
18.82
9.92
16.09
25.33
24.78
20.38
21.16
23.11
19.8
14.91
13.82
22.43
27.01
28.6
25.7
21.55
22.34
12.36
18.26
16.92
15.83
21.75
24.2
22.28
16.03
-1.19
15.18
22.85
22.39
20.9
4.68
13.78
15.07
13.08
17.01
15.32
14.62
1.13
16.49
17.69
9.26
13.49
3.91
12.45
11.26
23.6
25.59
22.92
18.86
11.38
17.93
25.07
22.9
9.93
15.64
16.95
15.48
23.29
23.93
25.83
25.94
21.78
17.54
16.91
6.01
13.64
8.87
11.99
12.19
14.42
13.13
-16.83
14.01
19.96
23.72
16.06
10.44
9.4
16.01
13.89
16.62
14.94
22.99
23.45
15.63
11.08
10.21
14.36
23.31
25.85
18.49
7.26
14.25
11.74
16.72
20.08
21.27
20.52
23.44
24.79
16.35
27.32
20.48
18.29
21.76
19.61
15.82
15.41
24.32
29.61
27.79
22.73
20.04
28.63
29.06
23.36
20.63
17.82
10.41
15
18.6
16.85
13.86
20.7
21.83
-5.32
21.5
23.45
20.35
19.07
21.94
16.02
14.88
20.11
22.44
36.8
44.13
42.64
31.16
10.66
13.15
13.57
23.3
29.49
27.14
21.79
22.14
13.41
22
23.62
18.47
12.47
19.47
12.55
5.27
13.79
16
17.54
10.79
11.94
11.97
17.7
38.54
45.22
42.7
30.06
23.52
21.78
4.49
22.15
17.34
20.42
18.82
6.08
21.95
23.23
17.98
4.07
2.67
17.8
20.75
-0.05
22.21
26.06
11.74
33.1
31.51
13.06
16.32
16.17
9.34
16.02
15.15
14.32
11.99
21.1
21.1
9.84
20.39
8.46
17.93
18.79
15.5
16.13
19.5
25.09
24.49
14.46
16.73
13.04
14.16
16.32
13.51
22.25
37.18
42.56
39.32
28.39
19.59
19.01
12.91
22.03
28.55
27.98
21.74
24.73
25.1
33.05
31.3
21.94
1.32
17.71
23.18
18.39
14.53
13.22
17.5
15.48
17.36
7.83
15.19
7.74
15.3
18.06
32.05
41.92
41.15
31.52
8.51
20.34
19.74
11.15
15.93
20.63
19.29
13.14
19.31
24.3
23.59
20.87
22.2
14.96
15.28
19.8
20.98
20.93
12.81
17.8
21.24
15.8
19.82
20.93
15.69
14.58
-1.95
1.45
18.52
22.16
20.63
17.39
17.56
16.44
-15.29
19.25
14.39
15.21
18.13
23.47
23.54
23.05
23.98
23.07
28.65
22.52
16.49
21.85
23.38
36.76
40.33
34.23
12.31
14.08
10.48
4.44
13.85
16.61
21.93
13.27
14.35
20.41
15.95
13.58
19.99
15.84
15.37
24.94
26.01
20.1
8.95
17.78
19.12
20.11
19.91
18.52
21.56
21.66
17.79
16.36
22.97
28.42
28.95
26.83
26.19
22.59
17.59
14.91
20.91
23.93
22.29
22.7
27.72
29.66
25.07
21.79
21.73
9.05
22.08
20.56
13.6
21.73
19.2
11.4
12
23.35
25
14.89
7.32
17.86
10.62
17.56
21.31
20.59
21.7
21.3
13.82
15.68
16.16
23.57
38.33
42.54
37.87
18.8
23.56
21.6
20.12
20.22
11.92
9.62
18.37
27.53
30.51
24.08
20.06
27.57
30.81
20.44
38.47
42.28
36.05
8.45
15.42
27.9
27.91
21.95
17.19
22.86
23.63
23.26
29.29
34.75
32.96
26.09
21.09
22.86
23.61
28.74
30.5
28.64
30.25
29.98
16.1
23.8
17.34
18.99
9.07
14.46
6.71
14.16
11.95
25.61
28.37
21.32
19.94
24.1
19.65
10.41
9
23.09
27
23.89
24.36
27.13
24.32
21.99
22.45
16.64
18.58
30.9
34.28
31.27
27.74
29.56
24.17
25.71
30.03
33.6
46.34
49.11
43.33
29.65
21.37
19.96
24.71
25.01
18.59
16.34
40.05
45.93
42.53
28.09
17.71
23.12
18.03
19.38
20.81
16.59
28.59
31.95
32
25.42
24.93
27.85
26.3
17.98
15.32
9.48
23.05
27.19
22.03
20.92
28.45
30.95
27.21
19.43
10.84
16.15
17.26
26.76
25.52
22.9
19.56
18.99
17.58
20.03
27.42
28.35
21.88
19.82
12.52
21.74
13.81
25.36
28.52
26.64
26.15
22.52
22.44
27.43
26.75
10.61
28.07
25.13
18.56
13.79
23.97
23.43
10.36
14.7
15.87
13.26
19.84
15.99
24.8
31.6
30.81
26.89
23.21
21.36
23.1
23.61
15.7
15.26
20.31
20.17
23.47
26.13
22.69
22.52
19.46
17.44
19.77
27.09
24.66
23.14
22.5
21.55
24.02
16.77
24.26
27.09
12.92
21.56
17.86
17.06
25.19
28.13
15.34
23.81
17.45
15.69
13.89
10.37
17.2
22.65
16.47
22.01
22.26
26.53
27.62
22.54
25.92
18.65
16.71
21.18
17.51
10.78
16.91
15.32
10.97
25.53
24.33
24.52
22.76
17.9
18.41
23.86
24.34
12.64
21.5
21.31
25.23
29.62
27.47
16.64
19.17
24.5
20.9
27.07
26.93
17.47
12.24
21.67
27.27
30.18
27.76
18.17
8.2
14.59
16.82
12.67
20.38
24.99
21.61
22.38
23.76
18.19
20.89
21.85
11.63
11.37
9.84
14.84
13.8
14.76
14.33
13.09
24.37
19.54
18.74
23.17
21.31
20.29
25.07
25.66
19.67
23.69
22.29
13.65
15.72
21.75
6.6
17.71
19.43
14.59
13.42
19.2
22.1
16.53
9.68
-4.47
17.66
16.78
19.51
26.09
19.38
25.99
22.98
10.99
17.15
17.77
13.92
16.3
21.45
22.07
22
20.6
20.11
15.85
20.21
12.53
17.31
14.28
13.81
17.73
3.93
17.75
19.26
26.18
22.4
10.97
17.33
20.86
23.93
20.54
14.42
19.95
3.18
22.21
20.98
6.39
21.72
24.98
21.73
20.43
21.32
18.41
12.65
19.7
22.06
22.25
20.61
17.61
14.67
16.93
24.02
23.28
7.78
20.39
16.57
7.66
13.48
15.12
9.93
15.5
20.88
21.37
10.02
20.59
22.8
10.15
20.26
16.66
11.98
13.82
14.58
19.91
6.2
20.64
15.34
22.09
26.43
23.91
22.03
16.69
0
17.48
21.74
20.1
12.1
18.91
20.05
13.06
17.34
21.46
21.99
20.84
21.21
18.67
12.34
17.82
21.3
15.76
15.83
18.75
17.1
9.14
22.98
29.29
26.13
9.89
15.4
16.83
18.88
19.87
28.2
27.76
27.69
28.69
22.51
20.56
23.47
26.04
25.92
20.91
18.5
22.5
28.47
23.76
1.48
15.25
15.8
13.71
18.52
18.53
18.14
24.94
23.58
23.39
24.99
28.04
28.57
28.17
26.74
24.97
20.24
21.99
25.36
23.88
27.34
23.06
22.21
21.16
8.03
15.11
22.19
23.2
21.74
24.58
23.9
28.76
31.36
23.65
7.67
13.27
25.69
30.1
27.44
28.06
29.47
22.38
22.2
3.17
13.26
-9.87
20.72
29.21
29.51
28.69
27.8
18.65
26.1
26.03
27.11
17.55
34.3
40.04
38.07
31.77
25.82
4.76
19.07
25.13
28.33
25.51
20.79
25.34
27.01
27.84
24.79
23.08
27.77
31.65
30.98
21.7
18.01
20.7
29.33
31.63
27.03
20.5
25.12
29.84
28.29
27
24.56
21.63
28.07
28.34
26.67
26.59
28.86
30.09
28.27
27.53
27.24
25.88
25.22
21.39
0.27
13.85
13.96
21.4
19.86
20.01
14.98
18.64
21.64
25.88
23.4
19.83
21.43
17.55
22.15
24.49
22.84
23.07
20.19
23.65
20.77
15.27
20.27
16.99
20.89
21.77
19.66
23.41
19.89
18.72
22.64
18.52
20.53
25.33
20.59
19.75
27.64
25.67
16.49
19.09
18.09
16.29
17.29
22.07
19.43
19.62
26.43
22.45
15.5
21.32
10.25
21.17
25.96
26.63
18.19
17.51
20.2
13.95
-0.79
13.45
23.64
25.3
22.23
17.95
8.95
-5.61
3.81
16.64
22.02
16.87
15.2
25.18
27.03
25.66
22.1
19.28
21.05
25.56
25.39
24.34
22.91
16.91
27.32
27.48
22.16
14.91
18.71
26.73
26.71
16.95
17.14
18.2
20.45
24.56
20.89
19.56
18.71
21.91
26.2
25.31
24.5
25.48
24.58
15.25
9.66
18.33
16.58
19.61
22.94
19.08
15.93
20.75
19.42
12.28
23
23.75
18.4
16.92
21.56
12.21
17.78
14.24
17.73
23.42
17
9.23
8.57
15.23
20.71
14.21
19.38
23.16
17.57
18.7
16.92
11.92
4.12
4.35
13.76
18.38
15.24
18.91
20.8
23.53
24.07
25.18
20.96
21.35
16.43
19.2
22.05
21.52
17.92
22.86
25.29
23.05
20.26
20.06
21.83
19.39
21.18
22.65
19.68
17.05
14.27
13.7
11.9
17.77
21.18
19.12
21.87
22.68
23.17
22.47
19.19
15.94
13.8
15.16
15.75
13.21
16.93
18.38
18.27
23.87
25.24
21.89
21.7
22.64
19.36
17.29
16.19
19.6
23.51
25.61
23.94
16.81
-2.77
15.68
19.44
18.91
17.11
20.63
22.73
20.73
20.62
22.03
20.9
21
23.03
24.63
19.51
16.1
24.16
25.1
18.65
13.74
14.02
12.48
-1
-1.09
7.05
10.34
14.2
18.06
22.93
23.92
5.62
18.18
3.16
18.65
19.68
21.78
15.5
0.9
12.84
16.15
5.7
19.42
22.22
22.41
18.27
16.89
11.71
13.85
14.82
-3.86
15.07
17.64
10.53
17
11.55
7.61
18.73
22.05
18.74
9.75
15.14
20.06
17.63
11.79
13.86
12.98
18.54
12.1
21.54
25.73
24.17
19.53
18.66
21.04
14.87
16.55
14.67
6.01
15.08
18.89
17.74
20.14
8.71
19.65
22.33
17.8
19.74
17.37
16.18
17.66
23.1
21.79
18.05
19.21
17.34
12.26
18.25
25.81
27.58
25.93
15.94
14.42
11.75
17.24
22.01
19.95
11.94
6.81
17.65
24.59
17.95
22.15
24.51
13.47
20.38
20.76
9.65
19.71
12.56
18.31
19.85
17.07
16.51
17.2
20.37
16.6
12.59
17.66
22.98
25.84
25.76
22.78
16.37
11.58
21.35
24.09
21.87
15.25
9.75
10.26
13.72
18.96
-10.44
21.55
23.52
18.85
10.94
19.52
20.1
10.59
17.45
16.79
12.26
13.41
-11.58
14.49
14.88
2.44
23.01
23.82
21.16
23.69
26.47
25.49
24.58
26.98
28.77
26.64
25.32
24.31
20.71
14.56
9.42
17.53
24.85
20.24
22.16
25.29
16.5
22.27
26.83
26.81
26.28
23.99
16.72
14.35
12.23
11.39
18.24
23.28
25.83
23.14
17.69
22.76
26.82
24.33
10.92
10.27
10.58
10.84
20.72
22.02
22.98
21.06
17.47
19.27
17.55
17.48
16.46
21.48
22.08
15.7
24.09
25.9
25.23
18.36
14.6
22.7
21.59
16.83
14.24
24.77
25.91
23.71
18.6
16.24
25.72
34.63
37.83
33.37
16.29
11.5
15.03
6.22
19.16
13.42
10.69
22.18
22.53
8.36
19.32
20.99
21.05
17.78
20.59
19.31
17.86
20.78
20.82
10.78
17.14
19.67
10.54
19.86
25.02
21.76
12.64
17.34
23.61
23.24
16.88
17.48
21.03
21.64
19.03
20.87
22.84
22.1
22.29
11.37
9.29
15.37
24.12
24.23
18.13
27.73
25.95
13.28
19.06
19.78
15.15
20.07
22.3
21.76
18.1
15.67
25.78
27.61
19.91
20.15
26.07
26.15
24.88
16.12
21.8
23.54
10.39
23.76
24.9
22.33
22.38
21.79
22.6
17.32
18.96
23.86
23.39
20.39
22.88
23.85
15.29
21.29
20.42
16.01
22.17
23.79
18.48
16.36
21.99
23.88
12.74
13.12
17.67
0.74
19.38
22.01
17.19
18.37
15.29
19.85
19.18
11.54
22.41
24.79
8.37
21.96
22.93
15.69
17.25
18.5
18.73
22.76
20.94
16.34
15.84
10.85
22.69
22.37
17.86
13.98
16.5
19.72
14.27
17.89
22.55
19.83
16.39
22.14
16.23
21.53
23.72
23.2
18.69
10.36
18.99
23.09
21.36
13.55
24.28
23.71
8.13
24.1
27.99
27.42
22.97
8.36
22.7
21.67
16.99
19.92
16.14
10.36
19.28
20.92
14.54
16.71
21.94
21.5
22.8
15.81
15.51
8.06
21.92
23.45
-0.82
15.14
12.54
11.29
16.99
15.09
13.18
15.97
17.48
12.88
8.51
-2.97
8.52
3.69
13.46
23.3
24.12
17.28
18.14
17
13.85
22.06
20.44
19.57
22.58
17.89
12.47
16.47
13.46
8.98
14.61
14.33
17.75
17.91
20.18
22.03
20.89
16.87
8.16
18.75
18.1
12.48
18.4
17.85
12.89
14.57
11.53
13.73
15.85
15.28
11.93
10.36
3.14
15.38
19.51
12.42
14.02
18.02
21.04
22.69
15.18
14.53
11.79
19.86
20.5
21.47
21.54
17.89
17.97
2.98
19.45
20.66
19.57
17.16
18
17.68
18.31
22.16
20.39
13.47
23.63
25.65
23.79
18.78
8.16
15.85
20.43
20.01
15.54
7.94
11.53
7.57
7.04
12.49
12.66
10.95
6.94
8.69
13.69
18.98
21.32
17.64
14.13
16.41
15.24
16.37
14.7
7.48
16.5
12.48
8.83
9.88
14.97
18.5
17.24
15.24
7.05
9.89
13.55
12.7
13.74
13.62
13.11
13.35
11.4
5.54
14.26
11.95
12.14
10.36
10.18
13.95
17.71
17.92
16.46
18.06
15.12
10.01
9.74
12.72
9.9
12.72
14.73
14.56
13.37
12.11
6.16
8.15
15.4
12.29
1.84
6.88
18.24
19.4
14.47
17.54
17.66
7.84
12.46
15.6
11.19
10.96
-0.88
12.69
13.4
11.94
13.45
7.49
16.68
12.89
12.25
5.53
12.11
5.14
9.53
13.87
15.79
15.32
19.02
20.17
18.93
16.43
14.48
15.49
13.12
15.7
19.1
20.52
14.39
3.83
0.87
10
17.19
20.48
19.06
11.21
15.64
17
16.85
18.67
12.33
5.23
7.78
2.09
11.68
16.45
18.65
16
18.03
18.33
5.47
15.51
14.87
9.37
10.24
17.24
18.34
16.08
4.52
20.06
20.93
12.82
7.61
10.51
15.64
17.32
18.92
17.95
12.58
10.98
10.41
10.86
7.49
19.35
23.52
24.17
23.27
21.37
18.73
11.98
12.3
17.13
18.78
21.21
21.42
14.52
13.99
19.93
17.56
11.91
9.36
-1.1
12.38
11.92
9.44
5.53
17.64
19.98
17.93
17.35
18.07
12.5
11.65
16.83
18.61
18.36
17.91
17.61
17.13
19.11
19.8
19.4
15.51
10.91
5.65
6.2
11.45
8.76
9.99
17.3
21.08
21.72
18.13
9.99
7.84
3.05
8.98
12.64
14.69
12.9
11.42
18.27
20.5
18.93
18.66
21.44
22.44
21.53
18.95
13.66
15.41
21.24
20.42
13.01
12.26
18.21
11.27
16.63
22.68
23.89
23.84
22.7
21.78
23.05
23.16
15.27
12.53
16.09
7.27
17.26
23.08
22.6
20.68
20.44
19.63
18.31
17.41
18.54
19.72
12.04
18.58
16.93
11.03
16.08
20.78
20.71
17.77
18.26
13.73
4.84
11.62
18.27
21.28
18.54
14.32
12.67
12.02
6.88
16.86
21.33
20.04
22.28
24.43
20.55
9.79
14.3
18.14
17.62
15.63
18.19
16.98
12.86
19.51
20.92
16.4
16.51
16.01
10.56
6.08
18.26
21.77
20.85
21.28
20.85
15.84
0
5.02
12.36
22.84
25.93
25.41
23.13
17.27
5.01
14.95
11.34
11.36
4.93
0.02
8.05
11.13
13.66
13.11
17.6
17.21
15.26
7.83
10.73
10.55
3.88
7.9
6.4
18.64
22.3
21.2
19.03
11.9
18.54
21.86
18.89
16.27
16.5
11.73
16.54
19.1
15.94
13.85
12.9
6.13
17.61
19.54
18.99
14.38
4.94
14.81
19.85
17.84
-2.1
17.01
21.58
21.91
19.07
14.93
3.68
6.9
15.91
18.96
16.95
13.95
4.68
7.76
2.83
12.87
17.16
7.42
11.14
16.81
16.82
13.67
15.19
17.28
17.92
12.72
11.08
16.62
16
14.23
8.81
9.27
15.41
17.75
13.25
12.09
8.46
5.15
6.16
11.66
19.02
18.38
15.26
14.37
0.27
8.06
7.88
16.4
20.39
19.64
16.09
0.93
11.99
14.09
4.91
7.68
13.83
13.78
12.08
10.01
-3.47
15.43
17.28
18.33
16.43
17.89
19.67
14.74
18.4
22.57
20.41
10.17
14.69
4.37
17.13
23.24
22.04
4.22
19.32
21
17.36
11.1
14.87
17.48
16.7
17.81
15.65
5.68
12.79
13.98
3.21
10.05
10.87
8.66
3.9
4.14
1.72
16.03
15.17
8.46
17.57
18.54
15.78
9.82
18.61
17.38
14.89
18.91
16.18
12.18
8.24
14.69
16.41
13.08
18.57
20.27
16.25
16.24
20.08
20.29
12.3
18.97
22.21
16.12
6.27
15.62
16.89
16.02
6.51
15.47
18.44
17.18
17.61
11.2
17.34
17.2
2
11.46
18.13
20.33
19.87
16.82
17.89
19.71
18.28
19.18
19.95
18.16
6.34
16.73
-13.57
19.92
17.35
8.68
15.53
11.02
3.32
-2.78
18.68
23.79
22.7
17.89
18.38
14.94
13.18
20.29
21.99
20.7
16.32
9.74
14.43
13.56
11.2
16.96
20.45
14.1
7.1
18.3
19.15
10.86
4.67
6.07
17.65
19.24
19.55
20.24
14.42
3.38
15.44
14.28
13.71
18.06
18.61
18.26
14.06
8.86
16.06
14.99
18.54
20.99
16.59
7.33
12.94
11.42
19.22
22.44
18.16
8.59
16.3
20.02
21.33
21.45
21.78
22.22
21
17.81
17.01
6.12
10.79
-3.51
13.39
19.86
18.15
7.74
-0.87
11.62
15.07
9.6
11.7
17.14
13.9
18.92
21.54
17.87
16.22
16.23
8.11
18.95
16.38
11.38
10.64
18.88
15.36
12.03
14.94
13
4.92
15.48
13.98
13.63
11.73
-7.8
11.86
10.64
10.7
12.58
13.06
6.67
14.59
12.19
-0.91
13.67
15.05
13.98
18.13
19.26
18.31
17.61
16.86
17.14
14.69
16.7
16.24
16.47
16.48
12.91
17
18.62
13.52
15.39
6.19
9.66
9.57
12.62
13.41
8.33
-3.5
1.74
7.48
12.98
11.6
17.13
22.62
21.03
10.79
6.05
16.27
18.77
17.39
17.94
12.62
7.16
9.72
14.43
15.99
14.71
10.45
18.99
15.6
8.02
13.85
15.12
16.35
16.4
16.25
16.17
18.13
16.48
16.06
14.98
15.94
17.78
16.46
15.62
4.14
13.36
20.16
22.18
20.54
15.93
11.73
14.58
21.76
19.37
11.24
10.59
15.88
18.62
14.98
18.99
18.28
17.91
23.23
19.02
1.25
7.68
12.41
17.75
12.03
-0.9
12.8
15.95
11.16
12.68
15.06
14.41
13.87
18.67
15.1
5.38
11.4
17.11
13.6
-1.59
10.17
8.31
16.22
14.85
17.37
15.84
6.05
4.41
11.73
16.57
19.64
18.45
16.4
13.35
16.75
16.08
-0.08
5.6
17.44
16.72
10.28
6.29
14.3
7.8
18.86
18.36
16.48
18.18
17.02
17.54
14.86
17.28
13.14
10.72
16.42
20.73
16.74
4.5
9.68
11.39
16.06
18.45
15.8
14.07
15.82
16.97
9.66
-8.31
15.78
11.65
9.78
-4.08
12.41
9.88
17.34
16.4
12.61
18.74
18.16
8.63
13.16
16.74
9.3
12.13
5.38
6.42
6.98
10.54
10.07
8.88
10.92
13.9
6.51
1.19
3.33
13.06
14.34
20.11
16.69
15.6
19.79
12.55
11.35
15.61
11.73
7.48
10.79
10.07
13.34
20.19
12.37
-9.68
10.31
13.52
20.78
18.07
4.64
-5.62
6.03
5.11
14.04
4.64
13.32
11.53
8.65
14.09
20.03
19.54
9.74
14.98
10.95
12.57
15.31
6.48
10.21
5.28
9.17
14.13
16.39
22.16
22.55
11.85
1.56
8.7
14.06
14.81
6.22
3.74
13.81
6.68
9.93
12.37
15.34
14.6
18.06
16.25
9.05
14.77
18.58
18.31
11.59
10.22
9.98
9.49
16.95
11.79
9.36
6.93
10.5
11.94
16.32
15.28
8.19
2.08
2.91
5.78
11.51
9.68
17.82
15.93
14.69
9.07
5.38
7.93
12.3
8.7
7.39
14
11.91
11.87
16.09
17.63
18.94
12.89
6.52
13.44
13.43
10.83
5.62
9.71
13.93
14.22
16.55
10.71
9.61
15.97
16.36
12.82
14.78
14.84
6.23
10.37
12.24
9.53
13.39
15.24
17.4
15.29
2.68
14.52
22.46
21.79
5.67
16.28
16.1
-12.88
16.11
17.07
7.66
11.27
12.4
17.66
16.66
14.26
12.07
-0.05
10.76
14.08
12.56
15.26
12.59
14.75
15.97
11.87
5.35
9.89
0.72
7.82
8.79
12.98
12.99
11.52
10.38
14.31
15.06
12.37
12.64
6.76
12.28
13.48
12.09
6.28
10.3
3.75
6.93
12.97
14.71
13.02
8.4
11.72
10.4
16.08
12.98
10.15
19.01
17.67
15.95
17.3
12.18
6.91
15.37
10.34
14.47
15.25
0.66
-2.49
6.69
15.66
16.57
15.48
11.07
5.78
1.05
11.38
20.81
21.62
17.47
15.96
16.89
18.28
22.51
19.01
0.73
13.96
8.37
18.86
22.51
17.69
4.6
5.8
15.59
17.94
14.72
11.75
7.94
11.89
19.44
20.51
11.04
10.22
12.39
13.1
17.64
14.97
7.95
15.76
18.28
17.15
10.22
14.87
15.04
3.57
15.32
11.48
8.5
11.36
14.02
19.68
20.83
16.55
10.31
8.8
9.01
11.28
9.63
13.56
16.74
12.13
2.08
8.8
8.32
13.56
14.53
15.07
8.76
13.03
17.34
10.83
6.27
9.2
11.7
11.61
1.77
-13.2
7.53
12.45
16.45
17.67
18.81
20.07
15.28
10.95
18.49
24.25
23.6
13.19
9.37
12.95
-3.88
5.56
0.44
1.94
1.07
4.24
14.49
12.45
9.88
14.24
11.36
5.97
12.38
5.31
5.03
3.96
13.69
18.72
16.18
8.27
12.78
16.34
19.05
20.94
12.79
15.94
10.49
15.53
11.49
17.45
7.43
13.54
1.24
13.6
10.77
10.83
4.84
13.99
19.19
18.28
17.41
16.2
13.59
3.57
13.9
16.93
15.3
10.67
-1.07
11.46
16.49
13.25
9.93
15.08
15.05
11.32
16.01
19.01
15.67
13.32
15.3
7.95
12.05
16.72
18.26
13.31
11.26
12.7
0.52
1.03
-2.57
9.82
3.6
2.33
3.66
0.22
9.63
11.71
10.55
9.42
12.88
13.06
10.3
12.25
13.25
7.04
4.3
6.77
5.59
15.8
17.44
6.58
12.47
13.89
10.99
14.97
18.36
11.92
2.31
14.4
14.81
6.73
14.79
16.58
20.79
18.95
11.32
9.6
6.39
13.5
16.73
10.81
15.19
8.07
13.86
17.64
9.62
-2.35
12.48
11.92
12.49
14.61
12.07
-11.42
17.02
18.67
11.17
9.09
10.97
5.69
14.53
11.93
7.33
4.14
16.4
15.16
6.82
10.75
16.92
15.81
12.69
14.99
16.38
12.26
0.9
12.55
17.5
15.6
12.19
12.26
5.1
17.01
14.49
3.3
15.2
13.73
-5.62
4.86
13.83
17.42
17.07
8.68
-4.51
10.24
14.18
7.15
13.89
11.09
16.73
16.85
16.9
16.17
10.21
14.55
15.47
14.02
4.74
15.22
12.95
6.43
10.21
9.74
11.06
17.58
14.02
3.59
13.83
11.76
0.56
12.59
18.37
17.46
8.65
9.29
-0.37
12.2
16.29
17.43
15.73
-6.91
13.02
10.81
15.49
16.14
11.68
7.67
12.17
11.95
13.57
16.93
14.6
-10.09
1.01
12.3
17.97
15.58
15.98
16.69
16.95
13.93
15.69
12.55
9.1
10.96
9.2
12.85
16.09
8.92
11.43
13.91
12.87
21.92
22.46
19.86
16.7
15.18
17.18
18
17.46
14.94
14.23
16.13
15.35
13.4
11.61
11.18
7.51
4.98
10.6
4.55
15.16
11.8
10.8
16.29
12.91
2.98
3.01
12.68
13.79
16.59
17.23
14.96
10.21
3.26
16.31
17.08
8.71
10.73
15.06
16.17
-9.12
12.79
12.26
8.63
11.73
10.55
12.64
12.94
17.05
17.03
14.14
7.15
9.01
10.69
7.01
13.14
19.28
19.7
12.13
13.97
10.94
14.01
20.25
17.66
3.74
9.62
15.88
18.14
17.8
15.32
13.3
8.64
-4.98
2.38
15.05
15.52
6.97
7.21
6.1
4.37
0.47
11.91
18.33
22.21
21.37
14.12
14.66
18.23
15.19
-1
-2.67
9.27
8.46
13.03
16.38
16.3
16.18
15.72
18.05
19.71
16.93
10.5
1.17
8.93
11.16
14.51
15.33
14.95
11.28
-5.76
12.09
16.39
17.59
13.76
11.98
17.65
21.09
19.36
12.05
1.53
8.98
11.14
10.92
10.61
9.84
16.55
15.82
17.25
21.28
20.52
12.21
15.62
16.3
15.55
4.71
14.02
16.96
12.28
14.05
19.44
15.3
8.59
11.85
7.26
10.63
16.1
14.54
7.13
10.71
14.57
9.81
4.28
10.94
16.32
15.35
17.7
21.99
20.92
13.18
11.96
10.47
4.41
9.99
9.66
12.65
14.36
10.38
13.51
19.61
16.08
4.95
8.35
6.52
4.19
11.43
15.53
9.26
10.98
14.93
12.33
8.04
15.53
16.02
0.23
15.3
15.68
14.4
14.07
15.16
7.38
6.77
2.89
6.58
6.93
9.56
8.86
4.48
1.97
7.57
11.45
16.77
18.86
17.01
14.13
9.75
4.38
-0.22
12.4
11.38
5.06
5.84
13.66
12.71
12.3
14.16
11.3
13.44
15.28
13.45
18.28
16.48
16.37
13.7
0.57
12
11.05
7.77
7.78
10.44
14.94
13.04
13.89
12.85
11.83
16.92
14.51
17.41
18.45
14.85
7.55
4.63
5.05
8.48
12.02
13.05
14.29
10.57
10.98
15.94
12.08
8.57
16.51
17.31
14.55
13.01
14.29
11.66
8.54
11.85
11
14.82
11.6
-9.57
14.42
17.68
19.69
21.42
13.9
11.24
10.41
12.08
14.19
15.47
16.8
9.96
13.45
17.06
13.09
10.73
6.38
7.39
9.85
15.85
18.23
19.37
16.49
11.83
13.67
14.35
10.93
1.35
-1.83
-0.84
9.48
9.5
7.34
7.51
9.01
11.3
10.52
8.79
6.82
14.2
14.19
3.84
7.72
10.87
6.53
3.39
0.99
9.23
10.04
11.18
7.06
9.29
14.17
14.43
10.9
7.76
8.86
4.82
4.37
3.76
11.53
14.51
19.11
21.61
19.95
16.96
15.48
11.52
-4.37
13.74
13.8
7.23
-1.56
7.15
9.14
6.77
12.12
13.86
1.47
13.81
16.97
16.3
7.63
12.02
15.72
8.06
6.16
9.33
9.12
10.72
4.22
12.61
15.57
13.63
10.35
7.79
11.41
15.99
12.21
7.19
10.69
15.02
16.67
14.4
9.79
9.31
12.42
9.35
9.06
10.48
13.3
13.16
9.41
7.94
17.46
16.91
11.21
4.76
4.74
8.28
13.09
12.19
-1.44
11.64
12.63
15.18
15.06
6.29
15.92
18.06
15.66
14.04
15.68
13.94
11.5
11.93
16
14.14
-9.03
13.82
13.52
8.92
-2.77
8.79
11.71
15.98
15.33
13.3
15.96
18.9
19.37
17.91
12.66
9.37
15.58
16.27
7.51
11.57
17.81
16.37
10.27
4.86
-7.07
12.96
14.14
14.97
18.42
15.61
8.17
2.93
2.89
9
4.54
15.43
16.54
9.35
10.81
12.56
10.35
0.97
8.71
16.08
17.07
16.24
7.43
10.74
15.59
15.68
8.54
-17.03
9.5
11.81
9.57
12.35
7.45
12.64
12.82
13.35
11.03
-8.89
12.44
15.4
17.42
18.65
17.11
17.37
16.68
14.76
12.13
12.66
16.16
14.89
14.21
14.97
16.78
14.98
13.84
14.94
13.02
-4.29
11.65
12.72
10.61
7.14
17.43
22.25
18.31
7.09
2.27
1.91
1.71
6.33
10.18
14.11
13.37
14.17
13.56
11.65
10.13
12.84
11.6
10.91
9.57
4.04
14.85
19.14
18.49
13.22
14.61
18.05
17.87
9.01
15.17
17.76
15.78
16.92
15.8
12.58
8.89
11.79
3.23
0.23
-4.08
7.84
9.44
8.21
10.84
13.57
14.54
13.31
4.67
9.68
13.84
13.91
15.41
14.72
14.29
13.79
7.9
6.97
14.44
13.52
6.42
6.21
10.34
16.31
18.31
20.1
19.15
11.6
1.07
13.76
17.12
16.67
13.48
13.95
15.56
16.2
16.85
15.37
8.52
3.82
11
16.46
16.42
6.58
15.34
18.45
16.59
9.06
12.41
14.58
11.52
15.07
6.64
2.08
10.21
10.47
5.01
8.3
11.43
7.79
2.57
11.08
11.93
8.37
5.75
0.66
12.35
8.25
9.93
17.86
17.55
13.52
11.03
12.33
14.93
13.77
12.22
15.06
15.21
14
16.67
18.48
17.09
17.37
17.33
14.75
8.3
12.14
15.54
17.72
18.21
14.26
14.22
16.76
12.59
12.33
9.92
12.31
16.29
15.73
16.13
13.54
13.31
16.84
16.68
14.47
8.36
4.77
10.93
11.16
10.65
15.53
16.46
14.21
2.54
5.25
5.09
7.12
11
8.43
14.97
17.25
15.82
14.82
13.64
17.39
19.01
19.16
17.64
13.52
9.2
13.91
13.77
8.76
6.62
11.6
18.57
17.69
6.5
11.16
12.85
11.79
2.66
-7.84
3.84
9.04
15.46
17.99
15.1
10.69
3.17
-9.04
5.03
6.29
16.67
16.41
9.52
7.74
10.72
9.95
6.38
6.77
10.7
15.8
20.6
23.5
22.3
17.63
16.24
15.66
13.92
11.04
10.5
11.24
11.12
15.15
18.13
15.65
11.5
14.98
14.48
12.34
11.9
4.65
13.79
16.26
3.98
10.33
11.03
4.11
11.07
12.75
2.16
7.12
8.99
8.27
11.83
11.45
4.04
5.61
1.17
8.8
14.53
15.48
14.4
15.02
17.5
18.59
17.23
11.98
9.19
11.21
13.29
13.8
11.08
10.6
10.7
7.61
12.96
15.72
14.64
15.79
16.35
15.11
8.13
7.28
11.24
13.46
14.17
15.27
11.06
8.84
11.45
5.79
-5.07
6.33
12.95
14.12
15.07
12.87
13.82
11.16
4.65
14
16.55
9.26
-0.49
-9.03
4.69
11.35
14.68
15.16
13.17
10.98
13.1
10.45
6.59
9.03
3.79
2.14
15.12
20.48
18.32
15.54
15.95
11.88
6.3
9.74
9.36
16.23
18.46
19.55
21.2
19.67
13.85
9.48
11.93
8.69
0.93
3.79
16.4
19.72
18.66
15.43
11.59
14.16
16.41
15.2
13.53
9.43
8.87
7.74
5.85
8.48
14.17
15.34
15.41
13.61
14.19
15.38
12.69
10.17
3.03
10.05
6.63
11.18
19.09
22.2
20.54
18.61
14.7
11.76
8.73
12.65
13.41
3.61
5.77
13.66
16.35
15.72
13.66
13.38
13.55
13.4
16.01
13.88
5.62
8.92
17.3
22.76
22.43
16.85
16.29
17.12
10.27
-7.28
5.44
9.28
15.37
13.91
10.84
15.4
14.76
12.11
11.54
15.26
16.18
11.93
7.57
12.37
12.35
8.08
6.95
13.42
7.97
9.58
13.99
16.18
16.66
16.69
17.8
17.22
8.02
-0.88
4.18
6.99
6.74
9.98
9.99
13.76
17.82
16.67
11.31
7.43
12.74
12.96
12.42
11.6
5.77
4.69
2.38
6.09
12.8
12.88
13.26
12.6
10.64
9.79
13.89
13.32
11.14
0.95
9.03
14.73
15.65
16.29
17.28
18.59
16.83
17
15.69
12.24
10.38
9.44
8.96
14.11
12.02
0.87
3.98
16.12
19.12
19.03
18.97
17.89
15.62
13.26
17.09
18.89
12.62
12.62
11.86
4.59
9.83
12.38
17.08
19.21
15.49
8.58
5.64
-0.56
10.36
14.63
11.95
7.83
15.05
9.93
14.07
19.09
18.02
14.38
14.21
14.53
15.12
14.27
14.47
15.54
12.17
-12.77
6.2
1.35
12.59
10.6
9.66
6.82
3.96
11.55
3.75
12.51
12.45
12.19
9.4
10
11.03
16.98
17.75
18.97
19.9
16.2
4.14
13.38
17.59
19.66
17.87
13.12
13.03
10.05
9.11
12.45
14.21
17.15
17.9
15.7
13.74
12.21
11.77
14.46
15.29
16.88
17.82
16.4
16.38
16.55
14.91
14.12
6.36
-4.52
-0.18
8.29
12.44
11.45
10.98
8.51
10.67
11.8
3.54
12.41
4.01
14.32
15.43
11.27
1
5.9
7.55
8.39
13.35
10.92
3.24
8.55
13.44
12.76
9.55
9.2
14.89
10.03
7.53
10.59
7.27
5.89
9.6
10.03
9.24
6.73
5.72
11.42
13.77
12.55
11.96
3.76
3.61
2.11
-4.38
12.23
13.76
14.1
11.45
2.34
-14.19
2.32
8.26
12.57
14.11
12.22
14.32
17.42
18.33
17.34
14.82
0.99
8.87
11.85
12.02
10.66
9.96
11.85
14.64
11.63
8.91
9.95
10.96
9.05
11.84
10.41
12.89
14.12
6.28
11.1
17.59
16.03
7.63
1.01
2.98
2.46
9.31
13.1
-0.15
8.84
15.35
14.74
9.78
15.1
16.81
13.51
11.73
5.54
7.33
6.62
-2.87
7.07
11.17
8.29
11.97
14.95
9.85
-11.74
1.46
-3.08
2.9
8.2
11.17
12.44
5.84
9.34
9.15
6.27
6.36
15.27
17.69
14.87
7.86
4.65
11.53
6.59
7.77
1.72
11.98
11.37
12.01
3.69
15.57
21.23
19.42
11.08
6.3
0.65
3.64
8.05
10.79
11.64
17.25
18.55
17.51
10.12
13.15
19.22
19.08
14.75
9.49
3.43
5.78
2.73
-6.09
11.57
12
3.89
13.45
14.34
8.31
3.49
9.09
15.01
15.08
10.94
8.21
9.03
11.95
11.44
8.24
-2.74
7.53
2.26
15.06
18.17
15.26
7.61
6.55
6.39
11.77
16.6
18.53
11.89
9.69
13.14
13.7
17.68
19.97
17.98
15.22
13.19
8.74
6.87
7.93
15.85
20.01
19.09
7.31
12.61
13.64
13.74
18.3
19.28
13.97
1.16
-1.12
8.16
10.51
13.21
9.49
10.14
16.11
18.64
18.47
16.11
14.98
11.88
10.79
6.44
4.15
14.51
17.49
7.05
13.32
16.69
16.85
16.4
16.7
16.34
15.51
13.91
6.42
7.68
11.52
12.86
6.58
10.07
8.96
16.02
17.61
15.14
15.97
14.84
10.48
-3.18
8.14
11.19
11.78
14.91
16.26
12.31
7.99
-1.44
12.01
6.99
10.7
14.72
9.91
-15.69
5.14
11.61
14.08
11.05
6.35
7.6
2.94
12.87
8.15
2.89
10.39
15.55
14.11
17.42
18.29
18.09
17.38
11.83
9.95
15.65
13.98
13.57
7.89
8.14
13.12
17.6
21.05
21.43
17.49
11.22
6.14
13.71
12.27
8.53
14.24
11.12
11.8
17.72
17.36
15.91
15.05
16.91
18.85
16.04
7.35
8.88
14.17
14.7
8.9
10.52
14.93
14.41
10.93
14.97
15.22
7.47
2.68
7.98
10.94
4.82
9.97
11.52
13.88
16.54
16.8
15.34
17.04
14.06
-2.68
9.38
10.86
11.28
12.23
15.65
18.95
16.71
9.21
9.03
0.19
5.47
-1.87
0.52
3.75
10.64
14.44
17.64
11.98
9.02
11.44
12.16
14.54
7.78
10.63
10.66
4.98
1.9
8.11
0.77
9.85
14.71
15.37
14.74
13.61
8.8
12.84
10.47
3.49
7.19
7.47
-10.42
7.29
7.16
7.02
13.03
13.77
10.64
6.59
17.11
15.45
8.49
15.46
12.82
11.73
11.42
12.11
9.4
10.67
12.37
10.18
13.26
12.26
12.03
10.45
5.86
11.57
7.46
12.35
12.75
6.32
11.6
13.58
11.32
6.23
7
8.4
6.69
3.46
5.76
8.34
3.35
14.49
12.98
6.8
9.9
10.11
2.64
8.59
13.48
16.25
15.89
13.53
13.5
14.64
10.5
0.33
13.52
18.53
17.36
2.25
10.46
14.13
15.14
11.5
9.42
-4.67
13.49
11.32
9.01
12.99
-0.67
9.27
11.19
0.34
9.96
14.18
13.18
11.53
13.07
11.34
9.01
9.54
11.85
11.5
12.24
12.6
-4.41
12.38
15.61
14.92
9.33
6.59
11.72
4.71
13.53
12.59
10.91
16.91
18.35
