12.5
5.4
3.97
1.63
2.71
3.98
-1.69
0.33
-4.57
2.23
4.51
11.48
11.85
11.63
4.74
-20.1
5.17
10.43
2.26
11.61
14.88
11.3
7.78
1.42
7.59
13.28
11.8
-2.57
6.86
9.49
11.66
11.65
1.81
12.3
9.57
11.63
13.4
12.19
10.54
12.59
13.53
1.38
10.08
8.21
11.96
12.44
2.7
3.74
8.3
7.92
9.12
13.53
15.55
15.53
12.17
11.57
14.76
15.22
8.65
12.91
15.09
11.4
4.21
3.98
5.46
9.59
8.69
5.12
8.44
15.04
15.94
13.37
13.54
11.48
11.26
9.17
7.63
5.46
5.37
13.2
13.85
9.35
2.96
11.01
6.48
7.44
11.54
16.05
14.64
11.2
15.42
18.68
16.93
5.73
5.19
10.8
14.26
15.71
14.95
5.95
3.51
3.23
1.45
6.32
11.65
13.13
14.1
11.18
8.36
14.04
16.86
13.3
9.68
10.18
3.97
3.29
4.55
10.4
7.64
10.56
13.77
13.36
14.21
11.11
0.31
7.98
13.76
14.25
14.3
14.35
12.17
9.15
8
-6.4
10.13
13.69
14.1
7.92
6.15
3.56
9.1
12.85
10.47
1.43
2.26
-5.79
5.83
10.09
7.46
-0.76
1.48
7.68
6.12
2.91
1.78
5.17
7.07
1.23
7.37
8.2
8.67
9.07
3.12
4.69
10.59
12.53
6.1
9.84
11.21
6.5
11.67
12.73
6.27
4.57
9.1
9.17
8.38
7.47
7.69
6.72
-9.58
5.09
5.48
11.62
10.56
4.66
6.46
5.06
-6.38
5.01
-2.06
12.29
10.68
1.65
10
13.76
12.74
2.72
-9.04
14.27
19.47
15.64
9.96
4.35
5.01
11.9
8.42
6.13
11.65
9.22
3.73
7.03
9.13
12.41
14.02
8.71
9.71
13.71
3.56
5.52
9.45
10
10.86
10.78
3.32
10.03
6.26
4.93
-1.56
9.61
10
5.46
5.06
-3.42
7.78
12.53
11.82
2.19
5
8.15
4.8
8.79
11.83
4.98
5.75
8.17
7.27
8.36
9.88
10.64
6.21
3.74
11.83
9.33
-11.17
6.33
7.2
2.69
9.76
14.03
8.44
9.21
11.89
-10.41
9.62
10.21
4.61
5.88
11.09
3.85
4.1
10.49
11.36
11.23
5.69
6.02
10.72
11.29
10.27
12.27
16.4
11.56
7.98
12.01
-3.3
2.95
6
6.26
-1.75
4.66
13.41
13.77
10.8
12.49
13.62
3.02
10.18
10.36
1.06
9.19
12.59
7.28
16.07
16.89
13.67
6.48
1.19
-4.08
13.3
16.44
13.45
10.01
5.76
9.84
11.21
9.4
2.75
0.32
5.18
14.99
16.61
14.61
9.74
7.23
10.71
6.43
10.96
11.34
9.84
10.67
15.83
14.24
10.06
9.15
8.88
9.5
11.98
12.28
10.98
7.05
10.59
11.91
6.39
11.28
12.09
10.71
9.34
11.42
11.32
4.72
3.07
10.01
9.73
11.16
5.46
9.42
11.38
2.17
8.59
0.5
12.09
10.62
6.4
6.03
10.59
12.65
12.84
12.06
6.05
9.99
10.47
13.13
11
5.21
11.25
13.06
10.1
-3.23
10.6
13.63
15.46
11.61
-9.03
10.26
9.94
3.32
3.75
10.35
12.04
8.44
2.22
11.13
8.27
8
10.01
5.61
3.25
10.99
10.98
-6.58
13.06
2.38
1.64
8.79
10.87
13.45
8.98
-2.89
9.73
11.75
12.91
15.02
14.88
11.7
7.09
7.75
8.38
6.02
7.63
7.77
9.45
12.82
11.49
8.22
6.37
-1.7
-1.77
8.29
3.11
4.22
-0.23
5.38
-0.01
3.15
10.36
6.55
-0.84
9.46
13.03
10.46
7.35
6.17
1.17
8.69
15.95
15.1
9.78
7.91
7.91
1.79
5.6
11.51
8.66
12.04
16.04
14.73
9.68
8.67
13.05
14.14
13.18
12.92
10.71
1.9
7.9
11.33
9.94
8.08
2.76
9.86
1.49
0
9.11
12.27
10.08
-3.68
2.38
7.81
5.28
8.45
6.02
10.25
11.53
8.07
-3.59
9.08
11.86
10.29
5.63
7.23
12.81
16.01
15.24
14.05
12.9
14.02
14.56
10.92
-11.74
6.77
-6.87
9.76
3.1
7
12.34
8.01
8.05
8.3
2.47
9.67
14
10.03
12.88
14.89
14.04
13.04
16.37
15.41
8.86
6.99
9.17
10.26
4.6
2.38
-3.82
4.37
1.72
3.67
10.25
15.79
16.22
6.19
6.9
6.99
11.36
7.55
13.09
14.58
9.17
9.25
9.01
3.9
13.95
14.06
10.22
8.7
12.08
14.58
14.59
11.8
8.56
7.54
5.83
8.41
10.22
9.71
11.6
13.59
6.15
11.28
10.59
7.7
0.36
3.31
6.34
-0.56
5.35
4.56
2.6
9.84
8.52
-4.67
5.13
6.87
3.83
-17.52
0.74
0.15
-4.87
1.77
13.06
15.22
13.44
7.6
4.07
7.22
5.97
9.05
9.93
4.27
4.86
14.75
16.27
12.13
8.43
3.36
-2.78
-4.41
9.11
9.63
3.63
3.23
7.05
5.69
6.42
6.22
2.15
3.46
7.99
8.18
3.09
-6.4
3.26
-3.14
-8.52
4.42
12.15
11.91
15.43
15.58
13.19
9.59
-4.94
7.31
8.6
6.4
10.7
13.73
12.11
10.11
11.33
10.43
7.3
10.3
8.65
2.19
5.18
-3.85
1.87
6.78
11.25
12.92
5.91
11.28
13.31
7.74
1.49
3.93
8.42
3.88
9.49
12.51
12.17
13.42
11.62
10.27
11.11
12.52
13.68
3.99
5.19
8.76
9.38
12.64
11.48
-1.26
3.6
6.53
7.62
-4.12
7.14
6.71
0.56
2.72
6.41
8.28
3.75
7.23
4.62
-5.38
-7.13
-2.49
-14.24
9.28
7.22
10.13
16.85
15.75
9.91
8.28
12.97
11.82
7.41
5.24
6.28
9.47
16.03
12.8
6.13
2.1
8.37
6.91
8.15
14.66
16.16
15.95
13.77
12.49
13.95
13.78
7.6
1.17
8.51
10.19
8.45
-8.58
7.15
11.17
10.53
9.91
10.34
9.24
-0.44
7.68
9.71
11.67
14.05
10.95
5.64
4.47
10.11
12.73
8.19
3.18
6.51
10.65
11.22
7.5
12.75
17.41
17.76
15.1
12.25
6.63
9.21
13.88
16.39
10.78
10.63
12.67
-1.92
1.75
5.01
7.9
10.07
15.52
12.68
4.62
-14.62
-7.13
10.82
16.12
15.49
10.82
9.7
11.89
8.03
4.01
-0.83
5.31
-3.97
9.78
6.78
10.96
6.91
-1.06
3.09
6.89
14.35
15.64
12.26
13.88
14.58
11.14
11.31
10.51
6.26
11.6
14.47
15.59
13.49
10.35
12.57
4.58
5.12
11.24
14.34
14.23
9.12
1.76
2.04
21.93
16.72
15.49
19.63
15.91
22.02
25.38
25.32
21.14
4.67
9.97
18.94
13.65
15.87
13.58
16.42
18.17
17.39
7.54
15.54
14.03
15.94
22.7
22.22
21.26
21.88
22.64
21.89
11.19
17.02
18.89
17.5
14.12
9.93
9.69
5.35
11.63
20.33
24.48
24.73
18.6
17.39
18.7
9.89
18.35
24.35
22.75
19.42
19.52
25.85
26.46
22.64
24.42
20.46
23.78
19.71
9.46
15.52
19.45
16.35
14.52
2.5
7
4.75
11.23
13.27
22.82
25.25
25.11
22.75
22.75
17.46
12.41
7.93
12.29
17.71
16
4.5
20.1
11.5
21.83
23.46
13.18
20.85
26.91
27.94
22.03
10.08
18.65
22.89
27.27
27.18
26.46
26.2
25.65
25.33
24.05
20.18
14.82
13.79
8.67
15.75
20.46
20.72
18.04
13.57
16.39
22.79
21.39
16.06
22.66
24.21
19.94
21.4
19.06
12.25
22.63
25.63
24.27
22.85
20.54
13.7
14.13
13.85
20.59
27.14
27.22
21.73
22.88
25.88
25.14
23.95
24.45
25.34
28.02
30.27
25.33
13.97
8.53
8.81
15.37
22.06
18.24
19.89
18.28
6.55
21.47
27.32
26.81
22.79
18.57
17.84
22.44
16.57
19.11
23.59
21.22
20.5
25.04
26.09
18.93
19.84
15.78
13.01
16.16
9.08
16.65
10.95
13.16
5.54
22.32
22.56
7.51
19.17
23.37
23.51
26.32
23.91
19.86
22.6
22.17
19.69
15.28
16.13
22.48
24.3
22.55
10.84
21.03
14.77
12.02
20.74
13.31
17.75
17.78
14.64
10.99
16.93
21.15
22.83
22.87
21.88
22.04
25.39
24.63
17.69
22.96
20.85
14.56
9.91
17.21
18.83
16.05
19.35
26.65
27.64
16.73
23.48
24.9
22.91
21.33
18.69
14.99
21.27
22.79
21.08
18.32
15.19
14.07
11.53
16.55
12.83
16.04
1.81
21.37
23.55
18.83
14.12
12.02
10.42
11.72
11.25
12.11
18.86
23.12
20.65
17.95
22.81
22.95
24.66
24.69
18.17
6.46
11.33
17.7
14.01
26.48
26.28
20.36
10.67
18.77
23.37
27.6
28.11
24.14
7.92
18.3
21.44
24.32
24.52
15.61
7.84
8.85
19.57
27.04
24.11
14.45
19.49
17.07
17.01
22.23
20.81
14.08
17.01
25.18
23.4
9.14
21.08
19.16
14.83
13.33
19.33
22.43
20.16
14.22
23.4
25.2
24.98
27.04
27.63
17.69
21
18.78
4.82
3.86
5.7
13.66
17.57
18.27
18.06
19.89
24.31
24.49
23.46
17.8
13.19
8.8
2.53
16.55
19.7
12.67
10.06
15.68
16.06
15.18
14.3
13.93
20.75
22.81
19.34
11.48
1.67
2.4
8
-0.96
9.58
13.67
17.79
19.7
17.78
13.25
16.68
18.08
15.49
-10.92
10.02
11.89
2.37
5.74
13.34
14.79
9.59
16.32
20.16
22.23
20.77
16.4
15.46
11.57
7.93
-6.27
-2.8
5.67
5.4
16.44
12.95
11.87
9.58
6.37
7.79
6.24
11.08
15.97
16.23
11.09
7.98
15.28
13.17
7
13.67
9.96
14.42
19.2
18.32
14.07
4
11.93
8.52
6.6
10.66
10.33
3.63
9.63
15.78
15.72
14.18
11.06
8.14
5.99
5.73
18.64
12.24
13.53
21.9
22.56
20.07
19.49
21.02
17.82
11.75
11.38
-0.91
2.88
6.73
14.86
17.99
16.33
18.11
20.4
19
24.45
21.28
4.62
14.17
16.33
22.99
21.85
11.43
18.07
21.15
17.8
15.76
14.6
17.22
22.85
22.29
19.08
25.18
25.4
18.51
16.41
19.36
17.21
16.26
19.76
20.52
16.13
9.11
14.52
18.85
18.29
22.48
21.03
15.21
15.36
21.77
19.1
13.73
20.4
17.05
10.72
10.64
20.96
20.66
16.6
20.15
19.94
16.96
15.26
12.45
10.14
14.63
15.68
17.6
22.55
24.65
22.84
21.77
23.77
20.7
21.38
24.23
23.1
10.81
20.3
22.72
15.16
12.81
11.97
17.62
19.47
15.29
18.5
18.05
5.77
16.49
22.17
24.34
23.38
22.19
23.36
20.56
25.44
27.74
23.33
11.8
12.92
20.46
19.59
15.06
-2.01
3.17
16.38
13.12
1.85
2.64
4.84
6.66
17.14
21.08
25.02
23.74
20.77
19.11
15.52
11.82
17.77
16.89
19.72
19
18.71
20.82
19.93
18.79
19.87
20.85
18.27
18.24
16.07
19.45
10.21
10.14
19.99
24.02
20.23
18.43
23.15
17.58
15.79
10.29
9.48
17.73
20.55
17.17
12.2
9.7
18.45
24.3
29.39
29.07
23.07
23.37
25.88
21.45
12.85
10.35
17.99
20.71
20.01
21.93
22.64
22.17
23.21
17.43
7.71
13.12
19.88
20.97
18.46
5.25
13.35
8.4
21.87
22.17
20.94
19.44
17.83
-1.8
18.68
25.33
26.38
20.79
21.28
25.03
26.13
26.32
23.38
12.29
11.46
23
24.09
24.94
22.88
18.36
15.63
22.71
25.55
20.88
16.31
21.1
18.82
23.96
25.83
20.85
17.9
11.79
9.54
19.04
21.78
18.17
22.47
24.26
22.22
22.29
19.62
18.89
8.83
20.54
22.92
18.79
13.81
19.78
20.73
12.77
17.65
18.89
10.82
21.2
22.3
23.09
18.02
13.1
15.9
16.69
6.79
13.49
23.69
24.98
21.64
18.81
21.91
21.71
17.02
7.78
12.85
18.85
24.46
24.89
23.37
14.73
12.26
1.65
20.43
23.05
19.34
16.04
17.79
16.91
14.11
7.13
18.59
21.07
19.06
20.91
22.56
19.58
11.43
18.06
21.14
19.13
16.25
17.77
17.95
15.91
14.76
12.05
15.62
19.79
19.6
14.33
4.97
8.25
11.46
17.62
15.34
1.88
15.88
13.3
14.21
17.25
16.28
18.47
14.75
8.22
11.57
11.22
13.91
5.2
15.26
21.14
22.85
20.36
14.34
2.28
11.13
3.95
18.04
23.6
21.57
22.03
21.4
14.91
22.79
27.04
25.93
23.55
24.07
23.89
16.58
14.13
13.07
4.62
15.42
18.87
17.35
16.02
17.6
20.2
21.22
17.95
16.63
14.99
16.43
18.14
16.5
9.92
3.23
16.08
22.98
24.27
22.35
19.8
18.29
18.34
17.06
19.3
23.4
23.6
20.03
16.77
1.37
14.31
18.07
21.79
15.65
5.22
4.58
12.59
17.78
22.41
21.66
17.35
13.77
18.82
21.24
21.62
16.63
9.02
14.87
14.53
7.92
12.96
14.02
17.45
19.82
18.37
11.8
3.5
13.73
17.77
18.35
22.87
21.5
4.93
17.14
3.9
14.89
13
14.43
16.68
11.81
16.89
22.14
28.56
27.63
14.58
18.59
17.97
15.5
15.22
-1.97
9.64
13.45
15.72
12.66
17.82
20.12
19.54
20.51
20.43
15.21
16.7
21.07
17.29
20.8
20.02
11.93
18.51
20.31
18.69
11.38
23.12
27.5
24.04
16.12
19.92
17.53
20.62
16.73
7.25
9.3
20.44
22.73
20.94
11.53
14.45
17.21
11.06
22.62
20.91
17.9
20.95
23.92
24.44
22.75
23
20.63
11.07
17.72
16.33
11.39
14.31
23.02
24.27
21.37
17.36
16.53
17.77
17.2
18.52
16.52
16.53
20.87
21.08
22.69
14.15
20.65
22.69
20.28
19.55
7.3
15.33
4.64
20.64
24.82
15.09
18.66
20.03
20
9.4
18.74
21.16
25.19
24.83
13.92
18.63
19.73
16.45
18.74
10.02
14.35
8.94
20.69
18.4
5.85
7.34
7.58
13.16
4.66
20.09
24.86
22.75
22.33
17.77
22.9
22.14
5.51
21.44
21.92
23.9
22.2
13.82
18.45
18.87
18.33
17.55
21.96
22.92
23.33
26.87
24.61
19.63
25.58
30.31
26.64
22.75
23.25
18.44
11.89
16
19.25
11.62
24.18
28.9
23.08
23.29
23.1
14.96
17.12
21.72
20.61
18.67
30.08
34.96
31.56
19.82
13.92
26.78
26.75
16.84
9.1
3.29
21.85
26.52
23.05
18.64
20.27
13.55
18.09
12.29
21.01
20.67
22.56
24.11
21.78
24.53
13.54
29.94
42.18
44.62
38.28
26.88
21.62
9.11
16.15
14.34
12.85
15.14
21.78
19.08
18.36
4.78
22.59
20.96
15.6
12.21
20.68
18.26
12.75
17.95
21.04
14.55
17.38
18.18
15.67
16.07
27.7
41.69
44.69
39.2
27.05
19.84
9.94
8.59
18.53
17.21
9.9
0.35
15.69
21.2
23.22
27.64
26.91
19.87
8.13
15.34
25.28
26.91
28.3
33.44
32.17
23.87
14.03
3.38
21.18
26.75
24.52
22.27
22.8
19.98
21.79
20.55
9.63
15.39
22.27
24.74
18.07
18.87
25.56
26.48
15.49
23.62
25.67
27.38
27.84
19.95
4.15
23.37
37.19
40.99
35.94
17.6
20.29
22.3
25.55
26.86
23.73
21.66
9.01
24.1
26.69
35.89
36.52
26.89
15.03
17.98
23.2
25.51
23.45
24.75
25.97
23.95
12.59
23.58
21.8
22.23
24.25
17.87
35.72
43.23
41.47
31.56
16.32
20.58
24.24
22.08
23.72
20.48
9.09
25.19
27.58
26.67
25.93
14.92
19.69
20.42
25.9
25.97
21.76
15.09
8.15
17.1
12.99
13.52
13.37
18.04
15.43
17.11
19.15
12.1
19.11
25.7
22.1
20.84
21.14
13.85
9.09
20.43
23.07
14.4
10.18
14.21
17.74
14.58
11.04
18.82
10.21
21.15
23.25
22.7
37.47
41.91
36.65
14.64
-2.68
12.35
21.45
11.62
22.26
24.55
24.19
27.49
25.5
18.84
12.48
15.23
18.28
23.31
23.31
19.82
21.59
22.43
23.96
23.5
23.03
20.27
14.03
20.72
22.55
19.57
19.93
14.15
17.62
20.7
25.99
30.31
23.73
18.29
20.5
16.29
15.18
12.04
22.8
22.8
24.58
28.41
23.31
19.45
14.69
22.35
21.84
18.56
12.81
18.7
24.81
25.64
28.05
29.85
28.65
25.97
27.74
18.78
21.67
19.81
18.74
26.81
28.25
24.49
20.94
20.24
19.95
22.28
36.85
41.92
37.94
21.69
25.42
22.16
21.71
25.03
12.92
25.12
22.56
34.66
33.66
13.86
21.22
19.15
28.85
28.96
36.23
37.94
31.67
21.13
15.97
24.69
23.78
10.47
15.31
9.61
24.29
26.15
32.53
35.45
33.16
21.9
19.79
20.6
15.12
17.79
15.67
26.46
31.66
32.16
30.05
4.18
26.52
16.95
23.63
27.46
31.2
30.46
31.51
32.98
30.02
18.54
15.85
27.6
28.51
27.38
27.4
24.33
28.94
32
31.84
28.73
22.76
23.58
27.82
27.81
12.8
25.58
24.74
14.29
17.39
18.28
13.55
23.85
20.67
29.95
44.45
49.69
45.98
29.48
28.69
31.47
29.43
23.33
31.38
45.07
49.13
44.89
31.33
16.13
23.64
25.48
18.55
25.19
30.02
31.27
28.59
23.36
29.77
28.69
29.93
29.88
14.44
17.12
27.78
30.1
30.3
27.83
27.78
30.07
32.37
33.47
30.04
27.37
27.72
27.1
27.77
29.05
28.42
22.32
23.58
27.34
26.77
28
28.16
28.84
28.22
22.8
22.68
27.2
28.35
19.97
17.31
10.81
22.85
17.81
20
23.11
19.48
26.01
30.76
31.13
26.71
25.16
25.63
27.77
26.84
20.78
21.4
21.95
19.13
26.98
27.33
22.69
12.88
17.37
29.06
31.33
25.94
24.9
30.18
29.31
25.15
17.09
13.57
17.2
20.05
26.1
23.59
21.94
15.9
-0.22
17.25
18.11
10.19
17.21
12.61
-1.29
11.99
20.55
24.04
18.76
19.46
26.14
29.14
27.12
30.09
33.09
32.47
30.34
28.13
25.97
26.07
25.95
19.15
21.83
27.53
29.87
31.01
31.42
27.31
24.32
27.98
25.6
19.37
18.04
17.36
29.05
33.25
34.84
34.75
31.11
23.39
23.12
26.76
26.32
25.42
27.01
27.52
27.72
30.87
22.4
29.22
32.59
29.6
25.45
22.45
20.18
29.88
28.03
27.84
29.29
28.6
28.13
29.41
28.45
29.6
29.52
27.12
25.3
17.58
23.07
29.22
30.33
26.75
18.49
21.1
25.6
27.84
24.9
15.18
23.83
28.38
27.5
20.24
19.17
25.44
24.53
22.58
22.44
21.93
29.43
32.48
32.95
31.74
28.67
18.94
14.71
18.17
19.37
10.8
17.47
21.99
17.27
10.39
19.43
22.62
21.68
23.94
22.46
18.49
21.99
26.77
28.42
22.81
22.83
24.3
23.09
17.03
5.83
17.39
17.65
14.27
15.16
15.77
19.91
23.35
21.03
15.71
20.76
23.75
22.72
17.81
11.33
18.59
17.56
5.48
24.37
25.47
23.73
22.62
25.08
28.58
28.94
25.77
22.8
23.54
13.99
22.38
23.43
15.25
16.7
22.49
13.3
17.88
22.94
21.51
18.33
25.79
26.93
24.82
21.69
22.4
21.73
17.12
22.07
27.24
25.7
19.68
19.79
21.64
21.47
25.61
24.17
21.5
25.28
25.82
24.05
22.81
21.16
20.27
23.64
28.2
32.03
31.43
29.13
28.68
29.02
28
24.93
12.26
17.66
17.02
12.27
19.17
20.31
24.34
26.16
26.83
24.93
12.73
23.17
26.88
28.22
26.76
22.73
17.96
13.32
4.57
9.03
12.8
13.6
14.16
14.67
10.64
14.43
13.2
16.68
23.35
24.63
6.61
22.4
19.87
17.57
17.94
25.84
27.15
30.76
32.6
25.85
19.12
27.42
30.16
32.36
33.74
31.94
27.92
25.49
23.2
17.41
17.32
26.39
27.47
26.76
25.9
16.22
23.64
28.14
30.81
30.53
23.5
15.64
25.83
26.03
22.48
16.96
25.51
28.2
30.74
26.58
21.84
8.14
23.86
20.34
19.23
23.79
16.31
16.67
16.64
24.55
26.55
23.69
18.68
28.55
32.8
32.7
30.49
26.34
3.78
23.84
25.22
21.84
11.07
11.41
19.03
14.44
19.27
24.97
26.97
27.06
23.69
23.65
27.12
29.29
34.78
38.37
34.98
27.33
25.74
21.77
28.5
27.44
29.68
31.42
26.52
16.72
27.16
29.34
28.2
27.04
29.42
26.67
23.54
27.89
28.64
26.75
27.9
26.87
19.57
21.62
27.52
28.88
26.62
26.76
28.38
27.08
22.27
24.76
29.96
28.24
23.92
21.67
25.84
29.23
32.47
31.06
22.4
11.81
24.32
25.8
20.22
28.33
30.22
29.93
28.32
27.72
25.39
18.07
20.79
29.83
29.07
20.02
20.98
20.41
19.95
20.71
12.27
19.64
21.31
6.01
20.44
27.25
30.75
32.12
31.79
30.56
26.57
22.03
23.01
24.13
15.35
21.65
27.18
27.72
23.78
23.9
23.26
11.3
19.49
20.4
17.38
19.78
19.16
20.57
23.36
23.77
20.79
15.42
23.12
27.37
26.01
23.56
24.27
24.15
21.24
21.89
25.95
27.77
28.86
28.64
27.09
27.35
26.71
21.9
21.65
21.4
26.21
28.83
23.42
19.95
25.49
27.27
26.16
21.98
18.27
12.42
12.11
21.74
25.4
25.99
24.33
23.03
23.31
22.43
17.94
18.57
21.41
8.69
18.46
21.16
15.7
21.1
25.7
11.1
16.64
22.98
26.9
27.18
27.47
22.77
15.36
17.11
20.74
18.55
13.47
21.54
22.23
18.37
19.59
24.13
23.33
19.96
19.79
22.5
21.14
22.4
23.46
20.07
17.93
22.42
23.87
20.61
9.2
6.7
6.92
6.03
16.89
23.24
25.62
26.31
22.47
12.34
16.64
21.2
19.23
17.31
19.97
20.53
21.05
21.62
13.76
18.94
22.7
22.25
16.08
1.06
11.89
8.51
20.15
23.44
23.3
22.49
15.36
10.58
14.4
6.36
5.6
9.71
12.65
14.56
15.53
17.44
4.77
17.09
19.84
15.77
17.13
15.43
10.66
6.97
17.81
17.78
16.74
16.65
12.93
11.28
17.5
16.59
11.27
18.23
15.53
20.83
24.13
23.34
23.7
17.49
12.05
21.4
22
17.22
10.38
17.12
15.38
20.85
15.99
14.55
18.83
21.34
24.58
25.85
18.94
17.76
20.23
20.25
21.67
20.48
14.13
16.55
19.4
17.41
23.22
21.41
6.43
21.62
20.61
18.68
18.03
18.1
20.09
18.8
14.02
6.8
19.68
19.64
21.11
21.58
12.48
10.38
7.13
18.92
24.35
24.11
19.02
13.51
13.53
14.68
17.86
15.67
14.21
17.4
15.85
13.83
11.61
11.98
22.5
24.73
16.56
15.23
20.09
20.23
20.4
21.54
22.26
23.87
23.23
17.48
13.71
12.07
9.55
19.63
24.12
21.53
13.27
17.41
18.69
16.49
18.49
18.09
15.31
12.54
16.23
21.17
25.25
26.07
22.07
10.72
9.24
12.43
17.41
19.39
17.89
4.36
13.28
19.61
12.62
19.2
21.25
12.26
13.83
13.83
0.87
16.25
15.52
6.6
17.64
23.98
25.51
23.84
14.78
16.16
15.09
14.84
21.34
22.38
18.37
16.85
21.01
12.59
21.75
24.49
13.55
22.34
23.01
23.32
19.93
21.73
16.8
17.46
18.18
17.75
26.13
24.79
19.62
23.63
24.81
24.62
19.53
13.93
15.43
19.36
18.37
13.95
17.7
20.86
20.7
19.58
18.72
15.34
21.33
22.51
21.56
22.67
19.89
0.34
23.07
22.84
8.83
22.56
21.42
22.8
20.97
9.54
12.11
-0.58
16.3
23.14
21.76
6.11
21.52
17.21
24.28
27.45
25.05
13.91
16.1
19.55
13.78
11.76
18.46
17.62
11.36
4.41
2.21
3.46
14.19
14.27
26.23
27.71
22.7
16.05
13.53
18.77
19.42
17.63
23.83
24.71
21.14
19.01
10.61
15.56
21.96
21.39
21.97
27.8
27.96
24.9
15.8
17.07
18.46
18.75
15.2
15.11
25
25.69
20.62
12.08
17.75
7.25
19.01
20.43
21.52
13.41
22.21
23.33
6.35
9.84
19.36
18.1
17.8
20.84
15.13
33.37
37.36
32.27
-6.77
24.58
24.03
17.29
16.57
18.87
15.49
17.31
24.49
25.67
22.94
19.28
23.24
23.56
17.21
19.05
19.1
16.66
21.15
22.49
10.11
18.78
20.51
13.71
-4.52
11.2
16.36
12.5
10.3
13.01
17.48
20.97
22.06
15.72
16.78
23.04
24.32
21.26
16.07
10.7
19.94
20.76
18.39
20.82
22.71
20.38
11.48
20.43
21.62
22.63
23.56
16.28
19.17
23.29
22.93
16.49
11.61
14.5
8.69
18.35
12.64
15.43
19.43
8.19
22.41
23.9
17.29
6.32
17.89
21.32
22.32
21.97
15.63
22.31
28.17
26.1
19.56
16.19
18.61
10.27
8.53
12.83
6.8
10.04
21.3
25.14
25.88
23.12
15.37
16.35
17.39
10.05
8.83
15.7
21.68
24.26
23.46
16.93
5.27
15.94
15.76
16.91
14.83
21.87
23.55
22.42
7.85
20.18
22.64
21.02
20.37
18.26
22.12
24.92
27.24
24.71
22.42
18.37
13.77
22
20.58
15.16
21.3
18.88
16.7
13.65
10.65
15.22
13.88
11.83
16.92
6.3
17.84
16.34
4.45
14.16
17.73
18.11
4.37
14.15
18.15
20.82
23.91
23.16
16.39
15.98
8.04
18.53
21.12
20.62
18.04
19.93
18.61
19.02
19.04
16.4
15.58
17.96
21.84
18.83
8.6
20.59
25.12
23.13
18.15
16.78
18.75
19.69
15.48
11.18
13.17
14.84
21.47
25.12
21.16
16.48
11.07
15.26
20.91
17.39
13.66
18.3
11.04
10.76
12.96
15.94
8.54
12.96
21.11
22.21
19.01
11.09
7.94
15.13
15.85
12.17
14.92
18.47
11.43
14.43
-1.32
18.62
19.89
4.47
12.77
11.04
12.56
17.47
16.93
12.33
12.62
11.07
20.8
22.72
16.73
16.34
19.61
15.7
16.75
18.53
19.24
19.22
15.79
14.69
13.02
18.27
20.38
9.57
17.79
16.57
10.03
7.82
-10.15
7.49
11.53
14.81
17.3
16.67
14.44
15.25
14.36
14.92
17.12
16.86
13.65
12.21
17.71
20.14
3.69
21.92
19.56
16.87
10.28
13.61
15.52
14.97
16.81
16.46
16.63
16.17
14.87
10.35
13.06
21.54
21.08
16.88
17.4
14.36
15.37
16.08
12.2
9.95
6.3
13.29
9.39
7.47
14.28
15.82
18.23
20.07
14.9
15.6
14.03
5.22
10.27
12.16
11.92
18.34
19.05
16.05
12.87
4.85
10.56
4.99
15.78
20.54
19.44
17.44
19.42
14.52
6.15
7.9
12.44
12.97
12.81
18.27
17.43
14.21
19.87
22.65
21.49
20.13
16.11
14.59
11.44
9.39
1.03
8.59
10.35
11.72
14.78
16.01
13.05
7.97
12.15
13.26
13.98
6.6
11.83
10.59
-10.67
9.49
17.03
15.71
3.82
17.22
12.77
11.8
16.18
-0.67
13.71
11.39
5.72
13.5
10.68
12.58
16.18
16.85
20.7
18.81
15.26
17.9
17.96
15.09
4.77
15.41
16.6
6.38
8.34
2.05
13.59
18.58
12.55
6.82
7.84
11.69
14.49
2.09
4.79
9.63
14.5
15.61
10.63
12.8
13.08
11.23
13.83
11.93
15.92
15.97
5.53
9.63
13.29
13.58
14.61
14.19
17.45
17.77
11.54
10.37
11.14
10.7
15.68
17.69
19.36
17.34
11.62
14.15
13.4
11.45
19.46
20.71
8
14.44
13.76
12.91
8.29
14.14
-0.52
1.25
9.72
13.02
14.99
8.18
1.2
2.99
11.67
7.86
6.15
15.08
8.65
16.63
19.06
18.63
19.54
17.49
5.49
14.02
17.79
19.83
17.65
8.13
11.22
8.52
10.97
4.8
10.1
10
14.95
15.99
10.63
1.21
14.73
17.9
16.17
9.29
0.63
9.04
13.43
16.66
13.4
14.92
14.14
-2.9
8.7
15.42
17.19
14.26
8.8
12.89
11.01
6.4
10.19
21.11
21.44
16.96
6.56
8.13
12.22
12.48
11.24
15.41
9.64
15.12
16.68
-4.63
10.49
11.61
17.71
16.13
12.96
9.82
7.78
8.42
12.64
12.52
10.83
0.81
8.93
13.73
15.04
6.46
12.87
4.1
15.83
21.39
22.77
19.68
12.75
14.26
11.44
15.15
13.48
12.43
12.22
-1.09
13.14
15.21
4.4
9.01
8.05
10.86
9.58
10.16
16.81
15.19
16.03
19.78
19.52
16.54
15.14
13.12
4.86
15.62
16.61
11.89
5.71
10.92
14.25
15.72
19.04
19.93
19.6
16.91
13.54
16.71
15.45
10.81
8.81
15.66
12.47
15.18
16.5
17.44
17.66
8.95
13.95
17.77
14.76
9.58
7.46
7.99
5.15
3.87
9.22
18.97
17.19
12.24
12.38
12.49
13.2
0.14
-1.11
12.87
17.43
5.72
14.62
19.21
16.18
5.91
8.88
14.9
11.86
5.04
3.7
7.03
7.34
8.98
14.57
15.11
10.76
10.33
10.54
11.92
8.15
6.84
10.13
20.37
22.61
19.19
9.43
13.74
12.43
15.06
17.71
18.68
16.56
6.99
0.95
4.02
13.76
21.77
22.95
16.57
10.28
10.01
5.34
15.67
18.28
17.66
15.79
10.72
7.8
15.05
12.46
5.52
13.01
7.76
10.91
13.95
12.81
13.87
-2.36
12.29
8.09
17.33
16.49
15.15
12.77
11.43
7.4
5.34
13.22
15.62
15.13
13.62
12.59
11.16
15.48
14.96
10.28
6.63
2.83
6.28
5.24
1.67
6.04
7.87
0.78
12.22
10.11
8.26
19.02
17.14
20.96
18.78
9.97
5.13
4.77
2.6
13.13
15.53
10.85
13.52
20.68
21.94
13.51
8.24
15.13
16.01
12.98
13.34
13.6
4.8
11.76
18.7
15.91
20.34
20.48
15.65
14.43
18.93
17.15
13.6
17.57
19.83
19.28
18.98
18.07
11.76
10.15
1.86
11
12.61
15.91
15.18
15.11
21.76
23.81
20.01
17.89
19.38
10.87
9.12
7.44
12.37
14.45
-10.34
12.22
16.08
15.97
15.64
16.26
17.57
16.98
9.82
13.41
21.3
20.79
15.07
14.99
16.46
18.94
17
9.88
10
11.58
16.41
17.37
18.48
20.28
20.19
20.87
21.3
17.47
15.8
14.11
16.52
22.18
23.02
21.11
14.59
11.65
-0.14
10.93
21.04
22.57
14.68
10.85
16.75
20.7
19.31
17.47
19.94
21.4
20.07
12.83
6.18
12.26
16.85
10.33
16.74
19.53
12.57
10.79
18.02
19.01
18.41
17.31
15.28
17.96
17.44
16.12
19.91
17.44
12.34
19.53
19.26
17.54
13.59
10.89
17.61
19.28
18.88
20.75
21.7
21.61
16.82
17.8
22.61
21.48
12.07
9.27
9.81
5.34
9.9
12.8
15.22
11.56
11.03
15.09
19.14
21.46
21.97
22.04
22.75
22.9
22.03
19
15.38
14.45
10.62
12.74
17.67
18.88
14.59
17.52
22.91
23.92
21.66
18.14
18.7
20.2
22.98
24.15
20.17
16.81
14.17
19.46
22.56
20.33
15.75
16.45
21.24
22.77
22.64
22.64
22.13
22.1
24.52
24.21
17.39
17.68
18.81
17.76
20.11
22.36
23.39
22.35
21.3
17.97
15.88
16.02
16.78
19.46
22.45
21.77
21.35
24.24
23.43
9.29
18.59
13.78
18.14
15.89
17.63
19.81
14.72
8.32
15.73
18.71
13.1
17.38
21.23
22.77
16.31
13.48
17.95
20.94
22.91
21.24
19.9
22.43
24.45
24.17
23.54
19.11
13.21
19.89
19.92
18.57
20.52
21.43
22.09
20.56
22.24
23.2
21.28
22.63
24.12
22.96
20.54
15.23
7.11
18.49
15.23
4.57
20.07
23.44
22.64
22.04
25.22
26.69
26.91
25.67
24.35
22.08
15.2
12.96
19.68
22.12
21.05
11.55
12.45
19.63
21.82
19.33
18.71
17.86
24.25
25.57
20.98
10.3
19.8
18.76
14.7
17.73
24.93
25.11
18.93
3.14
13.32
14.69
19.44
21.37
21.27
22.72
21.7
19.88
19.39
13.67
16.25
19.02
22.81
22.25
13.43
16.77
16.73
7.87
19.66
18.18
15.82
15.41
17.42
21.68
22.07
23.4
23.66
22.53
21.02
17.69
13.28
15.58
12.51
10.37
17.04
21.11
19.93
20.61
24.13
24.31
22.06
22.45
24.6
23.02
17.72
16.35
17.91
21.11
22.59
22.37
20.26
16.54
15.85
20.8
22.36
23.86
23.53
22.67
22.79
23.09
23.49
20.96
18.11
18.66
23.71
25.32
21.38
19.34
22.47
20.75
16.39
19.73
22.55
23.14
21.7
21.12
22.39
22.37
22.06
21.95
23.2
22.62
20.13
19.58
16.99
14.25
20.62
25.26
26.23
23.21
19.26
16.97
17.3
22.69
21.6
14.98
16.93
22.53
22.88
16.88
15.02
19.61
22.42
20.02
15.11
13.3
18.06
16.95
9.07
16.7
20.02
13.44
14.86
18.77
17.81
13.99
10.75
-0.01
16.5
20.57
18.74
15.29
18.82
17.3
-18
15.96
17.92
20.1
22.18
21.77
17.49
18.6
19.82
19.94
20.93
20.7
21.42
19.51
16.86
17.56
16.3
13.24
9.73
13.1
17.3
19.27
18.91
19.27
16.85
3.66
17.07
21.79
18.83
22.7
23.04
21.16
22.45
19.33
18.41
21.76
21.65
19.17
20.5
17.37
-2.98
11.42
-10.34
15.65
18.43
11.15
14.18
19.62
20.04
16.02
10.25
11.01
2.68
18.06
22.45
22.13
17.56
12.43
15.93
20.02
20.71
11.11
19.89
19.04
14.54
15.41
15.48
16.66
20.41
23.12
23.76
21.93
19.78
19.98
19.78
18.47
16.71
12.74
19.5
22.75
22.3
17.86
6.23
3.37
4.67
14.7
15.43
-10.61
15.76
17.88
13.14
1.62
13.16
18.76
10.39
7.93
12.58
16.71
17.03
17.86
16.4
8.88
14.68
14.93
9.75
12.27
21.55
20.44
12.15
11.87
14.83
15.29
15.75
16.68
12.21
11.57
16.29
18.34
18.51
20.03
18.15
12.63
6.82
4.49
6.47
11.71
13.36
20.93
22.68
11.36
17.39
17.64
13.5
14.24
18.22
19.44
17.33
18.14
17.68
14.54
8.96
11.21
15.71
7.8
10.13
17.64
14.48
6.98
19.78
19.86
11.67
10.52
10.81
2.81
13.2
14.74
-1.41
10.81
2.28
8.73
17.14
18.59
11.22
9.14
10.83
10.24
10.55
2.6
9.09
15.16
6.02
15.22
19.03
15.63
10.69
21.53
19.27
11.31
16.17
5.88
11.96
15.79
13.22
9.31
10.58
13.82
13.35
19.1
24
22.6
10.31
8.96
8.51
-0.16
11.75
8.27
5.32
4.92
14.74
13.13
11.73
17.65
15.59
8.23
16.91
11.81
15.03
20.35
12.92
15.72
16.4
13.42
12.95
15.08
6.55
12.95
15.01
17.69
15.1
8.15
4.45
5.41
6.43
11.89
11.4
10.57
15.52
3.13
11.17
14.91
13.97
12.91
11.74
6.06
11.51
16.41
18.28
14.22
10.27
12.95
17.04
8.2
18.39
21.33
16.84
8.87
9.5
11.89
16.61
2.24
8.34
8.35
10.62
14.91
12.53
11.14
3
10.26
14.37
20.57
21.28
13.48
8.69
12.73
7.83
19.11
15.41
16.8
22.24
14.69
19.93
19.21
21.34
14.3
15.2
15.26
16.89
18.08
16.61
14.09
13.93
11.77
9.35
5.33
16.17
17.29
15.79
8.45
13.63
16.83
-2.93
14.39
17.25
15.27
15.24
19.6
18.88
21.27
24.92
23.05
12.29
16.7
19.82
16.47
17.67
18.33
13.25
18.88
15.02
15.83
13.57
14.69
14.93
19.82
18.79
18.86
14.38
1.45
11.91
14.06
6.55
15.46
15.83
2.7
6.64
0.03
16
20.44
18.67
10.66
9.86
13.74
8.18
15.76
10.26
16.45
9.74
16.34
17.18
4.86
16.29
17.79
16.89
6.81
15.05
18.32
9.8
9.57
7.47
11.84
9.68
8.66
13.13
12.28
6.07
12.37
14.85
7.68
-7.4
14.78
14.4
7.49
10.56
12.68
13.27
-5.86
9.72
11.64
13.83
19.76
16
10.51
10.76
7.63
10.55
13.92
14.77
9.04
17.3
20
20.93
9.52
16.41
13.7
18.42
14.23
17.12
14.84
18.74
20.13
16.78
4.7
15.04
17.41
14.11
5.57
9.56
14.95
10.37
2.67
3.58
7.64
10.91
8.67
11.05
14.44
14.59
12.18
4.7
12.27
12.87
10.64
-2.46
12.48
15.39
15.18
13.6
11.25
10.35
16.29
17.07
9.4
13.76
8.64
9.52
7.37
-1.56
-8.87
7.53
0.67
-5.91
10.25
17.8
17.43
14.06
13.55
9.42
1.54
5.86
4.01
5.93
11.03
14.13
15
13.32
0.85
11.46
12.95
13.04
14.47
11.65
1.55
9.11
3.14
7.81
11.09
7.13
-3.43
11.38
19.25
19.26
14.19
12.53
16.34
17.25
15.91
16.35
16.74
17.86
14.74
7.7
10.5
8.55
9.44
16.86
16.67
13.37
8.26
6.38
12.06
13.73
14.55
14.57
10.57
13.31
16.95
17.18
15.51
15.88
18.76
18.87
14.78
7.75
9
8.31
9.54
16.06
20.25
18.46
-7.48
16.67
19.73
17.01
6.7
6.61
15.84
19.29
18.15
12.87
12.11
5.61
12.28
15.26
15.36
16.75
15.67
15.76
11.74
-0.83
10.56
14.14
14.29
10.44
6.05
13.46
14.44
9.43
-1.33
4.92
12.1
12.57
14.17
14.1
14.53
15.09
16.56
18.46
19.8
17.19
9.15
-14.79
6.46
13.03
13.61
13.49
16.75
18.31
18.89
21.18
21.06
14.09
15.03
18.48
14.09
5.22
15.15
14.77
10.03
5.46
-1.49
9.18
7.93
3.94
3.81
9.81
11.14
16.07
18.14
14.21
3.51
-15.48
7.55
7.74
13.88
13.06
2.42
-6.71
-3.08
6.77
14.92
17.03
18.66
16.47
-2.86
17.02
21.31
17.62
2.08
-0.2
11.1
10.78
14.03
13.46
11.77
13.34
15.87
15.6
14.36
4.97
7.44
12.23
10.15
11.5
12.27
7.26
10.9
10.24
17.62
18.57
16.54
12.19
9.18
11.75
14.15
15.86
14.02
7.98
17.02
15.57
11.88
16.82
14.58
2.55
10.59
10.97
11.53
13.73
12.55
16.42
15.92
9.46
8.78
6.2
11.82
12.45
15.83
14.94
13.24
15.38
16.27
15.12
12.35
13
15.51
14.48
12.99
10.49
4.84
-6.05
1.38
13.48
12.38
-1.43
-0.42
3.55
12.98
14.31
8.86
5.74
2.33
7.74
8.28
14.06
14.6
7.74
6.81
13.54
16.16
15.62
11.47
6.89
19.76
21.14
13.23
12.2
16
12.58
13.32
15.66
15.1
9.32
10.8
16.26
13.69
11.89
16.18
17.5
13.71
4.33
15.74
21.47
21.75
18.77
17.11
15.83
12.11
10.31
15.28
17.72
13.92
11.44
12.09
12.84
9.35
11.24
14.23
15.52
16.17
14.58
11.4
8.89
15.08
16.46
13.65
9.07
15.24
17.45
17.16
13.28
10.72
15.45
13.53
6.72
-4.75
3.76
2.71
5.78
4.84
0.69
2.06
8.6
-0.25
8.53
13.79
11.03
12.08
15.3
15.4
11.45
6.97
11.3
15.62
14.58
3.31
2.36
-3
13.53
14.21
-4.31
11.6
14.86
11.08
6.87
9.05
6.93
14.2
7.21
10.39
13.35
9.42
5.55
7.81
12.57
11.08
3.54
-3.51
4.94
3.83
-0.92
10.39
14.41
11.43
9.59
15.43
11.46
2.84
9.84
9.64
8.49
-1.81
-2.39
11.02
14.72
12.29
-3.7
9.55
11.97
10.05
13.9
13.33
16.94
13.92
0.95
6.6
14.93
15.55
10.01
6.86
5.05
6.86
12.11
11.3
9.17
17.01
13.23
5.2
-3.47
3.57
9.05
7.93
14.22
13.48
8.98
9.73
13.65
14.52
12.27
10.83
12.82
14.22
13.51
11.49
0.55
7.52
13.78
12.09
-6.19
3.23
12.3
16.93
17.25
17.54
19.84
19.06
12.64
9.63
12.99
17.51
20.75
20.9
18.3
8.04
11.38
9.85
-3.51
8.79
18.66
21.49
19.24
15.32
12.29
0.64
4.2
-12.78
11.67
13.21
0.16
5.8
5.6
1.55
5.55
11.5
15.01
15.2
8.09
10.7
15.16
10.12
8.07
15.73
15.28
10.66
12.04
7.83
-9.02
6.93
3.62
10.51
5.45
0.52
7.56
10.49
8.87
13.22
18.32
17.02
12.47
8.22
9.99
9.23
7.37
13.88
18.56
17.51
2.59
14.22
14.32
11.54
14.03
19.6
17.51
11.66
9.63
6.13
12.55
10.05
14.98
17.77
9.8
13.03
12.26
4.98
16.7
15.42
-1.75
7.54
1.81
9.38
15.43
15.61
13.44
13.38
8.66
17.36
21.52
18.91
13.63
13.81
12.66
14
16.86
11.19
-1.6
13.55
17.15
13.3
9.93
10.61
15.86
17.01
10.9
8.8
16.35
14.63
12.48
13.67
5.37
14.25
17.33
15.67
10.17
5.82
9.86
18.41
21.32
18.83
6.76
16.23
14.43
8.94
10.55
12.38
13.71
11.79
5.52
17.66
22.38
19.49
15.38
11.4
9.85
14.01
11.55
12.59
10.03
-4.64
8.12
9.27
12.66
14.34
13.96
15.91
19.39
18.47
11.1
12.33
14
11.69
5.7
13.71
17.38
11.96
8.42
8.91
11.4
11.99
7.72
-1.4
-2.04
8.12
13.61
15.01
17.36
14.97
9.92
9.29
4.06
6.15
7.64
8.4
19.45
18.51
5.37
9.76
18.14
18.67
8.91
13.84
16.82
11.93
13.22
18.07
17.23
12.85
12.62
13.8
11.76
7.61
12.52
14.51
10.19
0.47
10.3
12.88
13.22
10.43
12.06
7.27
-8.6
8.46
11.97
10.83
16.66
12.41
11.92
10.92
11.87
12.7
14.21
-4.64
16.44
17.21
6.28
12.47
8.86
8.04
16.45
19.62
16
-0.36
11.87
16.02
13.54
-1.17
12.36
11.91
6.75
16.94
16.88
13.07
12.09
15.77
16.91
11.29
-1.73
3.14
10.53
15.45
17.08
16.54
8.81
12.32
9.53
11.98
11.26
16.8
20.1
19.44
16.63
11.57
6.21
1.19
8.56
-0.65
13.7
18.04
13.31
11.53
5.08
15.75
16
10.93
15.27
17.54
15.1
15.56
16.37
11.5
2.04
8.98
13.01
13.66
14.97
16.25
13.63
1.52
10.94
15.93
14.11
0.94
5.06
5.38
11.51
10.81
2.64
12.1
15.4
17.1
10.65
13.95
13.59
11.61
17.69
16.43
15.47
14.37
9.31
11.87
11.85
-1.04
15.39
19.57
20.24
18.83
16.46
13.85
6.75
6.89
10.39
5.62
-5.98
7.64
-4.78
9.28
13.35
17.94
16.45
11.02
12.48
15.08
9.35
4.24
11.81
8.01
10.54
16.98
15.85
11.63
10.84
13.82
16.76
17.66
12.49
12.37
12.65
10.2
17.43
15.79
16.92
20.88
21.06
16.22
10.13
10.77
14.63
11.27
8.45
13.23
18.56
17.8
12.69
3.73
11.38
9.37
-0.08
6.12
1.02
3.58
3.84
9.19
9.42
-1.37
-2.47
1.48
7.36
10.65
9.54
4.52
2
11.71
12.96
14.02
12.55
10.04
8
8.43
1.72
6.05
6.73
8.4
9.12
13.42
12.18
5.8
1.41
2.95
-1.69
7.05
6.5
8.85
12.49
14.36
14.61
11.35
12.44
16.24
13.58
8.09
9.16
7.74
8.19
10.98
12.44
11.59
11.27
11.79
15.69
15.36
15.98
15.53
13.91
13.05
13.38
10.58
13.62
12.85
9.76
11.16
16.06
16.97
13.66
5.26
11.03
1.87
3.58
8.41
14.29
14.22
12.44
15.72
-4
16.89
19.36
17.21
0.15
14.76
13.99
13.05
12.64
15.29
17.95
19.29
20.49
19.97
18.14
14.11
-2.22
14.38
14.5
9.64
8.24
9.85
10.78
12.06
9.44
8.45
13.76
7
4.78
9.21
12.79
15.98
16.3
12.93
11.25
6.69
11.39
13.38
14.15
14.49
9.81
11.1
4.71
7
7.91
3.51
15.53
15.34
14.32
8.12
-0.54
8.26
-0.34
12.97
16.78
14.12
0.73
6.45
11.66
12.29
10.36
4.02
11.84
13.89
18.9
16.68
13.47
11.23
12.28
9.03
13.67
18.54
20.16
17.13
10.19
17.15
14.14
1.74
9.95
14.9
15.33
7.52
6.75
6.09
-0.36
-0.05
11.53
17.59
11.25
7.4
13.58
12.11
5.43
9.19
13.39
15.19
13.14
11.92
5.29
10.42
14.41
16.66
12.93
7.19
9.52
9.72
13.77
14.77
16.67
17.18
15.77
11.02
6.24
11.36
13.3
8.01
10.36
13.7
14.39
12.55
9.91
13.35
17.21
18.21
13.39
10.44
13.23
11.32
1.77
0.32
12.72
14.99
14.11
11.58
12
8.42
9.53
12.42
14.99
15.2
12.35
3.11
14.7
13.21
7.17
14.28
15.41
12.8
11.71
-4.43
3.28
10.98
16.09
12.88
7.66
6.6
9.52
13.47
14.71
10.13
0.61
6.05
5.04
6.14
7.26
7.66
13.77
12.35
11.84
9.88
-6.01
2.71
-2.12
6.47
8.15
9.99
4.4
7.83
11.71
11.84
6.96
2.45
1.88
2.26
2.16
9.11
14.73
13.97
12.87
10.43
-4.58
5.17
5.92
13.25
15.68
13.35
2.07
-6.68
10.08
16.92
16.87
10.92
-2.36
5.71
4.92
16.09
13.87
-2.15
6.3
13.45
8.75
5.71
11.62
12.96
4.87
15.52
3.27
15.02
18.09
18.36
17.86
15.88
12.69
10.96
9.81
12.04
11.19
12.78
8.16
6.65
7.29
9.22
-7.39
11.53
13.34
10.69
2.17
3.04
3.7
7.81
10.07
12.32
7.11
7.24
14.44
11.91
4.87
4.85
13.41
14.1
12.48
13.46
14.82
12.27
7.52
11.88
11.28
-0.17
8.08
6.07
-1.71
7.73
4.47
4.79
2.07
5.46
0.82
11.97
13.51
12.35
14.16
12.34
5.06
11.66
9.91
11.29
13.11
7.72
-0.4
5.77
11.62
8
3.09
10.98
9.83
10.66
11.87
11.95
12.16
10.13
11.86
14.34
10.6
3.29
6.67
10.15
11.97
14.81
15
12.51
9.98
3.07
6.05
6.68
10.57
11.27
6.61
-3.11
2.43
11.83
13.63
4.62
12.79
16.11
14.01
12.13
13.11
6.34
6.04
7.15
5.36
10.18
11.62
14.06
13.11
14.48
13.96
3.42
9.24
14.23
17.27
18.35
18.42
17.82
16.44
14.15
11.91
11.92
7.21
6.92
10.08
9.49
-6.63
8.18
13.01
10.5
6.33
6.63
7.78
14.57
10.59
15.24
18.23
13.22
7.35
7.52
9.29
7.72
5.55
13.56
15.47
13.13
13.78
14.96
11.22
-1.24
11.77
17.31
12.96
1.69
7.2
9
15.5
18.69
16.49
8.53
10.48
14.28
16.2
14
6.42
4.93
14.19
16.12
10.48
8.96
10.04
-11.01
7.17
-1.52
10.91
14.82
7.88
12.47
16.66
13.66
9.75
13.46
14.84
9.21
-1.51
-2.4
7.83
14.2
9.13
12.5
14.31
14.73
12.76
15.15
14.5
5.78
-4.62
7.62
6.44
17.07
19.49
14.56
8.43
7.08
-1.8
14.32
17.77
17.89
17.11
14.31
11.91
13.4
-10.31
14.58
11.11
11.16
10.92
-6.26
6.23
7.57
12.82
14.01
14.23
12.31
-5.9
8.7
7.59
10.97
13.94
15.35
15.77
11.54
5.04
0.6
-0.47
-10.14
6.7
9.07
7.75
12.29
13.9
4.93
7.01
6.63
3.8
12.03
16.13
5.01
14.77
11.98
0.06
11.39
17.13
14.63
6.37
7.59
11.57
8.54
7.16
11.06
18.32
18.87
16.61
14.56
11.5
10.82
10.4
15.3
13.54
6.22
7.89
8.5
11.66
7.68
8.65
10.12
14.77
16.52
15.97
14.42
1.42
9.95
16.26
17.7
16.02
16.55
16.82
14.32
13.67
12.45
10.6
12.63
15.75
15.29
6.64
4.41
9.14
13.78
12.76
14.64
16.63
13.58
-3.81
6.51
0.04
12.75
7.22
18.79
23
20.29
12.23
9.81
13.55
7.96
13.44
13.81
14.92
15.52
13.66
16.12
15.86
7.12
-5.54
6.29
8.99
4.09
10.17
11.54
3.84
-3.31
12.85
16.69
14.4
15.96
10.79
8.51
11.47
9.01
10.55
17.56
19.79
16.62
16.46
17.51
15.83
15.41
13.41
2.97
15.69
10.62
9.39
9.57
1.38
10.57
13.19
8.69
6.61
13.54
12.54
-3.58
16.43
18.54
14.81
13.41
12.34
3.58
15.46
14.45
7.04
8.73
11.43
14.2
11.7
4.64
12.12
8.4
8.64
11.87
12.17
14.86
11.99
-1.75
4.89
5.61
4.07
1.77
13.42
11.72
-2.02
5.03
5.32
9.38
13.37
16.18
12.63
6.46
6.59
-0.81
5.28
12.45
14.92
8.78
-3.57
0.35
11.47
13.28
10.05
2.8
-1
11.25
13.38
12.25
10.37
17
17.73
16.94
15.58
-3.4
13.57
14.54
12.07
12.8
11.72
9.14
-3.82
5.58
12.01
16.6
17.65
14.5
12.89
15.15
17.12
14.56
5.65
10.72
13.21
11.89
15.5
16.44
17.32
14.89
11.59
13.59
15.65
13.5
13.02
16.52
15.86
12.02
6.74
13.76
18.86
20.04
18.56
16.78
15.07
10.85
12.18
14.31
16.07
17.68
17.5
13.84
9.69
14.95
14.94
10.36
10.79
8.02
7.6
6.75
12.83
15.95
9.18
3.14
9.54
3.98
6.27
15.06
15.63
