0.63
-11.56
6.45
5.47
1.47
-8.77
8.11
12.75
7.31
5.22
7.02
5.14
0.29
5.96
5.74
12.98
12.55
7.27
5.25
13.35
12.69
12.58
15.99
17.84
16.07
11.32
3.86
5.14
6.29
8.45
3.98
1.41
-0.83
11.55
10.96
10.71
13.48
14.32
13.47
6.86
5.39
8.54
6.73
8.99
10.74
13.88
12.53
-7.21
3.62
2.55
12.56
15.05
12.23
1.68
11.06
11.39
5.63
4.7
11.89
12.29
14.59
17.61
15.76
8.73
11.89
8.93
-5.1
8.31
8.5
11.74
9.7
1.21
2.41
2.1
8.17
9.49
8.34
3.81
9.23
12.23
8.1
3.92
12.49
13.16
11.92
13.25
14.04
9.58
5.45
5.74
7.71
8.85
7.43
3.54
9.05
-1.09
-0.66
9.47
8.76
3.87
2.59
5.3
4.64
11.67
12.21
8.29
3.4
4.7
5.19
14.51
14.28
9.95
13.33
12.86
12.24
10.04
8.89
10.98
10.97
9.44
6.74
8.64
11.11
4.49
1.06
3.79
6.87
-4.72
3.95
-1.68
8.78
14.68
12.81
10.93
12.35
7.01
5.88
14.99
15.78
15.24
12.53
-5.84
9.4
4.59
1.51
5.03
5.38
12.45
14.41
13.99
12.85
5.63
-1.54
2.99
3.43
7.58
11.25
11.45
8.57
10.28
7.99
-5.18
8.84
14.4
13.31
9.45
10.87
13.89
11.42
5.46
2.57
8.26
10.69
9.98
11.06
12.92
14.66
12.46
5.38
12.63
14.9
13.34
16.31
15.86
10.65
8.74
6.84
14.19
14.65
8.62
1.69
11.13
8.3
5.83
11.12
5.71
6.42
10.54
12.19
11.5
9.06
3.62
5.51
6.26
2.91
8.41
12.56
9.46
13.66
10.06
-0.96
3.1
1.26
7.66
9.07
3.25
11.13
17.41
15.44
5.62
12.13
11.87
11.19
15.35
17.17
11.87
-14.98
3.11
8.55
11.24
6.16
0.2
3.04
12.1
12.78
11.24
11.57
11.88
8.09
4.69
8.49
11.85
8.54
12.14
10.52
6.81
9.81
7.41
2.02
6.71
12.59
15.04
14.6
10.39
-10.19
4.55
0.61
0.64
2.41
5.79
14.71
16.18
16.34
13.88
5.68
13.42
8.15
8.4
13.93
14.33
8.6
5.22
13.54
14.65
11.15
6.8
7.3
6.5
2.34
0.73
7.52
9.05
2.03
0.56
2.99
3.75
2.22
1.53
4.58
8.82
12.72
11.31
-1.25
8.65
4.53
6.58
7.21
7.79
1.59
5.78
11.34
9.49
5.39
3.86
3.03
9.99
15.33
10.56
5.62
7.57
6.59
7.97
4.9
4.78
8.36
13.12
14.93
10.48
5.46
10.95
9.87
15.32
14.12
12.49
12.33
13.97
14.77
12.28
8.38
2.72
3.98
8.05
6.92
9.79
6.01
-2.77
7.14
9.2
16.23
17.73
14.06
10.88
12.86
9.1
9.64
13.47
12.04
9.32
10.38
12.9
12.8
7.51
-1.4
2.35
12.62
13.79
10.1
-1.86
8.04
10.39
11.15
8.31
9.27
10.18
11.48
7.29
0.07
-2.4
-4.72
7.9
11.44
11.28
7.4
7.43
-4.76
7.18
13.28
17.03
16.41
13.55
12.62
12.39
-0.2
4.89
6.37
3.41
-4.63
5.02
1.02
4.12
7
6.39
5.16
9.74
5.32
-3.64
5.31
2.64
1.81
5.7
11.19
9.48
15.45
14.97
11.62
11.9
12.55
12.35
3.69
7.3
10.16
13.7
12.22
10.1
7.97
10.13
9.81
9.02
13
17.01
16.87
13.06
0.06
9.88
10.26
10.18
10.48
13.4
11.49
3.09
13.04
12.05
4.67
15.07
17.55
15.16
8.3
8.39
13.67
12.4
6.96
-1.8
10.35
11.28
9.54
7.57
-1.52
3.81
9.66
12.84
8.36
6.4
-0.6
9.39
13.48
14.14
14.5
10.29
9.73
11.14
3.27
-1.71
-0.03
5.14
2.26
8.45
9.6
11.99
14.09
14.48
13.95
8.46
9.18
14.44
15.7
14.55
6
8.71
13.78
9.41
9.16
13.12
15.37
15.74
11.98
12.41
15.5
14.61
8.01
4.99
11.74
12.75
5.87
10.36
7.16
-6.87
9.1
11.49
5.67
3
6.62
11.32
8.56
10.68
12.43
15.28
15.24
11.2
6.49
6.33
3.81
-2.49
11.74
11.32
10.41
12.14
9.99
6.26
9.08
16.65
13.76
-5.55
3.4
9.03
9.57
5.65
-9.68
1.66
12.33
13.68
13.25
8.96
4.46
7.78
10.58
11.9
10.5
12.88
9.31
0.14
4.42
8.35
4.41
1.49
7.41
1.08
8.09
-2.46
5.71
5.28
-6.66
1.95
2.8
5.48
11.19
-1.67
8.89
9.17
6.7
1.21
12.99
12.26
8.17
10.29
14.37
12.69
9.54
8.14
8.12
11.16
14.4
15.89
16.92
14.52
11.06
13.3
13.2
10.47
10.57
6.3
15.82
16.42
10.27
7.52
9.31
11.73
1.55
13.16
13.24
6.49
8.1
11.07
11.83
8.69
5.54
-2.31
6.55
4.09
8.5
10.48
11.95
15.24
12.13
-0.27
8.33
8.9
7.44
8.31
11.6
7.53
4.94
7.45
7.54
10.11
3.41
12.1
10.73
4.73
3.39
11.77
9.59
3.26
4.14
1.2
6.62
6.23
8.16
12.94
16.52
14.92
11.38
5.52
-8
2.9
8.69
9.97
10
4.41
7.5
13.99
13.39
1.81
6.1
6.47
8.28
12.13
13.51
7.39
-12.3
1.27
7.92
5.42
-1.54
3.01
8.14
8.46
10.79
1.75
4.38
10.39
10.7
7.56
7.8
7.62
1.33
5.71
9.29
14.44
14.29
13.58
13.68
12.9
11.38
9.61
5.32
7.32
11.95
12.21
11.95
14.61
17.71
15.66
-3.43
10.66
13.4
11.34
6.09
5.29
9.56
-1.08
3.5
4.56
2.15
0.75
8.14
10.67
8.52
11.52
13.29
12.96
10.6
9.49
13.04
13.67
11.56
2.05
-3.54
7.26
11.5
15.79
13.01
4.88
6.35
14.4
16.1
11.97
10.39
14.31
13.11
8.63
6.65
6.73
8.64
1.33
2.65
9.48
10.97
10.63
8.67
11.2
14.56
15.07
12.75
7.08
-8.23
5.21
8.96
8.6
-5.01
6.82
1.61
10.12
11.37
12.88
15.46
15.32
9.62
-7.37
3.35
0.12
8.43
14.7
12.51
3.53
9.76
9.41
13.29
12.31
11.55
5.18
8.61
14.64
14.01
9.34
10.44
14.3
14.86
13.69
7.94
8.48
12.1
8.24
10
10.36
9.08
11.97
14.77
12.48
7.39
12.69
15.51
16.74
15.32
11.8
11.6
11.99
11.23
10.43
4.13
7.92
-1.4
5.32
4.28
7.22
5.76
6.09
10.87
15.36
15.83
10.05
8.93
15.64
23.61
17.73
17.03
18.67
19.09
20.52
21.36
9.1
21.02
24.81
26.78
27.55
21.98
16.14
17.03
13.21
5.5
2.26
15.26
21.13
23.34
22.12
19.07
17.51
8.37
21.72
24.41
21
14.74
5.78
18.1
13.75
20.6
28.59
29.55
23.41
27.96
30.16
25.61
20.6
16.27
13.59
7.01
12.34
16.15
18.44
19.75
22.88
26.14
25.33
18.89
25.01
23.33
29.83
32.11
30.22
26.21
23.33
20.5
17.81
20.61
25.74
27.06
22.75
17.14
19.72
20.17
19.55
13.35
17.2
20.87
21.35
20.01
17.41
15.64
8.61
20.69
22.25
24.13
26.17
23.17
12.8
21.04
22.91
15.4
23.08
17.23
15.21
22.17
17.25
20.37
22.76
13.6
22.32
27.48
23.35
24.41
18.65
14.01
19.3
21.31
20.32
15.79
11.32
15.3
13.49
11.04
8
18.81
21.64
17.61
14.11
18.83
23.53
24.93
19.48
18.23
20.12
24.58
26.98
26.72
26.06
25.18
14.11
14.1
8.64
17.01
16.74
13.92
10.77
11.49
16.15
16.39
16.23
23.57
20.93
14.4
8.29
17.46
17.97
-2.68
14.27
22.55
23.7
18.6
5.85
20.08
29.51
27.66
-6.3
24.18
26.24
24.6
19.7
13.91
10.3
10.3
6.93
13.27
25.95
27.23
25.79
25.14
21.83
21.97
22.68
20.81
24.73
24.54
20.88
27.36
28.32
22.37
16.96
24.92
28.5
28.2
24.9
24.01
26.3
23.73
18.75
23.6
24.2
15.48
21.67
27.78
30.86
28.44
20.08
26.35
27.2
18.88
19.04
20.02
11.96
16.71
12.71
14.17
16.85
6.09
9.89
20.57
16.7
25.6
28.04
20.34
20.6
21.57
19.74
21.08
19.51
15.25
7.25
23.38
27.09
26.5
22.5
19.7
17.22
21.96
16.37
18.17
12.94
23.23
24.48
19.7
4.17
16.48
18.49
16.43
23.03
24.75
23.55
23.27
21.3
20.18
17.71
12.53
-7.88
17.33
21.23
20.59
18.59
15.1
19.99
20.45
19.75
15.16
26.94
28.09
21.02
2.61
13.91
15.87
15.28
18.61
14.48
16.2
-3.81
24.07
28.15
25.8
22.26
22.58
21.36
4.38
24.03
27.59
27.2
26
22.91
10.38
26.26
25.97
18.52
18.77
6.01
18.16
19.73
11.57
17.04
21.01
26.29
27.92
17.85
16.87
18.51
20.51
24.3
24.1
16.94
4.46
13.33
22.12
14.44
24.05
18.36
4.5
18.81
16.7
14.85
19.38
16.73
9.34
4.59
4.44
13.99
16.33
8.71
16.25
18.31
19.88
17.04
17.68
21.67
22.7
21.27
18.03
15.38
18.51
16.99
12.82
12.61
14.09
15.87
14.7
9.55
15.48
17.53
16.56
14.89
11.25
14.64
18.4
17.49
21.04
21.02
16.31
10.31
14.7
-0.8
7.63
9.74
18.91
10.84
17.61
18.08
9.05
8.41
17.86
18.73
9.21
13.65
8.61
14.33
13.95
2.67
8.35
13.94
14.52
18.27
22.75
25.2
24.37
20.14
12.82
15.53
17.52
14.88
10.21
13.23
13.17
4.51
7.34
17.3
17.88
13.32
8.02
9.28
8.62
-2.53
16.13
19.04
13.78
7.36
7.04
8.44
10.78
10.98
11.27
10.15
13.34
18.2
18.43
14.41
15.69
12.87
2.65
15.41
16.52
16.77
19.42
18.64
22.11
18.1
17.71
17.36
16.51
14.68
16.81
17.74
19.35
19.74
14.99
14.73
18.39
25.78
25.33
23.03
17.48
14.16
22.9
24.23
20.17
3.29
18.81
23.86
21.56
7.72
20.57
13.09
22.65
27.83
24.75
15.65
17.65
24.56
28.87
26.78
21.33
20.51
20.4
21.66
22.42
19.43
20.56
20.05
21.15
16.51
19.02
25.46
23.87
17
0.32
8.56
17.16
19.53
24.44
25.39
20.07
19.86
23.33
18.33
13.78
18.56
8.89
16.52
17.73
19.25
20.86
20.68
23.6
19.41
15.88
18.06
18.84
5.15
17.76
4.43
20.75
27.14
24.25
13.53
12.65
12.14
5.69
23.97
29.34
29.92
27.1
24.26
19.59
16.66
8.73
8.57
19.6
26.51
30.81
29.8
24.41
25.51
28.79
21.31
21.17
23.13
22.46
17.99
17.44
21.83
23.75
23.13
16.41
17.62
23.6
19.96
16.92
20.79
20.58
24.88
28.84
29.21
30.32
29.06
24.1
18.86
21.44
25.29
24.98
23.61
24.19
25.76
25.88
21.32
14.21
18.54
22.92
25.57
25.07
25.6
25.01
19.88
19.35
27.07
25.94
23.82
25.45
26.13
16.29
16.8
19.78
15.27
17.51
24.52
20.24
17.06
26.05
24.93
13.15
18.38
24.4
23.33
23.08
22.35
16.12
22.03
18.54
16.57
15.78
19.03
23.54
23.01
25.55
27.77
26.88
23.53
12.95
21.42
22.19
13.86
23
23.93
25.3
23.33
18.37
22.46
23.14
21.65
21.67
22.79
18.87
20.09
21.96
22.13
26.23
29.58
27.92
21.96
24.71
26.51
24.06
28.11
25.2
17.07
20.51
25.87
21.35
4.35
20.06
20.51
18.96
21.57
27.07
26.49
21.55
15.2
26.01
26.06
20.93
10.92
12.96
17.52
25.14
24.81
16.35
22.88
20.96
15.21
20.49
22.95
16.75
11.37
12.7
17.89
0.33
22.82
24.22
6.31
19.76
21.6
20.59
13.01
17.86
13.84
23.02
18.37
20.08
13.57
18.44
21.67
16
14.83
17.69
21.32
18.1
12.36
21.73
22.33
24.61
24.9
20.48
19.28
14.63
13.06
21.69
18.08
23.04
23.42
11.71
9.84
-2.4
16.45
17.43
20.68
26.58
19.83
20.69
21.89
8.73
18.75
21.99
21.49
3.3
23.91
25.91
21.4
4.01
21.06
20.69
16.29
19.59
18.02
18.23
21.21
20.45
11.31
15.66
17.62
11.07
14.5
18.38
15.49
-2.25
15.72
19.28
17.99
16.96
14.48
19.65
17.41
20.84
16.52
13.45
23.26
25.43
24.46
19.85
17.92
16.85
17.55
18.64
17.39
18.14
21.01
16.11
5.68
13.6
18.67
15.29
1.68
11.65
21.86
22.67
20.98
20.99
20.31
21.38
18.34
17.18
12.96
14.18
20.39
16.73
12.78
18.66
14.16
15.27
16.64
13.65
18.51
20.58
19.46
11.74
14.9
21.27
24.4
27.77
26.76
21.88
16.6
14.58
8.7
18.53
21.49
20.23
19.43
21.67
18.2
10.75
8.51
17.73
17.5
-1.09
17.6
20.41
13.04
18.46
25.42
26.01
19.83
17.92
21.89
23.33
19.49
21.31
21.12
14.82
19.7
25.15
20.83
-2.58
17.81
17.72
18.23
18.18
6.44
20.34
22.2
13.76
16.91
22.71
23.98
17.04
17.81
21.37
21.22
23.13
23.01
17.32
13.3
20.32
24.86
23.75
13.68
21.61
23.6
14.91
21
23.33
26.01
25.06
17.9
19.52
21.57
25.15
26.22
20.6
17.42
20.73
22.83
24.42
20.35
14.14
10.67
16.28
19.6
17.76
12.08
15.22
19.18
20
22.01
20.58
22.56
23.88
23.21
20.87
26.05
28.5
25.93
20.69
19.53
21.15
-1.51
22.93
22.95
20.36
20.31
22.47
22.8
21.67
22.87
20.24
11.57
12.49
17.8
21.77
24.43
27.63
24.1
14.76
24.48
26.2
22.9
16.42
16.2
25.63
26.28
21.73
18.87
21.33
17.28
19.09
22.47
26.01
25.79
20.93
18.65
17.37
19.15
21.62
17.82
13.29
22.46
22.57
21.17
20.33
19.55
23.92
22.1
16.12
10.55
19.87
17.96
7.75
21.15
22.19
14.4
6.76
12.98
15.46
15.46
18.45
24.92
24.85
23.5
21.51
17.48
7.81
2.24
10.62
15.57
16.96
22.18
19.87
15.02
24.08
26.25
22.62
12.33
-14.51
23.06
33.73
32.11
20.69
25.07
19.95
19.53
23.36
17.73
26.89
26.92
25.86
25.99
23.37
11.17
14.36
15.57
12.59
12.93
26.7
33.94
34.97
30.05
20.91
25.79
26.58
16.81
13.8
7.44
17.1
20.73
25.86
23.17
19.72
26.36
27.9
21.77
22.54
21.31
13.37
13.34
18.37
15.79
20.74
24.18
36.54
36.7
31.13
24.46
18.63
9.76
24.57
28.11
27.11
24.51
25.69
27.41
24.81
16.82
17.6
24.74
22.65
20.38
22.92
19.96
21.85
20.83
13.93
15.29
-1.18
17.61
5.38
18.99
38.19
46.05
44.43
31.72
17.85
6.02
12.07
9.98
19.01
21.56
29.33
26.92
23.46
26.02
20.38
20.21
21.69
19.83
21.13
21.32
21.22
20.95
24.83
29.88
36.93
36.07
29.4
26.18
22.5
15.25
5.46
7.83
13.44
11.99
4.93
19.86
21.48
19.64
18.31
13.67
15.17
10.5
21.63
21.98
27.83
25.09
21.45
26.74
22.36
12.23
17.97
24.66
29.41
39.1
42.37
37.58
26.13
25.69
25.56
20.96
19.18
26.51
26.05
17.68
11.44
17.62
31.76
34.54
29.08
23.99
24.97
15
19.12
20.14
18.22
14.32
13.6
20.22
21.1
23.8
26.61
25.31
33.75
45.16
45.93
36.43
23.26
20.87
19.56
24.72
21.15
21.84
23.56
23.39
19.46
18.43
19.06
16.27
25.09
28.18
25.05
17.32
23.15
23.35
19.9
24.62
19.88
17.1
23.13
22.93
20.17
24.4
27.5
28.79
28.19
25.29
22.29
22.14
26.01
26.74
24.28
22.55
24.39
26.18
26.3
23.33
19.62
16.66
18.37
28.09
29.25
28.77
26.68
24.8
15.17
37
42.75
39.47
28.02
2.59
15.11
22.77
25.03
25.44
26.31
24.06
15.36
17.92
24.34
22.5
15.62
9.88
15.46
23.78
24.89
20.32
21.02
18.46
14.64
13.95
16.05
14.58
17.11
21.51
21.3
15.13
17.92
18.38
20.96
23.04
22.55
20.91
22.01
21.93
21.28
20.18
12.37
8.34
16.16
25.32
24.54
10.2
16.5
24.08
24.53
20.11
21.01
21.21
22.61
21.41
20.11
18.66
27.15
26.6
24.42
11.74
22.53
25.04
23.11
21.91
8.02
23.13
28.27
28.79
24.51
13.04
21.5
34.47
40.24
37.71
26.51
25.1
30.04
25.78
25.68
25.86
21.56
15.03
33.05
36.12
28.71
29.05
21.18
22.18
23.71
32.65
31.9
23.09
23.65
26.99
24.14
7.82
18.38
25.02
27.57
25.08
25.12
24.26
28.26
31.26
28.58
25.14
24.96
26.1
26.88
24.71
8.56
26.86
32.32
29.61
15.56
19.64
21.61
25.21
26.64
26.76
26.37
23.09
23.41
19
14.32
18.29
21.99
20.86
21.62
28.03
29.37
28
27.5
22.28
22.88
28.91
30.8
29.03
24.64
26.5
29.45
30.7
22.74
23.96
30.45
26.95
20.85
26.92
28.37
37.97
47.59
48.09
38.76
14.55
27.89
33.81
33.88
31.54
38.04
49.06
50.63
44.23
33.13
28.76
27.4
29.33
28.92
23.8
22.58
29.78
31.77
31.22
34.2
30.76
23.22
22.55
14.58
27.68
29.9
28.85
29.74
31.21
27.12
20.62
15.06
29.25
29.64
18.56
24.74
25.5
25.6
28.09
23.14
22.7
27.14
23.65
22.15
18.38
25.81
29.33
30.39
29.45
26.59
28.22
26.86
19.77
31.16
28.2
21.64
28.44
31.95
32.94
30.66
24.63
21.96
25.97
24.76
22.83
29.33
30.21
25.28
21.25
14.37
24.61
31.88
33.26
31.9
26.53
26.53
33.23
34.33
27.58
25.71
31.1
27.54
20.1
13.67
18.65
18.55
18.91
23.96
26.82
22.36
19.75
26.36
24.21
22.07
26.67
26.77
13.53
25.2
31.03
34.13
33.41
27.44
23.76
21.19
6.89
23.71
30.59
33.15
31.66
24.88
24.74
30.14
27.7
12.25
11.45
22.08
28.66
29.98
25.78
21.1
29.12
29.57
29.91
28.57
24.98
22.79
15.04
17.72
25.32
28.77
28.67
29.67
27.24
23.03
21.49
30.25
28.76
20.56
28.8
27.75
18.03
26.44
31.23
30.79
25.2
17.94
29.23
32.24
32.64
32.8
31
25.21
29.31
28.19
24.37
26.01
27.08
28.99
31.47
31.73
30.76
28.01
27.89
27.77
25.11
23.75
23.96
21.95
25.38
23.16
24.11
26.46
25.16
22.6
25.75
28.71
25.38
17.79
23.79
26.73
22.75
25.69
28.29
26.01
28.29
30.19
30.12
25.45
11.77
26.33
27.69
26.42
24.83
18.25
18.72
19.51
23.68
28.37
31.57
30.32
24.29
17.88
25.69
27.47
25.18
18.4
22.88
22.27
11.26
8.44
11.63
21.98
26.61
26.77
21.02
25.77
28.53
26.19
22.94
15.66
20.04
24.58
21.1
21.75
14.39
23.57
31.14
32.05
29.6
30.09
29.04
22.17
6.26
11.89
17.21
24.5
29.15
29.76
28.61
32.7
31.49
21.76
21.41
26.07
26.08
23.92
24.64
22.29
12.65
23.9
28.51
27.39
18.81
27.41
31
29.68
25.01
24.29
26.02
24.99
25.65
26.77
26.47
27.54
25.11
16.67
7.96
16.76
21.93
26.48
28.84
27.61
23.7
24.82
25.87
27.67
28.92
25.73
19.17
22.36
26.88
27.45
25.41
26.23
27.44
25.91
18.16
2.97
10.32
19.75
15.79
11.68
21.09
20.48
13.72
18.16
27.04
28.36
27.16
25.61
23.84
23.52
23.13
24.15
24.14
25.11
14.53
20.04
23.24
27.79
23.78
24.74
30.39
28.33
24.85
30.21
23.88
16.47
22.7
25.21
31.16
32.29
23.34
28.94
31.06
19.9
17.36
14.4
27.23
29.52
23.63
13.86
26.75
29.63
24.57
22.13
30.53
29.73
18.99
20.35
23.71
24.43
25.37
25.12
20.07
25.64
28.11
25.71
24.65
30.53
27.9
24.35
17.98
24.39
29.02
33.45
30.97
28.82
29.09
17.3
15.97
16.77
20.18
23.79
27.52
23.62
15.05
20.26
26.17
28.06
29.19
26.24
23.76
26.37
28.07
27.44
27.31
27.98
23.55
16.51
30.26
33.02
27.83
20.55
26.42
34.44
26.92
26.05
26.81
27.4
29.78
20.93
13.02
17.57
12.48
21.71
21.05
13.06
23.3
26.28
21.12
28.68
29.48
24.71
23.9
24.84
16.31
20.57
22.65
13.87
12.68
27.08
23.47
25.98
29.69
26.91
25.88
16.3
21.13
23.64
14.51
19.38
24.05
26.27
30.34
26.51
27.44
30.78
23.65
20.18
22.33
28.34
29.9
28.76
19.2
17.85
24.97
24.75
19.56
23.43
26.54
26.05
20.51
18.35
27.27
25.91
18.62
26.21
23.88
24.75
22.1
23.83
27.5
24.77
17.55
15.49
11.13
20.39
26.38
22.97
20.85
21.89
20.06
21.95
20.41
14.03
17.27
19.77
17.96
28.5
26.86
23.28
30.96
29.37
21.86
21.73
25.09
24.64
20.6
15.73
24.97
17.61
23.5
25.17
22.02
22.96
23.87
19.91
17.49
21.09
24.57
24.83
24.99
26.72
25.62
20.93
22.41
25.13
21.24
16.91
23.02
19.12
7.52
22.77
25.95
15.47
22.31
19.91
18.3
18.83
21.1
23.8
21.83
17.05
25.56
27.83
26.92
23.74
18.84
18.72
24.11
22.49
23.07
22.79
16.21
15.68
19.3
18.7
0.15
14.71
19.49
20.39
11.87
7.22
18.72
7.82
18.09
11.9
21.86
23.07
21.44
20.35
20.73
14.01
18.08
16.59
11.44
9.23
23.52
28.29
27.62
16.71
20.93
21.9
11.71
17.9
16.93
17.43
24.58
24.89
16.51
15.31
12.17
14.3
19.56
18.82
9.07
7.88
5.42
16.09
11.27
17.2
12.78
20.52
6.96
22.67
19.39
14.33
16.51
12.9
18.83
23.47
23.29
13.22
19.94
16.29
8.07
0.35
1.62
15.37
16.3
2.59
19.79
17.26
11.2
12.23
17.13
19.78
19.21
20.42
22.73
23.65
21.09
20.17
24.52
26.2
24.48
22.42
22.21
20.3
13.63
8.26
18.49
16.5
12.47
19.65
19.29
14.45
0.3
6.13
9.84
14.28
12.13
19.93
23.41
22.35
18.84
18.67
22.53
23.47
19.09
16.97
14.37
5.58
9.64
14.01
15.79
18.34
22.23
24.51
26.07
26.52
23.92
16.94
19.58
24.12
22.91
21.68
20.43
16.61
8.91
14.76
20.62
19.51
16.95
20.27
20.23
22.91
20.78
-3.52
15.42
13.48
18.54
23.03
22
14.26
10.84
15.74
14.8
17.88
23.13
20.01
18.45
21.85
4.55
16.35
18.33
24.84
26.09
23.58
20.67
22.46
20.72
4.64
15.61
16.55
17.51
14.43
19.92
20.77
22.52
20.22
20.36
25.05
22.6
0.46
17.34
21.09
23.14
9.34
21.61
19.43
15.13
-1.52
17.68
15.59
20.5
18.73
17.88
24.42
23.52
15.49
8.49
16.12
23.64
23.14
23.58
25.32
23.05
14.63
12.9
12.04
13.17
16.32
18.34
18.66
20.51
23.35
23.45
13.27
12.03
15.37
17.06
14.31
9.05
8.82
16.2
13.92
15.46
21.48
16.86
7.82
0.65
14.47
17.88
17.85
12.61
25.14
27.73
25.58
13.42
19.05
20.28
21.97
25.86
24.92
17.28
19.31
20.53
10.65
16.6
6.02
15.37
20.43
19.79
15.76
10.89
18.71
23.9
22.38
21.78
20.11
14.89
19.17
17.76
15.64
13.75
14.47
16.23
20.96
23.57
20.99
18.53
12.17
8.13
12.74
5.1
11.81
21.27
26.72
26.85
24.27
21.29
19.25
18.82
16.2
18.14
23.53
22.3
9.31
8.89
21.57
23.57
25.15
24.82
20.24
12.57
22.7
14.23
24.26
26.97
26.11
22.2
10.31
6.45
15.62
15.22
18.91
21.78
17.65
13.8
9.57
16.38
20.48
17.39
18.8
18.85
6.4
14.03
23.78
25.85
15.33
23.55
28.09
25.74
20.84
20.3
13.3
21.58
19.97
15.99
11.23
12.11
14.49
17.05
21.48
14.44
17.21
23.65
26.42
21.5
30.37
36.74
34.69
27.95
21.51
17.81
14.8
17.45
17.58
6.9
6.85
14.95
10.89
10.28
13.17
23.23
24.85
23.12
15.42
21.44
27.37
27.54
23.68
21.31
19.61
16.81
21.92
20.45
16.36
14.18
19.55
15.73
16.18
23.88
25.7
24.83
21.17
19.84
21.9
22.97
24.43
25.13
21.71
12.98
6.61
18.22
24.33
23.75
17.12
18.69
18.73
16.9
20.32
17.96
17.39
17.41
-0.19
21.09
20.87
17.9
14.38
14.09
20.13
-8
19.63
21.26
18.24
6.28
17.94
15.2
12.83
18.37
23.93
23.22
19.47
17.59
22.87
26.89
24.48
16.36
11.41
20.98
25.13
24.9
23.62
19.66
19.46
17.02
7.84
11.71
11.9
22.45
25.2
21.84
17.97
12.29
2
6.84
12.53
16.92
5.41
22.15
26.37
23.07
15.01
20.49
22.95
23.47
22.66
25.46
24.15
17.35
15.82
11.59
14.2
14.43
17.58
24.31
20.39
13.32
23.74
25.95
22.97
12.71
18.7
19.5
17.54
20.99
25.13
23.64
11.35
17.95
17.15
16.9
9.65
16.77
20.88
14.2
17.26
23.06
23.97
20.57
12.92
18.27
21.4
23.3
21.03
18.73
8.72
18.96
23.81
24.74
23.89
21.21
14.81
11.97
12.34
-2.57
17.25
17.17
11.49
21.14
18.71
9.63
22.29
24.44
23.82
21.28
12.95
21.69
23.44
24.68
21.96
11.74
17.28
19.26
19.17
20.13
22.2
19.92
9.63
14.84
16.12
13.76
16.53
16.13
11.55
6.28
8.06
12.82
16.51
22.65
25.78
24.93
13.81
17.81
15.1
16.2
12.37
11.64
14.83
18.83
24.77
25.93
22.09
11.72
18.75
23.4
23.88
20.94
25.35
24.84
17.76
-0.12
15.03
19.32
18.67
15.25
13.6
21.4
19.49
13.78
21.2
19.24
17.2
21.25
19.6
13.86
19.44
21.49
21.03
18.82
10.59
16.95
23.49
21.65
14.7
20.32
23.5
24.6
23.93
21.35
8.02
15.15
15.14
16.58
17.55
19.05
16.09
14.34
19.77
21.91
21.36
22.24
21.82
18.04
12.47
13.95
18.13
9.43
11.21
9.79
9.35
17.86
19.54
16.43
15.25
18.56
16.39
11.29
7.93
-2.13
8.11
3.93
7.87
9.41
15.15
15.15
12.46
8.57
9.05
11.99
8.93
13.77
7.47
6.05
10.01
10.67
17.28
20.93
21.49
17.98
9.09
5.96
13.1
3.93
7.34
2.04
-1.26
10.72
16.58
15.81
16.3
21.41
20.81
16.48
9.27
11.26
18.46
20.29
20.03
19.31
11.32
12.49
17.18
15.51
15.14
20.82
21.26
20.48
22.11
20.87
12.39
12.96
18.36
18.71
18.53
15
14.06
10.4
10.77
15.76
18.98
16.8
11.55
13.3
9
8.06
14.62
11.93
3.87
13.51
10.7
12.18
9.14
5.04
11.56
11.78
8.46
11.2
13.61
10.61
14.54
10.55
1.83
14.12
14.86
10.86
0.12
13.13
15.13
13.94
12.18
2.33
7.65
3.6
4.46
9.13
6.22
-1.21
-5.34
14.23
16.98
13.36
9.38
13.41
16.45
16.5
17.86
17.52
18.07
16.79
10.15
3.82
7.51
9.75
6.24
15.64
16.22
12.57
11.01
15.99
17.96
16.44
12.98
0.79
10.01
8.74
8.05
14.48
19.03
18.6
13.51
11.21
7.28
16.84
20.36
18.99
8.66
11.53
7.25
8.4
6.69
11.36
13.19
13.96
16.46
14.62
12.26
14.77
13.54
7.57
13.56
14.52
13.34
18.93
17.81
18.65
19.05
17.98
12.58
1.95
-0.41
11.36
18.04
16.79
12.91
10.23
16.82
20.94
21.07
19.5
16.03
3.17
15.64
10.19
0.21
10.86
9.08
17.91
19.57
16.52
17.18
17.68
17.32
17.42
14.13
9.31
14.5
2.24
11.89
11.41
11.77
18.2
15.35
18.6
12.7
4.41
-2.06
3.52
3.49
11.32
20.35
22.45
16.94
17.54
20.2
13.51
8.18
17.65
20.15
18.61
9.92
0.7
10.11
18.41
19.06
14.57
12.7
12.74
17.98
19.37
22.17
19.44
17.12
14.82
4.26
10.73
7.48
10.69
13.4
4.69
17.3
15.77
12.88
6.15
7.46
1.36
7.82
16.24
13.93
8.13
8.43
4.09
20.77
23.96
21.27
18.66
16.65
14.08
8.48
9.59
19.28
22.13
17.4
7.18
11.97
9.22
13.24
14.28
12.11
19.54
20.35
18.7
12.44
11.86
16.05
16.7
20.97
18.13
10.02
10.28
11.53
9.59
14.41
18.2
13.44
14.95
18.97
17.51
17.78
15.92
15.94
14.21
12.9
19.96
20.89
9
17
14.01
16.26
20.14
18.1
10.35
9.04
14.5
15.35
16.9
17.28
12.05
13.03
7.48
10.06
15.08
15.93
12.71
13.22
11.62
11.41
2.86
11.55
12.65
11.98
-7.09
-3.51
9.08
8.36
-1.67
9.42
-1.9
15.27
17.01
15.3
17.73
18.85
14.81
15.49
16.42
9.55
14.14
14.91
12.07
13.93
14.7
12.99
15.11
9.92
12.09
16.36
13.61
13.26
9.75
16.66
17.67
14.74
12.86
16.99
18
22.81
20.55
12.01
4.63
9.89
0.59
11.64
10.31
13.32
10.07
13.36
12.73
16.75
16.23
8.72
-0.76
13.47
17.85
19
13.52
10.97
7.77
8.45
12.35
6.04
14.51
17.63
19.27
17.7
15.3
14.7
2.86
11.13
8.14
6.73
2.42
4.09
17.77
17.81
16.31
15.98
19.21
18.33
7.84
12.61
15.22
18.74
16.99
17.32
16.92
8.2
10.45
14.82
6.79
9.59
11.98
12.69
13.34
15.86
19.27
17.12
19.53
20.82
17.17
11.61
14.96
17.76
16.91
18.21
23.85
21.31
12.42
13.86
12.47
11.77
19.5
14.46
4.08
10.27
13.68
14.46
17.7
18.39
19.6
19.9
13.37
13.87
16.7
16.7
8.72
15.23
9.75
4.56
8.51
16.97
19.76
21.09
21.34
20.76
17.61
15.59
19.85
22.08
14.08
13.64
14.86
8.34
17.18
19.89
7.39
21.68
20.73
4.94
14.44
13.3
16.63
17.08
17.46
13.2
6.22
8.64
12.65
16.9
17.22
18.93
22.01
17.17
10.84
-5.59
17.79
19.57
19.41
18.38
17.57
19.04
18.57
13.02
11.1
18.61
15.96
21.64
21.24
16.79
1.19
14.37
15.81
18.45
20.89
18.38
15.49
15.34
13.5
7.78
15.34
10.84
8.79
16.12
17.74
16.39
10.29
17.51
16.8
5.94
15.14
18.3
15.68
5.72
15.03
17.92
14.29
18.21
15.58
2.76
13.89
8.77
-4.78
4.37
13.62
18.69
17.89
6.43
11.11
17.63
17.59
20.45
20.09
4.3
7.53
11.94
16.22
14.03
8.02
11
16.36
19.86
19.93
16.62
17.07
14.72
10.98
13.98
14.36
18.43
21.19
22.84
23.03
22.43
16.82
10.6
15.23
19.46
17.4
9.52
15.91
13.71
12.06
7.3
2.16
14.01
14.46
14.51
13.84
12.28
17.6
17.42
19.21
20.49
14.23
17.29
20.2
17.14
13.37
3.35
11.12
20.24
22.87
16.6
13.7
11.83
15.07
14.4
4.77
18.68
19.18
10.64
19.74
21.63
18.62
11.99
15.87
15.54
14.5
7.37
12.6
8.58
13.66
18.89
19.09
19.5
19.66
17.15
18.89
21.81
21.49
18.79
17.93
15.94
15.39
7.02
13.5
13.98
-0.67
11.69
11.81
10.48
9.67
9.55
12.09
16.01
12.75
3.95
12.49
15.74
10.77
9.79
18.22
19.7
15.24
15.43
12.19
13.21
8.32
2.49
7.33
13.16
16.45
12.84
12.32
16.68
16.42
15.98
17.63
18.57
14.86
12.98
12.09
13.88
13.93
13.32
10.64
6.41
17.83
20.92
22.15
20.39
11.81
5.87
6.49
0.88
13.58
14.14
7.96
11.4
14.25
15.01
20.34
20.7
18.6
16.32
11.34
6.27
10.77
8.05
13.8
14.5
12.7
4.52
7.98
5.64
11.2
15.82
16.19
15.59
17.41
14.63
6.89
15.12
15.09
3.73
-8.12
5.12
7.17
17.42
18.34
17.39
20.01
21.65
20.25
14.66
4.15
5.56
5.21
3.88
12.29
13.16
16.9
21.12
20.89
17.01
20.41
20.88
16.93
18.28
18.88
15.57
12.63
17.95
13.81
14.83
14.07
12.68
17.16
12.58
5.67
-3.05
8.81
9.09
15.59
18.75
18.53
12.4
11.29
16.14
18.01
15.11
3.99
8.02
15.09
15.34
12.23
8.73
-2.85
10.49
16.2
18.96
18.36
15.52
17.26
16.94
13.15
22.48
21.03
11.65
19.28
21.1
17.08
13.03
10.23
16.02
13.56
9.55
15.26
17
17.98
16.75
10.98
12.14
15.9
18.76
17.52
13.7
11.69
17.26
18.54
16.84
1.77
19.07
20.92
22.08
21.73
18.25
18.02
19.34
18.68
15.8
14.55
20.21
20.69
13.32
14.86
14.59
17.33
21.51
21.34
20.16
18.02
12.65
17.26
15.27
11.52
12.32
8.42
17.85
20.29
20.73
19.6
15.03
15.33
17.79
15.49
15.76
16.25
19.86
24.35
25.37
22.75
18.65
7.28
10.33
13.77
10.11
14.3
12.46
14.94
16.54
17.49
20.13
21.29
17.17
16.54
17.38
15.92
20.26
18.35
17.16
19.96
15.86
13.12
16.25
18.91
21.84
24.17
24.63
20.14
8.23
15.87
15.27
9.47
-0.66
8.3
16.24
16.07
4.48
5.71
5.46
9.09
18.4
19.61
19.27
18.19
8.52
16.08
16.99
17.41
16.12
7.89
2.71
17.36
23.07
24.35
21.78
19.03
18.7
15.84
12.8
9.14
-0.68
7.38
8.35
13.74
13.03
-1.86
13.79
17.88
16.24
12.47
7.15
-3.92
10.2
10.58
4.06
2.21
13.09
19.98
20.04
18.07
21.29
23.03
22.97
21.83
20.44
20.75
22.15
24.19
24.88
22.42
18.83
14.88
6.16
19.15
16.1
9.12
15.04
9.86
16.97
19.59
15.27
13.52
7.1
14.26
20.26
18.95
18.22
18.64
13.91
16.29
18.81
17.33
16.98
19.85
18.42
19.3
21.05
18.72
7.75
8.27
16.85
15.26
13.59
11.37
13.38
18.28
16.52
20.92
23.44
17.49
14.99
16.03
5.97
13.86
7.71
7.02
10.57
18.94
19.92
16.98
17.68
18.2
13.75
15.78
19.22
12.22
13.43
14.28
14.11
11.92
6.64
9.23
14.42
11.79
16.48
19.34
19.32
20.46
16.96
3.78
-5.78
10.02
16.01
16.97
16.76
16.92
14.45
13.79
18.41
13.32
18.28
20.64
19.64
18.31
16.77
19.24
21.36
20.57
19.3
12.98
12.28
10.64
0.1
4.13
15.52
21.34
20.55
12.92
11.38
14.42
13.94
11.28
12.69
6.08
9.72
16.66
12.53
-0.07
-4.15
11.06
15.93
6.66
13.76
15.05
13.16
17.83
19.25
20.1
17.47
7.21
14.61
16.83
14.22
11.18
9.42
13.91
17.25
6.8
11.14
13.54
13.82
17.43
14.62
11.17
15.95
13.57
16.36
18.64
18.82
15.45
3.9
18.47
23.59
23.28
21.42
19.44
15.29
19.48
18
15.59
14.42
10.96
9.3
12.5
15.17
10.9
3.47
15.8
18.04
18.48
18.43
17.88
16
9.56
11.21
16.36
20.84
21.56
20.26
14.79
10.14
19.97
20.68
18.39
18.95
18.68
21.51
23.59
21.08
17.11
14.44
7.72
14.78
14.14
14.9
15.07
-2.91
7.5
3.48
10.35
9.94
11.61
16.02
9.3
5.96
14.34
14.13
10.42
6.28
10.98
16.88
16.78
12.18
17.22
20.08
20.05
18.93
12.09
13.11
14.86
2.85
15.73
12.6
13.19
-0.53
-1.74
-2.35
10.34
13.95
13.73
15.83
17.12
12.79
7.33
6.62
9.2
2.67
-6.3
11.14
9.74
9
7.29
15.89
17
10.78
10.21
9.04
9.38
1.06
11.67
10.28
5.75
1.56
-0.99
8.42
11.54
-7.17
6.49
8.39
11.04
4.1
12.95
16.52
13.34
-0.71
11.24
11.13
16.94
16.17
15.54
17.93
13.64
-4.22
12.73
9.65
7.17
11.78
20.25
18.17
13.59
15.14
10.64
12.26
11.44
12.91
10.87
0
10.66
12.86
13.7
3.69
10.23
17.31
19.96
17.13
10.22
1.87
7.95
15.28
14.38
6.16
4.51
11.29
9.98
5.61
8.41
7.25
11.76
10.94
12.34
17.82
16.42
10.15
14.42
18.79
19.17
15.15
3.99
6.05
15.12
13.16
7
9.47
4.01
6.99
-4.12
4.43
7.49
-3.87
-5.14
8.67
11.99
15.01
14.16
12
-2.7
3.54
2.03
14.89
18.06
16.29
9.37
5.27
5.11
12.71
15.97
15.78
12.5
10.9
10.93
10.97
14
18.43
18.92
10.76
4.08
10.75
11
8.27
4.21
7.55
15.24
17.32
19.36
18.47
12.94
8.1
13.24
18.1
18.01
14.2
11.6
15.1
12.79
7.91
5.75
-7.02
11.24
17.22
13.1
10.33
18.13
17.51
13.11
13.61
12.38
12.83
14.21
14.08
13.07
14.89
17.79
16
13.07
8.96
1.81
4.92
0.56
2.94
10.53
0.43
3.09
5.5
12.11
16.5
15.06
7.63
7.5
3
11.81
14.33
14.1
8.7
6.22
10.28
9.8
10.87
8.16
13.29
13.41
3.61
8.58
11.86
11.91
11.01
14.29
16.05
16.03
15.87
18.65
19.38
16.77
16.42
15.47
11.43
11.69
9.71
9.84
12.54
12.42
5.68
0.13
1.77
-4.61
13.92
17
13.41
13.29
15.72
18.7
12.86
11.97
13.88
9.44
10.82
16.5
18.19
14.57
14.92
17.89
15.38
12.61
13.2
12.46
7.54
6.13
14.32
8.15
17.44
19.59
16.25
12.72
12.73
14.87
14.22
13.41
18.92
20.35
14.81
9.33
11.03
8.48
13.48
16.75
9.69
12.85
14.98
2.62
-17.85
10.73
16.73
16.98
15.46
16.09
16.91
16.98
13.34
15.14
17.35
9.7
13.53
18.21
14.17
10.04
15.24
15.76
15.76
17.27
17.95
17.41
22.65
22.45
17.16
12.76
7.65
0.37
11.89
14.71
-2.03
10.58
2.45
13.95
18.29
19.75
19.6
16.85
14.21
11.25
8.42
0.88
14.66
17.17
11.55
-8.45
-1.17
9.79
15.35
15.01
13.4
10.86
9.6
11.54
4.54
7.48
11.86
13.63
11.43
14.08
17.58
16.66
14.78
14.01
5.75
15.22
8.63
12.03
18.21
19.32
17.31
16.19
17.53
16.03
10.35
-9.04
11.16
8.4
14.05
16.37
16.1
11.92
5.87
15.2
18.8
18.51
15.46
3.88
2.39
-0.31
7.63
9.01
5.2
14.84
16.11
15.28
15.83
3.17
13.44
14.71
13.78
6.31
8.21
9.81
7.49
12.08
14.61
11.52
15.84
19.17
18.43
18.07
15.19
10.87
9.08
11.15
9.77
13.22
13.46
9.61
10.08
11.02
9.27
5.85
7.37
10.71
7.3
8.77
10.36
10.56
-4.57
11.18
13.73
12.54
10.05
6.28
11
12.89
9.05
10.82
10.76
14.3
19.48
16.56
8.37
3.52
4.75
12.36
9.49
10.38
16.8
14.37
5.1
11.12
2.86
7.07
13.25
11.66
9.82
16.13
11.25
5.32
9.51
9.69
11.65
16.3
18.03
17.41
16.21
13.36
5.16
7.52
15.06
12.7
1.86
5.93
14.1
14.65
11.01
1.72
-0.24
10.09
9.48
2.07
-5.85
8.57
12.98
12.93
5.06
9.56
15.54
16.9
13.85
15.37
10.74
8.94
7.07
6.79
4.22
7.06
9.51
13.61
10.65
11.73
9.98
1.58
7.39
11.53
10.47
12.96
9.37
12.46
10.05
11.15
13.29
14.5
16.7
15.49
12.13
13.38
9.01
1.33
1.14
11.12
12.82
10.75
9.55
10.31
10.8
11.34
5.68
14.69
14.76
4.43
6.36
8.48
10.33
11.41
4.14
5.21
12.11
12.89
10.06
3.13
-14.53
4.73
14.5
16.9
15.49
15.75
11.92
10.15
11.46
10.51
6.43
11.86
7.86
8.94
12.45
10.27
8.39
11.78
12.74
1.48
12.24
15.91
11.91
7.92
17.56
20.15
17.3
7.16
0.05
-2.92
12.38
20.6
22.01
16.99
10.38
9.42
14.13
11.26
6.84
15.31
16.41
13.06
10.37
8.66
-6.63
6.46
11.87
14.29
13.22
12.37
16.15
12.59
11.8
12.29
14.24
-7.83
14.65
14.72
9
2.35
16.68
18.07
11.6
8.87
10.7
8.6
0.28
0.3
4.86
1.48
12.9
17.08
15.42
8.49
-1.63
9.58
14.54
15.21
13.45
11.64
7.77
-1.27
9.95
13.69
16.71
15.94
8.61
-9.46
7.69
11.62
10.16
13.83
13
-2.55
6.33
14.53
15.81
11.92
14.5
20.31
20.84
17.1
6.64
9.58
8.75
13.7
14.63
14.36
11.19
9.8
12.36
5.73
10.96
0.26
7.9
16.3
18.03
16.24
9.56
7.9
10.61
11.52
7.94
7.15
10.44
14.38
16.52
16.01
15.66
11.47
9.36
-0.36
12.14
9.27
8.31
10.88
4.13
9.65
10.43
1.33
9.15
12.24
8.67
6.01
5.88
11.95
10.37
1.97
11.52
16.52
13.22
12.69
11.3
2.2
0.42
10.78
14.39
7.57
10.15
7.11
-4.89
8.81
13.15
11.6
10.74
14.17
15.35
16.23
13.31
10.75
12.33
14.23
14.63
12.02
12.47
11.43
5.07
8.46
9.59
5.66
9.81
1.9
7.35
-4.87
13.3
12.38
3.1
0.96
5.92
11.87
15.33
15.1
4.63
11.08
10.08
-6.12
7.11
10.94
11.02
10.15
13.64
13.26
11.45
15.17
15.34
12.87
0.34
8.4
7.39
12.87
12.54
13.98
15.63
13.99
12.72
12.6
11.66
12.84
10.59
5.79
12.72
1.89
7.57
9.15
-1.95
1.72
11.11
14.55
13.81
9.63
3.89
3.05
10.54
11.7
9.49
8.29
10.03
5.1
6.32
12.71
15.81
10
-18.47
0.39
5.34
-0.24
6.8
1.62
14.22
15.88
10.35
11.12
16.31
15.56
8.26
13.89
11.42
9.07
9.61
12.05
10.81
13.92
15.91
-1.48
17.4
18.87
13.43
-0.57
11.72
16.64
17.9
15.35
14.06
14.74
9.96
7.23
9.83
7.46
8
15.48
11.06
15.86
21.25
16.72
-0.44
-3.39
-19.57
-0.37
11
11.44
11.26
15.86
15.49
15.4
15.63
14.38
10.69
9.58
7.38
10.28
8.59
8.71
6.22
7.03
8.34
13.36
14.5
1.15
9.08
14.31
15.22
13.52
9.51
7.32
-2.13
11.12
13.43
14.51
17.29
16.95
7.28
12.87
12.88
1.76
16.7
15.83
10.38
11
12.08
15.4
14.48
13.82
10.01
15.06
15.98
11.36
2.11
13.66
15.94
13.76
12.24
13.22
11.58
9.74
9.39
12.06
12.55
12.08
15.96
16.84
15.5
15.06
9.99
12.75
12.02
3.1
12.77
13.66
12.06
9.84
17.23
19.86
18.59
12.17
13.8
18.48
15.62
10.37
11.05
16.26
11.21
-0.59
3.62
7.71
11.37
13.64
15.49
15.62
13.03
14.96
18.37
18.88
17.4
15.39
12.52
19.79
18.39
6.08
15.66
21.24
19.89
16.79
17.84
16.94
13.35
10.57
6.79
2.96
7.95
7.71
14.21
18.83
16.22
8.93
18.12
17.69
15.07
10.85
7.65
12.93
14.41
5.21
10.14
13.53
16.18
16.8
10.1
11.06
11.1
9.3
12.08
14.08
14.93
10.11
11
14.22
17.86
17.41
13.03
9.31
8.93
11.74
9.33
4.29
12.73
14.65
8.58
10.17
4.96
11.37
6.95
7.41
14.54
18.73
16.11
13.2
6.64
2.67
12.81
14.42
15.58
14.37
10.11
11.3
16.43
13.56
5.93
18.98
19.85
16.91
6.06
8.72
13.23
17.51
21.24
19.92
13.25
8.26
17.65
19.29
18.59
16.88
14.98
12.07
10.21
13.87
18.02
17.3
8.11
2.75
12.08
13.38
15.43
14.96
14.01
9.53
8.32
18.61
18.39
14.66
13.21
7.47
-2.5
15.8
19.91
15.47
9.55
16.47
17.07
14.28
12.18
8.97
11.78
16.18
19.22
18.27
10.26
20.69
23.34
19.03
4.48
12.29
13.43
14
13.76
7.31
14.43
15.18
8.87
10.37
14.59
15.63
13.73
7.2
9.88
3.94
8.29
3.64
3.75
2.35
10.39
-2.01
14.85
14.38
15.23
15.38
8.77
13.66
16.5
14.51
11.82
10.6
7.71
3.64
6.45
9.46
15.24
16.58
16.17
15.39
12.88
3.33
14.42
15.85
13.76
11.88
11.76
11.8
11.21
8.43
9.67
11.29
-1.96
10.92
15.79
13.37
4.2
-5.86
8.7
13.69
15.74
14.03
13.52
18.34
21.13
20.19
14.23
13.11
17.58
16.93
8.88
12.96
17.59
16.46
14.67
12.84
8.77
14.72
17.7
15.7
6.57
7.79
11.24
10.63
15.26
15.26
7.96
12.83
15
16.89
18.74
17.38
16.99
15.31
6.66
10.73
14.09
12.95
12.06
7.11
-4.38
1.17
1.88
1.43
8.4
6.02
2.81
6.14
15.82
20.14
16.57
12.26
17.63
16.81
12.87
15.41
17.24
15.02
2.51
13.73
20.07
21.58
19.23
14.15
9.38
4.2
6.37
15.07
17.21
18.16
15.29
6.02
-8.87
10.67
12.22
0.22
12.33
14.59
12.81
7.75
6.9
11.56
13.6
10.66
-1.33
13.08
12.46
6.48
-10.61
2.04
-10.41
11.43
13.92
8.01
12.82
15.95
11.21
6.39
15.09
12.5
8.6
17.69
18.95
14.92
9.65
-0.62
6.33
1.73
9.6
-0.81
5.2
13.23
13.33
6.89
9.53
15.4
15.7
5.8
8.99
13.26
9.4
5.51
11.8
3.68
11.68
13.59
10.65
10.11
13.06
10.84
9.09
13.3
15.18
13.95
10.8
8.72
13.23
16.28
11.71
11.32
16.03
13.26
18.82
19.88
16.12
9.88
2.34
11.13
10.62
-0.29
7.88
11.33
8.73
0.27
-1.41
7.6
12.6
12.22
5.68
16.42
17.62
14.77
5.29
12.48
18.93
17.73
5.43
15.79
16.86
14.82
15.55
13.19
-6.27
8.41
6.39
9.22
9.72
10.32
10.8
9.1
18.52
18.48
11.02
1.38
0.14
9
15.02
16.98
14.6
11.3
11.04
11.05
9.65
8.44
8.64
13.31
14.34
15.46
15.84
14.04
9.4
8.46
9.87
4.54
0.78
9.21
12.46
15.51
16.32
13.7
2.63
11.31
14.39
18.44
17.21
14.75
14.95
18.88
20.69
16.88
13.38
8.6
7.16
12.21
14.57
15.86
16.65
14.53
9.53
13.8
14.41
13.66
8.91
8.7
9.79
0.84
11.8
15.37
13.18
10.27
12.52
6.12
10.01
15.71
15.46
12.89
11.91
16.37
19.91
20.36
16.55
11.87
12.08
13.84
15.96
13.39
13.45
14.12
11.38
8.97
9.98
12.36
14.34
13.91
10.44
7.42
13.3
17.12
16.03
15.52
11.82
13.01
17.14
14.55
8.93
7.95
6.83
-2.3
11.15
14.46
14.39
15.23
17.54
17.19
10.97
9.11
11
1.09
9.65
11.13
12.21
7.05
12.38
16.23
12.48
7.47
9.31
13.52
17.34
19.63
19.21
15.92
11.56
15.15
20.04
19.92
15.28
13.67
14
9.99
8.3
16.19
20.2
18.78
5.19
12.02
10.89
-4.4
5.51
-7.57
1.94
-5.41
9.08
9.71
5.69
11.79
10.65
15.6
14.72
12.41
14.64
19.4
21.73
20.42
17.06
14.63
12.42
12.31
9.7
-9.39
4.09
5.15
-11.16
-4.74
6.32
11.21
11.36
8.64
-0.48
7.66
13.26
16.2
19.96
21.25
18.32
15.25
14.97
9.24
-8.56
10.28
14.82
13.98
16.93
19.82
18.36
15.34
14.79
9.94
10.55
10.9
9.64
12.87
12.8
13.62
1.1
9.11
11.88
9.85
21.09
20.13
12.42
12.24
11.41
11.9
15.21
17.52
10.23
12.5
14.79
10.14
12.11
16.25
17.77
17.8
16.06
12.78
11.11
12.49
14.5
11
9.14
15.94
14.9
17.04
18
17.05
15.31
12.26
11.05
14.05
15.77
13.74
5.5
8.64
8.87
5.11
6.95
10.62
12.58
11.57
10.96
11.94
9.59
11.67
16.51
15.6
12.57
14.11
15.82
15.21
13.31
9.88
-0.16
9.89
10.28
0.22
7.79
4.99
14.32
12.18
-10.19
4.04
7.43
12.39
13.74
13.63
13.72
14.2
16.46
17.28
14.8
17.01
18.38
17.1
15.69
16.93
19.14
20.48
18.93
13.5
6.77
9.53
12.97
15.04
13.86
10.71
11.02
13.31
16.56
15.97
10.71
7.54
3.12
10.56
12.59
12.01
7.17
4.84
11.95
11.79
10.16
10.03
9.88
14.5
9.36
-8.56
14.56
18.52
17.33
16.95
10.45
5.01
14.95
17.48
15.46
9.35
4.14
14.46
19.09
19.22
18.02
16.66
14.26
10.3
7.01
4.01
-2.95
13.04
14.25
7.89
5.21
9.42
13.67
15.38
9.86
12.11
14.09
9.15
9.96
16.08
11.91
7.47
13.92
15.31
14.66
17
18.07
11.07
15.81
17.23
12.12
0.66
3.08
-5.24
7.64
-1.76
4.97
11.47
17.22
15.52
10.35
6.88
15.38
18.02
12.08
7.1
13.47
15.22
15.38
13.59
11.31
4.04
0.05
8.27
14.35
14.6
16.64
19.89
18.63
