0.63
-11.56
6.45
5.47
1.47
-8.77
8.11
12.75
7.31
5.22
7.02
5.14
0.29
5.96
5.74
12.98
12.55
7.27
5.25
13.35
12.69
12.58
15.99
17.84
16.07
11.32
3.86
5.14
6.29
8.45
3.98
1.41
-0.83
11.55
10.96
10.71
13.48
14.32
13.47
6.86
5.39
8.54
6.73
8.99
10.74
13.88
12.53
-7.21
3.62
2.55
12.56
15.05
12.23
1.68
11.06
11.39
5.63
4.7
11.89
12.29
14.59
17.61
15.76
8.73
11.89
8.93
-5.1
8.31
8.5
11.74
9.7
1.21
2.41
2.1
8.17
9.49
8.34
3.81
9.23
12.23
8.1
3.92
12.49
13.16
11.92
13.25
14.04
9.58
5.45
5.74
7.71
8.85
7.43
3.54
9.05
-1.09
-0.66
9.47
8.76
3.87
2.59
5.3
4.64
11.67
12.21
8.29
3.4
4.7
5.19
14.51
14.28
9.95
13.33
12.86
12.24
10.04
8.89
10.98
10.97
9.44
6.74
8.64
11.11
4.49
1.06
3.79
6.87
-4.72
3.95
-1.68
8.78
14.68
12.81
10.93
12.35
7.01
5.88
14.99
15.78
15.24
12.53
-5.84
9.4
4.59
1.51
5.03
5.38
12.45
14.41
13.99
12.85
5.63
-1.54
2.99
3.43
7.58
11.25
11.45
8.57
10.28
7.99
-5.18
8.84
14.4
13.31
9.45
10.87
13.89
11.42
5.46
2.57
8.26
10.69
9.98
11.06
12.92
14.66
12.46
5.38
12.63
14.9
13.34
16.31
15.86
10.65
8.74
6.84
14.19
14.65
8.62
1.69
11.13
8.3
5.83
11.12
5.71
6.42
10.54
12.19
11.5
9.06
3.62
5.51
6.26
2.91
8.41
12.56
9.46
13.66
10.06
-0.96
3.1
1.26
7.66
9.07
3.25
11.13
17.41
15.44
5.62
12.13
11.87
11.19
15.35
17.17
11.87
-14.98
3.11
8.55
11.24
6.16
0.2
3.04
12.1
12.78
11.24
11.57
11.88
8.09
4.69
8.49
11.85
8.54
12.14
10.52
6.81
9.81
7.41
2.02
6.71
12.59
15.04
14.6
10.39
-10.19
4.55
0.61
0.64
2.41
5.79
14.71
16.18
16.34
13.88
5.68
13.42
8.15
8.4
13.93
14.33
8.6
5.22
13.54
14.65
11.15
6.8
7.3
6.5
2.34
0.73
7.52
9.05
2.03
0.56
2.99
3.75
2.22
1.53
4.58
8.82
12.72
11.31
-1.25
8.65
4.53
6.58
7.21
7.79
1.59
5.78
11.34
9.49
5.39
3.86
3.03
9.99
15.33
10.56
5.62
7.57
6.59
7.97
4.9
4.78
8.36
13.12
14.93
10.48
5.46
10.95
9.87
15.32
14.12
12.49
12.33
13.97
14.77
12.28
8.38
2.72
3.98
8.05
6.92
9.79
6.01
-2.77
7.14
9.2
16.23
17.73
14.06
10.88
12.86
9.1
9.64
13.47
12.04
9.32
10.38
12.9
12.8
7.51
-1.4
2.35
12.62
13.79
10.1
-1.86
8.04
10.39
11.15
8.31
9.27
10.18
11.48
7.29
0.07
-2.4
-4.72
7.9
11.44
11.28
7.4
7.43
-4.76
7.18
13.28
17.03
16.41
13.55
12.62
12.39
-0.2
4.89
6.37
3.41
-4.63
5.02
1.02
4.12
7
6.39
5.16
9.74
5.32
-3.64
5.31
2.64
1.81
5.7
11.19
9.48
15.45
14.97
11.62
11.9
12.55
12.35
3.69
7.3
10.16
13.7
12.22
10.1
7.97
10.13
9.81
9.02
13
17.01
16.87
13.06
0.06
9.88
10.26
10.18
10.48
13.4
11.49
3.09
13.04
12.05
4.67
15.07
17.55
15.16
8.3
8.39
13.67
12.4
6.96
-1.8
10.35
11.28
9.54
7.57
-1.52
3.81
9.66
12.84
8.36
6.4
-0.6
9.39
13.48
14.14
14.5
10.29
9.73
11.14
3.27
-1.71
-0.03
5.14
2.26
8.45
9.6
11.99
14.09
14.48
13.95
8.46
9.18
14.44
15.7
14.55
6
8.71
13.78
9.41
9.16
13.12
15.37
15.74
11.98
12.41
15.5
14.61
8.01
4.99
11.74
12.75
5.87
10.36
7.16
-6.87
9.1
11.49
5.67
3
6.62
11.32
8.56
10.68
12.43
15.28
15.24
11.2
6.49
6.33
3.81
-2.49
11.74
11.32
10.41
12.14
9.99
6.26
9.08
16.65
13.76
-5.55
3.4
9.03
9.57
5.65
-9.68
1.66
12.33
13.68
13.25
8.96
4.46
7.78
10.58
11.9
10.5
12.88
9.31
0.14
4.42
8.35
4.41
1.49
7.41
1.08
8.09
-2.46
5.71
5.28
-6.66
1.95
2.8
5.48
11.19
-1.67
8.89
9.17
6.7
1.21
12.99
12.26
8.17
10.29
14.37
12.69
9.54
8.14
8.12
11.16
14.4
15.89
16.92
14.52
11.06
13.3
13.2
10.47
10.57
6.3
15.82
16.42
10.27
7.52
9.31
11.73
1.55
13.16
13.24
6.49
8.1
11.07
11.83
8.69
5.54
-2.31
6.55
4.09
8.5
10.48
11.95
15.24
12.13
-0.27
8.33
8.9
7.44
8.31
11.6
7.53
4.94
7.45
7.54
10.11
3.41
12.1
10.73
4.73
3.39
11.77
9.59
3.26
4.14
1.2
6.62
6.23
8.16
12.94
16.52
14.92
11.38
5.52
-8
2.9
8.69
9.97
10
4.41
7.5
13.99
13.39
1.81
6.1
6.47
8.28
12.13
13.51
7.39
-12.3
1.27
7.92
5.42
-1.54
3.01
8.14
8.46
10.79
1.75
4.38
10.39
10.7
7.56
7.8
7.62
1.33
5.71
9.29
14.44
14.29
13.58
13.68
12.9
11.38
9.61
5.32
7.32
11.95
12.21
11.95
14.61
17.71
15.66
-3.43
10.66
13.4
11.34
6.09
5.29
9.56
-1.08
3.5
4.56
2.15
0.75
8.14
10.67
8.52
11.52
13.29
12.96
10.6
9.49
13.04
13.67
11.56
2.05
-3.54
7.26
11.5
15.79
13.01
4.88
6.35
14.4
16.1
11.97
10.39
14.31
13.11
8.63
6.65
6.73
8.64
1.33
2.65
9.48
10.97
10.63
8.67
11.2
14.56
15.07
12.75
7.08
-8.23
5.21
8.96
8.6
-5.01
6.82
1.61
10.12
11.37
12.88
15.46
15.32
9.62
-7.37
3.35
0.12
8.43
14.7
12.51
3.53
9.76
9.41
13.29
12.31
11.55
5.18
8.61
14.64
14.01
9.34
10.44
14.3
14.86
13.69
7.94
8.48
12.1
8.24
10
10.36
9.08
11.97
14.77
12.48
7.39
12.69
15.51
16.74
15.32
11.8
11.6
11.99
11.23
10.43
4.13
7.92
-1.4
5.32
4.28
7.22
5.76
6.09
10.87
15.36
15.83
10.05
8.93
15.64
23.61
17.73
17.03
18.67
19.09
20.52
21.36
9.1
21.02
24.81
26.78
27.55
21.98
16.14
17.03
13.21
5.5
2.26
15.26
21.13
23.34
22.12
19.07
17.51
8.37
21.72
24.41
21
14.74
5.78
18.1
13.75
20.6
28.59
29.55
23.41
27.96
30.16
25.61
20.6
16.27
13.59
7.01
12.34
16.15
18.44
19.75
22.88
26.14
25.33
18.89
25.01
23.33
29.83
32.11
30.22
26.21
23.33
20.5
17.81
20.61
25.74
27.06
22.75
17.14
19.72
20.17
19.55
13.35
17.2
20.87
21.35
20.01
17.41
15.64
8.61
20.69
22.25
24.13
26.17
23.17
12.8
21.04
22.91
15.4
23.08
17.23
15.21
22.17
17.25
20.37
22.76
13.6
22.32
27.48
23.35
24.41
18.65
14.01
19.3
21.31
20.32
15.79
11.32
15.3
13.49
11.04
8
18.81
21.64
17.61
14.11
18.83
23.53
24.93
19.48
18.23
20.12
24.58
26.98
26.72
26.06
25.18
14.11
14.1
8.64
17.01
16.74
13.92
10.77
11.49
16.15
16.39
16.23
23.57
20.93
14.4
8.29
17.46
17.97
-2.68
14.27
22.55
23.7
18.6
5.85
20.08
29.51
27.66
-6.3
24.18
26.24
24.6
19.7
13.91
10.3
10.3
6.93
13.27
25.95
27.23
25.79
25.14
21.83
21.97
22.68
20.81
24.73
24.54
20.88
27.36
28.32
22.37
16.96
24.92
28.5
28.2
24.9
24.01
26.3
23.73
18.75
23.6
24.2
15.48
21.67
27.78
30.86
28.44
20.08
26.35
27.2
18.88
19.04
20.02
11.96
16.71
12.71
14.17
16.85
6.09
9.89
20.57
16.7
25.6
28.04
20.34
20.6
21.57
19.74
21.08
19.51
15.25
7.25
23.38
27.09
26.5
22.5
19.7
17.22
21.96
16.37
18.17
12.94
23.23
24.48
19.7
4.17
16.48
18.49
16.43
23.03
24.75
23.55
23.27
21.3
20.18
17.71
12.53
-7.88
17.33
21.23
20.59
18.59
15.1
19.99
20.45
19.75
15.16
26.94
28.09
21.02
2.61
13.91
15.87
15.28
18.61
14.48
16.2
-3.81
24.07
28.15
25.8
22.26
22.58
21.36
4.38
24.03
27.59
27.2
26
22.91
10.38
26.26
25.97
18.52
18.77
6.01
18.16
19.73
11.57
17.04
21.01
26.29
27.92
17.85
16.87
18.51
20.51
24.3
24.1
16.94
4.46
13.33
22.12
14.44
24.05
18.36
4.5
18.81
16.7
14.85
19.38
16.73
9.34
4.59
4.44
13.99
16.33
8.71
16.25
18.31
19.88
17.04
17.68
21.67
22.7
21.27
18.03
15.38
18.51
16.99
12.82
12.61
14.09
15.87
14.7
9.55
15.48
17.53
16.56
14.89
11.25
14.64
18.4
17.49
21.04
21.02
16.31
10.31
14.7
-0.8
7.63
9.74
18.91
10.84
17.61
18.08
9.05
8.41
17.86
18.73
9.21
13.65
8.61
14.33
13.95
2.67
8.35
13.94
14.52
18.27
22.75
25.2
24.37
20.14
12.82
15.53
17.52
14.88
10.21
13.23
13.17
4.51
7.34
17.3
17.88
13.32
8.02
9.28
8.62
-2.53
16.13
19.04
13.78
7.36
7.04
8.44
10.78
10.98
11.27
10.15
13.34
18.2
18.43
14.41
15.69
12.87
2.65
15.41
16.52
16.77
19.42
18.64
22.11
18.1
17.71
17.36
16.51
14.68
16.81
17.74
19.35
19.74
14.99
14.73
18.39
25.78
25.33
23.03
17.48
14.16
22.9
24.23
20.17
3.29
18.81
23.86
21.56
7.72
20.57
13.09
22.65
27.83
24.75
15.65
17.65
24.56
28.87
26.78
21.33
20.51
20.4
21.66
22.42
19.43
20.56
20.05
21.15
16.51
19.02
25.46
23.87
17
0.32
8.56
17.16
19.53
24.44
25.39
20.07
19.86
23.33
18.33
13.78
18.56
8.89
16.52
17.73
19.25
20.86
20.68
23.6
19.41
15.88
18.06
18.84
5.15
17.76
4.43
20.75
27.14
24.25
13.53
12.65
12.14
5.69
23.97
29.34
29.92
27.1
24.26
19.59
16.66
8.73
8.57
19.6
26.51
30.81
29.8
24.41
25.51
28.79
21.31
21.17
23.13
22.46
17.99
17.44
21.83
23.75
23.13
16.41
17.62
23.6
19.96
16.92
20.79
20.58
24.88
28.84
29.21
30.32
29.06
24.1
18.86
21.44
25.29
24.98
23.61
24.19
25.76
25.88
21.32
14.21
18.54
22.92
25.57
25.07
25.6
25.01
19.88
19.35
27.07
25.94
23.82
25.45
26.13
16.29
16.8
19.78
15.27
17.51
24.52
20.24
17.06
26.05
24.93
13.15
18.38
24.4
23.33
23.08
22.35
16.12
22.03
18.54
16.57
15.78
19.03
23.54
23.01
25.55
27.77
26.88
23.53
12.95
21.42
22.19
13.86
23
23.93
25.3
23.33
18.37
22.46
23.14
21.65
21.67
22.79
18.87
20.09
21.96
22.13
26.23
29.58
27.92
21.96
24.71
26.51
24.06
28.11
25.2
17.07
20.51
25.87
21.35
4.35
20.06
20.51
18.96
21.57
27.07
26.49
21.55
15.2
26.01
26.06
20.93
10.92
12.96
17.52
25.14
24.81
16.35
22.88
20.96
15.21
20.49
22.95
16.75
11.37
12.7
17.89
0.33
22.82
24.22
6.31
19.76
21.6
20.59
13.01
17.86
13.84
23.02
18.37
20.08
13.57
18.44
21.67
16
14.83
17.69
21.32
18.1
12.36
21.73
22.33
24.61
24.9
20.48
19.28
14.63
13.06
21.69
18.08
23.04
23.42
11.71
9.84
-2.4
16.45
17.43
20.68
26.58
19.83
20.69
21.89
8.73
18.75
21.99
21.49
3.3
23.91
25.91
21.4
4.01
21.06
20.69
16.29
19.59
18.02
18.23
21.21
20.45
11.31
15.66
17.62
11.07
14.5
18.38
15.49
-2.25
15.72
19.28
17.99
16.96
14.48
19.65
17.41
20.84
16.52
13.45
23.26
25.43
24.46
19.85
17.92
16.85
17.55
18.64
17.39
18.14
21.01
16.11
5.68
13.6
18.67
15.29
1.68
11.65
21.86
22.67
20.98
20.99
20.31
21.38
18.34
17.18
12.96
14.18
20.39
16.73
12.78
18.66
14.16
15.27
16.64
13.65
18.51
20.58
19.46
11.74
14.9
21.27
24.4
27.77
26.76
21.88
16.6
14.58
8.7
18.53
21.49
20.23
19.43
21.67
18.2
10.75
8.51
17.73
17.5
-1.09
17.6
20.41
13.04
18.46
25.42
26.01
19.83
17.92
21.89
23.33
19.49
21.31
21.12
14.82
19.7
25.15
20.83
-2.58
17.81
17.72
18.23
18.18
6.44
20.34
22.2
13.76
16.91
22.71
23.98
17.04
17.81
21.37
21.22
23.13
23.01
17.32
13.3
20.32
24.86
23.75
13.68
21.61
23.6
14.91
21
23.33
26.01
25.06
17.9
19.52
21.57
25.15
26.22
20.6
17.42
20.73
22.83
24.42
20.35
14.14
10.67
16.28
19.6
17.76
12.08
15.22
19.18
20
22.01
20.58
22.56
23.88
23.21
20.87
26.05
28.5
25.93
20.69
19.53
21.15
-1.51
22.93
22.95
20.36
20.31
22.47
22.8
21.67
22.87
20.24
11.57
12.49
17.8
21.77
24.43
27.63
24.1
14.76
24.48
26.2
22.9
16.42
16.2
25.63
26.28
21.73
18.87
21.33
17.28
19.09
22.47
26.01
25.79
20.93
18.65
17.37
19.15
21.62
17.82
13.29
22.46
22.57
21.17
20.33
19.55
23.92
22.1
16.12
10.55
19.87
17.96
7.75
21.15
22.19
14.4
6.76
12.98
15.46
15.46
18.45
24.92
24.85
23.5
21.51
17.48
7.81
2.24
10.62
15.57
16.96
22.18
19.87
15.02
24.08
26.25
22.62
12.33
-14.51
23.06
33.73
32.11
20.69
25.07
19.95
19.53
23.36
17.73
26.89
26.92
25.86
25.99
23.37
11.17
14.36
15.57
12.59
12.93
26.7
33.94
34.97
30.05
20.91
25.79
26.58
16.81
13.8
7.44
17.1
20.73
25.86
23.17
19.72
26.36
27.9
21.77
22.54
21.31
13.37
13.34
18.37
15.79
20.74
24.18
36.54
36.7
31.13
24.46
18.63
9.76
24.57
28.11
27.11
24.51
25.69
27.41
24.81
16.82
17.6
24.74
22.65
20.38
22.92
19.96
21.85
20.83
13.93
15.29
-1.18
17.61
5.38
18.99
38.19
46.05
44.43
31.72
17.85
6.02
12.07
9.98
19.01
21.56
29.33
26.92
23.46
26.02
20.38
20.21
21.69
19.83
21.13
21.32
21.22
20.95
24.83
29.88
36.93
36.07
29.4
26.18
22.5
15.25
5.46
7.83
13.44
11.99
4.93
19.86
21.48
19.64
18.31
13.67
15.17
10.5
21.63
21.98
27.83
25.09
21.45
26.74
22.36
12.23
17.97
24.66
29.41
39.1
42.37
37.58
26.13
25.69
25.56
20.96
19.18
26.51
26.05
17.68
11.44
17.62
31.76
34.54
29.08
23.99
24.97
15
19.12
20.14
18.22
14.32
13.6
20.22
21.1
23.8
26.61
25.31
33.75
45.16
45.93
36.43
23.26
20.87
19.56
24.72
21.15
21.84
23.56
23.39
19.46
18.43
19.06
16.27
25.09
28.18
25.05
17.32
23.15
23.35
19.9
24.62
19.88
17.1
23.13
22.93
20.17
24.4
27.5
28.79
28.19
25.29
22.29
22.14
26.01
26.74
24.28
22.55
24.39
26.18
26.3
23.33
19.62
16.66
18.37
28.09
29.25
28.77
26.68
24.8
15.17
37
42.75
39.47
28.02
2.59
15.11
22.77
25.03
25.44
26.31
24.06
15.36
17.92
24.34
22.5
15.62
9.88
15.46
23.78
24.89
20.32
21.02
18.46
14.64
13.95
16.05
14.58
17.11
21.51
21.3
15.13
17.92
18.38
20.96
23.04
22.55
20.91
22.01
21.93
21.28
20.18
12.37
8.34
16.16
25.32
24.54
10.2
16.5
24.08
24.53
20.11
21.01
21.21
22.61
21.41
20.11
18.66
27.15
26.6
24.42
11.74
22.53
25.04
23.11
21.91
8.02
23.13
28.27
28.79
24.51
13.04
21.5
34.47
40.24
37.71
26.51
25.1
30.04
25.78
25.68
25.86
21.56
15.03
33.05
36.12
28.71
29.05
21.18
22.18
23.71
32.65
31.9
23.09
23.65
26.99
24.14
7.82
18.38
25.02
27.57
25.08
25.12
24.26
28.26
31.26
28.58
25.14
24.96
26.1
26.88
24.71
8.56
26.86
32.32
29.61
15.56
19.64
21.61
25.21
26.64
26.76
26.37
23.09
23.41
19
14.32
18.29
21.99
20.86
21.62
28.03
29.37
28
27.5
22.28
22.88
28.91
30.8
29.03
24.64
26.5
29.45
30.7
22.74
23.96
30.45
26.95
20.85
26.92
28.37
37.97
47.59
48.09
38.76
14.55
27.89
33.81
33.88
31.54
38.04
49.06
50.63
44.23
33.13
28.76
27.4
29.33
28.92
23.8
22.58
29.78
31.77
31.22
34.2
30.76
23.22
22.55
14.58
27.68
29.9
28.85
29.74
31.21
27.12
20.62
15.06
29.25
29.64
18.56
24.74
25.5
25.6
28.09
23.14
22.7
27.14
23.65
22.15
18.38
25.81
29.33
30.39
29.45
26.59
28.22
26.86
19.77
31.16
28.2
21.64
28.44
31.95
32.94
30.66
24.63
21.96
25.97
24.76
22.83
29.33
30.21
25.28
21.25
14.37
24.61
31.88
33.26
31.9
26.53
26.53
33.23
34.33
27.58
25.71
31.1
27.54
20.1
13.67
18.65
18.55
18.91
23.96
26.82
22.36
19.75
26.36
24.21
22.07
26.67
26.77
13.53
25.2
31.03
34.13
33.41
27.44
23.76
21.19
6.89
23.71
30.59
33.15
31.66
24.88
24.74
30.14
27.7
12.25
11.45
22.08
28.66
29.98
25.78
21.1
29.12
29.57
29.91
28.57
24.98
22.79
15.04
17.72
25.32
28.77
28.67
29.67
27.24
23.03
21.49
30.25
28.76
20.56
28.8
27.75
18.03
26.44
31.23
30.79
25.2
17.94
29.23
32.24
32.64
32.8
31
25.21
29.31
28.19
24.37
26.01
27.08
28.99
31.47
31.73
30.76
28.01
27.89
27.77
25.11
23.75
23.96
21.95
25.38
23.16
24.11
26.46
25.16
22.6
25.75
28.71
25.38
17.79
23.79
26.73
22.75
25.69
28.29
26.01
28.29
30.19
30.12
25.45
11.77
26.33
27.69
26.42
24.83
18.25
18.72
19.51
23.68
28.37
31.57
30.32
24.29
17.88
25.69
27.47
25.18
18.4
22.88
22.27
11.26
8.44
11.63
21.98
26.61
26.77
21.02
25.77
28.53
26.19
22.94
15.66
20.04
24.58
21.1
21.75
14.39
23.57
31.14
32.05
29.6
30.09
29.04
22.17
6.26
11.89
17.21
24.5
29.15
29.76
28.61
32.7
31.49
21.76
21.41
26.07
26.08
23.92
24.64
22.29
12.65
23.9
28.51
27.39
18.81
27.41
31
29.68
25.01
24.29
26.02
24.99
25.65
26.77
26.47
27.54
25.11
16.67
7.96
16.76
21.93
26.48
28.84
27.61
23.7
24.82
25.87
27.67
28.92
25.73
19.17
22.36
26.88
27.45
25.41
26.23
27.44
25.91
18.16
2.97
10.32
19.75
15.79
11.68
21.09
20.48
13.72
18.16
27.04
28.36
27.16
25.61
23.84
23.52
23.13
24.15
24.14
25.11
14.53
20.04
23.24
27.79
23.78
24.74
30.39
28.33
24.85
30.21
23.88
16.47
22.7
25.21
31.16
32.29
23.34
28.94
31.06
19.9
17.36
14.4
27.23
29.52
23.63
13.86
26.75
29.63
24.57
22.13
30.53
29.73
18.99
20.35
23.71
24.43
25.37
25.12
20.07
25.64
28.11
25.71
24.65
30.53
27.9
24.35
17.98
24.39
29.02
33.45
30.97
28.82
29.09
17.3
15.97
16.77
20.18
23.79
27.52
23.62
15.05
20.26
26.17
28.06
29.19
26.24
23.76
26.37
28.07
27.44
27.31
27.98
23.55
16.51
30.26
33.02
27.83
20.55
26.42
34.44
26.92
26.05
26.81
27.4
29.78
20.93
13.02
17.57
12.48
21.71
21.05
13.06
23.3
26.28
21.12
28.68
29.48
24.71
23.9
24.84
16.31
20.57
22.65
13.87
12.68
27.08
23.47
25.98
29.69
26.91
25.88
16.3
21.13
23.64
14.51
19.38
24.05
26.27
30.34
26.51
27.44
30.78
23.65
20.18
22.33
28.34
29.9
28.76
19.2
17.85
24.97
24.75
19.56
23.43
26.54
26.05
20.51
18.35
27.27
25.91
18.62
26.21
23.88
24.75
22.1
23.83
27.5
24.77
17.55
15.49
11.13
20.39
26.38
22.97
20.85
21.89
20.06
21.95
20.41
14.03
17.27
19.77
17.96
28.5
26.86
23.28
30.96
29.37
21.86
21.73
25.09
24.64
20.6
15.73
24.97
17.61
23.5
25.17
22.02
22.96
23.87
19.91
17.49
21.09
24.57
24.83
24.99
26.72
25.62
20.93
22.41
25.13
21.24
16.91
23.02
19.12
7.52
22.77
25.95
15.47
22.31
19.91
18.3
18.83
21.1
23.8
21.83
17.05
25.56
27.83
26.92
23.74
18.84
18.72
24.11
22.49
23.07
22.79
16.21
15.68
19.3
18.7
0.15
14.71
19.49
20.39
11.87
7.22
18.72
7.82
18.09
11.9
21.86
23.07
21.44
20.35
20.73
14.01
18.08
16.59
11.44
9.23
23.52
28.29
27.62
16.71
20.93
21.9
11.71
17.9
16.93
17.43
24.58
24.89
16.51
15.31
12.17
14.3
19.56
18.82
9.07
7.88
5.42
16.09
11.27
17.2
12.78
20.52
6.96
22.67
19.39
14.33
16.51
12.9
18.83
23.47
23.29
13.22
19.94
16.29
8.07
0.35
1.62
15.37
16.3
2.59
19.79
17.26
11.2
12.23
17.13
19.78
19.21
20.42
22.73
23.65
21.09
20.17
24.52
26.2
24.48
22.42
22.21
20.3
13.63
8.26
18.49
16.5
12.47
19.65
19.29
14.45
0.3
6.13
9.84
14.28
12.13
19.93
23.41
22.35
18.84
18.67
22.53
23.47
19.09
16.97
14.37
5.58
9.64
14.01
15.79
18.34
22.23
24.51
26.07
26.52
23.92
16.94
19.58
24.12
22.91
21.68
20.43
16.61
8.91
14.76
20.62
19.51
16.95
20.27
20.23
22.91
20.78
-3.52
15.42
13.48
18.54
23.03
22
14.26
10.84
15.74
14.8
17.88
23.13
20.01
18.45
21.85
4.55
16.35
18.33
24.84
26.09
23.58
20.67
22.46
20.72
4.64
15.61
16.55
17.51
14.43
19.92
20.77
22.52
20.22
20.36
25.05
22.6
0.46
17.34
21.09
23.14
9.34
21.61
19.43
15.13
-1.52
17.68
15.59
20.5
18.73
17.88
24.42
23.52
15.49
8.49
16.12
23.64
23.14
23.58
25.32
23.05
14.63
12.9
12.04
13.17
16.32
18.34
18.66
20.51
23.35
23.45
13.27
12.03
15.37
17.06
14.31
9.05
8.82
16.2
13.92
15.46
21.48
16.86
7.82
0.65
14.47
17.88
17.85
12.61
25.14
27.73
25.58
13.42
19.05
20.28
21.97
25.86
24.92
17.28
19.31
20.53
10.65
16.6
6.02
15.37
20.43
19.79
15.76
10.89
18.71
23.9
22.38
21.78
20.11
14.89
19.17
17.76
15.64
13.75
14.47
16.23
20.96
23.57
20.99
18.53
12.17
8.13
12.74
5.1
11.81
21.27
26.72
26.85
24.27
21.29
19.25
18.82
16.2
18.14
23.53
22.3
9.31
8.89
21.57
23.57
25.15
24.82
20.24
12.57
22.7
14.23
24.26
26.97
26.11
22.2
10.31
6.45
15.62
15.22
18.91
21.78
17.65
13.8
9.57
16.38
20.48
17.39
18.8
18.85
6.4
14.03
23.78
25.85
15.33
23.55
28.09
25.74
20.84
20.3
13.3
21.58
19.97
15.99
11.23
12.11
14.49
17.05
21.48
14.44
17.21
23.65
26.42
21.5
30.37
36.74
34.69
27.95
21.51
17.81
14.8
17.45
17.58
6.9
6.85
14.95
10.89
10.28
13.17
23.23
24.85
23.12
15.42
21.44
27.37
27.54
23.68
21.31
19.61
16.81
21.92
20.45
16.36
14.18
19.55
15.73
16.18
23.88
25.7
24.83
21.17
19.84
21.9
22.97
24.43
25.13
21.71
12.98
6.61
18.22
24.33
23.75
17.12
18.69
18.73
16.9
20.32
17.96
17.39
17.41
-0.19
21.09
20.87
17.9
14.38
14.09
20.13
-8
19.63
21.26
18.24
6.28
17.94
15.2
12.83
18.37
23.93
23.22
19.47
17.59
22.87
26.89
24.48
16.36
11.41
20.98
25.13
24.9
23.62
19.66
19.46
17.02
7.84
11.71
11.9
22.45
25.2
21.84
17.97
12.29
2
6.84
12.53
16.92
5.41
22.15
26.37
23.07
15.01
20.49
22.95
23.47
22.66
25.46
24.15
17.35
15.82
11.59
14.2
14.43
17.58
24.31
20.39
13.32
23.74
25.95
22.97
12.71
18.7
19.5
17.54
20.99
25.13
23.64
11.35
17.95
17.15
16.9
9.65
16.77
20.88
14.2
17.26
23.06
23.97
20.57
12.92
18.27
21.4
23.3
21.03
18.73
8.72
18.96
23.81
24.74
23.89
21.21
14.81
11.97
12.34
-2.57
17.25
17.17
11.49
21.14
18.71
9.63
22.29
24.44
23.82
21.28
12.95
21.69
23.44
24.68
21.96
11.74
17.28
19.26
19.17
20.13
22.2
19.92
9.63
14.84
16.12
13.76
16.53
16.13
11.55
6.28
8.06
12.82
16.51
22.65
25.78
24.93
13.81
17.81
15.1
16.2
12.37
11.64
14.83
18.83
24.77
25.93
22.09
11.72
18.75
23.4
23.88
20.94
25.35
24.84
17.76
-0.12
15.03
19.32
18.67
15.25
13.6
21.4
19.49
13.78
21.2
19.24
17.2
21.25
19.6
13.86
19.44
21.49
21.03
18.82
10.59
16.95
23.49
21.65
14.7
20.32
23.5
24.6
23.93
21.35
8.02
15.15
15.14
16.58
17.55
19.05
16.09
14.34
19.77
21.91
21.36
22.24
21.82
18.04
12.47
13.95
18.13
9.43
11.21
9.79
9.35
17.86
19.54
16.43
15.25
18.56
16.39
11.29
7.93
-2.13
8.11
3.93
7.87
9.41
15.15
15.15
12.46
8.57
9.05
11.99
8.93
13.77
7.47
6.05
10.01
10.67
17.28
20.93
21.49
17.98
9.09
5.96
13.1
3.93
7.34
2.04
-1.26
10.72
16.58
15.81
16.3
21.41
20.81
16.48
9.27
11.26
18.46
20.29
20.03
19.31
11.32
12.49
17.18
15.51
15.14
20.82
21.26
20.48
22.11
20.87
12.39
12.96
18.36
18.71
18.53
15
14.06
10.4
10.77
15.76
18.98
16.8
11.55
13.3
9
8.06
14.62
11.93
3.87
13.51
10.7
12.18
9.14
5.04
11.56
11.78
8.46
11.2
13.61
10.61
14.54
10.55
1.83
14.12
14.86
10.86
0.12
13.13
15.13
13.94
12.18
2.33
7.65
3.6
4.46
9.13
6.22
-1.21
-5.34
14.23
16.98
13.36
9.38
13.41
16.45
16.5
17.86
17.52
18.07
16.79
10.15
3.82
7.51
9.75
6.24
15.64
16.22
12.57
11.01
15.99
17.96
16.44
12.98
0.79
10.01
8.74
8.05
14.48
19.03
18.6
13.51
11.21
7.28
16.84
20.36
18.99
8.66
11.53
7.25
8.4
6.69
11.36
13.19
13.96
16.46
14.62
12.26
14.77
13.54
7.57
13.56
14.52
13.34
18.93
17.81
18.65
19.05
17.98
12.58
1.95
-0.41
11.36
18.04
16.79
12.91
10.23
16.82
20.94
21.07
19.5
16.03
3.17
15.64
10.19
0.21
10.86
9.08
17.91
19.57
16.52
17.18
17.68
17.32
17.42
14.13
9.31
14.5
2.24
11.89
11.41
11.77
18.2
15.35
18.6
12.7
4.41
-2.06
3.52
3.49
11.32
20.35
22.45
16.94
17.54
20.2
13.51
8.18
17.65
20.15
18.61
9.92
0.7
10.11
18.41
19.06
14.57
12.7
12.74
17.98
19.37
22.17
19.44
17.12
14.82
4.26
10.73
7.48
10.69
13.4
4.69
17.3
15.77
12.88
6.15
7.46
1.36
7.82
16.24
13.93
8.13
8.43
4.09
20.77
23.96
21.27
18.66
16.65
14.08
8.48
9.59
19.28
22.13
17.4
7.18
11.97
9.22
13.24
14.28
12.11
19.54
20.35
18.7
12.44
11.86
16.05
16.7
20.97
18.13
10.02
10.28
11.53
9.59
14.41
18.2
13.44
14.95
18.97
17.51
17.78
15.92
15.94
14.21
12.9
19.96
20.89
9
17
14.01
16.26
20.14
18.1
10.35
9.04
14.5
15.35
16.9
17.28
12.05
13.03
7.48
10.06
15.08
15.93
12.71
13.22
11.62
11.41
2.86
11.55
12.65
11.98
-7.09
-3.51
9.08
8.36
-1.67
9.42
-1.9
15.27
17.01
15.3
17.73
18.85
14.81
15.49
16.42
9.55
14.14
14.91
12.07
13.93
14.7
12.99
15.11
9.92
12.09
16.36
13.61
13.26
9.75
16.66
17.67
14.74
12.86
16.99
18
22.81
20.55
12.01
4.63
9.89
0.59
11.64
10.31
13.32
10.07
13.36
12.73
16.75
16.23
8.72
-0.76
13.47
17.85
19
13.52
10.97
7.77
8.45
12.35
6.04
14.51
17.63
19.27
17.7
15.3
14.7
2.86
11.13
8.14
6.73
2.42
4.09
17.77
17.81
16.31
15.98
19.21
18.33
7.84
12.61
15.22
18.74
16.99
17.32
16.92
8.2
10.45
14.82
6.79
9.59
11.98
12.69
13.34
15.86
19.27
17.12
19.53
20.82
17.17
11.61
14.96
17.76
16.91
18.21
23.85
21.31
12.42
13.86
12.47
11.77
19.5
14.46
4.08
10.27
13.68
14.46
17.7
18.39
19.6
19.9
13.37
13.87
16.7
16.7
8.72
15.23
9.75
4.56
8.51
16.97
19.76
21.09
21.34
20.76
17.61
15.59
19.85
22.08
14.08
13.64
14.86
8.34
17.18
19.89
7.39
21.68
20.73
4.94
14.44
13.3
16.63
17.08
17.46
13.2
6.22
8.64
12.65
16.9
17.22
18.93
22.01
17.17
10.84
-5.59
17.79
19.57
19.41
18.38
17.57
19.04
18.57
13.02
11.1
18.61
15.96
21.64
21.24
16.79
1.19
14.37
15.81
18.45
20.89
18.38
15.49
15.34
13.5
7.78
15.34
10.84
8.79
16.12
17.74
16.39
10.29
17.51
16.8
5.94
15.14
18.3
15.68
5.72
15.03
17.92
14.29
18.21
15.58
2.76
13.89
8.77
-4.78
4.37
13.62
18.69
17.89
6.43
11.11
17.63
17.59
20.45
20.09
4.3
7.53
11.94
16.22
14.03
8.02
11
16.36
19.86
19.93
16.62
17.07
14.72
10.98
13.98
14.36
18.43
21.19
22.84
23.03
22.43
16.82
10.6
15.23
19.46
17.4
9.52
15.91
13.71
12.06
7.3
2.16
14.01
14.46
14.51
13.84
12.28
17.6
17.42
19.21
20.49
14.23
17.29
20.2
17.14
13.37
3.35
11.12
20.24
22.87
16.6
13.7
11.83
15.07
14.4
4.77
18.68
19.18
10.64
19.74
21.63
18.62
11.99
15.87
15.54
14.5
7.37
12.6
8.58
13.66
18.89
19.09
19.5
19.66
17.15
18.89
21.81
21.49
18.79
17.93
15.94
15.39
7.02
13.5
13.98
-0.67
11.69
11.81
10.48
9.67
9.55
12.09
16.01
12.75
3.95
12.49
15.74
10.77
9.79
18.22
19.7
15.24
15.43
12.19
13.21
8.32
2.49
7.33
13.16
16.45
12.84
12.32
16.68
16.42
15.98
17.63
18.57
14.86
12.98
12.09
13.88
13.93
13.32
10.64
6.41
17.83
20.92
22.15
20.39
11.81
5.87
6.49
0.88
13.58
14.14
7.96
11.4
14.25
15.01
20.34
20.7
18.6
16.32
11.34
6.27
10.77
8.05
13.8
14.5
12.7
4.52
7.98
5.64
11.2
15.82
16.19
15.59
17.41
14.63
6.89
15.12
15.09
3.73
-8.12
5.12
7.17
17.42
18.34
17.39
20.01
21.65
20.25
14.66
4.15
5.56
5.21
3.88
12.29
13.16
16.9
21.12
20.89
17.01
20.41
20.88
16.93
18.28
18.88
15.57
12.63
17.95
13.81
14.83
14.07
12.68
17.16
12.58
5.67
-3.05
8.81
9.09
15.59
18.75
18.53
12.4
11.29
16.14
18.01
15.11
3.99
8.02
15.09
15.34
12.23
8.73
-2.85
10.49
16.2
18.96
18.36
15.52
17.26
16.94
13.15
22.48
21.03
11.65
19.28
21.1
17.08
13.03
10.23
16.02
13.56
9.55
15.26
17
17.98
16.75
10.98
12.14
15.9
18.76
17.52
13.7
11.69
17.26
18.54
16.84
1.77
19.07
4.54
5.43
-0.56
5.55
9.9
12.07
8.89
11.1
14.24
17.21
15.55
10.15
5.88
4.62
11.09
13.57
12.59
5.39
7.09
10.91
15.04
15.34
15.26
13.16
10.13
15.46
17.06
10.66
4.18
6.26
13.08
5.68
8.8
12.67
11.36
13.31
13.15
14.57
10.24
13.43
14.9
13.84
9.27
11.09
13.94
12.5
12.4
8.04
0.39
9.81
11.73
-1.96
-1.92
0.2
9.95
13.64
17.02
12.47
3.63
9.4
7.54
15.22
10.51
12.47
14.28
11.67
12.16
10.73
-2.13
-2.2
1.88
9.68
5.52
15.18
18.5
17.15
5.65
8.28
14.71
19.77
21.59
18.38
7.06
8
6.86
13.86
12.78
19.31
18.53
-4.17
10.7
8.98
7.15
3.64
9.93
1.26
8.73
15.86
17.91
19.51
14.08
13.16
18.29
19.36
18.82
17.21
16.09
15.5
14.74
11
8.15
7.12
8.25
9.05
9.75
13.17
13.55
-7.72
3.53
16.91
17.37
11.82
18.88
20.13
17.87
14.68
15.31
10.66
14.07
12.86
8.76
10.99
13.13
15.86
13.54
11.35
14.25
13.24
17.82
12.71
7.14
16.68
17.12
12.86
7.39
14.3
18.76
19.3
19.68
19.69
14.34
17.71
19.16
12.02
9.27
3.2
14.98
15.87
6.85
3.6
-3.37
7.5
5.24
12.89
19.26
18.47
9.74
-5.24
13.49
16.87
12.63
17.42
17.59
6.06
19.1
16.22
11.65
6.28
7.22
8.88
12.79
18.23
13.79
10.27
14.01
17.81
15.07
6.71
10.53
16.86
10.73
13.47
3.33
18.35
20.53
17.39
15.17
14.11
15.88
4.27
19.38
19.55
12.9
20.44
22.66
20.24
8.96
16.16
18.77
13.8
11.95
14.64
17.23
15.2
10.81
7.13
8.82
14.15
15.03
18.13
21.39
20.93
17.6
16.36
16.95
12.21
17.08
8.96
19.84
21.43
16.05
11.92
6.96
13.31
14.88
16.85
14.89
16.12
18.49
14.53
15.12
20.34
20.25
14.12
13.96
15.01
7.18
2.25
-0.16
14.03
16.86
13.05
16.37
19.06
19.04
19.84
20.79
13.21
16.43
20.64
16.55
8.08
10.6
15.3
17.79
16.62
13.42
8.28
4.54
15.51
17.44
14.03
11.44
14.1
5.22
13.48
17.23
9.92
12.58
19.16
20.13
13.28
8.21
5.32
8.01
6.06
13.09
18.14
19.17
17.54
15.04
12.03
14.14
15.18
10.44
12.74
10.68
2.91
8.06
7.67
10.86
15.3
15.74
9.77
5.79
15.53
17.3
15.88
12.72
4.7
16.38
6.07
15.69
18.87
20.18
20.22
21.49
14.36
15.89
19.17
16.34
7.83
6.07
18.11
21.85
20.38
8.7
13.95
8.56
19.69
20.81
13.06
11.65
15.86
13.83
6.23
4.96
8.62
15.82
16.39
7.85
12.45
10
9.97
16.04
17.95
14.1
13.55
12.45
7.95
12.22
10.52
8.98
6.13
9.17
16.38
17.69
10.07
11.18
9.5
2.96
1.83
8.66
1.9
12.71
12.57
17.11
20.37
19.8
14.58
9.75
15.77
13.36
16.48
21.39
20.84
15.44
5.97
9.63
13.24
13.78
13.76
13.17
17.77
17.78
13.66
6.6
2.93
9.3
4.46
9.73
13.38
14.7
13.19
8.3
18.9
17.55
19.89
20.42
14.43
13.13
12.81
17.12
17.01
9.45
4.28
10.92
15.63
18.27
14.99
13.24
15.33
11.06
8.57
4.36
11.02
6.34
6.09
5.58
5.4
9.51
15.27
18.41
18.1
14.66
10.39
4.03
3.51
10.97
13.76
9.84
7.41
8.54
13.34
18.9
15.37
5.92
17.17
20.5
19
12.95
5.3
7.51
10.32
13.45
14.89
17.96
18.5
15.18
10.98
11.97
16.23
13.17
10.44
16.63
18.07
17.71
10.19
10.96
15.01
7.25
1.03
8.7
4.16
11.75
13.99
14.09
15.79
12.3
8.62
10.68
9.5
14.57
17.06
18.14
14.17
11.19
13.54
9.77
13.19
13.84
9.52
4.76
-8.96
14.89
19.07
17.07
12.37
0.49
1
-3.35
5.67
10.02
12.15
11.22
7.79
-2.55
10.81
11.54
5.37
8.85
9.64
6.04
0.9
0.72
4.61
14.43
15.47
11.36
3.29
11.35
8.84
5.74
7.16
6.06
-10.01
7.26
14.61
11.14
12.21
12.31
17.12
19.14
18.38
14.5
5.3
5.33
5.5
13.26
18.3
16.89
15.14
13.02
11.28
11.79
14.96
15.7
14.52
2.27
16.48
16.27
6.86
11.83
9.24
9.04
11.14
5.89
4.29
9.44
7.25
12.94
14.26
10.79
7.83
13.83
3.73
11.16
10.86
4.86
11.4
15.11
15.11
15.49
12.71
7.77
5.51
10.77
16.49
15.44
14.95
13.44
7.15
6.85
5.5
9.89
12.5
13.17
12.33
8
-2.85
6.07
16.88
20.28
19.15
15.83
-1.57
18.01
18.49
6.63
9.19
13.82
7.05
2.25
5.12
1.13
7.61
5.14
10.35
13.98
5.73
14.1
16.84
17.04
14.03
9.08
6.73
6.41
14.32
17.7
16.15
9.9
14.28
11.03
9.95
10.93
16.45
18.66
15.2
7.48
9.93
11.99
8.43
11.75
9.06
12.07
12.62
2.39
5.32
3.29
7.04
12.92
17.38
13.73
9.26
8.55
6.35
12.2
18.75
20.41
16.65
14.04
17.32
18
10.87
15.11
16.46
10.51
6.85
13.39
16.23
15.98
14.48
12.42
17.99
14.99
5.92
16.59
17.88
17.3
14.39
12.96
19.16
15.37
14.54
15.44
17.44
18.44
16.41
14.26
5.69
9.57
5.56
14.52
15.83
15.83
17.86
12.84
2.73
9.99
13.69
9.56
0.67
8.86
9.92
10.49
8.83
8.69
12
17.32
15.96
18.67
18.98
15.21
15.14
17.91
17.05
14.02
9.86
14.63
15.76
13.34
12.47
8.66
0.73
8.98
14.49
12.99
8.78
6.53
15.36
13.75
7.41
12.39
16.26
12.25
-19.27
6.33
12.76
13.24
10.82
17.33
20.58
19.74
18.22
19.13
18.31
14.92
17.04
18.05
13.4
4.46
8.74
1.02
8.67
5.32
-8.83
5.6
5.33
2.02
-5.16
6.35
11.59
17.25
19.47
18.13
11.44
15.07
19.06
16.95
6.96
6.56
12.55
10.15
13.83
15.51
14.5
14.84
14.59
8.09
4.95
8.97
9.88
5.7
14.36
16.4
11.12
1.16
0.42
11.31
17.33
11.01
5.05
13.47
12.82
9.71
7.42
1.01
13.35
18.17
16.36
5.95
6.25
15.36
17.81
18.67
12.97
2.49
7.47
7.79
2.23
11.21
11.67
10.87
9.56
7.41
5.73
6.25
2.39
6.07
7
8.53
11.75
-1.42
10.38
10.22
11.04
18.22
17.8
15.27
10.06
-5.66
9.93
14.12
13.48
2.58
12.44
10.52
13.12
17.12
16.86
14.14
9.76
8.93
6.81
11.29
7.88
9.88
15.79
16.44
11.44
4.22
13.49
15.45
11.78
-3.21
14.55
17.73
14.11
6.08
17.25
18.34
6.35
13.82
13.17
0.65
12.48
8.4
6.94
11.96
16.93
16.72
12.03
8.94
2.05
-5.11
-1.09
-9.44
-1.08
12.29
11.71
12.94
16.13
14.42
18.08
18.62
16.01
12.85
4.89
12.58
11.65
11.18
15.69
12.74
9.95
10.47
11.27
-0.62
15.17
14.2
8.38
13.93
17.41
17.35
15.1
10.19
15.56
18.26
18.45
15.43
13.79
13.58
1.04
3.89
4.51
5.86
1.94
16.99
21.77
20.03
13.12
8.5
6.59
10.12
15.82
13.4
10.74
8.21
-11.07
8.35
16.77
15.86
10.5
17.52
15.08
-0.51
8.6
5.09
6.35
7.9
6.35
4.28
-1.23
2
2.43
4.51
5.63
6.76
13.51
12.78
13.32
15.04
12.14
7.7
4.28
13.09
18.52
16.17
12.08
15.63
11.46
12.97
12.67
12.31
-0.92
11.15
16.02
10.29
9.57
9.31
5.97
8.17
4.84
8.42
7.52
8.85
11.43
12.18
12.96
9.15
-4.64
6.72
13.75
13.59
4.14
4.46
14.05
15.89
12.75
8.67
3.73
6.18
11.8
11.59
9.16
13.18
14.77
18.24
18.99
18.93
22.01
19.74
13.15
11.96
8.04
6.64
13.18
11.49
9.89
7.56
6.95
4.74
9.63
12.46
12.68
11.44
9.83
7.55
-1.99
11.91
0.59
10.82
6.54
2.84
-5.59
-8.56
7.84
9.66
3.27
16.85
18.16
16.06
11.92
-7.33
7.06
12.75
14.94
8.24
13.01
8.16
2.1
2.24
4.13
9.03
16.78
17.09
13.38
-0.5
6.53
6.95
10.62
13.96
13.4
11.72
6.37
-1.22
9.19
8.34
4.36
0.86
8.16
14.77
14.52
10.32
-4.42
7.82
8.46
6.98
10.48
12.01
9.3
-2.59
2.04
8.25
10.43
7.02
5.56
11.21
3.66
8.38
10.11
9.05
13.29
17.62
13.53
4.55
1.37
1.39
5.88
7.51
9.8
13.81
13.8
9.43
2.9
8.17
10.16
7.51
7.37
7.02
-2.49
5.9
3.81
13.52
5.12
5.4
7.92
3.33
11.06
16.05
17.08
14.82
13.6
12.19
-0.92
15.11
19.23
18.92
16.93
17.85
17.74
15.97
18.16
18.1
14.74
11.06
11.06
14.18
14.4
12.5
6.28
7.68
17.3
17.86
14.14
3.95
3.65
7.16
12.54
16.26
15.87
11.3
11.14
7.13
15.32
11.97
9.08
4.65
4.27
13.32
15.18
12.06
5.25
13.86
14.22
14.18
13.67
4.44
10.63
10.91
14.71
15.05
11.87
7.44
-1.17
7.28
12.13
11.54
9.28
1.35
8.13
6.16
5.32
1.04
0.64
0.75
1.1
2.04
12.09
18.52
18.59
14.53
9.73
0.02
10.79
9.08
13.17
15.15
13.85
8.56
6.7
11.69
13.48
11.86
7.35
10.89
9.64
14.01
7.44
12.97
16.9
15.11
-0.82
13.1
15.75
14.63
10.23
5.91
11.5
14.67
11.86
10.56
13.78
15.8
12.97
0.87
11.97
8.55
8.77
15.04
15.73
11.91
7.55
11.82
7.65
-5.46
8.24
6.71
10.54
15.08
12.39
-0.64
6.5
4.74
9.02
10.78
-11.78
9.35
7.69
3.06
3.58
9.32
7.52
8.6
12.93
15.65
15.48
7.44
7.61
-4.85
11.34
12.68
12.63
12.74
7.29
10.36
17.21
16.11
3.05
0.9
11.44
18.22
17.17
11.1
8.86
10.33
10.01
10.97
13.5
15.31
15.4
14.17
16.83
18.3
14.46
8.58
14.26
8.9
13.14
14.29
11.17
8.71
11.31
8.18
3.99
10.99
9.38
4.27
11
12.79
10.86
11.31
17.71
18.57
15.73
12.1
10.32
11.3
11.68
10.38
16.18
17.4
13.39
8.18
5.73
12.82
10.05
3.74
0.03
1.07
2.59
10.35
9.92
9.76
9.67
6.77
5.95
11.67
9.72
9.63
17.44
13.77
1.1
8.32
11.23
13.99
10.18
6.42
11.7
12.93
13.18
10.82
-1.4
-1.66
1.72
11.27
-3.11
15.49
15.67
11.65
15.72
14.11
12.56
11.17
7.13
7.08
1.11
3.28
2.36
7.5
12.02
8.31
6.47
10.95
-1.49
11.45
12.67
8.98
8.78
8.45
10.73
16.22
16.75
17.1
15.6
14.51
14.06
12.99
13.81
14.16
10.28
13.12
16.29
13.42
10.19
12.55
12.45
13.55
12.36
6.59
9.28
2.85
14.86
9.87
3.79
7.59
8.41
12.99
14.63
13.67
13.46
13.89
7.2
11.15
7.58
7.32
3.97
6.09
6.42
15.03
16.31
10.66
11.41
15.39
15.1
9.75
9.02
7.54
12.53
7.17
13.37
17.32
17.02
14.46
18.1
18.99
14.26
8.39
11.64
16.03
15.51
14.21
7.68
14.66
17.15
17.82
17.91
9.3
15.27
16.35
15.08
13.25
12.21
14.12
11.75
14.13
16.24
15.04
9.4
16.07
17.72
15.49
15.31
12.53
5.03
6.26
9.36
1.33
13.28
16.18
15.42
16.49
15.44
14.57
15.43
16.78
16.48
13.07
14
16.1
17.46
13.2
9.42
4.65
5.42
13.19
15.9
10.07
9.32
12.71
1.02
14.03
14.94
13.95
15.05
15.31
14.44
11.69
10.72
14.54
13.21
8.34
9.75
11.02
14.72
15.98
14.4
15.03
11.68
12.48
10.39
7.26
14.35
14.81
10.18
11.34
11.48
13.47
12.57
5.56
5.95
10
12.94
10.01
11.93
12.58
5.01
-4.18
6.44
13.16
14.74
15.86
16.01
14.05
11.97
16.12
17.76
17.86
18.61
20.68
20.82
16.29
0.69
9.97
13.2
13.42
16.45
16.08
8.33
7.43
12.33
12.11
14.86
17.94
15.42
15.5
11.62
6.65
11.36
14.43
14.41
14.25
19.07
20.11
16.92
15.23
11.5
12.64
13.09
13.9
15.01
14.67
10.14
9.93
-2.74
10.58
10.02
6.66
17.97
19.44
15.5
13.8
14.41
13.82
16.59
13.12
12.78
13.88
11.04
10.87
11.42
10.31
4.42
-2.81
9.02
13.35
15.13
13.56
1.82
4.14
6.07
2.53
-12.21
4.05
5.45
9.62
14.02
13.73
13.93
16.17
16.05
11.55
11.24
13.32
12.14
10.66
8.74
10.66
11.12
9.53
6.58
10.67
18.09
18.26
16.07
15.9
13.99
11.61
10.27
8.79
9.35
11.91
14.44
13.83
12.68
5.84
10.59
14.41
13.6
7.25
9.53
15.28
16.95
15.66
5.36
-0.59
-0.93
8.23
11.75
10.44
9.84
14.74
12.02
7.61
2.61
2.27
11.98
14.31
3.2
13.9
16.76
15.57
5.46
10.25
14.23
10.34
-3.28
2.78
11.78
12.18
4.09
14.38
18.14
16.19
9.72
1.58
4.24
13.28
13
3.12
7.98
11.22
1.72
5
7.21
12.17
11.63
11.04
9.96
4.68
-0.39
9.95
9.11
9.55
13.7
7.86
10.73
14.08
13.72
7.29
-3.43
5.22
15.89
18.66
15.53
3.01
15.13
15.73
11.29
16.21
20.74
21.63
17.71
15.3
17.1
16.78
15.34
11.1
10.27
12.36
6.05
-6.3
4.71
9.37
10.28
15.09
16.91
16.89
8.66
8.81
2.78
7.99
5.89
3.12
14.69
19.79
20.13
15.32
7.83
17.69
14.47
5.53
13.04
8.42
3.04
13.68
15.87
12.06
5.03
13.01
12.84
10.24
7.7
4.65
10.71
15.22
11.5
16.27
16.64
8.61
9.53
8.66
10.16
17.74
16.75
5.5
9.8
8.41
5.2
8.08
9.83
5.08
15.77
15.67
8.85
10.1
14.62
5.11
14.33
17.08
10.44
10.11
17.55
15.11
10.95
13.86
16.37
17.27
15.61
12.03
6.12
2.25
5.75
5.15
-5.54
9.8
7.78
4.39
13.96
13.23
12.38
13.92
14.72
9.83
9.27
15.57
15.57
12.58
13.92
17.99
16.68
11.16
9.89
9.16
13.39
12.57
10.56
12.45
8.06
2.56
6.59
10.04
10.35
16.18
17.41
17.72
16.31
11.13
4.91
3.03
9.39
15.26
18.89
17.87
10.09
4.49
7.95
10.9
12.48
13.66
11.49
10.4
12.74
-3.9
14.1
11.65
-0.97
12.77
16.19
10.56
11.05
9.7
1.98
13.68
15.7
12.72
11.78
13.53
13.73
13.6
14.98
11.99
-1.8
10.25
7.83
7.9
2.42
-9.47
8.5
12.49
14.18
16.77
12.2
3.08
12.78
10.17
10.47
6.02
4.91
-3.26
14.58
15.4
9.23
6.98
4.22
3.73
7.66
14.12
17.18
15.35
11.64
10.73
13.63
13.63
11.42
13.47
16.11
13.8
5.45
13.22
10.3
-3.03
5.33
-8.79
11.67
12.16
2.22
11.39
11.16
-12.47
12.65
16.58
15.51
11.71
1.24
14.27
15.11
10.34
9.55
10.02
15.14
15.97
17.13
16.9
4.14
16.72
14.7
10.12
12.22
11.13
6.78
3.08
9.52
2.54
5.09
9.54
15.87
16.03
12.65
-0.7
10.38
14.82
11.87
1.37
11.31
16.89
15.56
8.4
0.31
14.93
14.57
9.49
-3.36
6.42
5.11
6.75
8.55
3.8
-2.89
9
14.23
7.48
5.39
7.12
10.06
-1.19
13.99
17.95
18.5
19.82
19.8
18.49
17.23
16.11
11.85
4.9
6.51
4.48
4.81
12.39
8.04
4.52
16.17
15.85
13.49
8.24
0.66
6.28
6.6
7.36
10.22
12.66
11.55
10.64
2.85
8.4
10.99
15.12
12.12
5.95
8.73
10.67
12.01
10.66
10.06
7.12
9.19
16.89
14.61
11.22
10.12
5.62
8.5
10.6
4.9
10.68
13.68
12.3
-1.61
9.7
12.37
