9.49
9.76
13.21
14.09
12.64
10.28
0.59
8.59
6.49
8.1
10.82
8.88
3.45
0.84
1.95
4.26
11.56
14.23
11.86
10.46
14
15.28
15.12
14.51
9.55
6.74
8.69
-6.26
8.15
11.86
13.01
12.97
2.85
12.5
9.74
8.32
12.65
12.47
10.88
6.55
10.59
13.84
15.1
9.74
2.83
1.31
-2.55
4.93
13.75
15.61
14.22
16.32
11.32
5.85
9.99
6.09
9.51
8.46
5.5
-2.57
6.46
6.82
4.5
6.84
3.2
10.01
14.71
14.26
-8.61
12
8.98
10.01
13.39
12.53
9.09
4.59
9.12
11.28
4.49
1.07
5.63
13.48
17.78
16.63
7
3.25
-1.41
9.15
14.7
15.51
12.54
2.98
8.03
6.4
6.52
6.74
8.52
15.38
16.65
14.68
13.25
1.7
13.03
16.03
12.76
17.26
15.08
1.84
4.89
6.45
6.07
4.36
-11.46
4.81
12.88
13.29
6.69
8.76
-1.72
6.77
7.76
10.68
11.09
6.34
2.52
4.82
5.37
-1.68
9.65
14.87
13.54
10.8
6.01
7.77
12.24
14.32
12.97
8.89
4.02
8.22
9.4
2.41
5.49
-1.78
-19.29
4.83
9.22
8.03
9
9.22
7.67
8.32
1.98
-3.87
3.72
2.54
3.71
-1.69
2.63
0.13
11.11
10.27
5.07
4.13
-0.02
-0.53
10.31
15.15
7.18
6.13
11.66
11.64
12.08
10.5
-10.15
5.82
7.87
10.71
10.75
5.83
12.11
11.27
3.98
14.5
13.47
7.33
9.76
10.24
7.1
7
7.41
8.12
14.07
14.71
16.03
13.42
-2.23
5.13
7.02
12.66
9.66
2.26
-1.44
-1.22
9.73
16.98
17.56
7.01
10.88
13.55
11.11
8.86
10.54
14.13
14.08
10.34
8.9
11.62
11.31
8.3
-0.09
9.46
10.18
11.62
12.25
6.23
4.96
11.38
15.96
17.69
16.52
12.61
3.83
16.61
15.51
5.04
-5.86
-0.63
3.31
12
13.45
9.47
12.59
10.26
5.92
-3.27
-0.21
5.54
4.02
11.34
12.77
10.84
9.61
8.55
8.55
7.01
7.78
6.21
2.04
-1.69
10.35
10.65
-1.07
11.39
13.4
13.5
13.77
11.19
-2.48
12.49
13.45
11.98
1.18
0.05
3.86
2.43
6.86
9.98
12.55
8.97
-6.58
6.38
6.07
7.86
4.13
13.87
12.77
-0.62
-3.43
6.12
8.19
8.99
11.59
3.78
14.87
17.51
13.44
11.33
10.24
0.97
12.33
13.12
12.46
10.26
11.04
8.09
8.22
11.08
6.98
0.63
10.82
12.51
11.42
6.59
-0.5
2.25
5.96
12.75
14.5
10.07
9.44
10.39
10.16
9.85
3.79
-4.97
10.04
13.53
12.94
4.88
4.79
4.03
0.59
12.75
12.71
6.37
8.06
1.73
3.36
8.1
6.7
6.71
5.41
2.43
6.45
5.31
3.16
0.35
9.99
15.81
15.35
15.64
10.26
-3.44
3.8
-0.9
7.25
-5.39
9.99
10.73
10.71
6.11
2.04
4
10.47
10.03
10.12
10.43
2.17
10.39
9.24
9.33
5.02
-6.06
9.85
10.43
11.94
13.55
9.43
8.72
9.73
9.85
13.54
17.1
16.26
8.75
5
8.64
6.95
8.47
11.48
7.44
5.55
10.37
2.11
8.8
11.84
12.68
13.09
13.16
12.51
12.68
10.16
5.21
9.2
10.51
1.79
5.84
8.65
5.68
3.24
12.98
12.42
5.16
1.66
5.23
6.38
0.92
-10.26
-2.35
-13.51
0.73
7.03
6.2
-2.79
-7.63
9.54
9.4
-2
4.28
9.76
3.55
10.28
9.57
13.17
13.12
8.95
2.46
5.92
9.13
6.51
8.19
10.14
6.54
-2.1
-4.99
2.6
-0.21
-1.52
-3.5
3.17
8.66
12.9
9.83
9.88
14.08
15.23
15.64
10.56
5.21
4.34
6.22
2.49
11.11
10.62
-1.96
-8.79
3.96
6.75
7.01
4.07
8.82
6.9
-0.75
9.61
12.95
16.05
14.53
6.12
-0.78
6.83
6.83
2.65
7.18
13.51
14.8
13.32
13.86
11.99
9.72
-2.2
9.99
11.74
6.6
5.3
9.13
7.09
5.02
4.36
9.1
13.33
11.66
2.47
-6.55
4.57
9.24
7.45
8.23
14.81
9.64
7.55
15.48
13.48
5.56
4.92
7.21
6.79
8.75
11.72
13.92
13.64
11.48
8.6
9.48
15.35
13.28
-9.71
9.69
8.39
5.41
12.3
14.5
11.6
10.82
10.22
4.54
12.95
11.14
13.29
14.28
14.5
10.36
-2.4
4.56
8.53
13.78
13.25
2.29
11.4
15.35
12.33
4.57
7.36
10.52
10.16
10.7
14.05
13.21
10.38
13.53
14.89
14.63
10.64
5.41
-1.31
10.69
8.69
9.33
9.07
2.27
2.13
-1.75
4.79
-3.54
12.57
13.53
14.04
13.32
1.64
1.37
4.45
6.67
6.36
11.35
13.52
12.61
8.09
-1.21
16.04
16.2
9.5
0.39
15.15
13.77
4.85
-6.52
2.74
-5.46
5.43
14.09
16.6
13.65
5.72
-7.18
-0.21
9.72
7.06
10.5
14.65
12.57
12.97
16.18
15.37
7.86
-2.96
11.77
12.44
9.04
7.6
8.75
3.42
1
-1.95
-8.21
-1.96
11.42
13.92
7.65
1.42
-0.69
-2.37
8.9
16.7
17.68
14.65
7.45
10.96
12.44
9.97
10.41
12.39
11.73
8.31
11.53
13.93
12.47
6.61
8.24
9.8
5.06
5.11
8.39
8.75
4.27
6.23
9.11
2.53
1.83
-0.9
6.6
9.78
7.78
8.1
2.8
12.98
7.45
8.78
10.9
11.98
14.45
12.13
2.75
8.38
13.94
8.51
9.64
14.36
5.48
4.42
9.13
14.28
10.98
7.17
8.2
7.13
5.88
4.38
1.88
12.16
13.63
7.72
4.65
9.35
8.69
8.33
0.3
-8.58
5.27
3.57
9.75
15.6
8.69
9.12
7.93
6.82
5.65
3.27
8.43
8.28
4.58
11.43
12.98
9.14
12.35
13.2
13.21
11.4
3.84
-1.78
6.24
5.01
-10.66
1.09
12.18
14.33
10.58
7.28
5.19
7.94
12.28
11.43
9.64
10.06
4.89
0.84
5.71
14.51
15.18
-0.95
4.46
4.72
6.54
12.46
18.4
18.61
15.85
10.93
10.21
12.86
8.07
4.4
9.42
9.65
4.67
5.17
-2.01
6.37
11.61
9.66
3.42
1.83
9.66
10.98
-2.38
7.59
12.65
13.76
11.7
-0.4
4.88
14.14
14.6
10.84
11.05
9.46
-4.65
-8.67
1.78
8.32
1.87
2.64
6.37
5.16
9.84
10.49
4.76
5.12
-1.85
7.8
11
0.82
9.39
8.93
10.09
4.52
-3.42
1.94
8.07
11.02
13.49
14.44
9.53
14.9
18.14
19.97
19.97
16.03
8.94
15.9
15.36
9.99
18.63
23.19
24.9
23.4
18.93
14.78
11.02
1.98
0.92
16.86
25.14
25.41
20.39
19.38
22.89
17.18
7.65
16.22
17.74
16.07
20.06
22.42
20.5
16.06
17.3
25.1
24.47
20.26
19.5
24.29
18.5
14.86
11.53
17.29
16.54
18.51
20
16.37
23.56
25.49
23.42
16.75
25.52
25.27
29.44
33.35
31.73
25.27
17.12
-0.97
13.1
15.41
12.65
10.36
8.59
12.05
14.45
12
19.27
16.45
15.53
19.12
20.94
19.67
18.93
21.25
18.44
18.37
23.79
22.98
23.29
15.23
17.25
24.5
25.89
22.24
20.89
10.76
19.6
9.05
21.38
12.42
21.59
22.43
22.98
24.41
14.14
27.99
25.82
17.75
16.24
21.01
22.82
20.59
10.69
-1.79
18.87
24.07
12.91
14.33
16.59
19.67
19.84
18.49
16.25
20.97
26.12
24.86
16.23
20.39
24.12
24.71
26.38
24.12
15.9
22.29
21.98
15.2
9.34
16.4
21.27
20.57
21.73
23.08
25.45
29.69
28.06
20.01
16.78
18.13
12.79
8.91
21.69
24.99
23.72
19.63
16.45
15.07
27
24.11
13.84
21.48
23.67
23.35
19.84
15.23
14.9
4.04
16.52
10.14
22.26
25.84
23.15
19.39
20.03
17.21
24.89
18.31
20.41
22.78
20.54
22.5
22.77
13.02
21.16
24.13
21.59
24.38
23.57
17.83
21.4
22.11
21.37
21.22
26.48
20.51
25.62
30.63
30.41
25.83
24.7
25.42
24.37
20.77
19.9
18.5
16.25
18.54
14.71
8.23
-4.48
15.45
24.19
25.89
23.13
22.68
23.73
21.36
13.4
10.57
16.97
15.89
18.64
23.04
26.65
28
27.7
22.87
13.33
10.69
11.23
14.71
12.75
10.06
20.66
20.27
14.43
15.16
9.72
17.21
19.53
19.63
24.21
21.93
22.13
22.57
17.36
12
18.34
22.51
19.22
8.68
4.65
-7.14
12.01
19.76
22.86
20.38
16.15
21.33
27.64
27.53
22.39
14.61
18.12
20.53
18.36
16.58
18.98
17.13
17.17
15.64
13.73
11.28
20.67
18.11
12.26
13.18
10.74
13.7
-3.74
11.64
16.51
-7.6
21.24
21.81
19.89
17.2
2.51
19.95
23.58
17.61
14.33
21.34
25.3
25.32
19.99
18.51
16.18
14.36
2.81
16.1
11.48
16.11
19.63
21.61
15.98
23.42
7.52
24.89
24.78
23.51
21.56
18.39
14.45
13.94
15.3
12.85
7.8
6.93
14.17
16.93
21.26
19.33
20.25
20.54
20.91
6.58
14.94
18.18
18.34
17.15
11.37
1.14
5
14.01
17.4
15.55
18.02
21.62
20.87
18.24
13.51
-1.44
8.43
14.4
15.52
16.05
11.58
10.81
12
12.16
21.96
26.25
25.86
21.62
13.66
21.72
21.45
16.01
11.42
3.51
16.54
11.83
12.87
10.83
4.21
4.97
6.12
8.59
10.19
17.21
14.38
4.68
14.31
13.48
13.38
8.42
3.51
7.81
11.62
14.16
12.98
9.41
8.45
16.47
17.84
15.7
12.17
10.21
9.27
8.66
10.33
19.58
19.59
13.95
12.29
15.47
13.71
8.73
9.87
11.96
8.24
9.34
5.83
12.7
11.51
7.68
6.55
13.57
21.08
18.96
17.86
14.39
14.51
19.19
11.96
18.41
17.5
14.13
13.06
17.55
19.36
14.5
13.86
17.5
19.32
18.02
12.21
19.75
21.49
9.72
6.93
23.35
24.91
20.89
19.58
16
17.79
14.51
7.55
9.65
8.53
13.79
15.99
13.36
10.79
5.5
20.64
18.18
5.62
11.33
16.24
14.11
6.74
8.82
5.73
18.3
22.21
16.17
15.48
15.22
15.07
21.92
11.06
11.98
14.16
19.76
22.79
21.79
17.39
13.36
20.87
21.37
6.08
24.28
23.55
21.53
16.32
4.36
11.11
13.9
10.95
8.16
13.89
8.93
15.01
21.7
16.71
11.67
16.12
22.41
19.75
15.69
8.89
14.25
16.16
23.1
17.94
19.41
23.83
22.16
20.36
21.46
22.15
15.7
16.34
19.25
18.26
16.83
18.93
18.08
20.04
26.67
26.94
25.18
24.68
21.87
19.12
14.81
26.5
28.12
22.02
8.45
8.08
14.53
10.45
16.87
17.02
9.85
18.62
19.79
17.02
20.89
18.38
11.97
20.65
17.86
15.8
17.3
16.73
15.3
18.23
19.32
18.95
19.21
16.87
12.94
17.01
16.06
16.04
19.73
9.83
21.79
23.73
20.32
11.04
16.57
12.25
20.91
16.22
18.89
20.92
21.9
23.01
18.05
19.44
21.9
20.26
20.21
19.43
21.44
21.7
13.92
10.76
5.44
21.32
26.04
23.61
19.2
21.83
20.58
24.46
26.55
23.7
19.28
9.92
14.67
19.77
23.89
18.38
16.31
9.82
24.33
23.89
20.79
20.08
16.28
6.28
12.55
19.22
22.8
21.78
17.43
-22.15
19.97
18.97
15.05
8.88
19.13
18.03
18.23
16.75
12.14
15.17
6.57
5.01
9.59
3.72
17.47
22.91
23.35
20.49
24.09
24.82
22.61
18.31
17.79
22.15
23.28
22.83
23.19
22.04
20.04
16.61
10.67
13.1
13.41
16.32
22.42
24.28
19.38
13.14
14.81
2.3
6.14
10.53
19.7
16.4
13.51
13.55
16.57
23.37
24.66
22.96
20.05
15.49
10.8
17.97
18.65
15.44
24.94
25.86
23.48
20.14
24.24
23.58
21.2
21.84
19.21
14.03
16.89
19.13
20.13
4.41
23.27
26.94
26.38
23.61
18.18
17.98
11.11
15.58
17.44
13.11
19.74
26.02
27.13
22.18
17.78
25.77
29.41
28.08
17.39
18.25
24.23
27.46
28.3
25.26
20.17
13.78
8.51
15.95
20.56
19.17
21.72
24.56
21.46
11.34
14.23
13.05
15.61
19.85
20.9
16.32
15.52
22.47
23.27
17.05
13.71
21.89
20.58
6.01
12.73
15.23
19.68
22.88
18.31
15.55
22.84
23.45
22.69
17.71
14.39
19.42
21.33
24.88
27.1
26.37
22.08
18.99
16.38
11.11
5.73
14.22
18.28
20.89
19.5
18.05
17.39
16.05
17.24
13.65
8.11
14.26
18.46
19.97
23.02
21.97
7.91
12.22
11.74
15.5
15.23
15.44
19.91
19.3
10.6
17.13
19
21.05
18.13
10.33
19.57
20.27
17.02
15.52
18.03
19.49
17.44
14.92
15.61
21.63
22.84
22.88
19.98
6.79
13.82
15.16
11.69
9.18
3.66
4.49
13.04
12.96
14.7
14.54
16.05
17.82
22.01
21.81
19.3
19.49
20.08
15.68
15.85
18.61
21.41
21.25
20.49
14.71
20.12
16.67
21.78
26.12
23.57
19.28
8.37
21.02
23.19
17.28
18.07
22.54
20.36
14.76
20.48
22.18
15.23
8.77
16.54
20.81
21.77
21.89
15
15.41
20.5
20.8
19.49
13.28
14.32
21.92
21.97
22.38
22.87
21.4
18.03
11.3
16.59
16.68
19.47
20.73
20.9
20.02
16.85
-0.73
19.04
23.35
21.36
21.36
21.56
15.93
19.64
17.85
23.77
24.11
22.67
21.49
5.11
15.1
19.4
17.52
14.86
18.56
11
20.7
22.75
9.96
23.8
20.99
7.54
14.44
17.9
24.7
22.2
14.32
2.91
15.67
21.73
24.19
21.82
19.9
12.63
19.14
24.87
23.46
8.46
18.56
26.35
28.77
24.09
21.55
19.01
17.12
12.83
9.97
12.66
18.09
22.86
18.42
23.25
21.64
1.42
20.01
20.68
20.84
25.48
26.07
20.78
12.19
3.98
20.01
20.11
22.93
22.56
18.11
22.8
20.68
16.54
21.7
21.73
9.1
21.44
19.02
10.01
6.34
14.82
19.05
24.05
24.87
21.37
12.6
0.59
29.1
31.54
25.98
23.95
24.87
19.73
13.02
21.18
17.02
17.37
25.4
27.65
18.89
16.48
23.72
26.09
23.72
22.1
16.93
17.7
23.93
29.68
26.39
6.03
8.35
18.05
22.52
24.68
24.05
21.22
16.59
19.4
21.91
15.69
20.21
23.67
19.17
10.19
17.55
20.04
15.68
14.62
25.42
27.21
22.78
18.06
38.33
45.94
44.58
33.91
18.17
14.87
6.81
11.61
18.75
16.82
20.89
24.04
23.24
19.04
13.89
20.95
18.49
17.62
27.53
28.88
26.71
22.79
23.01
24.39
23.65
18.16
14.03
15.4
37.2
44.48
42.37
30.49
8.11
15.88
17.41
20.95
20.15
9.58
17.27
12.43
18.1
24.59
23.19
17.63
11.76
17.34
24.2
21.86
21.11
23.81
19.37
14.84
12.03
22.68
23.5
18.74
22.36
22.52
20.93
23.35
22.76
20.06
15.03
12.08
17.3
4.62
18.36
22.55
20.01
12.36
12.45
14.14
21.23
25.58
21.17
23.72
26.56
21.62
13.36
27.99
38.21
41.3
36.95
27.75
23.81
21.23
21.37
20.7
11.46
19.81
21.3
17.7
18.2
34.28
36.7
32.01
25.76
18.93
16.8
18.59
21.22
23.04
23.08
21.21
22.5
25.65
22.24
15.81
21.69
22.4
39.11
43.63
39.41
27.22
19.91
15.05
11.28
20.77
19.96
10.28
22.34
20.39
9.21
18.21
20.45
23.97
27.2
29.31
26.55
21.59
22.6
22.15
22.49
17.54
17.47
18.83
20.36
24.66
22.9
5.88
19.98
18.56
20.04
21.49
24.13
25.54
21.17
15.36
11.19
21.52
17.99
13.45
13.45
21.5
19.99
16.5
13.41
18.33
21.59
9.05
15.71
16.19
29.2
39.67
39.47
30
18.16
23.64
16.64
22.29
28.89
29.85
25.32
16.15
18.41
19.84
20.26
20.51
16.41
17.24
18.29
21.73
13.12
19.74
19.08
15.38
20.6
9.9
16.34
19.52
19.2
11.44
21.41
20.25
18.67
16.29
16.93
26.53
24.6
22.84
22.89
24.66
26.6
24.61
22.27
27.28
30.52
29.48
25.65
20.05
14.97
21.17
13.83
21.76
25.68
23.7
14.49
18.8
25.52
24.46
9.33
1.56
26.59
25.07
15.7
25.07
31.22
30.17
24.69
20.85
25.94
29.48
28.53
21.39
34.68
37.3
35.24
31.04
28.77
31.46
28.84
23.69
7.19
23.01
15.31
32.86
35.48
30
28.78
24.03
18.31
30.39
39.73
43.44
38.67
26.51
26.89
24.42
21
14.76
26.21
31.74
30.02
21.57
27.95
36.19
38.93
35.95
26.75
27.07
28.88
27.48
29.75
31.84
33.64
29.99
19.06
28.1
28.47
32.24
36.06
35.36
24.66
25.28
29.51
28.25
24.98
25.81
24.37
27.67
29.97
27.29
21.39
26.51
28.89
24.42
22.49
3.72
25.71
30.64
32.01
29.19
2.39
26.53
25.05
25.69
31.06
34.4
33.85
26.25
26.11
32.95
41.29
49.48
49.57
38
34.73
35.7
30.71
20.29
14.92
41.41
49.08
46.82
38.9
37.21
36.53
31.92
27.55
33.7
35.06
33.24
26.05
32.43
37.83
37.43
32.94
28.88
32.73
32.61
31.86
29.76
23.37
34.85
34.62
31.64
29.36
18.56
25.56
29.04
24.69
14.37
31.61
34.01
28.07
12.26
26.57
31.36
32.44
25.39
20.76
24.82
30.43
33.56
30.62
30.07
33.9
35.22
33.29
25.89
32.74
34.54
30.19
25.49
26.8
33.03
31.45
22.29
22.77
28.17
35.66
34.35
26.22
28.23
31.81
32.58
30.19
16.14
29.75
31.74
31.12
14.19
33.48
37.4
35.59
28.32
29.01
29.38
34.42
33.12
26.39
27.72
30.21
32.08
30.75
28.03
32.89
30.97
29.44
26.55
27.97
35.66
35.19
28.69
25.97
30.55
34.62
35.7
31.39
17.09
24.9
33.84
36.12
30.07
26.28
32.63
34.17
31.03
22.56
32.55
32.91
29.02
12.62
29.8
33.56
31.56
26.18
19.66
28.52
34.57
32.43
13.48
28.8
31.72
32.29
24.89
26.94
30.38
27.79
27.93
25.64
28.28
28.96
17.7
20.83
24.26
33.3
35.68
26.86
26.26
25.55
17.9
27.1
28.29
30.96
28.81
26.83
31.5
27.15
19.88
25.33
19.28
15.2
11.71
14.83
18.25
18.25
22.23
13.71
28.02
30.83
27.48
19.39
24.67
28.91
28.44
20.94
21.84
27.58
30.44
29.89
23.47
18.77
25.5
25.78
26.68
22.94
25
26.65
19.35
17.93
23.38
29.49
31.39
28.67
16.98
14.97
19.33
14.7
18.54
28.18
29.78
25.04
22.99
23.49
18.55
15.19
20.27
23.35
17.64
17.5
22.39
20.69
17.88
17.24
25.78
29.45
28.93
23.74
15.19
18.25
22.03
20.57
15.75
24.47
24.24
22.21
19.61
17.87
22.24
25.84
27.02
28.69
25.43
15.69
25.34
18.8
20.59
24.51
24.91
22.44
12.43
16.04
19.4
13.27
15.25
14.75
16.45
17.66
24.41
24.86
23.7
26.73
17.57
26.31
24.98
19.74
17.21
14.66
8.97
20.07
23.7
22.44
23.1
24.89
24.17
22.01
15.72
12.64
20.6
27.14
24.13
17.25
13.16
21.59
28.79
28.38
20.15
17.42
19.08
23.31
25.74
21.81
16.14
17.88
21.49
26.34
26.9
18.65
12.45
21.33
23.34
17.72
22.32
23.4
21.78
15.82
15.06
19.72
18.54
20.11
18.83
15.24
18.57
21.24
18.63
16.1
19.49
16.27
16.73
22.29
15.25
23.63
9.98
17.86
9.89
24.13
29.39
30
31
30.63
25.12
13.46
21.23
21.47
26.05
25.57
23.07
21.54
24.26
23.29
19.51
20.19
26.67
29.3
32.88
32.65
29.11
12.16
29.01
29.64
25.17
20.91
31.07
31.67
25.12
11.84
24.56
23.17
18.36
28.23
29.21
28.59
29.58
29.13
29.6
28.38
24.64
18.99
30.1
35.06
33.8
28
29.3
33.83
32.22
29.21
30.88
30.02
20.39
31.68
33.73
28.94
25.29
26.18
27.31
20.93
23.48
31.67
32.47
31.73
31.35
30.78
25.93
18.29
24.56
22.95
23.02
26.27
30.33
35.16
37.39
33.77
24.46
24.05
22
30.64
32.7
27.88
17
26.45
27.78
20.5
18.47
23.84
26.69
24.03
14.9
15.04
17.31
17.04
21.72
22.68
27.32
31.67
31.43
28.39
27.44
23.28
23.7
28.38
26.64
23.46
26.47
29.43
24.9
25.78
30.32
30.74
23.16
21.76
28.42
29.28
20.37
20.88
23.78
21.62
17.9
27.55
29.03
20.62
30.05
29.29
17.98
19.33
22.18
22.26
20.09
28.55
27.74
17.87
27.07
25.73
15.82
31.47
33.68
30.89
20.44
26.13
28.81
18.38
21.21
23.77
21.61
23.48
30.9
31.16
23.66
9.15
16.63
14.56
23.16
28
28.82
26.02
22.8
25.92
28.24
25.3
17.76
19.53
26.98
30.57
25.97
21.6
25.99
19.78
10.26
20.65
25.32
23.39
15.86
25.78
21.88
23.87
27.63
25.74
19.29
22.14
29.43
27.96
20.06
21.42
24.23
6.63
26.88
30.92
30.34
15.98
28.52
31.45
28.68
24.13
20.87
17.18
22.05
25.12
20.12
18.47
21.49
10.77
22.23
27.38
27.81
19.18
23.51
29.82
29.43
14.59
23.54
23.61
22.59
23.01
19.06
17.5
12.44
22.83
27.23
23.68
15.47
14.49
18.4
20.35
14.15
17.5
19.6
13.25
16.45
19.56
14.79
22.2
26.81
27.05
25.22
21.6
20.5
22.2
23.44
21.74
20.62
21.47
25.81
26.91
23.4
17.63
8.95
10.86
-0.7
9.87
13.15
16.97
21.37
22.84
22.51
19.73
24.72
24.85
21.91
19.59
25.72
26.19
21.44
19.11
17.55
25.59
25.3
17.88
4.18
7.42
9.15
13.05
15.46
21.6
19.7
15.03
25.19
26.69
22.66
22.3
23.77
20.66
13.29
12.46
23.29
26.06
24.85
17.96
17.3
17.49
12.68
9.5
16.41
20.63
17.14
21.19
21.44
23.44
23.45
21.38
23.28
22.95
12.41
19.61
23.09
25.03
27.12
22.22
-2.55
20.18
24.42
22.12
20.67
18.84
21.01
25.06
25.2
22.48
13.46
17.09
20.25
19.25
20.14
20.22
23.32
21.57
22.3
26.7
23.95
16.19
20.52
21.89
16.86
16.47
14.1
8.95
13.61
15.11
11.17
8.2
14.73
16.68
21.47
18.12
18.55
20.12
17.5
15.85
3.76
16.65
19.18
19.54
14.89
14.15
20.39
27.43
28.75
24.11
13.48
20.67
20.65
13.38
18.91
17.96
11.87
17.34
23.53
24.55
18.56
12.01
16.94
15.05
12.33
12.13
23.16
24.99
26.82
28.19
24.47
17.21
22.42
21.95
17.44
22.27
25.43
22
20.63
20
11.65
18.44
22.18
16.43
18.26
17.06
13.77
23.76
26.33
23.62
20.97
22.65
22.31
20.61
15
18.56
20.73
19.85
25.16
27.09
27.8
18.35
14.68
17.28
19.64
21.78
23.35
22.4
17.33
19.8
17.65
13.04
15.27
12.12
12.42
12.64
10.96
25.16
29.94
26.6
21.45
21.62
18.44
13.74
18.22
21.39
19.02
18.72
22.53
23.97
24.4
19.08
20.98
24.14
20
11.85
8.63
20
19
22.61
26.39
23.13
19.33
25.95
29.33
28.04
24.88
13.56
22.06
20.17
20.71
24.51
25.5
22.25
17.21
3.37
22.78
27.06
24.91
15.43
21.41
23.81
19.94
13.93
25.64
27.6
21.15
23.47
28.54
28.44
26.04
15.95
24.85
26.49
23.54
21.66
25.55
26.96
20.95
21.12
26.8
28.71
26.26
4.38
25.87
29.1
29.26
25.75
24.74
27.93
25.64
18.86
8.87
23.23
27.14
19.15
19.39
17.05
12.34
20.21
13.75
21.48
25.41
21.85
13.31
9.3
12.55
23.66
26.4
21.14
18.79
19.92
20.55
22.26
20.2
24.66
25.64
18.07
16.19
19.83
13.7
13.27
21.62
18.54
17.36
23.99
18.76
12.33
6.77
21.76
34.96
38.73
34.32
20.19
17.82
21.55
15.59
17.85
23.57
25.15
24.42
21.39
15.01
19.07
21.38
10.39
20.21
23.32
18.62
9.79
13.13
9.7
11.82
9.79
14.77
21.04
15.48
17.42
23.84
21.93
14.71
23.45
24.86
22.29
20.7
14.77
-12.6
16.35
23.28
19.12
17.91
19.28
23.26
23.44
18.64
16.64
21.04
21.07
22.46
23.27
21.14
23.11
25.58
26.45
25.57
19.15
16.44
12.47
15.75
3.55
19.21
21.52
17.5
7.54
19.51
21.06
21.06
16.8
21.05
24.33
24.69
22.28
11.11
14.71
16.53
3.83
19.57
21.55
9.91
10.1
17.09
21.6
20.1
19.26
21.64
25.34
24.18
18.3
6.24
22.96
24.26
7.22
21.58
18.07
18.61
17.47
17.84
22.63
22.51
18.02
22.72
16.4
20.25
20.25
20.72
25.53
25.55
18.55
22.24
27.01
22.3
21.28
20.18
22.56
23.5
17.43
14.18
11.64
15.24
12.87
17.97
22.69
22.26
15.68
6.1
18.73
17.6
14.15
21.8
22.36
22.8
20.6
14.64
17.13
20.46
19.22
16.02
18.26
20.93
19.86
9.26
15.67
15.12
20.35
22.04
19.29
17.29
16.98
20.18
12.1
11.74
16.28
22.84
26.09
25.42
21.26
14.61
10.91
19.22
16.85
13.23
9.38
0.12
5.64
14.07
20.62
21.54
12.01
15.26
20.23
20.44
12.89
19.7
22.11
20.71
20.01
19.55
20.61
21.9
18.03
15.32
16.28
20.95
18.65
14.12
8.68
13.94
14.91
12.93
5.87
19.02
18.04
6.46
19.31
21.41
18.2
10.43
19.63
24.08
22.25
19.24
17.61
16.92
16.21
10.58
11.01
17.3
13.55
9.57
11.47
12.76
11.63
18.38
23.1
19.57
14.58
18.16
19.04
15.74
14.42
15.88
17.82
15.75
16.75
21.2
18.52
18.39
15.29
19.55
15.55
15.14
18.98
20.63
22.59
21.26
17.23
10.84
-1.66
14.71
18.12
20.08
21.69
23.88
22.95
21.24
16.76
16.6
18.3
16.85
21.36
20.38
9.21
7.74
7.46
-1.23
5.72
-2.77
12.09
13.67
11.55
9.59
-3.07
12
15.38
15.35
15.22
14.33
17.85
19.77
15.27
6.17
13.71
13.48
12.96
17.55
14.95
14.48
-0.74
11.08
14.49
18.95
16.21
7.75
16.44
18.44
11.64
15.19
17.48
19.93
21.3
19.95
14.93
14.36
13.68
14.27
17.07
18.48
15.78
9.34
12.9
17.69
18.49
19.69
17.25
11.44
11.86
-4.18
-5.79
10.36
15.31
19.41
20.39
18.79
4.56
13.31
4.84
17.74
16.78
20.94
23.98
13.09
18.7
20.59
16.22
9.94
10.49
-2.37
18.77
23.32
20.55
15.06
2.84
5.77
6.32
13.12
19.29
17.87
8.33
10.73
14.75
6.69
13.25
8.04
14.16
16.25
12.9
6.42
13.48
19.27
16.89
9.04
12.23
10.04
8.48
13.33
7.92
15.85
12.96
12.7
0.09
18.71
21.43
19.19
10.01
11.45
14.26
3.28
4.69
12.64
16.2
14.57
8.73
5.64
16.12
21.73
22.36
19.71
11.63
13.26
14.57
13.26
2.89
14.4
10.86
9.88
14.19
17.75
18.86
19.66
19.38
16.03
14.39
14.76
15.06
18.33
14.61
10.93
16.51
15.94
6.87
7.32
14.03
17.36
14.41
13.95
16.57
15.98
7.24
8.05
10.32
7.78
17.68
16.03
18.54
15.25
5.08
13.89
13.1
9.93
16.5
18.85
18.41
14.2
9.01
11.38
11.33
17.05
19.61
18.26
10.44
6.65
12.72
10.76
5.22
14.96
16.36
14.49
13.25
4.95
13.17
14.76
15.87
12.62
8.06
17.65
15.05
10.63
16.88
19.38
17.89
14.68
3.89
7.43
12.4
12.42
18.18
21.23
18.65
16.05
17.19
16.49
12.26
5.27
9.92
12.95
14.16
16.13
11.08
9.56
5.38
11.46
19.25
22.7
23.2
18.31
11
12.11
7.07
9.22
9.97
7.84
8.26
10.63
9.89
15.63
19.19
18.18
10.62
6.87
16.37
16.93
7.88
7.63
17.7
14.2
3.89
9.38
15.29
13.26
10.03
5
16.19
21.61
15.19
12.42
8.27
15.19
20.25
16.9
8.16
6.73
13.37
16.95
14.65
14.76
10.9
12.99
18.25
10.25
8.84
-7.79
4.95
4.65
6.37
15.24
18.26
17.49
15.76
17.28
19.9
17.27
17.84
17.56
-1.75
13.96
21.16
24.34
21.74
19.77
21.7
18.74
10.17
19.97
18.4
18.37
10.08
17.47
22.09
20.08
4.91
14.59
12.55
10.53
16.84
19.36
13.88
4.29
9.56
12.44
10.64
-4.31
16.56
19.31
16.14
9.84
17.43
15.87
8.97
21.07
16.77
16.06
20.97
21.12
20.93
19.41
16.47
16.7
15.74
14.88
11.56
13.57
13.83
12.77
20.69
20.44
14.79
18.59
16.23
13.64
17.22
20.24
20.81
17.33
16.12
7.37
15.37
15.69
13.26
13.34
17.21
19.02
18.9
20.9
20.29
21.91
21.61
17.41
14.15
12.99
10.62
6.63
15.92
20.06
20.22
11.04
4.87
7.62
14.33
13.16
10.62
16.52
22.4
22.7
13.84
15.65
9.1
7.38
14.25
21.33
19.73
9.42
13.29
16.5
14.68
6.66
12.57
18.74
12.71
5.63
12.3
14.89
14.42
10
-7.48
11.29
16.98
15.46
-0.57
11.73
17.37
18.88
15.74
5.37
13.76
18.38
15.8
5.22
12.35
8.85
17.42
21.53
22.65
18.62
18.23
17.57
5.54
11.39
17.97
19.85
16.09
14.9
18.71
17.02
19.72
18.47
17.78
15.95
16.51
21.49
19.13
11.59
8.38
5.32
19.19
21.95
16.87
19.17
18.26
20.92
17.19
9.42
14.04
20.05
17.67
9.48
12.24
18.67
15.37
14.9
19.46
18.42
12.91
18.96
23.32
22.15
21.27
18.65
15.05
12.51
15.28
18.92
19.62
13.32
7.86
10.43
18.21
18.68
13.17
9.38
14.05
15.34
17.85
19.74
15.67
-9.42
8.7
3.82
14.98
19.86
15.48
12.5
17.21
16.59
11.56
-1.75
6.87
6.69
11.12
19.38
20.81
16.49
10.26
16.9
20.19
23.83
23.87
16.53
2.11
13.68
18.11
19.26
17.7
11.21
16.95
18.74
17.17
11.15
-6.43
6.07
5.85
-2.33
8.57
20.18
21.21
15.66
18.1
18.18
13.77
13.23
11.24
9.23
8.84
5.06
15.55
21.1
24.93
23.03
15.23
2.26
6.64
3.46
0.88
13.38
15.6
15.61
14.73
14.21
20.88
18.13
18.08
15.02
2.36
9.62
5.11
15.92
18.13
16.46
18.83
23.59
19.94
16.41
18.05
14.22
15.62
15.43
15.23
11.3
7.81
18.14
17.96
8.49
10.45
5.9
18.03
20.38
17.61
-0.9
18.56
16.53
16.93
9.95
7.08
3.54
19.85
22.79
15.71
15.64
17.41
16.97
22.69
16
16.41
13.84
11.38
14.01
22.15
22.55
20.29
20.07
22
19.8
13.5
16.93
21.23
17.74
5.51
14.37
24.41
23
9.48
9.7
6.35
4.98
0.08
10.95
16.5
14.23
14.23
14.93
15.53
8.53
15.29
21.2
24.1
24.42
18.39
6.86
13.78
19.73
4.86
18.87
15.13
18.39
18.06
15.61
13.7
10.1
17.89
19.65
14.08
6.72
14.81
21.63
22.89
14.75
17.22
21.35
18.38
14.13
17.96
16.31
16.5
18.82
21.89
20.21
19.38
20.16
15.66
13.8
20.2
13.79
14.74
17.72
5.76
13.05
19.38
18.35
15.92
1.06
19.81
23.05
24.07
25.26
19.87
13.39
17.78
23.73
24.58
19.71
18.22
22.49
17.34
11.55
13.17
17.33
16.15
8.09
16.07
19.57
17.88
9.81
4.3
2.89
13
19.16
21.06
18.58
11.49
9.28
19.33
21.99
17.92
18.84
15.1
18.09
13.5
13.73
14.99
23.8
24.43
24.54
20.14
17.43
17.81
17.59
20.08
17.28
16.05
21.84
17.88
19.52
15.97
9.25
8.62
14.16
10.2
2.35
5.25
9.43
13.01
8.78
11.92
16.22
21.38
22.53
12.35
12.33
17.53
19.91
18.95
13.25
11.33
14.53
21.16
26.11
24.75
15.1
9.95
8.98
13.88
20.87
21.07
16.54
14.9
18.57
14.72
16.87
21.24
15.77
14.49
20.22
19.2
14.72
2.42
11.26
8.63
14.66
19.55
23.77
20
11.43
9.33
5.01
15.81
16.05
13.36
23.51
21.6
7.77
18.21
23.41
22.15
19.34
21.53
20.6
19.98
21.18
17
9.68
18.92
21.4
15.02
15.54
22.1
19.63
14.56
20.61
19.41
16.1
13.51
11.18
7.13
14.06
13.02
11.24
6.32
13.9
20.58
23.6
23.61
21.38
15.6
12.7
17.18
9.13
15.87
17.23
21.67
19.01
15.23
17.37
19.31
18.53
14.59
4.05
8.03
18.44
20.28
16.06
7.61
19.61
20.18
16.77
12.31
19.14
16.79
8.35
10.98
17
16.64
10.35
14.05
11.44
10.27
6.08
16.41
17.91
13.61
16.81
17.57
19.93
20.04
15.59
9.55
17.03
23.32
22.08
9.26
16.68
21.66
19.47
11.4
16.1
16.63
10.36
10.43
17.81
18.83
13.36
15.65
14.33
3.65
6.13
11.42
13.92
10.73
19.16
19.91
12.91
19.53
19.78
19.74
7.4
10.04
11.09
11.31
6.34
0.34
6.18
14.85
17.67
17.34
15.11
16.55
11.72
-8.98
10.53
18.86
18.55
17.37
18.26
19.22
19.11
12.99
10.79
16.02
11.52
3.71
15.31
16.99
12.07
15.85
15.88
12.96
16.77
18.72
18.75
19.72
19.54
16.84
13.15
8.7
3.59
-11.35
13.23
14.88
12.67
13.63
13.48
12.73
20.19
20.55
14.32
2.96
11.92
17.84
13.57
17.49
18
16.39
18.92
18.19
22.58
21.79
11.95
3.71
16.36
18.13
14.48
6.91
4.15
16.7
18.55
12.57
8.33
10.67
7.73
8.45
16.46
18.25
16.14
17.73
14.16
4.99
11.28
13.8
10.79
8.97
13.49
14.9
10
15.3
5.22
-0.31
6.62
0.63
5.18
-1.11
2.06
8.67
14.62
10.53
13.14
14.95
10.37
11.34
12.27
13.13
13.02
18.6
17.3
4.04
17.95
19.89
12.24
10.47
14.29
11.56
18.94
18.12
7.13
-2.64
12.29
17.79
13.96
11.97
15.97
14.1
7.21
5.34
5.9
13.53
9.25
12.24
13.77
10.85
8.99
9.02
10.9
8.95
17.4
18.6
16.5
8.73
10.44
14.73
11.43
2.03
13.53
21.51
20.83
13.21
-3.06
8.5
11.72
4.08
6.44
8.66
12.14
14.98
8.77
12.92
17.78
19.86
19.61
18.19
13.95
10.57
13.42
18.19
20.26
15
8.32
13.24
18.56
17.71
17.5
18.22
12.77
-1.24
8.73
11.91
-4.82
15.44
14.49
3.62
4.81
1.8
6.71
7.99
6.23
8.2
13.55
14.3
14.68
12.44
19.28
13.98
18.43
20.37
17.75
14.81
12.24
10.72
-1.46
10.78
13.75
8.78
16.78
14.61
9.33
0.27
8.95
17.24
19.66
18.28
15.57
15.94
16.75
9.26
5.82
12.89
15.18
15.6
10.75
-7.8
2.24
9.08
13.06
10.33
9.34
15.08
10.15
18.16
11.22
10.35
11.81
7.96
2.62
13.19
10.94
-4.47
-1.6
-17.52
12.09
16.23
15.68
14.39
-0.12
6.37
15.17
17.58
17.45
17.7
14.34
6.95
6.18
8.13
12.84
16.59
16.58
14.2
12.91
13.77
13.05
-9.53
14.28
15.14
8.75
13.88
12.03
17.21
19.6
16.22
9.9
0.47
8.84
15.02
17.03
10.6
-0.49
5.47
-2.22
-3.23
11.79
16.48
12.5
8.25
14.3
11.71
15.13
11.79
-10.01
9.67
9.37
7.54
11.41
17.27
17.16
17.74
18.85
17.9
18.06
20
19.66
15.39
8.68
-0.6
6.62
7.77
8.36
15.06
17.39
11.78
8.2
13.07
14.95
16.03
15.16
14.61
15.09
12.56
5.69
12.39
4.98
8.21
11.24
11.46
9.59
7.18
3.36
5.5
8.15
14.28
15.79
5.15
10.49
13.8
14.2
13.22
7.41
-1.27
7.58
10.07
7.05
5.65
14.69
13.7
6.28
8.41
11.53
6.5
9.2
15.18
16.47
11.59
5.43
9.3
4.98
13.06
13.78
13.8
12.2
4.5
16.54
17.36
11.29
3.02
15.17
13.73
6.4
13.42
10.08
8.66
13.05
10.72
9.48
9.02
2.73
-12.77
4.97
16.2
18.22
14.45
12.78
12.11
6.56
4.42
10.95
4.29
7.68
11.89
10.67
5.8
13.46
11.36
14.75
14.56
7.29
5.42
12.83
13.47
6.42
11.77
11.21
-3.51
11
12.29
7.86
5
11.75
7.19
-5.49
0.56
8.81
14.48
19.31
19.33
16.17
15.4
11.02
-0.72
5.02
10.83
14.35
9.96
12.4
11.9
-4.17
8.42
5.07
8.47
16.08
16.88
17.13
14.6
10.23
8.92
2.89
9.37
13.03
6.81
4.66
3.02
4.07
13.91
14.89
9.01
4.05
-10.3
11.88
15.6
17.12
14.17
9.92
13.97
17.69
17.73
14.73
12.93
6.91
9.32
12.17
11.75
8.14
4.45
11.9
9.91
11.12
8.75
12.61
14.5
9.25
-1.56
4.75
9.69
8.56
5.03
8.66
6.23
9.91
12.42
14.89
11.9
7.22
13.49
-3.71
16.06
16.84
11.87
6.62
10.96
16.85
7.43
7.02
6.14
15.11
15.88
9.42
8.23
11.47
8.44
2.2
11.85
7.42
6.83
7.73
9.81
14.4
9.06
9.27
13.43
10.66
6.79
9.57
6.51
15.25
11.03
10
13.71
18.24
17.51
14.34
13.78
15.68
16.29
13.21
12.43
15.06
17.35
18.53
19.55
19.82
18.65
16.49
0.18
12.64
13.27
12.36
13.45
13.11
6.75
7.57
17.54
19.11
16.19
13.65
11.81
6.01
12.75
17.72
19.3
17.94
13.31
12.08
15.68
14.08
11.03
13.41
12.43
5.51
11.55
18.41
17.09
7.02
11.85
7.45
8.67
9.94
3.89
9.32
11.79
6.43
-12.47
0.62
9.41
15.86
14.88
14.99
12.72
12.92
13.98
3.21
13.35
12.82
16.14
17.59
17.43
4.84
14.1
14.19
14.22
10.41
9.5
11.91
13.84
8.23
13.61
15.38
10.82
9.9
17.47
18.95
18
13.91
12.27
14.19
11.49
-5.9
0.79
7.69
7.32
5.83
9.42
14.98
14.58
13.47
12.9
11.43
11.36
14.02
15.12
19.09
19.66
13.99
13.72
16.97
19.18
17.59
14.26
12.61
10.98
11.11
-9.08
12.85
16.05
12.38
12.42
12.1
10.56
14.28
17.1
15
6.77
10.61
10.65
11.88
12.44
13.32
15.66
15.88
17.72
17.54
13.61
11.54
14.26
14.4
12.75
11.25
11.82
15.92
17.32
15.38
12.73
9.96
1.5
4.74
13.79
15.18
14.01
11.26
10.19
7.69
13.94
17.09
11.96
9.13
7.28
9.79
11.35
13.43
14.03
8.47
7.49
8.74
9.69
13.12
7.69
4.53
-9.79
8.49
11.3
8.6
15.23
18.22
13.92
-7.77
9.87
11.37
1.19
-0.26
6.61
15.54
17.27
15.8
13.44
1.65
11.21
15.47
15.53
14.99
16.87
14.97
15.08
22.25
20.91
11.65
9.49
16.56
17.35
14.1
7.13
-3.6
9.24
12.98
14.33
12.27
10.33
13.09
16.66
16.26
11.04
10.16
16.58
16.27
17.84
15.84
10.73
4.95
8.78
8.19
11.91
14.27
-0.54
10.09
14.4
12.74
3.2
4.51
12.71
16.44
10.76
7.79
9.16
11.78
10.25
9.31
9.23
7.71
11.39
10.43
8.56
3.33
8.34
10.55
8.3
10.38
13.78
15.08
9
14.4
13.84
7.51
13
14.52
-3.14
14.1
10.56
6.42
11.73
14.08
12.36
13.17
16.13
15.26
11.7
11.09
2.18
13.07
17.4
14.4
10.87
10.31
13.02
14.89
6.32
3.86
15.69
16.94
10.31
12.56
15.82
15.2
16.26
15.54
13.39
9.42
9.05
14.77
16.16
16.39
13.65
2.26
15.06
15.5
14.43
16.87
17.25
12.64
16.85
17.5
11.38
4.64
14.58
13.7
7.17
5.75
12.55
9.42
4.63
7.03
12.44
9.64
12.01
15.98
17.46
12.02
13.06
12.42
12.06
10.64
6.86
15.02
16.94
14.5
7.16
3.83
7.97
1.48
10.04
9.74
6.47
12.31
5.88
14.71
18.2
16.01
15.32
17.55
16.8
12.51
9.47
8.86
12.25
14.25
4.79
5.67
12.89
10.05
6.74
13.89
16.78
14.07
15.33
1.82
10.52
5.91
-0.3
12.26
17.08
14.25
9.75
0.27
10.69
13.34
13.17
13.2
9.78
9.92
15.68
17.47
17.62
16.44
8.77
12.96
13.12
5.03
8.53
11.72
11.1
14.39
8.52
14.33
12.28
8.41
11.43
11.41
11.37
10.36
11.22
13.7
8.6
8.94
18.06
22.07
21.77
18.51
10.39
10.48
12.71
5.29
12.05
13.02
14.15
12.02
12.85
14.41
14.32
14.67
13.42
5.9
2.53
14.63
18.4
15.49
6.94
10.06
15.29
9.15
2.24
13.9
15.75
11.86
4.12
0.88
10.79
17.37
20.17
16.61
4.55
11.01
7.95
6.55
8.63
13.29
13.79
1.2
13.82
12.75
8.76
10.39
11.73
11.82
12.22
6.12
-1.1
9.89
15.22
13.61
2.73
-1.97
8.07
8.5
6.77
12.72
8.51
1.97
9.87
15.63
9.18
14.28
16.73
11.1
6.12
14.42
17.35
12.3
7.52
9.53
8
-0.79
-7.35
2.08
7.74
11.9
13.49
7.55
15.23
16.75
10.63
8.8
12.98
11.89
-1.84
12.16
11.8
5.32
12.03
11.92
6.68
12.11
11.8
12.59
8.55
4.93
7.61
5.63
2.51
5.6
12.72
15.77
14.52
14.01
12.43
11.71
13.33
12.1
8.24
5.64
-1.33
8.54
7.23
14.02
18.97
19.68
17.66
13.48
10.21
9.5
10.87
10.12
2.93
2.45
-2.17
6.41
-4.69
0.6
2.89
5.02
4.12
17.38
20.07
17.17
11.79
4.51
5.33
5.62
12.2
12.64
16.27
17.06
10.06
7.2
6.33
3.87
10.17
12.28
4.38
12.37
19.63
20.41
16.89
6.15
4.09
-3.29
6.96
11.04
11.82
16.48
17.57
12.6
5.69
-20.3
-12.58
10.69
15.98
15.26
11.53
9.02
7.51
5.99
6.78
15.74
15.83
12.87
12.31
10.73
12.37
12.9
9.32
4.77
7.32
5.57
8.58
8.47
15.04
12.54
9.63
8.16
11.52
13.72
14.67
12.71
-5.46
5.52
11.5
17.8
16.06
11.62
6.38
7.28
11.38
10.55
12.49
16.09
15.59
12.02
-5.92
10.66
14.62
17.4
18.05
14.26
14.48
17.17
14.14
13.9
13.67
12.1
11.14
12.47
8.33
-1.53
8.81
13.51
12.34
5.84
7.47
13.99
18.78
17.16
6.59
10.54
11.25
-1.7
9.17
10.32
15.32
18.26
17.85
19.03
21.18
18.62
7.48
11.42
15.28
15.99
13.56
0.23
2.97
13
17.91
18.71
17.59
18.14
15.79
9.5
0.09
-2.07
6.79
8.82
12.49
14.36
8.11
11.02
16.63
17.09
16.83
17.71
17.43
13.72
6.49
12.73
13.52
17.57
18.6
14.23
13.83
8.53
4.18
13.54
14.59
9.34
13.61
12.92
14.52
16.18
15.53
17.84
15.86
9.1
10.45
5.59
9.25
15.51
17.72
17.01
15.06
18.44
17.87
13.53
12.3
-7.62
12.23
14.54
14.26
16.63
18.21
18.42
13.79
5.44
13.24
13.21
7.98
13.5
16.32
17.09
17.11
11.95
5.18
10.22
8.62
6.24
6.07
12.48
13.8
13.68
12.49
7.45
11.32
12.55
9.11
14.09
19.48
18.33
14.32
13.45
11.47
10.61
11.57
9.35
18.6
21.69
20.01
17.74
19.08
19.03
11.95
-5.79
-1.72
3.8
6
8.64
10.42
12.09
9.48
5.76
17.68
18.41
14.55
9.73
7.04
9.53
9.98
-2.06
7.24
7.6
11.04
15.43
12.13
8.12
12.22
7.36
7.47
12.02
17.43
19.67
18.37
11.16
3.89
8.63
3.3
-9.67
2.39
7.27
-6.8
10.83
14.3
3.91
10.26
7.3
7.22
13.08
17.19
19.61
19.42
15.83
9.06
-8.05
5.47
11.2
13.24
11.31
9.95
15
17.88
17.48
13.63
-3.43
10.68
16.79
18.67
14.79
10.26
7.82
1.42
11.56
16.7
15.87
12.15
-6.54
10.71
9.97
8.96
15.53
13.73
7.78
1.98
3.39
4.03
13.91
14.58
6.38
8.9
13.99
13.8
12.28
10.86
12.11
10.98
8.58
7.34
9.11
10.11
-3.68
12.58
14.32
14.01
13.2
14.77
13.68
16.22
16.56
12.08
-0.05
14.41
17.49
15.38
11.36
5.65
3.79
14.27
16.11
7.72
6.87
8.68
-3.08
11.71
11.95
8.1
8.38
11.34
14.62
13.25
14.39
15.69
14.87
17.94
17.96
11.33
14.53
18.93
17.92
12.23
6.14
3.08
6.33
9.98
12.08
12.25
12.3
18.09
14.88
8.84
8.42
8.12
-24.9
9.12
11.08
4.92
8.92
17.01
14.31
1.41
3.16
4.94
1.13
-4.48
9.74
8.39
-12.28
13.03
17.07
16.67
11
6.71
12.92
9.4
-3.74
18.3
21.72
19.18
16.9
15.92
16.63
16.33
8.87
9.53
15.28
16.27
14.47
12.38
13.02
12.15
13.7
11.36
-0.08
9.28
-1.61
13.73
15.09
12.98
16.24
16.29
10.87
4.09
9.42
17.6
15.02
6.95
8.31
13.25
9.8
9.41
12.36
9.57
9.08
14.52
13.35
8.54
9.58
11.42
11.88
17.26
13.66
13.72
19.47
15.59
1.5
-1.44
9.61
11.66
8.72
7.75
3.55
12.26
17.95
17.28
10.12
0.97
3.95
11.13
11.56
13.71
10.64
4.41
13.59
19.14
17.97
12.9
9.25
16.47
19.22
18.08
11.97
-1.24
8.23
12.98
16.73
16.79
7.69
7.94
11.4
12.44
12.42
5.76
6.6
10.97
13.08
13.39
9.16
10.82
11.73
13.55
13.63
17.4
14.17
6.31
-5.57
12.94
12.97
7.26
18.45
21.09
19.67
14.35
12.19
15.08
14.28
10.99
12.44
10.34
9.35
6.02
-0.27
10.4
10.03
16.54
16.8
7.85
4.77
9.62
12.52
17.35
15.9
7.37
9.43
6.44
-9.44
9.9
5.63
11.77
17.12
16.02
8.01
11.32
17.44
19.36
18.42
16.65
7.86
13.45
17.41
16.21
9.69
-2.5
5.5
-2.94
8.08
9.53
10.33
11.57
10.92
8.27
2.8
8.75
14.68
15.45
8.37
-1.61
2.3
5.43
2.31
4.87
13.91
14.85
9.86
12.69
16.24
15
6.58
7.19
9.88
8.09
14.6
7.42
13.94
15.47
11.9
14.44
11.42
9.79
13.53
10.16
-0.57
4.48
9.58
2.9
-2.14
4.82
12.26
12.71
14.89
17.67
13.01
7.55
11.6
15.43
16.93
13.59
4.63
0.5
13.58
17.69
15.19
11.81
9.29
3.83
8.19
16.08
14.04
9.36
12.26
13.3
12.93
12.69
9.27
12.93
9.31
2.87
12.51
13.4
1.21
11.63
5.83
11.77
13.62
10.45
18.84
18.09
11.85
6.25
10.9
12.54
16.49
16.96
15.73
11.52
10.51
1.04
12.55
17.27
16.34
16.85
15.23
11.92
15.84
15.14
6.17
0.95
12.2
15.46
9.52
12.89
14.81
12.64
18.63
20.95
19.64
11.38
9.43
14.98
13.96
9.17
0.62
7.02
9.53
-7.48
11.54
14.76
13.08
-3.64
15.74
17.43
11.79
3.79
12.7
12.55
11.96
12.05
13.21
9.16
3.75
12.52
11.91
12.29
15.09
13.55
7.08
17.55
16.73
12.62
6.59
11.02
16.82
17.73
12.52
2.81
13.21
13.1
10.68
15.96
16.99
14.93
13.14
15.16
16.96
13.97
12.43
8.27
12.94
8.63
5.46
9.75
3.61
12.49
17.36
16.63
7.53
9.72
13.27
13.55
15.2
14.03
16.92
17.71
14.43
9.32
3.62
6.88
0.91
14.4
18.15
15.37
7.67
10.9
2.88
0.28
6.77
9.2
7.23
4.08
5.24
9.98
13.9
11.85
14.53
13.96
2.89
7.87
7.38
8.32
5.65
-3.15
6.53
13.53
9.44
10.36
15.2
18.25
19.39
15.13
1.17
15.43
14.13
13.38
15.54
12.96
12.82
15.06
14.22
5.73
-4.65
8.46
13.64
15.55
10.92
10.52
14.92
16.22
13.06
8.48
5
15.68
16.54
16.31
11.5
-3.42
8.12
12.65
6.54
12.05
15.22
10.07
13.76
21.03
20.74
17.12
11.02
0.99
-4.43
7.75
8.8
11.74
11.28
2.6
14.22
13.09
12.49
15.7
14.52
13.11
6.23
14.31
15.67
17.99
18.58
10.93
8.92
16.15
13.67
10.84
12.8
5.12
0.97
7.01
-0.38
4.33
9.87
11.14
5.17
4.05
10.42
6.48
7.4
11.9
6.31
7.63
15.33
13.63
10.59
12.79
12.09
9.33
13.58
18.2
17.54
11.22
8.47
13.02
11.3
15.87
15.98
5.88
9.79
11.97
14.49
11.39
3.02
4.03
7.99
13.1
12.4
5.36
-5.11
-5.86
3.68
10.23
11.12
4.72
13.59
15.79
8.44
8.78
15.88
