8.22
10.84
10.65
7.35
10.53
14.92
13.36
0.74
13.78
13.43
7.13
5.72
5.88
5.77
7.46
8.08
-4.67
7.39
10.67
4.95
6.24
9.65
10.56
11.76
13.28
10.4
8.69
11.62
12.03
14.27
10.53
10.49
9.18
8.64
14.65
12.83
4.58
0.82
8.38
9.73
10.11
9.35
11.67
13.26
2.84
7.96
8.85
11.12
12.6
12.63
13.24
6
11.01
11.42
11.11
12.58
13.94
12.67
5.62
11.12
7.42
12.15
15.53
7.56
4.47
8.89
4.9
3.72
11.19
11.65
7.9
-5.46
6.51
9.78
7.91
3.55
5.27
9.69
11.98
7.88
12.59
14.34
13.39
6.67
8.58
9.6
8.99
3.53
3.5
4.74
6.91
5.99
3.01
-0.33
11.87
14.99
11.29
8.94
11.26
10.52
4.92
10.3
14.08
11.06
13.06
13.98
8.99
0.22
3.97
9.87
8.78
7.56
14.3
17.49
15.94
10.77
13.61
12.1
8.31
8.28
8.9
9.84
15.46
16.38
12.11
6.25
11.34
5.13
0.28
4.78
-5.02
4.1
5.63
8.33
10.57
5.68
2.5
10.19
10.57
13.95
14.08
2.14
7.89
7.41
-2.12
3.83
11.44
8.21
5.64
7.43
14
18.85
17.37
11.51
9.05
6.26
10.27
8.99
2.04
8.87
2.49
-8.96
-0.1
0.85
6.09
9.78
15.33
18.03
18.47
17.03
13.16
3.62
0.95
-15.54
5.79
13.93
12.02
7.81
6.55
6.4
7.02
7.48
7.53
-7.28
7.01
-0.45
5.25
8.76
8.66
2.49
3.28
15.35
18.41
14.43
-0.31
-3.42
1.09
3.63
10.2
17.44
20.42
19.29
14.49
8.16
-11.14
0.1
-6.87
13.77
19.37
16.18
5.35
5.96
8.27
9.91
5.68
3.85
9.45
-3.23
7.46
6.13
5.39
3.88
3.76
4.78
12.96
15.5
10.69
2.1
3.52
-6.84
7.94
13.09
15.2
15.9
15.08
11.33
7.83
5.45
4.2
4.23
-3.13
7.44
-1.88
11.19
10.81
7.12
12.56
10.83
12.76
14.62
11.08
11.54
11.54
11.99
14.29
8.15
4.9
7.92
-0.13
11.23
14.88
13.22
7.05
-6.04
1.63
10.33
12.22
9.31
8.71
7.44
0.07
1.61
2.67
11.05
15.82
16.04
13.38
12.88
11.55
6.08
8.35
9.53
5.94
10.18
12.33
5.16
12.31
16.11
13.98
5.82
7.1
11.37
10.38
6.43
8.68
13.25
14.27
14.6
15.83
12.97
14.51
13.99
10.78
8.42
11.59
14.72
12.19
3.87
5.5
-10.31
11.57
9.83
5.79
4.4
10.05
12.7
11.47
5.24
4.91
10.79
11.67
8.12
13.37
12.54
3.15
-5.89
5.21
9.39
8.7
0.42
9.81
11.06
6.04
3.45
7.82
12.91
8.92
6.24
15.57
13.58
8.88
12.3
3
11.66
14.62
12.75
12.88
13.61
14.18
11.11
9.43
8.3
5.41
9.2
11.84
11.9
7.82
11.87
10.72
10.53
11.46
11.95
9.66
-6.31
6.97
11.61
11.07
4.71
-0.14
7.99
9.64
12.75
12.55
13.04
11.41
-12.78
7.69
4.72
0.7
3.52
1.16
8.15
8.8
4.97
8.25
9.27
5.09
3.9
-2.44
2.62
3.95
7.02
6.7
-5.08
11.19
14.43
12.01
12.69
13.6
13.07
9.45
11.15
9.95
4.42
6.95
7.85
7.77
5.23
2.89
5.93
14.04
17.11
14.02
8.61
7.31
-0.02
8.37
12.13
10.88
9.41
7.59
1.18
8.54
14.2
10.9
10.05
7.47
0.12
11.54
14.53
15.61
15.44
14.36
8.95
15.43
16.72
14.01
9.54
5.22
3.51
3.66
4.89
6.44
16.42
19.73
18.12
15.33
13.77
12.02
10.37
10.05
5.41
13.03
13.34
1.73
1.28
-0.53
14.14
14.76
1.83
10.97
13.03
10.9
9.37
0.43
11.1
10.85
0.75
-4.97
3.62
5.7
-5.66
5.09
-1.15
6.6
2.48
8.07
14.6
11.5
5.39
14.13
14.52
8.86
1.86
0.58
-14.9
5.18
8.43
8.87
14.71
15.66
12.44
8.48
15.51
17.07
13.58
14.02
16.16
16.96
16.62
15.1
13.65
8.81
4.92
11.95
12.09
16.08
13.72
-7.43
13.64
16.75
14.9
8.27
0.82
8.39
13.91
12.61
12.83
14.36
11.56
1.07
7.03
11.89
11.94
12.5
10.99
6.47
2.17
0.49
2.56
2.9
10.72
12.17
6.43
12.13
9.19
7.49
4.8
6.1
13.91
18.69
17.21
8.89
-2.06
7.96
12.87
12.2
9.01
9.49
8.81
2.79
7.91
11.04
1.56
11.71
16.9
16
7.25
-0.57
5.92
8.7
5.53
3.93
11.76
11.1
2.28
0.06
5.52
6.4
7.38
1.94
5.28
10.95
11.74
12.37
6.82
8.72
8.94
5.96
11.29
4.81
6.74
5.36
-5.06
-1.04
5.13
9.36
12.35
11.08
8.47
12.53
10.09
8.42
3.01
1.82
4.62
-3.74
5.67
14.01
18.47
19.92
20.37
18.8
15.94
12.65
-9.47
9.69
11.82
12.25
9.8
0.24
4.53
11.99
13.58
3.72
4.62
4.42
4.25
6.47
6.32
0.93
5.71
4.2
9.14
6.15
11.21
14.68
11.27
6
2.69
9.28
11.33
9.43
2.18
-0.25
7.85
10.45
10.41
4.03
4.66
11.29
9.68
8.12
7.44
13.05
14.19
9.19
-1.74
9.08
13.45
9.57
9.75
9.48
-0.76
5.36
11.35
7.8
3.75
10.89
18.65
18.09
13.01
8.94
-4.94
12.7
15.62
13.86
-4
12.49
10.91
-0.03
2.9
4.76
6.23
3.06
4.22
5.54
12.08
14.78
11.24
7.7
-3.13
12.46
13.87
12.84
11.37
8.58
9.94
11.31
12.81
13.99
9.94
-5.98
9.4
12.66
11.95
13.71
8.52
3.67
10.82
11.94
14.67
15.16
13.72
16.56
18.07
16.71
13.78
5.5
6.71
12.28
11.84
11.23
12.97
9.93
3.8
4.18
-0.23
1.54
11.47
10.97
6.24
4.13
6.97
3.14
-13.01
1.54
-9.36
3.88
-3.26
2.07
0.59
-5.24
8.66
12.01
6.51
2.67
10.62
13.09
16.73
16.65
11.66
15.2
14.38
1.84
6.44
0.67
13.53
13.36
9.99
9.13
6.63
6.52
5.53
8.23
13.16
16.03
14.46
9.56
10.19
10.71
-2.17
-18.55
8.3
15.62
18.54
16.86
1.86
9.52
13.14
16.48
15.29
11.75
7.59
-13.01
9.06
12.9
10.3
2.44
0.67
3.77
6.6
7.31
11.2
10.91
-2.18
5.1
6.71
11.8
15.97
14.29
7.38
2.33
-1.51
0.35
7.21
11.98
14.97
15.11
13.9
14
20.77
23.62
14.13
16.71
18.75
21.78
16.35
19.81
24.77
23.68
24.51
25.55
21.26
16.12
19.28
19.31
12.65
10.02
20
13.74
23.32
28.84
23.6
9.01
20.3
24.86
26.64
25.54
21.87
17.48
8.93
9.76
11.22
3.94
19.63
19.32
24.19
30.8
30.76
21.1
19.81
13.55
21.51
23.31
21.64
18.73
12.6
21.07
24
23.97
18.42
16.78
22.2
11.56
26.02
22.59
17.67
21.46
18.39
18.97
21.71
19.86
17.56
18.4
13.31
17.08
19.74
24.04
23.17
24.39
24.43
21.61
19.17
21.4
19.48
14.37
4.72
4.93
20.73
25.27
26.79
23.76
14.42
15.15
22.73
20.25
10.75
17.07
14.95
22.81
26.88
27.61
26.38
27.07
28.74
28.12
18.86
22.7
26.38
22.54
12.43
20.7
24.53
20.27
18.03
11.71
21.34
25.63
17.95
15.26
19.53
16.36
10.12
18.16
14.98
17.64
20.04
20.39
24.36
22.65
21.9
25.5
21.98
15.01
8.02
17.77
18.12
16.8
16.75
21.95
26.96
23.93
15.75
18.48
24.48
27.24
26.17
24.29
20.98
-0.08
22.56
25.12
12.27
26.44
29.1
24.73
11.82
25.41
26.23
24.89
20.87
19.95
18.55
18.07
11.51
13.99
19.21
26.13
28.99
29.73
28.14
23.65
19.41
22.43
17.03
21.3
23.84
16.88
13.49
20.73
17.54
21.85
23.41
19.07
16.53
20.15
19.59
24.75
25.98
25.4
20.08
23.49
22.59
22.65
19.97
19.4
26.33
30.65
30.05
22.17
19.64
6.72
21.73
22.7
17.52
12.25
20.21
20.36
17.68
24.76
27.26
24.91
20.19
13.02
11.15
25.53
30.22
26.88
15.63
1.24
15.29
22.56
23.92
18.47
16.45
18.58
15.85
22.84
26.89
27.61
21.12
18.34
23.49
21.94
14.63
17.65
22.1
24.25
24.05
10.79
21.31
22.55
22.06
21.98
23.04
19.25
12.65
11.56
21.18
23.11
19.72
14.94
3.63
12.97
20.41
23.14
24.49
26.07
25.5
24.69
22.48
23.44
18.32
12.15
21.51
18.74
9.8
18.9
18.2
9.45
20.54
19.87
8.81
15.75
19.98
17.73
21.4
19.38
10.97
23.33
24.52
23.9
23.35
16.27
22.21
16.64
17.42
21.27
17.48
15.33
24.45
20.76
18.1
22.38
25.61
27.81
26.98
25.15
20.42
0.13
17.39
17.96
7.54
19.8
19.86
11.5
24.88
28.21
25.65
23.91
25.62
24.79
15.68
23.76
25.12
17.44
20.63
22.61
19.18
25.28
21.57
20.21
20.68
17.74
20.62
21.96
13.45
16.28
16.51
18.75
19.45
18.04
18.76
20.82
12.93
14.27
18.86
17.02
17.4
16
18.44
19.24
16.26
10.58
5.61
12.76
20.37
19.43
11.96
19.29
9.56
16.21
18.36
7.86
16.09
19.97
15.8
22.04
25.3
22.72
13.65
16.12
19.1
9.9
17.16
14.66
7.19
16.84
20.73
19
-1.78
18.03
17.54
15.11
11.1
16.61
17.21
17.3
20.32
18.41
11.58
19.67
19.07
11.75
-16.86
4.85
12.49
13.61
14
8.21
8.47
12.72
10.44
4.05
17.93
21.07
20.6
19.65
18.47
8.29
9.82
10.1
16.64
19.96
17.86
2.22
17.37
18.46
13.49
9.65
2.88
16.67
13.69
15.6
19.31
12.19
18.86
22.25
21.55
16.26
16.66
19.15
21.11
17.8
15.64
13.62
11.89
12.76
11.44
17.69
20.92
20.89
14.44
12.83
19.18
19.28
17.44
19.37
17.81
16.83
15.68
16.29
17.42
14.33
10.8
14.37
12.86
20.6
20.92
20.32
22.14
19.26
17.3
16.87
18.58
19.49
13.28
11.62
13.04
22.14
23.3
24.18
24.55
19.49
15.59
17.55
17.19
15.46
16.42
6.43
8.44
18.39
17.55
24.57
21.14
22.46
21.8
11.65
15.55
18.1
17.89
18.62
18.29
21.59
25.1
26.73
23.21
18.58
17.52
21.2
25.67
26.89
23.03
15
19.15
6.88
15.67
14.06
9.96
22.57
25.43
21.67
-1.13
16.39
16.92
13.6
9.41
16.59
14.69
11.26
7.84
22.02
20.42
16.48
21.38
26.26
28.04
16.9
23.94
22.07
23.26
22.69
19.66
16.99
17.4
18.37
14.5
15.11
21.66
17.1
16.27
17.52
17.27
13.39
23.89
23.3
22.47
26.68
22.75
22.68
21.38
18.38
20.16
17.47
16.95
21.29
21.74
22.63
23.93
18.17
14.47
19.16
16.53
25.32
22.86
15
14.58
12.48
15.51
18.53
6.62
15.45
18.76
20.02
5.68
18.5
10.04
21.1
18.43
16.87
8.72
19.84
15.14
16.53
15.87
13.64
11.97
7.9
14.96
12.73
15.45
7.28
20.01
23.49
25.4
24.81
18.62
21.86
23.06
20.04
-0.33
16.64
8.97
14.77
14.6
16
16.26
8.41
20.04
23.65
19.72
17.67
26.37
24.91
15.27
0.47
8.11
19.6
19.01
15.91
14.34
14.97
19.86
13.62
18.91
17.93
20.96
22.89
7.42
17.86
19.88
19.32
16.27
23.78
21.16
11.35
15.78
18.89
21.89
2.58
15.14
9.07
9.71
21.14
25.43
15.79
23.88
25.65
14.44
24.35
22.28
16.8
22.5
20.6
20.32
16.17
18.72
14.66
18.88
15.95
19.76
20.48
21.83
22.81
19.14
24.68
19.39
10.99
14
6.22
18.44
22.27
24.76
19.87
21.76
25.07
16.04
17.01
20.38
24.69
20.3
14.25
17.16
12.13
12.24
18.72
8.13
18.3
18
13.55
25.4
26.3
20.63
20.86
16.26
17.21
10.95
15.85
18.56
19.01
19.56
21.02
20.01
17.26
16.42
7.62
13.98
4.67
20.71
22.81
17.62
13.56
20.03
22.49
14.9
11.76
11.2
18.07
13.39
12.69
1.95
16.68
15.69
16.07
21.38
19.38
14.83
17.14
17.92
23.24
24.19
22.21
15.65
12.83
19.48
12.94
7.32
3.74
6.62
16.36
16.49
6.92
8.24
5.81
17.02
20.1
16.67
15.07
20.14
20.44
13.73
2.47
3.72
8.66
9.11
10.84
16.44
22.62
24.49
17.71
15.62
16.2
15.33
15.61
18.99
17.35
15.61
15.71
15.75
18.37
18.48
16.82
19.6
19.67
16.03
4.03
17.48
12.59
18.76
19.11
15.07
8.57
16.21
16.46
15.74
5.56
21.71
16.93
9.13
11.95
15.03
22.14
18.89
7.9
15.62
14.04
18.11
20.55
16.09
15.74
16.43
18.93
18.16
17.09
17.31
10.98
14.93
16.31
16.17
16.46
13.86
12.65
14.02
18.45
22.08
19.81
16.19
16.05
12.46
17.83
17.46
15.6
19.12
22.27
20.22
13.21
20.84
4.34
18.93
21.14
20.8
20.87
19.34
15.33
-1.22
8.54
12.7
5.31
13.83
24.4
29.22
26.82
21.57
19.22
18.77
16.01
6.9
11.38
13.57
20.97
24.45
23.5
18.98
16.04
16.89
18.44
22.02
21.79
15.85
16.63
16.77
14.13
7.22
19.72
22.54
19.93
24.05
21.77
15.24
16.76
19.79
17.96
15.32
15.12
16.02
15.84
11.96
18.64
17.83
23.14
25.82
24.07
18.22
8.27
13.67
22.37
25.28
22.55
18.93
20.27
16.53
19.57
22.52
22.15
15.45
12.34
22.01
22.1
17.12
17.72
16.85
13.75
12.99
20.04
22.9
19.9
16.32
21.28
18.39
15.46
19.51
16.08
22.86
24.13
23.05
20.84
11.28
10.06
23.58
24.87
21.12
21.39
24.78
25.21
20.57
17.61
12.91
13.43
16.11
20.08
14.67
18.72
25.72
24.8
17.72
21.14
22.46
19.41
15.13
16.33
21.63
22.52
18.94
11.54
17.72
19.9
25.73
27.77
22.88
14.54
16.4
17.56
24.6
29.74
25.12
20.52
20.51
6.73
10.53
22.72
26.59
18.93
22.39
27.44
26.09
23.3
18.9
3.89
20.65
19.07
14.4
9.67
17.15
13.32
17.62
17.53
22.91
28.01
27.13
18.86
21.45
23.97
21.72
14.76
9.7
12.94
20.2
22.51
22.27
19.23
19.73
25.15
21.76
18.62
22.46
24.49
19.2
18.87
39
45.9
44.19
33.01
14.15
14.28
18.9
22.49
17.11
-0.3
13.89
10.4
12.55
13.63
11.91
16.59
13.62
8.24
10.28
21.11
25.41
23.66
22.63
25.26
21.74
20.23
16.43
28.86
42.76
45.77
39.38
11.83
17.56
6.83
12.4
16.07
21.49
19.42
12.74
19.54
19.25
14.52
22.8
25.83
24.14
20.26
8.95
15.07
16.28
23.63
16.74
29.47
24.12
9.15
16.56
21.43
24.46
25.4
19.85
15.42
12.85
22.8
24.84
26.09
23.71
21.14
24.42
27.87
28.09
25.9
19.88
20.13
19.11
17.21
10.17
22.66
16.29
18.74
22.38
14.15
34.37
41.08
38.55
29.4
24.12
20.82
21.6
20.48
27.48
30.49
29.8
24.36
28.69
36.34
36.1
27.57
24.63
25.62
25.56
21.59
18.96
24.74
24.15
20.56
18.06
21.03
24.03
26.89
17.58
38.03
46.36
45.38
35
20.45
20.68
15.55
14
15.5
-3.05
11.93
3.91
9.64
14.92
15.81
22.6
22.63
19.18
10.51
10.08
0.55
18.69
24.24
21.99
15.72
16.28
7
16.89
17.12
15.8
12.04
8.46
11.51
16.35
20.17
25.03
20.24
13.34
19.79
19.31
18.79
12.4
11.56
18.85
22.79
22.37
13.87
19.19
23.87
18.62
3.11
3.7
13.15
29.83
39.75
41.71
35.02
17.93
21.09
21.23
22.52
17.45
20.87
19.89
6.27
18.91
20.57
24.01
21.85
15.72
18.65
21.28
14.51
15.28
18.62
21.42
22
18.7
2.67
13.81
22.56
23.72
17.96
12.7
16.03
14.52
17.99
24.69
30.66
30.2
24.19
14.75
19.4
17.43
9.15
16.9
21.21
18.63
19.94
26.72
20.65
12.03
17.75
20.27
18.18
7.49
15.4
15.74
20.19
25.76
24.4
18.1
16.93
23.24
15.47
14.15
17.9
19.83
22.29
23.74
17.6
13.58
20.01
27.29
27.68
34.01
37.57
30.42
24.05
24.75
5.43
23.19
25.24
27.56
26.63
28.11
36.95
35.64
26.34
20.01
31.32
33.43
30.35
40.12
44.31
39.7
19.21
33.36
32.62
28.95
25.09
22.93
18.7
24.77
27.99
14.76
30.33
31.83
23.71
29.95
23.94
16.2
12.65
25.96
33.4
33.87
28.71
19.63
16.47
19.6
18.94
15.02
18.48
6.14
13.77
16.13
19.17
15.72
25.31
24.02
13.72
19.13
22.59
24.04
20.16
8.97
23.98
29.55
25.18
18.99
22.85
21.1
11.28
22.86
26.06
25.86
26
23.44
17.37
19.4
26.99
26
29.84
44.6
49.92
45.99
29.67
7.46
21.17
29.12
28.27
10.08
23.68
28.55
44.4
49.99
46.35
32.84
23.65
23.45
18.14
15.77
25.51
28.1
30.05
32.61
29.8
20.31
21.6
26.8
21.12
18.83
29.55
33.04
31.41
24.51
23.99
16.13
29.51
27.66
23.52
19.32
17.17
20.41
19.1
15.72
22.37
27.5
26.92
21.6
25.98
28.16
26.54
26.37
14.71
14.22
20.63
27.39
27.1
15.99
13.63
22.23
23.9
15.79
16.65
22.26
26.36
32.48
30.99
24.86
27.69
29.84
26.5
18.17
17.5
25.38
22.41
22.49
27.09
30.66
27.99
13.77
11.44
26.18
30.98
28.59
11.77
24.4
23.42
25.8
24.87
21.55
21.72
14.67
24.92
26.07
15.72
29.34
31.98
29.9
28.13
27.11
25.3
22.68
19.48
17.05
28.1
33.91
33.71
28.72
24.5
27.69
26.52
27.44
31.57
31.95
29.91
27.07
23.57
16.7
19.28
10.9
26.39
30.18
31.86
32.62
30.81
27.12
26.69
28.35
26.33
19.29
15.17
22.42
25.47
22.34
20.53
21.39
16.75
11.67
19.98
19.19
21.69
26.16
23.21
20.09
24.71
30.51
32.18
31.18
28.61
25.97
22.17
20.17
29.64
29.72
21.74
21.62
21.99
17.45
18.91
24.06
27
28.78
27.85
26.68
25.99
23.1
22.7
27.99
28.5
25.09
18.51
19.87
24.29
26.95
28.74
29.75
28.19
23.14
12.23
18.79
19.36
1.94
15.96
20.96
21.55
19.37
22.11
25.67
27.86
27.79
24.3
22.07
22.95
25.29
24.61
18.64
10.09
19.04
26.5
26.26
20.22
20.49
18.22
3.95
16.69
21.57
17.32
13.49
14.36
18.66
22.71
23.11
24.34
20.39
7.78
17.64
15.44
17.26
23.29
24.45
25.55
26.51
25.8
24.17
21.87
17.17
15.37
24.06
21.77
18.35
23.74
26.13
18.23
21.22
23.59
20.15
8.07
17.52
23.77
25.19
23.84
22.3
20.25
21.16
23.27
16.39
21.04
20.3
7.74
10.63
4.3
12.7
15.91
21.88
24.1
25.86
28.14
27.88
26.85
25.45
24.92
26.07
26.4
26.62
26.28
24.33
21.36
21.62
20.98
21.11
20.68
20.66
13.62
20.24
20.51
13.76
21.2
25.67
23.46
23.27
24.87
24.25
22.15
21.89
21.52
19.18
19.81
19.58
10.9
13.79
16.9
-3.04
17.15
20.9
23.95
24.39
24.53
23.67
22.48
21.9
21.35
25.82
27.12
26.1
27.3
26.78
22.83
17.09
5.85
10.42
10.97
22.27
12.39
11.81
19.51
21.75
22.36
25.81
24.31
26.93
30.38
29.15
23.67
13.51
19.1
26.35
27.01
20.6
9.87
22.75
26.81
26.11
27.28
26.06
21.75
24.67
23.2
7.82
12.38
22.25
24.79
25.72
26.95
24.5
14.58
10.75
13.63
21.21
24.6
17.96
24.64
27.87
24.29
20.93
19.07
20.19
28.81
27.57
23.78
24.01
25.15
27.31
25.22
13.69
15.93
25.62
25.27
23.68
23.55
21.84
17.84
5.54
22.42
29.26
27.05
21.36
23.56
27.18
24.88
15.51
7.08
18.34
15.17
19.03
19.45
23.11
3.55
25.68
15.36
24.84
32.51
28.18
17.17
17.01
18.73
5.44
17.76
17.92
18.9
21.31
7.69
-3.34
22.8
27.21
22.83
23.86
28.75
27.94
22.82
13.64
15.4
20.4
25.27
13.28
9.81
21.44
20.75
10.38
18.33
16.63
18.57
10.38
21.02
20.51
21.54
18.18
12.61
19.4
22.72
26.84
25
23.33
27.73
27.73
27.5
28.63
25.53
26.54
25.13
20.75
22.54
27.55
26.55
21.62
25.91
27.23
26.59
22.13
19.8
25.48
27.71
27.15
23.95
20.06
19.28
20.07
19.95
24.59
29.3
29.3
26.65
25.11
17.68
6.16
17.23
24.77
27.71
27.52
25.67
24.07
16.2
26.87
28.7
26.55
23.96
16.51
21.4
26.01
22.43
17.65
21.98
21.84
22.03
22.22
23.95
25.67
29.17
28.81
21.32
4.39
16.53
23.53
17.83
22.03
21.72
26.54
25.36
23.3
25.53
24.71
24.82
20.02
21.65
23.42
23.17
21.23
20.37
25.88
28.22
27.36
20.67
19.66
20.37
9.13
15.99
19.19
22.14
25.97
17.49
18.22
20.08
21.19
22.08
21.81
23.7
24.94
19.98
11.49
9.8
20.48
23.2
15.64
10.57
11.97
14.28
14.13
19.01
3.45
14.93
23.19
18.75
11.33
19.45
20.91
24.22
20.21
19.39
19.92
10.17
18.99
17.91
11.71
17.92
23.85
26.14
21.45
17.94
15.05
8.78
16.2
18.07
18.11
21.65
23.38
21.69
10.29
10.74
16.81
21.31
26.21
25.03
20.1
13.25
18.33
21.2
15.66
16.53
15.1
21.43
25.92
23.46
19.01
12.91
19.08
20.16
16.06
11.93
19.58
18.36
18.21
23.71
25.02
20.95
17.32
13.61
16.24
20.83
21.69
22.23
19.18
-9.55
20.4
24.58
21.17
16.93
15.29
5.32
8.12
19.11
18.43
13.34
8.79
11.6
14.57
16.88
8.73
14.75
19.59
21.72
8.46
10.22
19.14
23.52
23.2
21.62
20.36
19.42
16.25
18.71
19.73
17.99
21
17.29
11.52
16.16
19.68
20.03
17.7
8.97
11.04
21.38
22.67
22.05
19.07
14.63
17.31
15.82
17.09
15.55
18.9
24.78
23.23
16.22
12.25
19.65
19.76
13.78
21.99
23.1
18.97
13.61
16.83
19.04
23.34
21.04
11.69
20.14
24.52
25.01
21.96
17.77
20.92
24.26
24.03
20.2
18.96
19.83
16.28
10.55
2.67
12.97
20.69
22.31
23.45
22.38
10.36
15.62
19.7
20.25
16.11
19.9
20.05
13.39
11.24
19.69
19.73
13.24
12.6
18.66
14.62
22.21
22.92
18
7.93
15
16.47
17.9
9.76
18.49
20.42
16.36
14.15
19.35
22.57
18.86
8.13
12.36
19.08
22.12
22.77
20.59
18.72
18.18
15.67
15.24
19.4
23.41
23.73
20.39
16.77
18.22
24.88
24.9
19.43
13.83
19.01
20.81
13.98
17.33
19.41
3.75
13.26
9.2
16.02
19.85
16.32
13.53
10.45
20.03
19.14
5.01
15.12
15.18
9.01
20.06
23.14
22.14
17.39
16.08
21.47
29.21
29.92
27.2
22.65
17.03
11.04
19.97
22.66
15.38
19.14
20.56
19.46
25.47
25.03
13.21
13.22
9.07
12.07
20.15
23.55
20.95
14.87
14.6
12.83
20.24
2.29
20.2
22.73
23.71
25.89
24.52
20.11
10.42
24.25
25.94
22.45
18.28
11.92
21.41
21.58
22.81
18.69
17.62
24.27
19.96
8.73
12.34
21.54
22.57
20.47
25.77
30.86
30.53
23.97
18.04
17.98
19.62
25.27
18.84
23.03
25.44
21.88
15.81
15.65
15.41
8.16
14.77
15.95
21.14
18.09
24.64
25.4
20.4
20.82
24.69
26.14
26.04
22.89
21.98
24.5
28.02
27.7
24.37
19.91
18.75
21.49
21.68
21.02
22.19
25
25.67
22.26
25.75
29.59
26.23
19.52
31.88
38.02
33.54
15.82
20.4
26.56
22.96
19.99
18.89
7.27
14.04
20.09
17.73
-0.32
11.44
20.36
20.98
8.66
16.88
22.17
21.02
16.8
9.92
-4.95
19.44
11.99
22.2
25.4
21.24
24.23
24.12
20.54
7.75
20.95
23.46
19.35
25.71
21.18
0.09
6.81
10.69
16.55
18.73
17.75
13.26
21.27
22.06
25.69
20.7
14.95
18.18
13.19
20.54
21.8
18.04
23.66
19.18
23.87
21.45
15.52
17.5
8.54
13.2
15.93
26.23
24.13
21.55
23.86
23.82
-1.93
15.21
6.15
19.16
24.48
25.82
19.64
21.97
21.3
21.81
18.36
17.24
15.84
19.55
16.4
23.42
25.63
17.19
17.68
22.03
26
20.18
18.81
23.81
24.65
23.39
11.97
25.23
27.15
19.13
20.68
21.56
11.04
16.97
13.22
20.51
25.82
16.62
20.42
23.72
19.11
21.55
24.1
21.4
15.43
15.3
19.57
21.5
22.87
21.87
25.43
26.61
20.75
13.72
2.24
16.2
16.29
21.39
23.37
25.73
26.87
21.59
25.38
25.52
22.37
18.03
18.45
16.51
11.94
11.9
22.1
21.47
15.42
19.27
22.41
22.43
21.9
18.4
12.98
11.33
10.56
5.28
18.56
19.72
17.06
8.63
13.35
20.43
19.62
15.37
17.09
13.92
10.67
16.94
18.55
18.77
20.77
20.99
19.09
19.51
14.31
20.76
20.34
19.55
19.14
17.38
14.51
11.71
8.53
15.92
20.48
20.16
10.63
13.95
21.17
19.23
16.74
22.08
24.74
24.22
21.71
19.4
17.88
13.09
12.54
20.04
24.29
19.51
19.64
21.88
24.25
22.8
17.24
3.83
0.66
11.42
8.73
14.66
19.93
22.03
21.26
18.61
10.2
-0.08
18.18
20.08
14.92
14.02
19.37
20.39
16.87
9.79
12.72
10.74
12.63
22.47
25.22
21.48
12.46
14.88
10.69
18.47
19.31
17.39
19.56
21.8
13.56
18.92
18.08
18.64
22.71
17.11
15.53
18.01
8.32
-5.55
11.34
15.4
10.59
11.21
0.48
16.66
18.27
15.61
14.29
12.17
19.72
21.83
20.64
13.54
10.65
14.86
10.92
14.09
14.87
7.78
8.82
12.92
8.92
16.54
16.11
12.26
7.84
4.32
13.22
20.62
23.75
21.27
15.09
13.12
8.23
10.22
16.65
20.24
17.99
15.72
13.01
6.24
14.09
9.51
6.67
11.84
16.93
19.1
13.02
12.08
13.32
4.61
16.07
14.93
16.6
19.59
14
7.36
12.26
6.32
8.69
16.04
14.68
1.42
14.11
15.84
17.03
18.15
20.75
20.33
18.32
11.4
15.93
14.22
7.13
18.53
7.55
16.49
12.95
5.72
13.2
15.51
9.63
-11.71
8.39
7.41
15.72
15.88
15.46
13.77
15.2
17.92
19.6
17.77
17.32
14.61
15.86
12.11
4.84
-0.52
10.88
17.44
16.43
-0.42
11.8
18
19.87
17.45
16.92
13.21
16.88
19.06
17.73
12.73
12.87
19.73
20.65
13.16
9.71
18.99
20.22
13.59
6.36
12.43
5.42
5.42
3.49
5.85
14.86
15.32
17.25
17.98
17.89
18.12
17.03
18.08
14.02
14.66
18.68
15.89
14.92
10.64
11.29
14.83
17.21
19.45
13.44
12.26
17
17.28
11.99
14.19
14.17
15.58
20.61
19.27
7.59
11.58
17.81
18.89
17.42
18.75
18.94
18.58
16
10.79
2.11
17.36
19.95
13.15
13.27
18.82
15.17
13.19
16.71
17.32
7.87
11.47
14.6
14.51
16.75
18.5
14.98
15.59
14.39
3.46
15.15
18.65
13.47
7.29
13.82
7.54
14.64
19.16
15.91
20.07
15.55
11.7
11.39
11.05
19.94
20.69
16.71
3.87
20.29
21.29
15.89
16.65
14.07
15.73
17.31
22.34
22.58
20.4
5.79
10.4
9.6
16.87
19.85
18.69
7.98
9.19
11.75
15.05
9.35
7.87
12.58
17.55
16.1
10.7
10.6
10.01
7.2
14.97
18.24
11.29
8.98
15.05
16.36
13.08
17.39
20.44
18.48
14.16
-1.85
16.67
15.82
17.32
18.37
16.03
12.8
8.77
2.53
9.61
5.22
12.17
17.01
15.15
21.34
20.94
14.05
10.62
13.7
13.2
15.32
15.67
13.46
15.82
13.28
11.73
18.56
16.66
12.58
13.88
14.43
8.12
6.32
12.99
13.4
18.65
14.26
-2.81
5.17
1.83
16.6
21.61
17.11
9.92
13.75
9.3
8.94
16.81
16.46
18.37
19.33
18.1
18.35
12.03
8.22
12.6
17.37
14.78
9.33
10
19.91
21.98
18.19
12.63
17.14
15.33
16.7
17.46
18.81
16.96
17.91
20.27
18.62
19.18
11.02
12.2
14.38
18.06
15.64
6.88
11.57
16.5
17.93
15.09
16.88
10.53
5.26
14.26
17.87
17.99
18.31
16.25
10.7
8.69
17.17
17.87
10.15
19.98
23.83
22.23
18.88
15.76
17.51
17.94
17.27
15.79
12.11
4.63
15.1
11.99
17.28
17.75
11.81
12.09
12.82
10.9
10.02
4.99
8.93
15.91
16.32
15.46
13.81
17.35
19.62
16
10.25
2.62
11.22
11.65
15.05
16.9
12.9
13.04
16.48
18.32
18.35
17.32
14.31
8.03
20.05
21.76
16.3
17.92
16.69
12.39
16.8
17.51
10.47
5.74
16.95
15.64
10.56
12.88
10.85
7.8
5.6
7.22
5.48
4.29
9.7
4.4
5.02
12.37
14.81
11.07
22.1
16.08
17.16
4.45
12.01
8.77
2.43
11.43
15.72
14.27
18.65
19.99
20.48
21.23
12.04
15.53
17.16
15.6
5.77
12.12
18.21
16.27
7.93
13.01
17.36
17.99
18.79
19.33
11.69
18.75
19.15
12.4
10.87
10.38
19.31
20.32
12.13
14.43
15.36
13.64
15.69
21.4
20.4
-1.26
17.92
18.27
12.29
14.92
17.07
14.48
10.65
16.77
20.51
18.12
15.46
18.93
20.46
13.9
9.23
3.19
7.15
-11.07
7.17
16.13
19.25
19.36
10.58
10.76
16.07
17.26
17.01
-1.57
18.95
17.25
9.73
7.29
10.19
14.83
3.5
17.5
18.05
17.76
12.92
12.94
9.41
18.04
20.46
17.9
17.92
15.15
8.48
13.32
11.52
7.49
7.65
5.92
15.77
18.09
19.51
16.48
15.59
19.14
21.27
18.88
11.16
8.09
16.29
13.49
15.61
7.16
12.87
13.06
16.66
11.87
10.63
10.75
11.02
16.35
18.68
16.84
11.98
2.15
15.69
19.55
11.35
9.96
13.91
11.74
14.65
16.83
10.06
6.95
9.84
8.01
8.41
14.78
19.29
18.02
19.26
21.82
21.54
16.74
16.1
17.08
15.84
8.8
21.35
21.8
4.69
18.1
12.36
19.17
20.46
18.74
12.67
2.87
14.92
20.86
18.9
18.71
18.39
14.25
0.99
14.02
7.01
-1.02
-2.15
1.18
12.05
17.58
19.04
17.71
15.07
17.26
15.89
8.31
1.77
7.32
11.81
6.29
11.14
18.42
17.68
11.93
4.59
14.66
17.42
12.59
10.77
18.87
17.79
12.37
9.34
14.21
13.66
15.13
16.31
17.1
19.12
22.2
21.21
13.2
1.32
-3.04
3.81
10.81
16.99
16.72
5.35
12.1
9.54
7.45
6.74
9.77
0.75
11.41
12.32
10.66
14.71
14.64
12.54
4.67
-9.53
14.21
12.4
13.76
5.07
12.46
12.88
13.32
17.03
16.81
9.6
3.74
10.58
8.33
8.95
15.04
10.26
6.52
11.99
0.15
10.82
9.6
10.78
-9.47
10.42
11.16
8.93
16.38
15.88
10.53
8.57
16.45
18.43
18.4
14.59
14.2
20.29
21.35
18.19
14.99
11.4
11.99
12.96
-0.57
18.78
19.3
4.6
16.17
15.8
12.96
5.97
13.38
13.73
10.82
10.79
8.13
11.61
16.4
17.08
13.39
4.54
1.87
9.06
18.08
15
8
14.62
16.8
19.26
20.75
20.49
15.63
16.6
18.32
8.47
12.57
13.67
6.99
0.6
13.33
18.73
15.58
-3.9
5
12.05
20
19.72
4.48
11.69
12.49
16.93
20.6
21.56
20.18
14.19
5.86
1.41
7.48
14.89
13.28
8.48
5.37
14.81
18.82
17.62
10.37
7.45
7.37
-0.51
9.4
7.25
6.09
13.12
13.56
11.06
12.44
17.13
16.31
13.31
9.86
8.19
16.26
17.32
15.77
16.35
9.33
9.83
14.65
14.27
12.52
10.92
9.41
7.23
10.17
10.85
16.26
-4.01
18.79
20.07
10.31
12.59
16.58
12.79
6.76
10.1
7.75
0.21
4.73
10.39
0.63
11.95
18.24
17.98
1.6
10.95
12.65
21.44
24.57
21.53
12.94
10.87
3.92
4.62
13.01
19.61
19.37
18.19
17.24
14.1
14.64
16.8
13.23
11
14.18
17.87
18.78
18.45
12.4
14.14
12.25
9.08
11.14
4.24
8.96
5.53
4.06
13.16
16.18
18.2
14.51
7.74
3.96
9.53
13.03
11.92
14.05
13.92
10.87
10.55
15.07
16.74
18.4
18.2
14.3
12.52
15.01
16.01
16.41
11.98
8.9
13.96
17.72
16.65
6.74
9.74
6.48
7.14
15.84
18.29
16.41
12.71
15.43
17.89
17.93
13.65
13.03
11.65
4.53
7.34
11.51
19.69
20.28
1.17
19.35
21.79
18.91
10.62
-5.51
7.66
13.47
8.48
4.41
3.59
0.69
3.96
13.79
12.02
9.63
9.07
8.54
17.52
13.56
10
18.11
17.65
14.69
16.93
16.47
14.48
15.13
12.77
6.25
2.89
9.83
14.58
19.65
22.09
19.1
11.4
19.83
15.81
-2.2
9.6
18.37
17
5.99
12.85
14.04
13.35
6.7
8.65
15.01
13.64
11.55
16.33
19.01
18.06
9.5
3.71
7.61
12.51
13.52
9.69
9.39
11.69
7.12
5.05
12.59
17.56
16.57
9.13
4.78
12.88
17.37
13.63
12.77
15.53
10.78
8.68
15.97
18.19
15.59
13.7
13.33
16.64
16.88
4.42
12.65
12.18
11.07
8.81
12.28
6.28
11.28
15.72
19.61
19.18
14.29
14.43
-1.75
15.27
14.57
10.48
7.03
6.53
15.94
16.43
-4.99
14.44
16.39
16.11
9.8
9.34
16.37
19.15
15.11
8.59
11.52
6.18
18.58
20.1
17.99
17.32
16.84
9.93
7.12
12.19
4.92
10.84
9.1
3.78
9.68
15.81
18.41
16.31
12.21
11.26
15.58
15.59
12.99
9.85
13
16.43
15.67
8.61
6.98
17.32
20.38
17.45
9.93
16.16
10.38
12.84
15.56
13.98
8.47
7.66
-3.23
6.68
8.91
14.34
16.93
14.02
-0.07
13.29
19.63
15.48
2.57
12.71
7.11
0.16
12.98
10.02
13.47
15.05
8.92
10.35
18.34
14.84
11.1
15.07
10.91
-2.2
5.44
10.5
16.68
13.33
2.18
9.18
13.52
14.97
13.95
12.5
6.98
7.25
9.53
11.62
0
15.51
16.63
5.34
8.72
16.17
21.52
19.82
18.26
16.57
16.69
18.25
16.86
10.09
9.98
8.78
3.99
15.89
15.83
2.62
16.32
6
16.44
18.08
16.04
10.61
8.4
13.27
12.88
15.06
17.1
14.95
-1.1
15.13
16.3
14.12
17.04
15.82
11.48
8.35
7.25
7.86
8.91
14.32
14.51
16.12
13.7
10.44
12.39
16.76
16.07
13.39
14.34
17.17
17.9
14.68
14.86
11.76
11.15
4.35
16.93
19.48
16.94
14.59
11.63
5.39
5.07
13.84
17.21
17.15
14.38
10.86
-0.31
13.78
15.22
4.06
5.6
1.21
5.34
-6.46
16.68
14.12
-2.83
4.67
6.93
16.45
16.38
15.94
16.12
10.63
13.96
14.03
4.2
9.76
15.66
15.71
12.34
15.84
16.3
14.56
18.11
17.98
-12.68
0.35
15.23
17.12
11.08
10.38
18.12
14.49
5.68
9.66
7.15
5.41
12.99
14.97
-3.52
6.19
9.07
13.77
-2.2
11.28
11.96
19.39
18.19
16.74
15.97
10.16
15.57
16.32
11.92
5.7
6.95
11.78
12.38
8.57
11.31
5.92
7.15
13.41
18.88
17.64
16.61
10.79
-0.39
10.5
16.45
14.17
14.21
13.43
13.1
19.08
17.08
15.54
11.76
15.62
17.75
17.09
13.66
13.36
10.33
-1.02
4
14.53
17.18
17.45
19.16
18.76
14.3
11.36
12.36
10.39
5.62
7.67
14.62
14.35
8.71
11.76
14.63
11.19
7.28
6.96
12.34
15.82
13.81
6.15
4.45
8.14
7.01
12.64
9.85
6.01
11.5
11.17
11.7
15.05
16.06
13.65
13.44
13.32
7.81
-3.69
1.3
1.52
10.46
14.98
19.39
21.1
15.24
14.26
11.64
8.18
15.21
19.62
18.73
15.28
13.69
15.2
16.41
15.59
16.05
17.57
14.57
14.43
18.18
16.7
-10.03
9.58
12.32
10.99
8.03
12.41
7.46
5.04
10.31
11.98
8.95
10.19
12.93
13.3
4.17
13.08
14.99
14.6
12.74
6.87
9.32
12.8
14.67
18.01
17.33
12.96
12.43
15.19
15.1
15.59
14.85
17.78
21.44
17.81
10.21
13.79
4.02
7.09
12.44
11.62
8.54
-4.94
3.4
4.67
5.56
-0.19
6.25
14.51
17.77
16.42
4.25
8.54
7.61
5.1
15.72
17.36
11.06
2.01
5.85
9.64
13.5
8.01
7.57
14.49
16.78
14.47
4.49
5.85
9.37
5.99
4.59
8.04
9.57
12.95
12.9
1.57
-1.03
5.08
13.78
20.12
19.82
12.91
0.06
10.75
16.32
15.81
7.41
11.25
15.45
7.64
11.53
10.64
10.34
10.36
8.02
4.47
-0.56
0.53
11.11
13.17
4.66
9.04
13.26
12.25
10.22
12.39
12.39
11.72
15.96
17.57
15.84
1.97
13.23
15.79
14.86
8.75
7.91
8.26
15.56
16.12
15.46
16.23
17.52
17.42
12.91
13.99
6.38
1.17
-2.43
4.13
11.13
12.15
6.71
12.3
16.03
11.37
13.34
11.06
4.77
11.36
10.88
10.23
10.92
11
13.37
9.44
10.62
14.32
17.06
19.86
19.79
15.08
12.82
15.1
13.26
9.43
10.79
12.66
17.29
17.98
9.23
16.25
15.53
12.78
11.56
11.37
11.12
9.45
9.18
4.61
6.82
14.41
15.6
15.49
17.91
18.15
11.8
10.12
15.21
13.46
10.74
-7.02
11.95
15.58
18.94
20.55
19.29
13.2
7.96
15.44
18.77
13.12
5.95
12.79
17.22
14.87
12.59
11.71
-6.75
13.27
15.56
13.86
8.8
10.61
11.73
5.31
-0.73
13.07
16.94
11.42
8.19
8.66
10.35
16.79
12.12
15.29
17.01
13.2
0.47
10.42
12.01
14.5
17.17
19.07
19.15
18.82
19.03
16.79
13.97
11.09
11.58
16.32
15.47
3.22
13.58
15.01
18.94
19.92
19.12
16.7
11.5
10.66
9.09
-4.37
6.03
11.36
14.07
16.41
15.38
10.28
9.79
5.97
9.95
16.44
16.23
-9.28
6.33
9.08
9.7
4.82
12.7
17.46
14.87
14
14.87
16.87
20.9
24.14
23.71
20.23
17.88
19.85
21.37
19.31
13.91
11.66
8.39
8.35
10.85
11.5
10.13
6
3.79
5.6
15.61
15.53
5.88
1.67
9.25
12.12
13.82
12.06
2.38
1.28
10.12
9.71
7.5
14.15
12.29
10
8.33
10.19
12.79
15.75
17.31
16.56
14.32
15.28
18.22
18.66
17.07
14.85
15.5
13.87
11.3
11.75
8.43
8.68
11.28
15.33
14.84
14.31
15.66
17
16.43
12.72
17.53
15.98
4.42
8.38
9.15
7.47
17.45
15.97
3.8
8.48
-0.63
6.89
13.96
16.25
13.82
16.18
15.92
10.46
11.13
9.77
11
5.7
9.53
13.4
11.69
9.42
6.06
4.38
14.66
15.88
9.3
13
13.67
9.33
9.96
15.32
8.17
10.03
7.34
6.66
7.46
0.02
6.65
10.47
12.97
11.92
7.59
15.28
13.7
15.69
9.92
6.96
5.74
2.87
4.3
10.42
11.18
9.21
13.97
17.91
17.15
13.9
13.61
12.11
12.47
12.2
3.99
5.6
1.52
16.5
17.29
9.65
3.53
9.77
15.42
15.94
12.77
6.55
4.09
2.42
3.42
-24.02
15.14
18.15
12.8
9.81
16.9
15.56
12.77
12.82
4.19
4.72
7.62
10.5
4.41
5.15
9.84
15.87
10.51
4.53
12.71
12.82
5.93
7.32
8.89
13.1
16.43
13.03
13.96
16.37
14.56
18.05
20.06
13.86
14.4
9.74
10.33
8.91
12.35
13.38
7.48
2.06
7.1
2.05
1.1
1.02
9.31
9.61
12.13
13.8
3.77
0.22
11.41
10.43
8.3
16.34
10.65
12.52
16.9
14.81
15.19
13.4
11.71
15.75
19.56
18.73
12.27
11.28
11.47
10.9
10.81
-1.3
3.22
-0.92
12.65
15.02
2.57
8.67
9.84
10.55
7.44
14.16
18.1
15.86
15.06
14.53
9.11
10.35
16.44
18.44
11.96
14.42
16.14
3.97
6.36
3.88
11.39
16.19
20.01
18.55
13.92
2.62
9.04
10.98
2.86
10.5
10.97
7.51
11.19
11.05
-6.21
7.94
9.22
-1.84
14.03
10.99
14.54
19.4
20.15
18.73
14.46
1.74
3.72
9.05
10.95
11.84
8.82
9.59
12.02
4.09
6.27
7.5
8.55
6.48
6.82
-7.85
5.87
7.1
8.9
4.17
0.98
9.08
4.06
6.21
14.58
13.82
12.22
14.16
14.64
11.16
3.6
10.4
-1.06
10.51
15.08
11.63
11.64
9.28
15.52
10.79
13.52
15.51
4.54
9.52
11.85
4.68
11.19
10.57
14.84
15.75
16.67
15.47
12.71
12.49
11.47
12.56
5.79
11.01
14.85
0.67
17.22
18.48
8.97
7.51
13.21
13.4
-0.78
9.34
13.24
12.59
6.79
2.61
-0.79
12.46
13.11
6.03
16.66
17.69
12.67
12.13
7.33
0.46
6.8
17.72
21.18
17.3
6.65
8.84
8.86
10.13
10.14
10.38
11.5
14.05
11.96
9.11
13.95
-7.17
10.27
11.92
11.29
11.63
16.29
13.62
-10.28
9.07
10.36
14.32
14.62
3.87
2.67
10.27
9.68
11.82
12.54
4.29
1.43
14.42
12.04
4.8
-9.31
2.67
3.54
10.24
16.11
17.38
15.18
5.17
12.35
16.2
12
5.97
9.96
11.12
4.79
1.29
6.89
11.96
11.99
7.83
6.86
2.91
6.65
2.6
3.91
4.25
-0.28
15.61
15.5
8.91
11.81
12.63
12.72
11.22
10.42
11.33
11.43
5.27
8.12
10.61
12.22
9.77
6.59
12.89
11.64
10.32
14.8
14.66
13.4
12.04
14.55
10.13
9.88
16.73
15.95
15.56
8.92
10.15
11.58
9.49
8.18
3.35
7.33
12.46
10.19
7.49
10.63
9.02
4.25
12.75
14.8
-8.89
14.91
17.95
14.62
-6.73
12.17
11.63
4.32
3.94
12.19
13.96
10.94
0.25
12.2
16.25
14.76
11.74
11.62
11.78
15.49
17.18
16.69
18.51
18.13
16.39
15.43
10.92
6.6
4.38
12.65
12.66
11.39
11.49
7
8.22
10.6
13.36
10.49
12.09
13.71
8.09
15.53
18.05
15.33
8.12
5.78
2.54
8.2
16.54
17.94
13.13
1.41
7.49
14.92
17.98
13.4
8.07
16.93
12.07
14.03
17.88
14.89
15.21
10.17
13.14
16.86
18.4
16.58
2.46
10.23
15.52
18.79
19.4
15.6
2.72
13.16
17.37
13.52
7.41
-7.52
13.12
14.05
12.3
9.35
1.22
-10.04
10.7
14.14
10.03
7.8
7.32
6.21
14.76
16.53
13.54
12.22
14.45
14.43
14.6
8.03
7.38
10.74
11.87
10.95
1.33
-0.03
12.53
16.52
15.32
8.07
14.44
18.91
16.95
10.09
5.67
2.21
-7.93
10.11
15.32
14.9
18.43
18.5
16.82
14.04
-2.93
8.66
14.05
14.55
5.29
-3.16
1.76
13.8
18.63
17.22
10.28
5.63
5.49
4.77
13.9
14.77
10.19
10.48
4.57
17.51
19.32
13.92
-6.59
10.26
15.16
17.22
17.56
15.43
12.82
19.63
20.93
18.01
10.23
6.1
-2.66
5.85
8.17
7.04
14.1
18.38
20.1
19.86
14.45
14.9
19.32
16.96
14.88
14.06
8.84
13.56
17.85
18.01
11.71
10.64
15.13
17.75
13.83
15.84
17
10.19
6.64
10.32
14.7
13.98
9.03
12.29
17.28
17.49
15.95
11.17
10.31
5.44
12.84
17
15.7
9.88
0.72
14.09
15.05
6.07
12.91
14.5
0.09
14.01
17.36
19.29
16.49
8.57
4.77
-3.35
7.93
11.05
10.99
9.1
11.26
5.07
12.76
14.17
6.63
-4.47
0.18
9.92
14.59
15.33
17.09
18.48
18.25
15.77
7.23
14.51
13.03
8.75
-7.54
12.09
11.83
8.82
10.49
9.02
-14.98
11.49
13.23
5.59
18.06
16.99
2.87
14.39
18.68
17.85
18.83
20.43
17.56
15.4
14.15
14.67
15.11
11.26
8.45
12.52
16.98
18.89
17
15.89
17.02
14.12
6.33
5.51
15.73
18.44
15.12
10.22
7.26
6.76
10.73
10.55
6.68
8.37
14.65
16.16
18.28
17.22
11.24
12.05
13.25
16.73
19.61
18.86
12.58
-3.1
11.18
14.93
17.2
14.91
11.92
5.07
10.72
16.8
18.07
15.9
8.41
15.4
16.6
9.07
8.5
13.99
14.93
12.44
11.91
10.25
11.45
11.69
11.09
8.29
10.22
17.13
19.11
17.75
13.36
7.86
17.41
17.57
16.45
12.95
8.67
13.43
14.16
13.71
6.63
5.44
6.06
1.16
7.55
11.91
9.45
-12.07
7.25
8.27
2.74
11.65
12.27
7.01
4.17
11.14
13.59
8.47
5.41
8.27
9.04
11.55
6.52
-8.63
7.42
5.63
7.24
6.55
8.87
13.88
9.4
3.65
9.1
10.94
8.6
-5.3
-4.29
11.83
9.34
0.58
8.35
7.67
5.29
3.13
-0.45
6.95
11.03
15.41
14.64
11.37
-1.22
9.73
4.02
11.8
16.7
15.67
9.99
17.1
18.12
11.63
-8.52
7.72
14.22
16.4
18.88
19.71
15.47
6.59
7.49
8.76
7.25
5.43
9.9
10.36
5.64
10.76
16.73
17.58
-3.46
8.08
14.31
15.37
10.71
3.49
3.43
14.15
17.47
16.2
16.11
17.15
7.33
10.18
17.3
16.3
8.83
-2.35
11.92
13.72
9.72
2.65
3.28
14.6
16.92
15.37
14.07
11.38
7.58
4.58
3.84
11.97
9.98
4.7
9.58
10.28
8.3
11.46
14.32
10.26
15.7
16.49
13.13
12.02
15.23
4.91
11.99
14.91
14.41
10.25
4.74
9.76
8.38
7.51
9.48
14.14
16.18
12.74
6.18
15.96
20.42
19.86
14.6
12.25
15.38
15.89
9.57
0.05
-2.81
9.63
11.55
9.68
14.87
15.13
14.82
13.15
14.37
16.37
15.95
10.3
13.37
19.24
19.01
13.19
11.67
17.73
19.16
16.07
7.31
9.13
17.48
18.22
17.16
16.85
16.85
18.43
18.96
16.24
11.17
3.53
4.19
9.44
10.68
15.19
14.3
7.34
6.21
6.71
13.32
13.62
8.67
7.28
12.46
16.31
13.83
15.87
19.02
18.93
13.49
-1.05
1.65
9.99
1.68
9.89
14.46
15.32
10.1
9.02
16.95
18.22
13.12
13.46
8.56
11.2
14.21
13.55
12.78
9.5
7.94
15.56
20.65
21.38
19.99
17.17
12.34
12.19
11.81
13.64
5.6
-3.68
-0.83
5.79
9.12
7.67
-2.01
10.6
15.18
0.44
11.26
9.17
15.04
15.2
5.4
8.64
12.18
7.38
-0.44
2.36
10.46
13.8
10.46
12.87
13.8
5
0.09
7.2
7.61
1.13
8.17
12.18
16.04
14.38
9.75
6.67
3.89
12.63
17.2
16.08
1.49
12
17.62
16.94
9.09
5.38
5.43
10.11
15.87
19.88
23.12
16.59
18.2
19.21
15.56
6.04
10.6
7.94
5.14
10.31
-8.17
9.52
13.35
16.62
14.72
9.32
5.37
5.4
13.82
18.32
17.59
14.4
10.99
3.72
7.74
15.15
15.79
17.59
17.23
16.66
14.67
17.49
18.78
13.45
3.94
3.76
-0.76
9.39
9.18
-3.98
9.8
-0.16
6.42
8.33
6.32
-1.05
10.4
11
5.64
4.22
9.9
4.1
0.01
8.99
13.45
16.25
16.26
16.61
18.72
19.4
16.82
14.28
17.39
20.18
19
15.15
11.04
8.09
4.42
1.84
9.48
15.08
10.93
4.55
9.2
-1.55
12.78
17.57
14.77
1.61
2.8
7.26
11.23
15.79
16.1
14.19
16.43
16.14
14.4
14.42
14.76
14.24
11.16
3.5
12.08
12.08
12.23
14.46
12.96
15.03
12.26
2.38
7.57
11.81
14.89
15.06
15.2
14.45
9.88
5.67
15.81
14.13
7.55
13.15
21.24
23.55
20.39
16.86
19.37
20.74
17.26
16.86
13.62
15.09
15.38
15.46
14.81
12.2
13.08
12
6.85
0.53
11.31
11.65
15.01
16.26
14.29
10.96
12.63
15.9
17.43
17.09
6.16
7.66
10.42
19.1
19.17
16.27
9.04
4.1
-0.6
8.75
10.89
11.71
11.08
8.98
15.58
15.92
1.51
6.58
-4.18
12.4
18.85
19.76
14.95
6.24
0.99
13
17.17
17
12.23
5.35
12.6
14.93
9.77
1.68
10.75
16.86
12.45
9.69
10.33
19.45
