10.8
8.99
8.66
12.14
14.61
13.96
12.68
11.85
10.09
7.35
3.26
9.06
11.17
4.8
1.52
2.12
3.3
-2.62
9.22
13.72
13.37
12.98
11.09
3.39
2.61
9.62
2.98
6.37
10.19
13.06
13.15
12.22
11.27
8.84
11.92
15.01
17.68
18.23
13.56
5.6
0
-3.37
9.01
8.17
4.64
11.65
15.06
15.52
12.88
14.77
16.07
12.92
5.01
10.23
14.09
13.2
10.95
8.18
5.27
3.08
0.99
4.56
9.67
10.24
8.64
7.42
-5.23
-1.5
9.68
12.36
12.9
14.57
8.46
5.07
3.37
-7.82
0.79
-13.42
11.16
12.24
5.02
8.61
5.93
4.37
8.17
9.65
12.62
15.37
16.76
15.42
11.13
-4.34
8.97
4.43
1.3
5.22
3.85
-0.42
6.34
10.96
13.1
11.28
7.67
11.52
6.64
10.32
13.72
13.29
13.72
13.74
12.97
12.82
12.27
14.82
17.78
17.81
13.54
9.2
-1.47
8.03
7.71
4.5
10.93
-6.58
12.34
14.03
14.16
12.91
13.63
16.7
19.01
17.47
11.75
1.91
-3.91
4.95
10.48
5.31
3.14
7.61
9.46
-11.71
5.53
3.36
14.76
16.46
15.25
13.81
9.76
8.17
11.59
10.44
3.04
1.49
4.19
7.26
7.68
6.03
6.77
6.89
8.77
10.03
13.01
14.1
10.08
8.66
7.04
3.46
10.7
10.78
6.24
4.65
12.82
12.73
7.96
-1.69
3.38
9.65
13.11
15.43
16.41
14.02
10.78
8.18
6.61
14.18
16.81
14.01
5.85
1.11
-4.79
13.06
17.08
15.25
11.93
5.59
1.86
6.69
12.45
16.1
15.37
10.76
11.02
12.5
12.44
13.63
14.92
15.99
16.49
13.14
0.28
-8.61
1.59
8.53
7.83
-9.09
3.57
1.92
8.39
6.65
3.34
7.67
11.7
9.15
5.5
-8.55
9.87
12.62
9.92
13.06
9.29
1.66
9.04
5.55
12.31
15.51
15.04
13.26
10.01
10.31
4.71
-3.17
6.3
9.63
11.08
11.26
10.83
10.11
5.07
-1.17
3.03
10.35
8.11
4.13
14.29
15.71
13.05
7.66
7.77
3.89
13.46
14.01
10.38
-4.99
4.53
0.38
10.92
12.96
13.83
15.53
16.2
14.74
11.52
9.36
10.34
8.2
8.94
1.73
11.29
8.01
5.47
2.56
7.57
9.44
12.55
16.61
17.54
15.59
14.33
14.68
14.1
13.97
14.39
13.61
15.83
14.7
10.04
14.48
-1.58
14.38
12.95
0.13
3.82
7.94
6.66
7.43
9.49
-1.29
1.31
9.59
13.13
15.01
15.27
12.82
9.02
4.76
4.23
7.91
8.59
11.1
8.56
11.64
15.97
9.3
-6.21
1.17
4.76
1.83
8.25
9.68
8.45
6.65
-1.46
-5.61
3.82
10.9
10.21
8.8
3.36
6.22
7.11
1.9
-2.74
6.43
9.1
6.69
10.04
13.26
12.09
11.95
14.77
15.16
15.03
17.21
16.33
11.75
1.61
1.33
3.63
3.06
-2.47
6.18
10.59
16.74
16.45
9.99
1.63
5.01
10.65
10.08
8.97
6.63
-1.27
3.06
4.79
6.42
0.15
-2.06
8.35
13.38
14.49
12.21
-0.64
-1.48
-3.61
1.27
-0.93
11.11
14.09
11.22
5.47
-11.98
-3.18
10.32
12.9
12.45
11.44
11
12.03
12.26
12.04
0.81
-3.49
8.04
13.15
13.18
12.53
15.47
15.57
13.56
8.55
1.39
2.87
5.22
12.71
13.23
12.6
9.9
5.95
-0.52
13.36
11.9
0.59
3.62
12.37
11.77
-1.7
15.66
17.41
12.68
5.88
2.71
-2.65
7.38
11.82
12.63
11.86
3.85
-4.02
5.02
2.77
-3.26
7.38
9.66
11.64
11.7
2.16
14.7
11.05
10.44
5.69
8.38
15.43
16.11
11.15
-7.71
-1.4
5.21
8.37
12.1
11.35
10.28
12.25
12.47
12.31
8.2
-4.56
7.23
-2.01
5.42
8.13
13.88
14.74
8.13
4.22
9.44
10.47
5.45
6.4
4.43
8.57
11.52
3.98
5.96
12.48
12.9
8.82
5.84
8.78
6.45
5.81
14.11
15.11
12.18
10.7
8.95
-17.03
8.31
5.32
10.45
14.84
12.88
5.84
10.8
6.87
9.02
16.35
14.65
-18.05
10.45
8.11
9.71
15.91
14.59
8.75
1.51
4.87
4.07
2.08
-1.66
4.98
12.03
10.94
-1.3
5.88
11.33
11.5
10.26
8.86
3.31
1.9
8.33
8.33
-3.13
7.9
13.26
16.12
15.88
8.98
5.84
11.26
14.85
16.24
16.73
13.03
10.27
11.94
5.11
-3.2
5.7
13.11
14.48
14.69
15.02
16.04
16.94
12.69
4.5
9.78
11.3
7.73
3.47
11.47
10.65
8.95
10.02
7.73
3.14
10.61
9.62
10.35
9.61
7.56
5.06
7.31
11.95
11.93
10.86
11.39
8.93
3.87
-0.65
6.06
9.9
6.47
6.92
11.45
10.52
9.01
8.72
9.48
6.24
1.41
8.49
7.92
-0.75
13.72
17.68
16.88
3.36
14.66
18.76
18.67
14.01
5.68
11.49
13.06
17.89
19.21
16.68
11.1
11.93
11.03
7.1
6.29
5.01
9.87
11.29
6.12
3.21
-14.47
5.71
7.48
10.34
14.26
13.7
6.73
6.37
9.05
11.06
10.75
9.07
7.73
-13.31
12
11.8
6.65
-5.61
2.24
-3.22
3.4
10.4
8.85
-2.53
10.19
15.87
16.23
14.49
12.44
12.13
10.79
-1.31
8.18
10.28
10.67
4.55
11.64
12.82
4.71
-1.61
1.76
4.8
10.7
15.13
15.05
13.74
11.55
6.68
6.1
6.58
5.59
4.79
1.68
-2.12
7.75
9.05
6.2
2.68
10.76
10.76
-2.83
1.02
-6.61
5.97
2.63
2.53
7.9
10.24
9.4
0.99
0.1
4.9
0.23
11.03
13.68
7.98
7.98
10.65
13.46
15.42
13.91
9.91
11
11.47
8.95
11.18
8.43
11.42
14.06
10.3
6.12
-1.47
-0.23
8.7
12.6
14.55
15.38
14.07
7.86
5.14
10.58
2
5.73
8.48
8.5
8
-5.44
10.38
14.08
12.71
8.25
13.31
12.35
9.77
-3.4
6.68
12.07
14.1
14.91
11.84
10.9
8.85
8.08
9.85
5.87
5.08
5.43
12.51
11.95
10.92
13.49
13.65
8.74
11.8
3.16
10.04
9.08
9.06
7.48
-3.91
6.04
8.68
0.35
6.52
13.75
16.85
15.69
11.51
8.99
10.89
12.69
14.61
15.84
12.36
3.34
15.28
16.37
14.59
10.76
12.67
14.71
6.05
7.25
13.77
14.35
13.68
13.36
7.54
-4.48
-1.21
4.7
6.85
13.5
15.16
10.02
7.12
8.59
2.37
-11.18
-7.97
10.56
27
27.26
18.24
11.91
19.27
20.35
18.05
7.47
18.19
15.94
22.44
24.42
15.8
-31.01
12.93
17.99
11.73
-4.38
10.12
17.4
21.23
24.5
21.5
16.41
16.5
25.05
25.18
20.11
19.14
21.12
20.18
22.46
22.28
17.44
22.29
22.79
18.6
25.8
31.2
28.52
18.75
19.43
24.04
22.56
5.43
21.67
16.99
14.93
22.11
19.1
18.98
25.6
28.57
25.25
21.51
20.81
25.31
9.01
12.69
15.46
19.95
19.7
26.5
26.69
21.48
19.45
25.85
27.31
24.33
25.07
23.16
16.39
8.98
16.17
16.7
10.09
19.57
20.96
16.15
13.02
20.84
13.91
13.58
20.77
22.61
20.42
19.37
18.16
14.69
17.01
22.83
23.15
13.67
23.46
23.82
21.43
21.4
25.26
22.29
14.21
13.64
17.56
12.34
16.3
21.34
18.22
6.02
12.87
13.58
7.87
4.1
11.59
14.15
14.11
12.73
17.07
7.55
9.63
12.27
15.1
21.79
26.2
23.78
15.52
16.79
21.67
20.17
13.2
18.18
19.11
20.47
24.41
20.38
21.71
26.78
30.68
27.8
21.4
20.6
17.28
7.45
11.27
12.58
13.85
17.96
23.12
22.96
25.2
29.91
28.96
21.15
12.35
24.98
25.51
21.42
15.22
8.95
16.54
24.79
30.63
32.84
29.4
22.52
28.08
29.02
26.65
21.96
18.9
18.9
3.91
12.78
9.2
14.96
11.75
13.99
23.28
29.46
31.03
27.07
21.66
19.56
2.11
20.06
25.5
27.28
25.24
24.87
26.84
25.69
25.43
25.8
17.05
11.74
12.92
21.69
23.29
15.12
12.88
19.98
21.97
26.02
28.96
27.53
19.25
12.91
11.62
18.52
21.39
21.88
19.73
18.84
17.78
22.91
16.62
20.33
17.58
17.6
25
21.87
4.38
23
23.65
11.75
11
5.31
14.4
19.53
14.93
20.05
13.93
23.66
28.25
26.3
17.7
13.03
9.64
19.08
24.58
26.36
24.62
13.16
17.21
22.38
20.4
-10.52
16.69
15.3
16.83
11.57
18.79
24.02
22.82
20.36
18.68
19.66
20.29
20.32
12.83
13.88
17.64
17.92
19.32
20.15
22.53
21.85
-8.47
17.42
-2.4
22.94
26.65
23.22
12.33
19.11
23.07
22
16.67
8.06
22.09
24.18
22.29
18.75
12.31
10.07
18.73
10.08
19.25
24.5
24.72
20.8
12.03
20.17
23.27
20.91
13.14
11.71
13.02
23.17
26.34
21.53
9.93
17.79
26.23
27.04
25.79
25.12
16.98
17.48
23.67
19.48
18.48
21.97
25.39
25.64
25.79
27.97
24.23
7.85
19.27
15.64
7.42
10.96
13.57
14
20.58
18.37
15.47
17.68
14.24
14.44
18.75
18.87
18.74
11.84
5.35
13.35
16.55
17.74
20.23
20.38
14.01
9.84
9.94
22.69
20.32
8.9
17.25
18.93
8.56
9.1
16.19
19.07
14.32
19.49
21.08
16.89
16.64
18.87
15.85
3.32
16.68
18.45
17.41
11.69
9.55
17.01
17.12
12.93
16.43
12.7
13.25
15.52
13.23
11.09
12.98
3.53
2.12
11.45
14.85
16.72
16.84
12.16
-7.13
2.26
11.6
13.91
14.62
14.99
14.21
9.57
9.71
12.87
2.32
7.61
10.2
9.91
15.48
18.28
18.94
17.3
10.89
10.49
12.24
11.62
10.46
13.51
10.81
9.17
14.84
16.72
17.28
5.12
20.13
22.91
20.87
16.69
3.07
7.09
7.66
16.46
26.22
27.79
24.4
21.21
20.4
18.99
18.8
20.72
15.63
16.97
22.79
24.79
23.53
21.95
17.13
18.13
22.73
18.5
13.91
17.77
15.43
18.16
21.67
18.19
15.68
12.49
7.99
15.25
19.9
21.61
22.1
19.34
17.15
15.04
17.35
21.33
20.37
17.35
15.75
13.43
-6.24
19.88
24.43
26.65
23.59
17.29
21.35
19.78
18.7
18.88
11.34
14.78
18.58
18.93
13.29
16.14
22.42
21.85
23.34
20.87
15.94
22.84
22.52
15.89
23.4
23.94
18.5
21.96
17.59
14.77
-3.33
11.47
4.5
14.61
24.39
26.04
22.8
20.3
18.22
12.38
11.84
17.78
10.03
15.22
16.44
23.96
24.7
24
26.12
25.19
21.09
13.64
15.07
16.42
18.45
18.9
10.6
21.07
22.05
21.81
24
23.45
20.67
24.37
26.35
24.53
18.53
17.85
19.06
19.65
20.2
23.56
25.95
24.28
20.93
16.8
13.43
16.78
16.83
16.83
9.59
17.85
20.09
17.68
18.93
24.67
25.93
22.9
19.84
20.6
22.12
21.59
21.97
22.6
19.71
17.13
20.36
9.11
18.19
18.45
26.33
27.49
28.35
29
26.65
22.09
22.02
21.11
21.18
21.68
17.61
2.88
22.23
25.1
22.16
20.94
20.59
16.08
17.5
23.23
25
22.88
22.82
24.87
21.78
20.94
21.44
19.83
19.87
13.13
16.24
20.34
14.28
11.48
22.27
24.74
14.02
21.49
25.2
27.46
26.35
20.99
15.41
24.21
22.52
13.97
13.82
21.07
20
16.96
20.2
19.57
15.58
17.04
22.41
22.03
19.05
12.26
12
15.96
16.53
11.81
10.76
6.51
9.27
10.91
14.87
9.82
2.6
7.54
11.95
14.14
11.21
6.75
13.67
16.74
14.72
4.38
8.81
15.44
16.59
15.29
17.16
25.14
29.97
30.2
27.3
22.81
17.55
19.57
23.33
23.1
23.28
24.88
25.78
25
21.55
6.48
17.32
15.89
15.28
17.78
19.9
19.62
15.82
15.91
21.35
24.19
18.07
23.35
23.06
16.42
18.96
16.7
12.9
11.33
14.75
20.51
19.42
18.76
12.54
14.11
17.95
19.36
16.83
1.12
16.92
17.26
19.03
20.17
16.38
16.04
11.31
8.85
12.63
3.81
16.45
19.43
15.44
20.06
18
19.49
22.34
21.88
17.85
11.84
6.15
15.72
12.92
13.61
19.99
20.65
16.92
16.93
19.94
20.31
21.44
22.1
21.21
18.22
19.28
19.19
15.61
9.5
11.32
-3.76
12.2
-0.64
14.26
10.57
7.89
17.35
17.82
12.14
-2.39
14.61
20.6
23.87
17.93
14.78
15.3
18.36
19.88
13.68
7.27
16.26
20.07
18.87
13.73
17.64
20.04
20.44
23.78
25.21
22.44
16.14
7.56
8.8
12.95
13.79
16.3
10.39
16.77
4.75
13.97
12.41
20.6
17.86
8.05
12.53
13.23
9.95
13.77
18.34
24.23
24.65
14.62
15.3
17.26
20.88
22.78
19.58
16.32
19.85
15.62
15.36
16.69
17.53
17.92
16.74
15.17
17.95
18.99
13.32
15.05
21.12
17.22
10.62
13.57
17
13.36
19.56
22.48
25.69
25.99
22.19
21.15
25.69
20.86
18.48
22.12
-1.51
22.83
21.16
19.91
22
23.69
23.69
18.37
24.33
26.81
25.6
19.42
-1.11
12.37
4.58
7.34
11.03
13.2
18.91
19.44
20.86
26.32
26.35
23.1
20.03
19.54
15.79
21.21
24.46
24.68
22.12
15.8
9.32
13.39
16.02
17.34
16.3
12.83
22.79
20.58
15.87
6.84
16.09
24.53
25.27
20.82
19.93
22.38
22.37
23.85
22.23
15.81
12.27
17.75
21.95
19.9
15.52
20.43
26.81
28.68
25.25
16.49
9.92
23.87
25.22
19.26
19.24
23.42
20.49
21.14
20.45
15.65
9.5
16.03
20.98
20.71
15.75
19.75
16.11
22.62
22.98
19.73
22.84
22.38
19.16
18.51
18.72
18.51
23.96
28.09
28.55
24.42
17.1
19.97
15.38
12.23
12.88
11.57
10.32
22.41
27.01
29.14
28.12
20.55
15.84
20.88
24.12
25.85
22.13
18.32
20.52
25.1
26.65
26.06
20.91
11.57
15.26
10.48
23.31
24.57
16.45
15.79
28.16
33.53
30.59
23.6
19.48
16.33
8.04
15.46
23.42
23.6
18.77
30.43
29.56
22.07
23.51
21.95
16.07
22.47
24.99
21.46
26.62
31.49
23.45
26.7
30.13
28.33
22.57
22.02
19.84
9.35
19.76
27.61
26.71
19.23
23.04
20.58
22.17
25.74
24.18
20.65
24.51
23.95
6.48
23.13
25.95
32.41
42.53
44.97
38.54
20.26
18.48
19.13
15.6
12.64
12.47
24.2
26.17
23.82
17.44
12.34
9.71
7.36
8.06
8.04
21.73
23.9
18.09
18.57
15.55
6.72
13.89
18.7
23.29
36.77
44.92
44.55
34.3
21.2
23.58
19.99
15.73
22.07
21.93
24.89
27.06
23.06
14.74
19.78
13.32
25.38
27.13
20.7
3.4
19.18
22.8
24.89
20.52
19.87
23.44
23.78
24.14
26.5
26.29
19.37
18.27
24.32
25.35
22.31
19.7
20.33
18.4
22.03
22.23
19.41
18.6
7.95
21.7
17.46
21.08
25.7
19.91
17.95
20.69
21.65
26.24
26.97
35.81
40.8
37.6
22.41
17.64
26.04
26.83
23.4
22.55
24.33
19.75
13.74
26.3
29.5
21.69
24.55
27.37
24.95
21.86
19.8
14.46
22.88
22.27
13.64
17.46
18.56
11.16
22.12
25.88
22.77
40.83
44.13
38.93
28.81
22.27
17.2
22.64
22.72
20.08
19.01
22.68
19.53
3.53
10.43
16.38
19.74
24.6
27.08
27.09
19
18.41
23.41
19.15
14.57
20.83
22.71
21.09
17.24
12.64
16.88
14.12
18.49
18.01
7.31
23.64
27.42
24.95
20.61
22.73
17.06
19.69
24.14
18.59
16.45
22.5
19.42
11.72
23.14
27.6
25.61
20.35
27.49
41.83
45.24
39.66
23.04
21.53
13.09
25.98
25.47
16.08
21.63
24.12
13.93
21.17
21.47
20.47
19.11
14.7
19.64
23.78
23.7
17.06
8.47
23.19
26.99
23.7
17.77
22.6
25.13
19.29
18.29
21.9
23.19
23.72
23.85
27.02
34.81
34.56
29.57
23.57
7.83
18.35
18.29
18.87
24.73
29.35
29.54
25.42
20.92
18.2
20.73
22.22
17.23
9.07
14.33
20.39
26.44
28.49
24.21
19.86
25.47
18.42
26.56
26.22
24.19
22.88
26.22
28.58
26.78
17.33
21.56
24.07
12.2
32.86
37.9
34.58
23.38
14.42
23.91
26.93
27.74
30.04
30.93
31.15
35.91
35.21
25.83
19.8
32.84
34.82
31.11
37.33
43.54
41.61
27.19
22.56
22.51
23.74
24.91
30.04
33.22
31.97
25.35
28.3
35.91
38.84
33.98
23.21
30.58
27.32
23.68
20.07
15.2
23.87
32.51
33.85
29.76
28.41
24.4
30.34
29.22
10.23
26.85
29.25
27
21.49
21.94
29.74
28.17
26.76
29.43
25.58
27.56
29.11
28.83
25.94
25.18
29.92
32.53
30.81
30.34
34.55
36.62
34.51
30.83
32.05
30.84
25.68
26.46
33.27
44.51
47.93
42.61
22.91
22.54
29.98
31.51
20.78
22.14
18.09
38.74
48.62
48.37
38.22
23.93
25.85
31.59
33.63
29.03
26.39
23.61
20.94
31.56
31.98
28.7
19.75
29.39
34.32
34.8
34.36
33.17
30.41
26.08
29.99
28.39
25.91
28.36
30.4
32.62
29.63
26.16
24.62
18.76
26.26
29.99
29.49
27.93
29.71
27.7
29.63
31.45
18.44
26.33
29.19
32.59
32.07
30.25
18.35
22.66
26.31
35.99
36.52
32
25.96
29.82
34.94
36.52
37.64
35.25
33.13
34.82
33.47
29.12
23.42
20.37
19.05
26.81
31.78
34.21
33.99
30.87
30.05
27.93
24.07
33.51
34.2
29.55
25.39
27.78
33.31
33.54
26.71
22.92
24.13
25.92
27.05
21.37
17.95
25.11
25.68
25.37
31.49
32.94
33.41
33.51
32.09
26.37
34.81
36.45
35.25
34.73
32.26
27.61
27.85
21.09
17.54
25.17
29.65
28.64
14.93
29.05
33.44
30.39
15.68
23.56
26.29
5.1
28.08
30.61
27.9
30.65
31.5
21.15
32.8
34.4
30.83
34.36
34.14
15.66
29.2
27.64
19.66
25.31
27.69
24.51
10.42
26.06
29.66
11.27
30.74
32.26
30.07
22.89
23.28
30.31
28.48
12.36
25.95
22.48
12.72
22.44
22.4
21.77
27.85
26.54
8.29
24.89
31.04
30.73
28.89
26.88
20.64
27.15
32.15
32.25
32.07
28.27
22.64
18.15
23.11
19.08
23.19
22.61
26.85
23.84
22.1
25.03
19.53
18.06
26.68
26.82
19.45
21.06
23.26
18.14
14.89
14.14
19.57
18.82
28.21
26.27
24.05
29.58
26.81
18
22.88
26.16
20.52
21.71
26.93
27.1
28.16
26.61
10.56
20.22
29.04
30.58
25.37
24.1
26.33
25.44
23.83
20.75
20.22
24.46
27.76
29.27
28.4
24.33
18.67
28.56
25.77
16.83
19.01
19.42
3.62
17.97
22.55
23.84
20.07
16.85
25.72
28.84
29.97
29.25
28.16
23.22
21.06
27.5
27.83
25.01
22.2
22.5
22.83
25.13
25.33
20.51
21.57
28.13
26.77
23.32
18.68
18.66
-2.22
25.63
27.68
20.66
22.57
23.68
6.51
21.29
21.21
23.22
17.02
27.22
31.59
28.94
22.7
17.79
11.46
3.66
20.58
23.33
15.37
20.31
21.95
16.69
22.44
22.92
23.75
17.03
15.55
21.89
21.89
22.44
13.46
16.74
18.67
21.78
25.74
24.94
14.43
24.59
19.92
2.22
8.52
22.8
23.42
14.79
15.66
11.3
27.92
25.29
16.36
19.45
26.6
30.73
28.31
21.95
20.14
14.96
21.14
19.36
18.94
22.45
25.93
31.46
31.71
25.33
23.48
21.2
10.84
9.86
21.95
27.87
29.68
31.06
31.15
29.33
25.26
22.06
24.24
22.37
16.11
21.6
15.33
18.1
26.88
24.99
15.14
21.54
25.94
21.08
25.15
27.4
29.42
31.11
28.59
25.7
28.18
29.84
29.8
29.69
28.36
23.88
20.59
21.52
23.88
6.88
18.31
16.36
24.8
28.46
32.05
33.18
30.11
26.46
19.08
25.19
30.15
30.08
32.48
30.43
27.87
25.23
20.61
19.84
23.23
17.66
28.68
36.87
36.69
31.45
26.89
26.46
25.02
24.04
24.64
16.14
15.27
19.8
18.48
12.09
11.62
15.13
8.51
19.91
26.4
29.14
29.93
28.13
20.08
17.97
19.83
18.74
17.52
24.25
23.52
29.81
30.26
24.4
19.24
17.24
-24.29
18.61
25.04
27.1
27.51
26.06
24.26
23.27
23.83
24.46
4.96
20.97
26.08
25.37
19.23
22.86
23.85
25.47
28.58
24.31
24.05
23.47
21.33
25.04
12.21
16.35
19.12
16.01
14.39
13.12
15.79
27.63
27.81
25.77
23.58
6.88
17.78
14.73
15.85
20.37
20.65
23.78
20.64
20.24
18.96
15.68
18
21.07
22.45
21.67
21.25
24.02
24.91
23.8
18.22
15.92
20.47
17.8
11.71
13.85
12.83
16.05
24.14
23.55
19.55
25.87
20.26
24.05
29.26
28.27
28.08
25.51
9.8
18.32
14.98
22.26
24.82
25.3
23.97
11.29
11.97
13.8
21.45
21.31
12.89
23.83
23.67
19.61
23.49
25.18
25.96
22.96
15.58
16.73
16.41
18.71
24.53
26
25.97
24.38
15.86
16.72
21.1
25.36
26.45
24.53
16.31
16.77
22.27
11.92
16.66
18.61
17.74
18.04
20.37
23.9
22.01
22.96
23.17
24.52
20.74
19.17
22.33
17.98
24.49
27.42
25.43
18.57
21.48
22.48
19.25
15.71
18.2
16.36
9.73
15.89
2.5
8.05
11.64
15.75
17.98
13.13
20.31
19.45
20.12
21.7
21.71
19.82
15.71
15.9
17.16
10.56
20.75
21
9.43
13.75
14.21
20.26
23.92
24.54
24.81
21.53
15.15
11.11
7.41
20.24
20.35
12.4
10.25
14.64
12.53
17.75
21.76
18.75
17.13
10.83
15.87
16.9
10.67
6.41
19.17
22.55
18.86
9.19
14.27
18.94
18.49
11.05
2.79
17.02
19.63
12
16.92
14.01
12.85
18.5
13.2
11.35
12.17
14.09
22.3
24.02
18.42
4.67
15.62
23.61
21.38
14.45
6.42
19.44
23.87
23.41
20.13
20.48
20.49
19.91
17.9
15.3
10.66
5.7
15.86
19.9
18.61
19.35
21.22
18.06
20.06
17.54
1.09
12.9
15.77
13.36
13.06
10.81
21.41
23.26
18.24
12.11
19.57
23.35
24.21
21.15
10.19
18.55
18.23
18.15
19.01
17.86
18.85
17.94
20.05
22.59
18.59
9.04
16.84
20.16
17.45
10.58
12.34
20.05
23.27
23.84
23.58
21.11
18.93
15.75
9.42
14.54
19.74
17.43
13.97
23.96
26.48
22.23
21.57
24.92
25.71
19.89
16.74
16.52
15.02
12.79
17.86
17.97
18.49
17.38
1.06
17.28
22.26
20.79
19.44
8.16
15.1
17.12
15.92
17.27
18.39
10.39
10.85
9.41
12.4
13.67
10.26
15.2
16.57
-4.55
15.66
15.4
14.9
19.29
17.7
13.3
9.15
19.13
25.32
25.21
17.23
8.47
13.27
0.25
13.62
8.13
20.09
20.46
15.79
15.8
19.72
20.05
15.22
8.04
22.09
22.22
17.87
23.36
25.95
18.69
16.57
20.06
20.89
13.88
12.06
17.95
20.02
25.33
27.88
27.62
21.24
12.84
10.24
15.86
22.87
23.88
20.38
13.14
11.8
10.57
21.8
20.76
16.26
22.45
22.32
23.23
19.1
-0.97
13.31
17.14
16.17
13.26
13.56
17.37
12.75
14.9
17.45
21.24
24.2
19.68
14.95
14.71
8.4
16.21
20.79
22.78
20
17.1
17.76
18.65
9.07
20.97
24.71
19.25
16.67
11.56
14.96
20.96
23.57
24.72
19.75
9.9
14.72
16.28
17.4
16.64
23.76
22.01
18.12
23.17
24
19.02
10.47
-3.23
12.02
20.11
21.28
19.84
15.64
-8.56
19.06
20.18
19.26
13.98
12.23
15.53
17.42
23.56
26.99
26.08
22.89
15.97
19.45
25.75
24.35
20.88
23.1
34.01
37.55
32.78
15.08
-5.79
18.52
21.21
10.75
17.86
19.69
23.41
24.36
21.45
17.69
19.65
18.24
17.94
21.99
19.35
9.9
11.41
17.91
17.68
21.09
24.1
23.6
20.35
10.86
15.77
17.39
7.23
-8.38
16.95
23.11
24.53
17.07
17.68
11.46
15.27
15.94
9.15
20.5
22.98
21.99
15.74
21.69
23.12
22.8
22.96
18.98
11.8
16.15
22.31
20.56
14.54
10.58
12.17
12.65
6.28
7.24
6.31
2.53
12.17
18.95
22.98
24.98
19.88
18.55
20.3
10.76
16.89
22.53
22.5
20.33
20.19
15.96
7.91
16.63
22.06
19.31
16.53
20.17
20.87
20.72
19.99
18.87
16.76
16.7
17.56
5.2
14.2
15.57
12.81
13.02
13.68
3.54
15.34
15.08
-2.4
4.34
14.45
20.71
18.71
18.76
23.63
24.57
21.36
17.86
10.1
7.03
14.21
18.53
15.78
20.16
21.52
11.61
17.06
13.48
21.85
24.09
20.08
17.35
20.5
17.41
9.71
18.64
15.21
-4.38
10.34
8.92
20.05
23.35
11.92
16.48
21.51
22.1
18.42
20.65
22.54
19.7
17.7
23.56
25.5
23.53
17.17
15.96
19.03
16.15
18.37
19.55
17.06
8.82
20.02
19.41
13.49
19.68
20.71
21.02
19.35
17.85
10.86
20.39
23.07
20.32
17.25
16.69
16.13
14.16
10.73
3.78
13.6
14.1
15.54
19.09
21.8
21.34
14.58
14.49
15.85
20.75
23.02
24.73
23.37
20.34
12.91
16.53
20.62
23.23
25.72
24.18
8.35
19.28
20.92
18.8
14.8
17.38
11.95
9.01
12.03
14.64
20.57
22.41
17.73
8.52
10.26
17.76
15.49
10.89
14.99
16.42
16.46
15.08
7.38
4.58
19.06
21.76
13.19
13.98
18.61
20.79
20.74
21.43
16.34
12.27
19.87
26.2
25.32
20.03
12.75
21.26
17.82
11.44
15.92
11.01
12.93
18.81
20.88
20.13
16.15
17.84
18.22
11.88
10.82
18.43
20.01
20.54
21.68
19.4
11.93
21.13
24.64
19.52
9.86
14.87
12.26
14.67
15.25
13.85
8.08
1.1
14.45
18.31
16.53
15.78
13.57
10.47
9.36
5.66
4.64
12.99
15.62
11.06
14.64
11.56
8.91
15.04
9.61
10.01
14.37
14.56
8.2
11.44
7.41
4.75
12.16
17.37
19.42
19.7
16.59
19.36
17.48
3.04
-0.55
1.07
4.2
12.57
17.29
22.65
23.41
19.55
14.91
15.53
1.94
16.93
15.62
1.63
11.98
12.18
13.22
12.2
8.52
-1.56
7.26
8.53
15.14
12.43
7.6
7.74
10.55
5.32
12.57
14.47
12.06
14.59
18.8
19.25
7.7
14.78
20.66
20.61
15.16
-3.84
15.53
18.07
16.96
17.34
19.2
15.77
19.72
19.38
18.8
19.8
17.55
20.83
21.78
18.67
11.41
18.31
21.33
20.9
10.55
19.03
22.77
19.69
-1.01
15.2
11.77
12.8
10.53
19.33
18.66
19.66
22.4
21.8
18.09
16.22
13.96
15.5
19.49
17.72
-20.53
13.8
5.54
13.26
17.87
18.43
19.2
20.04
17.33
15.4
20.5
18
8.16
3.93
5.75
15.65
14.67
13.69
16.96
15.17
17.47
12.63
5.2
17.07
18.68
17.1
10.72
13.5
19.36
15.86
5.41
18.98
22.04
20.24
15.36
11.45
0.03
5.2
9.79
17.84
19.46
18.23
20.81
17.67
1.56
14.92
19.51
19.25
14.99
-0.03
14.32
19.61
16.92
11.87
15.32
16.03
10.61
4.09
14.98
20.69
19.38
12.57
11.93
12.39
14.94
11.34
18.03
21.1
18.93
15.68
14.81
6.31
7.82
7.23
15.58
19.03
16.79
9.25
13.08
15.7
13.32
13.04
11.2
12.33
11.97
13.1
12.77
3
12.04
6.93
9.88
19.22
20.14
13
4.6
11.63
16.62
19.3
20.03
21.14
23.18
24.09
22.33
17.37
6.81
2.51
10.48
11.61
10.62
11.94
17.08
19.82
19.77
21.15
19.99
18.03
18.58
17.65
15.35
7.8
7.17
9.09
20.96
23.36
23.54
22.49
19.8
19.82
17.07
16.11
20.46
20.15
13.79
16.15
22.86
23.96
22.71
16.64
0.03
12.33
15.33
10.05
10.99
18.61
23.57
25.41
24.16
22.72
18.19
14.25
20.17
18.77
17.2
20.48
20.23
14.11
13.99
22.93
22.54
19.17
7.81
10.19
16.05
19.14
21.26
18.3
17.58
24.6
23.72
20.85
16.53
14.5
1.59
14.2
21.96
24.63
22.6
15.65
8.04
15.63
13.76
16.06
14.3
7.14
15.9
9.93
19.91
22.09
19.85
4.8
12.16
14.02
16.6
17
13.32
12.95
13.77
17.04
14.32
14.22
20.2
18.89
13.41
11.72
17.53
15.3
0.53
2.51
8.54
11.62
10.22
9.23
4.29
0.45
10.41
14.04
16.1
16.86
18.18
20.81
18.56
6.44
13.78
19.37
17.7
9.02
7.23
18.31
15.2
16.61
15.58
8.31
11.92
14.3
18.23
20.47
16.95
-3.63
6.75
3.06
5.35
7.5
4.15
13.74
12.21
-1.19
8.19
16.32
14.38
0.53
15.01
14.59
15.06
17.5
14.87
-5.73
8.82
8.71
8.33
13.64
18.37
19.6
18.16
3.2
17.3
16.87
2.57
14.89
15.97
15.64
20.31
21.29
16.88
14.61
14.12
1.49
15.15
20.12
19.35
18.17
16.79
7.43
8.45
16.33
16.39
13.57
18.15
15.2
12.32
15.81
14.75
15.52
17.02
20.38
20.45
17.3
16.45
16.61
9.47
13.45
2.64
13.8
7.49
19.73
23.29
24.94
23.09
18.08
7.17
11.04
7.66
9.57
9.38
15.67
12.73
10.82
11.95
17.52
21.88
18.85
8.84
14.91
8.41
16.63
15
16.59
18.56
19.67
21.5
22
21.22
20.46
21.97
19.65
16.87
18.78
17.66
9.5
13.91
-0.46
15.11
15.25
9.78
17.91
9.24
4.08
4.65
3.38
16.6
15.21
13.42
17.1
16.05
15.53
0.64
15.49
15.88
7.05
14.64
15.57
10.16
15.71
13.7
5.18
-8.21
12.13
14.7
11.11
10.65
13.05
12.59
7.32
18.67
24.55
26.06
22.26
17.63
18.94
16.76
13.19
6.15
13.69
15.07
-6.44
17.69
19.7
15.24
10.18
10.77
17.15
17.25
-3.15
13.63
6.81
-4.08
11.19
8.8
6.81
6.25
8.58
7.95
16.48
16.82
16.44
17.23
16.71
13.91
14.65
18.69
15.56
16.66
22.02
19.06
10.62
16.19
19.84
11.31
-2.1
3.48
1.12
7.67
2
12.68
18.52
18.35
5.42
7.72
-3.25
12.82
20.65
18.69
14.99
19.9
18.56
18.45
18.26
19.46
16.24
8.78
14.91
2.15
6.28
14.16
19.8
20.27
21.8
19.23
15.4
17.57
19.92
19.47
18.2
21.16
22.82
17.16
10.88
16.95
21.07
23.95
22.55
19.66
17.51
7.41
13.74
20.88
20.36
15.8
16.38
11.32
16.66
22.11
20.69
17.77
19.09
18.05
8.85
-0.43
5.32
11.05
9.93
-0.61
-4.18
6.33
9.64
17.43
20.24
19.88
17.21
12.22
13.31
16.29
15.32
-9.44
13.57
16.51
15.37
13.17
12.77
12.29
7.1
11.9
16.5
19.28
21.7
24.76
21.72
17.55
20.9
16.66
12.8
12.61
13.06
13.24
19.63
18.51
15.18
16.54
17.42
17.48
15.06
20.35
22.11
17.62
4.93
2.35
12.8
14.7
17.76
17.79
15.81
16.4
8.55
8.44
10.57
8.14
6.17
9.53
11.7
16.96
15.32
20.13
19.54
15.34
5.55
6.74
12.99
13.71
5.51
15.63
16.55
14.36
18.6
21.85
20.7
12.22
7.28
7.36
9.68
5.41
9.11
15.77
16.88
19.82
13.6
-2.5
10.01
10.99
11.46
19.5
20.42
17.23
18.45
18.01
15.09
12.35
14.06
14.28
13.87
12.77
7.99
16.19
20.52
22.06
23.05
20.11
6.74
-0.4
5.05
-3.38
13.87
16.85
17.04
6.17
19.15
22.04
17.57
14.48
13.36
12.25
17.52
14.75
15.3
13.98
13.22
18.93
14.02
1.62
10.73
15.12
14.11
0.12
14.57
10.24
-10.44
15.06
18.42
13.93
9.54
3.33
12.02
16.8
20.17
21.95
15.78
15.04
18.68
16.73
19.52
16.39
2.34
5.48
7.11
13.48
12.01
10.23
13.82
14.07
17.53
20.21
16.59
7.07
17.06
17.49
11.52
9.35
13.27
6.04
15.54
15.22
8.35
1.73
14.4
17.21
9.9
5.81
11.27
11.81
10.89
14.42
14.65
10.44
11.55
16.84
18.43
16.59
14.62
15.31
3.85
17.43
16.17
13.05
17.8
20.99
19.94
12.26
6.33
10.78
12
8.12
9.59
12.5
14.05
14.4
21.06
18.43
4.59
10.73
13.29
9.64
2.57
3.83
10.15
12.89
6.89
12.8
12.44
16.25
18.74
18.56
11.62
7.51
12.19
4.45
8.57
13.08
5.67
5.28
4.46
17.62
18.65
11.32
7.88
6.83
-1.31
11.96
17.59
15.34
7.34
10.18
17.36
15.51
12.09
18.81
15.94
8.34
14.39
15.77
13.27
13.79
16.26
14.09
1.95
8.08
10.09
12.5
16.87
18.47
13.28
13.05
10.48
9.71
16.2
16.02
13.54
15.42
20.39
21.91
18.6
16.67
15.56
3.8
6.3
7.23
12.84
6.9
5.95
4.76
15.25
21.65
21.87
16.3
2.01
-3.87
10.13
18.16
19.32
18.32
21.3
19.98
13.6
10.41
13.3
15.91
13.17
14.7
19.22
16.42
13.66
6.16
-1.07
6.48
14.4
16.55
17.28
13.06
6.93
-0.56
16.81
22.06
22.33
17.87
8.92
12.6
16.76
14.38
5.02
3.98
13.81
15.7
8.15
6.36
5.46
-3.47
8.14
10.43
13.32
4.33
0.96
8.87
10.42
17.16
19.41
17.28
14.56
11.68
6.14
-6.05
0.36
8.21
11.48
9.2
13.49
16.26
17.83
16.21
15.04
15.4
11.06
11.39
13.44
-6.56
13.38
1.97
10.55
11.86
20.83
22.63
22.59
18.95
16.2
16.47
11.73
7.65
-2.74
8.94
9.11
5.52
13.42
14.49
14.6
13.93
8.71
3.74
11.15
9.72
6.24
-16.07
16.24
20.05
17.54
12.18
21.21
23.7
19.99
4.98
5.95
14.04
18.86
20.33
17.37
16.47
20.35
19.35
16.65
18.62
16.82
6.5
10.73
3.83
10.69
5.11
9.92
6.47
13.48
16.71
17.7
18.76
18.1
12.04
-1.65
5.29
9.9
15.72
18.35
16.29
8.79
6.76
10.76
15.32
15.66
16.75
15.72
13.9
7.6
10.78
3.8
14.28
16.4
4.41
10.06
11.17
3.44
15.67
20.94
19.38
7.18
10.93
17.74
19.24
18.26
19.09
15.99
6.12
2.22
12.39
11.32
15.22
14.49
9.47
9.54
1.47
15.58
20.7
22.77
20.13
9.32
2.69
-3.31
15.49
19.45
13.34
15.41
19
14.03
13.23
10.77
5.85
8.44
12.82
12.88
8.9
-0.88
7.24
9.65
16.06
20.84
22
22.31
21.44
18.43
11.82
12.78
16.19
13.56
2.91
3.18
10.61
17.44
19.16
15.17
17.7
19.43
16.66
11.16
7.24
17.09
18.99
17.81
18.49
12.11
3.71
15.87
17.23
14.34
13.48
17.84
15.94
15.57
16.35
19.56
16.14
15.01
19.92
21.61
23.12
22.79
17.26
6.95
13.07
10.52
18.56
19.53
12.44
6.84
13.56
17.79
16.75
15.02
2.61
15.05
19.57
15.74
10.73
12.9
17.53
20.45
19.22
15.47
1.03
17.36
15.69
11.83
17.8
14.42
12.7
11.16
8.63
11.29
13.81
12.9
-7.31
13.76
16.62
16.95
16.88
15.26
17.97
21.61
20.89
16.69
12.59
10.61
13.41
15.3
13.13
16.91
17.77
14.42
14
20.54
19.54
18.17
21.07
21.16
17.95
11.85
11
14.63
13.34
15.21
11.21
12.12
11.88
9.64
11.07
13.43
12.08
2.21
4.64
13.45
18.14
20.5
20.77
17.85
15.51
16.99
15.58
15.34
15.06
7.38
5.45
10.98
14.36
10.79
14.9
14.24
12.69
11.83
12.25
7.14
2.81
6.02
13.65
12.87
8.38
17.51
16.15
10.63
10.38
12.27
13.04
11.15
12.05
16.03
17.92
16.28
0.47
11.05
10.62
11.14
11.44
6.13
-3.37
7.81
10.87
12.62
11.41
11.56
12.37
15.25
14.17
4.58
1.62
8.93
1.2
7.9
-2.74
1.38
10.38
11.68
11.23
12.6
12.11
6.93
4.81
12.63
17.68
18.81
15.05
15.46
16.65
20.16
16.63
-0.27
10.38
15.46
12.59
13.23
13.91
12.22
17.23
17.9
16.45
14.38
-2.41
16.68
21.68
19.17
14.27
18.23
18.93
19.45
16.38
6.74
11.11
12.51
15.32
13.34
15.9
13.37
7.4
12.06
11.03
12.81
17.68
19.59
14.67
9.33
19.12
18.1
10.98
-1.45
8.3
10.69
16.94
15.75
14.96
18.22
17.81
11.16
14.03
15.21
14.62
12.41
10.32
4.65
10.9
15.56
12.58
-3.43
7.44
7.76
10.43
7.14
2.24
3.19
11.66
9.55
0.51
13.08
15.01
7.39
12.7
15.41
9.12
8.01
9.65
8.72
8.25
15.19
14.16
-1.03
13.04
17.33
16.19
11.73
12
9.3
7.77
12.33
13.77
14.27
17.65
12.4
4.26
11.92
16.2
13.71
12.33
13.84
11.44
8.27
14.2
16.41
14.51
4.48
1.44
6.01
6.52
12.5
13.02
6.4
7.24
2.38
10.42
13.44
10.71
11.57
11.26
9.89
15.71
15.3
11.46
12.3
11.98
3
18.16
19.02
4.55
12.22
13.73
11.36
7.78
6.8
8.07
7.14
12.16
17.62
17.94
12.54
6.71
15.29
17.67
16.39
9.6
8.25
12.12
10.09
12.68
11.12
8.72
15.83
15.15
14.1
16.66
15.82
10.82
5.42
8.43
10.14
8.67
9.81
14.01
4.93
7.16
14.63
17.92
11.04
7.71
14.04
16.45
12.87
7.79
7.2
11.81
13.15
14.73
13.95
12.01
10.96
10.94
15.93
15.44
8.95
14.28
10.18
11.54
16.49
16.19
9.11
12.51
11.45
12.41
13.97
7.56
5.66
7.25
15.36
13.87
7.99
7.3
11.17
8.52
-0.14
8.73
11.38
14.06
15.55
11.77
8.74
17.17
17.06
8.91
7.78
13.36
12.54
14.85
7.95
5.26
6.07
14.66
20.58
19.34
12.71
10.03
16.01
13.89
8.43
10.5
9.74
8.16
2.99
9.86
9.32
13.03
16.37
14.33
13.16
13.28
15.63
16.83
16.78
13.29
12.27
9.74
14.42
10.86
7.36
3.89
14.54
17.13
16.08
11.25
17.37
21.18
17.85
13.65
7.21
9.47
16.32
18.5
15.9
14.29
1.17
10.8
15.02
14.77
14.83
9.49
6.33
11.08
2.84
7.85
11.43
12.63
15.96
14.51
15.41
12.25
5.65
13.51
17.35
19.99
18.92
10.19
13.95
20.01
19.45
12.49
14.68
10.97
10.25
9.12
10.48
15.63
13.68
1
14.75
14.53
8.87
2.34
9.16
15.49
13.89
12.94
16.88
12.75
9.34
5.18
5.07
-0.77
9.35
14.86
13.72
15.56
16.75
16.75
9.36
10.1
9.56
6.99
-17.48
-4.45
-1.91
6.56
18.7
19.4
15.58
14.64
14.45
16.3
16.46
11.41
8.69
13.37
11.57
10.02
15.11
16.81
14.24
13.94
8.6
8.15
4.42
7.77
9.64
11.34
12.82
13.24
-2.94
13.72
16.42
18.86
20.38
19.42
18.31
18.9
15.43
8.6
2.97
7.08
7.96
9.45
2.52
7.57
5.32
5.16
11.36
-1.16
8.24
5.23
16.82
17.43
12.91
2.55
11.26
14.01
7.2
2.88
3.88
11.55
13.42
8.29
-5.68
-1.24
2.12
15.21
16.73
16.02
17.27
15.56
18.57
15.04
8.59
10.64
11.9
12.31
17.84
16.64
13.16
12.01
12.53
12.7
14.75
16.28
13.8
10.29
14.7
12.72
13.95
12
11.95
15.82
16.67
14.62
15
15.79
5.89
6.35
12.45
18.19
17.38
16.65
16.97
13.49
5.89
5.92
17.71
20.28
17.67
12.29
9.84
13.54
14.15
9.11
13.31
1.6
5.66
-0.54
4.72
12.81
16.06
16.2
14.81
16.97
17.52
18.64
18.27
15.39
14
13.41
14.54
8.11
10.18
10.25
9.77
14.44
16.72
14.68
13.26
9.87
-18.96
0.98
3.04
16.25
19.86
17.02
7.93
7.06
12.09
7.96
10.68
15.54
14.75
11.93
10.99
11.62
6.21
9.2
10.52
12.02
12.61
12.73
16.9
16.82
10.8
11.64
15.19
12.55
3.35
6.7
15.27
16.03
13.76
12.72
13.81
13.13
16.48
18.69
18.37
16.95
13.98
11.5
13.53
11.57
11.47
4.91
9.39
11.89
11.74
8.9
0.9
11.68
12.09
9.27
7.23
16.01
20.12
20.13
19.21
18.44
15.7
14.49
16.46
14.86
9.51
5.2
12
11.73
9.51
11.17
11.56
11.25
10.95
15.07
17.4
14.71
13.28
13.46
11.23
13.73
17.9
18.96
9.95
7.19
13.09
16.69
14.59
12.61
0.65
9.92
16.85
16.7
13.39
9.47
8.2
4.36
4.38
13.48
16.47
16.68
12.95
7.35
3.82
3.02
-2.2
1.27
8.21
10.2
11.48
12.7
14.88
16.13
8.41
5.35
7.07
7.72
10.12
8.01
9.74
5.82
5.16
10
15.42
5.71
11.85
9.66
6.62
13.86
17.66
18.64
17.79
16.94
14.72
8.59
1.62
-0.75
-1.16
8.97
14.07
16.7
17.08
7.02
3.34
13.94
15.74
14.83
14.99
11.63
8.28
6.84
-0.71
3.21
-4.88
9.03
12.93
12.54
4.02
6.32
8.13
8.8
-3.01
13.49
14.85
11.81
0.92
-10.15
3.36
11.27
15.25
15.26
12.72
11.26
13.63
8.95
11.25
11.54
7.61
5.63
1.94
9.48
12.44
15.49
16.89
13.59
7.33
6.56
6.17
-2.78
11.12
9.88
10.11
16.85
18.02
11.71
11.6
14.11
10.34
-3.87
15.68
16.88
12.77
10.39
10.69
14.5
11.64
-2.08
8.71
11.63
10.83
4.44
-0.71
8.05
9.78
9.31
11.42
12.8
12.01
8.06
8.28
10.74
9.51
8.06
7.26
13
15.42
13.23
8.72
3.67
10
12.96
13.83
12.9
5.37
4.3
10.81
8.49
-2.79
4.34
8.9
9.13
5.4
5.99
13.07
15.3
13.62
12.8
10.21
14.86
12.52
10.12
7.9
5.27
10.67
14.41
16.77
20.4
18.53
-3.01
14.81
15.13
12.2
10
4.85
-2.06
4.92
10.5
7.37
1.79
8.54
11.62
4.62
3.01
9.38
9.43
14.15
15.93
8.3
5.08
6.51
2.37
11.57
14.44
13.11
9.55
10.73
14.79
12.97
9.78
2.29
-6
7.04
7.95
11.35
8.86
12.85
14.71
14.56
16.49
17.32
15.82
11.93
-10.36
17.35
20.41
16.85
10.69
14.54
14.7
9.46
-4.02
10.93
16.19
12.5
6.2
9.11
11.3
15.64
16.84
18.21
19.32
18.94
16.82
15.89
12.72
11.34
12.24
4.28
8.8
14.94
9.53
-1.3
7.67
12.34
12.5
14.93
12.37
5.5
8.1
11.16
4.05
9.45
11.91
5.73
9.88
8.72
4.84
13.52
12.29
1.38
-0.92
0.62
-2.65
12.35
16.77
17.81
18.33
15.57
9.41
10.59
10.98
13.76
14.52
14.77
15.42
10.4
7.12
7.65
8.63
13.66
16.23
16.77
8.55
-1.47
6.61
5.23
4.78
12.6
13.83
5.95
16.92
16.51
12.84
10.83
5.67
0.23
-1.27
11.18
15.06
12.13
6.75
-8.47
8.69
14.66
15.29
12.13
14.58
10.67
-1.54
6.4
2.58
10.55
15.27
9.82
12.3
13.21
10.48
1.91
9.84
14.6
15.58
18.43
20.16
18.06
10.84
13.25
13.22
5.86
13.87
16.23
12.83
11.68
18.07
18.04
15.56
12.27
7.63
1.47
7.12
14.09
16.09
14.69
15.09
16.09
10.99
3.98
13.5
18.26
19.29
18.14
16.52
13.83
8.22
10.19
13.29
16.19
15.69
12.75
10.09
10.38
17.01
17.08
16.39
11.19
13.93
10.41
10.25
12.07
15.63
14.47
12.76
15.43
14.59
12.89
15.53
16.28
16.04
13.66
7.45
3.84
11.21
15.04
14.1
3.22
14.73
14.96
14.74
13.51
14.4
15.27
10.52
16.79
15.22
15.32
22.39
15.45
13.88
16.52
14.73
7.23
5.92
10.68
13.92
18.56
19.76
16.9
9.05
6.96
12.76
5.24
5.24
12.77
13.98
10.05
7.65
13.84
14.15
13.7
7.8
7.7
14.74
16.28
13.37
18.45
18.59
12.36
3.99
9.45
10.8
10.2
13.47
14.58
9.17
15.14
17.29
13.01
0.42
12.15
7.25
8.11
14.62
14.46
7.05
-1.28
8.57
14.52
17.79
17.32
11.78
7.86
11.11
9
4.91
13.31
15.22
16.07
17.79
16.55
9.5
7.29
13.87
16.76
15.66
13.11
10.34
14.36
15.26
6.5
4.62
12.47
15.48
16.9
18.9
18.21
14.87
11.43
10.45
8.18
8.78
9.58
5.7
-0.79
13.12
8.95
10.16
9.19
9.32
13.79
13.06
12.15
12.54
12.74
15.32
15.44
12.7
13.15
13.39
13.48
15.66
13.53
5.53
-3.88
4.06
2.82
6.41
14.87
11.75
13.81
14.48
14.47
12.59
4.5
12.54
13.27
9.59
11.91
13.61
4.08
3.49
8.81
9.21
14.02
16.06
15.72
16.51
15.6
13.18
9.78
4.86
10.77
12.13
13.08
11.81
13.23
7.02
9.03
14.99
15.5
16.72
16.53
13.91
14.67
16.41
15.15
11.93
13.4
15.49
9.78
10.8
13.67
1.65
10.48
10.16
8.64
12.32
14.61
14.59
18.63
17.25
13.71
12.95
13.8
12.34
2.97
1.04
9.89
14.98
8.28
6.36
14.41
15.1
14.76
-0.24
14.82
18.92
16.64
11.09
9.27
11.61
12.46
3.95
12.59
15.93
13.51
12.85
8.68
9.31
9.39
13.04
11.79
14.61
11.11
11.89
13.34
13.61
8.69
11.63
12.98
11.6
1.61
4.96
4.42
7.55
16.44
16.61
13.6
11.04
-13.15
2.15
-6.63
0.78
-2.65
3.07
9.36
12.86
13.05
14.78
3.78
12.24
13.34
10.51
8.15
7.15
10.22
10.73
5.7
0.69
12.31
18.16
15.82
9.41
15.04
19.77
22.15
20.95
12.3
9.69
9.06
10.02
16.44
13.59
4.73
14.33
4.53
9.11
7.03
12.66
10.72
11.17
16.65
18.49
13.09
13.15
17.7
17.1
11.24
10.44
4.14
10.13
9.79
6.84
15.02
14.32
7.53
15.17
17.76
17.2
15.53
11.18
5.33
17.29
17.98
16.9
12.49
4.89
13.46
10.62
14.27
11.28
-0.76
13.68
14.14
6.56
8.01
15.21
10.12
-0.17
5.34
13.26
14.47
14.49
9.67
5.24
3.98
10.53
15.18
16.11
12.69
17.05
20.34
20.35
20.69
18.95
18.04
19.2
18.95
17.86
18.45
12.4
11.6
17.69
13.9
-1.57
11.58
9.36
5.42
-9.97
11.1
12.63
7.77
9.53
15.44
16.51
12.47
4.1
-1.35
7.3
15.22
15.92
9.68
-1.25
13.21
12.87
2.06
12.58
12.85
6.28
13.82
18.44
19.24
15.95
11.03
5.4
6.79
12.95
7.01
13.84
14.39
7.34
17.64
16.71
14.04
8.54
2.08
5.61
12.6
11.44
6.64
1.46
5
7.19
11.48
10.85
-6.05
9.93
10.18
9.17
13.77
13.31
11.52
13.49
16.95
18.77
18.16
14.93
8.79
10.78
14.78
17.93
13.7
-2.35
3.08
4.3
-1.09
-2.3
0.47
1.53
5.3
10.78
10.79
-11.92
12.67
16.14
19.94
10.73
18.44
18.56
10.27
-2.28
5.67
15.75
19.04
19.78
15.49
6.68
3.94
12.76
18.5
19.09
15.35
-1.91
7.71
7.38
4.69
13.95
14.3
10.79
3.31
6.87
10.27
2.47
8.63
7.04
7.81
3.25
4.49
1.85
-1.27
3.5
10.15
9.07
-0.26
5.14
2.74
13.98
10.77
8.37
12.56
14.87
15.6
14.32
14.67
18.22
20.94
19.37
16.27
16.23
5.73
14.96
19.56
17.78
11.67
12.02
16.62
14.6
2.67
2.95
-0.08
6.29
11.47
9.04
9.61
12.41
10.03
11.51
8.95
8.51
6.39
11.06
15.85
15.45
8.44
-8.16
-10.19
12.9
17.7
15.71
5.93
12.11
2.43
11.45
9.97
-1.46
12.47
13.76
9.47
9.6
12.02
1.87
4.42
7.77
13.33
16.32
12.54
3.3
13.08
10.16
9.51
17.42
19.93
21.52
19.09
8.49
10.8
15.55
6.91
14.21
17.14
7.15
12.59
8.18
4.74
16.41
21.29
18.97
5.24
10.2
10.75
8.91
10.82
12.78
16.3
16.87
8.16
6.71
12.22
10.45
12.98
11.13
1.81
3.62
11.67
6.32
14.1
16.07
13.56
14.74
8.78
7.61
16.24
18.81
18.91
17.68
9.6
7.76
9.15
11.87
14.27
13.02
9.5
2.28
12.45
15.98
17.64
17.11
10
8.66
14.34
11.83
5.49
15.4
13.88
10.75
-2.63
12.02
7.97
12.82
13.59
18.23
19.61
15.97
4.36
11.6
8.02
-4.05
