6.22
10.19
13.89
11.96
10.39
11.17
9.87
-5.91
11.36
14.32
7.84
5.19
4.64
12.19
14.95
12.81
8.75
9.95
8.29
9.39
11.99
4.6
8.29
10.31
10.09
9.05
11.62
14.49
13.3
8.59
6.84
7.7
10.12
11.07
13.59
11.63
-0.1
1.52
7.06
0.65
5.89
7.85
10.14
14.91
16.42
15.62
14.45
12.58
10.5
13.52
12.32
12.98
10.3
11.85
14.03
9.27
3.32
5.26
7.6
12.44
15.13
9.47
2
-0.99
2.93
5.92
6.15
7.08
6.83
11.02
11.74
10.07
-0.73
14.66
17.6
16.77
14.92
10.42
6.54
10.28
12.81
8.86
-0.08
12.78
14.3
9.16
10.66
14.14
14.49
10.31
4.88
12.45
10.24
3.69
11.76
11.32
13.24
13.08
12.17
11.24
15.13
17.89
16.44
13.59
9.67
2.92
9
8.26
3.16
6.47
4.4
11.16
9.19
11.53
13.27
12.9
11.58
7.67
4.15
7.73
15.4
18.41
17.9
15.92
14.05
11.47
13.14
11.63
5.77
4.09
5.41
12.89
13.26
12.04
13.34
11.61
1.94
2.52
2.48
3.65
10.03
8.8
10.48
9.83
10.42
10.52
6.18
3.69
-1.13
5.26
5.69
2.94
10.67
3.17
4.4
3.86
0.05
2.26
13.35
16.25
13.25
9.41
10.67
15.25
16.58
13.46
9.8
9.55
10.47
10.1
5.85
5.43
0.35
10.34
11.48
5.01
-2.14
2.49
2.84
-1.38
2.6
-4.9
2.85
5.41
11.9
14.6
15.56
13.8
10.32
13.3
11.56
3.93
13.73
10.47
-4.26
-7.05
2.81
0.98
10.66
18.25
15.99
14.02
7.97
6.89
-0.92
4.43
10.07
12.14
10.92
-1.82
10.18
9
-6.99
9.86
13.42
14.28
12.72
8.2
6.11
-2.8
8.02
10.81
5.79
2.49
5.86
-0.7
8.82
13.63
13.6
10.98
8.53
8.37
9.95
7.03
5.77
14.06
15.82
11.19
7.46
8.24
16.41
19.37
17.39
14.19
10.88
5.32
5.04
-4.67
7.8
2.9
6.42
5.61
-0.37
5.63
8.2
11.31
11.5
5.29
2.99
4.92
13.24
14.61
10.75
8.23
3.52
3.69
9.82
13.36
14.54
11.91
0.34
10.24
11.24
10.66
3.15
3.12
13.81
17.43
17.52
15.84
15.51
14.39
13.45
15.6
15.5
10.47
11.88
11.37
7.15
4.37
-2.35
10.35
10.17
8.32
9.1
-1.44
3.26
14.07
16.68
14.43
9.95
3.56
9.6
10.07
7.96
-4.9
10.06
8.59
11.88
13.81
6.78
9.55
16.47
17.62
12.88
10.81
15.07
11.17
4.89
10.49
12.52
9.08
-3.71
-4.33
8.4
17.27
18.58
14.53
4.4
7.2
12.59
12.17
10.96
7.74
7.22
11.97
10.8
7.11
-0.23
8.42
10.15
1.69
0.35
0.52
-0.63
7.15
12.65
10.61
10.38
10.74
7.81
12.34
10.51
14.83
16.01
14.46
11.67
8.95
8.14
7.07
3.31
6.16
2.4
-7.33
1.82
4.95
5.72
7.06
9.34
10.01
13.28
14.95
15.31
14.53
9.94
5.27
9.21
11.08
9.41
1.07
6.66
-6.38
7.47
10.47
10.86
12.94
14.49
11.73
4.28
2.72
9.58
14.39
12.59
0.2
8.33
5.43
7.47
11.94
15.52
13.34
9.92
-1.03
3.98
11.14
14.29
15.56
13.8
10.9
7.08
9.66
14.79
14.37
10.74
9.34
6.44
1.41
8.16
15.42
16.1
8.81
-14.99
8.13
11.94
7.26
-5.05
5.82
12.28
14.02
16.89
18.63
14.54
7.8
0.53
9.96
13.74
10.95
9.33
12.17
8.44
7.87
13.82
11.17
11.58
11.8
2.31
3.06
7.69
7.62
12.97
11.12
11.24
12.47
11.66
7.46
10.1
12.85
9.3
8.64
12.48
11.89
11.11
10.08
9.83
3.05
-3.35
10.36
13.92
13.51
10.73
3.55
8.88
17.22
17.27
11.14
10.42
12.56
14.47
15.91
15.92
18.29
18.59
16.18
11.31
-12.9
7.82
2.47
11.59
14.21
15.22
13.26
6.45
7.58
13.02
12.4
6.91
-14.51
-0.83
1.57
8.65
11.15
15.17
14.42
13.78
14.09
12.79
9.47
6.21
6.01
8.38
9.5
-0.48
1.03
-3.25
6.42
8.11
-14.62
4.39
13.85
16.62
12.53
10.01
11.92
13.47
10.66
7.74
11.73
7.57
-4.18
9.78
12.81
10.86
7.72
9.18
12.9
13.95
11.2
4.94
14.01
12.91
3.82
6.09
11.02
13.46
10.95
6.92
10.06
10.19
0.83
3.78
11.65
13.24
11.5
12.67
11.28
3.85
5.34
10.82
13.68
14
10.55
11.97
15.83
15.39
9.02
5.49
13.86
14.37
4.28
6.1
4.03
2.36
8.48
9.46
6.86
4.24
11.69
12.35
10.31
5.41
10.75
11.81
8.04
-1.33
7.93
11.99
14.3
13.77
7.02
2.76
10.29
7.4
-2.44
7.69
3.89
7.36
9.3
-5.85
2.69
5.18
9.08
5.58
12.05
8.81
2.6
7.06
2.3
5.89
4.79
12.88
10.67
10.16
14.05
12.22
12.4
14.58
13.97
8.91
-1.97
-3.35
8.99
12.62
9.92
7.84
10.87
13.23
13.5
8.94
11.06
11.63
1.08
4.46
11.49
10.01
0.6
12.88
10.72
-18.96
9.5
13.56
12.78
10.69
11.12
9.71
5.24
7.57
5.34
-0.5
10.69
12.14
8.27
6.98
-4.41
5.79
3.48
2.59
5.08
9.96
7.25
9.42
6.77
8.21
8.23
11.74
14.66
10.61
-4.48
11.08
12.1
7.71
-1.47
4.42
5.52
-1.57
2.71
1.97
8.72
4.15
-3.15
8.42
9.62
1.58
7.92
12.71
9.87
8.39
9.79
13.64
14.51
9.38
6.76
-5.62
8.79
7.33
9.06
11.39
11.78
10.69
11.72
12.96
15.49
15.37
11.84
9.56
5.82
6.03
0.23
8.66
11.53
14.84
14.2
5.07
2.12
12.34
16.11
16.29
11.55
-5.11
-9.16
11.32
14.13
13.83
15.95
13.79
9.63
12.42
12.89
12.45
-0.78
14.8
14.49
6.71
14.51
16.12
16.56
15.37
11.04
-1.47
5.12
12.91
15.58
15.04
14.18
12.16
6.36
10.82
11.68
5.31
4.25
3.69
0.39
10.84
12.41
12.97
9.91
12.05
9.74
2.96
9.99
9.58
6.43
9.39
7.82
-3.06
4.1
5.52
9.4
13.06
12
5.81
-1.08
10.71
17.71
16.52
8.97
9.7
2.07
8.18
6.61
6.65
9.75
7.93
12.25
12.39
7.65
3.68
1.75
4.35
6.77
3.96
7.95
11.35
13.15
13.28
10.54
8.48
3.71
-3.55
3.41
2.15
-10.3
1.25
17.05
21.51
23.23
21.92
12.04
12.66
16.31
21.34
20.31
14.81
25.98
27.06
22.75
22.42
23.68
22.12
22.23
22.38
20.84
21.38
26.04
27.78
24.12
22.63
24.14
23.57
19.27
13.28
-5.32
16.45
17.86
-7.05
9.52
15.19
22.27
25.1
24.96
21.94
22.72
22.24
17.59
11.27
20.46
18.43
14.88
15.24
17.21
19.96
13.51
11.54
19.36
22.24
24.59
22.25
29.94
31.41
27.95
18.59
14.62
16.51
19.27
19.61
13.93
18.51
22.96
21.7
16.36
12.9
18.58
9.59
23.53
24.48
17.58
15.53
13.68
16.27
17.48
17.59
15.16
14.09
22.22
18.36
16.25
13.2
24.46
26.44
25.69
19.08
16.18
13.58
12.49
15.48
22.45
23.49
17.61
8.97
21.64
24.77
20.87
14.75
12.67
17.51
19.55
20.75
18.01
17.84
22.09
19.74
2.21
10.97
19.51
18.4
7.26
13.51
4.05
-1.77
5.04
12.65
17.24
20.37
21.48
22.77
27.18
26.93
21.88
18.57
2.17
17.43
17.2
21.41
24.93
20.51
16.2
17.4
24.07
29.13
26
13.8
10.87
5.66
14.87
14.48
11.21
16.96
22.14
24.73
24.88
23.27
24.83
23.03
16.47
10.95
8.83
11.78
16.11
9.68
15.02
20.48
19.78
20.06
25.05
25.85
25.15
25.78
25.1
17.12
19.24
19.72
22.57
24.15
22.18
27.82
27.74
21.79
13.02
10.74
21.32
24.83
23.17
21.03
24.99
27.02
23.55
19.89
18.98
3.07
11.31
26.44
28.96
21.77
19.71
22
17.64
5.78
22.12
25.16
23.2
19.09
19.63
14.86
19.11
23.18
23.94
19.62
22.45
26.81
26.6
18.03
15.28
15.79
-3.83
6.81
13.69
13.64
16.05
19.03
26.78
24.69
17.89
22.76
22
18.82
16.78
7.95
18.28
19.95
18.35
19.09
9.54
14.44
-5.61
17.31
22.92
20.33
20.1
23.13
22.82
15.55
20.77
26.21
23.76
22.38
20.96
6
15.99
22.24
27.1
26.43
19.53
16.47
28.11
28.69
21.37
17.17
21.07
19.54
16.62
17.93
25.59
23.78
20.6
27.39
29.48
25.59
21.57
15.07
16.04
18.1
17.31
15.49
-1.39
9.86
18.12
9.22
20.25
22.35
12.45
18.19
18.37
25.3
29.35
28.21
24.26
23.18
27.45
26.24
10.11
12.94
13.92
10.9
22.94
24.25
12.35
12.48
18.71
24.75
20.7
13.98
19.54
20.41
21.38
22.35
20.77
23.22
22.37
21.46
20.67
13.29
6.29
6.94
12.46
18.62
14.52
19
27.1
25.59
3.59
15.59
9.35
10.7
15.76
16.14
9.6
13.43
12.24
11.75
17.05
15.42
-0.36
17.87
18.33
5.35
15.07
13.61
13.47
12.35
1.75
-1.85
0.16
9.22
11.5
8.64
7.52
18.44
19.32
17.5
22.68
24.25
18.75
5.32
10.82
7.3
14.41
18.87
19.34
19.87
14.95
4.1
12.19
17.37
18.05
16.3
15.94
16.28
16.06
10.6
14.02
7
8.23
9.1
3.66
10.77
11.24
11.4
16.77
16.75
11.75
2.63
2.58
0.38
10.09
9.48
12.31
16.8
15.1
6.51
3.88
8.22
-3.26
8.45
11.25
7.5
3.11
6.73
9.13
10.72
14.3
13.64
9.11
8.51
12.22
15.31
11.35
9.54
9.78
14.47
14.95
15.16
8.38
10
17.45
21.81
26.75
24.76
13.12
4.34
15.65
22.34
23.16
17.86
12.51
12.35
15.25
20.62
20.11
19.87
18.79
9.19
13.83
10.57
17.15
20.29
19.61
15.09
22.44
20.28
15.21
20.65
20.63
15.95
15.77
14.08
18.46
19.4
12.29
13.39
18.71
16.08
16.01
21.12
17.89
12.26
21.58
21.16
17.26
18.62
16.89
18.78
19.38
13.06
15.87
23.06
29.11
29.32
21.13
22.12
20.5
13.05
16.46
19.19
20.23
21.73
16.7
13.45
14.92
25.16
26.95
26.06
23.26
17.16
18.16
20.1
16.6
20.58
24.5
25.22
15.72
16.17
18.49
21.9
26.05
26.04
16.93
17.25
4.28
22.01
21.93
4.64
15.69
13.2
6.12
11.07
16.67
22.99
26.37
25.37
23.32
21.4
20.13
19.08
10.19
17.59
25.18
25.41
20.24
18.76
16.36
5.77
20.63
25.92
27.77
24.87
12.7
17.85
9.8
14.04
11.5
8.98
17.3
14.91
14.62
18.07
14.29
19.15
24.08
26.2
24.23
19.19
20.93
15.87
10.54
17.45
19.76
14.23
20.64
17.52
18.33
24.03
26.99
27.66
24.83
20.34
18.63
19.11
24.82
26.86
25.12
20.48
17.43
24.12
24.41
16.55
12.4
18.06
18.87
17.58
14.28
20.69
23.74
19.26
15.69
19.86
25.4
26.4
24.53
25.96
25.32
20.45
17
18.05
14
6.76
14.34
16.88
20.11
22.36
23.67
21.97
23.01
25.67
23.43
22.88
23.86
23.47
23.79
21.05
21.84
21.29
12.69
13.22
15.04
20.62
18.54
14.18
19.75
21.67
23.27
22.15
14.74
19.45
22.14
22.7
24.87
25.76
22.3
18.35
1.15
12.58
16.01
20.57
21.64
23.02
23.13
24.2
25.27
24.79
20.96
17.61
22.6
25.58
22.88
8.33
19.05
17.75
14.68
19.98
22.18
20.96
15.94
12.02
16.79
18.53
16.09
18.74
20.69
23.91
23.18
17.64
6.54
5.95
10.89
18.04
20.32
25.31
24.28
19.25
28.2
29.48
27.31
24.84
16.56
15.53
20.14
23.18
23.51
24.17
24.09
21.08
19.1
19.96
15.2
5.21
0.61
7.09
6.85
12.55
12.65
16.77
19.19
19.07
20.67
23.91
27.45
27.1
22.36
20.47
19.06
20.89
18.86
19.14
15.98
21
20.89
12.43
8.19
13.98
23
24.8
21.57
14.74
9.41
15.76
14.58
-4.5
16.43
20.31
15.99
7.23
9.46
23.47
28.73
28.26
23.72
17.42
9.91
13.55
18.03
17.32
17.86
22.5
23.35
19.73
12.72
23.75
25.45
25.53
23.96
20.66
20.13
23.93
23.3
14.67
11.63
12.83
10.91
16.04
18.12
18.2
13.63
8.21
17.07
10.79
8.18
18.7
19.37
18.81
20.28
18.52
19.11
18.64
13.46
6.67
16.79
20.38
20.03
17.06
9.6
10.83
17.67
18.69
15.29
20.27
23.06
24.85
23.4
19.55
23.2
26.74
24.88
19.42
15.95
17.53
18.37
19.32
19.17
19.4
13.48
15.77
20.08
13.05
15.59
16.67
16.75
15.86
20.55
20.33
14.7
13.44
17.69
17.72
15.27
20.79
22.16
22.4
21.81
23.41
23.79
20.87
20.24
15.26
20.16
16.86
21.24
25.04
23.66
11.08
16.43
20.1
18.48
0.85
10.42
-3.04
12.57
11.28
17.4
23.48
24.42
17.1
19.33
24.69
20.19
8.71
16.88
17.78
18.31
18.73
17.69
3.15
15.5
22.22
23.39
23.01
14.68
21.63
22.33
12.66
8.47
12.79
17.73
15.68
9.08
20.09
22.17
21.33
17.74
20.56
13.3
20.25
26.26
26.16
21.8
6.38
18.81
20.55
20.47
10.88
13.92
18.12
12.88
17.68
18.69
16.28
19.92
19.5
12.09
19.23
23.73
26.62
27.15
23.5
19.6
21.07
20.93
16.42
12.67
15.51
15.62
17.37
19.74
14.05
15.61
9.96
20.93
17.88
20.13
19.5
20.04
19.61
17.65
18.17
11.82
19.62
22.74
18.78
11.35
22.98
18.07
11.38
16.1
7.11
23.22
24.73
19.57
11.96
6.16
16.01
21.18
23.93
24.49
17.26
8.79
13.25
14.85
10.65
18.07
23.53
17.4
19.26
15.55
11.05
9.03
14.05
16.99
16.46
16.81
22.24
22.98
21.71
19.76
8.86
15.94
25.94
32.93
33.22
25
2.92
12.54
17.74
14.78
16.79
19.69
22.28
27.58
30.22
26.64
17.11
19.17
20.34
19.06
24.41
26.41
25.77
31.23
32.53
27.93
24.21
28.54
30.53
26.83
16.56
14.37
20.66
21.64
17.26
20.13
23.24
22.7
24.21
20.85
8.77
19.83
17.43
20.29
21.87
22.75
20.44
17.17
37.04
44.08
42.46
31.99
19.6
18.81
17.73
16.97
17.09
10.68
17.47
7.23
16.42
6.72
20.48
25.16
25.08
26.94
22.11
19.41
20.78
11.15
14.38
14.88
20.92
18.61
15.46
14.07
23.34
40.37
45.17
40.58
19.43
21.67
17.69
23.04
21.24
12.01
13.05
11.46
21.1
18.08
20.31
20.41
16.72
19.47
23.46
26.08
25.99
25.49
31.71
34.37
30.22
24.76
25.02
24.51
20.25
11.85
13.45
17.43
15.75
16.52
16.62
24.12
23.31
20.37
22.83
19.81
2.25
9.1
18.51
18.62
16.23
15.45
18.33
18.79
20.23
21.98
27
27.26
16.24
34.07
42.44
40.86
28.67
21.52
23.52
24.17
24.46
25.39
25.58
23.27
24.67
30.35
29.44
17.31
18.18
20.28
8.58
18.33
20.68
6.51
22.3
26.52
26.94
22.83
22.36
20.85
18.31
10.69
35.62
45.19
45.78
37.55
25.86
26.85
15.99
16.01
6.67
12.27
10.54
13.54
20.96
18.16
9.22
15.92
18.11
10.34
20.03
26.18
24.76
5.84
22.34
20.56
24.45
22.28
14.27
16.31
18.08
14.64
20.07
21.76
23.9
18.85
23.79
20.64
22.84
25.13
17.97
18.97
21.95
25.8
23.89
16.58
16.98
23.32
17.18
10.43
15.37
22.03
19.9
20.13
18.33
37.83
43.11
38.99
22.02
8.84
19.69
27.03
28.06
18.98
23.52
23.82
22.54
24.12
21.85
12.82
16.04
13.59
14.78
16.21
1
18.46
19.34
19.44
15.85
5.12
5.66
14.01
18.13
15.77
20.61
24.7
21.65
14.42
19.79
19.72
34.7
35.62
28.21
21.86
21.82
17.84
23.26
26.68
19.08
26.66
30
23.18
17.77
20.43
22.04
24.82
24.02
19.15
9.05
14.18
17.62
16.12
24.74
23.44
10.12
25.87
26.24
21.95
23.94
28.67
26.11
20.08
25.16
29.61
28.11
21.81
20.92
32.38
35.97
34.96
32.18
27.49
28.56
30.09
28.5
28.18
25.48
35.66
39.63
35.44
23.7
28.61
35.24
35.53
31.78
35.4
38.78
32.14
27.02
26.97
28.31
30.82
23.56
21.2
24.51
16.43
28.07
15.28
28.86
20.06
29.07
33.37
31.59
22.29
30.05
31.47
28.35
29.38
33.13
33.64
29.58
25.28
16.79
23.21
22.38
25.41
29.82
28.41
28.62
27.91
25.5
26.5
27.9
28.49
33.46
34.04
30.16
28.52
32.39
34.66
36.05
35.3
31.03
27.62
25.52
29.09
28.09
17.88
24.09
20.23
27.1
31.43
33.58
34.25
34.57
48.95
50.78
43.95
32.13
29.49
31.76
35
32.99
26.3
26.55
39.22
45.63
42.75
30.73
29.73
30.64
27.2
27.58
32.09
35.7
35.92
33.26
25.16
28.96
34.51
35.88
34.4
30.18
25.13
25.45
31.65
32.55
27.85
22.99
29.2
32.88
27.72
24.16
26.07
27.48
30.51
32.47
28.62
30.24
31.79
29.6
29.19
30.25
30.61
32.1
30.19
30.84
31.02
27.74
27.31
26.48
28.43
32.61
32.45
28.28
28.35
26.05
26.83
27.2
30.59
30.16
29
32.24
30.89
30.59
33.92
35.63
34.55
31.24
25.21
16.29
15.57
21.72
31.05
33.1
31.45
31.04
29.06
28.54
30.19
32.74
30.76
26.3
31.3
33.07
31.81
28.69
25.67
22.05
23.43
24.2
20.27
19.34
23.79
23.78
22.07
20.56
23.13
18.06
30.18
27.43
24.69
23.5
25.97
14.18
28.84
29.08
27.42
19.23
18.22
18.84
14.16
16.43
16.83
23.77
18.13
1.44
26.68
26.62
29.38
26.26
14.61
6.68
8.15
25.69
25.38
17.36
19.68
19.04
20.81
16.7
13.94
24.85
28.56
29.06
28.52
29.04
30.73
30.81
31.65
33.48
28.37
17.2
14.07
19.78
23.05
32.05
35.65
31.48
11.48
26.51
32.49
32.84
31.21
27.39
24.58
24.97
23.3
21.74
24.79
24.82
25.5
26.03
24.11
23.84
25.6
28.39
23.51
15.12
17.84
21.08
30.94
30.86
22.19
19.74
21.49
24.44
28.71
28.09
19.8
20.69
29.93
25.37
25.02
15.39
24.67
25.96
28.56
29.98
26.42
18.85
15.64
21.92
20.92
24.66
29.75
26.8
21.22
11.94
21.85
24.82
23.37
18.79
21.47
22.97
24.1
21.06
19.88
26.36
30.96
30.84
24.42
18.33
25.69
25.84
14.04
21.53
26.15
21.51
13.17
8.81
25.01
24.9
-4.72
22.03
20.82
21.45
22.44
23.93
24.16
17.41
19.29
19.04
16.03
24.09
26.75
25.64
20.12
26.82
21.43
12.12
12.34
25.84
27.39
6.36
20.32
19.33
16.66
16.95
19.27
15.85
22.17
18.28
22.12
15.98
23.17
26.34
23.41
19.81
11.77
25.19
27.27
25.17
25.17
24.51
23.68
18.93
8.89
16.32
15.01
19.7
26.71
29.27
24.53
27.73
28.06
25.3
23.7
26.07
30.18
30.86
26.59
21.63
21.34
23.95
27.58
28
23.9
18.55
19.87
21.03
18.03
23.18
25.72
21.92
16.92
16.75
16.29
13.36
15.84
21.02
21.76
17.64
14.57
18.96
17.98
14.56
8.99
14.03
23.04
20.91
13.36
21.11
16.41
19.84
25.53
27.52
22.46
15.83
17.08
19.28
24.05
23.83
24.09
28.09
28.36
22.72
19.4
27.06
26.16
18.17
6.4
20.21
24.54
22.55
17.75
15.62
11.34
-0.17
17.4
24.45
22.87
17.29
16.56
17.85
25.69
26.63
26.26
24.39
19.24
19.54
24.93
28.57
27.34
22.09
17.12
21.3
26
27.08
28.4
24.92
25.21
27.46
25.06
20.91
22.22
23.5
27.13
30.08
29.36
27.86
26.77
23.67
12.91
21.6
21.77
17.67
23.88
16.15
13.84
25.55
27.63
23.92
25.99
29.73
27.18
28
29.48
26.79
30.1
31.61
29.54
25.23
21.11
24.9
26.31
26.5
22.78
24.48
18.44
3.7
12.42
17.45
20.97
10.76
25.17
27.1
23.84
24.6
21.29
22
23.66
17.11
24.47
31.41
33.2
28.67
19.32
20.23
17.21
23.15
25.79
18.95
23.93
29.9
26.35
18.73
24.3
28.59
27.95
24.96
24.01
17.63
23.14
23.85
12.34
24.74
27.75
22.85
16.52
16.97
19.82
25.65
27.2
22.57
19.43
24.3
23.88
13.36
27.69
29.83
22.01
19.96
1.83
26.3
28.53
24.66
25.61
18.61
17.05
16.02
23.54
25.81
25.77
19.14
13.97
13.24
20.01
19.8
20.88
20.47
26.56
20.94
17.07
20.26
21.39
19.14
20.56
25.78
26.1
22.73
12.74
21.04
25.2
16.67
23.04
24.58
17.98
15.4
19.81
21.75
20.59
17.92
18.5
25.67
24.34
9.73
16.48
18.56
23.44
21.94
14.38
26.2
26.39
9.16
21.31
11.84
24.55
24.08
14.33
16.72
19.54
8.16
21.43
24.76
26.13
18.71
22.82
17.62
19.41
22.42
13.63
18.96
8.47
20.97
20.71
15.45
19.9
-11.38
14.81
5.26
19.59
23.73
19.72
10.64
18.41
22.08
22.3
21.64
24.34
19.05
15.01
8.62
13.15
17.59
19.41
19.92
16.91
21.21
14.9
21.51
24.82
10.68
21.2
7.69
20.5
21.05
19.25
22.16
23.32
22.06
22.3
19.29
15.21
10.95
10.68
2
13.72
19.86
19.86
12.17
19.78
25.38
24.06
21.34
18.26
14.09
16.77
19.76
13.85
11.11
16.49
21.15
24.73
26.4
26.19
23.79
16.34
10.58
21.7
22
17.77
21.78
24.64
21.19
15.27
18.13
17.81
19.75
21.53
20.46
14.65
7.18
15.25
20.23
21.52
20.03
16.58
5.02
14.87
12.41
15.6
17.84
15.76
17.93
17.43
0.71
17.52
19.2
21.55
23.89
21
21.7
24.7
20.95
15.24
22.78
23.72
15.64
17.17
23
24.2
18.96
16.36
21.48
21.15
18.06
19.75
20.54
16.61
17.59
19.05
16.03
7
8.83
18.85
24.34
21.77
12.67
18.65
15.46
15.05
25.27
28.23
25.82
23.37
19.94
6.44
13.46
20.76
22.58
21.46
17.85
17.56
22.38
20.6
22.44
28.06
27.61
23.8
20.45
23.09
24.81
20.89
15.01
22.41
24.54
18.03
15.63
18.89
5.58
19.72
15.81
14.43
13.61
16.05
15.65
20.17
23.55
20.41
18.71
19.04
22.83
20.38
14.97
23.96
23.48
21.23
19.11
8.98
17.9
24.15
23.08
18.41
15.65
19.26
20.88
20.61
22.98
26.45
21.62
3.79
20.88
22.85
25.42
23.35
17.4
17.06
21.71
24.56
23.42
21.51
23.08
21.2
14.4
18.85
23.56
19.9
17.74
5.82
21.19
21.61
15.6
10.92
17.96
24.86
25.36
22.76
22.38
18.43
14.88
19.97
15.95
24.11
28.14
28.48
21.04
14.16
15.6
26.3
27.76
28.51
24.88
19.88
11.67
19.66
6.65
20.78
24.93
23.32
21.57
8.84
24.91
26.26
22.71
15.09
20.18
14.48
17.39
13.83
9.5
15.97
19.95
24.28
21.99
-4.85
20.01
22.88
23.34
22.11
18.28
18.41
21.87
20.47
13.81
13.5
21.39
20.56
21.63
18.78
15.6
10.74
18.95
23.21
25
26.03
24.1
25.28
21.76
18.95
13.58
12.2
18.9
21.91
20.11
13.63
20.15
12.31
19.7
20.79
19.13
24.52
26.83
25.5
21.47
8.96
20.25
28.68
27.9
18.52
16.93
15.72
18.62
24.1
23.33
19.89
18.2
21.22
21.59
20.28
19.96
20.79
18.7
25.68
25.99
25.61
16
17.23
19.53
16.25
11.93
5.34
20.44
24.43
19.98
20.8
30.91
31.38
24.04
24.16
33.78
35.83
27.5
21.14
25.11
22.77
21.8
12.13
23.61
19.95
17.47
22.97
21.17
18.65
24.05
19.19
21.12
24.11
20.02
6.9
7.69
15.29
19.44
19.62
17.27
17.7
12.89
19.52
8.28
21.16
22.82
20.36
19.67
21.1
24.49
24.23
17.34
7.6
18.13
21.74
19.93
17.68
20.06
21.51
10.35
23.19
20.16
15.73
24.69
25.15
23.08
18.87
25.3
22.24
19.03
19.46
16.09
23.15
23.64
22.51
22.64
19.11
19.84
14.34
20.89
22.13
23.73
19.34
23.24
23.52
3.99
21.8
20.88
15.33
16.74
20.51
19.92
18.15
11.86
12
16.64
16.45
14.06
20.87
22.8
18.46
9.39
8.77
9.99
11.29
14.08
14.46
16.36
21.37
21.73
18.24
22.25
20.87
7.13
16.38
13.79
17.14
20.94
21.85
21.08
16.05
23.99
23.39
15.65
11
15.26
20.02
24.36
21.17
15.19
16.03
16.76
21.02
23.37
16.43
19.21
18
14.2
23.92
20.85
13.03
20.52
23.84
23.33
23.5
22.65
13.13
16
16.59
17.17
16.11
10.11
16.71
6.35
6.96
14.3
19.35
20.96
8.8
11.95
24.89
28.05
26.79
21.24
4.57
-3.33
15.49
18.7
18.62
20.83
17.73
21.1
17.1
15.52
19.13
12.54
22.76
26.15
22.77
19.81
21.41
21.88
21.45
16.38
18.01
22.18
20.2
18.49
18.39
16.36
8.62
7.05
15.13
16.13
15.23
19.67
17.83
12.1
19.46
15.78
13.74
21.09
20.34
16.84
17.45
11.21
11.52
-5.72
9.44
-0.96
18.19
21.89
-18
24.19
22.07
20.22
22.22
16.54
13.86
16.75
16.63
14.24
13.71
18.51
19.43
16.85
17.1
20.74
19.58
14.17
18.11
18.79
18.66
16.64
-0.19
15.2
15.26
16.71
20.81
22.95
20.97
20.14
19.93
11.81
12.31
21.99
26.51
24.9
16.36
-1.42
6.26
15.56
16.6
16.65
15.67
5.59
6.3
12.32
18.76
20.51
19.61
17.56
16.61
17.44
20.41
20.65
14.74
9.41
11.43
19.1
13.55
17.78
17.6
18.32
20.4
19.45
17.5
14.07
16.24
18.3
18.6
14.47
11.18
16.32
17.99
14.6
17.61
16.72
10.41
10.99
-12.74
11.54
13.64
18.42
18.5
14.59
15.05
17.09
18.34
20.65
20.19
15.35
10.09
9.86
6.68
11.78
16.85
18.95
20.28
19.2
10.36
11.25
17.81
19.15
-5.73
15.94
6.23
13.56
16.6
15.56
11.72
13.85
11.69
19.11
16.91
15.6
17.92
18.65
16.28
19.75
22.92
18.82
8.08
7.57
16.39
17.97
14.26
18.67
15.64
11.25
18.2
11.89
1.07
11.26
8.85
7.53
17.51
19.99
19.58
13.71
9.96
3.26
12.04
19.07
20.9
17.6
7.6
-3.05
0.31
15.01
18.58
16.63
11.86
7.01
6.14
13.1
5.9
12.6
18.47
16.25
9.93
13.59
16.27
16.59
13.34
12.07
12.23
10.22
15.81
13.99
5.89
4.38
15.2
22.45
21.18
14.54
14.18
16.02
8.57
10.95
12.98
13.39
10.98
14.72
12.13
-2.28
-8.27
8.61
14.73
17.14
20.31
20.92
17.38
14.61
13.32
13.14
17.76
19.9
19.02
17.08
13.65
11.53
13.53
14.58
15.98
17.1
15.97
15.83
13.89
7.42
8.86
5.9
0.06
4.92
8.7
12.92
10.27
-1.97
12
8.51
12.02
14.57
12.05
3.74
0.91
7.62
10.64
16.89
20.27
20.38
18.44
13.63
9.55
12.94
14.5
14.96
9.69
13.81
12.5
8.81
16.86
21.78
21.14
20.15
20.4
19.38
17.26
16.7
0.05
14.79
12.56
19.03
22.66
20.56
14.51
8.63
10.56
19.24
20.5
18.42
13.75
9.33
11.84
2.69
11.54
17.11
15.65
13.52
13.01
11.59
14.75
13.88
11.1
12.67
13.29
17.73
20.59
18.33
9.38
10.05
15.55
9.75
9.55
5.91
14.52
13.57
13.17
15.28
10.05
11.53
15.39
13.03
13.96
16.84
21.29
20.99
18.31
17.66
14.87
12.78
11.36
13.5
15.4
17.69
21.5
22.29
17.52
14.85
18.32
9.21
14.83
19.01
21.54
20.95
19.24
18.63
17.09
17.97
18.97
18.58
17.19
15.63
16.92
11.11
14.63
14.06
13.04
14.34
19.05
20.76
19.71
16.07
-6.77
12.23
11.9
10.73
14.91
21.71
22.65
21.03
18.23
17.09
10.45
19.46
17.22
11.21
14.9
23.57
23.73
20.47
16.05
16.38
21.14
19.23
18.05
21.73
18.14
10.08
14.76
16.19
18.81
20.44
17.5
4.95
8.13
20.73
22.99
17.93
14.32
13.24
10.64
11.6
11.2
9.71
14.6
18.63
12.77
9.11
7.65
11.54
12.44
14.14
15.94
15.09
8.96
16.02
19.55
18.86
13.43
14.02
3.95
10.41
6.32
11.45
6.65
6.04
7.12
19.27
21.25
16.1
11.45
15.88
10.64
3.45
4.22
17.25
18.89
13.03
13.26
19.21
20.19
13.49
9.38
7.73
-6.51
12.72
13.79
3.02
14.7
18.92
20.9
21.45
16.59
5.68
13.67
18.65
14.12
9.06
19.31
22.28
18.28
13.88
7.27
9.96
14.78
15.25
14.15
11.15
14.39
18.89
19.52
13.86
8.02
12.49
17.34
16
6.19
14.55
18.77
10.69
6.96
-1.65
10.21
7.24
11.85
14.83
13.26
13.35
18.54
19.52
21.03
24.19
22.33
18.87
9.67
11.46
14.93
17.93
13.47
6.28
17.82
17.97
14.9
12.65
8.58
17.16
17.66
10.96
11.97
12.64
13.43
15.45
10.08
14.89
16.59
11.43
14.17
15.43
11.92
11.93
13.75
17.15
14.14
9.49
12.45
14.36
1.62
14.51
15.19
13.27
20.44
19.09
7.53
-0.96
8.82
13.27
12.6
17.82
18.35
10.75
6.69
4.28
10.02
2.74
11.15
16.89
15.66
16.86
21
17.98
7.99
14.3
17.99
16.87
16.75
16.4
9.34
12.03
13.2
9.78
5.04
13.01
14.21
9.72
14.69
15.09
12.69
10.97
14.1
12.02
12.48
4.78
17.05
18.96
12.53
13.77
5.25
12.22
8.91
19.56
17.62
9.35
17.71
3.39
19.41
17.74
17.33
18.71
14.04
11.68
7.88
12.25
14.73
-6.2
13.38
8.84
14.09
19.59
14.28
12.14
14
17.91
18.65
10.43
-2.43
4.21
15.78
22.53
17.64
10
14.56
11.69
15.57
12.32
13.27
13.33
15.65
19.24
17.57
7.82
7.2
8.16
11.8
9.47
17.79
19.52
14.04
8.13
9.13
19.19
16.6
19.1
13.4
22
24.47
22.54
22.4
25.48
24.74
20.45
15.06
15.05
15.22
6.5
6.25
14.5
17.46
17.64
7.87
10.61
12.55
15.35
13.09
16.8
21.58
21.48
18.03
15.35
20.76
17.75
6.78
20.81
22.75
13.52
13.06
12.54
16.74
14.31
15.14
7.59
6.84
9.24
14.03
5.63
18.18
16.91
15.53
14.54
9.87
21.25
20.02
6.64
13.33
5.62
13.05
2.76
19.7
22.78
19.09
12.85
13.96
20.63
20.64
7.58
18.36
19.59
15.55
13.05
18.6
18.46
7.5
13.32
-0.16
16.83
23.35
24.73
18.45
13.82
17.72
12.59
14.67
19.14
16.06
11.22
18.18
4.29
19.55
21.01
21.62
23.12
22.47
15.72
-5.31
9.78
12.23
4.05
0
8.92
14.93
21.82
18.82
17.58
9.83
10.87
8.6
17.51
19.89
15.71
-1.75
8.97
-0.72
12.34
3.4
19.71
24.5
22.91
11.16
8.37
10.08
17.11
16.04
11.9
13.29
20.1
22.21
18.32
19.34
20.34
8.2
17.61
19.7
13.85
15.74
0.83
14.38
17.27
10.49
13.94
20
19.17
16.63
17.96
17.62
14.37
16.93
15.32
13.19
19.27
19.52
15.94
13.36
19.01
13.68
14.77
14.42
10.28
12.42
11.6
18.42
18.75
16.73
19.55
19.28
15.6
13.7
10.47
7.3
18.99
22.85
21.97
19.17
20.5
20.86
17.41
6.21
16.29
20.02
18.83
16.02
21.66
17.92
13.16
5.06
19.88
18.21
2.18
2.97
6.7
0.06
12.27
9.18
7.25
12.38
6.25
10.57
13.83
20.86
23.5
21.77
18.74
10.94
14.2
12.92
8.24
12.59
2.38
14.79
9.61
15
19.46
14.74
8.08
10.26
14.74
22.37
20.94
13.63
17.62
19.98
13.81
16.7
21.06
18.8
13.47
14.73
8.56
2.04
7.58
13.55
18.17
18.13
11.05
7.5
18.22
20.57
14.93
16.49
16.48
12.96
16.1
15.62
12.79
9.44
5.44
8.64
14.52
6.1
8.95
11.91
8.6
15.42
18.28
14.34
15.06
15.83
13.87
12.01
13.43
5.92
11.99
19.35
17.16
14.96
13.88
12.75
15.16
14.63
3.77
9.48
16.28
16.23
19.63
23.1
23.79
21.26
15.99
12.74
2.47
18.07
18.93
14.4
-11.74
7.1
11.71
6.74
8.72
6.04
16.38
17.35
15.56
15
19.06
16.74
-3.44
6.13
7.19
6.01
6.77
12.08
20.29
21.4
17.06
11.21
11.48
12.71
10.35
13.19
9.2
14.13
16.94
3.05
14.54
16.7
16.41
20.65
19.75
12.8
16.19
11.57
2.84
-8.88
-4.57
8.63
18.38
21.05
21.69
20.6
19.39
15.25
11.45
16.76
15.87
18.97
20.48
15.72
9.21
14.88
13.94
16.97
15.41
11.85
15.95
19.36
21
19.2
9.65
18.62
20.85
16.83
-3.62
9.84
2.99
13.23
13.67
14.73
16.6
12.14
9.89
13.09
16.6
16.73
11.72
-7.43
13.88
15.95
1.94
8.87
8.84
13.35
16.96
17.29
16.17
13.33
9.19
15.15
12.42
14.07
15.59
10.66
3.32
13.13
20.43
21.04
20.52
17.17
9.25
13.51
16
14.94
8.68
10.26
13.76
13.11
5.52
-1.84
9.19
7.46
9.04
11.52
15.56
14.31
10
9.96
6.72
7.6
15.06
16.02
17.31
14.17
15.03
14.12
18.35
19.42
15.78
8.22
11.17
6.06
8.71
11.73
16.02
20.2
18.36
8.53
6.26
8.22
3.11
1.4
11.98
7.4
8.03
12.1
15.72
19.68
18.97
11.78
7.17
6.31
2.57
1.32
11.19
13.9
14.14
14.03
5.48
4.76
10.4
11.18
-0.75
-2.35
12.13
15.68
9.1
14.88
17.62
10.79
13.97
14.93
5.64
9.08
19.02
20.33
11.62
9.04
9.7
16.77
20.62
17.31
14.56
17.78
14.03
8.04
14.47
17.18
12.68
15
16.58
20.64
22.45
20.17
15.66
14.63
15.23
15.22
16.96
17.68
18.73
17.5
-5.27
13.94
8.62
12.1
20.45
21.46
16.78
8.33
11.67
15.91
16.83
17.88
19.2
20.87
14.98
5.69
15.32
10.68
11.74
15.82
10.08
4.32
9.84
12.38
13.87
11.7
2.51
12.5
15.89
16.53
15.6
4.75
9.84
13.56
12.48
14.08
20.3
18.38
6.93
13.69
7.96
8.22
6.92
14.85
15.74
16.43
10.81
12.14
11.73
3.18
9.25
15.12
13.78
11.76
14.98
16.91
15.81
19.69
17.26
13.24
12.72
-3.98
12.86
14.41
14.17
13.88
14.97
13.84
14.55
12.78
8.87
5.99
-0.43
7.2
5.01
15.59
17.46
14.24
15.13
18.12
16.51
10.34
13.4
8.57
6.87
0.94
10.56
10.07
5.72
9.75
3.06
-4.08
10.37
14.23
7.4
10.28
-10.3
12.89
10.18
1.99
13.38
17.43
20.5
17.83
15.21
14.57
7.3
10.81
15.45
13.08
-4.64
12.93
15.31
13.81
14.86
8.16
9.83
12.69
10.98
12.58
6.04
11.04
20.19
20.56
7.62
12.87
9.6
17.57
20.75
19.26
13.8
8.74
12.33
13.69
12.8
10.56
8.67
8.36
8.29
12.88
14.18
13.81
4.82
15.77
16.59
17.04
17.59
14.63
9.62
8.15
6.37
9.29
12.38
11.08
9.56
11.13
8.01
14.59
17.14
15.55
3.43
11.48
11.95
5.5
12.24
8.48
6.71
9.03
7.9
6.57
8.15
10.15
13.73
8.21
1.72
9.96
13.38
6.71
4.87
4.12
8
3.59
15.07
8.56
11.12
13.59
6.76
3.79
6.95
6.56
4.64
8.28
6.09
6.94
5.7
11.81
11.2
-2.53
13.61
14.57
5.42
5.38
0.21
9.28
7.68
8.83
12.66
11.88
9.08
17.4
13.72
5.96
8.75
7.97
4.72
11.37
12.35
12.03
5.37
7.88
10.73
16.49
19.37
17.12
5.67
13.25
10.78
15.33
8.96
14.9
15.26
5.46
13.01
19.46
20.27
15.77
8.07
12.37
8.49
12.65
18.07
17.05
12.11
2.09
0.41
14.74
20.07
21.12
18.22
12.72
8.35
-3.06
10.16
4.6
0.62
6.11
12.73
16.79
14.11
12.7
12.25
7.34
2.28
7.59
10.98
14.65
13.19
11.93
14.06
11.77
10.56
11.88
5.64
-6.66
-3.11
8.57
6.03
9.65
11.89
13.01
11.82
9.17
8.09
6.67
4.65
12.51
16.19
14.85
19.5
19.23
14.08
1.85
-10.78
11.51
17.3
14.92
6.23
9.3
12.92
10.12
9.68
17.16
17.55
17.15
16.86
18.87
15.6
1.46
9.55
9.57
12.96
7.24
13.96
17.18
16.85
18.44
18.3
11.08
5.52
12.28
8.82
6.88
10.48
13.77
14.49
12.53
8.23
10.19
15.75
2.56
11.43
10.28
12.41
14.44
16.65
14.77
10.45
14.3
17.5
8
14.84
18.37
17.55
13.75
10.1
14.56
17.13
17.64
14.21
10.02
9.09
7.98
12.24
15.89
14.87
6.42
12.77
12.16
7.45
13.04
13.73
10.8
10.84
10.11
12.47
19.18
19.05
15.39
13.88
13.86
17.32
19.83
19.27
16.29
18.99
18.92
12.93
8.84
9.71
7.61
12.76
17.06
19.46
20.47
16.89
2.87
10.92
11.73
9.65
11.33
15.58
16.25
17.23
14.08
16.77
15.84
14.49
17.93
17.88
16.1
8.23
-5.2
-15.16
-0.3
10.13
17.66
21.03
19.62
11.4
8.18
9.45
12.52
12.57
0.55
15.65
20.21
18.98
8.11
2.19
3.45
14.93
10.56
16.79
16.14
8.64
13.72
19.51
17.87
13.3
17.76
15.47
9.81
11.31
11.36
14.17
14.96
13.33
9.83
6.09
11.82
12.38
9.61
5.94
10.23
13.6
13.38
5.18
12.93
18.19
19.83
16.79
17.47
16.37
10.15
20.52
20.68
15.95
8.93
13.88
20.38
18.73
14.77
13.38
11.87
2.84
11.36
16.27
13.72
2.98
5.55
14.43
15.37
13.24
15.81
17.37
18.21
16.88
12.12
1.8
11.26
11.07
14.91
15.62
11.5
3.3
5.28
13.11
15.97
13.96
1.8
11.42
14.05
4.88
14.89
18.1
19.86
20.86
20.58
20.1
18.05
15.56
16.95
16.73
16.27
13.57
8.72
4.17
9.9
5.77
8.72
8.99
-0.16
2.96
14.54
19
15.11
1.67
10.67
7.22
0.55
7.84
15.49
17.2
8.5
15.52
18.6
14
12.43
9.72
15.51
12.93
14.82
12.78
6.18
13.78
15.66
15.21
17.81
17.8
17.14
15.14
6.98
11.48
15.04
16.66
18.85
16.21
11.03
11.12
9.91
3.59
12.6
13.63
15.06
15.34
8.85
7.77
9.63
15.7
17.63
16.06
7.33
-8.52
2.2
8.96
11.18
10.22
16.36
15.8
12.93
16.05
16.2
7.4
-6.72
-6.75
8.6
11.58
7.57
10.38
16.79
15.65
8.11
2.58
4.24
7.02
12.41
12.44
5.46
11.74
18.35
15.73
8.88
0.97
6.6
1.75
6.51
9.36
9.77
6.9
7.33
16.49
17.15
13.64
14.29
14.5
5.87
6.52
8.86
11.63
11.46
8.03
15.3
16.25
11.53
11.9
12.63
10.56
8.38
7.45
9.45
13.38
18.17
17.28
16.69
19.22
16.09
6.84
0.61
10.6
16.23
15.2
17.09
17.03
14.76
16.62
13.15
0.11
1.36
7.49
13.06
11.32
12.55
13.63
10.03
8.61
4.29
9.2
8.33
13.51
18.82
18.72
10.49
13.32
14.53
11.31
2.06
9.25
13.69
12.66
12.62
13.13
1.62
6.87
7.27
14.25
11.31
12.44
16.02
9.67
11.69
13.37
16.01
12.81
14.77
16.34
7.27
13.93
12.88
9.73
9.26
9.43
0.98
10.89
6.85
6.97
7.24
-2.45
4.02
6.21
9.11
10.45
5.74
6.6
8.93
-1.63
9.77
-17.43
8.3
-4.56
12.43
15.58
15.97
14.56
11.12
-1.86
9.49
12.57
9.51
10.41
14.59
13.94
2.49
12.55
13.47
12.95
10.46
9.17
13.34
12.41
14.83
12.53
13.14
13.7
10.72
10.79
12.98
15.72
19.54
14.63
1.37
10.61
11.58
14.82
14.71
8.8
9.7
12.79
13.16
16.86
14.42
9.49
15.71
16.56
11.8
8.07
4.87
-1.28
7.41
9.6
9.43
12.36
16.94
19.16
9.61
12.61
14.67
11.41
12.88
16.97
11.66
4.1
4.34
7.09
14.9
13.35
7.06
4.33
-3.01
2.85
13.17
12.76
12.52
14.88
14.89
17.88
17.25
12.62
12.49
4.5
7.9
14.22
15.23
12.09
4.6
4.69
8.68
13.83
8.05
14.78
18.97
15.88
15.93
13.83
2.67
14.33
13.09
10.15
9.24
10.79
13.51
18.14
17.6
14.13
12.45
10.65
6
14.6
9.95
4.53
14.45
17.61
15.27
-5.69
14.31
9.66
9.01
14.85
15.45
11.26
-3.97
11.04
16.02
13.77
10.47
1.84
10.44
12.62
16.35
16.64
6.24
15.45
15.78
7.47
8.42
16.33
15.83
5.3
11.59
17.15
14.24
8
6.95
11.89
15.47
13.32
9.33
10.35
10.09
-2.6
0.77
12.26
16.31
14.64
14.59
11.93
7.6
3.91
-0.6
6.57
9.81
4.09
13.02
15.03
11.49
9.25
10.66
12.46
11.69
6.5
10.58
12.28
12.4
9.03
15.38
15.21
13.1
6.68
5.77
0.91
8.87
13.84
16.86
15.83
12.6
9.53
5.9
13.75
18.83
18.61
10.4
10.52
16.75
16.19
12.34
15.53
16.03
11.11
9.75
10.13
-3.28
10.87
4.03
10.53
12.82
-4.49
12.15
13.96
11.17
7.66
-3.82
13.28
14.81
14.91
14.24
17.22
18.78
16.04
6
10.39
14.57
16.21
17.21
16.96
18.6
15.24
1.65
10.37
8.13
3.55
2.63
4.02
6.85
11.24
14.05
8.74
12.44
15.37
15.27
9.24
12.62
8.86
10.78
10.24
16.73
20.86
15.94
9.79
17.58
18.62
16.3
5.35
8.23
7.55
2.98
7.08
12.41
13.25
9.2
6.1
7.08
4.51
2.47
5.4
6.17
10.79
13.84
15.18
15.63
17.3
16.57
9.32
4.84
5.58
15.73
9.47
0.64
0.03
-5.18
4.28
-1.48
7.07
9.74
8.21
13.21
16.51
17.58
17.71
17.87
15.99
6.8
8.84
15.84
13.59
10.1
16.98
15.02
3.52
14.15
17.62
13.91
13.18
15.73
9.91
7.35
13.99
18.31
17.58
7.93
9.42
-4.12
7.12
12.39
10.04
-8.78
13.94
19.55
18.53
15.43
15.25
15.19
16.97
14.94
4.29
3.51
11.58
14.8
17.27
14.64
8.69
6.43
14.07
8.82
13.62
14.63
14.71
17.67
17.14
12.04
-5.97
9.55
10.8
14.5
9.81
8.47
15.97
17.59
12.26
7.96
10.96
4.54
10.63
9.94
15.63
17.35
13.94
13.21
17.53
16.97
4.82
11.22
9.41
13.99
15.95
16.65
17.03
14.95
8.15
18.27
17.87
18.09
18.79
12.54
3.3
-17.8
10.64
9.32
11.81
17.46
18.29
11.24
-0.73
5.68
8.54
6.23
13.66
8.31
11.13
12.6
1.65
-2.31
1.68
-2.06
0.69
8.29
7.12
4.5
4.46
9.59
11.17
18.06
19.14
15.32
2.25
7.6
10.93
0.79
9.5
14.18
10.72
-2.18
3.69
5.38
13.38
14.07
6.44
-9.53
9.55
11.79
9.1
15.24
17.57
18.99
18.25
13.94
13.72
15.74
11.77
12.24
12.43
2.4
10.04
9.99
5.88
11.18
12.3
9.68
8.52
6.17
1
8.65
13.59
16.36
14.98
7.77
7.63
5.12
2.91
-0.81
-5.31
12.51
12.91
11.22
12.14
5.4
3.12
9.89
12.43
8.91
1
11.73
11.1
11.08
10.64
-12.53
-0.83
1.32
0.31
10.28
11.38
8.42
7.88
16.89
16.99
17.89
19.32
14.26
8.6
6.7
-3.57
6.03
10.03
16.54
15.52
6.81
6.64
13.61
15.2
10.52
10.18
10.06
9.04
6.56
10.54
14.19
13.54
8.93
7.68
1.61
-6.14
2.04
7.53
16.15
18.89
18.55
16.59
13.6
8.02
2.53
6.48
-3.09
8.57
5.9
4.66
-2.87
9.46
8.42
5.8
11.83
9.66
10.96
2.86
0.14
8.03
9.83
10.22
1.25
7.16
12.04
7.74
7.4
1.62
13.15
14.15
11.19
9.49
-0.63
6.1
10.97
15.31
15.74
12.48
12.96
12.44
7.34
12.34
11.7
8.98
8.27
6.23
2.81
3.6
6.04
9.38
10
8.37
13.3
15.47
15.48
11.61
8.16
11.96
4.85
6.06
9.96
11.94
14.36
18.52
17.84
14.72
13.14
13.12
14.28
15.62
14.49
13.5
12.5
11.12
7.23
13.38
17.6
15.77
12.68
5.84
2.51
6.53
9.58
9.29
16.9
17.9
15.13
13.23
3.37
9.9
14.69
11.52
4.65
-7.18
7.6
15.39
17.71
15.03
9.31
6.69
8.81
9.78
14.47
15.86
12.59
4.33
7.07
13.04
18.3
17.05
0.01
9.64
11.93
4.55
8.31
11.43
15.66
14.89
7.65
8.74
15.4
17.94
17.42
15.31
15.63
14.26
4.57
7.39
1.75
10.83
14.56
10.46
2.56
2.64
8.58
13.19
14.86
12.16
8.99
8.04
13.41
11.39
6.36
5.02
9.02
13.13
12.93
9.78
-3.95
12.74
15.99
11.48
13.41
15.3
13.65
11.96
12.69
9.74
-0.18
11.77
14.5
8.33
9.1
8.96
2.83
7.68
11.64
6.12
9.22
9.76
11.4
13.38
16.6
11.41
-19.03
1.04
-5.14
7.1
-1.37
5.96
3.4
2.12
4.64
3.54
-2.76
3.06
2.78
2.26
8.39
12.74
10.5
5.8
9.21
14.68
16.27
15.52
14.59
14.86
14.69
11.92
8.12
-3.71
2.64
2.27
-0.88
7.15
15.54
17.72
16.35
10.81
4.81
8.16
8.14
8.2
6.78
9.26
10.1
11.88
12.34
17.28
18.23
14.11
4.72
4.42
11.39
12.08
12.6
11.48
10.43
5.88
-13.51
4.03
-9.04
9.99
13.26
13.23
15.77
13.72
9.47
8.15
10.2
11.47
6.31
11.93
13.97
13.06
13.99
8.87
-23.11
2.99
10.57
6.34
8.07
12.91
17.25
16.93
11.42
9.4
12.86
13.28
10.89
10.12
11.8
3.26
16.03
13.57
5.55
9.7
14.57
15.36
11.19
14.24
11.51
1.48
13.31
17.06
18.87
18.44
17.04
14.85
10.25
13.74
15.91
15.71
15.8
8.33
9.76
14.19
13.85
16.27
15.85
8.18
6.28
9.2
7.16
11.63
10.2
13.83
17.61
17.43
15.32
12.99
11.17
6.15
12.1
13.99
12.03
9.35
10.27
17.8
19.97
16.36
12.39
14.66
13.26
4.49
5.31
-5.1
-6.15
8.99
9.11
1.97
9.7
13.38
15.11
10.9
9.45
10.18
13.23
14.38
8.66
2.69
4.72
16.2
18.88
14.79
8.46
17.58
17.71
12.21
5.14
5.04
7.74
10.56
-15.86
10.32
14.94
13.42
8.6
11.39
12.57
7.35
-3.28
10.58
12.24
6.24
6.89
7.89
12.39
14.18
0.9
11.12
11
9.18
11.13
12.49
10.63
15.65
18.77
14.67
20.91
18.96
20.43
20.4
17.17
15.48
17.21
16.98
15.16
13.95
12.43
6.16
7.41
-1.63
7.83
4.79
11.81
11.52
8.59
8.6
16.12
13.51
8.09
12.49
14.08
12.52
10.13
-7.65
12.79
15.79
14.92
13.05
8.34
-1.09
10.28
6.02
15.34
15.71
7.72
14.66
17.9
16.26
14.84
17.46
16.15
12.07
12.45
11.86
9.9
13.45
12.96
10.81
11.51
11.3
10.11
13.19
16.38
17.15
15.23
7.85
11.04
5.51
14
17.68
12.37
11.81
18.66
16.1
13.97
12.82
9.79
12.02
17.67
13.98
-5.55
2.92
2.81
7.25
5.57
3.5
9.39
14.64
17.83
16.48
10.34
4.95
2.35
13.62
17.26
17.23
16.2
12.44
19.42
21.28
15.5
-7.87
12.08
17.13
14.25
10.45
9.43
6.36
11.45
11.34
6.98
-4.5
-9.39
2.67
8.57
12.94
15.66
14.23
21.43
22.58
17.75
14.04
15.97
19.84
21.42
20.93
17.88
13.47
6.83
2.32
9.49
12.54
9.91
2.83
12.67
15.74
17.36
19.41
17.31
14.32
16.94
17.08
12.47
-2.02
11.19
12.98
13.31
14.06
16
17.53
18.15
14.88
14.47
16.88
16.26
14.79
13.22
13.97
15.57
15.11
4.53
11.31
15.31
12.3
8.62
4.61
14.55
16.94
15.26
14.35
15.59
14.61
9.77
-10.68
8.34
1.46
3.92
4.91
12.34
14.32
16.33
12.84
15.07
14.44
7.47
17.31
