4.91
7
4.56
1.1
12.17
14.7
11.92
8.53
6.22
-29.14
4.47
8.44
12.33
12.31
9.18
8.36
-3.56
10.3
9.03
8.81
11.2
4.56
9.92
13.97
13.03
8.2
7.39
6.41
9
12.44
8.74
2.82
10.96
14.24
10.78
-3.7
8.87
13.01
6.07
-7.69
5.1
6.2
6.55
14.15
14.65
12.42
12.23
14.98
12.8
11.83
12.62
8.23
7.53
4.33
1.35
7.99
15.3
14.47
4.02
-3.11
6.17
11.58
14.74
14.44
8.41
6.4
11.46
4.3
4.82
3.25
8.31
14.94
16.43
9.08
1.55
10.85
14.28
14.94
12.86
12.53
12.36
15.86
16.84
14.28
10.65
7.83
4.33
4.05
0.53
3.1
0.51
7.85
11.19
6.59
-3.08
0.1
-3.57
12.34
15.05
11.38
5.22
1.39
-3.76
2.34
6.33
10.39
14.79
10.76
1.43
11.57
12.26
9.59
9.43
10.83
9.43
0.14
1.16
9.59
11.19
9.46
7.71
13.69
11.18
5.81
8.87
1.81
8.44
7.16
6.47
9.02
11.74
11.51
5.21
-3.35
-10.41
1.14
8.6
8.82
10.79
9.07
1.64
9.12
4.92
3.25
11.07
5.43
-15.86
2.01
-0.13
10.65
13.7
10.27
14.38
17.65
17.33
14.63
6.77
8.41
9.52
8.33
7.58
9.92
13.26
13.39
3.16
6.43
8.76
10.12
6.77
5.35
6.14
11.17
13.27
9.21
4.31
-2.89
1.95
7.71
6.91
10.89
-0.3
6.14
4.57
11.42
15.46
10.85
5.59
3.79
0.89
7
4.01
-1.1
11.03
12.18
8.1
5.21
9.7
5.86
6.18
-2.55
6.45
2.22
5.88
9.31
13.76
6.52
9.04
15.59
16.7
8.44
9.24
4.76
2.37
11.03
10.79
12.48
16.03
14.64
12.52
11.6
8.03
9.82
11.14
12.16
11.65
9.61
6.21
0.94
12.62
11.59
2.69
4.39
9.29
9.8
3.74
3.87
5.34
7.93
8.52
6.41
6.67
6.29
4.48
6.62
-5.35
11.5
16.02
15.92
14.64
12.77
12.92
7.49
12.52
13.74
9.29
9.19
7.99
1.67
5.46
11.93
10.79
7.26
1.16
8.19
8.18
-10
1.06
7.32
10.07
12.11
12.31
10.04
1.45
-5
13.21
15.63
16.4
15.34
10.31
12.98
10.04
9.69
13.36
12.66
-2.85
8.6
12.13
10.92
8.02
7.93
9.6
9.52
4
7.8
11.08
2.88
2.71
6.4
6.92
-5.17
5.53
6.09
7.79
5.05
2.96
9.35
5.03
-14.24
3.5
1.13
2.49
5.28
8.83
9.76
9.85
11.98
11.1
8.21
15.37
15.26
6.48
12.4
11.19
13.43
14.51
13.42
8.09
7.04
16.69
17.37
12.86
-1.18
3.98
6.71
16.83
14.64
12.86
19.12
18.28
12.91
7.18
8.23
4.27
10.6
13.7
10.35
-1.31
4.4
3.86
3.46
9.32
10.67
11.68
10.82
7.79
14.07
16.18
15.25
10.32
5.08
-3.55
-5.89
0.81
-4.08
-9.72
8.75
13.85
14.31
8.57
1.89
7.05
7.88
0.29
-0.9
6.9
4.26
8.5
11.04
9.05
2.31
3.82
2.1
-2.33
5.8
0.47
-6.35
3.21
10.37
12.31
4.22
-0.55
8.63
13.29
12.64
9.94
9.36
7.97
-8.67
5.82
4.15
9.49
2.12
-5.29
2.82
2.68
2.36
11.26
13.86
6.79
12.71
14.71
14.15
14.18
13.03
12.68
12.21
0.79
9.5
7.45
8.89
9.28
9.75
9.68
8.12
5.93
7.27
5.87
-1.11
0.67
6.25
6.02
15.12
12.02
15.54
16.81
8.83
4.59
5.25
10.59
11.81
9.75
6.95
10.64
12.79
9.3
8.75
7.22
8.12
2.77
9.71
13.04
8.72
9.41
5.55
9.38
11.87
5.16
5.01
10.16
2.76
5.15
11.32
11.89
9.88
-0.33
7.81
11.76
-0.84
14.54
14.45
10.66
10.15
6.12
9.17
14.5
13.8
10.35
12.02
6.09
-1.04
3.36
-1.6
1.19
1.58
4.18
4.14
9.41
6.65
7.96
9.87
3.48
11.11
6.61
-6.86
2.91
5.18
10.81
11.3
8.93
-0.92
5.38
9.17
-14.51
5.18
7.12
9.3
2.48
7.6
11.37
8.48
13.09
15.16
16.26
13.87
9.81
14.52
15.31
17.57
15.67
11.07
4.75
6.93
10.33
9.94
9.36
11.14
8.59
6.39
6.96
1.7
-4.56
0.26
9.41
12.21
-2.51
16.03
19.08
17.42
14.13
16.48
16.08
11.18
7.58
9.81
12.09
10.73
12.22
14.52
12.68
-3.06
13.37
16.31
16.19
14.58
9.63
6.08
6.05
5.18
0.6
-15.59
7.08
15.19
17.66
15.68
8.17
-11.28
0.42
6.92
10.73
8.39
-5.04
8.45
5.25
14.41
14.51
9.78
3.51
-0.22
10.58
13.72
14.72
14.65
9.97
0.09
7.28
12.63
13.36
8.47
1.33
4.91
4.33
9.02
9.88
-1.83
8.42
0.97
0.37
-6.99
0.62
7.55
10.37
12.94
8.46
-0.26
-3.24
6.62
11.94
13.58
16.38
14.31
5.63
7.33
2.61
1.94
5.56
8.96
6.8
6.81
14.37
16.48
13.62
8.32
4.03
-10.34
-0.37
9.74
14.87
15.23
8.71
-1.98
4.3
-1.8
8.3
9.61
8.98
1.72
-12.58
9.79
15.73
13.72
8.54
3.9
-6.35
3.97
6.16
8.59
10.06
13.96
13.96
9.02
2.54
-4.56
8.82
9.68
-0.45
11.65
14.86
13.77
11.9
11.5
10.79
8.65
11.74
17.72
18.68
15.69
7.98
7.45
9
12.99
12.65
-1.15
4.24
-5.85
4.81
8.7
8.37
1.62
8.63
10.33
10.55
11.42
10.86
13.34
12.68
12.92
6.96
8.56
14.67
13.99
11.63
-1
9.52
8.02
-7.48
3.92
6.04
10.04
4.82
12.73
10.85
-1.7
7.23
2.35
8.88
10.88
9.96
9.65
10.65
10.87
7.03
10.32
6.43
1.3
1.77
-3.79
6.51
6.04
6.1
-1.85
5.11
3.11
5.75
11.44
10.24
10.4
9.65
3.48
2.73
9.59
11.43
15.08
13.92
1.67
11.76
2.09
6.08
8.19
4.14
4.73
9.45
-5.38
0.45
-3.24
5.9
12.48
8.44
2.73
-3.45
8.83
15.33
13.41
0.98
6.97
9.43
13.32
16.44
16.58
12.05
10.61
8.23
7.1
8.18
-2.42
-6.8
9.56
17.5
17.82
7.51
9.32
2.37
10.75
9.25
2.31
-0.86
8.26
10.19
9.24
11.25
11.21
7.5
9.94
10.98
10.33
8.16
11.98
12.09
9.08
0.59
5.69
10.65
6.57
12.63
17.18
14.87
7.66
0.63
-2.23
7.4
8.19
-11.87
9.75
21.02
19.24
16.95
9.55
18.47
22.49
21.51
20.64
23.31
22.38
23.42
28.73
26.88
21.33
19.72
18.96
18.05
13.97
19.75
26.5
29.28
29.22
28.03
24.73
18.4
21.32
23.93
20.58
20.26
22.76
21.54
18.9
20.89
25.62
28.16
25.09
23.07
26.88
27.31
21.81
16.97
16.15
13.54
4.02
14.32
15.81
17.26
15.46
26.25
26.96
24.3
25.47
24.06
27.35
29.64
28.11
21.89
16.54
19.35
9.54
17.7
20.57
13.51
10.34
16.38
21.44
21.49
19
21.51
23.47
22.27
22.23
16.91
10.55
9.27
20.36
22.16
24.02
20.84
21.84
18.06
16.58
24.46
26.8
8.41
21.4
19.34
16.27
16.44
26.64
24.33
6.52
17.96
17.91
23.63
24.25
26.84
21.94
7.82
18.64
24.25
24.24
20.08
18.97
20
15.78
18.57
13.71
12.86
20.61
20.59
20.76
18.19
14.38
0.97
9.82
13.73
17.97
25.25
26.24
20.63
18.69
22.06
22.43
25.6
25.32
16.31
17.19
21.32
20.85
16.39
-3.91
14.49
13.82
24.43
22.96
22.16
17.85
19.19
21.03
16.44
14.66
19.08
20.26
20.06
21.62
25
28.63
27.54
20.42
21.4
24.96
14.62
20.9
23.13
20.78
19.57
13.36
20.22
14.34
19.25
13.83
23.43
24.04
17.83
12.73
23.32
28.85
29.22
21.51
14.09
18.49
8.37
20.93
24.45
24.27
23.51
20.3
18.67
22.33
24.71
20.5
18.08
19.39
21.12
11.68
29.2
31.87
27.72
23.25
25.85
26.23
12.54
20.11
18.47
15.52
3.68
12.88
23.65
21.16
14.49
-2.28
22.18
24.25
25.18
24.52
14.6
17.44
18.64
14.19
11.6
0.5
16.31
17.1
25.42
26.64
22.23
16.38
6.84
18.34
19.95
10.59
10.28
13.78
7.96
10.22
14.61
22.34
22.4
15.97
21.84
25.09
20.69
15.46
24.48
24.17
20.71
10.06
23.9
21.19
15.69
15.51
13.53
15.08
12.99
16.13
18.09
19.61
15.19
22.93
24.5
19.5
10.34
21.17
22.57
17.87
17.62
20.89
16.75
7.6
22.11
21.57
16.37
19.5
16.07
16.84
15.19
0.39
10.31
7.06
12.52
10.06
10.99
16.52
1.04
20.48
21.41
10.34
20.43
23.94
22.3
16.79
20.23
25.15
22.58
19.33
21.4
20.45
18.17
18.38
20.15
18.77
18.95
21.07
21
13.88
-2.8
9.04
15.18
24.44
21.63
14.74
13.92
14.3
17.32
16.83
14.36
14.33
13.48
9.44
19.8
15.55
17.97
25.64
24.42
16.79
11.57
7.8
12.56
17.58
12.32
-3.35
4.63
-4.81
13.51
15.06
11.76
19.76
17.89
12.34
9.27
15.7
18.66
18.9
13.54
7.51
12.78
4.04
7.51
15.23
9.92
15.47
16.81
12.17
9.56
13.54
14.66
-18.05
2.03
15.27
9.48
14.07
15.54
14.9
10.83
2.61
8.87
13.63
13.8
9.77
13.12
11.42
6.04
12.08
13.92
11.39
7.08
0.42
12.69
12.62
5.26
-0.47
7.53
11.64
12.26
7.9
14.06
15.37
6.57
11.19
16.41
18.36
16.06
14.08
14.84
10.84
9.55
13.52
9.41
7.89
9.02
5.32
-7.16
4.78
15.7
15.58
5.62
10.98
12.63
16.96
9.25
12.56
15.3
17.75
19.25
17.25
21.7
12.28
20.4
13.91
11.84
18.23
18.92
15.01
3.32
19.92
25.97
27.61
24.58
23.25
23.03
18.9
19.93
19.71
23.98
26.56
23.36
20.27
21.69
19.76
14.63
14.12
14.12
8.8
17.21
20.1
16.74
21.65
22.9
23.45
21.47
16.84
14.98
12.52
17.01
19.8
16.62
20.11
22.78
22.25
20.03
13.87
11.64
16.91
17.79
19.1
16.72
17.35
20.58
19.13
18.97
23.59
24.88
21.43
13.17
-0.78
12.69
17.5
18.74
23.37
23.81
16.48
10.2
22.81
26.59
22.59
15.72
5.78
10.92
20.69
23.76
21.51
23.03
23.91
24.26
23.5
14.29
9.72
6.66
18.46
23.75
24.87
25.19
24.95
21.61
19.31
19.78
18.38
18.05
19.1
8.12
20.59
19.58
19.58
23.03
9.95
16.34
17.33
19.71
18.85
9.66
19.27
18.27
18.36
23.41
23.03
20.65
20.51
22.69
19.76
9.66
14.61
17.58
19.22
20.5
17.4
16.12
19.14
19.04
14.22
17.14
21.19
19.37
10.75
16.23
17.72
15.72
0.01
10.66
20.86
23.48
18.92
15.63
25.5
27.23
25.78
17.76
11.23
14.85
16.43
9.97
15.25
17.14
13.21
18.19
20.96
16.39
16.96
23.21
27.75
28.39
25.25
23.48
23.51
23.87
22.17
22.39
19.59
18.81
18.32
20.25
20.3
23.82
26.87
22.8
10.73
5.96
17.35
18.53
15.75
13.47
21.98
21.85
-4.04
16.95
15.19
11.02
17.8
23.44
24.89
23.12
21.07
20.66
19.95
18.84
27.63
28.84
26.88
25.19
23.97
24.28
20.01
16.32
21.81
20.52
18.77
25.88
27.11
22.88
8.23
23.17
22.1
7.17
16.53
12.32
15.7
22.36
25.6
25.18
21.85
22.59
23.21
16.89
21.61
24.35
22.66
22.56
21.22
16.13
15.15
18.39
20.83
21.29
18.36
12.31
15.69
16.09
20.95
17.98
4.83
23.47
24.46
20.68
16.01
15.91
17.58
14.23
13.69
6.08
10.25
18.58
22.99
20.59
12.87
13.11
17.34
14.67
16.38
14.88
7.13
16.95
12.45
12.72
19.09
14.75
18.57
21.19
19.75
5.84
22.6
23.97
21.71
24.18
22.01
9.65
16.07
11.7
18.97
18.28
15.42
18.64
21.4
16.12
6.69
21.7
22.5
17.57
13.69
3.2
7.96
7.93
12.93
13.86
23.29
23.4
16.43
18.45
18.69
21.54
23.1
22.81
22.37
23.16
20.1
2.04
18.24
18.86
11.35
9.27
13.91
14.09
13.97
17.92
13.64
5.54
12.84
10.1
7.16
11.83
16.65
15.55
19.02
23.37
20.07
7.53
-0.43
5.02
12.47
6.29
10.78
16
7.27
11.81
16.78
17.3
15.85
15.28
12.36
8.84
20.02
23
16.46
15.78
14.9
10.79
11.95
15.98
16.59
12.22
7.92
0.62
13.01
15.8
-2.64
18.27
18.55
16.51
16.02
15.22
11.92
15.24
16.5
18.12
22.41
21.97
16.38
19.43
22
19.67
10.44
17.2
19.95
23.86
25.72
24.8
20.1
1.94
18.83
17.77
18.11
17.51
16.25
18.41
17.31
14.76
15.1
14.06
9.42
15.06
12.38
20.15
22.8
20.73
15.9
23.23
25.55
21.83
15.61
19.04
19.18
21.34
18.36
16.77
12.64
11.07
7.74
16.25
22.64
19.66
9.84
12.44
13.71
11.38
17.99
21.47
18.6
16.67
2.3
16.1
10.68
21.99
25.11
22.42
2.02
23.74
22.92
21.45
24.47
-0.92
22.18
21.76
22.89
24.94
23.28
25.14
20.06
9.06
8.59
6.68
8.46
8.8
19.63
25.6
23.33
18.17
26.1
26.71
23.64
17.58
17.71
16.94
18.59
18.31
20.34
21.77
23.99
23.73
17.77
13.33
20.48
23.82
24.38
22.7
16.79
14.83
19.65
16.43
15.61
20.35
18.13
12.75
21.91
22.71
17.82
15.81
5.17
12.59
19.9
20.27
24.56
23.51
7.35
23.73
24.72
25.69
22.83
19.03
16.96
14.77
22.09
21.76
13.19
2.19
14.72
15.64
11.52
19.42
16.12
18.86
22.11
18.53
20.51
24.06
13.72
15.01
2.57
14.81
22.6
24.86
23.33
22.21
21.56
12.87
14.01
19.95
22.47
20.95
11.72
19.95
26.75
26.74
19.9
8.5
13.64
16.93
16.62
8.08
9.5
11.11
15.68
18.68
27.32
33.95
32.74
26.31
19.68
15.94
23.28
22.1
22.17
26.66
29.16
27.99
21.72
12.95
22.59
27.95
25.85
20.68
19.73
11.97
24.33
30.99
28.34
16.88
26.95
29.42
24.71
28.13
26.95
19.26
19.75
20.06
27.1
28.34
23.26
17.52
22.3
11.84
15.45
18.16
23.03
24.01
5.52
21.75
17.12
20.8
25.75
35.2
43.19
42.69
33.25
19.31
22.35
13.55
17.06
19.21
16.94
17.6
2.92
18.28
17.31
11.94
13.6
23.89
27.75
27.54
23.38
19.66
19.73
20.17
23.75
24.71
21.43
16.51
28.19
40.94
42.8
33.07
26.96
25.75
21.43
12.12
18.12
19.23
21.9
22.6
16.46
11.82
20.74
18.54
21.02
23.66
18.23
15.51
21.21
22.12
21.01
27.12
25.96
20.49
7.09
20.98
25.49
23.15
15.4
15.53
17.11
18.82
20.96
22.12
15.6
23.88
24.77
21.67
17.99
14.68
18.49
23.25
26.2
28.12
25.5
9.12
14.32
13.63
20.94
28.94
37.8
40.06
32.79
10.29
14.14
18.81
24.62
21.52
14.21
19.77
23.96
24.55
30.39
36.93
36.66
27.22
20.63
25.21
24.92
24.61
24.26
24.45
22.82
16.35
12.43
16.23
21.88
20.99
19.52
17.15
32.16
42.27
42.48
31.58
23.42
22.62
23.81
26.05
20.65
24.61
27.1
19.45
20.07
20.45
17.19
18.99
26.81
31.13
29.25
23.89
27.75
29.17
28.47
27.71
21.56
17.13
18.97
25.75
24.56
24.9
26.24
28.32
28.58
26.09
24.14
22.99
20.27
21.88
22.94
20.01
9.81
22.21
24.48
22.89
20.46
18.79
16.41
14.06
11.8
14.12
22.38
27.5
39.81
44.67
40.8
25.42
16.94
17.68
20.35
17.65
17.92
23.92
24.11
20.17
20.63
20.98
21.4
19.15
21.8
25.79
23.9
22.31
25.1
25.52
20.13
13.28
18.84
18.28
22.92
22.47
19.79
18.64
17.81
20.67
15.63
23.95
29.97
34.36
32.34
12.3
27.11
24.92
19
16.25
10.74
12.99
24.24
30.1
30.42
24.41
19.17
15.89
19.43
24.07
22.62
21.54
19.14
16.39
0.01
14.78
15.88
13.75
21.24
19.87
17.44
18.67
20.9
26.41
26.5
22.23
9.96
8.74
4.92
27
39.98
42.09
35.23
21.92
24.84
27.23
26.89
26.1
21.69
23.27
33.72
36.13
28.66
11.83
23.74
24.28
1.28
26.9
39.21
43.86
40.4
29.96
31.27
30.38
26.69
27.34
25.54
16.95
23.11
27.31
30.04
31.45
25.11
23.19
24.76
27.34
27.9
27.07
24.13
19.74
19.22
29.65
26.95
20.11
20.72
15.82
22.02
21.52
11.59
18.24
25.11
22.91
14.39
15.88
17.48
18.18
20.35
17.83
24.53
28.76
27.17
17.77
14.31
13.25
22.88
15.75
25.34
20.41
20.54
16.19
22.11
25.39
26.52
25.55
7.12
20.63
22.97
23.17
44.68
49.16
43.64
23.49
20.01
20.49
28.37
30.88
28.09
25
40.46
47.53
45.46
31.75
21.42
9.21
20.82
10.22
25.42
27.51
28.74
26.49
18.33
30.47
28.24
19.08
26.14
21.47
16.55
12.71
22.89
18.11
21.62
14.48
25.72
31
28.89
30.31
26.09
18.32
13.86
27.14
32.3
30.78
25.83
21.44
26.22
30.47
29.62
27.38
25.63
22.42
28.41
26.61
19.22
22.41
9.42
18.99
28.21
31.9
29.92
21.44
17.84
26.54
33.23
33.79
31.4
28.29
26.99
22.39
30.68
30.75
20.31
9.44
24.84
25.97
23.08
26.25
29.47
24.57
1.43
18.3
25.83
28.26
29.8
30.37
25.04
14.04
24.99
17.47
19.44
17.07
27.16
20.63
16.38
15.97
19.56
6.45
26.57
26.54
25.2
23.4
16.19
28.69
30.36
26.89
27.97
28.65
31.05
29.19
28.31
24.23
25.07
22.22
28.38
27.06
23.9
24.45
27.64
26.11
14.29
22.62
9.84
19.75
23.02
24.17
27.29
22.85
21.36
29.21
29.35
23.26
12.09
23.46
26.47
27.33
23.14
22.05
24.52
18.21
19.23
20.52
21.23
23.17
22.52
31.01
32.61
29.1
27.17
29.62
26.13
17.52
22.67
29.12
30.54
27.35
17.49
22.46
26.83
29.24
27.72
24.39
23.09
17.75
14.54
22.04
28.32
28.82
26.67
25.44
23.72
20.7
12
14.8
9.92
9.57
23.16
25.87
23.75
26.95
28.23
26
25.58
28.73
30.25
26.89
20.68
17.69
26.3
23.65
18.13
21.3
25.25
26.53
19.37
22.51
25.16
22.26
24.2
28.28
24.54
19.24
19.85
18.44
15
21.47
25.25
23.7
9.84
23.99
25.37
26.44
27.75
29.53
24.99
16.63
23.27
25.92
24.77
21.63
14.12
16.45
26.21
28.83
22.79
22.37
21.6
19.18
24.01
20.98
-3.3
15.86
22.47
16.98
24.29
28.23
27.27
26.59
28.46
26.29
20.25
12.66
15.51
21.51
22.8
20.64
16.04
22.72
25.86
18.18
19.07
23.43
23.76
19.53
22.88
24.96
22.34
16.56
23.65
23.15
17.93
14.5
20.49
24.81
27.98
27.66
25.65
24.32
23.15
22.47
25.65
26.11
20.07
14.51
25.45
25.96
20.6
13.69
17.42
19.8
24.33
25.2
17.19
10.64
16.98
20.13
16.43
18.29
23.09
20.46
16.58
19.33
18.18
22.97
24.42
21.31
14.76
23.73
22.84
22.35
23.6
23.85
23.6
23.52
21.73
22.2
21.45
21.11
17.88
13.32
27.15
27.06
27.34
23.82
20.9
22.8
17.8
9.69
21.04
22.05
12.73
18.41
19.71
21.52
23.69
26.39
22.81
20.6
20.29
19.64
19.5
24.28
27.41
28.14
29.96
28.72
28.73
30.53
30.7
29.47
29.03
25.98
21.69
21.91
27.8
28.73
21.41
25.83
29.8
29.37
27.13
26.06
28.82
30.34
27.7
25.77
26.18
21.06
26.68
30.33
25.95
22.84
27.99
31.59
29.91
25.69
28.08
31.25
30.88
23.81
19.85
13.5
17.73
21.77
29.92
29
26.9
26.16
28.24
29.84
22.88
2.18
22.89
26.73
19.15
24.35
20.76
23.32
31.03
35.23
32.81
27.16
27.62
27.69
28.45
24.82
16.34
15.86
10.4
21.99
26.04
23.81
8.66
15.96
26.35
29.23
25.98
22.29
24.72
23.94
21.16
20.91
21.11
24.61
17.88
21.38
23.49
19.67
21.02
20.27
17.26
21.64
12.62
21.36
20.6
14.07
9.13
19.33
18.01
7.89
21.68
26.98
28.14
26.59
28.11
28.95
26.82
22.51
21.73
21.24
16.19
17.83
24.22
24.6
20.45
21.56
23.55
24.12
24.02
27.26
26.95
27.11
29.04
26.33
20.01
21.83
19.68
23.03
26.62
27.67
23.93
20.57
25.97
26.76
24.51
22.37
18.86
19.4
19.7
21.49
24.1
24.48
21.34
23.58
26.69
26.82
26.02
26.84
26.85
24.42
22.39
20.54
17.16
16.75
22.19
24.33
26.45
27.1
24.15
23.99
24.61
24.49
21.56
18.21
16.37
16.74
20.35
21.85
17.05
18.35
19.18
22.37
22.81
22.72
23.91
19.32
5.68
16.91
21.29
19.27
24.17
21.66
22.16
27.28
25.58
22.32
19.93
21.9
24.69
24.07
21.11
21.52
19.8
16.24
17.46
20.37
19.28
-5.05
12.94
18
20.42
17.12
10.11
14.21
17
22.88
21.88
20.97
19.68
21.57
20.94
16.73
9.38
3.74
14.92
8.65
18.06
26.19
24.2
14.72
20.6
17.31
8.45
11.87
10.55
18.16
25.22
25.16
19.92
19.54
19.15
17.85
19.87
20.19
17.17
11.38
10.5
19.91
16.83
14.37
18.26
11.67
21.07
16.66
18.99
6.3
14.49
16.47
16.73
10.88
8.21
17.66
20.92
19.04
19.1
16
9.44
16.49
12.3
11.69
19.96
19.2
5.48
21.82
22.76
20.14
19.64
17.78
17.19
8.44
1.87
15.87
17.27
20.8
22.45
18.3
17.26
12.42
5.57
11.4
16.45
9.73
16.69
18.51
16.33
10.37
11.78
15.47
11.95
19.24
16.38
17.2
12.17
1.1
16.71
22.09
17.97
14.73
2.17
15.86
14.9
21.75
26.64
24.77
13.22
18.7
19.68
24.71
24.61
14.81
4.61
14.67
18.16
20.38
18.44
12.57
5.97
9.88
19.54
20.18
19.64
18.71
15.39
14.43
15.12
19.62
21.8
12.7
17.82
16.92
17.71
21.92
16.09
14.96
24.06
23.51
21.63
15.71
8.95
7.09
14.46
24.07
24.87
21.96
20.69
19.25
18.7
13.39
-8.13
17.18
17.9
13.05
12.52
12.42
18.56
22.05
21.73
16.6
22.66
23.71
23.02
25.11
24.62
20.71
17.24
8.83
6.58
6.07
15.98
20.28
16.52
17.66
19.99
20.98
19.59
14.3
7.56
18.92
15.93
15.48
21.44
19.23
20.24
24.81
22.86
21.79
24.03
24.47
22.39
18.35
10.35
24.7
23.13
15.83
7.19
20.51
12.47
20.34
21.64
15.27
13.19
15.82
-1.14
20.74
20.69
14.01
18.24
24.86
23.24
21.18
22.35
18.97
4.47
22.69
25.16
20.96
10.18
21.26
25.68
21.92
25.92
27.01
25.73
27.46
26.17
12.34
21.17
18.46
20.77
25.92
23.17
15.97
15.51
10.13
10.7
24.36
28.3
27.03
20.02
18.06
22.25
23.63
22.81
19.23
17.92
21.72
23.21
21.86
22.48
24.77
22.64
24.66
17.47
11.61
15.87
21.95
23.63
21.25
14.11
22.57
21.82
19.97
23.6
26.66
29.01
29.92
28.34
26.89
26.49
22.5
18.73
19.8
24.29
25.3
19.49
8.07
18.36
21.92
24.82
27.76
28.12
24.11
13.87
1.36
14
23.79
25.62
21.92
20.4
22.78
23.04
23.85
16.21
21.48
25.19
25.74
27.45
29
26.95
27.21
26.12
20.98
15.93
19.42
11.27
11.29
18.46
24.31
26.94
23.87
23.84
25.77
19.18
14.27
17.86
27.87
29.73
28.39
25.38
19.98
21.19
21.7
13.48
18.88
25.53
33.29
37.57
35.84
31.1
25.46
21.54
20.89
13.88
22.95
24.37
26.09
25.98
22.35
21.41
1.98
20.9
22.07
25.59
25.85
28.05
27.09
26.79
27.71
24.48
16.17
13.95
9.91
17.65
17.4
11.51
14.02
20.82
20.9
19.84
12.84
18.59
23.04
26.01
23.3
10.75
22.1
23.88
24.41
23.96
23.87
22.84
23.18
22.65
20.54
24.18
24.51
27.46
27.48
25.31
21.89
18.67
19.37
18.3
21.76
11.38
22.08
28.15
29.79
31.03
31.23
28.78
28.7
30.34
27.5
26.26
25.26
21.28
23.87
21.89
16.52
19.98
15.78
20.7
27.73
25.58
21.56
25.31
18.24
17.16
24.08
25.01
17.63
21.19
21.61
19.44
24.31
26.35
24.84
26.04
25.96
23.01
21.29
24.19
24.72
23.77
22.24
13.24
15.89
22.85
18.51
20.54
23.5
26.08
25.75
24.66
24.63
26.26
25.5
21.59
10.11
6.81
15.22
23.81
24.51
21.39
24.48
24.22
17.82
7.04
15.86
18.58
21.12
23.85
25.19
20.34
15.13
21.55
24.22
20.86
18.26
21.31
14.99
20.9
24.91
23.37
24.15
22.11
16.08
15.29
23.03
22.81
22.56
21.82
21.94
20.34
17.57
15.84
16.14
13.97
20.43
22.37
18.6
12.73
9.92
10.83
15.52
19.48
19.27
22.93
25.31
22.66
14.64
13.5
11.89
19.17
19.68
14.85
11.05
15.88
19.59
19.65
22.18
18.33
9.73
9.14
20.46
22.97
20.72
17.02
11
17.94
22.24
24.7
23.8
18.68
13.12
14.59
11.69
10.85
16.26
19.66
20.45
15.45
18.66
17.47
17.22
17.59
19.27
22.68
23.47
20.07
14.74
8.64
16.83
20.8
20.07
21.63
18.44
16.12
24
23.94
19.72
20.45
20.07
19.47
19.98
15
11.96
5.02
15.33
21.77
25.17
19.3
19.26
18.18
5.76
6.67
15.66
21.96
22.04
24.97
25.48
20.7
21.99
23.03
21.42
23.54
25.02
24.93
23.56
20.87
20.59
19.58
16.76
11.87
16.62
20.05
20.22
18.84
19.48
7.26
14.52
15.23
4.52
15.01
15.61
13.99
17.84
14.03
10.36
9.37
7.17
18.72
19.83
15.77
-0.49
15.22
20.14
19.61
11.68
6.18
9.09
9.08
13.79
11.81
6.51
15.53
16.39
-3.03
1.86
15.12
10.17
9.14
12.71
11.85
9.06
6.98
8.56
16.72
16.11
17.89
22.34
21.39
12.6
6.84
8.35
15.18
19.19
17.4
15.07
11.09
12.85
16.11
14.15
13.91
15.61
15.62
15.82
14.58
7.07
10.78
14.32
14.16
14.99
11.99
16.88
15.18
17.72
15.25
16.89
20.55
13.36
10.1
16.46
18.78
12.84
-9.36
11.48
16.8
14.92
14.84
14.59
3.23
4.88
3.24
2.27
8.22
12.69
18.42
13.71
9.74
11.95
14.52
14.51
10.17
10.53
16.42
14.73
19.76
21.02
19.1
17.62
19.26
13.79
9.42
12.61
13.47
2.57
13.56
14.9
14.99
2.78
9.69
6.22
-1.02
11.41
13.16
13.85
17.84
19.75
18.51
10.4
9.6
11.81
0.18
8.92
2.55
5.05
8.37
5.04
4.08
14.58
17.16
11.56
13.48
14.51
8.43
3.43
9.66
11.76
11.72
1.4
10.62
15.63
15.46
13.06
1.7
12.05
13.41
15.33
18.46
18.38
17.07
13.97
0.45
13.82
14.85
10.43
13.94
12.2
12.72
16.68
5.31
9.95
6.47
13.57
16.59
4.93
10.72
2.71
9.35
5.16
7.4
14.66
17.92
16.55
2.66
16.1
14.31
13.18
3.34
11.36
0.72
20.36
20.46
16.49
10.32
9.99
13.06
10.09
9.38
-2.94
5.74
15.56
17.23
17.4
16.71
10.53
15.78
13.52
21.2
16.68
3.39
12.96
-2.11
2.63
10.11
13.47
5.92
19.22
19.42
18.41
18.49
8.18
15.75
16.86
14
11.1
14.61
8.46
11.82
18.73
22.98
23.88
20.51
11.34
8.26
15.68
13.05
10.65
16.28
4.53
13.56
9.3
15.48
16.07
11.52
3.93
14.21
12.78
8.91
14.76
12.06
11.44
6.33
3.54
9.72
14.35
22.7
23.45
17.51
3.14
6.51
12.28
17.83
15.49
16.79
16.13
17.34
20.53
17.18
9.96
12.56
17.11
17.16
20.4
23.63
21.57
17.19
20.67
21.22
20.62
18.81
10.16
8.07
15
17.89
19.5
8.38
11.24
13.83
13.67
5.65
20.77
19.74
12.84
19.43
19.76
22.29
16.83
1.65
12.04
10.65
17.16
21.02
17.48
18.5
18.64
12.38
12.12
19.85
22.7
20.93
14.58
13.68
15.77
19.48
12.09
8.94
18.06
17.9
7.08
16.28
19.86
17.49
18.02
18.72
17.01
18.18
14.68
7.46
4.01
6.88
3.04
12.78
11.54
10.38
15.87
19.06
17.74
15.28
13.85
21.55
21.01
8.64
7.53
15.43
18.47
21.68
19.53
10.41
9.86
19.29
21.79
20.61
17.95
14.24
8.06
7.48
11.31
10.11
-1.11
17.28
17.2
6.28
5.93
8.43
14.86
16.38
14.88
19.2
20.95
24.11
24.51
16.5
15
14.97
11.39
9.49
11.86
13.15
8.78
1.48
16.16
17.78
5.98
11.08
10.58
17.78
17.76
15.88
13.54
13.59
16.68
15.71
7.23
-0.36
16.11
16.36
6.74
7.23
11.71
0.34
15.55
18.26
17.86
20.75
20.86
19.51
17.91
10.37
11.86
8.72
18.43
21.24
18.87
13.86
15.04
20.84
23.31
22.19
19.49
21
21.01
13.97
16.64
22.03
19.12
19.44
17.59
10.22
17.82
15.33
20.69
23.36
20.34
1.74
14.23
14.36
2.1
14.15
20.26
17.31
-3.03
14.4
20.26
16.67
11.11
16.59
18.49
14.46
10.29
8.78
15.48
22.14
25.01
24.32
21.5
19.52
18.33
19.98
21.59
19.52
13.81
15.17
17.48
21.74
21.95
21.07
22.04
21.88
22.65
20.93
14.91
15.31
18.77
10.39
7.53
14.09
16.76
19.03
22.59
22.25
15.94
11.28
9.23
11.42
10.03
-3.18
2.43
12.1
1.48
16.94
18.74
19.93
20.11
14.36
6.55
17.06
16.58
17.65
21.56
19.69
16.44
5.67
22.73
24.14
19.53
17.55
18.75
14.96
17.92
14.1
15.35
20.74
20.59
18.45
10.96
12.38
12.4
18.01
12.1
9.75
14.36
10.76
10.68
4.36
17.98
19.2
15.49
13.98
19.04
19.74
15.82
21.28
19.23
15.51
23.4
22.41
19.56
13.47
8.13
3.3
19.57
22.35
21.87
18.94
-4.47
15.25
9.93
7.74
14.45
16.91
17.87
17.6
8.5
12.6
16.4
20.4
19.66
0.83
10.87
6.42
13.5
10.68
10.72
20.2
20.95
-3.96
23.65
24.9
22.37
20.75
17.21
16.03
17.44
14.58
13.76
16.3
16.86
20.3
22.23
17.01
7.3
16.2
18.01
12.32
17.2
16.38
7.38
18.56
19.55
17.71
13.39
10.82
15.35
13.21
15.25
20.84
14.89
13.17
9.4
13.15
11.14
10.07
19.38
16.11
9.38
17.51
20.41
19.22
11.88
11.07
19.53
20.62
16.44
11.8
17.2
19.58
16.67
21.14
22.49
20.8
19.68
16.7
6.58
11.75
12.36
4.6
12.36
12.72
17.37
22.5
19.87
8.56
19.47
10.99
15.71
10.5
13.36
14.66
8.71
14.81
18.03
20.2
16.03
8.35
14.7
18.14
9.14
6.81
7.9
17.48
18.24
17.22
15.52
20.98
23.06
19.06
-20.81
13.04
18.15
21.46
17.28
6.72
7.63
18.44
23.35
22.81
19.06
12.12
13.32
21.57
24.52
22.64
18.65
15.64
19.33
24.63
22.14
11.97
12.51
8.96
9.75
17.54
12.25
11.99
11.35
-3.65
7.94
10.52
-2.16
13.2
10.74
20.28
21.41
21.26
14.31
12.49
10.53
15.52
19.84
18.62
18.04
18.97
15.68
15.14
21.13
21.23
15.67
15.52
17.38
15.43
13.33
13.07
13.24
18.1
16.33
8.69
15.79
13.84
18.16
21.75
15.51
5.36
14.44
14.26
12.99
17.05
15.34
-0.11
9.66
8.37
12.42
13.68
20.73
18.89
10.4
8.32
6.13
8.16
15.86
19.89
21.66
18.69
13.03
18.45
16.99
5.25
13.4
14.05
13.85
4.93
17.88
21.3
19.74
12.53
8.91
8.25
3.1
-1.17
12.25
19.07
20.67
20.29
18.57
10.48
17.48
14.18
11.05
11.85
17.23
17.23
11.19
-0.99
7.05
5.51
1.3
-11.42
11.61
22.94
24.85
22.22
15.49
9.19
12.59
16.83
21.07
21.98
17.99
10.91
3.43
11.94
16.28
14.13
6.92
9.55
12.53
12.32
14.07
4.05
14.35
16.74
16.68
12.3
8.34
10.68
-1.17
3.5
11.11
12.1
10.7
7.8
15.79
14.21
9.56
14.12
14.97
14.83
15.25
15.77
14.97
-5.88
13.45
14.78
15
9.15
7.32
-4.61
9.6
7.5
14.51
17.44
18.34
17.69
17.92
19.55
16.65
8.5
0.47
10.39
11.78
14.99
13.02
9.48
8.79
14.56
17.26
14.57
9.02
10.63
9.49
15.81
15.97
9.53
2.27
-3.85
9.54
1.06
10.54
4.99
4.1
3.89
9.02
0.38
17.7
18.22
11.88
10.9
14.4
14.62
14.96
14.53
13.5
-8.51
16.5
17
16.78
19.19
8.81
-2.15
5.22
15.71
21.8
14.52
14.29
14.5
7.74
15.66
19.58
17.75
15.06
13.15
11.64
11.23
8.05
9.18
16.93
18.23
7.15
7.78
10.05
10.27
14.16
12.67
13.71
12.48
9.37
11.93
15.41
19.29
18.26
16.85
18.37
16.46
10.52
12.16
8.33
13.93
18.44
13.5
-4.71
1.55
8.61
3.9
16.58
17.98
8.41
8.7
17.12
17.21
16.27
18.13
16.05
9.39
-3.78
3.37
12.81
12.37
8.48
11.06
0.12
16.65
17.86
15.52
13.51
9.16
10.49
10.39
-1.61
1.82
-4.61
-0.51
6.57
9.9
10.55
13.94
6.01
-2.73
10.29
8.77
9.43
10.65
14.35
6.82
13.22
17.71
19.06
16.27
4.99
5.4
11.1
10.04
9.49
16.14
15.86
14.62
12.35
13.32
16.69
17.09
16.2
15.33
11.65
3.59
-1.17
13.47
18.09
16.56
17.16
12.75
14.26
15.3
11.87
11.23
15.98
12.53
8.51
15.4
19.59
18.69
11.93
15.68
13.36
11.43
8.91
6.73
13.28
12.27
6.88
15.87
19.35
18.12
12.81
7.13
13.61
18.8
10.82
12.78
12.08
-13.31
8.58
14.52
12.98
6.53
16.29
16.36
13.39
15.02
15.74
13.95
14.78
11.49
-19.47
13.27
17.29
15.49
14.92
18.82
18.68
17.11
18.81
17.81
12.35
-2.72
17.78
21.39
18.59
13.05
9.6
17.14
18.3
17.71
17.93
18.77
16.26
15.16
19.68
18.63
13.5
17.1
19.31
16.41
9.93
1.59
6.85
16.51
19.09
16.41
11.94
14.23
15.32
2.38
5.99
12.75
13.26
9.11
6.9
5.3
6.53
9.42
12.88
15.17
13.89
11.97
8.02
13.03
13.84
2.72
-1.72
0.62
13.33
13.87
8.7
12.9
17.09
15.94
17.24
17.71
12.57
7.71
12.27
15.44
13.9
16.01
9.32
8.3
11.25
14.85
13.96
5.53
3.65
2.95
13.82
15.42
13.35
9.77
11.65
6.68
13.63
19.98
16.95
11.61
14.69
18.75
17.29
12.8
14.76
11.13
5.13
13.84
18.63
14.34
17.64
21.76
21.08
20.18
19.26
12.09
6.61
12.7
4.86
8.08
7.6
15.39
21.56
22.26
17.59
17.41
13.17
6.22
9.66
6.64
6.91
-3.31
0.6
2.61
8.58
13.77
10.14
3.91
12.71
17.6
13.61
12.99
17.42
15.38
8.98
9.74
-1.31
11.5
17.34
16.25
13.24
13.49
15.68
16.99
11.39
3.15
10.55
14.7
17.04
17.24
11.92
11.78
14.85
10.64
4.86
7.62
16.01
15.46
9.21
-7.6
9.17
15.48
17.87
17.24
12.04
5.49
5.17
5.82
10.24
5.3
13.21
16.56
9.35
9.27
15.62
17.56
11.02
10.75
4.11
9.22
11.56
9.59
13.14
12.83
8.72
3.42
14.4
9.88
0.14
13.36
18.75
13.23
5.87
9.02
2.82
12.5
19.44
18.37
9.85
4.22
16.36
17.87
-7.8
16.05
11.4
8.1
17.17
10.29
14.12
15.72
15.03
12.12
13.64
5.86
10.48
4.19
6.27
8.75
7.73
14.39
14.35
0.17
1.43
12.08
11.93
13.36
10.84
11.61
16.15
14.06
8.76
11.06
13.26
11.67
16.88
19.25
15.93
6.1
13.03
14.29
4.29
19.98
20.44
16.91
12.32
8.95
7.94
9.48
8.4
6.26
10.13
3.61
12.69
11.72
-4.86
6.88
8.91
2.08
14.56
17.77
13.7
12.78
13.4
-17.48
12.26
12.13
9.25
11.57
16.3
16.81
18.34
17.35
12.44
15.92
15.34
10.02
9.93
10.9
11.3
14.8
14.57
9.73
9.05
-23.82
14.58
16.97
14.94
15.97
19.39
17.43
7.51
10.67
10.58
11.45
17.01
17.68
8.01
7.77
5.68
6.59
12.68
13.29
0.53
15.22
13.77
14.78
19.12
14.2
9.87
14.83
15.46
16.87
15.11
-0.48
8.64
12.23
12.22
3.51
10.39
14.31
16.5
14.89
8.66
4.66
11.51
7.27
11.53
13.4
14.76
14.41
12.34
10.67
9.71
5.71
16.17
15.85
8.52
7.76
16.02
21.48
20.39
13.81
4.87
4.44
10.8
12.34
9.21
-5.85
10.09
15.39
14.09
6.89
12.91
12.68
10.75
9.69
17.13
20.6
14.1
8.87
6.4
14.46
16.96
15.53
17.85
18.44
13.54
10.63
12.33
7.66
12.47
12.24
10.99
14.07
10.4
15.76
18.99
15.25
4.15
15.28
17.48
11.32
9.07
9.62
5.98
10.8
9.22
3.09
7.68
6.48
15.42
16.25
13.92
18.64
19.75
13.26
5.57
11.52
13.99
12.11
11.49
13.29
11.54
16.02
16.3
15.71
13.98
9.5
3.35
4.26
9.55
13.27
13.4
9.76
-3.39
4.94
6.63
10.87
18.76
18.17
12.89
16.79
9.9
12.26
9.28
1.86
6.6
2.87
-0.07
9.53
10.09
16.81
20.32
13.64
14.52
15.39
7.49
8.98
9.38
8.55
15.51
15.53
14.32
15.16
13.77
14.4
19.46
18.22
15.16
12
6.7
15.98
17.54
12.78
13.32
14.17
4.92
18.35
19.89
17.98
13.16
2.81
-7.23
9.28
14.93
16.09
16.23
15.15
12.18
11.57
15.81
14.71
8.78
12.25
12.5
-0.01
13.16
14
12.88
12.24
6.8
8.97
13.61
1.28
7.99
11.52
12.06
8.31
6.39
12.27
14.34
13.1
15.27
17.5
14.93
12.41
13.68
14.32
-0.63
7.88
7.03
7.43
13.52
15.56
9.44
5.8
1.55
2.22
6.97
5.36
13.57
18.08
18.49
13.31
6.53
4.77
7.86
8.81
12.89
15.02
5.16
11.83
15.53
12.96
0.73
12.71
12.49
0.81
7.8
13.12
7.33
-1.38
8.41
15.31
13.32
8.28
7.28
7.05
4.81
4.22
15.09
18.35
16.8
14.16
16.45
16.28
13.25
11.23
6.98
6.19
8.68
10.09
16.96
15.51
14.02
9.02
6.43
-5.33
9.21
7.6
6.12
8.59
15.28
13.15
5.76
12.67
16.16
15.68
13.98
13.75
13.12
6.74
-2.32
6.35
4
14.08
16.16
15.6
16.05
6.25
3.17
-2.15
3.28
5.58
9.4
13.88
11.09
7.3
7.95
8.67
5.63
2.47
6.34
13.37
10.11
2.22
9.95
9.15
11.25
10.95
12.69
7.04
-3.26
1.94
6.16
6.52
10.35
13.83
10.1
7.2
10.05
7.33
11.16
5.67
9.34
14.71
12.07
-3.8
0.66
0.53
13.89
11.35
15.26
18.61
16.48
12.68
12.59
15.79
15.75
15.09
15.59
9.73
6.73
13.3
13.38
3.99
15.62
15.89
13.02
7.3
12.46
8.96
4.27
3.97
15.58
20.89
19.65
16.8
15.55
18.87
20.08
15.11
18.31
18.03
2.6
12.11
13.98
15.57
13.42
7.34
7.18
7.64
7.66
12.89
12.7
10.33
13.93
17.52
15.28
11.29
6.99
7.96
9.91
16.37
17
6.18
11.39
4.35
9.94
17.1
14.67
11.96
16.92
13.95
14.87
16.3
13.68
7.97
4.32
15.41
16.4
13.51
13.45
14.43
11.09
1.53
12.02
16.85
16.75
14.87
11.65
-1.23
15
17.57
16.7
16.37
16.28
15.75
13.17
9.23
11.93
13.82
14.35
9.95
13.67
15.43
8.4
6.93
14.58
16.18
16.09
9.65
10.88
13.27
6.98
5.78
8.49
8.56
3.07
2.89
7.62
10.42
13.69
12.58
8.21
8.49
10.68
12.08
8.74
1.16
12.63
15.81
14.51
6.96
1.31
5.35
14.85
17.58
10.8
11.3
12.57
8.98
8.88
10.87
8.07
6.53
13.39
6.79
9.26
10.21
9.1
10.79
15.39
9.8
15.2
15.78
8.34
10.46
14.55
11.85
14.98
16.72
11.12
6.15
9.41
10.33
8.36
15.52
16.24
9.18
9.92
13.39
14.51
16.41
16.69
13.89
1.29
12.11
8.33
10.35
13.87
8.33
1.57
7.07
3.46
9.94
13.15
14.77
15.26
11.19
6.94
13.21
12.74
-0.12
13.37
14.81
-1.08
8.63
8.34
2.12
8.54
11.07
3.82
2.01
4.7
4.52
6.8
-0.18
6.88
8.99
6.18
4.7
4.65
-11.53
1.19
9.12
10.05
11.62
15.61
14.05
5.53
7.05
13.74
12.83
-9.27
10.69
8.86
10.04
6.21
8.29
13.17
11.53
6
1
6.45
7.2
10.8
10.4
9.65
14.08
13.74
10.57
-0.59
6.51
13.86
16.91
17.58
14.58
6.59
4.68
4.07
9.52
10.5
9.9
5.77
1.27
8.01
14.82
15.83
13.58
12.52
7.98
12.01
14.37
8.52
5.44
16.81
20.98
21.67
19.53
14.35
2.26
11.16
9.84
15.95
16.95
12.28
5.38
5.52
5.71
10.36
11.25
4.13
3.42
4.45
14.28
15.85
14
10.31
7.43
7.62
-0.94
11.05
10.65
9.9
13.52
16.04
14.7
11.67
8.32
7.25
9.23
11.24
4.7
11.59
14.43
10.71
3.41
13.08
12.36
10.11
8.64
5.78
5.56
9.83
12.46
14.6
13.33
5.04
8.66
7.81
1.01
8.72
0.74
0.7
14.09
16.29
8.56
5.33
5.23
6.93
11.02
10.92
2.53
0.53
8.22
9.34
6.52
5.24
5.77
2.99
-3.37
5.95
6.87
2.3
8.61
12.68
4.48
8.02
14.75
10.13
11.54
14.01
11.49
7.26
13.57
8.68
7.37
9.75
1.09
-4.18
-6.26
6.82
11.76
12.63
8.41
10.66
5.89
5.71
2.58
7.49
5.8
6.1
12.6
19.26
20.67
15.86
0.77
9.71
9.3
7.24
8.96
4.33
9.07
6.75
4.54
9.82
5.55
9.35
12.46
11.98
10.76
13.21
13.17
13.8
12.89
14.72
18.36
17
5.5
9.71
11.03
7.98
4.46
8.46
1.95
6.49
12.7
11.65
8.11
4.96
5.35
8.61
9.65
12.96
12.33
17.67
18.57
13.07
-5.09
6.1
1.96
8.23
5.71
7.95
11.55
13.74
7.2
4.04
10.87
16.06
3.06
11.81
8.75
6.92
10.93
10.74
15.13
17.02
13.05
9.17
6.61
4.42
14.37
14.67
3.53
11.16
14.87
17.9
15.62
7.7
-1.46
10.73
18.23
14.27
12.07
14.73
11.35
10.64
6.81
3.06
-9.6
-14.47
8.32
9.09
9.83
7.88
7.59
7.55
4.8
8.53
11.79
13.44
14.27
12.3
8.44
8.53
11.53
10.95
14.6
21.42
18.82
6.58
9.48
6.34
5.71
12.63
16.23
17.46
14.78
8.39
7.88
11.68
9.4
1.98
11.14
12.48
8.63
-0.63
13.94
12.38
12.01
13.59
12.78
5.46
3.37
11.01
14.71
14.93
13.03
14.5
7.73
10.59
14.5
14.18
4.02
7.48
12.65
10.24
7.21
11.31
6.39
-5
1.85
10.24
12.42
10.31
7.52
11.77
17.63
16.51
9.31
7.67
8.03
-0.34
11.34
14.96
16.12
10.06
11.52
13.52
10.37
17.78
14
9.53
11.82
6.03
4.91
6.63
4.89
6.24
7.44
3.65
14.01
12.91
4.39
0.78
3.97
4.44
2.05
9.03
11.35
-4.19
9.38
8.63
7.58
-2.61
9.89
4.93
13.65
18.4
11.72
0.92
9.52
16.79
12.57
-9.89
-0.39
-6.54
1.48
3.97
3.21
6.5
15.11
13.7
11.93
12.45
4.36
12.54
5.79
5.52
5.6
2.63
3.35
9.84
16.55
20.71
20.72
12.66
6.88
-3.26
8.39
13.51
13.63
14.39
6.26
13.14
11.23
14.47
14.76
8.61
5.84
11.37
12.79
3.2
-7.92
5.5
9.19
11
13.69
15.09
13.85
11.78
12.48
15.28
12.6
20.69
22.7
17.03
13.39
8.81
17.57
14.95
10.15
8.93
-1.84
1.68
10.17
9.45
10.68
13.51
14.51
9.19
6.51
10.16
15.37
15.96
13.83
12.12
9.98
8.58
15.49
18.8
13.9
4.84
8.9
7.87
1.32
9.38
11.19
16.02
15.52
9.8
17.78
17.76
-0.94
11.24
12.55
9.01
10.61
18.47
16.34
11.75
14.22
1.17
10.45
8.92
11.52
14.79
7.76
8.96
10.51
11.35
8.96
8.91
2.55
5.51
12.69
13.57
14.47
12.55
4.98
11.38
10.92
6.01
11.47
3.43
15.84
15.75
3.77
8.13
-12.6
12.44
11.12
9.39
-0.33
13.06
17.29
14.18
-6.57
13.04
9.12
6.65
-5.45
2.78
11.07
9.61
7.8
13.3
8.81
18.76
17.41
11.49
7.33
2.16
11.21
-1.86
11.79
12.2
11.12
15.33
15.71
14.25
16.93
13.84
8.44
5.09
-1.47
2.93
8.25
10.73
12.69
5.58
0.96
4.7
13.89
13.83
2.5
11.41
14.86
6.85
5.35
9.68
11.21
10.49
10.22
10.79
13.81
12.81
2.62
5.74
14.81
10.48
11.22
15.96
10.94
5.6
10.98
13.22
2.66
7.71
11.79
17.87
18.12
18.71
17.76
16.14
9.29
13.68
12.46
9.54
6.5
5.46
10.31
12.72
14.46
12.63
9.49
5.91
8.91
15.45
10.68
8.82
15.9
15.68
10.94
12.86
13.57
14.08
15.89
17.27
16.82
12.54
9.71
9.56
9.92
14.79
14.55
8.33
9.32
12.73
13.79
7.99
6.49
12.02
18.77
20.48
11.6
11.91
16.02
17.17
17.59
16.51
14.88
13.04
11
4.44
-2.28
7.65
8
6.98
-6.99
8.84
5.88
9.14
14.34
14.42
10.78
3.53
9.23
14.32
17.6
10.89
-13.1
0.9
13.56
17.51
13.94
6.14
6.86
17.07
17.58
12.97
15.97
18.73
17.14
14.53
12.15
9.68
12.3
12.42
9.84
11.42
10.09
11.08
13.96
14.4
11.99
11.69
8.51
6.24
10.99
10.98
12.23
12.03
-2
5.19
-3.59
5.56
7.13
8.16
7.36
16.55
14.4
-2.65
4.33
11.92
19.82
19.01
4.29
7.06
2.83
2.25
7.88
9.55
11.1
12.27
16.56
14.76
8
14.51
17.67
15.95
9.01
11.23
12.26
5.2
3.42
14.37
19.11
17.22
10.12
13.26
14.77
12.76
10
5.32
8.8
9.84
8.23
10.92
10.9
8.54
10.88
13.54
17.37
17.7
10.39
7.68
15.65
16.77
2.71
6.93
2.98
6.34
9.22
8.72
7.95
8.3
13.34
13.47
8.94
11.92
15.14
18.54
19.91
18.38
14.12
13.71
14.36
8.08
13.51
12.86
5.07
10.15
13.26
9.49
14.48
16.48
13.55
12.48
13.85
10.08
8.67
13.13
1.62
14.06
17.5
16.3
9.53
-0.36
-12.47
4.03
1.2
11.48
10.08
8.99
8.8
9.24
13.21
15.24
14.46
11.98
11.42
13.43
12.44
9.88
13.47
14.06
8.19
4.05
8.81
14.25
16.06
12.21
8.9
13.25
4.92
6.04
6.21
8.14
11.72
15.57
11.66
4.27
8.81
15.37
14.7
8.84
4.33
0.47
0.91
-0.99
9.36
12.46
7.44
5.41
7.72
7.91
4.99
5.13
11.77
12
4.67
8.49
6.64
14.12
18.28
16.78
8.71
7.95
12.94
13
12.07
1.16
11.37
7.27
5.74
8.83
12.18
14.78
13.42
10.54
7.42
19.96
21.78
17.33
14.86
12.15
13.68
15.96
12.06
5.32
11.53
9.64
8.33
2.66
12.75
15.35
12.67
8.3
7.71
10.79
15.84
18.56
16.06
14.17
14.18
13.99
12.48
12.9
14.41
12.5
12.43
15.73
15.42
13.29
18.74
22.22
19.7
12.36
1.77
-0.54
10.06
12.03
10.55
13.08
15.48
14.23
9.12
4.15
5.45
11.06
13.88
8.72
11.65
13.96
5.09
7.19
6.31
9.36
11.77
10.93
8.94
6.55
5.17
11.76
15.51
13.64
-11.02
9.75
11.13
15.44
18.78
12.07
12.45
16.53
14.47
14.01
15.04
9.03
9.63
14.92
14.77
12.77
15.61
14.88
11.83
8.34
5.1
2.19
11.68
16.18
13.39
-0.59
4.9
8.66
6.26
9.66
6.09
4.96
9.7
-4.06
10.91
6.83
0.04
4.93
