6.1
9.41
11
9.28
7.23
2.69
5.75
4.5
-8.3
-2.04
10.19
7.19
-8.15
4.57
8.59
5.97
8.55
4.49
4.64
9.53
9.25
12.27
13.2
11.08
5.73
0.88
9.51
11.09
10.37
9.82
5.43
9.97
16.39
15.37
7.67
0.33
-8.17
-1.79
9.44
13.11
10.51
2.03
10.09
9.88
-7.79
10.88
13.74
15.03
14.99
10.49
12.02
13.95
10.92
2.34
-1.7
-9.68
0.54
2.13
1.83
2.33
4.71
-3.69
-1.38
6.38
8.87
10.16
2.67
8.7
13.7
9.55
12.02
13.99
8.23
10.04
14.99
13.44
9.35
14.18
15.31
11.85
10.8
8.65
7.39
9.38
6.26
3.97
12
14.06
3.8
5.82
1.75
7.7
15.22
14.68
13.5
13.34
11.7
10.85
9.63
8.3
6.57
13.53
15.82
10.1
2.5
-2.32
3.25
6.45
7.36
10.69
11.77
8.53
12.26
16.29
14.43
6.53
1.91
12.03
15.41
12.57
1.69
4.7
6.37
8.24
0.53
7.14
15.22
16.18
13.17
11.6
11.43
10.05
13.16
9.21
-0.86
11.93
8.94
0.78
0
12.46
15.37
15.17
12.82
4.68
6.08
5.85
5.66
5.69
10.62
10.25
9.92
10.9
2.48
5.24
12.82
14.17
8.74
4.82
12.45
11.29
4.43
6.81
4.06
6.63
10.64
9.64
-2.34
4.99
5.91
11.48
12.33
6.38
-10.67
4.54
10.16
10.94
11.24
7.84
3.85
4.99
3.12
0.04
8.47
12.69
12.92
2.4
10.33
8.81
11.86
11.79
-2.73
14.29
15.92
10.99
1.45
-2.95
3.91
12.7
13.62
12.49
9.35
-2.16
-2.41
8.2
11.28
9.93
3.26
6.94
8.89
9.74
2.78
2.37
6.4
11
13.04
6.16
11.23
13.5
10.44
6.06
-3.69
4.56
9.83
10.48
12.78
8.57
8.46
7.18
6.12
0.91
1.27
6.75
9.06
5.47
9.13
11.38
2.48
7.41
3.35
2.44
2.45
6.4
7.82
6.49
-0.64
7.31
6.91
-2.41
7.04
12.19
10.62
11.45
13.97
10.95
-1.15
-11.83
7.97
12.86
11.87
7.12
3.72
8.05
10.06
-3.1
10.07
11.72
10.97
13.9
15.14
12.62
2.21
1.34
9.36
13.21
10.63
-0.55
7.23
5.43
-2.18
-0.94
3.47
13.87
16.8
14.39
6.37
-2.69
7.98
10.22
6.32
5.96
10.85
9.2
9.65
15.21
15.79
10.49
5.59
13.15
18.53
17.07
9.64
5.81
5.02
8.94
13.17
14.61
14.06
15.19
13.13
7.3
8.6
5.59
6.85
16.18
16.13
11.48
7.37
2.69
3.23
2.57
4.93
9.25
13.69
13.66
13.82
12.14
12.27
9.81
3.71
12.78
12.8
7.07
14.8
10.01
5.5
10.5
8.82
4.89
2.9
5.85
7.28
4.28
-3.68
-0.67
2.98
6.03
7.03
8.3
13.27
12.05
10.21
8.32
14.37
14.45
11.17
1.72
-4.08
5.95
10.77
8.95
6.94
13.57
8.53
3.29
0.04
0.68
7.04
15.52
16.76
7.55
12.3
12.04
9.22
14.6
12.23
1.15
5.19
9.69
8.8
10.29
10.23
6.89
-1.99
13.53
12.62
2.12
6.25
-10.7
10.25
8.26
11.51
12.47
10.86
6.06
-5.43
5.96
2.09
9.19
13.08
4.24
5.6
8.91
3.26
4.69
9.17
10.1
6.69
2.31
13.17
16.71
13.04
7.04
-1.62
7.52
5.11
6.7
6.01
8.71
5.01
-2.04
-2.56
7.93
7.38
3.17
11.56
14.82
3.51
11.53
13.74
15.1
15.55
14.23
-1.46
14.44
15.8
9.26
3.84
-3.97
8.53
10.31
11.08
6.83
-3.79
6.71
7.1
6.72
11.11
8.75
15.62
10.65
16.44
18.52
13.6
6.92
10.67
-1.71
12.01
11.58
9.48
5.87
2.57
5.14
6.92
2.41
6.71
2.45
7.4
8.43
10.98
9.15
-0.17
8.18
12.64
11.77
9.87
9.65
7.01
5.01
7.15
6.58
11.03
10.71
5.87
7.06
3.69
-3.51
10.9
16.36
16.07
12.82
13.06
9.56
1.79
4.88
6.88
7.54
-5.19
10.89
12.03
7.27
6.45
9.74
11.47
9.01
6.79
12.22
7.8
9.6
10.65
6.24
11.83
13.19
12.57
17.38
19.07
14.01
8.89
9.49
7.58
-11.76
5.68
8.41
3.6
7.92
11.08
9.31
-11.58
0.64
-0.34
-7.75
1.55
7.82
6.6
8.37
8.15
11.33
12.02
13.62
7.9
10.76
13.47
7.93
12.79
8.09
8.63
13.88
13.71
11.14
9.86
7.7
3.67
-1.16
6.04
7.73
3.18
1.89
7.36
4.58
-6.72
6.38
5.36
1.37
7.97
10.06
13.94
10.64
-7.57
8.63
8.16
7.03
10.53
13.25
14.06
13.52
9.44
8.09
-0.88
7.83
11.29
9.62
5.98
2.74
4.62
-2.84
-8.63
5.72
9.84
1.19
-15.54
-4.3
4.39
10.69
9.82
7.64
6.27
7.85
11.29
7.84
4.29
13.2
14.76
14.34
10.06
9.26
10.54
6.44
10.51
10.93
13.77
9.39
-1.92
8.04
4.05
4.82
10.12
2.02
6.21
9.46
11.95
6.9
0.07
5.38
9.42
11.72
11.17
11.98
11.19
12.75
14.28
15.04
13.95
11.59
11.1
9.42
5.12
10.2
13.67
12.64
8.97
2.68
9.01
9.57
5.68
-1.57
2.79
-11.87
8.81
10.12
2.18
5.46
7.2
4.96
4.53
9.01
10.03
7.48
-0.73
2.37
13.29
7.74
10.73
10.41
7.83
13.72
10.24
9.71
8.6
5.59
6.63
6.42
3.85
8.39
6.06
8
10.97
11.14
8.97
10.54
12.07
11.73
8.2
2.88
4.41
3.13
1.97
10.45
18.64
16.96
11.59
11.2
7.37
4.42
12.3
11.43
6.91
10.55
2.7
11.87
14.31
8.88
3.77
3.46
11.93
11.49
0.38
-0.73
-9.47
6.43
10.59
11.77
12.4
12.09
15.28
15.02
9.11
-8.52
8.68
8.58
-5.91
6.42
4.18
-3.33
5.6
6.57
10.44
14.04
10.66
7.86
8.05
-4.62
5.56
6.54
9.93
4.81
4.15
6.31
8.13
-4.4
9.91
10.05
3.12
6.48
13.69
12.61
3.35
9.24
10.93
1.15
13.09
16.48
13.8
14.71
15.77
5.72
11.57
9
5.5
0.11
2.44
9.09
11.63
11.59
12.55
10.4
7.69
4.67
10.52
7.62
9.96
16.64
15.49
11.42
9.74
6.19
5.92
14.11
13.56
4.83
8.61
5.01
5.75
6.72
2.36
7.18
9.96
10.25
4.87
8.1
5.83
8.93
7.34
12.89
13.18
5.88
3.22
9.91
8.81
-2.72
8.96
11.38
1.06
14.68
22.19
18.27
9.78
20.35
20.9
22.34
19.07
17.29
19.61
21.12
18.09
14.08
17.57
11.73
12.89
16.05
12.68
14.11
15.01
24.91
26.64
24.21
20.07
19.23
24.06
25.53
22.6
21.37
19.26
20.33
23.04
25.8
25.31
21.82
21.52
20.81
20.75
23.7
19.81
12.56
19.11
21.18
20.3
9.41
14.01
15.53
19.97
10.94
21.23
22.81
24.72
28.84
25.37
20.26
29.3
27.43
19.45
16.66
15.41
16.5
12.75
18.6
22.81
24.12
23.58
20.04
21.59
20.56
15.44
9.66
17.9
20.94
21.06
15.69
9.97
21.51
23.74
22.24
15.37
25.7
23.97
21.06
23.33
25.63
22.03
15.94
19.67
21.93
23.14
24.14
19.72
20.16
26.74
24.47
21.01
24.58
25.22
20.94
12.87
20.22
21.74
21.74
21.76
18.64
12.95
18.98
18.18
6.97
10.6
0.01
13.26
13.81
15.46
12.36
15.75
7.32
7.3
11.04
22.37
25.56
25.26
20.89
5.87
13.5
18.75
7.9
12.98
10.24
10.86
22.49
22.86
15.67
17.35
13.3
17.91
22.22
22.82
18.62
14.29
22.02
17.77
16.74
24.3
25.05
22.35
21.47
26.19
29.22
28.35
27.17
26.2
18.99
13.67
17.42
16.54
2.02
5.12
21.46
28.86
28.93
16.57
20.47
24.11
24.07
27.89
25.21
3.77
21.47
17.86
16.37
20.23
17.05
22.48
20.13
23.5
27.47
22.61
17.46
15.82
11.68
17.24
23.56
22.34
18.67
14.97
12.96
15.55
17.12
18.33
26.32
19.53
20.78
16.27
16.94
17.11
14.92
22.17
23.49
16.79
25.78
25.65
24.12
25.38
23.77
16.66
23.03
18.22
14
11.67
6.29
22.11
27.32
25.91
12.15
22.48
24.63
22.94
13.04
20.31
24.59
22.45
17.05
11.79
11.25
16.84
18.81
8.18
22.69
22.86
26.25
27.09
21.17
11.18
17.41
13.31
19.46
18.89
21
21.76
20.44
21.13
23.56
22.76
15.36
11.63
14.07
10.05
14.45
12.61
16.38
13.04
18.28
21.52
24.64
26.17
25.82
25.38
25.63
23.37
22.09
21.91
25.9
28.29
25.98
17.11
-8.7
8.78
22.7
25.17
19.06
14.82
19.77
22.12
22.7
14.52
14.07
5.38
17.33
16.44
9.37
6.33
-1.2
3.16
16.48
24.21
23.51
22.92
22.62
22.96
21.95
15.12
14.15
12.76
-0.23
8.93
24.95
26.36
16.41
21.68
17.72
15.44
22
22.28
18.1
11.16
19.49
18.38
17.75
18.1
12.78
22.32
23.6
22.44
23.4
22.65
16.39
10.02
13.16
12.96
14.89
18.19
10.76
18.32
14.27
13.72
17.22
15.65
16.76
18.87
20.23
20.37
15.38
13.37
4.77
10.57
18.71
20.72
17.95
5.03
14.98
17.82
7.85
14.3
11.32
14.69
13.45
18.35
16.76
16.7
9.2
9.71
9.24
15.04
17.17
19.05
12.14
-5.76
-0.76
9.96
10.43
2.78
12.48
13.44
13.55
18.91
17.14
8.54
16.41
8.75
4.81
2.21
7.3
14.74
16.45
14.81
8.31
11.11
16.56
17.23
14.05
8.36
-7.62
5.88
6.74
14.21
9.02
9.81
5.87
1.19
-2.57
5.4
13.64
14.56
11.04
14.47
16.75
13
11.75
17.14
3.8
19.88
21.7
21.94
22.13
17.16
19.65
21.77
19.07
18.65
22.43
24.61
28.34
26.87
23.47
24.22
23.64
21.84
24.05
26.41
23.5
19.12
21.68
25.22
24.86
26.2
27.65
26.15
25.68
23.3
20.46
18.32
23.13
25.17
24.11
26.51
25.42
22.97
16.99
21.94
16.96
12.72
19.19
22.57
25.18
26.95
24.29
20.2
11.39
11.63
14.5
19.6
20.57
21.1
25.93
25.73
23.8
23.1
18.48
-1.24
18.36
25.85
27.92
26.48
17.84
21.48
25.64
24.86
27.75
24.57
21.77
21.5
14.23
14.89
24.46
27.68
26.15
21.94
17.27
24.78
27.51
26.93
26.61
27.95
25.48
16.86
20.24
16.05
15.34
20.86
21.5
11.72
13.58
11.38
17.58
24.67
25.79
27.4
26.14
16.2
6.64
16.38
18.37
11.65
24.5
20.42
18.43
24.91
24.83
29.13
29
25.96
24.58
19.47
22.31
17.44
22.95
19.69
19.59
23.06
12.6
20.56
21.08
20.96
21.75
21.29
23.97
23.06
17.04
22.94
11.09
15.31
18.86
21.53
23.17
23.25
20.85
13.24
14.61
13.19
9.44
9.89
12.87
15.07
13
18.42
22.41
19.65
0.09
21.42
25.15
23.87
25.44
24.45
13.77
12.47
12.39
16.59
5.69
19.62
24.05
23.36
25
23.6
23.8
23.7
23.78
23.42
20.33
15.16
10.81
11.23
19.86
17.73
22.35
18.02
24.16
17.9
11.13
18.76
22.86
19.98
18.47
16.03
21.83
19.53
9.88
19.17
21.64
22.02
23.18
23.64
22.13
21.82
22.23
20.7
21.37
14.77
14.83
21.05
23.61
22.07
17.43
17.95
20.07
21.1
18.15
16.66
24.02
23.5
11.41
23.24
22.52
23.49
22.24
18.41
21.79
24.11
21.7
15.08
18.37
23.23
19.99
17.71
16.99
21.96
23.97
27.03
28.09
25.69
23.44
16.68
9.5
11.83
21.73
23.11
21.62
17.85
14.61
22.1
25.77
28.13
29.55
26.39
20.94
-4.87
16.9
18.85
24.71
26.15
24.78
11.11
11.55
10.02
16.82
21.17
19.51
20.54
8.19
20.28
24.22
24.59
24.28
23.51
18.75
5.9
19.98
18.94
19.11
21.45
24.42
24.01
-0.25
21.18
18.95
16.33
23.77
20.33
19.09
17.63
23.28
24.32
22.51
19.61
11.77
14.23
18.78
19.27
12.02
17.29
18.92
18.33
20.19
18.53
14.65
15.28
12.69
13.2
17.97
19.86
20.93
20.45
17.12
22.79
23.19
21.81
12.5
18.61
19.16
15.92
13.62
19.65
20.84
20.37
19.7
20.81
20.98
16.38
16.95
19.67
17.92
12.35
15.97
19.42
10.61
10.1
17.38
21.11
18.18
16.04
11.19
16.09
19.17
21.37
18.64
20.2
17.43
11.73
20.17
20.26
22.58
23.65
20.09
14.79
5.78
0.97
16.85
18.56
15.53
15.97
13.75
14.81
2.44
12.66
14.36
17.23
17.54
14.03
13.61
16.57
15.51
17.37
19.29
19.74
21.06
19.15
15.78
18.2
14.06
-0.73
8.8
14.48
11.84
12.46
12.96
-2.23
15.1
18.52
18.11
18.26
16.12
21.11
24.5
21.23
9.56
11.3
14.52
9.77
12.77
21.27
20.59
9.19
18.43
21.75
20.82
20.52
14.68
11.12
21.87
24.5
22.05
19.33
12.15
14.03
21.22
24.04
19.9
15.23
26.97
31.35
29.26
25.15
12.78
24.13
26.81
20.51
9.11
21.74
26.62
25.55
20.2
2.28
12.32
20.67
19.87
20.49
23
20.97
16.39
19.03
19.5
24.53
23.13
10.23
16.66
16.35
10.42
9.07
20.7
25.04
23.99
23.88
22.66
21.44
20.54
21.51
18.73
18.54
15.95
19.27
23.71
25
22.28
19.27
24.7
23.55
17.24
23.39
24.42
26.08
29.6
28.72
20.73
7.02
5.44
18.28
20.18
16.89
14.83
16.92
15.04
23.85
22.46
15.85
26.21
27.46
27.37
23.69
18.13
8.25
16.38
19.45
18.87
0.07
21.99
15.32
22.13
28.34
28.27
24.5
22.78
21.78
23.72
20.11
14.57
16.32
16.91
20.61
18.03
15.73
20.23
15.17
10.88
8.81
14.66
24.03
24.84
20.82
19.86
17.17
14.55
18.52
22.6
21.44
23.49
22.83
13.88
14.29
22.66
20.81
10.37
14.19
19.51
25.36
28.91
28.1
21.77
21.36
27.08
26.91
22.2
16.63
26.99
30.94
20.17
26.81
23.5
13.41
17.44
18.9
16.36
20.74
26.84
26.02
15.41
5.4
17.54
22.02
23.54
26.96
28.17
26
29.26
32.78
28.63
9.79
27.24
30.85
27.7
23.73
5.28
19.72
18.41
5.08
17.52
16.1
15.74
6.8
15.35
7.89
13.6
7.84
21.58
22.24
25.27
26.71
19.53
10.76
31.15
42.62
44.47
37.65
23.28
15.95
20
14.67
21.26
24.37
20.62
14.09
22.74
27.16
24.71
9.77
20.55
21.9
25.27
25.56
16.96
16.45
17.55
19.39
19.88
16.88
9.45
30.64
42.94
44.85
37.9
23.09
22.68
23.05
21.44
21.23
17.08
-1.27
22.89
24.42
-9.59
16.36
17.37
22.38
21.16
19.57
10.26
10.05
21.11
27.24
29.41
28.63
27.8
29.1
25.77
7.32
13.02
13.74
7.96
11.78
22.58
26.81
23.93
17.47
20.21
22.91
26.48
25.19
19.63
7.79
17.58
-12.15
23.33
25.46
20.37
26.24
28.75
28.12
27.1
23.76
34.93
41.98
39.79
25.92
16.35
8.96
14.86
24.74
27.13
25.49
20.91
27.03
31.61
27.24
18.16
17.41
12.04
18.87
20.17
11.55
14.49
19.18
19.59
18.2
14
22.97
23.88
24.97
21.34
30.84
42.96
45.17
37.27
25.41
25.87
17.69
20.06
24.58
26.4
19.59
21.71
27.74
24.93
23.83
23.48
14.35
24.37
21.78
18.81
20.35
19.25
7.47
21.22
25.4
27.83
26.59
19.88
19.26
21.69
14.8
21.66
25.79
22.57
24.8
22.02
18.44
19.55
20.9
21.98
21.25
7.84
21.87
25.25
23.79
23.85
24.48
22.46
17.06
3.19
9.46
20.78
34.33
43.98
44.81
35.65
19.91
27.77
28.83
26.64
26.09
21.86
12.04
20.18
20.76
20.73
20.64
21.91
24.02
22.43
14.95
13.58
21.15
20.96
18.17
22.51
20.1
10.41
14.81
21.59
22.7
25.36
25.44
20.05
19.62
15.73
15.7
22.39
20.65
17.1
22.57
23.47
21
12.69
9.81
16.86
7.74
24.67
30.34
27.48
22.35
22.45
22.37
23.89
24.27
21.82
19.22
17.76
12.59
5.63
12.95
10.78
11.34
18.64
21.94
20.54
14.66
21.56
24.98
26.17
25.03
8.32
23.86
28.19
29.6
34.46
37.53
33.15
11.21
22.93
24.97
26.79
26.37
23.75
24.87
32.97
32.64
24.72
22.25
29.02
35.74
35.39
27.49
37.18
42.59
40.58
32.09
27.94
23.5
27.86
28.78
20.59
24.1
22.83
29.73
34.87
32.28
23.3
22.94
21.22
24.99
26.93
26.47
20.63
15.53
24.16
21.13
22.45
14.7
22.97
30.71
31.92
30.13
23.7
17.28
17.79
21.49
25.55
24.14
17.99
12.45
21.33
25.42
27.63
30.02
20.09
26.55
26.95
19.83
17.7
15.38
6.4
20.53
26.65
32.95
30.73
29.57
30.31
22.45
25.78
28.46
28.68
29.91
43.44
49.54
46.37
34.32
18.52
17.56
27.96
31.3
30.16
22.18
42.49
47.95
43.74
28.35
25.31
22.41
13.98
21.44
18.88
25.85
17.23
21.94
24.97
27.41
30.58
29.54
25.12
26.74
28.04
15.68
27.54
27.66
14.71
19.42
27.99
33.7
33.4
21.98
30.09
32.55
25.42
32.18
30.49
22.94
24.68
28.46
27.35
25.5
24.9
15.84
20.8
27.36
26.74
10.2
24.03
26.43
26.11
28
30.02
28.25
26.24
26.42
20.86
18.86
20.79
26.03
26.35
28.93
28.42
14.86
17.08
25.16
29.34
29.25
24.7
20.05
16.45
23.01
29.24
30.24
30.52
29.52
25.28
20.91
28.84
28.81
27.93
28.23
19.97
27.27
30.08
27.22
24.54
28.58
21.86
27.72
31.12
28
19.22
22.99
30.01
32.32
31.85
29.82
27.04
23.96
31.98
26.22
24.07
20.99
15.66
27.53
29.8
28
29.8
30.55
28.84
26.22
23.11
20.65
29.72
33.11
31.16
24.48
20.06
26.37
29.53
30.63
29.26
24.95
17.45
19
28.44
32.24
25.5
22.91
24.42
6.67
21.63
26.41
28.53
28.22
25.62
24.38
28.3
28.54
29.28
31.22
25.29
22.78
28.84
28.1
28.94
28.57
28.01
31.2
32.19
30.45
28.52
23.31
11.45
24.81
26.59
25.3
25.74
28.16
27.53
17.55
28.61
28.83
21.11
21.3
27.54
27.99
25.65
14.25
25.79
30.4
27.87
26.53
28.74
26.85
17.76
23.3
26.87
23.53
17.46
22.32
22.38
10.56
16.49
10.92
12.92
17.56
16.59
20.13
27.16
27.88
28.35
25.82
16.43
18.57
17.32
22.99
27.68
26.14
24.91
26.26
26.36
24.62
24.52
21.65
15.19
21.32
21.07
4.31
21.59
22.3
24.13
27.37
27.91
25.71
25.73
27.5
24.88
22.18
24.79
21.33
14.15
20.84
20.48
27.49
30.09
29.58
28.31
24.5
24.63
25.57
25.94
23.93
19.06
20.03
21.13
21.64
25.27
22.68
7.75
24.22
28.06
27.47
25.66
23.59
18.64
21.41
24.66
21.58
16.13
27.53
23.24
15.93
23.5
28.19
25.38
19.86
19.97
16.29
9.27
16.09
9.81
17.99
23.89
13.67
25.82
29.64
24.65
21.81
26.94
14.75
22.26
21.02
16.49
21.38
15.94
22.36
24.72
21.22
19.52
7.66
19.43
22.54
13.75
13.3
21.16
21.78
20.09
20.81
21.63
25.18
24.26
16.17
26.04
26.49
19.17
21.97
23.51
19.93
16.94
14.33
19.91
17.23
18.12
24.62
19.35
14.21
23.43
27.08
25.74
17.85
27.8
29.05
23.76
22.69
29.57
27.14
21.56
29.28
23.62
23.18
29.37
25.88
15.11
24.7
20.73
25.49
26.93
28
26.48
21.53
31.74
32.14
25.67
29.68
29.4
26
19.94
26.25
31.91
28.52
8.83
26.29
24.96
20.96
16.14
22.58
25.37
18.35
19.92
27.86
26.62
17.97
19.52
26.04
22.7
25.32
24.66
26.64
29.3
27.4
27.25
31.12
25.22
21.39
25.26
20.57
22.81
25.7
14.45
19.95
28.25
31.06
24.8
20.33
18.98
-16.48
17.84
22.61
19.13
23.21
33.62
39.11
34.69
21.12
24.46
29.74
27.23
17.53
15.81
15.24
10.96
16.64
26.29
23.59
22.47
27.75
27.83
25.78
20.47
28.04
30.73
28.2
23.85
12.15
26.74
28.89
21.14
21.92
29.44
31.25
26.42
19.39
26.81
24.78
25.72
22.72
17.81
22.72
21.33
21.64
12.46
21.08
12.77
21.37
22.83
23.3
23.53
22.88
17.2
17.35
22.81
17.69
21.4
26.69
24.69
18.39
14.05
14.49
22.54
18.21
16.72
16.96
22.94
26.59
27.1
26.77
21.2
18.28
27.3
26.94
18.5
23.95
30.5
30.93
27.87
28.02
27.2
26.89
24.45
13.6
20.34
23.66
25.93
26.55
23.29
17.53
25.4
27.1
22.47
-3.23
18.87
23.21
20.5
15.06
22.67
22.67
14.89
22.62
18.56
16.01
10.85
10.49
12.5
12.82
17.74
19.02
25.1
28.54
25.65
9.91
23.32
21.67
16.76
21.95
23.03
20.71
15.72
3.39
3.2
17.11
22.24
23.36
10.27
20.89
5.98
22.62
23.44
19.27
22.83
16.26
21.76
25.77
19.21
15.88
18.29
10.02
20.48
25.2
27.44
25.91
18.88
13.11
10.47
8.46
20.33
19.52
13.99
1.57
21.36
25.37
24.9
22.52
1.31
18.53
19.94
25.5
26.62
22.73
18.49
21.4
23.58
26.46
24.72
7.85
22.76
23.35
24.27
25.52
23.06
18.59
19.58
20.56
20.56
20.49
23.86
25.11
21.93
23.36
25.1
19.83
13.29
14.33
7.29
17.4
21.36
23.81
23.09
15.96
15.86
10.57
16.46
11.55
7.93
11.32
17.8
16.23
19.07
20.97
22.89
23.32
21.37
11.48
-4.17
13.28
18.31
24.4
23.1
15.37
12.62
19.42
16.59
6.39
8.01
19.32
23.5
21.87
20.48
21.54
18.61
18.15
16.83
17.66
22.61
19.88
10.39
21.28
24.07
21.58
20.48
18.04
9.84
17.58
26.2
26.97
22.51
21.81
27.46
27.24
22.24
19.01
22.37
19.55
18.99
8.63
18.14
22.99
14.78
20.4
20.03
3.48
11.34
9.77
20.11
23.92
27.09
27.14
20.91
15.39
19.88
19.06
24.43
22.86
18.69
16.5
12.1
5.57
9.51
18.33
24.07
23.24
23.31
22.06
17.04
17.53
16.43
13.24
19
14.54
18.66
25.72
25.9
19.8
19.92
22.67
20.01
17.32
16.2
11.17
16.37
17.52
13.52
15.65
22.5
23.41
21.75
20.39
20.83
19.69
16.85
15.42
14.63
19.59
20.11
16.63
18.82
24.38
21.97
7.6
18.12
19.77
19.87
22.34
23.35
19.24
10.91
14.58
8.16
15.82
21.35
17.45
13.73
21.58
10.94
14.88
16.25
19.96
23.43
15.67
4.74
10.04
19.62
20.09
20.17
23.72
23.69
18.4
22.28
22.35
20.55
20.25
22.85
22.39
19.46
20.52
21.73
21.01
17.77
16.51
15.62
17.89
15.92
6.46
21.72
20.62
15.12
21.26
19.98
15.54
16.34
16.11
4.38
18.49
21.67
17.84
20.17
24.66
21.83
18.84
24.32
20.77
15.61
13.76
13.89
14.02
14.23
17.55
15.85
19.35
18.58
21.01
22.36
17.8
19.09
22.44
22.5
9.07
24.68
23.81
17.6
21.71
23.74
23.71
17.65
3.47
16.58
20.98
17.01
16.69
10.92
13.16
14.11
7.79
16.49
21.42
25.84
26.81
24.71
21.45
19.48
20.29
17.26
18.53
16.43
22.21
12.96
22.12
19.99
11.67
24.21
23.37
22.77
25.66
26.02
25.67
24.04
19.14
17.59
18.78
18.34
16.08
8.95
10.84
10.72
11.12
16.58
12.85
14.12
22.28
23.26
22.4
20.25
17.04
16.16
15.19
13.34
16.87
21.55
24.93
24.23
23.35
22.28
22.83
26.71
26.1
15.2
11.84
12.23
14.7
22.8
20.49
4.87
9.97
22.66
18.94
16.49
21.97
26.48
34.79
38.6
35.87
27.8
21.08
13.93
18.68
20.72
17.37
15.38
18.61
18.5
15.7
11.76
7.24
15.42
18.82
14.92
18.25
21.68
22.09
20.8
24.5
25.1
18.59
17.76
18.37
13.81
15.76
14.39
7.25
20.45
24.28
21.95
15.26
15.75
18.34
20.75
25.78
25.29
13.74
17.5
17.28
19.76
19.01
16.74
16.86
14.1
10.39
20.18
23.74
20
11.51
13.2
18.8
24.86
25.21
24.3
21.38
19.43
21.9
23.8
22.85
18.66
14.41
14.51
18.81
16.83
16.13
12.81
16.41
2.18
16.05
21.96
22.41
19.31
20.23
22.56
22.98
22.17
23.76
23.08
19.69
16.25
17.11
13.62
12.62
19.43
20.89
23.81
25.34
23.35
20.72
18.89
20.89
21.84
13.31
10.06
18.43
21.58
21.34
24.18
22.65
18.51
21.88
25.39
23.09
21.28
18.91
19.62
19.67
21.12
20.5
18.76
21.13
22.65
25.11
28.56
24.94
23.21
22.78
23.07
20.57
16.57
22.42
20.91
20.07
23.44
23.2
21.14
23.51
23.23
16.46
4.21
16.82
20.43
17.08
4.97
9.8
16.11
17.59
19
20.75
20.07
16.73
17.21
19.57
18.75
15.92
13.6
18.72
20.1
18.76
18.13
17.61
19.99
21.4
19.63
13.96
13.41
0.83
13.73
20.21
23.46
21.86
20.39
23.15
23.59
19.53
15.43
19.53
20.35
20.92
19.13
19.19
22.44
22.7
22.78
24.62
23.49
19.47
15.25
16.8
18.76
17.53
15.93
19.94
22.41
20.13
16.69
16.17
20.37
21.32
16.94
3.33
12.91
16.41
19.61
17.45
19.59
17.89
16.92
19.88
22.69
19.47
15.44
15.59
18.34
22.37
23.7
23.04
19.18
19.17
21.83
19.52
12.62
15.93
16.33
15.33
9.52
11.33
16.94
20.33
19.1
16.18
20.32
20.01
20.84
20.93
20.55
15.84
11.04
20.6
25.57
26.01
21.49
2.82
9.83
18.46
21.16
21.66
19.96
19.3
18.79
9.58
16.67
16.44
18.24
20.69
18.69
10.15
10.53
19.9
22.27
20.92
11.86
11.13
1.63
12.81
16.08
17.68
16.29
16.68
16.97
9.99
13.03
6.44
10.83
3.13
3.29
16.11
20.54
19.47
17.51
16.04
11.5
9.15
15.84
20.92
18.94
14.82
16.25
-3.01
14.11
11.8
15.06
15.57
18.52
16.99
10.05
1.25
3.56
4.38
13.36
16.54
17.92
22.48
21.01
14.01
9.64
12.47
12.42
16.64
18.03
16.08
13.92
18.91
19.13
9.79
10.68
18.55
22.42
19.2
-1.17
13.73
18.24
19.18
20.64
19.93
11.32
14.3
17.35
15.35
9.21
13.92
15.6
18.34
18.92
16.39
5.43
10.82
16.55
18.01
17.97
14.47
12.73
10.81
10.19
16.3
18.49
13.21
7.71
11.35
12.05
5.12
7.88
15.23
14.46
9.73
10.78
6.18
7.48
11.9
15.34
17.18
17.65
17.02
11.43
14.72
17.43
13.65
11.14
13.18
10.48
4.56
11.95
15.61
13.65
-1.01
13.4
16.39
4.06
9.4
15.65
20.49
19.02
14.09
13.78
17.97
17.77
12.48
7.28
-1.49
12.62
15.21
6.61
11.4
12.62
11.04
18.08
18.05
14.01
14.64
17.14
14.4
9.81
11.42
14.96
13.61
-5.89
10.94
10.6
9.27
15.67
14.9
14.7
18.53
20.07
17.53
5.19
14.44
15.02
12.96
12.41
11.9
14.78
10.23
0.86
2.27
-6.85
2.74
12.86
15.56
13.61
9.54
12.85
14.73
13.59
5.07
15.14
16.35
14.98
18.36
14.79
14
19.41
17.97
11.8
9.97
15.42
7.37
14.71
18.98
15.94
10.48
17.17
15.17
12.41
11.04
12.81
18.81
17.8
17.48
17.82
15.24
12.19
9.83
10.38
15.03
13
9.77
13.79
15.32
17.83
17.34
17.49
16.5
8.78
1.66
9.33
10.05
12.03
20.02
20.87
18.42
11.4
18.47
21.35
17.92
10.14
8.57
9.87
12.59
13.49
21.46
24.16
21.25
11.12
14.9
18.79
21.29
16
1.57
8.39
15.61
13.41
5.83
5.48
8.1
0.08
7.07
16.1
18.63
16.62
16.08
12.06
6.96
9.68
6.42
10.97
9.36
1.26
10.98
12.89
17.18
18.64
17.58
19.86
21.68
19.32
11.31
1.77
0.17
17.79
19.37
17.08
21.75
21.12
19.5
20.36
19.4
18.73
18.39
16.02
19.63
13.86
11.24
13.74
15.27
18.98
21.15
21.39
21.87
20.66
17.64
18.51
16.58
18.25
15.29
17.59
17.66
-0.08
16.34
17.95
14.24
12.7
15.14
16.66
9.23
7.96
2.9
15.2
17.05
15.36
16.81
17.51
7.14
18.86
23.16
18.37
19.54
23.53
21.43
12.84
3.62
6.02
10.89
13.35
10.84
12.16
18.26
19.72
17.82
15.14
11.64
7.14
0.3
6.16
10.48
9.33
14.24
14.74
12.18
18.13
19.95
18.74
19.82
20.39
17.35
15.44
10.62
7.02
3.29
9.87
7.65
9.45
11.53
10.87
13.96
11
9.68
16.99
16.84
13.76
9.56
2.99
12.46
18.66
17.9
11.72
1.77
9.29
-0.53
7.24
-0.21
8.55
18.9
21.27
18.56
18.41
13.99
7.15
12.26
13.89
12.1
8.26
4.62
11.09
16.69
16.38
9.63
2.42
1.53
11.19
11.28
9.08
11.54
11.79
10.28
11.2
9.84
2.28
10.17
11.84
2.91
18.82
11.12
17.44
22.2
20.18
18.03
16.08
15.66
10.68
15.76
19.85
21.87
20.55
19.25
19.9
18.35
10.55
20.47
20.64
10.65
16.8
18.2
16.53
13.15
19.38
20.98
19.18
19.46
21.02
19.91
-1.75
17.65
17.26
21.39
21.24
14.13
3.83
16.31
20.65
15.89
2.87
-9.4
13.67
-2.78
15.76
18.46
16.51
18.6
20.89
18.25
3.12
17.74
15.17
14.54
22.01
20.08
18.1
19.31
19.01
13.1
15.47
11.22
17.37
16.31
16.08
15.24
11.51
13.27
16.34
12.2
14.12
20.5
23.16
19.04
14.9
7.64
15.79
14.03
12.93
13.23
15.39
18.66
18.27
18.01
15.94
15.46
10.76
2.23
-0.46
9.77
12.16
9.16
17.01
16.5
11.4
13.69
17.47
14.65
-0.92
9.01
15.53
13.07
8.8
16.38
9.29
13.24
16.45
19.37
16.78
16.04
17.76
17.82
19.58
17.64
11.36
4.54
9.99
10.33
-1.02
10.91
12.56
13.6
17.34
10.7
14.99
15.71
10.53
8.43
15.01
18.09
16.42
9.36
-1.83
4.81
18.53
22.19
17.87
14.58
14.46
12.86
3.61
-8.7
2.84
0.8
-3.85
10.59
13.86
18.07
19.46
17.18
14.22
13.66
12.72
20.07
21.47
17.45
8.21
11.48
18.65
14.65
16.87
18.77
10.93
16.62
15.61
10.61
11.04
16.01
17.54
8.83
15.9
14.09
18.24
21.92
16.59
15.1
20.97
16.2
17.08
22.93
23.53
19.81
16.2
19.4
19.68
9.47
15.24
11.66
10.05
20.71
21.63
16.38
7.62
17.09
19
18.84
17.93
16.41
18.12
17.64
16.27
7.3
15.75
7.91
10.51
5.11
11.95
13.8
8.73
17.5
22.8
18.86
16.64
17.22
19.91
22.58
21.61
18.76
19.35
18.13
15.33
7.84
6.55
10.46
9
12.39
15.07
14.67
11.52
9.06
11.19
17.93
20.49
16.98
15.71
18.7
14.14
10.49
12.5
18.36
19.45
15.74
14.62
2.66
14.52
16.63
12.61
14.15
17.55
19.23
18.38
18.52
21.79
20.94
21.72
20.42
15.59
14.08
16.68
20.7
20.48
14.87
15.41
13.57
3.07
2.57
9.42
12.85
10.59
14.63
15.79
13.21
10.75
-1.53
3.17
4.58
17.85
20.66
19.96
20.38
15.51
12.68
15.84
17.44
18.45
17.43
10.93
18.33
19.05
20.99
21.09
17.12
15.86
14.22
16.36
20.65
17.79
11.61
14.25
14.88
7.63
12.67
17.83
10.58
12.96
12.66
9.76
13.36
10.03
3.01
11.59
16.38
-1.57
10.32
0.59
12.23
14.39
18.65
18.18
13.57
18.95
20.23
12.36
11.42
19.88
14.72
14.2
0.7
12.01
12.34
13.38
14.61
6.55
15.65
13.96
13.57
16.88
6.17
7.84
17.95
21.11
20.55
12.44
13.59
11.84
8.92
18.3
15.07
17.9
21.07
18.11
18.66
14.24
9.9
13.14
15.85
6.9
19.03
17.97
-4.1
10.37
14.84
15.84
9.55
-7.64
11.49
10.23
3.07
9.22
16.18
22.09
22.15
16.03
10.84
15.23
16.8
12.05
11.77
0.41
10.79
15.33
16.47
17.45
14.08
12.67
14.68
15.23
20.51
19.87
18.71
20.3
17.05
14.57
14.08
16.43
12.39
1.87
12.52
15.53
17.08
17.47
20.11
17.17
14.65
7.66
9.4
11.3
10.15
0.78
19.04
19.84
16.45
13.05
13.78
10.69
2.16
12.77
20.17
18.02
16.77
15.96
9.77
18.42
18.52
21.31
19.82
10.59
13.2
15.24
15.58
14.62
13.87
13.49
9.65
13.27
16.09
11.05
7.6
9.69
16
14.07
22.06
22.22
14.95
17.37
15.21
9.46
12.66
18.12
14.65
16.44
17.64
16.44
15.95
6.78
9.11
8.63
12.74
16.69
19.01
17.79
20.28
17.3
17.37
21.59
15.78
16
8.85
11.54
19.5
21.79
15.07
11.22
11.91
17.76
20.82
22.59
20.43
10.5
14.08
10.29
9.1
5.42
16.87
18.23
13.73
10.56
19.52
21.35
21.23
19.68
17.58
19.85
14.23
16.94
16.8
20.06
20.31
23.22
22.47
14.36
13.02
21.28
23.69
20.38
9.34
17.41
19.26
8.6
16.17
16.27
20.16
21.79
18.49
0.32
17.25
19.58
9.47
10.51
21.42
24.61
21.37
-5.59
16.28
20.08
20.83
14.68
14.59
11.89
15.72
16.49
5.6
17.9
22.98
21.36
17.08
15.83
17.81
19.44
8.79
12.38
14.46
12.99
9.32
7.78
12.11
13.23
2.63
16.95
17.14
17.61
20.37
19.74
19.85
16.95
19.23
16.17
-2.69
14.03
12.75
8.99
3.93
14.92
18.33
19.03
16.13
17.11
21.07
21.18
15.88
10.93
20.3
20.83
16.73
-0.73
16.01
15.17
15.83
20.58
15.13
5.95
5.84
6.8
18.09
19.7
13.87
16.96
18.16
18.8
17.94
16.36
21.67
20.31
13.75
10.05
13.37
19.45
20.09
14.92
12.49
20.7
17.34
-1.27
8.23
12.57
17.05
16.83
10.53
9.14
12.28
3.55
16.57
13.03
13.58
17
14.28
5.97
12.57
9.73
18.23
17.97
13.06
10.98
12.5
17.47
21.15
17.88
14.59
19.32
19.39
22.48
23.93
20.95
1.64
18.47
18.3
18.93
10.68
10.83
10.65
3.76
13.89
14.22
3.43
14.74
16.76
17.3
17.12
8.65
8.42
16.47
17.61
14.07
13.54
18.97
21.78
20.34
13.92
8.34
15.65
17.85
15.26
14.35
16.02
8.63
-5.44
15.39
19.36
17.3
15.37
13.91
20.08
20.57
19.01
14.97
2.09
4.99
11.78
15.12
17.4
19.06
18.75
18.93
17.82
16.99
15.76
17.65
9.27
12.58
5.75
11.45
16.1
12.27
14.04
21.28
21.31
17.52
5.3
20.95
22.54
21.98
17.93
17.08
18.35
15.84
11.48
0.15
12.65
11.73
17.13
18.73
14.88
11.38
20.29
17.04
12.86
4.02
16.32
17.4
10.88
17.65
17.14
10.88
6.53
6.52
8.37
13.4
15.29
18.65
16.85
10.12
17.75
19.72
12.6
15.18
14.38
11.84
10.02
8.14
15.66
17.69
11.53
8.28
6.2
18.74
17.19
18.16
18.63
13.99
10.98
12.51
12.48
16.64
19.08
18.76
10.42
14.67
17.03
18.95
20.26
6.97
15.27
16.73
14.8
15.73
17.62
16.69
18
16.41
7.77
14.71
17.02
4.78
11.42
7.56
13.42
-2.91
14.59
12.47
10.41
11.95
9.78
-1.74
12.98
13.79
13.41
15.04
11.28
11.88
9.42
10.84
17.82
18.43
13.57
18.32
14.01
11.32
17.71
19.18
16.58
15.45
10.94
7.25
1.66
7.62
11
12.64
5.84
2.93
14
14.59
11.2
-1.91
10.78
6.69
4
10.43
13.41
13.45
13.03
11.76
2.58
8.72
12.44
14.62
15
14.34
15.86
18.03
18.14
15.91
8.04
13.07
12.59
-2.78
13.09
19.22
19.19
15.6
14.3
16.5
13.94
6.05
9.93
15.99
16.88
9.07
8.1
12.95
11.31
9.93
5.27
11.53
12.08
15.71
14.82
11.2
8.4
15.32
18.73
17.16
5.04
15.37
16.73
11.98
11.71
-2.1
16.21
10.94
17.98
17.76
11.58
2.32
10.12
16.21
13.7
-4.08
13.18
14.91
16.97
18.36
18.15
16.98
13.7
15.71
20.02
20.02
16.36
11.92
7.57
11.11
10.91
7.45
14.7
19.05
19.02
11.53
13.99
17.46
15.89
11.48
4.89
-3.51
13.09
15.51
12.12
3.51
16.79
15.88
10.86
6.2
-5.79
-4.18
-4.61
-0.8
8.6
14.88
14.17
14.56
9.4
8.93
15.32
12.3
8.89
7.4
3.34
7.79
7.18
8.09
12.47
16.19
13.6
13.07
5.12
0.35
6.73
9.34
9.68
11.79
17.62
20.8
20.18
16.23
12.11
18.93
21.9
20.46
18.18
16.93
15.67
13.21
10.32
8.99
15.37
13.56
14.28
15.54
15.98
15.34
7.18
10.38
15.02
14.43
15.22
15.79
14
11.4
8.63
10.74
12.9
9.84
10.09
7.43
11.85
12.26
3.01
11.58
13.93
14.54
6.51
6.31
7.84
8.17
10.22
14.46
14.55
12.82
11.56
11.7
14.68
16.83
19.16
17.08
5.78
11.68
16.73
13.86
-1.61
7.38
12.47
14.73
13.41
16.69
19.82
20.51
19.17
15.2
14.4
14.93
13.77
14.58
9.73
14.79
14.67
13.22
13.48
15.91
14.66
13.48
-0.36
14.21
13.53
4.48
12.68
18.51
17.03
15.23
14.77
15.86
16.65
13.17
-0.48
5.27
8.8
12.51
16.76
19.05
16.98
3.38
4.5
7.27
17.38
19.9
17.02
12.5
9.53
13.14
6.04
9.9
11.02
10.77
14.24
17.17
2.39
17.42
18.6
7.26
12.31
11.55
12.38
16.43
18.69
15.96
10.48
6.53
-1.68
11.81
16.85
16.58
9.04
2.32
8.15
8.68
5.99
11.04
16.7
15.75
10.34
10.85
9.15
15.59
14.25
9.8
17.94
18.8
17.07
15
13.57
12.93
13.85
16.47
16.86
15.08
16.06
17.44
13.7
1.47
8.83
11.04
5.57
15.18
15.8
7.35
9.68
6.92
-0.75
4.79
14.31
19.45
20.46
17.39
10.29
4.7
8.53
9.61
16.26
17.9
18.98
20.36
19.75
17.51
9.61
11.7
7.17
2.98
16.41
18.29
11.37
10.55
14.47
13.1
10.19
-4.02
11.25
13.05
16.85
16.89
8.02
5.56
11.17
12.14
9.18
4.52
8.66
14.09
17.75
19.08
16.58
13.02
14.75
18.49
17.76
16.88
16.66
12.43
0.25
8.93
15.76
17.08
13.68
11.09
12.45
7.43
4.22
11.82
10.63
7.18
12.05
14.45
11.82
11.82
15.85
16.27
16.32
17.66
18.89
15.5
5.44
6.12
4.25
7.17
-0.84
8.56
11.7
10.3
12.54
17.22
17.8
17.42
15.52
8.88
-0.34
13.41
17.95
18.22
14.58
8.87
9.52
12.75
11.81
9.89
14.58
17.1
17.42
14.49
7.32
10.42
-2.96
14.33
17.78
8.1
11.58
12.9
11.26
12.12
15.69
19.83
19.68
17.22
16.77
13.83
-8.33
1
12.63
15.92
13.41
10.34
10.97
11.64
12.63
16.49
14.46
10.34
13.22
15.4
13.64
8.03
6.49
13.47
16.62
16.79
12.7
7.77
9.35
12.79
12.04
11.24
13.06
9.64
7.02
8.83
6.47
13.65
17.08
14.15
9.58
4.88
5.75
8.04
5.44
9.46
2.6
15.45
18.88
14.27
8.18
14.75
14.8
16.45
13.05
9.1
16.88
15.62
8.12
5.9
0.28
-1.35
9.35
15.04
15.24
17.63
16.3
10.64
11.66
15.86
15.61
10.69
14.71
17.35
15.29
15.36
16.55
13.26
10.47
11.43
12.51
11.75
12.48
10.9
7.76
8.07
4.84
0.48
2.37
18.55
22.01
19.35
9.58
6.26
5.35
-2.95
8.07
16.83
10.54
9.46
10.62
3.01
6.48
6.5
17.92
17.26
9.8
14.17
16.73
6.91
12.41
11.4
9.75
11.4
13.85
11.02
4.8
2.1
10.07
8.24
7.65
11.34
8.02
7.93
6.12
9.54
11.28
4.95
10.6
16.29
17.78
11.61
4.58
12.87
12.62
-2.48
4.95
-3.16
3.99
12.22
15.57
13.3
10.76
13.87
15.5
11.46
2.3
14.22
19.33
19.89
15.52
17.13
17.66
14.58
12.25
17.3
16.55
14
15.46
14.86
13.86
12.86
5.07
16.29
21.15
20.18
17.67
13.86
9.03
15.76
16.93
13.9
8.1
10.07
10.67
6.91
10.27
15.67
15.91
11.63
11.56
7.57
7.87
11.51
11.14
9.92
13.71
8.75
-4.62
1.81
5.28
8.12
13.19
10.57
-8.7
3.1
8.71
14.51
16.43
13.82
8.02
11.09
16.28
14.41
9.89
-1.29
13.76
11.33
9.81
15.81
14.95
0.25
10.03
15.57
13.93
11.71
15.58
15.77
13.48
11.73
12.75
10.6
7.67
-2.58
9.13
16.08
18.28
15.26
10.15
8.67
11.76
15.79
14.34
13.67
18.59
16.43
9.26
-26.46
10.12
12.84
13.02
6.73
5.8
5.9
14.73
17.84
15.56
15.09
15.98
10.92
1.98
5.21
16
17.77
15.77
14.55
7.77
10.73
16.18
12.46
7.56
15.13
15.23
15.02
11.88
14.67
15.85
13.84
10.56
10.09
11.03
12.43
13.91
14.33
15.79
14.55
11.53
17.71
17.48
9.32
11.32
15.52
14.66
14.74
15.36
13.46
9.91
6.52
2.53
2.64
4.76
15.29
17.62
9.45
11.11
14.15
9.25
5.2
15.51
19.15
19.09
19.21
18.74
16.45
17.91
19.74
18.71
14.43
15.65
9.88
4.66
15.88
19.61
17.42
15
12.89
-5.82
11.88
11.97
11.91
16.63
13.36
4.18
5.11
4.89
10.42
8.08
12.14
12.65
13.13
16.24
10.97
5.56
13.56
15.69
14.02
2.4
11.37
11.81
4.74
0.9
9.7
10.23
6.14
12.49
10.44
5.09
8.62
13.83
17.1
13.98
0.52
13.53
15.53
12.06
4.81
-3.42
6.97
13.35
8.35
-9.64
2.82
12.63
14.88
10.1
1.03
11.04
17.64
20.12
19.24
18.27
11.03
11.98
15.96
11.12
16.13
16.23
8.73
6.5
7.69
11.68
13.2
17.69
19.48
15.44
3.41
3.67
1.04
13.11
13.6
9.01
2.07
10.94
13.38
11.59
6.91
2.53
3.41
12.23
14.85
14.3
12.53
10.93
7.22
8.12
-4.34
13.25
13.84
9.04
10.33
13.91
14.66
5.26
9.35
13.02
13.92
13.71
11.73
13.28
11.57
16.93
20.11
17.14
11.74
11.24
7.96
9.77
15.16
15.24
12.27
-2.59
5.03
-0.56
12.12
11.17
-0.85
6.8
14.69
12.87
8.45
11.69
4.06
16.74
15.56
14.42
17.2
14.25
5.02
15.6
13.13
6.62
2.73
9.21
13.16
14.74
10.22
2.57
-0.39
7.91
12.49
12.34
11.61
1.87
10.38
5.84
15.02
16.07
13.96
18.5
17.46
-8.74
12.51
16.38
18.17
8.03
15.52
13.41
-1.86
5.71
6.44
-3.5
11.4
14.2
11.27
14.75
16.09
8.56
12.86
15.82
5.11
16.01
15.11
4.3
9.47
12.13
7.83
13.45
17.85
20.32
18.94
15.03
18.6
20.02
9.49
15.11
17.61
12.94
10.89
14.62
8.68
3.78
-2.23
13.12
16.75
12.49
3.27
5.05
7.32
6.85
1.15
4.99
8.04
6.94
3.24
8.84
11.52
9.06
1.17
11.82
12.13
12.79
13.73
13.87
10.51
6.4
15.42
13.96
14.91
12.51
16.62
17.99
-8.16
18.13
16.93
12.15
15.6
19.09
14.5
-2.68
12.46
17.5
12
11.93
14.37
6.22
-6.52
9.6
11.16
9.31
15.44
5.89
15.29
17.62
13.04
4.67
4.76
11.72
8.86
13.7
14.66
13.88
14.9
11.03
8
8.23
6.07
5.75
-0.35
6.82
6.13
10.6
10.32
4.76
7.94
11.2
12.87
6.24
11.68
13
5.71
10.27
10.84
3.09
3.97
8.89
16.16
15.5
13.51
8.96
10.3
14.59
11.92
10.4
14.41
7.92
9.79
15.93
15.42
8.53
5.62
6.91
13.91
10.24
2.52
3.34
5.65
8.06
0.1
12.86
8.01
10.51
16.95
19.24
15.15
5.39
10.15
15.69
8.74
18.45
18.02
12.75
14.53
15.88
15.44
6.43
11.35
10.55
10.18
11.01
10.38
10.17
8.14
8.1
9.32
11.91
15.86
13.51
1.2
5.66
4.31
11.7
15.69
14.38
11.71
13.67
14.96
13.36
4.03
9.66
12.66
12.77
13.21
12.42
15.6
12.44
8.91
16.48
8.67
1.38
14.96
20.11
19.66
14.11
14.31
16.09
14.8
12.46
9.59
14.76
10.3
-4.24
7.6
14.58
18.36
16.19
12.13
13.23
13.73
3.49
10.78
15.28
15.12
13.56
14.02
10.36
15.63
13.86
13.26
12.19
1.72
11.26
7.23
8.46
10.11
-1.01
7.32
0.9
12.11
7.86
5.85
7.33
9.31
-2.31
10.29
11.26
3.65
8.99
9.78
-0.41
11.52
12.39
10.13
1.99
12.84
13.42
8.64
14.02
11.15
7.23
12.05
12.83
11.65
7.1
-8.11
5.71
9.89
9.22
4.9
4.61
6.03
13.15
16.61
14.39
8.95
4.45
0.52
14.2
16.49
9.02
5.58
7.13
11.97
4.69
4.03
7.93
7.83
-1.49
16.4
17.47
11.75
4.82
6.69
12.9
11.75
3.83
4.49
13.03
15.06
17.33
17.51
12.54
5
5.67
8.03
10.72
12.69
11.04
5.03
-2.44
8.02
9.1
5.81
10.73
7.97
9.7
17.47
13.8
11.33
12.13
9.55
12
12.05
12.16
14.56
14.77
13.41
8.29
-1.24
5.84
12.84
11.85
7.72
1.96
5.6
13.16
13.07
11.13
7.34
9.67
7.42
5.87
6.91
7.47
15.69
17.61
16.84
11.5
8.3
12.08
6.82
12.74
14.26
9.66
4.68
12.28
12.81
8.12
6.18
6.22
9.58
6.69
1.9
5.64
4.03
8.61
8.68
7.53
8.66
12.36
14.49
15.53
16.64
17.16
15.08
11.03
12.99
11.88
0.73
7.31
8.62
8.53
10.38
9.65
12.16
11.48
6.09
-8.86
3.57
7.76
8.83
16.02
16.59
-8.76
14.87
14.45
12.41
14.54
14.77
7.97
9.43
12.35
-2.36
5.23
5.25
13.84
15.4
9.8
12.77
10.14
4.03
11.59
17.01
17.75
13.88
12.14
11.09
9.94
4.15
-0.23
7.46
13.96
14.88
11.36
14.26
12.31
9.41
15.4
15.15
16.8
17.41
15.78
16.49
15.37
13.51
10.04
8.69
12.34
13.72
8.64
7.44
11.61
11.17
8.97
14.96
13.4
10.52
14.26
14.31
8.14
6.02
13.03
15.18
18.21
14.81
5.86
7.36
-15.62
13.7
12.44
3.92
15.47
17.67
17.42
16.24
15.33
14.63
6.3
8.47
12.35
15.28
17.36
14.35
11.87
15.09
12.95
4.24
7.67
13.73
15.71
16.66
15.14
9.22
15.7
10.71
6.28
13.64
12.33
4.32
11.06
14.82
9.4
9.12
12.41
15.63
15.5
12.8
13.67
16.57
16.72
13.96
14.36
10.48
-0.37
-0.26
11.57
16.16
17.03
16.42
12.31
7.83
11.62
12.88
12.75
9.64
6.7
11.74
13.1
14.42
16.67
13.51
10.08
12.88
7.86
12.45
19.88
18.75
9.72
1.19
4.19
5.69
11.07
8.96
7.46
8.82
12.69
13.53
9.08
4.18
3.78
-3.35
13.54
15.63
10.99
3.41
12.44
15.58
14.2
11.4
15.4
12.38
12.71
17.84
18.27
15.69
3.96
10.65
14.08
14.42
13.43
10.57
13.06
15.75
12.79
3.61
15.37
17.98
17.9
11.22
8.63
12.8
14.67
16.77
15.55
7.21
9.17
14.25
11.84
-0.18
-1.77
8.43
17.01
17.62
10.19
10.64
14.23
16.21
17.73
14.85
6.79
-0.74
5.15
-9.88
11.16
15.71
14.72
15.65
19.47
20.03
17.2
13.9
13.63
13.13
6.68
2.31
7.85
5.32
7.28
10.68
4.99
13.05
15.67
17.91
18.8
16.07
6.31
14.53
14.61
16.31
18.21
18.33
12.74
0.84
1.62
9.05
9.84
9.77
3.69
8.38
9.69
6.74
15.5
17.08
-1.62
17.67
19.93
16.89
15.34
18.73
18.48
17
17.01
14.1
11.91
10.99
8.15
-2.89
2.37
9.68
14.65
14.17
9.8
-25.16
13.16
16.73
9.36
10.59
15.77
14.12
15.01
18.77
18.04
15.21
15.1
15.45
17.32
17.34
14.21
14.15
1.82
8.01
11.64
5.81
13.85
18.11
15.99
11.85
11.84
12.91
18.37
20.08
15.59
10.32
14.22
14.7
4.19
2.66
1.57
7.58
8.88
10.48
6.58
2.86
3.35
14.32
19.4
