0.09
-2.4
4.1
6.59
11.29
13.86
14.95
13.26
11.19
11.42
9.69
13.79
13.32
0.05
4.31
-3.85
-3.57
9.74
12.84
9.8
2.2
8.66
15.29
16.34
14.37
8.32
3.12
0.78
-1.98
-11.78
1.02
9.26
8.5
8.09
8.83
10.54
8.54
9.29
5.93
10.18
10.61
6.42
14.39
10.77
2.83
6.39
7.97
1.04
9.27
12.34
8.8
2.76
6.04
12.71
12.24
5.74
0.61
7.77
16.17
18.64
17.46
13.11
6.27
11.89
15.33
12.9
8.55
8.32
13.53
12.07
8.17
8.9
-5.19
9.49
4.94
7.48
11.96
14.41
12.86
12.55
13.83
12.52
10.51
12.28
11.89
9.55
10.58
8.71
5.71
-4.85
13.26
11.04
13.09
14.85
13.18
1.51
1.83
6.89
14.37
14.37
7.82
5.34
6.02
6.06
14.94
14.4
2.56
8.79
4.74
6.33
5.43
1.26
5.52
8.68
-2.36
5.42
10.89
10.61
7.09
2.57
13.44
16.4
15.59
16.43
16.39
7.37
1.26
2.56
0.31
7.58
10.76
11.22
12.33
12.1
4.44
7.44
11.54
14.95
16.56
13.9
10.74
13.75
14.91
12.99
8.19
-0.35
6.03
12.47
11.77
4.15
0.95
12.02
15.08
16.71
12.04
3.5
6.91
-4.15
6.82
5.69
0.88
0.67
8.01
8.76
3.17
0.36
9.42
14.14
12.28
1.9
4.46
5.45
1.49
9.65
6.47
2.06
7.84
9.58
9.62
8.86
5.57
-1.15
7.22
11.18
9.71
9.16
8.57
1.48
5.95
9.36
12.01
7.5
-0.93
7.93
4.06
8.77
10.13
8.96
11.9
13.45
8.64
10.79
9.14
3.51
6.91
9.75
8.74
7.59
16.3
14.99
1.58
-0.96
8.5
10.89
12.25
8.93
1.77
8.12
6.52
-2.36
-3.51
7.04
15.67
15.91
4.51
8.72
11.35
15.98
11.23
10.38
13.47
12.85
13.79
15.83
14.04
11.56
5.5
1.75
6.7
6.93
8.61
10.51
6.74
-12.56
7.91
10.02
-1.07
12.32
12.63
10.96
13.11
13.18
11.91
15.06
11.93
3.3
6.14
15.58
17.21
16
15.84
16.36
15.05
9.86
6.95
7.17
-5.89
9.36
9.34
5.86
6.58
11.33
10.41
0.29
5.34
5.23
11.91
10.39
9.89
12.85
6.32
-0.81
7.71
10.04
13.37
10.73
6.23
10.68
9.69
8.7
12.38
10.8
8.13
6.94
7.84
13.75
14.56
2.67
-0.96
1.51
1.19
10.07
10.04
3.82
10.44
8.93
12.24
16.47
14.92
5.01
11.98
4.65
7.09
11.28
9.19
8.54
12.51
16.11
12.1
8.5
13.28
15.42
16.66
15.38
12.63
8.79
2.47
-0.46
4.64
7.29
4.73
11.51
15.17
12.84
-5.42
15.79
18.18
11.96
-0.11
6.7
16.91
18.94
17.97
11.95
-0.17
9.54
10.49
10.1
6.62
2.87
12.02
14.01
9.9
3.1
11.77
9.41
0.47
1.75
10.3
-1.91
9.37
5.43
-21.46
3.13
9.73
10.75
5.56
6.9
5.39
2.81
1.67
-1.49
-7
0.84
4.22
2.74
8.54
11.73
7.58
0.73
10.02
8.06
2.84
-18.47
5.68
8.56
6.84
-11.89
8.78
11.41
4.49
7.21
6.69
6.58
10.41
9.98
6.52
3.56
11.74
6.32
7.63
9.96
11.21
9.28
3.24
5.91
6.84
9.33
15.9
17.31
16.67
14.53
12.09
-3.8
12.89
13.91
8.29
-4.85
5.85
-2.72
3.92
-1.01
2.3
11.21
9.28
1.41
-1.07
-12.82
1.98
5.5
5.3
-0.43
10.32
12.52
4.96
2.52
-1.07
-1.33
7.46
10.33
8.64
11.67
14.31
12.81
9.16
11.57
15.03
14.39
16.44
16.23
5.4
7.04
0.1
5.8
1.61
5.57
7.41
5.12
11.61
12.83
11.82
5.26
11.12
14.4
11.96
1.88
-9.24
6.62
8.62
5.14
11.73
10.42
9.8
9.15
12.98
10.72
4.08
13.44
15.64
10.68
9.23
8.82
-0.55
7.37
12.07
10.23
-5.38
-3.29
2.67
2.17
11.34
10.73
6
8.77
7.54
10.56
12.35
13.55
16.4
15.71
9.22
12.47
13.54
9.25
4.39
1.64
3.12
0.82
7.43
15.37
15.42
14.73
9.79
2.26
10.2
13.42
11.56
5.35
10.09
11.4
6.89
8.6
-0.56
7.6
14.61
15.92
11.55
7.58
9.16
9.66
7.02
10.9
10.69
13.47
16.95
16.44
12.14
11.27
12.24
14.52
14.75
12.03
9.91
7.82
6.89
5.57
1.53
13.3
10.75
10.64
14.42
3.45
3.88
6.06
11.86
13.54
5.85
6.6
6.44
-5.46
-6.83
4.46
11.17
9.93
-6.88
3.36
4.64
6.19
5.86
-3.71
-3.52
-2.34
10.17
12.06
3.58
12.81
13.14
12.32
10.79
10.26
1.26
11.37
12.48
7.56
5.17
-1.8
7.09
9.97
10.05
3.48
13.98
14.53
13.98
15.78
14.37
8.79
9.54
15.68
10.2
11.45
17.53
11.22
9.26
14.95
11.91
7.73
9.43
12.69
13.92
13.6
14.57
10.28
6.78
6.49
1.33
11.35
15.43
10.86
-0.31
3.62
8.44
6.91
3.81
2.06
-2.84
6.77
6.13
11.22
11.41
-0.97
6.03
11.15
12.9
10.7
2.95
5.17
4.11
13.05
14.11
11.6
10.93
10.86
5.95
-5.35
4.01
13.1
15.4
12.01
6.61
3.98
7.39
7.39
9.77
13.57
7.83
9.23
11.51
11.63
12.25
9.87
12.91
14.42
13.21
11.07
12.43
15.79
16.65
13.63
13.86
12.75
11.63
10.26
13.55
13.15
11.88
16.13
15.83
11.35
2.69
3.66
6.7
13.24
13.32
8.45
12.91
12.17
0.34
-0.54
4.09
1.49
3.22
12.67
8.28
1.57
6.4
7.49
-2.84
12.83
14.08
8.67
10.61
18.67
18.31
13.99
11.75
4.05
-4.18
7.41
11.7
6.66
9.64
2.5
-2.57
2.71
4.87
9.67
8.27
4.56
3.93
10.23
8.11
8.92
12.22
6.64
1.12
15.69
16.25
8.07
-13.94
6.91
2.52
7.7
11.27
10.59
10.15
9.98
10.92
10.95
5.71
3.27
12.09
14.78
13.96
6.02
7.75
7.07
1.45
0.44
6.93
9.81
3.68
16.76
18.57
15.36
14.55
12.04
11.75
14.21
12.31
4.35
5.11
8.82
0.32
-1.62
6.83
8.9
3.27
7.22
5.49
1.24
5.37
6.47
-0.82
3.86
1.89
-5.05
9.43
9.57
4.31
0.53
0.56
1.69
-7.34
1.9
10.9
12.58
11.57
5.42
11.02
11.52
14.24
15.87
15.69
11.87
7.17
6.59
0.23
2.04
4.98
8.96
10.49
20.04
20.44
23.61
24.54
22.73
16.31
17.61
20.25
23.29
20.3
26.8
26.73
21.95
12.03
8.95
5.15
9.84
-3.32
10.77
17.19
23.24
22.46
13.19
18.31
19.37
18.95
23.97
23.36
19.4
15.69
17.91
20.57
16.72
12.18
21.59
20
22.53
28.64
30.52
27.45
21.24
10.86
22.98
20.2
8.23
13.79
15.86
20.41
24.86
27.55
25.09
21.72
26.55
20.67
25.67
26.22
22.52
16.97
17.95
20.84
21.2
13.47
5.57
11.68
16.38
1.03
22.31
21.62
19.13
22.57
17.72
14.15
15
18.43
21.52
19.85
22.21
23.89
26.13
24.75
24.07
20.88
20.23
25.25
26.17
17.19
17.07
12.48
18.16
22.86
26.01
23.44
16.58
19.43
23.95
25.25
21.78
11.35
4.72
11.56
7.75
21.67
26.43
25.81
21.31
12.05
14.29
16.65
13.3
9.82
5.6
10.2
16.15
15.99
20.37
22.8
20.35
13.72
23.03
24.63
25.31
27.77
25.97
18.9
11.83
8.68
-2.91
7.65
15.92
20.45
25.35
25.28
21.67
17.07
21.85
28.17
24.35
13.37
9.45
-7.34
12.07
14.72
13.63
11.19
11.33
2.68
16.66
25.67
30.87
30.4
24.47
16.61
19.03
22.23
24.14
24.34
13.81
18.13
25.48
29.43
30.64
27.84
23.96
25.52
25.77
20.61
14.4
13.31
18.9
13.88
20.37
23.74
21.37
23.13
22.27
25.16
28.33
27.73
21.33
16.62
13.9
15.05
18.94
18.93
21.65
23.08
14.7
17.17
22.42
26.16
23.06
5.83
22.66
25.74
17.06
16.35
23.03
26.13
25.1
16.77
22.8
25.89
23.22
20.19
4.62
18.23
15.71
20.22
18.26
14.15
5.73
20.86
26.72
26.53
23.35
25.13
24.45
22.92
12.8
21.19
24.75
19.83
18.12
19.9
7.77
22.43
24.68
23.58
22.66
23.92
23.33
19.36
10.09
16.26
18.43
22.42
19.21
5.43
22.41
24.54
20.56
16.52
16
14.93
18.8
22.9
22.29
20.6
19.18
18.58
24.09
23.3
16.59
12.79
16.43
21.14
16.46
26.32
25.85
21.19
22.67
22.65
20.59
24.43
22.44
15.12
19.86
19.35
22.73
26.49
23.72
15.93
12.45
16.13
18.9
14.61
4.51
16.79
21.35
24.26
23.41
21.16
19.7
19.01
23.92
28.77
27.13
21.69
17.04
11.98
13.66
23.07
22.07
14.53
-3.85
2.05
19.22
25.11
24.67
22.37
10.3
17.75
17.13
23.47
20.8
12.3
18.16
21.25
16.72
18.85
14.25
13.27
11.65
21.91
27.63
26.49
18.63
17.89
15.52
17.14
10.93
16.54
19.32
16.77
10.6
13.58
13.37
12.51
15.17
18.76
2.9
18.9
18.58
9.9
6.62
3.5
11.64
17.57
13.12
9.15
9.05
11.45
17.41
8.05
17.63
18.57
8.94
19.12
18.43
18.58
19.24
19.51
15.55
11.45
14.45
3.15
13.03
13.61
-6.46
15.39
16.49
11.72
12.59
10.18
3.07
15.53
13.24
8.28
13.87
13.68
11.82
8.82
15.43
16.1
16.15
16.14
15.75
11.42
17.15
11.28
6.29
12.4
8.96
4.94
4.27
7.88
10.15
-0.39
10.26
12.62
11.7
0.75
14.42
15.06
7.6
-8.63
-8.81
6.67
11.69
9.7
14.41
11.98
19.85
21.64
20.22
18.07
11.62
11.57
10.98
9.6
8.28
16.17
20
15.89
8.88
13.53
12.2
15.3
16.09
12.47
18.77
14.03
11.4
19.92
20.56
17.14
14.54
14.51
16.09
10.27
22.18
22.03
17.53
14.01
22.67
22.43
8.49
17.62
20.84
13.79
19.02
18.5
5.13
18.71
20.26
20.85
16.19
17.81
22.86
11.75
22.68
16.89
18.64
23.89
20.77
16.1
17.13
18.88
19.98
24.07
17.49
17.84
20.58
17.93
10.39
14.04
18.3
19.5
14.69
4.01
14
18.24
19.56
17.7
18.12
20.99
21.65
18.32
12.91
10.97
18.66
22.08
18.55
4.18
11.66
15.65
22.41
23.88
22.05
17.04
22.67
16.13
17.63
24.97
23.91
-0.21
19.59
22.75
22.94
23
21.39
12.81
19.5
26.02
23.76
4.98
21.68
24.69
23.47
21.68
19.48
15.29
7.38
13.1
21.33
25.4
24.31
19.91
13.67
8.95
18.8
23.72
20.83
9.05
14.91
22.08
25.22
23.87
15.52
19.84
22.2
20.34
12.95
17.49
19.34
13.81
22.25
25.01
27.93
28.52
23.89
14.92
14.33
18.98
17.82
13.92
19.89
24
23.58
20.75
23.97
25.91
22.79
15.7
9.58
19.12
25.54
25.96
19.05
22.18
22.07
17.12
-0.76
19.47
21.87
14.8
11.62
7.87
21.44
24.31
23.4
19.99
13.1
16.63
23.1
24.32
22.95
20.78
19.57
20.22
18.78
19.53
20.48
16.77
8.35
19.4
20.56
15.56
9.41
23.56
25.44
20.1
14.48
22.43
20.52
10.62
21.41
24.8
21.57
8.05
20.82
13.49
19.69
12.88
20.93
24.36
21.55
12.85
11.16
20.7
23.21
20.15
23.1
22.09
9.59
18.55
25.87
26.6
20.48
20.75
23.69
20.72
11.88
23.1
24.36
21.97
24.93
27.38
26.6
24.38
22.06
1.01
24.68
23.42
11.23
23.01
21.14
14.65
22.88
25.43
24.19
17.1
14.48
19.68
11.26
17.4
21.5
23.75
24.15
19.78
21.57
18.86
13.69
22.24
19.68
20.43
23.88
13.83
21.31
23.01
16.98
20.01
23.08
17.79
10.29
15.28
22.23
23.2
15.18
15.06
14.92
21.91
21.3
14.12
15.33
17.75
20.08
21.07
13.73
16.74
17.26
14.89
23.45
26.13
22.05
13.93
16.28
18.01
17.5
16.6
19.85
24.96
25.29
21.64
13.08
14.75
19.55
5.05
15.87
17.59
16.61
14.12
11.29
18.47
20.62
18.82
17.72
21.12
19.5
4.7
20.41
23.4
20.5
16.23
14.53
13.44
12.06
14.95
10.02
2.33
9.94
17.03
21.22
25.65
25.85
22.5
20.36
17.26
16.82
19.87
16.88
17.6
22
21.67
10.56
0.41
17.76
18.58
15.1
-10.63
21.12
25.72
22.42
11.69
22.02
17.19
9.03
7.15
14.93
19.31
17.28
17.02
16.9
4.98
20.61
25.93
24.41
17.5
11.37
-10.73
8.77
11.34
8.34
19.34
19.1
13.28
2.8
20.71
22.76
16.81
14.24
12.11
6.21
12.07
17.64
17.09
18.59
21.18
19.04
20.65
24.3
21.15
-2
15.71
17.87
16.35
15.23
15.51
17.75
22.39
23.23
21.91
15.1
17.23
24.21
22.35
14.86
11.04
11.85
17.02
15.95
12.65
22.88
22.02
17.37
21.27
22.08
22.17
25.27
27.52
27.8
23
16.99
21.02
18.75
14.33
7.42
-9.29
16.24
17.05
13.46
12.09
8.84
14.88
11.27
20.98
18.93
20.29
24.21
25.02
22.3
14.99
-2.06
19.21
21.68
11.52
19.88
15.85
18.28
20.66
24.62
15.31
17.06
19.09
19.1
23.32
18.13
8.04
16.36
13.82
13.3
14.4
20.25
22.59
26.66
24.92
20.9
16.98
-4.36
13.68
22.45
25.71
26.8
23.87
17.93
15.47
3.95
10.02
9.99
15.24
16.5
6.02
6.84
21.84
24.9
17.72
25.95
31.25
30.09
20.28
16.32
18.67
16.37
14.21
21.87
24.57
21.44
17.68
21.26
18.64
22.22
25.87
21.5
19.5
26.66
23.96
21.64
12.5
18.36
19.27
23.62
28.27
25.1
11.13
22.09
21.21
18.28
16.2
12.63
9.29
2.38
17.8
17
11.84
13.88
18.69
17.34
22.27
24.13
27.18
30.05
29.19
25.7
19.91
11.76
19.61
23.54
21.27
22.39
21.59
16.85
16.5
17.66
26.32
19.91
11.97
20.41
19.11
18.16
26.48
28.18
26.92
29.19
32.03
28.13
26.98
28.51
29.38
28.51
23.49
19.39
23.46
29.44
33.43
28.65
21.96
23.54
28.55
26.47
19.2
20.05
22.58
23.96
23.25
21.52
19.15
17.31
18.04
16.08
17.09
22.19
23.71
26.8
24.69
9.34
18.65
11.37
21.62
35.95
44.96
44.55
34.61
25.63
22.61
21.81
23.31
17.91
13.17
12.79
22.41
25.83
24.21
19.96
7.06
15.14
12.16
17.83
21.43
15.48
22.21
25.5
23.53
16.93
14.5
28.83
43.01
46.11
39.92
18.55
22.71
26.42
23.58
24.95
27.77
26.93
24.81
23.06
7.74
18.66
16.9
20.97
24.27
19.44
7.12
17.08
23.39
22.2
14.9
26.29
25.51
12.53
19.97
27.16
30.06
28.53
22.63
18.36
19.1
22.58
21.47
21.95
25.23
25.11
21.45
18.75
17.67
18.12
9.9
17.32
17.23
18.9
21.33
24.74
22.13
21.3
26.35
27.7
24.38
38.86
39.56
32.17
26.67
28.07
26.92
25.83
25.85
27.58
29.13
30.84
31.47
31.43
36
36.65
27.94
12.54
16
11.55
16.88
26.26
29.33
28.91
30.27
30.56
25.11
22.42
27.12
28.8
20.37
40.68
44.28
38.89
26.95
26.49
26.8
25.92
25.29
24.94
22.42
15.82
13.76
15.97
22.76
24.53
21.98
24.38
27.69
28.11
27.67
27.08
25.38
25.01
25.73
23.83
19.89
17.52
11.41
16.37
25.2
27.03
24.84
20.45
17.89
17.32
18.74
18.07
21.71
25.59
25.68
26.24
25.36
21.62
17.33
12.91
18.25
18.74
24.43
28.44
24.84
21.21
18.55
25.24
37.51
39.82
32.4
24.51
26.89
26.58
20.44
12.33
14.47
20.98
24.44
24.47
22.56
13.43
14.04
20.81
21.52
23.88
24.08
25.38
27.06
23.99
24.73
25.9
25.3
27.11
25.27
18.4
17.5
17.19
20.51
20.01
24.1
24.33
29.71
28.38
12.05
14.09
19.97
25.31
25.58
23.83
24.46
25.96
30.18
31.17
27.5
19.99
20.33
22.28
24.13
22.65
14.51
22.97
9.03
16.45
19.27
26.96
24.22
16.04
6.93
23.34
28.62
24.68
15.37
16.55
24.15
25.92
18.36
21.8
25.22
27.46
36.12
33.7
19.52
20.55
26.37
25.55
21.17
22.46
23.97
31.66
38.3
33.09
17.28
19.89
24.15
27.87
27.29
23.56
31.89
34.43
25.5
25.12
29.5
26.16
20.54
19.95
19.84
22.48
26.5
35.52
35.47
20.6
25.97
30.91
26.93
23.9
25.54
20.85
25.45
31.89
32.6
29.73
23.84
6.12
13.69
8.9
17.78
24.67
25.49
17.99
20.67
8.24
14.8
19.76
24.3
22.3
21.47
26.94
30.32
31.77
30.09
21.87
27.57
32.28
35.94
36.5
33.94
30.91
28.33
25.94
23.22
25.37
20.97
17.78
25.5
23.13
35.45
46.43
46.78
36.54
22.29
26.33
26.05
26.97
27.16
22.7
34.17
46.32
48.88
42.22
24.27
8.41
17.49
24.42
26.89
26.46
25.7
29.31
26.06
23.11
27.45
24.99
24.44
28.86
27.56
20.38
24.02
19.96
26.36
22.79
19.2
17.3
25.05
24.7
21.66
16.79
22.07
29.46
34.09
30.73
17.23
27.37
12.18
25.71
29.3
26.01
16.82
21.57
15.46
28.42
30.95
25.86
26.01
27.76
29.98
30.73
30.54
19.32
25.98
23.1
24.79
32.12
34.48
32.04
27.16
21.46
25.94
31.35
29.22
19.34
20.31
24.67
21.11
23.61
7.67
29.83
31.34
27.42
16.22
24.06
30.67
29.47
22.14
16.58
21.84
17.02
15.71
15.74
23.27
25.59
28.26
28.34
20.88
25.78
28.7
19.46
25.49
24.88
13.97
29
33.72
31.72
25.14
29.95
28.97
22.29
28.79
15.98
26.46
30.74
29.14
21.68
15.35
23.27
22.6
26.99
28.24
25.85
12.18
23.93
23.93
17
22.67
10.16
22.31
22.93
23.92
24.46
27.38
31.05
31.85
32.33
26.98
24.56
27.22
28.02
27.03
20.94
21.36
27.61
22.63
25.93
27.83
24.52
12.52
24.69
29.39
25.42
11.68
13.71
20.8
10.64
21.02
27.82
27.41
26.44
30.62
30.23
13.97
22.09
23.74
22.72
16.17
13.84
13.43
23.2
28.1
27.84
19.68
10.08
14.86
24.85
21.87
15.24
25.52
23.46
23.24
18.08
18.66
10.28
21.96
28.48
26.96
24.47
22.43
19.94
19.38
23.23
26.62
23.06
18.64
23.52
24.32
27.42
24.52
23.25
20.91
14.14
11.65
18.61
16.67
18.79
19.35
16.15
18.94
19.3
16.97
21.53
18.15
19.83
23.32
18.59
22.93
24.51
24.84
26.34
25.52
19.41
17.59
24.41
23.45
22.23
21.64
24.46
20.56
19.39
25.12
24.41
23
22.35
25.43
21.44
19.62
20.27
3.61
11.04
8.06
13.67
20.26
25.27
28.68
24.49
19.21
16.8
19.83
25.87
18.88
17.27
23.03
23.96
21.99
20.25
17.29
15.38
17.53
18.07
14.76
27.08
30.09
29.98
27.9
23.76
23.68
23.35
14.68
14.81
21.12
24.55
24.1
15.5
19.37
22.22
20
19.2
14.57
11.71
20.96
25.85
24.48
24.91
26.16
23.67
19.22
3.9
15.62
14.81
13.91
17.41
21.37
22.78
21.08
11.99
16.42
21.71
19.35
18.39
0.53
17.89
22.3
17.59
17.71
22.5
24.17
22.23
16.52
19.9
16.55
30.5
25.89
18.95
25.3
12.1
28
25.32
20.06
25.07
28.41
27.66
29.13
29.09
26.91
27.19
22.13
20
24.58
25.34
28.01
28.55
24.37
19.03
24.73
21.42
12.92
23.64
27.51
20.33
11.95
18.29
18.29
22.88
23.07
23.47
29.21
22.14
17.23
8.85
25.37
29.34
29.93
14.55
23.55
22.76
27.64
24.52
21.23
13.17
27.29
26.68
19.18
22.68
19.4
27.36
26.75
27.75
27.72
32.3
31.62
22.65
24.22
20.46
21.57
22.78
17.23
25.6
21.83
22.47
23.71
26.07
20.59
30.07
29.84
20.91
12.65
19.93
21.65
22.65
33.88
33.56
29.53
25.51
22.36
17.84
19.48
27.01
25.89
24.39
29.39
30.75
27.63
19.63
22.12
25.87
17.95
16.06
28.95
32.07
31.58
30.11
26.86
24.57
22.04
23.59
22.9
24.44
29.74
30.35
24.66
17.43
18.71
11.02
4.72
11.8
12.85
17.19
26.09
30.25
32.86
29.43
20.33
21.53
9.3
20.91
26.99
28.5
25.73
22.95
26.19
23.55
19.81
18.6
23.34
22.38
23.1
23.09
27.5
25.08
19.84
26.47
28.39
19.85
22.02
27.46
28.39
26.08
24.65
24.96
21.22
20.86
21.84
15.31
20.57
22.73
18.58
21.79
19.26
24.21
24.69
21.05
21.66
22.88
12.31
19.42
23.96
25.66
25.35
25.67
26.19
24.1
23.12
22.33
22.74
20.07
21.58
23.07
13.01
19.24
16.22
22.7
25.91
25.29
26.33
26.79
25.11
23.8
25.6
25.07
13.75
21.71
26.42
26.98
24.65
25.22
24.55
15.43
12.5
17.95
16.7
0.75
15.97
15.51
8.79
18.07
7.2
14.35
14.31
22.37
23.98
15.88
13.6
21.07
23.76
23.33
26.37
27.98
27.44
24.47
21.18
16.76
18.01
19.57
19.63
20.48
16.41
21.95
18.41
22.03
16.71
23.65
25.88
24.97
21.13
18.73
20.85
20.48
15.21
17.12
15.4
14.16
19.28
22.2
22.54
22.88
21.94
22.9
21.41
20.97
21.51
21.75
23.25
24.71
25.74
25.89
24.63
24.87
26.59
24.8
13.37
24.62
26.01
20.87
-5.04
10.39
11.59
21.13
18.18
17.18
20.93
18.9
17.56
20.13
13.77
16.99
22.39
12.96
19.22
19
15.76
19.16
19.48
20.7
22.2
14.06
16.97
20.22
16.21
18.45
21.48
22.31
18.98
19.71
18.73
11.14
0.05
10.54
16.95
20.08
18.01
14.33
12.1
9.53
18.59
15.66
9.21
-1.14
19.94
20.01
19.27
21.6
17.51
10.07
16.24
20.28
21.34
23.14
23.2
20.6
17.24
20.48
22.39
21.59
20.08
19.3
17.8
13.16
16.44
8.01
19.38
21.44
20.52
14.34
20.44
22.89
15.65
18.68
14.21
18.41
24.76
24.95
23.85
21.57
16.76
19.68
24.68
25.35
23.4
23.74
19.95
19.81
22.45
20.16
19.6
21.37
21.45
20.44
18.34
16.06
19.85
20.06
21.14
0.83
25.2
28
24.96
20.34
20.01
12.69
13.55
19.03
22.75
21.09
13.95
18.08
15.54
18.65
13.85
14.91
21.88
23.37
24.03
20.77
11.17
0.63
17.01
23.66
23.01
23.57
18.81
18.67
23.67
22.56
15.59
11.21
17.34
19.81
21.54
23.93
24.47
12.77
15.94
5.75
24.05
23.47
10.39
6.49
16.12
18.19
17
12.68
18.59
19.76
4.43
18.48
19.82
14.45
24.05
25.57
24.27
23.74
22.25
17.58
12.97
7.08
15.67
18.59
21.51
13.21
16.58
21.62
20.96
-1.21
19.1
17.48
15.99
18.37
18.51
19.44
16.33
18.89
14.66
17.77
28
29.55
25.69
19.9
11.87
22.53
23.59
18.38
14.45
12.49
18.88
12.06
21.62
23.93
13.75
6.3
17.5
20.47
14.65
18.6
17.94
10.35
10.31
13.56
17.81
21.41
16.31
4.01
10.71
9.23
16.72
19.85
21.01
18.86
16.27
18.28
20.53
15.09
17.96
23.11
25.29
25.05
17.39
17.18
18.58
18.92
23.49
23.78
18.53
15.61
18.02
19.43
21.07
18.55
6.74
15.41
12.84
19.5
20.46
23.63
22.7
19.64
18.32
18.23
18.1
13.39
17.37
21.43
24.08
27.26
22.56
11.94
23.05
26.42
26.57
20.55
15.59
21.92
21.06
14.78
15.42
11.79
11.12
12.6
13.86
14.66
19.16
22.61
20.94
21.26
20.99
19.54
17.01
20.66
20.12
12.49
15.14
18.85
18.04
20.44
25.55
22.75
26.91
34.02
28.56
16.37
20.27
18.38
19.22
21.77
20.39
16.19
11.37
17.81
17.83
20.31
20.47
17.45
13.59
17.72
13.62
11.24
15.63
17.25
15.56
9.97
10.79
17.83
23.21
23.6
18.08
3.84
20.35
18.3
22.33
23.7
21.78
18.6
17.24
17.21
17.22
15.69
8.71
6.85
7.8
14.46
14.41
13.05
18.04
18.21
16.52
14.36
10.67
12.58
20.07
17.26
13.85
18.91
22
23.07
22.22
23.3
23.88
23.69
23.43
18.73
12.9
13.83
19.27
13.84
19.22
20.46
21.01
23.08
25.24
25.78
21.23
12.4
5.81
6.02
16.58
19.85
22.78
24.01
20.02
11.4
4.65
-6.77
14.21
15.31
6.39
12.57
14.56
15.1
19.14
21.32
15.87
17.75
22.89
23.81
23.34
21.68
19.03
24.9
20.23
17.84
21.72
21.83
23.63
24.52
20.42
9.71
-5.15
11.08
19.13
21.62
22.79
24.42
27.05
26.42
22.78
20.68
13.72
19.08
6.25
19.73
20.37
20.08
22.4
21.28
11.23
3.11
13.65
18.08
16.77
16.67
19.12
19.37
13.81
2.07
16.51
20.15
11.56
10.23
16.62
21.08
24.06
21.26
20.18
19.93
17.9
13.95
16.6
22.39
21.05
14.31
12.43
13.62
16.37
17.38
15.11
3.49
18.82
22.03
20.12
19
13.77
16.5
15.35
11.81
16.32
19.37
18.11
21.32
13.69
8.04
10.93
14.22
12.88
8.95
17.97
21.7
19.14
12.29
16.07
17.7
18.45
19.39
15.67
-2.78
13.82
19.12
16.96
20.03
22.63
19.91
18.95
19.72
19.26
21.77
21.83
19.14
19.25
18.65
18.77
18.73
17.71
12.57
8.26
15.65
18.89
16.29
17.03
15.22
13.2
16.12
15.02
14.73
14.54
8.83
20.07
22.73
18.22
10.9
19.39
21.08
18.02
17.34
19.76
22.2
19.27
14.89
17.61
17.09
15.14
17.43
20.55
19.54
18.37
16.99
16.25
18.23
17.13
-1.61
14.85
9.57
2.15
11.47
14.86
12.92
12.05
18.3
21.55
20.05
16.7
19.38
22.41
-0.25
3.88
2.33
11.7
14.46
15.25
13.94
13.81
15.17
12.29
8.17
12.72
15.91
15.79
14.44
10.32
10.61
14.5
16.11
12.82
-12.53
14.31
18.4
14.39
11.62
6.34
17
20.41
19.63
16.55
7.94
1.64
12.56
9.11
16.8
19.56
8.66
15.97
16.07
3.61
13.4
14.67
13.81
18.32
20.69
16.75
-3.94
-0.3
0.84
-0.99
12.38
16.53
19.31
19.46
11.09
13.59
16.62
14.02
7.73
7.26
16.52
18.52
15.73
13.72
15.71
18.54
16.19
12.83
15.34
17.76
10.78
0.85
7.84
8.51
8.22
11.78
17.77
16.19
13.04
12.96
17.28
20.68
19.25
16.67
14.34
14.7
12.96
11.12
12.27
3.58
12.01
17.38
16.86
10.06
11.59
9.83
18.67
17.47
15.5
15.5
13.06
10.64
5.77
16.87
17.14
11.8
-2.78
6.6
18
21.14
19.71
17
16.3
11.93
12.8
-4
10.06
6.39
15.06
15.92
6.05
11.53
3.02
12.97
12.21
15.07
14.57
11.66
6.1
12.96
18.21
15.86
10.74
13.06
13.37
14.43
17.58
13.86
7.01
12.66
7.88
-11.89
-2.25
0.22
14.05
17.53
13.88
9.53
14.78
17.99
18.47
16.94
16.15
12.93
7.74
10.9
14.53
17.87
16.63
13.75
13.43
13.28
10.47
8.79
10.98
5.39
3.38
-1.01
3.63
7.19
2.82
2.88
3.06
11.6
8.62
14.02
14.75
15.46
20.3
19.84
9.09
11.56
8.97
5.34
16.02
17.07
13.94
-8.5
5.16
13.98
19.01
20.75
19.34
12.58
9.02
9.78
11.02
19.03
18.26
11.46
7.98
15.65
17.32
14.35
6.38
16
17.75
17.66
17.45
15.1
13.56
12.83
13.06
16.73
15.3
4.32
16.94
20.03
17.5
16.22
1.65
8.69
9.18
20
17.87
7.71
7.64
6.53
8.45
16.09
16.13
15.55
12.74
8.04
14.08
18.64
14.2
7.37
17.35
19.53
20.07
19.05
7.21
10.53
13.21
13.34
-6.03
16.64
16.16
9
5.85
4.57
6.34
5.48
12.2
12.04
9.24
16.79
17.94
17.4
21.01
20.75
17.73
14.35
11.04
8.14
15.99
21.32
21.79
19.32
13.21
4.26
16.23
17.91
11.46
12.58
18.14
16.47
12.51
15.27
21.81
18.84
9.06
10.66
15.25
16.78
18.96
20.58
21.86
18.95
16.12
5.96
19.37
19.67
18.92
20.18
22.12
21.44
18.2
19.22
18.54
8.17
14.06
18.82
18.74
10.5
20.28
20.17
18.29
11.33
9.35
10.46
-3.55
15.68
17.93
18.45
19.89
15.93
4.54
12.82
13.95
12.37
0.18
14.07
14.1
11.77
13.54
15
17.74
12.08
9.4
14
13.69
15.83
18.31
19.5
20.76
19.49
11.87
0.65
8.52
9.32
11.12
16.32
19.47
16.85
9.4
9.56
15.85
18.19
20.45
22.12
18.6
2.33
11.9
10.88
6.86
13.08
15.28
7.16
-3.88
5.01
10.05
-8.43
14.47
14.67
17.33
14.28
8
15.65
19.34
18.67
15.3
8.66
9.91
3.27
16.06
13.77
9.24
14.45
13.04
9.5
10.22
11.5
13.89
15.14
15.39
15.05
12.7
13.8
10.4
10.44
12.76
11.4
13.72
14.18
18.01
17.68
3.16
12.79
14.17
15.72
11.17
9.81
11.58
16.11
11.92
11.99
17.01
16.98
18.78
23
24.74
23.24
15.3
6.21
16.92
17.34
13.28
15.64
19.65
17.66
10.01
5.05
9.77
18.79
22.23
21.18
25.1
27.76
23.79
15.13
16.63
20.92
18.16
9.52
22.35
19.98
7.93
19.77
20.92
21.58
21.15
22.68
23.95
21.41
10.66
19.84
24.12
24.1
15.99
13.04
16.44
18.26
17.28
10.55
8.09
16.87
16.28
9.74
18.31
18.04
19.92
-17.52
20.62
23.14
19.37
13.77
20.88
21.8
19.4
14.74
11.15
5.5
16.15
13.56
10.52
19.56
17.45
17.72
21.89
16.89
16.99
20.02
16.36
21.2
21.7
16.42
19.73
19.11
15.18
18.34
3.22
16.58
18.21
17.76
17.99
20.3
22.97
22.24
18.92
14.07
18.15
19.4
16.54
14.33
9.25
9.01
15.53
19.15
13.57
12.43
12.74
16.24
18.18
21.8
24.02
23.52
22.98
20.92
13.29
10.44
8.22
8.75
14.87
19.64
22.16
16.62
5.47
18.53
24.53
24.45
12.52
22.81
26.93
22.39
15.46
20.95
20.24
19.85
23.33
20.42
6.95
12.65
19.15
21.13
18.33
16.34
15.8
19.31
17.01
14.48
15.51
18.92
19
19.76
22.23
23.18
19.58
11.65
14.18
15.41
13.04
19.73
24.01
23.03
19.87
21.28
21.76
16.01
13.63
16.97
19.85
19.42
4.18
10.94
17.39
17.62
14.64
0.7
12.21
8.24
-17.52
10.2
17.21
18.68
19.55
18.56
13.66
18.44
13.37
15.3
19.32
0.09
19.81
22.12
21.61
26.6
27.39
21.56
13.37
19.48
15.16
20.55
19.63
8.13
3.12
18.69
20.09
18.13
20.79
19.66
-13.82
22.53
25.93
23.18
16.63
13.07
18.03
20.57
24.49
22.2
2.57
18.14
19.62
14.96
9.48
7.14
21.86
24.66
17.04
18.57
22.76
19.39
12.71
5.32
16.56
6.53
14.52
19.42
22.92
22.57
18.72
19.69
23.42
15.76
18.78
21.29
17.68
17.36
21.03
23.46
18.27
15.74
20.4
19.3
21.11
21.04
9.49
23.46
23.98
20.4
21.85
22.08
22.01
22.06
20.49
17.47
14.69
13.08
18.76
23.6
23.11
15.79
12.13
18.42
15
12.15
6.22
8.99
16.25
22.16
21.46
8.3
17.66
15.81
19.68
22.86
20.52
13.71
14.14
14.2
18.97
23.99
20.86
-1.91
15.57
18.4
16.4
12.27
6.73
13.64
14.66
18.92
17.94
12.93
16.99
3.93
19.79
24.22
21.24
19.08
17.74
9.68
16.29
18.21
19.14
25.4
26.21
21.53
11.31
11.67
19.8
21.65
21.31
16.54
5.26
16.57
19.99
12.26
18.63
21.34
10.87
13.39
14.74
10.58
11.67
16.74
20.95
25.24
26.59
19.06
20.98
25.42
21.06
13.74
11.01
17.13
23.06
24.13
19.81
16.02
14.52
19.84
24.81
24.88
19.83
2.37
16.44
19.82
13.44
21.41
19.56
13.22
21.99
17.73
9.63
18.59
18.22
15.14
12.19
8.39
17.49
23.56
22.55
17.09
15.62
13.41
2.35
15.41
11.37
17.57
18.32
10.67
-1.1
10.53
15.03
15.4
12
6.43
11.88
17.05
19.38
19.08
16.33
21.59
21.41
14.63
16
17.47
16.59
1.8
14.04
21.02
21.56
19.63
19.94
18.93
15.9
13.11
21.42
22.46
19.37
17.72
17.36
15.79
17.83
20.54
19.08
20.11
22.22
23.47
23.14
19.49
14.32
11.64
13.17
17.23
18.53
7.04
12.41
4.82
5.26
13.43
8.36
10.59
12.99
14.05
9.27
16.25
16.68
13.25
15.15
16.82
14.8
16.38
20.52
20.46
19.66
21.35
20.45
18.52
22.47
21.46
15.55
12.4
17.25
19.69
18.89
17.53
11.84
13.71
18.85
19.22
12.31
7.51
1.48
16.12
18.38
14.7
18.29
17.85
18.13
20.86
22.71
18.71
15.83
14.17
-3.74
6.56
15.24
11.95
-3.8
2.4
15.14
18.41
7.57
10.45
10.97
6.51
9.04
17.58
14.28
1.82
1.95
12.04
18.17
15.88
7.89
12.16
5.99
15.32
15.34
11.54
9.72
16.71
17.85
6.16
13.32
10.71
6.81
16.77
15.62
17.78
18.49
17.97
19.81
19.04
12.62
17.06
22.73
23.22
20.35
18.21
16.51
13.35
16.59
18.06
12.1
2.77
7.37
15.32
20.5
22.16
15.43
14.88
15.85
17
20.62
16.9
16
20.81
15.88
-6.14
12.03
17.25
5.91
12.4
14.13
13.09
12.12
-22.85
9.46
4.73
8.47
7.31
7.98
9.06
2.38
6.03
0.96
11.43
-7.3
12.43
13.95
16.01
17.51
9.7
15.23
17.54
12.92
12.97
15.88
17.31
18.45
18.61
17.27
4.92
9.98
2.19
-0.97
11.95
16.19
11.28
-2.28
14.02
13.19
14.14
17.97
18.14
16.11
18.69
21.12
22.63
21.69
14.96
8.43
4.03
13.88
15.16
15.5
18.57
21.1
19.58
17.61
17.59
16.43
12.75
10.01
10.84
3.89
5.71
11.49
14.41
3.61
12.36
9.39
6.42
6.42
10.9
17.1
15.32
9.1
16.63
15.84
12.48
13.36
9.99
-21.01
11.17
6.45
16.67
18.59
10.36
9.36
12.03
11.71
6.16
10.36
8.93
11.88
13.85
4.29
15.19
17
13.99
3.72
14.8
11.93
14.36
6.79
13.34
11.28
9.66
13.58
13.29
17.08
18.58
16.42
13.11
12.79
14.18
13.23
16.57
18.92
19.58
18.04
10.02
13.29
12.67
0.55
12.96
19.19
16.74
12.26
15.53
17.31
16.53
12.41
6.19
13.85
15.52
7.33
11.99
12.64
-7.79
14.54
17.32
14.61
4.96
4.6
11.67
8.82
9.94
11.49
3.93
13.01
14.83
12.75
14.39
11.09
14.43
14.08
9.12
13.36
14.05
4.11
-16.58
5.51
16.54
20.35
15.76
6.23
6.4
14.12
17.63
17.48
11.46
11.27
7
7.57
15.27
15.9
15.51
17.38
15.13
16.06
18.75
16.2
10.12
5.18
6.09
12.82
11.2
9.09
11.26
10.22
6.68
14.91
8.38
-1.62
7.33
3.53
3.13
10.53
15.99
10.05
10.69
15.54
15.9
16.62
13.78
6.92
6.95
7.97
10.72
6.11
9.64
13.33
14.06
8.64
7.51
8.55
14.8
12.68
17.5
19.23
15.65
16.55
20.25
19.87
13.82
7.36
6.79
10.92
10.02
15.98
18.13
15.13
13.78
16.57
17.43
14.54
6.17
-16.72
-5.22
8.59
13.11
10.91
6.12
4.4
3.17
4.55
8.05
10.91
13.22
7.31
13.44
17.89
17.74
10.08
8.75
-2.1
13.61
12.16
11.13
0.52
8.45
14.68
13.54
-0.33
14.13
20.69
19.71
15.5
13.72
13.16
6.62
9.14
12.68
14.33
9.6
7.21
8.3
14.9
16.4
10.99
9.21
12.1
8.95
13.89
16.03
12.84
12.49
6.86
13.41
13.2
8.46
15.46
15.11
18.28
19.78
18.06
19.81
18.68
11.26
8.26
1.57
2.38
6.78
10.23
12.44
18.76
20.57
15.79
12.5
15.91
15.13
11.33
10.14
16.15
18.23
16.3
12.89
11.16
7.82
9.7
13.4
3.15
10.99
7.78
11.71
13
9.94
11.17
8.78
10.54
11.93
0.17
-1.05
6.01
5.19
7.29
11.88
13.44
14.94
6.26
17.18
19.07
18.56
18.75
14.04
3.05
12.19
14.54
16.03
17.93
9.94
9.32
6.05
7.83
11.96
7.8
8.81
11.05
10.51
6.19
11.74
16.16
8.95
16.41
17.82
12.49
9.21
10
12.84
13.24
1.57
16.66
16.79
9.32
15.93
14.36
12.6
19.43
17.19
9.14
12.05
13.3
11.09
11.58
10.5
11
11.58
5.2
8.03
10.7
11.47
1.01
5.05
13.13
14.56
13.47
14.76
14.73
10.4
-0.39
12.63
19.47
20.36
17.73
14.16
6.48
-5.58
3.15
9.65
6.26
13.76
18.42
19.23
14.23
5.07
12.09
17.3
12.81
16.19
17.8
14.23
6.54
-5.66
-0.4
0.56
7.96
10.38
2.38
6.21
7.83
0.32
7.71
14.02
16.71
12.23
4.89
4.77
8.97
9.09
15.53
15.75
5.19
3.28
5.82
4.05
11.34
13.44
15.02
18.7
19.24
7.53
-6.15
8.31
15.19
14.45
5.94
15.29
9.44
7.33
14
14.82
13.25
13.8
15.89
17.7
18.64
18.33
13.42
13.99
12.97
9.21
6.12
8.31
7.65
9.82
13
11.61
11.05
15.98
16.01
7.65
12.22
15.78
11.47
11.97
16.96
13.74
12.54
12.81
12.19
12.91
9.66
9.02
6.82
7.89
9.83
6.2
6.02
10.43
8.43
-5.64
7.47
-3.06
12.11
11.71
-3.51
13.13
14.08
9.21
6.88
8.56
9.53
9.57
5.7
13.35
12.59
12.62
16.39
16.13
11.22
11.32
13.84
15.99
12.12
2.45
2.76
11.66
14.06
12.78
8.62
1.87
-1.31
5.15
13.19
13.76
14.61
11.47
8.98
12.4
10.23
8.42
7.61
9.65
16.11
10.81
0.84
10.93
15.79
17.03
14.38
4.12
-0.54
8.61
5.53
0.66
1.01
11.71
14.63
14.93
12.78
11.63
14.06
15.82
11.22
11.38
6.33
8.9
8.64
6.95
10.09
14.2
12.7
6.71
-1.62
4.03
10.62
12.3
8.35
16.81
17.3
5.7
3.57
0.23
5.58
4.81
5.5
4.05
-3.14
-0.93
2.47
6.68
8.9
6.49
0.69
0.84
7.71
12.64
10.77
13.91
15.31
12.54
16.89
19.74
17.71
9.31
3.11
9.52
11.58
14.86
13.88
14.31
16.46
13.03
9.48
13.42
12.7
5.74
8.82
5.28
6.64
-1.41
7.13
5.42
0.75
3.67
5.34
1.87
1.54
8.45
9.73
4.88
9.74
9.03
-9.05
8.29
15.88
17.73
18.09
16.21
14.38
10.34
7.4
12.31
-14.02
15.51
15.28
10.89
12.62
13.5
11.98
2.22
4.05
8.51
5.14
7.82
12.01
13.71
14.08
11.83
3.84
9.24
8.29
10.22
15.39
10.63
6.41
9.48
14.9
15.97
17.78
15.52
9.14
2.49
15.42
15.67
13.56
12.36
14.75
15.01
11.17
8.6
6.05
12.27
14.77
15.91
11.68
-3.15
13.4
16.99
12.91
6.53
14.68
11.01
13.52
16.54
14.39
14.09
7.66
8.05
8.42
0.27
5.45
5.5
-2.8
8.94
13.16
14.78
14.49
15.44
16.71
9.16
10.32
11.81
2.55
17.69
19.63
16.7
13.54
15.5
4.43
8.9
14.96
10.15
6.55
14.78
17.6
11.98
5.09
14.55
13.79
11.84
2.18
13.92
15.83
17.21
17.15
10.24
6.49
7.73
3.95
2.39
2.78
13.06
15.32
13.73
3.98
15.23
16.51
10.81
4.51
13.02
10.85
7.3
15.54
16.23
13.36
17.21
19.1
16.57
17.16
17.64
14.67
12.81
8.37
14.85
18.79
15.74
3.64
10.03
14.66
15.31
15.53
12.36
15.82
14.18
13.78
15.16
13.67
10.82
10.96
3.74
15.97
15.04
-3.57
11.51
9.56
-5.14
5.97
10.95
15.76
17.15
13.79
3.16
8.12
5.46
6.31
10.9
13.38
7.82
12.86
13.89
10.88
13.85
10.33
13.7
14.37
-2.7
12.82
18.16
19.04
12.78
5.32
6.77
6.66
10.73
10.92
16.5
16.79
7.96
13.15
14.74
12.42
14.99
14.33
6.32
14.87
15.44
9.52
3.19
11.77
11.52
21.91
25.96
24.19
19.08
17.46
13.18
9.86
14.32
15.81
15.28
11.3
10.07
13.13
16.09
16.93
16.26
15.85
19.83
19.79
17.01
17.45
16.86
11.62
2.15
10.75
13.49
15.21
9.4
18.24
18.68
14.34
13.86
9.72
8.09
8.03
5.98
3.1
7.12
10.55
4.84
12.7
14.37
15.69
3.16
8.06
4.95
9.55
9.97
12.95
14.07
11.36
2.36
0.46
4.19
5.81
10.77
14.96
14.81
12.29
14.67
14.73
11.16
14.24
15.19
6.83
-3.1
7.39
-1.36
9.28
6.23
10.81
11.82
12.97
14.31
16.28
15.22
0.03
15.82
18.19
16.49
14.5
7.56
9.57
4.99
9.09
7.54
13.81
13.17
13.93
18.62
18.29
12.66
17
14.02
6.65
14.97
15.16
9.55
9.36
14.93
12.75
9.43
1.07
9.63
17.09
17.24
12.14
4.74
5.43
6.85
-4.33
8.68
9.92
16.6
20.28
19.03
18.84
19.79
19.57
15.72
2.52
6.74
-2.94
8.24
9.76
0.44
9.57
8.61
4.91
5.06
14
16.66
16.24
16.02
14.86
9.59
12.71
6.44
11.68
15.37
16.73
14.57
0.68
6.46
1.12
10.67
16.2
15.14
13.13
10.22
14.93
17.28
8.29
11.72
-24.02
14.18
17.18
17.41
18.18
17.02
10.5
10.93
8.49
8.1
15.4
12.61
6.29
6.94
1.62
5.02
2.97
2.88
9.56
2.65
9.71
12.91
12.27
5.98
11.7
11.1
13.65
15.21
17.69
16.39
-5.58
17.7
19.04
15.28
11.39
13.43
18.76
21.01
17.28
5.88
-0.82
13.13
16.95
12.22
4.82
9.55
9.48
9.51
12.82
13.23
14.96
10.97
11.23
14.86
17.73
15.55
14.57
14.48
-2.81
11.57
14.23
15.17
14.51
16.27
17.61
9.93
11.44
14.81
14.48
15.71
12.03
3.2
14.39
10.57
3.1
-0.35
4.25
10.22
5.51
0.65
10.7
13.91
14.13
14.17
3.02
11.46
5.07
5.37
1.11
9.66
11.9
-6.03
6.61
9.92
7.59
3.3
8.64
14.59
17.81
15.19
9.99
16.26
14.92
8.02
8.58
11.05
2.54
4.18
7.05
6.24
15.69
15.65
9.56
9.25
16.23
14.83
-5.55
0.29
10.15
15.82
15.97
11.3
14.85
10.72
6.5
15.23
18.09
18.64
15.65
11.61
13.23
12.61
5.84
8.39
1.19
9.45
8.4
11.69
9.57
11
7.65
1.11
8.49
5.83
8.54
17.23
16.34
7.93
10.11
13.88
-2.67
9.39
16.39
17.77
15.6
12.78
13.86
8.21
11.95
12.91
6.56
3.28
10.93
8.94
7.78
10.62
5.33
2.94
11.27
6.88
10.6
4.71
6.09
10.5
10.28
14.36
11.02
4.18
15.64
19.18
17.9
14.63
11.69
11.18
14.42
14.84
-16.03
14.17
16.24
13.13
8.25
12.82
8.62
9.19
6.25
5.03
10.03
12.63
18.09
16.23
15.55
15.39
4.3
12.37
13.25
9.08
2.63
2.89
-2.32
-0.6
-0.69
9.88
1.9
1.7
-1.86
5.04
11.1
14.83
11.54
8.74
3.34
0.03
12.21
11
13.64
12.14
-3.91
9.36
11.19
12.12
15.15
14.93
7.94
1.31
10.81
15.77
14.12
8.57
8.92
12.2
12.15
10.39
6.59
2.22
2.52
8.46
2.09
4.53
13.82
16.9
9.23
10.33
12.84
3.29
8.58
12.47
12.93
12.49
10.18
17.39
7.84
10.73
14.25
13.14
0.33
4.99
10.05
14.13
14.06
12.03
-2.23
13.31
11.88
9.99
12.23
8.8
12.57
12.64
12.47
13.65
13.11
10.03
7.5
12.23
16.9
16.91
10.26
2.63
13.77
14.79
11.14
9.96
10.07
7.35
6.76
5.1
5.93
-1.13
0.41
4.25
2.59
5.97
2.06
13.34
13.3
7.82
5.03
-3.98
8.44
11.52
13.19
11.96
5.16
7.42
-3.45
13.22
15.26
13.18
7.22
-4.08
-7.33
4.5
6.71
7.02
10.68
10.51
10.04
13.15
8.57
6.39
4.63
0.5
8.49
16.21
16.28
13.83
13.21
14.84
16.19
3.72
-0.02
0.22
12.87
14.95
10.38
11.43
12.53
10.52
8.58
6.17
4.22
-13
3.63
11.21
18.2
20.07
17
-4.09
14.39
15.23
12.8
7.18
7.07
5.24
7.71
1.12
6.96
13.14
13.28
14.32
16.07
14.35
12.57
7.42
9.15
10.78
13.63
16.77
17.21
14.23
11.93
12.29
6.95
5.99
7.56
5.99
9.87
5.7
-2.09
2.19
2.41
11.58
9.88
3.81
7.25
10.62
8.54
4.55
9.08
8.23
2.2
5.65
1.53
10.28
12.11
16.51
18.42
17.83
13.15
5.35
11.44
13.34
13.5
12.62
13.38
9.93
7.96
10.08
7.26
11.82
14.94
13.18
12.53
9.42
7.56
0.51
3.37
-16.86
11.57
10.6
7.21
8.75
12.15
11.59
13.24
12.68
17.48
18.13
15.65
6.07
9.37
14.4
15.94
12.25
11.76
12.6
7.41
9.55
8.84
10.84
-1.03
12.55
14.62
15.51
16.25
12.1
11.77
9.38
3.56
14.93
17.48
15.9
15.23
9.26
7.76
12.23
13.34
8.59
1.02
6.97
-0.96
4.66
8.33
12.14
12.4
14.25
11.14
5.83
14.62
18.27
16.44
11.82
7.35
-5.36
12.8
14.74
6.28
-0.09
-11.5
10.22
15.82
14.17
10.33
11.56
16.07
16.28
10.63
5.57
13.75
17.9
19.4
17.07
11.66
5.22
11.39
11.11
11.91
1.47
11.21
9.6
11.87
9.06
5.19
15.21
14.62
11.23
5.78
3.04
6.08
7.91
14.24
17.7
19.19
17.31
10.7
7.61
4.78
-0.64
8.44
10.76
13.47
16.39
12.15
7.35
10.86
-7.4
3.35
10.04
10.96
3.21
12.13
15.65
7.92
-0.03
3.06
11.17
15.25
9.33
7.27
14.58
15.83
13.42
11.93
10.75
7.37
7.76
6.47
6.63
-0.73
13.92
16.97
8.29
9.26
12.55
16.42
16.46
14.31
9.52
3.52
9.91
10.05
11.88
14.25
15.05
14.03
19.51
15.6
-0.24
7.15
10.7
13.18
12.2
9.2
-0.17
3.65
4.27
4.15
-7.31
11.83
12.21
-0.36
6.55
5.59
-3.74
6.96
7.43
4.54
7.12
5.56
9.84
13.51
13.89
12.77
15.86
14.5
14.17
11.83
7.66
9.26
6.79
10.79
11.21
6.79
-1.52
6.59
4.17
2.9
-5.42
13.05
15.1
11.99
14.8
13.83
13.51
13.74
10.53
5.92
16.32
17.68
13.61
13.56
15.64
10.4
10.36
8.18
7.4
14.95
9.14
5.81
9.48
12.87
10.94
7.18
11.89
16.19
10.84
13.42
18.12
15.91
9.05
13.25
17.1
14.56
3.4
14.54
18.51
16.31
11.37
16.29
16.64
16.51
13.75
-1.44
7.14
9.51
19.18
25.1
26.43
24.25
20.74
18.06
14.43
15.28
16.45
-3.65
16.11
15.96
12.57
12.28
9.93
18.13
18.04
17.41
16.91
10.99
0.95
13.1
16
16.5
14.67
14.49
7.4
13.33
13.48
7.76
10.7
15.96
17.7
14.99
17.98
18.57
15.02
10.93
6.98
1.52
4.55
1.42
6.45
14.02
13.38
7.35
4.89
12.71
17.37
17.76
13.97
11.58
16.26
17.02
14.09
13.44
12.92
12.92
13.09
10
2.07
12.07
14.72
8.46
9.47
18.35
20.14
17.45
13.85
14.19
13.79
10.67
12.41
5.23
14.03
12.85
7.79
10.79
12.36
13.44
15.58
16.14
16.65
17.72
16.07
6
8.85
13.72
14.25
15.96
17.59
14.65
10.3
14.95
19.44
19.67
16.65
12.26
5.77
5.96
14.47
13.7
13.9
15.27
14.3
9.43
-0.59
-1
10.72
15.63
11.62
9.21
3.88
17.61
19.72
19.1
19.26
14.49
14.28
18.3
19.06
17.06
9.05
5.16
1.04
3.91
3.59
15.35
15.24
9.31
5.03
8.27
11.68
12.39
11.73
10.57
3.56
10.62
11.86
-7.3
8.65
10.29
10.34
1.64
16.39
20.71
21.34
21.94
20.02
12.82
-5.4
14.8
18.49
14.41
7.1
11.82
11.4
-0.96
6.15
4.66
10.33
7.05
13.75
16.54
6.34
10.88
15.99
15.28
8.53
16.4
15.72
10.65
4.07
11.89
14.42
7.99
7.78
13.22
16.26
19.06
16.46
13.52
16.13
