0.72
6.82
10.6
12.38
14.14
13
8
3.01
9.21
9.19
6.91
2.97
7.74
-5.96
9.81
12.35
5.12
8.95
4.95
8.11
8.46
8.65
14.19
11.72
4.47
4.53
12.6
14.79
12.17
8.75
-3.85
12.23
12.95
6.5
3.05
7.24
5.8
-5.53
-4.62
7.97
10.35
10.61
13.1
14.1
10.37
10
9.15
7.82
3.66
6.73
4.7
13.94
15.83
10.33
2.73
3.02
7.8
8.63
6.72
-2.18
9.98
11.15
0.97
5.97
8.07
-17.4
7.62
14.34
17.17
12.89
-5.28
7.6
12.27
12.32
8.36
-0.22
5
6.09
4.71
14.03
16.43
5.47
12.11
12.27
12.22
11.67
4.47
7.66
12.51
11.42
9.73
2.86
7.24
0.23
8.35
12.21
7.02
4.1
9.64
10.66
13.05
10.22
-1.92
8.11
8.72
11.44
8.38
9
11.2
10.28
8.4
15.24
14.84
15.27
13.83
8.24
5.95
9.23
13.92
15.04
15.34
15.35
13.32
13.01
12.53
11.53
8.38
6.71
-9.67
11.47
13.76
12
4
10.99
17.38
16.33
7.33
2.03
11
16.96
10.4
8.24
7.78
3.86
2.89
5.12
-4.22
2.13
0.82
5.73
8.81
11.18
5.73
6.94
5.47
5.27
10.36
10.82
11.3
10.94
1.16
-4.64
1.06
3.41
-9.84
11.34
15.57
11.58
17.07
18.04
12.23
0.21
0.53
8.02
-0.78
11.47
15.57
11.33
-0.28
-1.38
10.43
10.44
3.32
2.71
10.6
10.84
7.79
4.6
-0.44
2.65
0
7.35
7.7
2.28
-1.63
-2.81
7.43
13.11
13.41
11.67
16.54
12.54
3.23
9.85
9.42
2.18
-0.84
9.84
11.03
6.92
9.39
6.83
6.33
2.94
4.9
9.47
9.42
6.05
0.72
10.76
12.82
8.92
9.28
14.98
17.89
16.01
9.08
10.17
12.14
9.44
6.5
14.26
14.64
11.01
13.6
12.16
8.23
8.86
5.98
0.05
8.77
10.33
3.85
8.92
11.28
3.8
-1.44
7.68
13.38
15.34
12.62
-0.6
3.27
0.82
5.84
11.08
7.91
10.85
13.66
12.33
0.05
15.79
14.83
12.43
14.72
16.96
15.69
8.58
5.77
14.38
13.37
8.24
1.61
5.02
7.53
7.93
10.01
12.64
15.2
17.01
17.18
16.89
16.49
12.27
4.48
1.28
9.78
12.87
14.35
14.97
10.76
12.54
13.22
14.17
14.39
10.67
6.07
1.44
8.29
13.63
15.32
13.16
11.43
8.13
2.55
-2.6
5.97
9.92
6.48
7.45
10.24
3.58
10.32
5.21
2.61
9.56
11.48
12.88
11.89
11.48
15.48
9.63
10.36
11.69
8.25
1.39
7.18
12.09
11.8
7.92
4.12
8.11
13.27
11.4
9.88
12.78
13.32
9.09
6.3
12.58
10.81
8.06
11.13
9.92
3.4
-4.98
9.62
12.7
15.6
12.87
4.47
12.08
11.4
13.01
12.36
12.51
10.04
10.38
14.55
14.72
12.68
4.76
5.72
8.84
7.13
11.85
10.37
5.56
13.73
14.59
7.18
5.52
9.58
15.2
14.05
8.77
4.85
5.27
9.37
7.48
11.36
10.46
4.26
9.23
7.09
11.38
10.1
-10.76
5.98
7.72
8.88
10.06
7.97
5.05
8.01
11.28
11.73
10.65
11.84
11.16
0.72
7.59
4.93
-2.22
4.21
8.32
0.28
5.13
9.09
8.79
6.16
10.24
12.36
10.55
12.87
15.99
15.21
9.88
-18.17
6.43
6.78
13.15
15.99
14.2
8.88
12.69
13.84
7.55
3.82
9.34
9.39
10.23
16.35
16.72
15.83
17.6
16.94
12.85
10.45
9.2
8.91
-7.76
9.6
8.31
8.84
11.35
15.04
17.39
15.82
10.55
11.15
14.25
4.76
6.19
8.88
9.63
10.42
5.29
13.86
14.12
0.88
12.42
13.25
8.25
8.8
10.2
10.46
9.71
11.6
14.3
9.89
2.78
10.09
11.44
8.26
2.7
-5.14
9.37
12.42
6.42
13.04
12.13
11.77
13.43
15.87
15.92
10.94
5.79
7.4
6.83
2.87
9.51
8.7
0.73
8.41
8.44
12.94
14.24
13.53
9.7
6.43
7.08
7.62
10.12
10.56
8.1
7.43
9.4
9.29
7.72
5.98
3.9
10.23
15.75
16.21
11.88
3.57
-12.31
3.5
9.07
12.24
14.7
15.04
11.02
6.27
-2.38
6.73
14.27
13.84
8.75
6.37
2.23
3.6
4.88
-1.25
2.56
13.57
13.99
5.99
-2.93
8.7
11.41
7.93
9.92
12.98
11.43
11.89
14.05
13.93
8.56
11.85
14.48
13.05
2.31
12.75
13.49
6.83
8.93
11.91
8.39
1.3
8.64
5.1
3.62
11.63
14.15
10.71
2.7
6.95
7.67
4.48
5.19
13.59
14.46
3.26
4.71
13.33
16.1
13.71
10.6
12.17
10.38
7.31
7.24
13.88
14.11
10.9
-0.88
1.06
-3.58
3.49
4.22
14.08
11.08
6.49
8.79
10.05
-1.98
-21.01
18.47
21.15
20.16
12.56
6.93
12.45
9.33
2.37
6.09
9.43
7.93
9.98
7.82
10.96
7.63
-1.61
9.4
13.73
12.36
10.12
8.1
6.95
12.94
17.65
18.23
14.8
-6.88
5.54
13.94
14.56
9.75
11.48
10.74
6.96
0.34
-3.45
4.5
12.55
11.93
6.63
5.4
3.29
13.18
16.27
13.85
7.54
8.56
9.5
8.42
14.77
14.61
13.12
13.93
14.82
10.98
7.54
8.99
11.23
12.35
14.43
15.42
12.91
4.34
4.66
11.54
11.07
-10.41
6.58
8.83
6.82
6.94
0.74
1.94
9.82
9.89
3.95
-2.19
-4.68
6.65
8.24
-3.97
11.53
13.63
10.94
6.02
3.86
7.81
15.44
15.25
10.13
1.94
0.58
-11.99
5.5
11.76
10.13
6.05
12.51
12.52
8.4
8.59
8.84
8.97
11.51
12.98
13.93
8.27
-4.69
6.68
10.87
6.76
5.43
8.43
7.22
6.38
10.94
13.66
12.77
12.54
14.77
15.99
16.66
15.87
15.16
12.57
7.7
6.56
12
13.52
10.6
9.69
13.49
13.52
5.88
11
10.28
10.49
9.42
10.04
12.49
5.88
7.56
12.88
12.64
3.45
7.08
10.13
10.78
9.35
11.32
12.68
8.34
12.41
17.05
16.96
12.79
9.58
9.19
8.86
9.04
-4.84
8.74
10.44
8.51
9.91
13.8
12.9
8.44
12.06
13.34
8.87
7.28
1.68
4.35
9.33
11.29
10.31
8.01
12.54
14
9.48
1.06
3.58
-2.77
7.99
13.26
15.31
14.79
12.2
12.47
11.71
4.29
6.15
6.23
2.3
5.91
7.99
6.98
0.27
-4.08
4.53
10.39
22.58
23.09
20.16
15.3
5.6
8.98
20.65
22.99
24.81
25.12
23.29
17.91
11.5
10.45
12.17
21.07
17.36
19.63
20.2
8.33
18.44
20.6
21.48
19.38
22.09
24.39
25.3
21.5
13.13
18.73
24.09
21.27
8.25
20.05
20.37
19.75
22.04
25.63
24.7
18.74
18.74
18.91
17.05
12.85
2.57
9.9
8.39
-3.88
7.41
8.58
18.99
17.45
19.14
20.54
27.6
25.22
20
21.86
18.57
5.19
16.82
16.29
17.4
21.27
20.31
15.69
18.6
20.25
23.82
25.55
21.51
18.18
14.68
2.54
19.74
22.15
13.33
22.61
27.82
25.77
23.33
24.02
19.4
19.74
24.29
22.6
18.22
16.32
21.24
25.14
24.22
23.23
23.94
20.77
24.39
27.56
23.44
7.82
11.66
10.78
17.5
23.42
25.28
22.72
11.98
15.42
21.72
22.22
17.42
21.86
24.76
20.93
14.74
15.46
12.21
10.11
9.93
7.76
15.2
22.56
26.67
22.25
24.33
21.09
5.68
12.38
17.57
20.76
19.71
19.06
28.97
29.28
24.41
13.27
4.43
14.31
14.85
17.92
18.74
5.11
18.36
15.8
14.73
22.41
23.54
16.8
21.47
24.71
22.7
23.77
19.85
20.26
10.15
16.99
19.26
20.75
9.72
17.43
10.99
21.22
25.82
18.15
12.2
23.01
24.39
16.58
19.06
12.33
25.93
27.81
27.41
29.83
30.29
26.08
15.14
21.97
15.75
16.64
17.84
18.21
21.08
24.16
25.42
8.21
16.27
19.79
12.91
24.69
28.81
26.53
23.61
24.06
13
21.2
22.54
19.23
21.46
23.6
23.71
19.82
24.47
27.38
29.32
28.05
26.34
20.89
25.33
19.53
16.17
13.82
16.06
25.74
30.38
29.78
24.9
25.91
28.04
25.53
23.96
25.28
25.79
24.23
21.22
21.36
22.28
21.29
19.41
16.29
10.95
17.9
19.89
12.02
11.51
15.27
15.3
12.71
6.95
12.98
19.1
17.91
-5.39
18.5
17.71
8.13
10.85
0.32
10.05
11.22
3.45
11.34
24.57
24.85
16.69
9.86
16.03
20.69
23.12
22.8
16.7
10.97
22.52
20.48
19.76
23.51
21.59
20.18
17.86
12.71
12.18
16.98
8.74
12.73
11.6
19.28
26.59
22.68
6.91
8.16
13.14
15
11.67
15.88
9.85
10
23.88
28.77
23.85
-5.15
14.22
15.17
21.49
24.94
23.92
17.48
11.69
19.45
24.56
25.72
24.87
22
20.56
21.35
18.29
13.82
15.82
4.08
3.86
11.24
16.06
20.5
18.45
17.26
20.01
24.3
25.7
19.05
15.07
13.5
15.11
13.77
16.91
18.94
14.32
15.98
17.43
15
17.62
12.6
14.12
19.42
19.25
17.04
14.89
6.83
-5.46
6.45
18.26
20.07
10.96
9.35
15.92
14.44
13.05
9.84
7.83
13.15
14.21
14.88
17.55
8.47
17.21
18.56
21.81
22.1
18.23
19
15.12
10.48
10.63
7.56
12.4
14.09
10.98
6.37
17.18
13.98
3.02
-6.12
13.56
16.35
10.43
-7.09
12.38
18.48
15.41
-0.5
-1.5
10.71
12.15
6.77
8.8
15.86
17.48
16.8
16.32
15.87
14.21
10.16
14.22
15.96
16.41
15.37
11.73
7.82
6.4
12.45
14.09
13.96
8.6
5.28
24.45
19.33
0.22
10.34
2.43
17.15
18.85
10.58
15.52
23.02
22.91
10.66
17.8
22.36
23.46
21.12
22.08
26.29
27.91
27.61
25.26
18.88
24.41
22.61
15.34
21.23
24.29
23.27
26.11
23.43
15.1
20.09
21.95
24
27.7
27.44
23.55
25.97
25.15
12.46
19.57
19.36
22.8
24.66
20.9
21.49
25.62
27.65
24.36
14.83
23.37
23.62
22.93
24.99
23.51
23.04
23.64
18.95
16.49
23.39
25.52
21.84
22.18
26.96
27.31
28.77
27.65
27.1
29.24
27.01
19.7
17.2
20.38
20
24.6
22.37
25.18
31.17
29.65
24.72
24.3
26.56
27.51
24.76
20.95
24.3
20.84
21.38
22.49
22.11
22.48
22.87
27.79
29.97
28.24
24.79
15.88
3.37
13.5
19.13
15.88
17.44
20.93
22.56
12.38
20.92
19.44
22.58
23.19
17.49
22.19
23.47
15.97
8.62
15.8
18.33
-3.57
27.19
28.56
24.93
25.67
22.53
20.78
19.69
22.85
22.43
13.05
21.37
17.29
15.21
14.56
20.07
24.56
19.58
17.08
10.81
17.4
26.76
26.09
23.18
23.7
18.78
16.43
20.53
22.46
16.57
20.26
25.37
26.55
26.76
25.56
18.65
15.93
16.68
20.67
22.63
25.91
24.63
16.72
15.65
9.82
20.38
19.42
17.48
11.1
10.56
19.1
17.89
15.9
13.26
13.3
22.45
23.16
18.33
10.57
8.68
17.62
17.18
3.07
17.55
19.57
12.46
12.47
13.13
12.21
12.66
14.76
12.46
15.25
13.95
17.37
22.25
17.37
5.73
13.7
17.18
18.78
19.69
17.28
17.44
12.97
16.05
18.37
-5.07
17.42
19.09
19.97
22.72
22.5
23.83
22.98
26.2
20.81
16.79
16.95
21.63
25.37
21.63
15.68
12.8
11.99
23.07
22.96
21.07
18.67
14.06
9.87
14.39
22.29
15.42
20.2
20.75
11.72
11.21
18.68
18.43
19.93
21.02
21.84
25.57
21.55
16.09
23.56
25.75
19.47
19.34
26.1
27.19
25.03
22.29
21.07
19.91
17.49
11.13
16.51
24.08
25.83
24.07
24.54
24.23
21.38
18.43
19.49
20.05
14.66
13.18
17.88
22.22
23.31
19.73
-2.44
7.39
17.58
16.06
19.29
20.5
19.73
11.54
17.05
17.87
20.58
15.33
11.53
13.05
20.74
16.08
7.83
19.3
20.69
20.64
21.64
17.3
16.73
21.19
16.31
6.1
13.65
15.59
20.58
21.82
17.18
9.04
-2.65
15.07
21.47
21.73
20.96
21.01
19.48
18.65
23.01
18.62
3.76
13.46
18.94
20.38
21.96
20.86
18.79
18.83
21.56
22.94
19.17
15.98
17.19
17.8
19.87
18.93
15.81
15.49
10.37
17.98
20.12
22.09
19.82
-4.12
16.52
12.65
17.15
20.02
11.36
17.71
21.5
23.49
21.23
16.92
11.66
7.92
12.81
13.52
21.05
22.85
13.83
16.79
16.14
10.08
11.28
17.22
20.97
22.64
24.51
23.13
12.08
16.47
20.94
21.75
22.45
14.48
14.09
18.71
16.84
9.92
19.08
12.82
22.57
25.62
23.45
18.95
18.22
16.42
21.63
22.2
14.6
21.05
19.34
15.52
21.17
20.28
20.64
20.88
12.98
18.52
24.25
16.26
16.73
17.52
14.7
20.25
24.87
22.02
15.03
16.07
14.18
2.92
3.79
14.17
14.43
20.66
21.95
21.75
23.21
24.33
22.01
24.47
21.71
13.59
14.65
2.51
19.88
25.18
24.51
22.32
24.85
25.49
23.11
20.44
14.83
19.25
23.29
22.27
22.08
23.18
25.54
26.14
23.09
21.2
19.88
1.9
22.65
27.13
27.09
18.67
14.55
22.37
24.17
22.9
24.5
27.71
28.45
24.56
11.59
22.01
27.02
28.58
27.02
27.48
30.22
30.93
26.52
12.32
15.46
9.91
18.57
25.76
24.11
22.62
25.88
24.9
18.89
9.84
13.39
16.84
15.39
15.85
18.23
17.19
16.41
20.18
25.13
28.2
26.22
22.1
22.12
25.6
26.55
19.39
17.25
10.6
12.71
18.47
23.38
24.19
20.02
23.58
27.25
25.77
24.84
23.54
22.89
26.95
28.17
28.19
24.68
18.07
7.42
24.61
27.2
25.3
25.07
23.92
20.54
22.12
24.62
26.98
26.13
22.71
25.57
21.97
17.13
22.83
20.15
17.8
19.83
23
27.43
28.8
25.57
16.78
21.79
20.72
22.27
28.72
33.95
36.26
32.99
22.41
15.2
17.98
19.92
24.05
28.28
28.13
22.88
25.89
23.44
21.82
24.9
28.03
23.66
16.32
24.4
19.56
27.54
29.71
16.43
6.36
27.08
32.55
29.47
8.15
23.58
26.65
28.34
26.76
24.59
25.98
23.22
17.03
13.74
11.93
2.76
16.97
25.6
23.62
18.66
18.28
23.32
31.46
35.56
31.68
22.54
19.36
12.07
20.48
20.15
16.58
22.15
23.65
7.13
21.97
22.74
11.8
11.46
14.74
22.46
21.76
11.22
16.22
19.86
18.09
15.58
19.76
20.97
19.08
3.76
20.44
39.86
45.17
41.5
27.54
25.32
23.43
12.38
20.19
23.18
23.03
13.56
23.1
15.47
21.76
22.71
24.88
19.05
19.46
23.87
23.68
24.13
19.69
21.52
23.97
24.06
23.25
25.88
28.81
29.16
26.1
21.66
22.21
26.5
28.74
26.96
23.48
21.81
21.05
20.61
26.66
25.8
26.71
28.69
28.37
28.1
27.24
25.95
22.77
23.24
23.48
24.86
34.91
41.21
39.3
29.03
24.48
26.33
27.27
24.8
10.09
5.86
22.24
24.24
18.92
26.62
35.93
34.29
23.13
6.83
20.95
25.83
27.29
25.19
14.89
20.25
20.18
16.33
14.31
13.08
18.92
14.54
17.28
32.99
42.85
43.2
33.87
22.49
24.14
20.44
7.8
12.2
24.55
28.29
24.27
15.32
26.4
27.89
24.83
21.64
22.19
20.69
24.01
25.56
23.73
17.11
16.88
22.05
24.68
27.23
28.12
25.62
18.54
16.33
18.38
20.98
20.96
22.19
28.29
29.78
27.99
23.95
19.2
14.43
25.03
25.12
23.42
21.68
20.01
27.13
27.18
24.92
23.17
22.39
24.94
36.71
42.12
38.9
26.34
25.46
26.55
24.21
13.12
18.5
14
18.21
18.75
20.85
19.19
12.86
22
20.73
21.36
19.96
10.74
21.25
23.22
15.42
14.47
23.95
28.02
28.12
24.02
2.52
23.19
24.35
23.7
24.76
20.23
21.67
24.75
21.14
22.76
22.93
17.2
21.96
23.83
3.79
19.43
19.93
25.63
23.86
12.84
24.24
22.51
16.25
17.25
20.98
19.25
16.27
13.99
25.36
27.93
29.92
31.08
24
18.02
22.01
16.08
20.52
22.63
26.75
28.54
22.76
27.07
28.94
25.16
32.96
35.8
33.21
28.87
28.68
27.89
23.44
16.19
19.63
29.18
36.72
39.78
36.37
30.37
29.34
29.77
28.21
24.4
36.61
41.19
36.06
23.13
23.55
27.21
26.01
22.47
24.88
24.25
25.99
26.55
26.66
33.62
34
28.18
23.42
23.84
16.36
23.09
27.82
26.55
29.43
32.9
31.75
26.21
13.66
22.06
21.23
30.19
31.54
28.96
27.85
30.87
29.97
25.79
24.47
27.52
29.39
30.69
29.85
28.96
30.82
32.43
31.38
29.17
20.61
19
22.82
27.23
29.95
27.21
25.86
28.81
30.72
29.32
17.56
27.02
19.13
32.16
44.28
49.93
47.64
36.94
25.19
23.28
24.45
10.78
28.02
40.93
49.34
50.05
42.3
28.18
24.98
18.02
15.09
23.25
25.41
23.8
24.16
22.2
26.43
30.27
28.69
26.99
27.12
24.24
19.7
23.58
29.08
27.43
22.98
21.43
17.57
24.26
24.55
22.52
20.7
24.66
24.05
20.32
14.78
18.38
25.94
22.94
22.58
29.55
30.3
17.46
27.41
30.81
29.22
29.71
32.87
32.03
27.45
29.25
29.74
25.77
17.26
22.41
23.59
29.28
31.64
27.59
26.63
23.22
22.07
23.71
29.65
28.77
16.6
30.74
33.91
28.68
30
33.99
30.58
22.58
28.84
28.17
28.51
31.28
25.39
18.02
15.65
17.76
23.91
27.17
30.3
27.34
26.86
28.31
26.2
25.5
27.53
29.64
28.24
17.09
23.97
24.72
16.32
30.68
33.57
30.93
30.11
32.26
30.47
19.32
13.98
17.92
26.15
29.4
24.43
18.03
22.61
20.84
26.35
27.79
28.68
28.09
31.96
25.59
25.49
26.54
22.44
18.36
19.6
15.06
14.59
29.42
30.57
26.19
23.63
25.57
13.19
22.06
24.46
18.18
17.74
23.8
20.96
16.31
21.2
24.4
29.7
28.85
21.78
17.14
21.07
19.98
27.54
31.03
30.99
28.94
29.08
29.7
28.92
24.11
17.99
25.84
24.22
27.4
30.8
28.79
25.68
28.05
30.61
27.57
27.19
29.4
22.18
21.82
24.85
21.45
20.34
23.84
26.21
24.91
28.05
29.57
25.86
25.19
31.47
30.62
23.4
13.02
17.91
26.11
30.12
29.19
28.79
29.21
23.82
14.8
22.52
20.96
22.28
12.22
25.82
31.02
30.76
25.58
9.45
21.29
27.39
26.5
20.63
24.67
24.15
15.79
25.51
25.09
20.15
12.57
10.01
20.91
24.54
23.07
15.34
10.18
14.53
21.03
25.27
25.42
25.46
26.61
27.04
27.76
28.2
28.43
25.27
20.15
17.44
13.21
24.09
18.46
21.73
25.62
27.68
23.32
25.17
22.73
19.11
25.4
21.21
20.19
26.66
26.92
25.09
19.78
11.59
24.47
26.41
23.96
20.46
25.58
25.73
26.11
24.14
19.65
22.7
24.26
25.69
22.9
23.26
22.29
6.6
22.16
23.48
23.63
23.66
22.26
20.79
21.49
13.57
21.8
24.72
15.79
19.99
25.1
23.09
21.61
19.46
13.62
9.13
11.48
9.45
10.09
16.37
19.27
20.26
20.28
21.72
25.1
26.26
24.86
21.59
16.56
18.26
18.69
12.7
17.74
23.24
24.84
21.61
14.96
18.66
16.22
24.27
23.02
25.79
23.94
24.97
24.53
28.94
26.24
20.17
14.69
25.23
23.48
20.52
19.14
19.56
25.78
27.36
20.86
19.44
25.79
27.62
22.6
18.15
23
19.41
24.19
28.24
22.33
20.63
15
18.23
22.89
15.46
15.55
17.79
27.08
26.96
12.5
14.51
20.3
24.27
21.83
22.87
24.03
25.15
19.68
13.54
14.28
5.95
18.84
22.45
15.87
12.98
16.24
20.48
21.92
14.33
11.79
7.02
17.11
23.54
23.06
27.01
26.52
29.67
23.2
25.59
22.79
19.72
15.08
25.14
9.7
5.3
23.82
11.73
21.42
17.81
22.93
32
36.66
33.32
16.79
9.88
16.82
-5.29
12.51
14.22
25.5
26.32
22.96
16.2
12.79
21.63
19.78
25.52
30.95
27.61
27.38
28.77
23.29
18.36
18
21.14
25.21
26.88
22.69
15.15
19.31
24.83
25.34
25
25.22
25.03
24.08
17.85
21.36
25.51
23.35
19.52
21.64
21.82
27.89
20.13
10.58
23.08
24.63
21.18
7.41
16.06
15.86
24.55
25.58
25.83
27.85
30.43
29.23
26.2
22.89
19.97
25.96
16.88
19.59
19.04
21.64
29.1
30.27
26.08
20.45
20.6
16.09
28.72
28.97
27.5
20.5
19.26
6.71
25.2
26.15
12.47
20.68
12.91
23.24
27.88
24.66
9.29
23.49
19.78
19.09
24.96
23.75
22.34
21.68
21.84
18.15
14.96
17.67
26.01
22.51
14.22
22.57
22.92
19.77
26.32
28.52
25.51
13.76
12.82
22.6
27.57
25.39
19.01
17.51
12.56
14.53
22.31
22.09
8.92
11.52
13.18
13.88
17.08
11.59
16.57
19.02
12.24
18.03
18.87
22.22
22.81
20.3
22.11
16.39
16.81
24.84
24.83
17.5
19.01
20.54
18.41
20.96
23.32
19.93
-1.44
18.75
18.77
23.5
27.93
25.15
15.99
14.6
24.26
24.35
17.83
12.29
10.74
14.03
20.21
16.3
23.23
21.08
19.7
17.55
17.59
17.87
10.02
12.9
20.78
24.92
24.88
18.71
16.94
19.28
17.51
15.47
14.07
11.65
16.41
15.93
9.44
13.27
7.79
16.87
19.87
21.79
20.55
20.86
23.31
24.85
22.32
17.46
15.61
16.75
20.45
26.07
23.4
18.2
17.84
14.55
13.62
14.03
20.89
20.66
12.3
19.31
20.68
19.81
19.71
16.95
13.26
19.36
20.27
22.32
21.04
17.45
16.62
15.96
12.34
15.08
13.93
8.49
10.63
19.28
17.18
17.32
14.47
12.84
11.92
9.19
13.22
23.06
25.66
22.97
20.57
21.8
22.72
20.85
16.26
10.5
12.02
19.93
19.7
12.97
17.91
18.73
22.76
24.51
19.37
-7.01
13.68
16.03
13.54
12.94
16.15
7.91
20.95
23.02
26.2
25.1
16.81
7.13
11.18
17.69
19.7
16.13
18.36
21.85
21.14
23.74
26.01
22.01
15.63
24.44
26.18
22.98
20.76
21.94
20.86
20.01
20.73
21.55
23.1
15.48
23.35
24.77
22.39
19.86
18.28
15.91
9.87
22.27
20.27
17.07
17.74
16.19
20.91
23.71
27.25
25.95
20.03
13.62
9.93
8.64
16.93
22.88
23.43
22.02
25.17
26.93
21.7
17.88
24.72
25.42
21.53
16.42
21.09
19.01
22.54
22.52
22.08
21.16
14.01
21.91
26.21
21.72
15.36
19.29
18.35
12.73
11.34
15.51
14.97
13.38
17.71
9.09
16.17
11.13
19.11
25.26
22.98
15.55
21.35
20.42
14.34
14.07
20.74
23.77
23.3
20.02
12.61
6.82
18.4
20.1
23.2
24.97
22.21
16.98
12.85
11.75
9.9
13.78
6.14
-3.96
7.16
16.19
15.64
18.04
22.44
22.54
25.54
28.82
25.05
18.63
11.18
19.61
21.55
10.96
12.07
18.42
17.19
21.43
16.68
20.25
23.66
14.63
20.58
19.61
17.66
21.92
21.34
18.91
20.31
22.1
25.36
30.13
28.75
20.64
20.17
20.42
15.46
17.27
18.67
18.83
16.51
14.86
23.57
21.16
24.13
20.63
17.39
15.04
8.6
15.22
14.72
15.83
22.32
25.67
18.51
23.22
18.97
17.53
22.72
24.5
24.79
20.76
16.51
14.84
13.81
14.26
13.69
19.23
20.76
6.55
18.48
13.82
8.61
14.27
7.92
8.53
15.98
23.38
26.3
21.95
15.51
20.14
23.31
20.52
13.93
13
25.19
27.03
23.19
14.64
14.5
16.04
14.75
14.74
14.77
10.37
17.49
14.73
7.01
14.41
20.55
18.32
18.6
34.44
38.86
35.65
23.54
16.47
17.04
16.41
18.52
21.6
22.39
20.09
15.03
4.19
13.87
17.55
25.86
24.3
18.17
3.58
8.03
18.52
23.62
21.4
18.85
25.7
26.82
21.38
8.43
9.72
11.57
9.9
3.17
4.79
17.02
19.64
20.91
20.16
14.32
13.71
20.82
22
24.4
24.27
18.01
-2.76
7.99
17.52
14.46
17.95
19.48
8.45
18.27
20.75
17.29
6.75
20.35
16.1
25.62
26.94
22.51
20.43
16.5
15.03
19.64
23.1
22.92
23.3
18.33
14.7
17.23
10.79
-0.1
12.35
10.1
-1.34
9.61
17
20.59
19.31
18.78
18.69
16.05
14.73
18.8
16.7
13.13
17.27
21.06
22.72
21.9
22.47
19.98
18.61
17.62
13.5
19.78
18.53
24.33
25.3
18.35
12.63
11.96
17.02
20.45
19.95
13.34
14.49
19.8
19.18
17.2
14.45
22.56
24.13
19.33
12.87
15.55
19.63
21.21
18.72
18.86
22.77
16.25
9.38
14.04
16.14
19.15
20.55
12.54
19.75
21.46
22.58
22.32
12.79
18.12
22.87
15.52
17.39
12.47
19.18
18.39
7.4
13.06
10.1
17.87
2.84
15
22.12
22.11
15.91
9.96
8.58
2.25
8.8
10.67
14.62
17.1
17.02
15.3
14.59
18.68
20.96
15.49
3.85
17.85
4.34
21.84
21.66
18.06
19.7
20.98
20.16
13.22
17.58
21.83
20.69
16.05
17.26
13.93
12.13
8.47
16.55
17.33
13.8
16.73
20.02
20
22
21.85
15.21
11.9
-3.69
9.52
11.56
11.98
9.43
15.5
20.56
21
16.64
9.28
13.65
14.33
2.93
18.46
20.73
18.15
13.95
14.48
14.22
10.25
-1.39
6.41
2.27
13.13
17.48
20.65
15.94
20.14
20.09
17.23
15.79
16.25
3.2
14.9
18.21
19.63
18.8
17.69
21.77
15.81
7.7
13.44
13.62
19.65
19.11
15.7
17.56
17.06
19.3
18.3
19.23
21.78
13.25
14.08
19.86
18.38
14.78
16.37
18.74
18.91
13.96
14.23
17.03
16.14
17.2
13.8
6
11.67
6.28
6.42
10.69
-4.01
17.27
20.37
20.97
20.34
19.9
19.55
18.68
19.33
20.59
18.22
12.28
0.02
18.37
19.64
15.63
7.48
6.5
12.78
6.89
11.42
14.99
14.13
17.86
21.18
21.14
17.19
2.92
14.23
13.42
13.77
19.31
22.1
21.79
20.54
15.91
13.63
18.83
18.96
8.25
2.57
7.68
14.87
16.86
16.02
8.77
8.94
12.12
19.69
18.28
15.52
13.46
5.15
4.28
9.58
11
13.55
17.66
17.54
19.23
19.53
19.02
16.69
8.95
5.99
10.85
12.85
9.73
7.94
11.18
2.57
12.77
17.91
19.8
20.52
19.23
18.16
13.47
14.25
19.21
21.76
20.95
16.91
13.99
18.02
20.36
18.86
19.11
19.65
19.07
16.08
8.69
11.84
16.18
17.47
18.1
15.34
16.92
16.72
1.3
12.67
10.01
11.95
19.15
21.17
20.2
16.8
17.77
17.2
13.66
8.51
-1.41
7.75
17.51
18.84
18.34
17.88
12.08
1.5
-5.42
0.59
2.78
1.78
8.64
12.04
17.8
18.97
14.28
2.27
8.85
16.46
16
13.72
15.1
17.95
18.74
17.69
16.94
16.62
14.43
15.54
16.81
16.18
14.38
17.54
20.32
19.43
15.79
10.13
13.55
18.33
15.73
9.54
-5.64
-4.17
4.24
13.27
16.32
16.69
15.65
18.43
20.82
18.22
16.14
15.01
15.53
18.63
13.28
12.58
16.6
18.94
15.53
17.34
17.59
17.23
14.58
5.93
5.27
13.65
13.72
12.79
7.57
15.68
17.62
13.83
8.68
9.65
6.72
13.77
16.35
16.98
21.72
23.92
21.23
22.24
22.78
18.83
16.11
13.68
8.22
15.91
16.67
10.79
10.19
5.91
12.24
14.51
14.38
16.74
5.89
18.62
17.63
18.26
18.97
15.81
20.04
22.1
20.13
16.24
14.64
15.95
14.8
20.95
15.93
13.72
17.51
17.08
19.23
23.4
24.85
22.69
14.55
3.78
9.55
7.94
13.49
19.38
20.03
16.11
11.31
-5.23
14.32
21.26
24.93
22.21
19.82
21.31
22.15
23.63
24.39
21.75
16.82
7.4
16.01
22.24
21.66
16.32
8.59
7.76
17.38
17.58
14.48
16.11
13.17
14.73
20.49
21.12
16.57
11.35
11.47
14.5
20.98
20.46
20.12
19.3
17.12
16.36
17.6
14.56
17.07
25.46
27.2
24.41
21.18
13.92
13.3
14.52
4.14
14.7
19.15
19.51
17.69
17.31
19.31
19.97
19.88
19.74
19.69
14.76
18.21
23.85
24.49
23.77
21.95
21.33
23.42
22.32
15.98
13.36
18.86
17.43
2.71
11.02
10.87
16.61
18.47
16
16.11
13.95
16.38
19.67
18.57
15.69
10.77
18.07
18.09
13.94
15.5
15.28
13.63
11.71
13.16
11.54
0.49
11.49
12.53
15.07
18.31
21.02
22.38
21.02
15.88
6.41
11.88
3.59
11.17
11.3
12.93
19.48
20.55
21.41
19.56
12.38
13.58
18.17
20.5
21.2
20.63
16.78
20.97
20.15
17.64
15.15
12.83
10.72
14.63
17.41
15.81
10.99
17.57
21.82
18.96
8.98
20.35
25.53
24.17
21.14
21.84
19.49
19.91
22.54
22.39
21.92
20.15
18.91
18.8
11.73
17.35
17.17
16.92
-0.84
14.47
14.56
15.72
15.97
19.09
15.79
17.63
24.98
25.15
21.96
17.61
6.24
21.91
20.65
9.24
21.37
20.72
16.96
16.62
16.19
17.46
12.34
9.01
-14.12
6.28
13.83
21.13
20.8
6.59
15.86
18.9
20.28
18.33
5.89
7.37
14.75
17.3
20.21
20.43
20.02
19.09
12.25
13.96
15.5
2.85
10.43
10.11
15.88
17.63
17.45
19.52
24.99
24.46
19.77
16.87
4.86
9.68
17.84
17.1
15.36
11.59
12.63
19.14
13
8.42
-8.93
18.5
21.54
19.35
17.06
16.23
10.44
5.24
10.15
6.96
14.22
12.26
15.78
17.59
10.75
12.63
10.6
7.25
2.24
6.66
10.72
12.2
21.93
23.75
21.78
19.3
18.73
13.23
8.61
16.81
18.05
13.24
15.87
21.48
18.89
12.36
9.81
16.86
23.06
23.72
18.97
10.83
8.73
12.75
10.58
4.1
8.53
16.03
17
15.73
22.83
19.68
13.32
21.43
15.84
13.03
17.35
15.6
11.28
21.52
23.47
22.17
17.32
11.49
11.75
18.43
19.81
17.12
16.42
15.03
13.59
15.79
15.02
13.54
15.77
12.25
10.67
17.25
15.27
15.54
18.1
17.53
12.4
15.84
17.51
8.82
11.28
13.02
13.16
13.22
18.04
16.98
17.17
19.7
14.19
11.57
11.8
-3.68
16.52
19.95
20.72
18.71
10.52
14.36
21.57
21.33
17.69
18.22
14.65
16.88
20.64
19.41
15.55
13.28
12.12
16.27
17.42
17.63
21.02
22.2
17.76
9.58
4.05
4.81
15.31
13.91
5.65
6.46
15.94
12.74
14.63
19.66
19.63
15.21
14.11
13.66
12.48
14.42
5.74
8.42
3.07
13.48
11.59
15.74
16.7
19.84
20.55
22.54
22.57
19.71
18.12
14.18
18.1
23.61
22.29
16.74
15.13
12.9
12.68
13.91
11.59
-3.71
8.01
8.72
14
14.84
12.96
13.9
13.41
14.08
19.5
20.69
16.81
11.71
7.53
17.74
20.34
19.24
7.09
12
18
18.57
18.39
18.47
14.97
7.53
10.47
17.34
22.08
22.1
21.47
17.22
7.66
18.78
18.72
18.53
9.37
6.13
13.92
19.3
19.3
18.03
11.7
8.77
14.39
9.94
10.35
13.66
8.86
13.58
15.24
10.74
15.29
17.16
20.04
21.77
20.7
17.28
19.72
22.88
23.17
20.13
20.95
23.07
20.06
12.89
8.79
7.38
7.65
9.68
15.03
19.47
19.63
14.53
19.27
19.15
16.43
15.3
0.23
10.7
9.57
14.56
19.74
20.01
15.86
16.35
23.02
24.5
23.61
19.75
17.45
13.63
16.98
15.14
10.34
14.72
7.4
11.53
17.7
22.58
24.47
25.36
22.5
9.4
12.97
17.86
17.01
14.88
0.78
16
20.42
21.45
17.66
3.4
14.92
19.84
20.55
15.9
12.91
19.99
23.05
25.28
25.73
22.64
20.51
17.21
13.41
13.08
16.77
21.1
21.67
12.45
17.13
17.89
13.94
4.45
1.54
9.93
19.14
20.67
18.03
18.42
18.73
20.18
20.97
16.76
20.17
22.27
20.6
12.48
14.43
20.23
19.24
22.7
21.6
8.65
15.02
14.31
15
19.08
18.68
15.86
9.22
23.63
26.26
23.63
16.58
17.16
17.47
15.42
12.41
10.64
15.4
17.61
23.03
24.56
21.8
11.92
15.98
17.07
12.91
11.27
13.35
18.59
20.13
16.95
16.27
17.26
15.37
12.36
10.8
11.49
11.61
5.14
-0.63
6.24
4.68
13.15
11.85
13.27
23.42
25.24
22.67
16.07
12.64
19.01
20.89
16.64
14.81
1.54
11.58
12.64
15.33
17.05
13.9
10.78
16.58
18.69
16.55
10.77
9.12
8.15
9.54
14.13
12.2
7.39
0.36
4.26
8.75
13.39
14.49
16.34
16.73
14.83
12.35
10.09
6.91
4.87
-1.04
2.56
12.23
17.83
16.38
12.49
2.84
9.16
12.01
15.13
16.25
7.64
11.2
10.98
10.39
11.96
14.4
18.09
17.72
16.51
18.23
20.83
18.45
15.81
17.4
18.12
15.92
18.39
22.44
20.93
17.57
18.35
18.68
17.26
10.41
-0.64
10.43
16.84
20.96
21.33
16.45
5.88
13.16
20.27
23.03
22.72
20.23
10.69
17.16
17.14
17.75
16.93
14.28
12.88
16.1
21.28
21.32
15.48
13.45
8.62
1.86
2.37
6.67
11.32
14.79
12.69
7.28
17.86
17.36
12.54
13.32
16.39
13.89
14.8
16.84
18.19
16.67
15.4
18.38
19.14
11.74
2.78
3.31
13.16
13.17
6.21
11.58
19.21
21.14
21.43
19.51
14.73
20.77
17.73
4.92
4.86
12.81
17.98
12.08
7.33
10.91
7.71
5.92
9.08
8.38
12.33
-2.89
13.48
13.48
18.46
20.54
20.12
17.43
12.31
12.76
8.75
15.52
14.74
6.95
4.4
13.7
13.57
12.6
14.21
15.01
15.75
16.07
15.24
19.76
18.55
14.53
16.18
18.4
12.48
7.39
10.38
11.27
14.14
13.27
12.98
14.74
18.46
12.69
12.83
12.11
7.97
15.5
14.55
5.14
16
15.54
14.76
16.94
15.41
4.51
-1.08
7
12.09
14.51
16.96
17.9
14.19
11.25
17.9
19.62
18.73
15.07
8.48
2.73
14.46
15.52
9.41
15.72
19.38
14.79
11.08
10.74
13.61
14.77
14.17
11.17
15.08
4.4
7.93
6.53
7.62
17.26
12.95
17.69
17.34
10.89
9.84
13.73
14.97
5.66
7.59
16.74
21.3
21.47
15.15
5.4
17.29
19.15
13.2
-5.55
15.52
20.43
19.91
13.1
3.7
12.86
18.28
21
19.75
10.5
-5.83
9.28
13.54
4.12
17.31
17.73
4.01
15.41
18.29
10.45
14.62
17.58
11.7
12.08
16.9
16.19
5.2
6.15
6.73
1.38
8.59
15.09
12.21
9.65
18.91
21.85
17.28
12.31
12.42
12.82
22
21.22
15.47
5.75
17.92
24.12
21.73
10.46
12.92
15.18
11.71
9.59
17.42
20.95
20.56
22.12
18.03
4.56
5.37
16.31
16.84
10.33
-0.26
14.69
18.68
16.56
11.06
4.27
-0.32
3.24
13.8
15.62
12.79
3.33
-5.14
6.96
14.06
15.51
10.1
5.13
14.35
19.6
20.89
17.2
10.96
17.85
22.44
21.78
17.82
11.95
1.62
3.63
10.93
17.26
14.86
1.75
9.85
12.84
12.58
10.17
13.33
19.78
21.73
19.44
0.12
11.72
13.5
13.98
4.18
10.96
13.71
12.83
7.8
14.63
17.65
15.25
7.52
8.49
7.54
0.67
5.46
9.18
12.88
16.48
11.77
13.9
17.13
7.54
7.24
11.25
12.9
2.24
14.16
16.22
13.23
7.16
5.32
-5.08
8.81
13.72
16.2
9.87
7.83
9.63
9.09
5.57
10.64
16.05
11.89
-1.01
11.09
11.54
7.66
12.24
13.53
15.3
16.39
12.54
4.43
5.45
15.47
18.77
15.33
14.35
16.98
16.04
9.68
-0.69
10.57
12.4
-4.07
9.1
15.04
15.23
3.84
7.14
11.97
9.78
3.13
9.17
13.15
9.65
10.93
10.8
8.63
12.39
5.16
5.5
7.37
14.48
18.25
17.16
14.4
-5.72
14.31
16.47
15.18
5.35
9.92
14.2
16.27
17.04
18.01
18.31
17.42
12.45
7.9
-3.35
14.11
15.04
10.17
13.71
10.82
3.25
8.72
15.09
17.62
18.6
17.6
13.95
11.27
6.08
-4.12
4.71
13.29
15.09
16.92
17.04
12.04
4.85
-2.43
6.44
3.56
8.13
16.6
15.69
-1.43
14.66
15.75
10.9
5.45
10.62
1.02
10.11
4.4
10.62
14.86
13.37
19
19.57
14.3
12.73
11.31
11.15
9.88
15.52
12.6
8.33
17.39
20.21
21.08
18.77
19.05
16.24
-11.77
9.36
7.5
1.97
-6.01
-8.11
4.63
10.65
13.77
11.25
2.23
7.7
13.85
16.43
12.63
11.6
9.78
15.36
19.3
20.19
16.56
12.18
15.49
13
11.11
12.28
14.43
15.96
11.14
5.27
-1.6
12.05
19.04
17.95
14
12.61
-7.11
13.83
11.41
15.84
19.61
17.6
13.61
13.32
15.91
14.52
10.64
9.87
9.34
12.67
12
14.99
17.88
16.18
10.64
3.46
9.61
13.13
14.3
16.68
11.5
9.63
15.14
9.23
16.29
19.15
15.49
15.89
15.91
13.86
5.79
12.6
16.57
15.34
10.06
9.89
13.22
13.9
12.53
11.9
16.55
16.32
2.7
13.14
10.65
10.61
18.84
19.23
14.52
8.03
11.54
15.59
17.8
18.1
12.49
5.83
13
9.43
5.2
16.1
18.68
14.64
1.21
9.06
13.14
15.54
15.15
9.9
10.09
10.29
18.23
19.9
18.88
17.68
18
13.29
7.1
14.26
12.79
12.77
13.89
14.5
10.18
16.35
22.41
21.82
14.2
-4.37
7.77
12.03
10.24
5.39
0.11
13.9
18.49
19.15
18.74
13.63
9.7
14.5
9.15
14.66
12.81
13.05
8.07
17.02
16.98
9.23
3.62
7.6
8.78
11.45
11.86
5.51
-1.84
1.47
3.25
0.62
13.66
11.19
0.86
7.49
7.5
8.61
6.06
10.11
9.28
4.02
9.25
12.48
8.07
10.06
8.83
12.58
16.84
15.21
9.38
12.98
17.95
15.54
10.23
15.26
12.42
0.09
12.92
14.46
11.41
12.55
8.74
9.74
10.22
8.28
7.93
10.18
2.11
16.57
15.36
4.35
2.69
9.15
8.1
7.55
14.1
14.62
12.91
2.35
0.73
-4.72
4.75
10.22
9.99
5.5
15.92
18.69
22.24
21.13
12.07
4.08
14.18
13.91
7.39
2.65
9.61
9.04
6.56
11.95
15.61
5.24
7.9
7.64
11.67
17.95
6.62
14.1
4.87
11.97
9.81
12.01
15.32
15.81
10.23
12.08
1.46
7.77
10.59
16.37
15.11
10.95
2.44
13.46
15.56
10.69
2.28
7.87
8.4
10.53
16.03
15.96
9.81
1.11
5.05
7
5.7
8.43
13.56
10.6
1.93
0.65
0.15
9.32
9.69
11.91
10.97
13.05
10.69
11.25
9.38
8.42
14.67
14.99
10.4
10.05
16.97
17.5
13.7
10.74
14.41
15.74
14.83
12.5
13.26
10.87
14.63
13
7.67
5.85
4.89
10.64
14.11
15.85
14.74
4.08
6.87
7.17
9.43
6.13
-3.49
5.27
14.57
15.17
11.76
6.47
1.76
7.71
13.1
13.84
14.6
15.99
15.17
11.73
14.7
10.68
7.14
13.8
10.22
2.12
5.44
5.95
6.14
2.6
15.63
18.16
16.8
10.73
12.23
12.79
8.86
11.23
15.32
10.8
10.59
1.48
7.72
5.64
2.02
-4.16
9.47
14.83
8.41
-0.41
4.58
13.57
6.38
2.23
5.46
10.76
12.12
3.93
6.92
14.09
14.1
14.64
14.31
5.76
13.22
16.59
15.18
7.42
18.88
21.02
17.78
2.96
6.16
4.3
11.09
15.26
15.67
18.06
17.76
9.24
9.17
13.05
15.38
18.66
17.97
-1.41
17.14
16.37
5.08
8.84
10.33
14.86
13.98
8.58
8.12
-2.91
4.27
9.05
11.47
10.09
5.12
6.61
8.89
2.87
1.53
11.94
13.16
13.9
10.93
11.46
15.61
15.45
11.97
11.5
5.03
10.56
9.45
10.17
8.81
8.26
14.56
12.19
7.16
10.42
13.7
13.85
11.95
8.91
10.52
15.83
16.97
12.21
0.92
4.52
11.76
10.85
11.16
15.6
13.45
12.17
13.88
15.6
14.14
4.49
2.18
7.96
8.73
14.63
17.17
20.29
20.91
12.65
13.49
18.27
13.86
9.81
16.77
14.86
5.54
5.96
11.61
3.92
11.71
16.92
12.4
6.97
4.47
8.18
16.91
19.38
18.72
19.14
17.31
13.07
7.13
13.68
11.53
7.47
2.19
4.26
4.13
13.21
14.7
14.81
14.89
8.36
15.08
13.95
9.36
16.89
17.45
12.63
14.6
12.58
10.6
4.64
9.63
16.82
16.98
15.41
14.79
10.89
2.53
11.37
14.36
16.2
14.28
9.18
-1.36
3.84
11.46
11.42
7.19
-0.34
7.87
11.31
3.24
-0.5
-7.19
9.78
14.74
11.21
2.18
-0.24
-6.35
8.34
9.76
10.23
-11.53
11.67
9.53
6.35
12.45
13.03
8.7
15.03
15.67
13.11
4.93
7.29
11.78
12.85
12.52
12.11
11.89
8.27
3.73
6.03
4.33
6.75
15.35
16.08
15.16
16.09
9.68
10.11
12.91
7.16
10.07
6.67
5.75
6.34
13.45
15.03
14.79
13.41
11.81
11.83
4.86
3.25
6.79
17.47
14.94
-0.19
11.17
13.41
1.16
7.32
8.43
14.51
17.53
14.73
9.47
-1.01
3.02
1.14
11.55
14.16
0.72
6.4
8.89
7.12
0.23
5.79
6.18
5.8
2.52
10.14
11.22
11.26
11.37
-5.69
11.23
9.05
11.95
14.47
13.83
-5.23
10.29
-3.98
11.5
11.08
6.42
12.7
12.93
10.32
11.25
3.66
-0.76
10.49
14.71
12.62
11.36
10.44
7.51
8.88
13.54
11.93
10.26
10.15
13.26
11.58
14.82
14.44
12.65
11.28
5.78
3.67
5.95
-6.92
13.93
18.37
16.02
7.71
8.1
10.37
9.37
9.89
5.86
7.4
11.82
7.9
5.79
7.72
11.27
14.69
17.18
17.17
14.21
8.41
9.58
10.78
10.26
4.9
11.7
16
11.6
10.07
7.85
14.76
14.32
8.69
14.35
14.17
10.4
8.71
3.97
11.84
16.58
14.98
14.03
16.01
14.12
9.14
10.11
16.43
16.75
11.04
11.39
14.1
12.68
9.85
7.71
2.25
-9.55
7.54
9.43
9.23
11.72
10.77
11.07
15.87
15.39
9.61
10.46
10.98
3.4
6.78
14.77
15.8
10.43
9.24
11.8
9.69
3.93
4.39
7.72
11.24
13.24
1.94
11.48
14.73
14.89
14.98
16.42
18.19
17.11
6.73
10.22
6.99
9.19
13.91
12.66
-0.27
8.66
-2.8
10.16
10.56
8.55
17.71
15.37
-9.08
11.14
11.72
7.84
13.93
13.24
12.98
14.78
15.47
17.01
16.59
15.96
14.57
12.08
14.38
16.67
16.27
11.31
5.88
15.46
17.74
15.23
14.17
13.74
12.36
16.57
13.12
3.71
15.92
15.19
6.87
2.35
-3.44
17.48
17.9
12.27
12.93
16.86
15.84
1.56
7.52
9.32
12.7
-4.72
-1.19
10.7
13.49
11.61
5.14
12.85
14.03
14.63
12.06
6.56
6.24
8.67
3.83
12.7
12.01
11.39
12.6
12.99
13.32
16.93
16.76
16.02
11.99
12.15
12.07
4.43
11.09
11.62
5.89
3.77
9.02
16.11
17.16
9.84
1.07
7.73
13.66
15.42
12.14
6.07
5.72
10.99
13.49
7.26
8.38
4.48
13.17
14.81
8.46
8.17
11.77
10.59
8.72
11.69
9.09
11.02
8.75
5.12
7.38
-4.88
10.5
12.31
11.54
-5.61
15.24
14.53
14.92
16.79
10.05
6.2
-7.09
9.05
13.77
16.41
12.8
6.45
6.94
11.95
7.93
8.02
13.87
9.97
9.58
17.84
19.53
9.54
14.38
16.96
11.39
1.14
13.81
11.42
11.05
11.75
8.19
-3.97
-7.29
10.41
12.76
14.52
6.38
11.94
12.05
13.74
13.54
-3.37
10.93
6.93
-13.2
5.12
13.61
17.62
16.98
6.85
-3.45
12.61
11.22
7.9
0.22
9.74
7.59
-3.95
12.01
8.98
4.81
15.94
17.35
14.84
8.27
1.92
-1.22
7.13
12.34
10.77
9.08
7.24
8.27
8.74
8.74
9.45
9.82
9.61
14.5
13.1
5.13
3.84
5.52
8.8
13.36
13.95
14.53
13.99
10.73
0.6
6.83
5.72
12.38
13.71
8.44
1.92
13.25
12.76
-2.65
11.77
15.53
15.52
13.84
9.12
15.83
13.01
10.19
10.83
9.9
16.31
19.16
18.57
12.33
6.82
10.69
9.93
7.73
16.06
14.23
13.8
15.77
11.52
2.78
9.41
14.02
16.33
14.89
15.54
12.17
17.76
19.62
16.1
2.45
7.5
7.2
3.54
7.04
8.82
15.69
12.44
10.18
12.79
10.31
10.59
13.16
12.7
4.54
8.47
9.86
4.35
11.45
11.3
8.32
12.38
11.95
13.62
9.99
5.54
-6.14
6.41
9.7
14.52
15.17
10.75
7.06
14.43
19.4
16.31
4.19
2.1
7.32
11.59
10.39
5.83
2.97
0.3
12.46
10.49
6.02
10.48
11.48
12.32
11.27
16.89
14.92
12.51
16.45
6.39
10.87
9.81
-0.39
13.99
17.75
15.33
10.45
3.12
5.7
8.17
8.97
13.46
15.85
5.43
16.16
19.53
14.6
12.25
10.98
10.87
12.18
10.92
13.18
14.75
17.85
17.32
11.46
10.73
13.85
9.5
4.97
9.15
3.37
9.11
13.92
17.81
18.08
11.06
8.43
12.1
7.53
13.2
15.99
15.6
15.83
12.76
3.52
12.78
11.61
11.41
10.83
10.91
13.34
11.89
9.73
7.8
4.11
14.49
11.88
2.04
3.51
8.78
6.74
7.49
11.12
14.8
16.6
14.5
12.54
7.83
13.35
9.53
5.91
11.92
15.35
15.94
7.57
6.82
15.48
19.17
18.06
13.46
16.15
12.85
12.23
11.21
6.57
-21.28
9.22
12.77
13.29
16.4
17.4
17.43
17.05
17.13
16.51
8.91
0.7
3.71
7.96
15.02
10.82
3.4
7.04
13.38
8.31
10.59
12.08
-1.15
5.63
4.02
13.16
15.88
14.27
6.42
2.62
7.76
7.28
8.36
1.49
9.59
8.71
12.39
18.24
18.02
13.69
11.47
1.08
-1.9
8.66
18.1
16.84
12.13
10.02
8.83
5.66
-1.43
5.85
10.74
12.28
9.3
9.6
11.54
15.85
14.92
12.53
11.17
14.08
15.45
3.32
13.5
14.29
0.23
10.71
14.56
14.47
14.72
15.32
11.18
13.96
9.86
7.74
10.81
5.6
3.44
18.26
22.62
20.15
11.82
10.79
18.12
19.91
16.3
8.51
3.87
9.8
7.45
1.81
14.87
19.6
18.77
11.45
9.21
8.62
8.28
9.29
4.82
7.88
7.47
-4.5
-3.28
8.42
0.85
8.67
6.62
7.11
12.95
11.33
9.61
13.22
13.09
7.26
5.62
9.95
-3.33
11.92
17.9
16.76
5.36
7.9
4.12
5.81
10.27
1.9
4.61
11.34
11.64
6.8
2.44
2.28
11.59
14.82
8.8
17.86
19.05
19.82
18.36
15.18
2
10.29
5.65
11.49
17.95
16.11
12.51
8.26
10.85
14.66
-10.23
0.86
13.5
14.72
8.52
11.23
14.11
12.67
14.17
11.71
16.1
13.77
5.21
1.93
10.64
13.77
10.2
6.83
8.24
6.96
11.87
15.3
14.48
-20.78
12.65
8.57
1.09
5.74
-2.65
9.88
12.56
15.4
12.62
6.25
1.18
11.8
10.45
7.56
12.47
16.23
16.52
16.02
12.63
0.02
14.1
14.77
16.36
15.77
10.83
9.05
5.84
-1.32
-6.27
10.33
12.27
14.64
13.75
6.03
15.37
17.05
16.76
17.31
19.45
18.06
14.59
10.97
1.97
8.34
-2.09
8.31
-1.73
9.7
10.89
6.84
0.53
1.59
-0.86
14.67
17.88
13.82
4.91
-6.68
4.52
11.99
14.52
11.9
-8.51
5.2
4.32
11.77
6.06
10.14
10.9
7.82
10.64
14.28
12.83
1.3
13.08
1.32
11.56
7.18
7.62
9.38
9.76
2.68
8.23
13.04
15.77
11.62
9.39
12.19
6.62
13.99
16.28
16.56
16.64
15.16
13.05
8.99
0.39
13.2
9.58
8.04
4.26
13.82
19.74
14.84
8.06
9.41
7.58
11.55
11.02
8.52
8.85
9.05
4.64
6.11
10.27
15.66
8.31
0.83
-5.22
-5.98
3.44
11.58
8.37
13.38
15.22
15.71
13.04
9.48
6.74
9.4
11.44
9.23
9.94
14.03
8.48
13.73
9.91
8.52
3.7
9.96
12.54
8.09
-4.88
11.13
13.8
13.86
13.32
4.66
9.6
16.1
20.2
