5.56
-5.23
4.49
1.43
6.37
7.08
2.49
9.29
4.13
-6.34
-7.08
-4.56
6.51
5.89
3.42
10.27
11.67
6.85
8.86
15.12
15.9
10.54
0.73
14.63
14.24
2.77
3.44
8.64
6.7
11.78
15.06
15.37
13.45
12.58
5.51
7.05
16.41
13.05
9.48
12.17
12.54
14.85
11.21
5.55
9.63
14.12
13.94
11.18
10.99
11.25
12.83
12.87
6.23
2.36
4.51
0.11
2.79
7.85
-0.9
8.5
10.64
10.94
12.49
11.17
11.7
7.24
-3.98
-3.02
4.69
10.93
13.5
6.36
7.59
10.14
-2.42
7.51
9.89
10.53
13.3
10.36
13.39
13.72
12.37
8.67
2.92
1.05
12.13
10.5
1.36
7.27
1.18
2.93
6.8
6.62
6.79
11.07
15.45
18.64
16.8
13.08
10.06
11.92
13.19
16.26
17.28
13.43
8.52
5.82
11.2
11.13
11.52
13.35
11.31
-3.96
8.51
6.26
3.62
5.05
-3.59
10.38
10.26
7.74
7.77
7.9
4.28
-9.26
6.68
6.95
6.9
3.77
-6.52
9.65
9.98
0.15
-4.29
1.26
7.63
12.48
13.36
13.09
14.26
14.82
12.65
6.12
3.96
9.56
3.63
-7.5
9.82
10.93
12.13
12.34
6.21
3.68
12.33
13.45
9.42
-1.26
11.23
12.89
8.73
4.01
1.96
8.37
8.21
11.23
15.13
16.71
14.34
3.95
1.5
2.35
0.14
8.71
6.99
10.32
12.49
9.86
8.65
7.44
12.9
12.54
14.58
13.35
8.55
3.08
3.63
3.1
7.36
10.53
10.86
11.59
12.18
2.12
0.85
-4.08
8.4
15.17
20.08
24.72
25.64
23.02
17.37
8.49
-0.99
-6.91
2.61
7.9
5.91
4.23
7.17
7.61
2.36
2.64
4.27
3.99
10.19
15.26
16.17
13.17
12.03
11.44
7.11
8.76
6.01
2.56
-2.76
8.7
7.57
9.24
-26.83
4.69
4.26
9.43
9.85
7.6
8.45
6.02
-2.8
0.32
10.11
13.42
12.16
6.79
-3.28
6.78
4.06
-9.03
2.27
6.76
6.82
10.9
8.37
-3.55
7.04
9.19
-1.01
2.27
11.58
13.18
13.25
13.76
13.77
14.31
5.96
7.89
3.57
-10.44
9.39
10.29
6.73
10.3
13.88
10.2
4.93
-16.87
7.23
8.77
4.53
-1.42
3.02
8.8
2.87
9.54
9.61
6.28
5.17
2.08
6.38
11.59
15.01
9.61
4.5
3.26
9.58
14.83
17.9
16.3
10.98
6.57
10.71
14.93
14.48
15.15
14.12
12.14
10.53
9.44
9.94
11.22
10.44
8.59
14.69
10.81
8.3
-4.97
4.09
7.77
12.83
13.76
12.04
9.22
11.24
14.83
14.08
7.3
-9.12
7.72
6.51
8.21
13.13
9.58
5.18
2.72
5.26
10.01
14.47
15.36
13.37
8.35
9.89
9.03
3.56
2.68
4.69
6.49
6.28
4.07
5.44
3.03
9.94
12.1
11.46
9.21
11.58
10.91
10.37
8.24
5.3
14.47
13.28
10.84
7.86
15.04
16.55
3.2
8.39
11.74
9.85
8.54
9.76
8.01
7.21
10.26
10.74
9.62
9.57
10.11
7.8
4.93
13.37
14.32
10.79
12.66
15.26
13.66
11.94
12.76
11.43
4.61
4.31
6.67
7.27
12.45
7.27
0.93
6.64
5.21
6.55
-3.87
7.08
5.09
3.78
-4.71
-1.89
1.47
9.93
10.89
0.43
11.63
16.16
15.91
12.89
8.41
-0.66
9.68
13.22
10.75
-5.72
6.65
5.01
-8.38
-4.22
6.72
7.7
10.46
6.85
2.98
2.7
11.1
15.13
16.28
14.24
-8.14
12.67
12.59
8.12
3.58
5.36
6.02
11.38
12.13
-0.12
6.84
10.92
10.2
8.4
12.75
14.53
11.18
7.95
4.33
4.18
12.71
14.13
7.66
4.21
0.87
10.13
9.15
11.97
10.61
-1.01
-8.93
0.1
6.9
10.46
6.75
10.63
14.33
11.65
8.47
10.29
2.85
3.37
-0.41
4.14
-6.77
10.31
10.51
9.9
9.04
6.12
14.6
16.22
11.92
3.07
3.46
-10.83
3.12
4.72
11.09
16.4
16.59
15.67
15.6
15.04
16.38
17.37
14.42
8.13
6.13
-5.24
13.76
14.14
9.63
-0.47
7.22
9.01
8.89
9.69
13.93
13.5
0.35
3.46
7.01
12.73
14.36
9.68
13.81
14.88
17.26
14.49
8.41
1.7
2.69
9.22
11.4
12.15
15.41
12.91
2.69
4.52
8.73
8.04
5.01
13.36
12.24
7.66
10.59
8.51
-3.97
10.03
11.6
13.55
13.21
6.47
-12.94
5.99
8.61
12.85
12.26
11.3
12.35
12.09
10.26
12.4
13.45
7.28
9.05
11.63
8.09
8.51
0.61
-9.22
7.2
13.61
14.98
11.92
5.93
4.26
0.8
-10.74
5.59
8.35
9.61
6.43
2.72
5.61
6.77
14.6
13.54
12.84
14.83
16.16
16.16
14.5
10.1
8.58
9.69
12.62
13.21
10.02
11.37
7.31
3.18
8.09
9.17
9.05
11.61
13.91
11.12
4.01
9.4
12.35
11.89
-1.01
14.74
15.59
13.52
12.46
11.3
9.27
10.12
12.51
17.24
19.1
17.59
13.64
7.68
8.28
-6.69
10.67
7.63
10.72
13.1
10.85
5.81
-0.03
8.65
2.93
7.13
6.07
3.78
2.12
9.15
10.52
5.1
11.92
-11.25
12.12
3.51
12.46
16.98
15.11
9.42
-0.03
9.72
9.9
9.84
13.17
9.22
1.59
8.54
12.13
17.16
16.29
3.52
9.58
1.49
10.03
13.03
10.42
11.2
8.71
-3.7
1.48
-2.73
-4.15
0.96
9.74
12.5
7.45
-2.67
-3.7
2.41
-19.03
5.05
15.08
18.65
15.22
13.01
10.53
15.67
15.07
10.25
6.36
-0.87
8.28
12.42
12.49
15.6
10.81
-0.56
1.38
10.29
13.52
10.31
3.69
4.74
9.13
15.5
17.23
15.83
14.73
14.26
14.2
17.56
18.84
15.88
12.19
7.66
2.85
-1.28
0.85
11.46
14.53
13.96
10.61
8.5
8.48
12.56
11.22
-10.36
6.93
5.82
3.08
3.41
7.93
11.51
14.07
15.03
12.62
9.05
3.01
1.04
-5.16
8.3
5.7
9.26
15.1
13.94
13.19
1.97
8.46
11.94
13.91
10.97
7.4
9.39
3.74
5.55
12.98
11.97
4.23
5.69
8.24
3.99
0.43
8.4
10.47
8.79
3.79
1.53
5.87
2.87
3.55
3.76
14.04
14.6
11.25
4.18
-9.36
-10.96
7.85
8.72
-4.14
-4.61
4.88
5.37
-2.37
8.09
3.15
6.28
8.18
0.82
5.48
10.3
10.13
10.89
11.37
9.66
5.4
-4.64
-9.25
-7.17
-5.86
7.88
11.49
12.17
15.57
18.29
21.22
17.6
13.4
11.87
14.81
11.67
19.61
24.52
25.82
28.2
29.06
23.22
2.63
2.52
3.21
13.71
-0.45
17.23
23.25
27.19
27.05
21.79
16.52
20.25
25.83
24.85
12.25
16.32
15.8
16.39
4.96
13.84
9.77
18.39
17.32
15.51
24.1
28.61
26.86
18.7
3.86
5.06
18.29
14.59
12.16
17.93
23.91
25.4
21.48
20.69
20.57
22.9
22.08
24.5
7.18
25.48
20.95
18.17
21.6
24.17
23.97
22.04
19.74
18.7
18.36
23.44
26.78
26.4
25.73
22.5
16.41
17.19
21.72
23.12
20.23
16.59
19.59
21.14
23.22
23.63
20.19
12.67
19.51
27.26
27.65
23.81
17.03
13.55
20.85
19.51
16.24
19.99
16.01
14.55
9.41
19.08
23.83
19.5
12.61
10.34
19.28
24.93
24.4
23.75
21.49
14.69
16.22
2.15
17.3
11.84
18.92
12.47
12.01
14.68
12.6
14.31
17
22.2
26.62
27.33
24.82
24.44
19.25
5.24
18.46
19.7
17.68
19.08
11.91
22.67
25.5
22.73
24.24
27.65
29.87
28.2
25.58
18.46
12.28
14.28
16.03
17.23
20.31
25.12
23.83
21.68
22.16
24.63
24.4
18.24
22.56
17.32
7.57
18.23
22.05
13.36
13.45
16.64
23.27
25.64
18.41
17.75
24.56
24.74
24.19
24.97
22.04
23.27
20.97
25.15
29.2
28.82
25.01
10.75
27.82
28.51
23.27
13.83
22.01
24.4
25.08
19.64
18.71
24.48
20.01
4.11
24.13
28.03
26.27
20.28
16.8
15.33
15.91
16.47
16.3
15.31
21.74
19.7
16.42
24.82
27.56
26.18
23.55
16.09
17.53
22.97
21.74
15.46
18.27
18.25
17.07
25.26
27.13
28.75
29.56
27.31
22.59
19.25
19.87
13.85
21.56
21.83
16.69
12.19
22.3
22.68
21.46
21.57
18.82
16.15
16.59
16.51
10.63
11
8.94
10.02
16.86
22.17
23.37
-8.27
24.19
25.52
22.6
23.6
22.85
13.53
18.25
23.43
26.97
23.86
19.18
4.35
18.05
16.47
16.95
7.33
18.21
15.77
19.47
17.37
11.14
22
23.79
18.98
19.86
21.62
20.31
5.05
16.51
20.91
22.78
18.15
15.4
23.06
21.35
13.62
15.09
17.07
22.31
19.81
18.93
15.91
11.59
20.29
27.05
26.27
20.13
17.23
20.21
23.79
25.31
21.73
14.03
10.94
19.89
24.21
22.51
18.19
13.48
13.85
23.62
21.06
13.85
18.02
18.43
16.54
10.95
12.97
9.52
16.01
17.89
21.08
17.4
21.75
20.53
16.69
20.76
20.81
17.53
14.13
17.42
16.13
7.84
13.88
8.71
14.44
16.8
20.4
21.4
18.5
15.19
10.04
4.62
14.26
14.53
19.92
18.55
4.37
17.11
17
12.63
-1.31
15.07
20.46
19.51
18.62
17.72
15.58
11.89
13.38
18.43
17.22
22.54
23.88
22.79
15.84
8.22
9.99
14.53
14.33
13.81
11.72
0.54
14.14
15.48
12.91
8.04
10.51
11.84
13.55
17.37
16.6
5.13
13.69
12.76
19.45
22.57
20.92
16.34
18.32
17.58
13.87
8.54
-8.61
4.35
3.75
9.04
10.65
11.53
10.09
4.23
12.54
12.48
10.69
9.46
5.07
6.21
10.95
8.09
14.27
10.31
12.65
12.96
17.67
19.37
20.87
21.48
25.22
25.11
20.48
15.61
22.04
22
20.74
21.05
19.08
15.84
11.7
13.85
16.46
19.74
18.85
23.27
16.52
23.63
23.77
18.63
23.55
20.6
19.16
14.22
20.49
22.11
22.31
23.57
24.28
20.98
15.34
9.78
12.46
15.44
15.43
18.9
11.74
21.98
23.81
16.98
7.01
20.85
21.41
16.92
21.2
15.62
16.24
19.05
16.94
17.78
16.76
22.51
23.59
20.89
22.32
26.15
24.28
12
14.77
13.87
12.81
6.01
19.68
18.63
13.19
20.3
22.89
27.32
25.33
20.44
20.41
19.6
20.89
23.39
22.56
18.81
16.19
13.12
18.86
19.76
20.74
19.45
19.93
17.43
9.17
12.56
13.45
13.56
24.62
26.41
21.8
16.64
14.35
12.25
10.17
19.15
25.24
25.25
24.26
15.86
23.05
14.6
14.93
18.02
18.49
20.92
22.25
24.48
24.08
21.02
21.41
22.36
21.7
16.1
4.85
1.91
9.17
16.43
14.71
15.84
16.95
20.25
24.39
20.34
13.92
18.43
12.64
16.31
16.25
15.4
14.8
1.8
15.85
10.32
21.4
26.38
25.03
18.04
11.1
6.39
7.92
12.33
11.46
16.88
15.46
-0.29
11.79
1.59
14.63
22.16
23.52
22.37
16.69
18.9
14.44
18.74
15.57
10.46
14.84
16.76
14.6
13.6
15.38
19.66
17
13.36
16.7
14.9
19.47
23.5
25.3
26.02
21.53
15.61
16
20.76
20.93
4.91
21.9
21.2
18.2
18.11
14.72
2.97
17.07
24.9
24.7
19.76
17.81
17.44
19.56
19.77
13.66
12.58
21.3
17.09
19.19
25.9
25.35
25.39
24.11
11.95
19.41
24.19
28
27.62
15.76
17.71
23.4
27.23
25.06
24.03
24.67
11.93
25.57
28.58
26.68
21.26
13.77
16.09
20.68
25.44
24.4
20.42
21.69
18.62
25.57
26.62
27.2
26.44
22.22
14.62
18.02
21.43
19.95
16.6
16.03
20.18
16.92
21.66
25.32
25.4
21.72
15.6
4.87
15.68
13.57
14.37
21.56
9.07
24.31
25.19
21.89
20.21
20.44
22.1
18.66
5.65
19.72
25.14
25.17
19.4
12.19
18.1
20.76
16.71
17.41
11.08
12.45
22.2
26.59
26.79
24.32
22.02
18.49
13.06
15.88
21.3
20.36
7.86
21.25
24.77
21.33
-1.89
16.25
19.99
17.97
15.68
19.38
-4.01
18.49
20.11
18.72
15.65
8.36
13.2
17.51
12.96
16.44
7.42
17.54
23.85
24.96
22.51
16.82
17.58
22.13
21.75
17.72
10.65
1.53
-3.58
13.88
16.91
10.38
14.97
15.25
14.98
7.77
13.95
16.54
22.56
21.99
10.58
15.34
18
19.92
20.79
7.42
17.77
21.55
22.13
19.1
17.3
17.56
16.24
-1.13
21.15
23.31
18.59
3.55
18.98
22.16
19.31
19.91
19.2
16.09
10.04
20.41
17.57
0.88
18.07
21.81
18.9
14.28
0
16.64
19.32
13.3
8.49
16.71
21.79
20.49
19.02
21.34
19.94
13.63
19.09
22.42
20.62
14.59
4.8
18.4
18.35
14.2
8.8
10.58
10.23
12.48
20.37
20.95
20.3
15.98
7.72
2.4
8.99
17.39
21.97
20.45
17.4
19.7
19.04
16.25
4.55
23.03
26.38
22.31
20.29
22.02
24.93
27.95
28.69
25.79
21.06
15.59
19.06
12.76
14.18
16.77
22.06
18.85
15.28
17.14
22.28
21.85
19.52
13.35
7.13
16.87
23.27
20.98
10.58
7.9
24.36
27.32
22.71
19.14
20.45
15.37
21.55
18.42
-9.42
13.33
18.66
22.51
23.14
14.46
17
18.79
22.93
19.35
15.73
19.15
20.88
18.16
20.12
20.25
16.34
21.01
26.31
27.06
19.61
5.86
10.9
18.52
16.89
16.62
16.59
17.54
17.08
16.67
20.14
22.49
22.76
24.68
24.27
21.6
-7.89
21.97
24.99
23.31
18.96
20.43
19.82
16.85
16.01
24.5
26.92
21.9
18.01
27.24
29.42
28.7
21.59
11.58
15.96
17.37
-8.14
16.23
17.84
21.1
18.57
19.99
22.87
22.15
20.14
20.6
21.82
25.34
22.1
5.29
16.71
17.85
4.75
8.54
11.81
20.34
21.63
17.15
18.38
16.09
0.89
4.95
0.61
20.29
27.44
25.64
23.54
22.18
13.4
19.66
22.81
24.85
27.62
29.63
33.63
32.43
25.4
26.6
21.08
-4.06
13.36
24.36
26.11
27.51
30.15
26.96
22.85
21.33
21.06
20.27
18.21
17.68
23.28
25.2
31.63
26.3
18.08
30.81
31.47
22.47
21.39
21.32
26.79
28.77
26.92
26.55
23.7
14.84
16.14
16.96
22.47
24.17
18.09
15.8
15.34
17.56
25.02
24.89
35.2
42.37
40.61
29.81
21.55
16.45
11.88
17.17
16.69
23.12
11.58
13.97
4.29
1.35
22.97
27.51
26.83
23.68
22.23
24.99
24.7
21.11
18.45
17.94
18.79
18.63
0.2
20.79
31.41
43.82
45.78
38.94
23.16
20.76
13.5
19.69
22.12
23.29
22.42
23.78
26.1
25.87
24.04
21.11
23.67
26.09
24.84
19.32
12.71
6.91
14.96
17.95
25.47
22.22
20.51
22.64
21.18
6.59
17.26
4.03
22.14
26.48
26.19
23.49
18.93
16.44
20.25
22.43
19.66
23.84
26.72
23.82
17.04
20.69
22.79
21.83
20.07
12.44
21.96
22.74
18.13
34.61
41.03
38.19
26.41
23.1
18.41
19.28
24.04
25.23
22.21
22.45
22.3
30.11
30.53
20.41
19.83
23.77
21.24
8.36
19.86
-6.39
17.5
22.33
18.36
17.15
24.53
20.68
14.78
23.19
33.45
42.56
45.1
39.53
23.76
17.42
20.57
18.61
18.8
23.04
23.97
24.89
22.4
20.23
24.43
25.16
22.09
23.38
24.64
14.41
24.81
28.68
26.52
24.89
20.48
14.66
7.29
13.4
24.49
25.64
19.74
26.74
24.63
24.23
21.76
17.59
21.07
22.55
22.65
19.73
19.68
21.13
5.52
17.64
13.45
14.82
14.28
17.83
25.13
25.75
20.44
18.64
25.36
41.66
44.94
38.34
9.41
19.53
23.36
25.39
24.5
23.79
17.44
21.98
23.66
18.06
13.87
21.1
22.99
19.73
17.47
19.94
18.24
17.34
15.65
20.42
25.15
21.73
15.45
20.75
23.31
21.76
18.79
19.38
23.24
24.81
19.66
23.82
36.83
40.39
34.89
10.25
15.36
18.05
23.02
21.47
17.28
21.18
18.04
14.57
10.66
16.76
12.5
14.4
20.58
24.36
19.38
21.49
21.92
17.89
19.76
14.75
24.67
19.99
20.24
27.4
25.51
18.18
16.92
20.71
20.81
19.59
17.38
9.46
23.23
31.62
32.55
24.86
22.96
21.74
23.86
22.68
25.53
20.6
22.32
25.73
37.28
37.8
30.2
21.91
29.33
31.08
28.22
36.28
36.56
28.71
22.07
24.36
20.71
16.69
14.76
14.72
19.24
20.05
23.93
16.11
30.46
34.55
29.09
14.58
21.39
16.15
25.61
26.34
28.76
27.34
24.4
31.77
17.33
27.73
28.2
22.6
15.81
16.41
5.58
19.83
27.55
27.65
17.63
25.01
30.94
29.55
26.7
23.39
17.48
22.79
25.45
28.58
30.73
30.52
25.88
9.1
18.49
18.16
28.68
28.82
20.52
23.58
19.71
19.82
28.89
30.47
30.87
43.63
50.26
47.46
35.13
21.16
19.04
24.06
28.16
35.36
44.81
46.82
39.41
13.36
25.18
24.78
28.01
30.7
26.65
23.11
19.43
14.06
15.08
10.88
24.11
32.1
31.73
20.13
30.3
27.21
14.96
19.12
19.96
25.83
23.6
16.5
31.72
33.4
28.62
20.25
21.4
25.8
30.73
27.82
26.99
23.83
31.11
28.63
26
28.57
12.42
26.16
30.21
33.64
27.93
28.77
28.53
30.14
31.94
25.03
24.38
20.76
22
27.91
28.19
30.33
27.59
30.91
23.11
23.46
26
21.03
24.95
6.02
25.5
25.89
22.79
15.6
29.73
32.56
29.45
24.91
30.8
31.77
26.71
14.75
25
27.63
25.08
29.96
30.93
29.39
29.25
22.76
22.82
24.54
24.14
23.92
17.74
19.5
27.95
30.51
28.02
27.08
28.72
24.91
21.3
10.64
20.57
18.69
28.54
29.91
30.07
24.5
29.08
32.53
29.41
21.7
26.37
20.29
23.95
29.18
29.2
20.8
24.45
26.02
26.31
2.07
29.25
26.52
7.65
19.05
16.79
24
29.54
33.49
31.26
23.73
18.16
24.14
23
18.11
28.98
25.5
19.63
21.12
26
24.89
20.71
28.35
28.89
27.81
27.29
24.57
13.16
26.32
29.63
22
24.2
18.34
24.5
22.32
25.17
28.28
25.96
26.23
27.04
25.7
21.7
14.06
24.26
23.47
4.93
23.94
21.35
17.64
25.95
20.55
19.39
23.73
9.36
18.27
22.38
27.95
26.56
17.21
23.55
22.84
23.69
29.01
27.62
7.66
14.74
19.23
25.55
25.59
18.89
26.21
27.59
23.31
16.77
28.12
27.19
24.6
21.85
4.24
19.04
8.35
18.54
-0.96
19.24
14.88
18.08
23.82
20.71
22.15
26.67
25.18
26.7
23.18
22.96
27.19
25.25
27.66
28.59
25.75
16
17.75
20.94
20.66
23.78
27.11
27.93
26.38
24.39
21.42
16.19
16.96
24.43
25.39
17.24
17.05
22.43
26.23
25.23
16.37
14.16
22.66
25.82
23.83
23.25
27.11
29.01
25.17
8.55
22.1
25.7
18.28
22.48
26.5
26.42
23.31
24.71
28.32
24.22
14.93
20.38
23.81
23.03
22.17
20.75
23.51
26.96
21.54
19.07
16.39
11.39
10.77
22.14
27.5
28.36
26.67
21.55
24.24
22.41
21.37
23.98
23.74
22.39
24.09
25.93
25.79
23.75
17.43
12.04
17.75
19.02
17.16
17.6
19.48
14.02
17.75
15.6
18.15
20.26
6.43
16.5
21.91
21.27
15.39
18.32
18.65
14.63
23.42
26.46
22.62
23.31
29.18
26.36
14.03
19.64
25.85
26.74
19.07
23.77
29.04
27.27
26.81
20.36
18.83
23.63
23.38
19.63
27.51
26.47
16.16
16.74
23.47
27.93
28.52
20.28
16.44
21.44
29.14
27.93
28.01
27.42
26.53
28.27
24.62
28.8
27.05
16.3
25.88
27.9
28.99
23.67
23.05
28.68
27.13
24.74
25.28
24
20.88
6.43
15.12
19.64
21.99
23.21
19.96
29.33
31.94
31.05
22.5
25.55
30.24
31.81
30.27
17.86
26.56
27.09
26.82
27.74
22.79
11.76
24.24
26.34
22.64
20.12
30.79
35.23
31.56
9.27
25.81
26.76
28.34
25.12
12.11
13.13
16.13
22.6
29.33
28.37
21.99
11.77
19.92
23.51
18.27
10.85
23.16
20.94
7.34
10.87
21.33
25.02
21.13
7.66
23.93
23.54
14.84
23.46
26.08
21.92
19.49
21.49
12.58
16.48
19.55
18.75
24.55
25.96
20.03
18.06
4.53
9.88
21.35
20.65
16.92
20.43
24.84
26.22
19.23
16.96
21.49
24.44
17.2
25.73
30.45
29.78
27.92
21.28
19.36
21.45
20.65
23.67
12.34
22.99
26.56
24.83
24.16
25.41
23.07
23.52
27.61
26.58
24.12
14.38
17.69
15.42
19.15
25.59
23.67
14.97
14.38
24.21
28.25
26.95
20.84
26.61
21.82
15.42
14.47
13.37
21.37
17.16
15.03
23.43
25.72
17.1
23.63
28.47
28.24
22.9
22.04
16.9
23.06
26.43
28.57
28.37
23.48
20.76
20.36
17.57
14.29
6.91
18.08
23.74
26.01
26.56
23.92
13.99
18.43
22.12
24.45
23.63
15.37
18.55
19.99
15.44
18.23
17.65
21.5
23.04
22.02
24.9
27.93
25.54
7.56
19.5
23.22
22.51
13.63
15.65
18.41
13.96
17.04
19.82
13.81
20.86
23.65
25.64
24.45
21.41
23.45
25.08
21.33
12.58
11.03
21.14
15.84
8.75
16.72
20.18
19.66
19.96
19.95
13.51
19.05
16.95
-0.91
15.42
8.98
20.18
22.11
21.18
17.08
10.95
17.14
3.84
21.88
23.59
19.47
18.01
23.01
23.09
20.84
21.29
18.6
13.63
10.52
6.69
15.74
23.07
23.43
20.54
12.32
12.65
-0.87
21.64
24.32
24.91
26.81
26.15
20.88
17.13
16.17
12.68
4.21
14.32
13.55
4.42
21.35
26.04
22.07
5.18
9.38
16.46
16.75
3.73
17.61
21.58
18.15
6.71
17.69
17.22
18.26
19.64
19.82
19.33
20.42
21.58
21.93
21.65
14.02
13.11
10.51
14.24
24.27
25.72
21.45
13.27
10.94
17.99
21.23
17.29
14.36
9.17
1.85
13.25
21.44
24.81
24.11
16.36
16.92
17.45
14.87
18.74
17.7
11.35
17.08
16.1
15.14
15.54
16.24
13.99
8.36
18.95
23.89
22.41
19.72
18.23
14.42
24.81
23.19
24
24.25
18.97
17.31
12.26
15.87
12.65
-0.05
6.46
13
16.04
17.23
20.52
21.46
20.47
13.88
-7.48
-8.63
7.35
15.75
20.56
8.58
20.95
19.11
17.12
17.73
21.25
22.08
24.26
24.52
16.05
17.14
12.52
16.72
20.32
15.68
2.85
16.76
21.31
23.54
21.83
17.6
10.08
10.62
18.23
18.48
16.19
16.07
14.48
21.47
25.81
26.91
25.16
25.32
27.4
26.79
22.42
17.26
15.82
12.08
16.29
24.1
26
20.2
23.97
23
17.3
22.52
25.74
26.1
22.44
18.02
14.29
20.93
18.4
21.25
21.53
24.53
25.1
24.85
24.66
22.92
20.84
18.64
16.69
19.4
21.49
24.36
20.86
7.31
20.79
29.03
27.82
20.37
9.25
16.64
14.9
13.62
19.28
17.82
17.65
23.24
25.93
25.58
17.91
14.55
21.58
21.33
5.74
20.06
16.7
21.03
25.33
25.77
23.49
18.1
23
24.15
21.36
8.06
17.14
18.64
14.55
19.2
21.17
15.32
20.35
25.04
21.77
10.57
17.73
12.61
15.36
24.9
24.03
17.31
21.45
15.28
10.11
18.59
19.23
12.85
18.23
21.82
21.75
12.33
15.09
16.07
24.06
21.68
5.39
18.78
18.34
12.73
11.16
19.23
17.15
12.69
15.66
24.29
22.58
12.3
14.89
18.24
15.29
18.86
15.16
4.6
9.71
15
12.65
17.43
18.54
15.61
22.91
25.6
21.23
16.14
20.48
17.42
13.11
14.81
13.62
21.61
15.24
19.92
19.27
24.15
25.68
26.27
25.39
19.61
33.43
38.33
36.09
27.95
15.46
21.44
16.04
12.17
12.08
18.66
21.49
18.65
18.15
8.87
11.93
17.43
21.33
24.98
23.73
23.88
18.72
22.86
9.6
10.23
12.85
10.87
18.63
23.12
19.96
11.5
18.56
25.01
22
5.72
7.86
16.32
21.39
23.61
19.7
22.57
24.84
18.18
14.18
9.23
7.91
12.48
9.54
11.3
16.76
17.41
16.08
19.5
19.41
12.84
18.31
25.19
25.65
19.76
10.56
15.92
19.63
12.04
8.7
12.12
21.01
25.89
22.19
11.89
21.41
20.48
16.29
14.02
19.51
20.74
19.81
20.22
18.39
-0.07
18
19.91
22.64
17.06
20.72
21.57
19.96
20.11
19.18
14.19
13
13
15.86
13.77
18.83
15.91
14.75
9.38
19.17
20.42
23.74
21.67
13.78
13.74
5.27
18.94
18.02
16.45
20.19
22.62
24.32
22.03
17.67
16.01
18.83
15.9
16.92
22
25.36
24.98
23.48
16.37
15.08
18.17
15.62
18.91
9.28
11.85
6.52
-0.1
12.63
18.47
10.89
15.73
15.59
15.68
13.1
8.29
19.57
21.45
17.88
13.59
13.22
7.52
18.3
20.26
20.13
11.37
17.94
12.68
17.19
20.74
24.82
20.16
17.02
17.01
15.08
18.75
19.88
16.77
14.09
16.78
16.72
17.55
16.94
15
13.93
10.42
19.09
23.55
24.16
24.38
22.16
19.21
21.46
15.52
10.8
6.21
14.64
8.12
11.83
11
6.49
9.42
12.83
11.92
9.33
18.16
19.6
20.43
21.16
22.33
23.54
23.62
23.32
18.07
6.81
20.48
23.08
19.06
16.41
17.66
-0.9
16.41
15.43
20.19
22.49
18.96
15.39
15.56
19.04
20.7
23.02
22.92
21.62
21.08
22.04
20.66
17.87
19.59
17.6
11.19
18.29
19.17
17.54
14.52
16.42
16.55
20.11
23.32
21.78
9.96
15.8
18.95
19.66
19.62
18.77
12.48
17.57
19.07
18.34
18.7
18.43
9.58
7.62
3.56
11.44
14.59
15.33
14.02
10.25
19.43
22.78
21.36
16.2
12.48
10.51
8.98
7.43
14.77
16.25
8.89
10.12
13.53
13.4
2.03
12.83
13.14
15.15
18.49
19.5
16.48
5.83
7.95
12.66
8.55
8.18
6.86
-2.57
3.13
6.51
10.22
10.22
3.74
14.93
12.78
10.12
8.2
3.49
13.09
16.47
20.34
21.75
16.83
10.27
16.73
16.42
13.81
9.04
15.69
16.18
14.93
14.98
14.46
18.88
14.35
14.25
14.91
13.57
12.23
3.46
1.04
7.35
12.19
6.71
3.15
-6.32
7.62
-0.35
4.35
11.64
18.88
19.14
6.25
14.6
20.01
20.67
16.82
15.74
18.78
19.46
19.61
14.29
6.67
12.48
18.3
14.48
10.43
14.33
14.53
9.48
14.29
15.14
10.04
13.65
9.33
6.26
3.96
16.44
9.83
12.59
15.06
11.08
-2.76
10.88
13.82
9.39
9.44
13.28
15.59
13.43
13.75
15.23
18.22
21.81
19.55
12.06
11.76
0.65
14.61
13.76
6.92
6.11
11.99
18.7
20.83
16.69
14.33
14.56
12.07
17.57
17.69
18.67
16.53
16.41
18.58
19.16
18.25
10.79
7.38
9.08
12.37
8.64
-1.9
9.41
11.54
8.38
1.52
10.29
8.53
12
2.72
12.75
12.53
7.28
-2.07
13.23
12.53
3.86
13.67
14.98
17.82
18.89
19.3
18.49
10.15
7.45
15.5
11.11
15.4
20.01
14.63
2.87
11.88
16.29
6.73
10.96
14.43
16.81
14.96
8.23
12.72
15.43
14.74
7.13
6.85
9.48
9.46
12.01
18.34
19.63
14.1
11.54
15.72
3.98
13.36
17.56
20.86
19.31
15.13
14.9
10.65
7.42
11.28
13.73
16.87
18.36
17.22
13.38
12.38
12.77
14.08
12.81
14.9
18.46
17.09
10.62
-1.5
11.92
4.7
13.55
15.71
7.18
1.15
12.56
16.64
19.71
12.55
-0.81
14.87
19.24
18.21
12.07
7.15
16.34
12.04
0.06
15.41
17.64
13.84
14.63
19.34
20.43
16.55
18.4
21.26
19.33
10.56
10.56
15.96
13.94
16.63
14.02
11.55
8.4
21.64
22.46
20.09
18.64
19.75
17.55
12.29
6.89
10.11
15.3
22.09
21.59
16.24
12.81
11.56
14.34
18.58
10.47
20.1
21.63
22.92
21.57
17.93
19.3
18.63
16.65
14.03
11.52
20.62
16.02
-3.43
5.33
7.18
11.45
13.23
19.57
19.47
18.31
17.12
17.97
16.64
17.14
21.06
19.96
17.69
12.69
19.2
19.18
20.4
25.04
23.45
18.68
18.56
22.4
23.2
17.82
9.18
9.83
4.1
14.05
15.85
15.24
16.39
10.25
15.13
20.21
19.24
10.39
14.21
19.52
17.62
7.3
14.1
15.31
7.65
5.41
6.93
14.39
17.27
19
14.2
6.16
11.29
16.99
18.51
14.77
3.15
8
10.25
13.45
16.8
16.6
12.36
12.88
7.12
12.09
12.81
-2.71
12.31
15.92
15.2
12.13
14.93
14.78
10.92
6.28
-3.03
-26.02
-0.07
8.07
1.48
13.16
12.88
16.08
18.72
19.81
15.86
9.65
11.57
5.7
11.89
16.95
15.81
16.65
15.27
12.66
15.32
8.34
-2.62
6.11
7.7
13.46
10.72
7.78
7.56
-6.4
-1.57
13.93
19.34
18.04
15.95
13.84
4.05
16.05
17.22
14.31
15.71
16.17
15.24
12.58
9.15
4.94
16.89
21.97
21.15
8.11
13.43
18.26
17.4
10.77
17.19
11.08
13.5
19.91
21.09
19.34
20.19
16.59
12.47
19.76
18.13
8.4
-2.13
1.73
10.48
10.83
-3.29
2.2
2.34
14.31
18.16
15.17
12.44
13.26
17.83
19.29
17.27
18.01
11.46
12.26
15.98
17.71
23.76
23.4
15.92
6.26
7.16
21.15
21.96
17.27
10.89
-0.63
6.84
11.38
15.98
19.61
16.18
15.98
16.83
21.04
20.75
18.66
17.61
19.65
21.45
19.41
13.89
7.44
14.76
18.06
18.64
18.78
15.05
13.34
20.69
14.47
15.06
20.28
19.34
13.72
7.71
7.31
15.92
16.58
7.9
9.29
15.21
18.78
21.53
20.6
17.18
12.28
8.11
17.38
19.31
17.19
16.35
18.49
12.24
17.49
20.71
19.54
17.03
10.09
10.74
15
10.35
16.12
14.85
17.98
18.38
19.32
18.78
16.62
20.21
22.62
23.96
22.59
14.67
10.71
15.84
13.21
17.37
17.77
18.22
20.17
20.55
16.45
19.14
23.11
20.64
11.51
11.59
7.55
21.35
21.65
18.12
16.08
15.43
14.65
11.01
6.28
12.35
15.02
7.12
5.51
10.76
3.88
10.9
17.31
20.4
20.26
20.42
14.47
13.14
12.52
20.23
20.76
14.01
21.32
18.08
12.23
14.97
15.79
15.66
15.55
17.91
18.25
12.91
4.05
5.19
9.99
18.08
17.49
11.47
12.72
11.04
10.28
10.13
8.9
16.74
22.06
21.89
17.56
11.19
6.66
4.58
15.85
14.63
0.49
12.15
20.21
20.5
6.82
17.58
17.61
15.04
14.79
9.22
15.34
16.02
15.13
17.67
18.61
6.66
6.65
18.28
23.32
22.08
16.67
14.24
16.57
2.89
6.49
12.66
11.87
7.03
19.19
20.61
16.46
19.64
21.64
18.32
17.07
11.16
12.54
11.12
-3.47
10.32
14.55
13.46
11.54
20.96
22.98
22.43
17.95
14.63
15.58
-14.41
14.73
7.94
1.99
11.63
17.8
18.82
18.71
16.22
6.09
12.57
17.32
19.64
16.7
11.87
15.19
14.71
16.24
13.5
11.83
10.85
14.48
17.66
17.62
10.44
8.67
15.95
19.61
17.69
6.22
13.03
17.63
15.66
9.89
1.13
12.03
16.74
14.41
6.86
13.37
13.09
-7.09
15.12
17.67
18.76
16.9
15.51
18.03
15.87
17.12
16.64
-6.35
19.47
19.97
13.12
-2.31
7.42
12.52
17.72
20.72
20.56
18.06
16.18
13.56
13.82
17.64
19.77
14.97
2.51
11.79
14.47
12.96
9.59
5.77
10.23
12.73
19.42
19.65
16.04
17.75
18.31
18.45
18.11
18.38
19.6
17.59
8.33
12.31
18.1
16.31
12
17.52
18.06
17.44
16.36
13.58
12.53
10.35
7.15
10.38
13.16
11.19
14.34
17.02
11.35
11.87
1.98
14.59
10.64
4.76
13.87
14.22
14.53
16.48
16.08
13.93
13.24
9.56
14.27
18.04
11.68
17.61
18.78
15.73
6.27
8.98
18.73
21.2
17.26
11.98
11.22
13.69
14.39
17.31
18.08
15.2
11.26
13.14
17.3
16.04
12.05
12.43
13.57
10.68
-0.39
13.59
16.23
14.63
11.48
8.7
7.6
16.48
18.7
16.8
15.24
17.44
20.38
16.63
5.24
9.94
14.42
9.94
6.97
-5.09
15.97
11.77
5.95
11.36
14.83
12.17
11.3
10.54
5.55
13.24
15.69
11.92
11.45
14.59
15.39
14.45
15.45
15.4
12.85
12.29
15.52
3.98
16.12
14.97
10.35
15.89
16.28
15.07
2.7
14.44
15.66
10.64
12.3
14.15
4.8
5.84
11.96
13.49
17.03
18.43
10.43
11.7
14.59
11.77
15.07
9.48
8.25
1.86
11.39
9.4
10.34
1.26
9.94
12.81
6.87
-8.96
2.32
8.42
9.2
10.55
13.63
16.08
11.91
17.04
16.01
12.72
14.53
3.67
4.6
4.43
-6.26
5.74
6.02
6.16
15.23
17.32
19.87
18.3
6.53
6.54
12.08
12.34
10.84
10.9
2.97
8.09
14.77
16.63
10.23
8.4
-5.6
11.39
14.94
14.9
9.25
7.03
10.66
7.56
9.91
14.56
14.06
10.18
13.21
17.46
19.11
18.73
17.44
16.89
18.37
17.22
15.26
15.61
9.93
6.22
14.78
15.44
14.32
14.77
16.42
16.99
7.39
3.93
-5.24
16.27
19.79
12.97
1.54
10.8
14.08
16.62
19.83
19.46
15.83
18.38
20.62
17.71
9.79
5.17
2.32
12.56
10.06
8.88
16.1
17.12
17.79
17.71
13.86
8.62
7.35
1.82
10.24
19.55
19.95
15.31
19.74
19.55
13.43
7.69
9.56
9.4
16.04
19.39
17.53
13.51
12.23
13.21
-4.56
9.14
11.62
8.32
7.78
16.1
15.47
12.12
9.32
3.91
9.03
16.39
18.1
17.09
18.53
15.9
8.97
5.9
11.48
18.1
18.31
16.23
17.74
20.27
21.21
18.59
14.81
16.07
16.11
15.57
16.61
13.71
8.54
16.44
12.69
6.42
12.03
2.23
10.11
13.14
18.42
15.3
16.11
18.82
14.07
5.46
12.26
13.3
10.61
11
12.86
16.53
18.14
18.11
13.88
-1.97
2.16
6.15
7.64
14.09
18.46
17.92
19.09
19.31
14.65
13.73
17.78
18.1
14.05
12.7
16.34
10.09
5.21
4.08
-1.27
2.57
4.18
14.59
19.22
17.05
15.34
10.67
9.79
15.87
12.3
-2.59
13.67
16.97
16.66
7.83
12.85
14.53
13.06
-4.68
7.82
14.89
19.95
22.76
20.8
13.1
11.3
15.29
14.49
10.6
5.75
7.1
11.71
8.53
9.25
15.08
14.44
16.27
19.05
20.09
17.24
14.42
11.25
7.48
11.15
10.4
12.57
-2.33
5.31
11.97
12.16
13.04
15.14
9.84
12.14
16.69
11.7
1.32
5.2
-1.33
13.68
11.25
1.24
2.61
8.07
13.42
15
12.79
8.3
2.25
14.69
16.93
16.9
17.2
13.28
7.38
12.22
16.36
14.89
2.58
13.03
13.75
2.3
2.84
10.03
12.16
15.84
14.71
3.1
4.99
11.46
18.24
18.8
13.49
12.84
15.43
14.43
11.11
17.26
16.64
11.63
4.05
0.79
11.22
17.78
16.14
12.9
8.38
5.28
8.28
-3.06
4.08
7.65
17.83
19.36
14.66
3.67
14.41
11.95
-1.16
5.35
10.9
13.28
14.18
15.66
16.4
12.23
8.35
11.53
11.86
8.22
-1.16
8.35
10.13
9.54
11.32
6.3
3.23
11.22
12.62
17.18
12.24
6.91
10.75
7.66
11.39
12.9
13.56
13.64
8.8
1.26
6.04
12.52
13.75
11.92
8.69
0.94
3.56
11.28
14.85
14.6
16.05
17.19
19.45
19.66
18.32
17.98
17.71
15.37
2.98
14.73
14.28
4.94
5.84
4.3
7.86
6.69
8.06
5.42
5.29
13.7
15.09
9.44
15.49
19.3
20.99
18.71
13.64
18.07
15.34
7.2
3.13
-0.09
-1.79
4.02
10.27
15.54
17.84
11.17
9.92
10.53
5.03
14.28
13.9
8.46
9.72
13.61
5.97
8.72
-4.27
9.61
4.81
4.63
14.96
14.81
-2.94
13.35
15.11
16.22
14.03
14.12
14.16
7.13
7.67
15.46
16.61
16.62
14.83
15.54
9.92
12.07
4.01
3.18
8.5
1.2
10.82
9.67
11.43
13.85
9.82
12.51
14.85
12.64
6.6
6.14
11.94
12
15.38
17.16
16.18
13.44
5.49
3.16
8.87
6.71
9.86
14.05
12.11
7.82
7.16
12.78
15.45
15.01
13.84
13.66
10.86
6.13
-8.56
8.3
11.11
10.89
9.3
16.51
18.33
16.46
15.91
12.81
6.62
7.86
7.62
11.76
13.27
10.03
4.76
8.81
13.33
13.23
12.45
13.6
15.25
13.71
7.91
7.1
7.58
7.05
11.11
11.48
12.68
18.42
16.69
15.82
13.83
1.16
-7.02
3.02
13.72
14.01
4.51
-0.25
8.37
13.46
12.86
8.5
4.14
16.35
16.62
6.77
11.59
10.18
9.05
7.51
7.49
12.19
10
-10.87
8.02
6.13
1.49
9.88
12.11
10.44
10.98
13.6
17.78
16.4
12.05
10.06
4.22
9.89
11.93
13.89
9.94
1.57
3.26
4.97
5.82
12.22
15.4
8.58
5.92
12.51
10.21
11.59
12.49
2.07
15.52
11
9.65
12.77
5.27
18.17
17.43
5.19
11.18
9.1
2.24
5.13
6.6
7.95
-2.86
1.88
12.37
14.23
11
2.81
1.96
7.8
8.86
-0.17
6.41
11.45
6.3
8
13.04
13.92
17.77
17.44
11.1
13.35
13.64
13.28
15.91
11.93
7.42
0.22
3.99
9.72
7.52
3.73
2
-1.94
10.05
14.31
13.86
10.93
14.36
16.63
17.16
15.28
14.39
14.98
11.96
10.34
4.18
6.64
7.95
12.91
15.9
13.29
8.84
10.32
15.7
18.67
17.94
14.33
12.79
9.93
5.67
8.5
11.87
12.02
7.93
1.78
1.18
6.69
13.08
16.07
9.43
6.37
11.3
10.22
10.91
13.9
11.95
13.7
19.74
20.31
12.25
9.09
13.76
12.24
10.34
8.57
5.17
11.53
18.02
17.86
15.07
14.17
11.89
7.23
11.48
10.98
11.3
13.24
14.98
12.33
2.74
14.6
13.39
8.43
6.64
13.28
18.25
18.45
18.12
18.58
17.78
15.56
14.81
17.37
17.62
6.36
5.94
5.25
10.49
10.32
13.55
12.43
5.5
-17.4
7.65
12.62
13.32
15.86
8.74
-1.99
0.26
-1.52
12.18
16.01
18.58
20.88
19.18
11.11
-2.01
13.82
14.86
10.21
13.87
12.02
4.62
-0.83
11.54
18.25
19.94
18.49
15.55
11.37
11.98
11.7
13.02
13.62
9.8
9.32
16.07
13.91
11.9
9.88
11.18
10.44
4.98
12.79
14.57
15.16
14.14
7.76
10.89
14.18
14.37
9.45
9.97
14.79
16.06
14.33
11.94
13.82
13.48
11.22
4.79
7.44
11.89
8.46
0.86
2.5
5.01
14.2
14.57
13.03
11.85
14.76
13.37
10.88
11.07
10.53
5.25
14.68
13.53
10.66
17.03
12.81
8.45
10.03
11.08
8.58
14.87
17.64
11.17
14.84
16.56
12.87
7.02
15.79
16.7
13.77
11.06
10.35
12.67
1.99
4.55
11.32
10.2
3.51
5.48
11.28
12.57
14.87
15.43
9.32
8.71
11.22
15.7
9.19
11.41
17.26
13.87
7.98
7.46
13.25
14.94
10.04
2.91
9.07
6.1
-4.93
9.56
9.51
4.14
10.2
15.55
10.3
7.08
13.6
12.62
13.24
13.93
15.13
17.07
20.44
21.39
18.17
4.42
19.19
19.58
13.52
5.21
8.26
11.96
12.75
13.58
9.95
9.13
11.96
10.57
10.53
13.99
14.47
12.31
-0.73
8.57
5.77
12.15
16.17
18.09
16.18
4.31
-1.39
10.22
17.31
14.49
11.28
12.29
12.29
16.04
13.91
10.09
12.43
14.64
8.96
7.24
8.54
15.34
18.01
14.45
7.96
7.22
16.5
15.6
14.68
17.48
15.66
15.13
16.79
15.55
16.98
16.24
14.49
13.41
13.99
16.14
15.56
9.48
0.4
7.36
11.67
9.51
-5
3.87
-4.83
10.21
10.24
14.72
17.66
12.56
3.57
-1.74
6.87
16.73
17.01
14.45
14
7.49
0.27
2.78
-0.12
6.65
13.98
9.49
7.84
10.19
11.03
13.06
9.05
1.88
11.38
15.01
13.03
10.33
10.85
10.13
5.3
1.77
2.9
-1.61
3.41
4.03
-7.59
0.73
13.33
17.86
16.99
16.23
11.87
10.88
16.33
16.77
12.47
10.66
9.85
11.83
12.73
9.75
11.15
10.5
2.86
4.6
6.66
14.51
16.47
11.14
10.5
13.81
3.24
12.74
11.84
6.5
13
14.31
8.89
13.63
15.9
13.25
9.1
16.65
12.83
6.01
11.22
9.51
9.69
12.85
8.1
-3.41
4.75
9.34
0.66
-8.93
-4.78
7.46
10.86
9.52
13.25
12.67
12.64
10.71
0.86
6.52
9.09
10.63
12.44
12.93
11.61
10.86
8.26
5.65
7.64
8.9
2.01
15.12
13.56
-1.96
9.5
9.61
1.19
-4.21
6.39
13.24
13.27
7.55
12.13
3.32
-4.74
2.09
5.85
7.85
13.2
11.18
13.04
10.77
0.14
0.61
12.77
14.15
12.16
12.54
15.74
17.9
18.57
16.39
13.98
16.08
11.06
11.7
15.74
14.94
13.8
14.02
12.76
10.61
11.41
12.86
3.78
8.7
12.23
13.41
16.83
17.29
11.44
10.97
0.79
9.74
17.06
18.48
16.25
13.72
16.06
15.89
7.55
7.85
4.68
-4.12
3.04
5.76
6.19
14.82
13.64
11.14
12.61
1.89
6.7
7.08
6.74
4.27
-0.44
0.8
-5.65
14.68
14.17
10.16
18.04
19.3
17.01
16
16.36
13.3
14.18
17.73
16.07
3.4
10.12
7.01
2.67
2.39
-3.22
8.79
10.57
5.63
4.88
0.16
8.11
12.23
8.66
10.16
12.85
13.7
14.9
6.62
11.2
16.35
12.35
7.75
2.97
8.99
3.07
2.74
0.2
-5.26
6.43
7.17
7.52
-2.09
7.99
5.12
5.92
4.83
5.95
13.52
10.99
16.07
17.2
15.47
13.16
11.44
8.96
8.38
3.21
6.27
-1.13
9.92
15.4
9.66
13
17.24
13.15
0
6.56
4.53
2.83
12.33
16.63
14.35
14.26
17.14
16.16
12.95
11.56
14.49
14.64
12.65
8.57
10.73
15.35
18.07
15.06
9.2
14.94
14.31
2.36
10.75
12.89
1.51
4.27
7.5
13.93
14.82
14.98
15
13.88
9.69
9.7
13.59
10.76
9.76
11.86
9.79
-10.66
9.32
5.41
12.46
10.38
10.21
15.84
15.6
14.48
12.45
11.25
12.54
13.53
14.97
11.26
4.87
2.24
9.13
12.48
14.04
14
13.75
17.59
16.75
13.26
-2.21
11.9
11.85
3.98
8.84
13.77
18.54
18.28
14.15
13.04
13.9
15.24
15.2
15.19
15.43
11.8
-3.05
1.14
6.44
9.47
10.58
13.8
15.5
5.11
15.03
20.1
16.01
4.03
8.38
13.7
16.82
13.3
6.8
7.15
11.98
13.09
8.41
12.65
13.79
12.96
11.06
5.62
13.38
16.55
19.91
19.4
13.65
12.52
11.66
-9.81
8.1
7.72
-1.72
2.13
8.63
10.99
6.14
15.74
17.01
1.02
15.1
13.85
5.78
15.16
17.76
14.21
13.3
15.63
12.7
7.43
12.27
18.09
17.48
10.68
6.55
17.49
18.12
8.86
5.6
3.55
14.22
13.67
8.6
10.8
12.57
12.49
0.66
0.14
12.83
16.13
15.43
14.02
14.41
8.49
0.03
12.27
8.83
13.51
16.92
13.03
16.69
18.1
9.49
10.01
13.74
8.02
3.28
13.3
13.78
10.01
14.32
16.02
11.25
6.83
3.62
7.15
10.44
1.35
6.18
-2.45
4.1
4.61
11.14
14.81
13.38
15.1
13.55
14.4
13.66
5.78
14.08
15.9
12.28
9.27
16.05
-3.32
15.13
11.49
-0.69
10.72
16.18
13.99
14.97
15.7
1.82
1.23
0.76
7.89
12.65
11.78
11.36
11.28
10.86
17.81
18.04
13.84
10.29
11.64
13.78
15.31
18.11
16.1
3.26
11.78
12.71
10.05
11.65
14.9
0.11
10.56
14.36
13.16
10.93
6.81
3.7
11.93
12.34
10.39
1.04
12.17
17.92
15.7
12.25
17.09
14.01
11.18
12.46
12.08
3.18
5.17
11.93
11.13
6.02
10.57
15.83
17.54
13.21
12.69
12.69
13.31
9.81
16.29
14.82
10.56
4.73
8.65
13.59
13.03
0.43
11.52
9.68
11.91
9.06
12.44
17.22
20.01
17.15
8.06
5.16
7.45
4.53
2.44
8.5
9.45
3.43
7.8
12.3
11.37
-0.5
9.85
7.71
11.21
12.3
11.75
1.24
9.54
18.66
21.57
18.31
11.86
8.54
-21.98
5.8
11.53
9.06
1.32
10.61
5.99
-2.09
10.67
13.97
15.84
16.34
16.71
10.88
6.04
12.34
12.52
11.85
16.26
15.96
11.54
2.15
15.27
17.79
16.9
12.9
10.05
8.03
10.53
14.74
16.35
15.15
5.09
14.05
17.57
14.96
16.15
17.42
14.98
11.78
4.88
12.9
15.2
14.23
9.55
9.72
15.76
13.36
10.47
4.61
12.51
17.86
16.18
10.01
11.2
18.98
20.52
16.9
10
11.02
15.72
19.63
15.45
8.83
9.41
2.72
6.56
-3.13
10.8
13.8
6.7
2.04
-5.99
-0.58
10.68
15.38
18.15
11.33
13.26
10.38
13.37
16.05
9.08
2.56
11.37
11.31
15.43
19.94
20.14
16.6
-2.44
13.15
14.55
10.62
7.9
10.79
12.74
13.25
16.14
15.69
12.63
-7.34
5.41
7.72
9.58
10.77
-0.81
7.54
6.99
7.62
16.28
18.42
12.86
12.47
14.76
8.33
14.93
17.4
17.92
16.82
12.03
9.37
12.98
14.15
8.41
7.22
6.97
7.8
-10.63
5.53
7.63
3.3
10.5
8.9
5.86
10
4.73
11.18
16.67
14.86
1.42
5.74
11.72
16.47
11.75
10.79
6.31
11.94
16.1
15.57
12.95
9.99
9.85
7.06
17.01
20.59
18.27
9.18
2.74
10.91
10.76
13.17
15.93
7.85
11.92
11.52
11.28
16.5
18.51
18.38
15.83
7.52
7.54
15.71
13.76
-2.04
11.07
15.62
16.23
17.88
17.95
13.68
10.5
10.89
11.03
7.82
4.66
-2.81
1.41
6.79
4.25
4.5
14.65
16.39
14.94
6.14
3.61
8.78
7.47
12.98
16.32
14.05
8.6
9.03
6.57
6.04
5.54
6.8
9.97
10.8
17.04
21.08
19.53
14.08
8.06
13.74
16.23
16.3
14.18
9.42
9.07
11.59
12.72
8.71
10.02
16.4
17.06
13.04
10.65
7.22
14.14
19.43
16.7
13.82
15.69
16.81
17.07
18.5
14.72
15.97
18.37
18.54
16.5
15.14
13.29
13.65
11.08
7.55
11.19
13.88
9.79
7.6
12.68
15.82
16.1
17.76
17.94
5.2
11.94
12.64
12.93
14.16
10.81
7.77
9.05
12.05
15.39
12.59
11.04
7.53
14.87
17.17
14.96
16.24
19.63
20.28
17.29
2.72
12.72
11.85
16.53
18.63
15.47
8.81
7.96
7.15
11.83
9.06
9.66
13.25
14.63
15.74
6.66
11.44
13.77
8.12
13.71
15.05
9.59
10.47
13.27
5.1
13.81
13.94
13.87
8.89
13.59
16.23
8.2
3.14
5.8
5.5
0.64
10.14
9.38
5.75
9.91
12.68
7.24
13.84
11.9
6.6
7.78
16.09
16.19
8.34
8.68
13.96
14.46
11.84
12.44
13.51
7.25
8.72
14.97
14.87
11.21
8.22
-8
10.24
13.86
10.03
3.68
3.14
9.71
9.04
7.4
7.24
10.53
9.49
10.1
4.48
5.92
13.21
13.2
13.43
11.89
7.78
11.93
13.53
11.6
17.57
14.33
17.55
17.86
11.81
10.16
14.33
12.67
2.47
3.06
12.09
14.82
11.99
9.29
11
7.64
7.04
8.12
12.24
7.18
0.25
2.35
8.79
11.12
10.2
16.81
17.99
11.81
11.35
10.48
-0.51
-3.54
9.98
15.54
17.83
13.22
4.46
13.28
15.35
14.56
12.47
8.71
7.25
7.61
8.33
14.84
13.01
13.06
14.21
11.57
12.5
9.6
11.77
15.14
10.51
9.95
11.95
15.73
14.54
7.6
8.51
10.09
8.58
-12.84
7.99
8.33
3.11
11.66
13.63
8.72
-2.31
9.4
8.65
-1.04
10.08
13.67
-9.39
11.96
5.78
10.38
11.79
9.32
16.64
16.29
7.63
12.21
13.94
5.42
8.9
11.56
12.68
13.62
12.57
13.44
16.03
15.09
12.03
4.74
4.13
10.88
14.2
16.34
16.2
11.16
14.03
14.9
5.67
8.01
9.05
5.61
5.19
2.34
8.6
5.37
1.99
6.84
6.3
12.84
19.49
