14.69
8.71
2.87
6.61
7.72
7.91
10.88
14.78
10.59
3.18
5.02
3.86
-3.15
2.78
7.75
11.18
10.93
12.03
10.2
9.05
1.65
3.23
8.87
12.35
13.18
11.83
-0.85
7.33
11.53
13.48
10.86
3.65
5.88
11.85
5.23
8.39
12.31
8.36
7.55
7.66
13.74
7.55
4.57
6.04
12.61
14.16
15.06
13.06
3.32
-0.93
4.31
6.98
4.59
12.44
13.32
11.88
4.15
5.47
2.48
11
14.17
16.39
10.43
-24.9
-3.79
2.5
8.07
13.45
11.91
12.92
14.32
15.54
14.05
9.65
-2.86
-0.77
3.29
10.58
17.21
15.32
6.71
5.03
8.66
14.01
15.73
12.71
7.67
8.78
4.94
8.84
14.14
16.8
16.87
12.38
6.45
9.86
8.03
5.89
9.24
10.16
11.33
11.64
12.25
11.27
2.17
1.03
11.43
14.3
12.56
2.11
0.65
13.03
15.55
6.66
6.56
14.9
17.39
14.96
13.38
11.44
3.07
8.58
12.09
12.63
13.86
14.72
14.08
1.41
10.96
11.01
-4.31
4.09
1.71
-10.32
9.7
11.08
2.84
3.4
6.2
7.54
7.53
6.01
8.88
10.78
9.01
0.27
16.81
18.38
16.05
12.97
12.11
12.64
15.69
12.7
-3.88
12.44
14.35
8.21
11.23
8.98
-1.66
-1.88
3.38
8.38
10.05
8.1
9.08
6.73
7.61
10.15
7.07
12.25
9.73
8.89
9.83
4.65
10.93
12.56
13.99
14.39
12.4
9.6
11.08
13.47
11.66
3.48
8.1
7.7
2.72
-1.09
-3.1
11.81
12.77
10.28
10.37
2.95
9.37
6.78
7.86
2.84
13.59
14.36
12.79
11.13
0.15
9.15
13.78
-6.77
15.59
15.49
11.64
5.24
4.95
10.93
8.27
-0.58
7
10.98
13.44
13.49
15.2
12.94
3.58
1.55
13.86
7.95
10.89
10.82
9.63
13.73
11.3
5.79
0.59
-0.53
10.25
12.43
11.79
10.22
8.91
8.76
6.94
8.92
13.5
6.75
9.03
-0.61
8.1
13.82
14.67
10.13
13.68
13.02
15.29
18.43
18.07
11.68
-1.29
1.5
1.93
0.55
5.82
10.86
8.37
5.89
3.93
3.42
8.48
1.41
-1.07
6.39
7.63
9.3
6.34
14.22
16.2
13.58
14.13
12.93
8.39
4.81
4.73
10.58
13.22
16.54
18.31
15
5.79
1.91
12.3
13.49
8.55
7.63
8.6
0.07
-7.91
2.04
8.73
-1.62
10.99
12.3
11.14
11.31
10.35
3.45
4.87
9.93
7.38
10.1
14.07
14.91
15.46
15.86
13.64
12.16
9.75
10.06
13.62
14.29
8.92
3.37
0.11
9.78
14.64
9.72
3.41
-0.41
-7.8
3.72
9.82
13.74
11.46
10.1
8.98
12.05
10.64
7.92
3.57
-0.56
11.56
16.47
15.36
12.21
5.76
8.77
-0.42
11.11
14.72
14.57
7.49
1.01
8.15
9.81
7.7
13.48
14.33
11.93
6.39
4.59
8.29
-11.18
8.53
-5.26
13.03
15.94
15.36
9.96
7.49
13.27
7.37
10.56
14.5
14.59
9.97
1.59
1.51
10.11
12.93
13.62
15.07
14.26
10.77
8.45
1.78
2.25
2.82
8.64
9.3
8.25
1.97
12.75
15.07
12.08
6.85
11.49
8.02
3.08
4.76
8.12
6.11
8.28
13.18
3.22
0.71
9.57
13.21
9.22
3.98
8.04
8.45
9.12
10.02
5.98
10.01
7.68
3.83
8.97
5.12
3.01
9.17
7.22
5.97
10.3
13.57
9.39
0.8
7.23
9.22
-7.41
1.56
8.12
13.47
12.83
11.49
12.54
15
12.87
6.51
2.97
12.44
14.77
13.92
10.61
7.61
6.84
3.74
9.73
-0.49
6.12
7.81
8.17
2.08
11.37
13.72
10.48
8.91
6.29
2.97
5.21
10.8
15.66
15.64
11.16
7.65
5.33
8.49
13.42
16.12
13.44
3.49
9.99
9.95
11.35
15.77
17.08
14.48
12.88
11.95
-2.84
4.65
2.58
10.11
16.4
16.31
7.45
3.26
7.01
12.15
16.16
17.28
12.99
14.24
12.31
2.4
13.33
15.09
10.29
-2.67
-4.98
5.99
4.49
12.52
10.92
12.42
7.97
9.2
9.5
12.4
11.28
11.71
13.07
5.88
3.54
6.05
11.67
13.06
11.78
12.97
7.72
-7.33
-1.93
10.84
11.29
9.56
11.69
5.02
-12.86
-7.03
8.74
15.24
15.17
11.96
7.24
2.2
12.2
12.77
9.41
10.38
12.88
10.55
7.93
13.01
15.18
10.36
6.82
12.85
14.91
12.48
9.45
6.99
8.76
15.13
13.61
11.68
10.8
3.92
8.6
13.77
14
10.75
8.34
11.61
8.69
6.67
9.07
5.26
-4.98
3.28
-1.53
3.55
10.13
10.2
9.02
5.91
-3.46
6.03
11.19
12.52
8.44
4.04
5.71
12.64
14.74
12.89
7.98
8.71
9.49
0.68
4.91
-10
9.74
16.14
15.34
9.73
4.04
1.33
1.09
3
8.16
18.93
23.23
21.67
20.36
15.77
14.47
13.76
0.54
10.65
13.76
13.08
11.48
10.98
9.84
-2.36
7.22
1.39
7.25
9.53
8.47
7.25
8.52
11.14
9.31
3.26
6.39
7.25
11.06
10.81
1.58
3.14
9.07
9.68
7.09
1.78
11.46
11.19
10.32
11.47
12.36
10.39
10.03
8.28
3.92
1.88
8.16
9.89
7.02
8.76
13.74
14.09
14.65
15.89
12.47
13.49
11.1
8.21
13.08
12.54
10.24
13.2
15.55
13.49
10.09
5.21
4.64
7.27
10.95
14.26
14.37
5.57
8.96
11.95
13.58
12.39
5.98
2.86
3.84
5.88
0.34
-8.89
5.33
9.68
7.27
8.77
11
14.3
12.84
12.08
11.39
8.71
10.37
3.44
11.32
11.87
11.5
15.02
12.41
7.08
9.95
14
9.78
4.15
10.81
15.48
11.83
6.62
14.72
16.8
12.91
-1.32
7.56
9.66
-0.4
11.18
10.29
11.19
9.02
12.68
3.82
15.24
14.53
8.12
-0.85
5.1
-1.2
6.67
7.56
10.23
16.12
16.34
11.34
6.68
5.92
-17.03
10.19
13.34
13.57
13.93
9.05
3.19
11.64
13.54
10.29
7.02
4.39
8.18
10.71
10.06
9.75
13.79
10.31
0.99
8.22
10.66
11.05
7.66
5.32
-0.62
0.21
-2.5
4.24
11.12
14.77
13.59
2.16
7.67
13.29
14.57
9.36
1.8
8.85
12.32
9.03
6.55
4.51
5.58
-2.12
6.76
5.81
14.12
10.05
3.5
6.11
6.59
9.61
3.98
1.36
3.44
6.04
10.06
6.32
-2.15
0.85
-0.85
3.39
6.59
8.52
13.77
13.29
9.62
7.22
4.65
25.46
25.58
20.24
1.12
7.35
23.05
27.51
25.6
21.52
19.61
24.45
25.57
24.74
21.63
14.54
-0.05
11.09
16.7
21.49
26.37
29.62
27.73
26.08
25.18
24.99
24.37
25.4
22.52
10.8
16.23
16.85
20.3
27.49
25.48
18.33
10.65
7.79
16.23
22.74
22.7
15.99
12.43
16.36
17.82
14.4
5.55
3.68
15.62
16.3
7.9
19.33
20.8
21.33
14.25
22.56
27.58
26.02
17.02
17.56
20.76
21.37
18.29
11.57
13.35
13.9
21.02
24.46
20.37
22.06
22.9
20.42
20.33
23.22
20.79
20.67
20.06
19.55
21
22.24
21.69
24.11
24.71
19.48
2.86
19.54
22.95
14.75
19.65
23.53
27.11
28.07
26.77
23.61
9.07
15.68
5.74
18.9
16.81
18.64
20.85
18.55
17.36
22.64
23.03
15.9
7.66
13.1
7.03
17.32
16.57
21
21.47
16.02
4.95
14.9
18.87
23.23
20.77
20.38
20.31
21.25
23.28
20.77
9.05
5.47
18.92
17.83
3.95
12.58
19.04
19.25
18.58
16.78
13.91
23.33
28.98
27.31
20.86
11.25
0.9
9.68
11.92
14.12
17.65
20.53
12.87
10.79
22.72
27.24
23.96
14.11
20.97
24.12
17.66
22.24
26.16
21.48
18.73
22.28
15.5
26.26
28.65
24.51
14.28
21.63
26.4
26.92
15.87
23.51
27.85
22.67
-1.2
15.26
23.69
25.36
27.28
28.93
28.41
23.22
19.34
6
20.29
23.38
11.17
19.11
10.94
22.77
17.54
16.79
25.02
26.91
24.18
19.49
20.27
14.53
-0.38
11.05
9.31
10.06
15.54
20.75
20.75
21.33
22.56
18.16
21.61
23.86
22.44
21.59
9.34
20.42
13.26
24.21
23.97
11.52
19.76
18.28
21.97
8.45
23.52
23.64
19.91
15.69
13.04
16.14
22.12
24.28
25.37
26.01
22.97
18.55
26.34
27.68
19.81
19.86
23.16
15.4
4
-3.98
11.73
11.46
13.72
17.56
21.39
25.07
23.09
-2.01
20.25
11.57
9.81
10.45
6.16
8.57
-6.35
21.89
27.37
24.07
24.87
26.92
20.84
17.39
22.1
24.68
24.08
21.37
17.16
21.11
21.43
21.99
19.08
10.42
9.61
8.84
8.81
16.36
19.77
17.27
14.82
14.11
18.11
19.37
19.22
11.75
10.89
18.17
15.88
10.17
3.99
14.57
15.5
21.17
22.01
17.64
6.96
5.08
15.57
22.2
21.22
22.17
26.95
27.69
26.51
24.82
25.08
22.15
10.24
12.44
18.55
25.53
26.96
26.17
21.76
22.59
20.66
24.24
22.64
10.33
17.37
17.87
10.16
16.94
23.64
21.74
20.15
15.71
8.52
10.26
16.14
18.39
24.21
23.35
12.09
10.27
0.63
6.39
1.99
5.99
14.95
13.32
9.42
13.78
17.94
17.87
13.13
13.31
14.74
5.64
-7.18
11.05
17.74
15.46
8.2
17.66
13.19
17.16
19.48
17.57
12.98
10.9
13.71
11.63
15.72
16.87
14.96
14.88
15.64
12.52
15.74
14.32
-1.27
3.92
-5.82
7.03
13.19
11.2
11.66
13.55
11.03
14.94
16.85
13.55
10.25
14.84
12.49
7.18
1.73
9.62
10.93
14.32
13.07
4.23
-0.14
-13.82
6.61
2.25
8.3
6.88
5.86
10.83
1.36
17.42
20.36
18.83
10.28
15.99
18.72
14.28
18.02
15.66
16.8
21.52
22.63
22.58
20.68
18.91
18.65
20.14
21.97
21.57
23.23
20.14
1.73
20.03
26.03
24.67
-2.81
14.62
17.19
19.96
19.02
15.5
9.4
19.45
17.73
19.06
20.07
12.41
6.38
15.89
19.17
16.07
16.28
18.57
10.52
15.31
16.24
14.81
18.57
19.48
17.94
18.66
20.48
20.56
18.67
21.39
20.3
21.58
24.06
22.96
17.49
4.1
18.8
22.57
23.1
19.62
19.12
18.62
9.29
13.22
10.96
11.2
12.21
5.98
17.16
22.68
24.03
22.89
24.58
23.47
15.96
21.5
23.51
21.65
19.17
15.21
10.17
7.1
18.88
23.08
20.28
18.91
24.58
16.79
27.6
25.38
9.18
12.27
9.82
6.55
19.22
18.9
13.14
17.84
12.83
19.23
22.27
17.06
20.53
23.57
22.35
20.61
20.14
20.48
9.4
15.16
10.89
16.39
18.36
9.79
13.74
16.44
26.02
26.01
16.23
17.78
18.81
4.73
9.65
19.46
19.88
10.78
15.92
21.42
18.35
5.25
7.46
-1.51
3.12
18.12
22.17
19.72
9.49
11.03
25.5
29.06
25.49
16.3
17.59
21.04
23.93
12.48
22.39
23.23
18.25
15.86
-6.72
21.52
22.51
17.1
20.22
12.62
21.16
21.75
16.47
19.51
20.72
23.27
24.28
20.27
7.77
20.22
16.38
25.8
26.08
13.85
12.72
15.17
15.47
21.68
21.24
15.09
-1.19
13.04
12.63
22.09
17.84
9.74
19.61
20.44
22.19
15.95
10.91
21.16
18.7
15.89
20.49
16.51
24.39
24.72
17.96
21.31
17.85
14.54
19.62
21.87
22.58
23.35
25.79
22.75
22.6
22.31
13.25
16.85
16.97
18.03
26.04
25.84
18.1
15.81
13.27
20.6
26.06
23.51
11.61
3.67
7.1
15.17
16.41
10.13
14.56
15.97
8.68
11.84
17.16
6.77
16.18
14.49
16.79
21.7
20.45
17.78
17.2
10.87
18.15
4.2
23.09
24.84
16.51
16.44
12.07
16.07
24.06
23.57
14.72
11.73
17.34
25.18
25.62
19.46
17.29
19.2
17.47
8.26
7.61
19.01
16.85
20.43
22.47
20.08
9.08
18.5
19.35
13.32
12.29
15.97
19.13
21.17
19.52
18.83
14.26
13.29
22.03
23.51
21.81
17.5
10.33
18.08
8.53
17.86
21.35
17.43
18.38
14.51
10.03
16.1
19.79
19.6
20.17
20
19.62
17.75
19.68
14.95
7.85
13.19
14.06
23.66
22.6
19.89
25.49
22.36
19.09
16.82
17.13
18.93
17.31
17.16
19.35
14.61
11.42
12.33
18.02
22.23
25.3
23.67
16.48
16.46
18.57
21.36
12.09
9.45
15.35
13.93
11.24
16.81
15.12
14.5
13.78
12.49
18.9
17.67
12.37
9.48
10.38
14.74
18.04
18.14
17.74
17.31
12.11
10.91
10.33
5.17
11.04
21.84
23.64
16.98
13.98
16.93
6.01
14.84
10.91
16
19.58
16.88
22.16
24.71
21.57
17.6
18.89
17.3
10.34
19.92
23.42
19.73
4.28
18.94
14.68
15.79
13.16
21.14
15.11
9.53
17.09
18.96
20.11
16
6.47
18.4
13.89
13.19
15.87
14.02
15.7
18.18
18.57
14.09
12.17
8.43
14.54
17.46
14.94
17.61
22.49
22.96
20.71
20.62
22.56
20.85
13.72
15.48
11
19.01
12.41
9.58
18.84
17.19
15.6
17.46
16.73
19.75
24.32
22.58
17.61
-2.67
8.66
8.84
22.04
27.25
26.73
17.42
18.14
24.36
23.25
19.08
20.06
19.09
17.52
20.56
20.34
16.79
14.7
16.54
19.55
17.71
16.33
16.84
12.67
17.48
24.73
22.94
19.67
23.61
24.27
20.07
13.93
6.52
20.61
22.69
24.24
22.02
18.89
18.17
11.03
20.28
20.2
22.73
25.35
24.12
26.62
28.93
24.58
21.19
20.97
11.3
19.07
22.12
7.01
23.99
24.58
22.29
28.43
27.96
22.96
17.55
13.53
11.35
18.04
23.57
19.8
21.25
24.81
25.79
24.99
20.48
16.49
19.95
21.65
8.99
23.64
24.76
23.4
25.17
21.47
13.6
20.05
22.68
21.61
20.46
17.04
8.69
20.48
23.31
12.2
17.49
12.49
10.89
17.05
18
16.6
12.64
15.81
17.8
21.92
19.75
13.34
14.76
20.56
23
25.89
24.71
16.64
19.19
27.98
25.43
10.49
6.49
6.78
18.91
17.85
17.87
25.44
30.79
31.07
22.04
18.79
20.25
24.65
27.66
25.2
26.02
35.03
37.2
31.4
20.02
17
27.32
31.78
29.1
20.85
16.48
18.02
20.92
21.59
23.08
21.51
14.17
15.77
16.82
22.15
24.12
22.97
21.3
17.9
19.48
20.75
23.26
27.09
41.18
44.17
38.17
24.7
22.94
21.83
17.47
16.67
18.49
17.66
17.26
18.61
13.89
24.39
26.75
25.43
25.27
25.46
25.2
29.7
30.81
24.26
19.64
24.06
18.36
18.41
22.64
36.69
45.18
45.1
36.95
26.74
23.8
8.42
21.52
23.86
21.21
17.69
24.22
22.82
25.74
24.45
11.76
19.36
18.5
11.46
14.24
12.29
18.53
21.79
21.44
31.57
29.42
20.82
7.31
15.75
16.42
15.18
18.45
5.52
18.43
14.06
18.83
21.34
22.74
26.47
27.04
24.9
22.94
19.27
17.93
23.98
28.81
27.46
24.93
26.36
22.93
21.95
25.73
32.78
40.73
41.1
33.65
20.95
25
22.64
15.04
25.37
26.5
3.5
21.83
27.17
30.44
26.08
18.89
17.58
12.1
20.54
20.41
9.68
17.35
16.39
17.83
21.54
24.54
25.49
18.25
17.52
17.26
19.91
27.69
41.52
43.89
37.23
24.82
23.33
15.39
16.36
20.77
18.29
9.79
12.89
25.84
28.25
27.91
27.44
25.15
22.31
18.08
5.93
2.87
14.97
20.69
24.27
24.99
22.8
16.2
19.83
18.23
12.2
5.74
16.31
23.52
24.18
14.53
20.74
19.94
18.91
24.76
26.6
26.49
24.11
23.78
10.2
15.84
5.45
9.89
19.52
20.58
17.49
6.07
18.72
28.92
39.81
40.62
32.5
22.67
27.77
25.06
15.97
22.83
20.7
19.79
6.51
18.31
22.72
25.61
27.83
24.39
22.33
21.79
17.21
11.63
13.33
16.8
21.16
20.75
18.97
20.93
19.87
21.83
18.25
10.42
17.13
19.94
23.53
30.48
32.68
27.88
18.06
13.01
23.4
23.37
18.4
7.11
17.26
26.14
32.12
33.21
26.1
12.7
18.55
18.12
22.23
21.23
3.92
14.51
15.7
21.22
22.75
19.53
18.21
18.7
16.4
23.12
21.4
21.79
23.36
19.5
28.37
27.05
27.49
27.97
24.76
22.04
24.42
26.94
25.57
20.24
19.51
24.13
15.18
17.64
21.48
27.76
37.75
34.96
18.88
29.2
35.16
33.09
12.68
35.56
39.37
35.39
18.81
27.24
31.11
23.83
9.98
15.36
13.44
23.5
28.26
26.51
31.19
34.1
31.82
29.57
24.16
14.06
22.42
25.56
25.65
30.89
25.62
30.96
32.76
24.46
27.32
21.2
18.38
26.18
28.61
11.85
26.67
29.8
29.1
26.27
30.13
32.81
33.38
18.97
30.29
27.68
25.72
21.91
20.43
25.52
28.95
32.21
29.98
24.08
27.26
31.47
29.75
16.4
25.09
14.42
31.05
35.54
27.65
45.41
51.07
47.05
29.8
28.46
23.97
29.36
28.6
22.67
22.09
33.61
46.46
47.44
37.15
11
26.99
28.16
25.09
29.14
29.6
18.66
22.42
24.27
28.71
30.36
29.15
21.34
28.16
24.56
28.2
25.94
20.92
18.59
20.51
12.07
29.59
27.26
29.46
30.12
30.55
31.58
32.33
32.16
27.05
14.02
21.45
18.35
26.83
13.28
23.51
22.92
23.41
22.98
20.6
17.71
13.99
22.76
22.64
14.5
12.36
17.25
14.3
23.3
28.06
27.97
29.64
28.78
21.48
24.18
21.59
26.09
26.54
11.36
23.25
27.75
24.15
27.85
30.97
25.02
29.54
30.46
25.83
20.69
23.12
25.31
22.3
23.02
31.73
27.57
13.89
21.5
32.27
34.36
22.23
28.66
25.84
27.73
22.28
11.48
21.96
23.04
14.32
24
23.6
22.49
24.83
28.31
25.19
26
24.26
26.93
26.02
18.67
21.63
22.1
26.96
15.94
27.69
24.09
29.36
31.77
27.17
24.18
27.3
20.71
26.04
18.36
25.45
23.04
24.3
20.29
28.58
28.76
31.18
27.75
21.72
26.05
23.73
27.27
29.98
26.64
24.35
30.43
29.78
23.61
25.2
16.6
25.06
25.34
26.05
30.03
31.13
25.96
23.99
25.11
27.31
26.53
20.98
20.93
21.19
24.25
19.85
23.89
13.21
17.63
23.76
23.4
21.18
24.2
21.14
21.42
20.21
15.79
22.93
12.94
22.53
29.62
27.05
13.7
27.59
22.18
16.42
6.92
24.27
29.26
27.26
5.41
25.82
25.81
24.81
26.38
26.35
25.62
22.76
19.58
15.63
16.73
18.19
29.52
27.12
25.56
24.95
23.03
16.72
21.85
20.94
22.29
21.36
26.45
27.36
23.23
12.6
11.34
13.22
20.52
24.47
22.07
21.14
23.1
25.96
24.12
20.87
14.69
13.05
12.7
22.58
23.87
17.77
16.63
21.5
26.97
22.77
19.79
15.04
12.08
21.03
17.99
18.09
20.64
18.46
17.96
21.75
26.14
23.17
21.4
22.45
24.45
30.02
30.54
25.37
20.95
21.92
21.48
15.34
7.02
16.82
20.25
22.68
25.46
27.25
27.96
23.21
20.5
19.02
18.8
26.11
25.49
22.62
21
20.61
23.98
25.23
19.14
22.72
24.36
19.73
20.43
20.01
22.52
23.33
20.26
18.67
10.96
6.14
5.56
13.75
17.45
22.76
24.21
17.65
10.16
10.63
16.32
19.87
16.71
18.88
23.6
26.16
25.62
23.28
22
23.51
23.83
20.18
18.71
22.52
27.07
27.64
24.8
22.17
20.26
20.54
24.18
18.38
20.97
28.16
27.99
24.41
25.32
26.37
26.86
19.43
20.55
20.5
19.92
22.9
16.49
24.9
28.06
21.01
19.5
22.21
25.85
24.54
17.7
21.01
20.3
21.93
24.1
16.26
18.79
23.53
20.82
25.78
26.97
22.34
24.25
27.89
27.32
24.11
26.19
30.13
26.22
25.51
24.62
5.43
23.87
31.08
31.81
26.41
26.1
27.42
23.04
21.33
18.27
17.16
22.14
15.72
11.09
14.41
24.11
20.1
27.11
27.79
16.32
21.4
12.48
22.03
18.16
25.8
29.87
23.09
11.41
16.22
23.97
23.78
27.54
26.44
29.06
35.78
31.19
22.13
21.24
19.51
19.11
20.1
13.1
18.39
20.44
5.03
24.35
27.48
22.22
18.58
27.61
28.63
-2.12
26.35
23.89
14.62
21.53
22.69
19.29
25.29
28.54
26.96
25.44
25.08
11.39
23.1
25.97
20.72
10.74
18.27
18.07
21.19
26.73
24.12
16.73
19.31
25.04
23.85
16.41
26.42
21.52
22.65
28.19
25.66
22.13
16.21
16.21
19.59
24.59
24.8
21.8
22.94
25.19
26.19
26.38
26.35
19.32
5.56
14.51
7.8
14.15
8.28
20.36
25.96
27.38
20.12
18.05
17.86
24.98
12.02
25.7
25.6
14.44
26.77
26.29
27.72
27.87
25.17
21.49
13.97
13.3
13.11
20.61
14.84
7.67
17.22
22.67
25.04
22.27
21.81
17.81
19.09
16.45
25.59
24.86
15.8
25.63
28.38
20.01
21.23
19.59
19.54
18.5
20.65
14.21
15.61
19.13
13.98
23.1
22.65
1.08
18.51
11.66
25.1
23.3
9.25
19.17
-9.03
14.25
15.12
22.24
8.98
22.32
24
21.42
21.38
19.81
17.58
23.15
20.51
20.04
20.94
21.8
22.76
20.06
19.43
19.37
11.72
17.25
17.93
14
22.62
22.21
14.29
21.19
21.85
18.59
22.52
12.51
19.37
17.81
10.4
3.54
22.71
25.29
22.13
22.48
22.27
17.62
2.09
17.23
19.01
22.91
21.51
23.2
23.6
20.41
22.27
9.78
19.42
16.26
10.04
20.22
18.06
17.97
19.28
12.89
19.87
23.03
18.42
17.95
17.56
7.87
-4.41
10.27
8.52
12.73
14.15
22.52
22.11
19.19
16.12
11.44
19.77
16.21
17.36
21.58
14.94
16.84
21.21
24.98
26.09
21.24
16.59
21.62
14.1
11.38
8.63
20.78
26.18
26.17
21.11
13.07
15.67
19.36
19.81
17.64
21.55
24.55
21.12
13.75
9.94
18.85
22.03
20.42
11.2
14.48
13.94
11.51
9.88
16.66
20.32
22.14
22.97
19.87
22.03
12.7
18.43
21.33
10.25
22.38
25.58
23.56
17.78
20.94
23.65
21.88
14.87
17.02
19.91
20.93
21.88
13.91
4.56
13.53
17.46
18.11
20.77
15.42
16.42
17.27
4.99
23.41
23.92
19.57
21.45
17.27
24.41
22.89
23.06
22.71
23.02
20.43
19.25
23.66
18.81
15.73
19.11
17.08
14.9
14.87
20.56
19.27
-0.38
13.28
15.03
12.39
3.3
10.22
-1.39
11.66
0.14
14.36
18.11
18.89
11.65
5.1
17.26
20.14
14.16
23.8
24.67
23.37
25.95
24.11
13.51
25.48
29.06
22.53
18.74
20.61
10.58
7.31
16.05
11.87
18.79
11.61
18.82
11.1
18.06
22.47
18.67
11.48
11.22
15.2
10.39
-6.14
11.73
17.62
17.29
16.02
20.63
7.89
19.75
21.33
15.24
12.23
17.7
15.96
15.48
1.98
16.87
16.61
18.19
17.76
15.2
21.98
23.5
12.01
20.97
23.4
20.1
15.33
26.87
27.23
20.65
17.4
26.1
27.09
24.54
17.91
4.78
5.85
20.6
17.33
10.12
10.97
14.05
17.63
16.71
10.72
13.23
20.9
23.1
13.25
21.94
25.37
22.3
11.66
20.83
20.37
18.03
21.99
22.69
20.95
20.76
20.62
16.09
23.46
27.57
24.23
22.74
27.99
29.02
26.05
22.99
23.94
21.21
20.71
19.66
16.24
6.11
13.16
7.68
21.93
24.38
21.06
4.82
20.72
19.02
10.95
22.86
23.32
17.15
7.96
6.26
18.13
19.64
20.25
14.91
7.69
10.18
20.55
25.69
22.96
11.47
16.51
24.45
28.38
27.09
21.08
10.62
17.44
21.77
23.53
21.98
23.32
24.97
22.86
22.41
24.77
16.65
11.98
23.78
26.59
22.8
20.37
28.14
29.26
24.66
17.49
18.16
22.34
24.07
24.39
23.53
23.29
24.77
20.99
20.43
23.94
35.04
38.11
33.77
24.02
18.26
13.56
19.95
13.8
12.93
15.84
6.9
19.69
25.95
23.72
23.34
25.7
23
19.64
22.9
25.16
23.55
10.78
19.66
20.72
7.06
17.71
20.99
20.78
22.05
22.08
18.76
16.81
25.27
26.56
26.33
25.13
25.64
25.21
24.49
20.46
15.19
12.43
18.21
16.55
12.02
8.05
15.39
20.03
23.96
23.36
17.37
10.31
8.54
19.02
20.01
24.1
24.84
20
15.16
6.51
19.75
20.9
17.13
25.76
28.65
30.41
28.62
19.92
12.01
17.45
18.37
20.33
17.98
17.8
19.83
23.82
23.39
22.11
7.44
17.99
16.75
14.93
19.8
20.52
19.34
21.04
23.07
22.66
20.18
23.25
21.51
3.04
21.23
22.64
15.93
19
20.9
19.56
20.76
23.23
24.74
23.85
25.01
24.61
22.77
25.55
27.48
27.57
24.01
11.56
18.46
13.89
21.07
23.64
18.68
16.02
12.99
19.08
20.64
17.98
18.24
21.8
21.28
21.44
22.19
20.02
18.07
14.91
12.44
11.02
6.28
16.22
21.78
22.48
19.19
17.87
17.94
17.3
20.01
20.43
17.59
13.79
8.49
13.28
15.7
7.68
15.26
24.13
24.94
18.46
9.74
17.05
15.44
15.43
14.56
20.08
15.08
14.31
20.63
20.52
13.49
15.55
15.9
-3
1.29
15.43
16.49
12.25
18.88
22.33
21.34
20.26
20.5
22.07
22.35
16.37
11.51
16.43
14.16
-9.47
15.37
21.62
23.62
22.28
20.35
15.75
17.72
18.58
15.42
17.67
14.49
14.03
19.93
13.62
15.6
17.66
10.68
12.38
16.07
17.95
21.5
21.87
19.44
21.46
22.56
17.79
14.59
6.79
12.48
13.51
16.03
18.14
15.97
19.06
14.63
0.49
12.66
18.09
9.99
11.72
8.61
16.57
18.78
21.77
23.6
23.64
21.64
10.28
17.74
21.96
20.55
15.22
8.2
13.78
7.24
18.3
21.16
22.11
20.8
14.45
18.15
24.41
24.81
20.36
19.93
22.97
18.73
9.72
14.57
20.51
20.32
13.08
18.06
17.71
14.46
10.57
15.34
15.02
12.7
14.24
12.74
11.6
8.98
12.57
6.1
11.24
11.86
14.95
10.48
16.29
21.65
20.51
15.45
12.47
17.03
16.9
11.95
12.95
18.06
14.24
11.27
15.05
12.53
9.45
19.5
18.65
14.26
15.91
16.86
17.49
16.74
15.01
16.25
18.67
20.6
22.38
22.53
21.09
17.21
14
17.71
16.79
11.43
14.48
19.84
20.94
16.45
12.95
20.53
17.81
17.03
17.92
12.76
-6.21
8.91
7.16
14.84
13.07
13.37
21.25
20.69
16.64
16.22
17.24
15.47
17.89
14.56
10.19
10.49
8.27
17.19
19.08
17.77
19.74
19.3
14.83
15.11
16.59
13.82
10.98
13.41
8.49
8.42
14.65
16.31
19.9
20.99
16.46
12.61
14.8
19.56
20.03
16.07
12.72
6.51
14.48
11.3
13.22
18.39
14.92
0.18
7.95
15.47
11.18
17.91
22.24
19.44
9.63
3.87
10.58
12.8
17.92
18.84
10.03
10.49
6.26
15.92
19
20.64
16.47
13.85
18.81
12.98
11.51
16.42
21.02
20.67
8.98
11.41
14.06
14.58
14.87
3.95
14.06
4.79
14.98
12.82
-6.26
5.56
1.46
7.43
9.65
13.3
9.97
11.96
19.83
20.26
12.69
-5.03
10.17
10.33
15.1
14.81
12.66
6.87
13.4
11.56
4.34
10.11
12.51
5.11
12.92
6.48
15.12
20.81
18.37
14.89
11.91
8.48
10.1
16.1
15.68
12.91
12.8
16.42
17.67
15.25
15.2
11.93
12.33
14.11
11.38
14.47
14.68
15.96
14.06
12.86
15.39
15.78
4.14
9.61
12.24
5.21
17.33
18.51
17.05
14.11
13.54
19.09
21.72
17.8
8.09
12.74
16.21
16.01
19.7
16.64
6.03
12.57
10.16
11.81
15.32
15.6
17.18
19.57
18.49
15.69
17.45
15.79
12.7
15.34
11.53
8.39
17.74
18.89
16.37
17.87
14.44
8.34
7.74
7.87
16.32
19.06
9.12
10.75
11.88
-9.59
8.9
8.51
12.21
3.3
15.93
18.11
18.25
19.36
19.17
17.46
14.74
14.11
14.93
17.53
21.85
20.55
16.83
17.6
18.88
6.91
20.36
21.95
16.49
14.8
16.01
13.87
17.61
14.38
11.54
16.69
16.88
11.18
19.52
19.88
16.64
14.08
18.84
18.4
-4.82
8.58
-7.32
1.18
12.89
15.44
15.14
9.89
19.11
13.78
18.05
18.81
9.1
14.14
15.83
8
14.71
15.92
14.22
7.88
13.35
15.45
4.62
19.32
17.59
1.66
9.45
4.09
7.43
13.27
12.6
11.22
21
18.96
16.45
18.23
18.88
19.14
20.24
21.65
18.45
12.59
11.98
13.2
9.99
13.84
17.69
20.82
18.07
10.25
18.32
16.81
9.57
6.35
15.67
20.27
19.82
10.3
11.49
18.44
14.71
14.99
17.19
14.22
18.09
16.16
13.68
12.07
15.78
13.43
12.43
13.35
4.45
9.94
9.59
9.37
14.29
16.08
14.99
14.13
1.9
11.62
12.9
12.14
15.8
10.86
7.6
7.45
1.5
6.95
17.03
14.22
-8.16
11.38
15.62
10.81
-9.67
10.94
11.78
3.3
9.59
13.26
10.56
12.95
10.67
11.28
14.11
-0.5
12.46
15.82
17.44
14.53
13.75
11.33
13.22
12.16
14.27
16.22
16.94
17.9
18.2
21.81
20.19
13.54
5.82
10.57
16.45
18.06
18.85
18
19.14
19.68
19.8
18.58
17
18.61
15.64
16.2
17.96
16.5
17.42
17.55
12.19
14.35
14.47
11.8
14.58
20.83
23.59
20.86
14.12
7.44
14.39
6.78
11.89
12.88
9.64
8.24
17.19
22.33
22.03
22.66
21.09
15.26
14.25
8.53
6.96
10.69
15.36
21.64
24.19
17.65
13.36
18.41
18.52
16.53
13.41
9.19
18.63
16.72
19.46
20.8
17.27
7.93
13.79
10.32
19.74
19.31
7.41
18.48
20.4
19.82
18.46
14.28
4.69
9.86
8.16
-10.53
-1.84
9.48
-0.11
17.21
17.08
14.99
12.59
18.33
17.45
20.38
19.76
17.23
17.2
1.49
17.57
5.47
21.74
18.72
15.77
17.81
14.45
14.8
18.57
18.69
17.15
8.6
19.51
18.81
11.91
19.89
16.67
8.67
16.8
13.76
3.9
12.53
21.52
25.41
23.85
17.6
7.59
10.34
13.68
10.16
7.3
15.39
20.2
19.61
15.05
16.36
18.08
9.24
9.21
9.74
11.59
13.59
15.38
16.59
15.34
10.03
8.5
10
15.52
14.36
10.7
10.24
12.36
15.98
13.39
13.54
10.1
11.29
17.56
16.47
11.91
17.7
18.4
12.17
15.77
17.75
17.48
20.56
17.19
19.64
22.72
18.42
17.32
13.71
14.01
9.82
14.26
16.13
15.83
16.79
17.11
17.28
18.47
15.47
14.14
16.56
19.49
21.9
18.58
2.93
13.21
16.12
20.66
19.72
11.36
7.15
11.24
13.26
7.16
11.41
14.77
18.05
17.87
19.77
18.28
19.58
18.07
8.36
19.72
22.36
18.74
11.01
7.7
13.71
16.05
14.67
11.72
9.27
19.68
20.93
15.86
0.79
12.09
18.89
12.58
13.02
18.74
18.47
14.59
9.46
10.78
8.31
11.17
15.34
9.59
8.65
12.82
13.81
3.38
13.82
17.29
8.22
4.61
7.29
14.48
13.69
12.61
14.81
8.77
2.34
7.06
5.36
3.71
8.22
14.42
17.05
15.07
13.48
13.19
12.26
16.23
19.46
19.51
13.24
14.7
19.63
15.91
4.09
12.95
17.98
7.16
9.78
1.76
13.08
15.61
19.05
21.47
20.43
16.91
11.59
18.84
22.12
18.14
15.67
15.97
-2.41
16.4
14.79
9.06
16.07
18.01
18.16
15.15
16.6
14.78
11.06
19.11
15.46
12.51
17.92
4.57
9.65
12.53
11.65
13.22
17.82
15.72
12.96
18.7
18.99
18.33
19.28
17.64
16.32
11.91
10.33
12.59
10
-0.03
12.75
8.32
6.83
-1.28
12.38
21.84
23.1
17.79
8.3
15.35
12.72
5.76
15.47
16.5
18.03
20.36
19.67
17.33
12.85
11.38
5.32
12.11
16.24
12.19
17.44
18.98
18.05
17.98
10.57
1.52
12.3
15.84
14.63
7.33
15.14
13.3
11.73
11.83
11.77
13.72
8.83
9.17
18.27
16.6
13.32
17.54
16.1
10.63
17.09
21.9
22.61
18.89
5.07
8.76
14.66
18.45
19.48
15.21
14.7
16.03
17.9
16.23
8.64
9.09
13.61
12.41
7.15
11.99
15.67
4.78
12.59
11.96
12.38
7.66
-8.06
12.74
17.08
12.14
8.83
13.69
20.47
21.48
17.35
7.68
-2.54
11.89
16.15
7.93
14.87
-11.71
8.92
9.93
8.65
15.29
17.1
13.22
11.23
11.81
10.55
8.8
12.41
8.42
9.72
15.79
17.75
17.49
12.15
11.28
17.33
20.45
19.8
17.24
9.45
12.87
12.59
5.23
1.49
7.49
10.6
13.29
16.14
19.26
17.47
-23.11
12.79
17.27
15.48
19.29
20.91
18.5
11.69
-0.31
9.66
12.11
5.48
10.32
12.01
13.04
16.85
19.02
17.62
16.73
14.84
16
15.86
14.96
14.68
8.39
3.65
11.32
10.16
4.18
13.45
13.36
11.89
12.42
12.11
7.2
-5.73
9.73
16.57
12.07
16.88
13.79
13.83
11.08
9.56
15.67
14.55
11.32
11.5
13.38
14.32
13.19
9.56
-1.42
-16.11
13.99
17.31
12.56
11.11
14.35
14.41
13.49
12.69
0.88
-3.41
5.14
12.4
8.93
13.76
19.5
10.9
16.55
21.08
23.73
22.63
17.28
15.46
9.57
10.7
13.58
9.2
11.39
6.84
15.01
11.96
13.55
19.3
23.37
23.48
19.06
12.77
12.62
12.68
11.78
11.57
14.09
15.58
12.23
7.56
11.08
9.47
13.98
21.27
19.11
14.04
20.06
19.97
16.99
10.87
5.9
12.53
16.13
15.69
12.52
-1.95
14.13
13.9
10.32
14.22
11.55
6.76
12.77
9.91
2.83
-0.78
4.06
11.52
9.86
11.31
15.66
13.39
13.37
18.68
18.36
10.64
-4.82
10.47
13.49
12.26
9.64
13.22
16.65
6.14
17.3
18.28
6.3
11.27
13.54
16.81
17.13
9.32
10.01
13.33
5.89
12.46
13.54
11.85
12.24
19.44
18.5
13.79
11.92
4.31
7.22
10.4
15.01
17.5
20.01
19.5
15.42
11.96
10.82
14.02
6.81
12.68
11.57
5.24
12.83
18.47
19.81
14.17
10.61
15.08
18.63
18.5
14.84
4.3
9.89
14.62
11.5
5.85
15.47
16.63
13.07
17.06
21.42
19.23
9.05
12.5
15.16
5.62
17.66
20.1
20.37
20.71
17.21
13.72
11.64
10.42
4.86
14.94
12.48
7.46
11.46
9.48
5.71
15.89
9.47
7.16
13.48
12.15
10.32
11.84
11.51
9.59
16.35
17.22
14.43
10.55
10.39
4.97
10.99
9.57
0.16
10.7
12.23
13.14
16.61
9.8
11.69
12.93
14.57
14.76
13.17
16.44
12.23
9.76
16.57
13.52
17.95
18.39
14.06
19.68
20.33
17.06
17.36
19.85
19.88
16.52
15.1
16.78
16.65
15.97
10.65
12.18
5.17
9.27
11.83
-3.04
9.71
5.36
8.66
6.79
3.49
-1.01
14.71
17.19
17.21
14.68
9.9
3.76
13.14
19.31
19.4
13.97
13.68
13.29
15.93
17.84
15.65
11.12
12.21
2.46
14.04
17.4
13.38
6.39
18.59
16.25
5.77
12.93
7.66
2.91
13.78
16.27
12.87
15.75
15.68
8.73
7.63
12.26
12.79
12.81
12.46
14.93
12.06
17.47
19.49
19.24
18.46
10.89
7.8
15.58
17.47
16.05
12.07
13.13
16.22
16.49
17.66
17.62
11.29
16.37
20.61
21.01
17.53
0.96
0.96
16.14
16.9
17.26
21.87
20.12
8.62
10.56
16.35
14.14
13.78
12.69
11.2
-2.46
10.36
10.69
16.65
16.4
17
19.24
18.01
18.7
18.72
19.18
18.78
13.36
10.55
12.47
6.08
12.56
6.31
11.07
13.63
14.37
7.33
-0.9
8.01
7.51
-14.47
-0.66
9.59
10.54
11.53
10.47
2.12
13.98
11.49
5.05
7.32
8.03
8.66
15.33
13.66
10.99
16.04
17.34
16.94
13.29
8.16
13.12
9.36
10.36
13.8
13.09
6.5
14.35
19.46
16.63
10.82
9.4
9.66
7.38
2.84
9.03
18.47
21.34
22.37
20.52
10.6
8.51
12.17
8.29
10.73
17.12
12.69
2.89
0.73
3.35
4.6
5.57
10.52
9.28
12.42
14.73
15.88
11.99
7.03
10.11
6.1
3.3
-1.3
-12.06
2.61
14.56
14.92
6.99
10.79
16.07
18.92
19.08
18.43
15.77
13.14
6.5
5.74
0.7
6.26
-1.63
13.05
17.54
13.64
13.33
14.58
9.66
0.02
2.3
6.15
6.64
12.51
15.52
19.82
20.82
18.16
13.11
11.13
7.69
8.04
-5.83
14.54
16.47
11.74
6.59
11.82
-4.98
11.21
16.38
15.24
7.42
-0.82
2.61
6.89
5.67
8.63
2.09
-3.8
8.79
14.23
17.02
11.51
5.25
10.99
15.26
16.26
17.01
16.39
13.87
15.62
17.1
16.58
17.27
16.53
7.05
2.78
5.35
7.95
7.93
12.83
14.14
14.06
15.27
13.35
14.82
11.48
5.26
7.55
15.18
16.46
16.19
10.05
5.83
14.58
15.63
17.34
11.19
12.79
19.02
16.11
0.54
10.44
8.81
3.93
16.94
14.96
6.98
5.66
11.35
4.18
10.07
1.04
4.66
-14.97
12.21
17.47
15.06
14.02
17.4
13.75
6.49
9.45
15.64
15.67
18.2
18.3
14.9
17.14
13.92
12.02
0.67
17.05
15.33
10.24
6.98
11.65
6.51
9.26
16.29
18.49
14.49
13.25
15.75
14.57
13.49
8.08
4.11
11.81
12.69
10.39
10.85
7.51
-1.82
2.09
-4.17
11.17
16.11
16.05
17.11
7.43
11.41
6.26
-4.98
6.29
12.99
14.14
9.74
11.58
16.02
16.05
12.98
7.01
5.69
9.56
12.41
16.27
15.72
7.58
2.34
13.47
16.22
9.93
11.2
8.33
11.71
14.97
14
13.61
13.79
15.5
11.9
1.32
11.89
16.29
18.51
19.67
18.89
10.3
6.11
12
14.52
5.92
13.56
14.31
2.79
11.42
14.52
6.9
9.77
6.52
2.66
4.53
7.5
3.45
10.01
4.44
4.44
13.25
14.91
8.7
15.58
17.88
15.13
9.78
8.81
11.89
17.62
15.01
12.6
19.71
19.96
17.9
10.84
11.73
11.86
8.09
9.63
9.04
12.32
14.74
14.6
18.01
17.21
10.86
6.39
11.94
16.82
16.89
9.9
15.77
7.83
10.79
17.8
21.25
20.29
17.38
14.34
-1.44
7.32
0.92
13
15.5
16.19
13.85
12.32
10.68
4.29
9.52
-9.05
16.39
19.92
19.26
17.78
11.46
-0.96
-0.75
5.36
2.93
7.72
11.25
11.54
7.29
8.86
12.77
16.36
17.77
17.42
17.54
14.32
9.86
11.38
12.02
17.52
15.06
10.62
20.01
18.95
8.24
4.35
7.45
14.01
12.32
-12.07
12.75
16.98
17.38
14.54
9.35
0.97
14.15
12.73
-8.47
15.91
19.54
17.81
13.21
2.21
9.49
14.55
14.43
9.04
9.72
13.35
12.33
14.09
11.97
13.3
11.7
6.33
12.01
10.8
5.86
9.13
15.04
17.2
16.76
14.27
8.06
3.16
13.03
18.4
17.03
11.23
8.8
12.89
15.28
6.7
9.42
10.07
10.66
13.28
16.93
17.23
18.71
19.07
10.1
5.56
5.74
14.9
14.74
8.92
8.63
11.24
12.48
9.04
12.85
10.23
10.96
15.26
9.37
6.77
10.34
12.24
12.97
9.67
13.95
18.16
17.56
14.44
5.84
7.5
15.4
15.18
11.07
10.95
12.34
15.2
13.73
8.63
8.17
17.2
14.05
7.87
12.41
11.81
16.24
12.88
10.9
12.61
10.83
1.31
13.73
12.81
3.92
13.59
7.65
8.59
17.28
16.61
10.25
-3.96
12.1
10.78
6.45
1.93
14.47
17.3
2.14
16.86
16.89
11.88
13.02
15.06
15.71
15.54
9.3
4.27
5.95
9.22
8.29
3.74
10.69
15.45
16.81
16.37
18.84
16.41
17.89
19.06
16.63
12.97
11.36
3.43
16.1
18.92
15.51
10.91
15.41
12.58
11.65
6.21
17.37
19.19
12.43
9.74
13.59
10.65
16.64
15.06
8.29
16.57
20.77
17.78
5.58
-8.86
13.67
14.09
10.19
15.91
14.58
14.68
12.53
9.63
15.03
17.33
11.43
2.84
-7.84
6.65
9.68
10.91
1.95
1.87
4.23
11.72
6.64
12.64
14.06
14.96
17.56
17.45
11.35
15.42
18.58
19.59
19.43
19.15
15.94
8.58
6.75
3.16
11.17
10.58
14.65
17.33
15.65
17.14
13.2
14.05
13.56
6.95
6.02
4.39
10.44
11.51
9.84
13.12
9.11
6.86
10.81
11.79
14.97
15.25
5.72
7.11
5.24
9.42
16.6
16.22
7.73
-6.02
5.22
9.1
12.42
6.48
9.3
15.58
12.61
9.87
12.49
7.44
8.64
11.81
11.15
7.85
-5.22
3.85
10.52
1.78
16.06
16.62
12.38
11.07
8.22
12.79
11.73
9.41
11.49
-1.89
14.11
14.12
0.64
10.4
11.19
11.96
11.07
12.18
11.57
1.64
6.8
8.12
2.42
5.7
9.03
13.11
10.69
18.95
18.12
14.43
11.92
9.43
-1.11
6
6.12
7.68
5.99
7.41
-1.05
9.3
12.01
11.32
12.88
11.25
10.42
12.54
11.47
8.59
11.35
5.9
7.11
11.33
6.08
11.91
15.83
13.15
13.64
13.78
10.14
-3.21
-1.77
6.97
11.1
3.46
4.77
15.7
15.1
1.63
2.14
6.57
1.71
4.9
-4.27
-14
-24.02
-1.93
7.5
9.55
11.05
-0.15
2.74
10.03
11.24
3.79
0.11
9.5
9.8
1.18
12.62
11.69
8.61
7.57
4.73
10.35
12.85
11.56
12.52
13.74
8.9
5.82
5.43
12.86
13.45
13.32
12.82
-2.46
13.46
18.42
18.48
11.63
11.72
13.34
5.94
0.59
-2.11
10.45
11.74
14.74
13.94
5.21
8.12
6.67
1.02
-2.61
10.17
11.02
9.31
15.34
16.49
14.52
12.2
12.59
7
8.75
0.72
9.61
14.38
14.51
14.56
13.55
10.85
10.26
17.13
14.25
5.98
5.28
7.63
5.39
10.91
17.24
15.69
-3.71
12.65
15.83
16.83
10.6
8.64
14.68
12.56
7.42
4.36
13.82
16.19
12.59
8.43
8.94
7.94
11.45
9.22
7.52
11.98
11.15
10.43
14.43
14.18
5.98
14.54
13.24
7.48
13.84
14.67
9.42
2.06
4.65
13.19
12.72
7.04
-13.33
6.61
9.6
4.7
-4
2.48
13.14
14.67
9.35
5.29
13.73
16.82
14.5
1.62
-2.31
5.4
14.4
14.45
10.71
4.54
5.42
16.14
17.23
15.56
16.89
16.8
11.88
7.6
12.22
16.62
18
13.56
1.07
10.92
13.35
15.2
14.1
14.49
12.42
2.66
12.52
9.68
4.18
0.73
10.51
12.11
11.74
12.71
10.85
12.89
1.7
9.17
16.17
19.74
17.64
10.5
11.72
14.87
17.37
17.46
14
8.12
9.8
12.79
8.11
12.39
11.73
5.47
9.95
11.1
11.47
1.49
12.42
18.43
16.02
8.41
0.91
7.55
12.99
10.87
14.27
12.72
14.18
13.17
8.2
11.59
6.93
6.88
1.81
7.79
13.89
14.01
15.84
15.89
10.06
8.81
13.92
11.96
7.2
5.65
8.72
-2.4
9.17
-2.57
13.73
13.32
6.82
6.38
9.53
4.65
9.07
15.15
17.06
9.81
13.08
18.27
17.29
14.14
14.35
12.76
7.77
1.41
13.16
17.8
17.91
15.56
16.8
15.82
13.56
15.02
5.92
9.43
11.44
11.67
9
13.85
12.56
11.66
10.17
3.35
15.5
16.8
17.65
13.11
9.08
16.77
13.03
1.27
4.51
11.8
14.51
14.61
10.65
12.35
15.15
15.69
12.79
12.5
12.55
12.74
9.83
6.94
9.01
15.58
12.38
13.25
14.92
11.19
12.41
6.96
4.32
9.67
14.51
13.24
10.49
4.24
5.92
10.47
9.89
7.73
12.54
11.9
11.3
16.7
18.82
13.02
5.62
-2.42
14.09
16.33
13.21
5.32
1.29
11.02
10.79
2.35
15.68
17.59
14.86
9.85
2.45
7.09
7.36
10.17
12.77
15.08
14.63
5.09
15.37
11.75
8.54
10.53
3.62
6.07
4.47
9.83
6.66
8.59
9.35
10.34
5.53
3.35
5.16
-6.02
-0.26
6.39
11.72
10.22
-4
4.39
9.72
7.4
3.04
9.16
13.49
17.44
16.76
9.7
5.79
11.76
10.51
16.97
18.43
18.27
16.81
16.26
16.84
13.85
-0.21
6.07
8.95
10.17
12.63
16.19
17.55
15.8
10.67
-14.99
10.87
15.09
16.79
14.67
8.74
10.21
12.63
14.74
15.73
1.11
17.52
17.58
14.26
14.06
11.42
10.88
15.75
17.44
19.18
18.56
11.84
7.57
14.92
10.14
1.49
10.31
14.81
16.84
14.57
10.96
5.84
8.01
14.29
13.3
11.44
14.33
16.29
14.49
10.58
6.65
6.57
14.77
14.81
7.74
10.75
13.54
13.69
14.26
16.3
18.63
18.89
8.82
16.18
17.66
13.34
2.28
8.87
7.34
11.48
15.05
17.04
17.34
15.48
12.86
15.53
12.56
9.36
6.4
9.72
14.25
12.67
11.13
11.95
11.71
15.05
17.49
16.32
15.14
14.74
14.45
19.61
21.46
18.67
15.33
12.74
-0.64
7.37
11.17
9.12
10.34
11.2
6.69
2.75
13
7.81
9.83
9.56
9.21
13.46
16.58
17.41
15.67
5.53
7.79
13.05
14.38
12.45
10.24
13.06
8.57
-12.45
9.56
15.14
15.16
10.55
5.43
13.69
16.34
14.73
11.62
7.73
4.53
15.2
16.4
15.41
14.15
15.73
18.29
15.66
11.11
4.44
3.67
8.33
8.98
6.33
0.6
13.14
14.63
6.5
10.81
-12.88
11.39
11.9
6.47
14.82
16.52
11.99
-3.85
10.55
7.31
16.18
12.84
10.23
13.73
10.23
13.8
18.8
20.07
17.71
13.47
6.92
4.27
4.59
12.29
14.42
8.04
4.9
6.84
3.95
10.35
11.28
-3.08
9.38
6.73
9.17
9.33
10.58
4.18
13.04
14.76
13.15
11.05
-6.09
5.65
9.55
9.8
5.24
2.26
-10.78
13.25
18.64
17.44
12.77
9.01
10.29
10.27
4.15
10.33
13.54
15.02
14.51
12.8
11.4
9.67
6.38
13.2
14.95
15.65
11.8
-14.1
8.09
16.93
17.02
12.56
5.57
9.69
0.2
14.58
12.85
0.21
7.62
8.39
15.4
13.47
5.53
17.8
18.49
17.71
12.92
9.3
14.27
15.1
1.5
12.59
9.7
7.3
7.26
13.09
12.57
15.49
15.38
5.96
2.3
8.96
8.98
-0.52
8.04
16.19
17.92
4.29
13.94
13.87
6.93
2.52
8.42
11.06
8.72
6.12
5.69
2.35
7.6
12.16
13.73
12.61
15.74
16.76
12.68
2.54
10.86
7.72
12.87
14.63
13.03
11.14
8.19
9.45
9.79
-4.71
11.05
8.37
12.86
18.06
21.09
19.11
13.27
12.53
14.91
13.02
12.74
17.31
12.98
-0.31
10.37
7.29
6.05
12.88
13.64
11.94
10.4
11.32
8.33
10.21
16.5
14.73
4
3.58
9.16
1.46
14.22
13.89
11.68
10.47
6.85
16.23
15.73
8.08
10.52
13.23
9.9
10.79
14.76
11.53
-0.27
7.5
-0.24
11.3
14.58
16.35
12.71
8.52
17.13
16.72
13.04
14.47
12.97
14.59
20.25
21.3
18.27
16.47
12.19
7.03
8.41
11.17
10.31
2.76
2.92
5.94
10.04
12.76
13.47
13.03
12.7
9.94
7.24
8.25
4.45
3.29
6
13.98
15.42
14.61
14.38
10.23
5.48
11.1
10.52
3.7
9.5
9.67
17.36
13.38
8.37
11.88
16.14
16.36
10.12
13.63
15.65
15.38
16.41
16.7
13.56
11.91
6.34
7.36
12.8
10.67
5.78
4.45
2.71
14.68
18.62
18.71
15.98
16.13
15.61
15.15
10.75
-8.52
5.05
7.95
7.45
11.59
12
14.11
17.86
14.55
11.76
9.65
9.21
14.31
13.97
14.77
17.84
14.52
9.7
16.07
12.68
-2.99
12.11
13.72
12.72
11.61
12.06
8.46
4.17
-0.86
-6.43
5.89
3.16
12.03
14.05
2.78
8.54
7.2
9.43
9.29
5.25
17.04
16.32
-1.15
13.89
11.73
7.47
11.91
0.16
12.03
16.78
15.26
3.83
5.87
14.78
15.26
10.37
7.88
14.02
18.76
20.68
18.84
13.89
4.42
13.49
13.54
12.64
15.84
15.28
13.15
9.91
3.97
11.04
7.07
7.85
14.85
10.99
6.79
8.1
13.74
11.97
7.02
9.04
13.18
4.4
12.54
16.73
15.03
4.1
4.25
5.54
-0.49
-6.07
-5.91
7.63
6.18
3.34
5.8
12.46
18.09
18.01
12.37
16.3
15.2
-0.64
12.09
10.97
4.68
14.57
11.38
3.85
10
9.16
6.3
4.47
9.41
11.17
13.58
12.82
13.89
18.46
