9.89
12.76
8.08
11.2
16
15.42
11.23
8.9
9.22
10.04
7.42
4.08
6.15
0.5
6.41
5.44
8.65
8.33
-7.22
6.32
5.95
7.25
7.53
5.69
9.75
9.1
7.56
14.68
18.16
14.49
-7.29
6.39
-3.94
1.82
-3.74
9.56
6.22
0.25
10.75
11.12
5.45
-1.39
9
11.55
9.25
12.5
8.18
8.26
7.61
-0.81
8.05
8.34
7
11.99
14.15
15.12
14.01
6.58
9.5
12.55
5.78
9.52
6.6
8.72
12.53
14.55
15.54
8.33
10.61
12.81
8.88
3.94
6.49
6.69
9.07
8.84
3.43
5.84
6.99
5.47
12.85
12.84
15.53
16.69
14.1
6.78
3.17
8.59
13.38
12.65
12.67
13.82
10.18
4.23
6.11
10.21
13.21
12.88
11.93
9.61
-0.64
1.95
9.33
7.03
-5.03
5.24
11.21
10.66
6.46
-0.56
6.25
9.91
12.23
12.58
13.32
12.51
6.17
11.61
12.27
5.54
4
9.61
12.02
10.6
6.03
9.97
10.21
2.57
10.3
12.15
12.29
7.55
6.01
-0.1
2.75
9.02
10.71
8
11.25
12.26
7.51
-3.91
9.87
9.98
11.14
10.66
9.58
8.13
4.84
7.94
9.05
9.44
6.85
1.41
10.69
10.27
4.76
0.82
12.16
12.71
10.13
12.06
16.2
13.56
4.3
10.63
12.77
10.59
9.48
5.44
7.93
13.8
11.06
-5.88
5.81
1.97
7.43
10.93
5.22
-0.45
7.45
12.28
9.93
9.29
3.89
9.16
9.63
1.16
14.86
15.93
12.7
13.14
11.31
4
2.31
9.21
10.72
14.34
16.24
22.25
24.18
21.99
13.68
14.17
15.1
10.75
7.64
13.75
16.87
14.21
-2.44
11.47
9.75
3.06
10.14
9.7
1.9
4.93
0.36
11.13
9.56
-0.39
-0.04
6.94
4.16
-5.75
-1.46
-0.91
8.16
11.06
7.9
1.47
4.54
8.93
14.73
14.75
6.24
13.47
14.7
10.57
10
7.62
-2.43
5.74
4.86
6.36
12.41
12.05
8.7
3.58
7.81
8.6
5.83
6.8
13.91
15.26
13.77
9.33
2.43
7.66
5.13
0.33
-0.56
5.41
12.84
10.76
-3.28
-8.7
5.31
11.37
17.12
15.68
12.4
7.73
7.31
2.4
-1.11
10.54
13
11.14
7.88
11.06
16.21
16.64
12.15
2.02
6.58
10.86
12.23
11.04
11.36
11.92
10.66
9.81
9.05
6.05
4.16
11.87
11.77
5.63
7.14
11.1
15.15
13.63
9.69
7.13
10.43
10.95
7.38
7.84
4.76
6
13.02
12.39
11.31
12.54
13.04
11.47
8.24
2.29
7.2
4.62
10.29
3.55
1.57
6.79
7.18
7.64
10.39
12.5
9.28
9.7
6.12
8.44
15.14
12.71
11.24
7.64
4.49
3.92
-7.19
5.37
4.31
2.35
6.66
8.36
9.63
6.8
-29.14
9.45
10.54
4.19
0.31
3.69
5.66
9.28
10.08
15.71
12.89
7.99
9.91
10.42
13.31
11.99
10.8
13.27
7.08
-0.38
9.43
11.5
6.7
16.09
18.76
16.22
12.02
10.76
11.75
7.7
7.85
5.7
1.21
-3.11
6.64
8.46
7.11
4.17
7.35
12.37
13.01
11.71
11.86
9.8
10.22
7.53
0.24
12.71
13.91
10.89
11.32
12.72
4.73
8.21
-4.02
-5.15
-0.81
8.55
11.04
6.97
2.59
8.2
7.77
7.02
6.37
5.25
1.78
9.72
11.89
13.84
9.62
5.78
9.86
8.35
0.42
1.85
9.31
12.45
12.84
12.49
8.73
5.85
5
3.02
12.12
11.74
10.8
7.8
2.78
2.46
6.11
6.51
8.09
4.91
5.47
5.52
8.1
5.39
5.8
11.12
11.89
13.28
7.09
7.38
6.13
-1.2
0.72
7.27
-1.87
5.79
12.67
13.2
13.61
10.7
11.01
10.63
5.87
7.53
14.35
15.05
4.68
9.76
13.04
11.42
8.91
8.28
13.33
13.32
12.92
14.05
11.34
7.12
6.79
9.89
11.57
11.47
3.34
-10.6
-3.45
7.84
8.54
7.84
13.14
14.7
12
11.95
17.85
18.15
11.39
12.56
8.51
7.02
9.01
5.66
7.65
10.26
8.79
4.26
4.91
3.71
14.03
13.31
2.7
-7.62
10.89
10.32
-0.14
7.82
10.88
9.11
6.35
9.66
11.36
11.73
10.36
7.2
9.63
8.09
5.95
8.54
8.74
8.91
8.31
-0.95
10.08
14.69
13.42
8.61
8.38
5.39
9.06
9.27
-4.5
3.59
12.24
12.63
3.62
6.97
11.13
15.55
16.29
10.32
7.23
13.82
14.84
13.02
13.53
7.52
3.03
5.37
8.03
12.17
0
6.99
11.87
12.21
6.15
7.11
9.12
8.91
9.81
-0.73
7.48
8.77
3.76
14.32
16.55
13.12
7.69
9.42
6.14
2.41
4.51
-10.63
-0.48
12.9
15.59
14.74
14.63
10.48
10.9
11.84
10.36
11.05
11.99
5.45
5.1
1.22
1.37
8.84
7.36
5.62
12.19
8.3
-8.05
9.02
12.6
11.37
10.03
6.26
7.74
6.15
10.77
14.53
15.02
7.25
6.77
10.66
9.33
5.24
-8.62
8.24
6.12
3.07
10.28
8.8
-0.81
9.55
16.24
15.32
4.7
10.37
8.47
-6.33
11.28
12.34
9.25
6.95
8.32
11.64
12
9
2.13
13.91
12.26
3.54
-10.65
7.84
13.08
12.59
12.19
10.31
7.58
12.72
16.38
17.43
15.46
7.98
5.62
11.83
11.22
5.46
0.89
-1.54
3.47
2.82
11.82
14.21
14.27
14.48
12.67
10.47
14.25
15.63
10.49
7.99
7.25
5.13
6.38
9.9
10.4
8.16
4.04
7.24
11.8
13.91
13.26
7.06
5.87
11.62
11.18
-0.65
1.95
5.99
9.8
2.99
6.76
6.94
-0.82
-5.44
2.57
10.04
6.39
-4.69
-0.44
7.99
3.27
15.52
16.95
15.01
14.65
15.89
14.78
11.55
13.38
12.2
9.68
3.69
-16.58
11.3
13.45
12.06
4.22
6.87
6.48
10.35
10.04
9.45
12.44
14.97
12.95
-1.13
12.91
11.23
5.09
13.32
14.05
6.35
-7.98
3.71
11.41
12.05
11.48
13.15
13.34
8.18
6.06
11.22
4.22
9.75
8.92
5.05
10.51
15.16
14.62
10.58
4.8
2.72
2.66
1.98
2.83
2.45
0.41
-13.86
3.21
5.68
8.15
12.74
13.28
13.6
12.12
-12.58
9.61
9.14
10.26
14.52
13.72
10.85
11.46
12.21
10.52
8.43
8
6.01
9.05
11.83
9.87
10.74
9.13
6.77
5.43
6.37
5.33
5.58
1.5
5.62
10.44
5.24
5.46
-0.54
5.77
10.87
11.48
24.18
20.76
7.51
16.47
19.22
22.41
22.25
21.72
20.5
20.14
26.8
30.26
26.94
16.04
20.69
21.23
19.13
15.06
9.41
10.11
25.24
25.06
18.73
18.83
21.61
16.66
18.13
23.56
20.84
20.66
18.67
6.7
10.56
14.49
8.32
17.4
18.91
20.81
24.15
25.38
18.39
-1.34
5.2
7.36
12.58
15.15
8.43
7.08
24.89
28.77
26.99
20.63
20.31
21.98
25.63
22.31
15.89
20.11
18.84
12.11
17.45
23.44
25.39
18.18
14.38
6.03
15.2
18.14
14.25
18.76
21.95
22.71
20.14
19.89
19.54
14.28
10.3
14.65
18.01
20.7
24.08
23.5
18.77
18.81
24.73
25.09
21.17
11.38
17.36
22.73
26.73
20.39
22.69
28.38
29.28
27.24
23.67
21.24
17.81
14.51
17.5
21.17
15.49
16.87
16.68
0.3
15.39
19.19
19.31
18.26
23.65
21.68
17.43
20.77
20.85
19.41
20.94
23.3
25.88
27.97
27.89
23.53
15.42
6.75
8.25
21.89
22.86
19.53
22.29
25.25
26.96
26.28
26.17
23.54
24.87
27.77
23.37
19.83
17.48
10.25
3.44
11.35
14.25
12.14
15.16
10.57
24.57
26.2
16.85
24.98
20.76
17.37
19.55
20.71
20.62
18.88
16.31
16.17
23.46
22.04
22.32
27.12
22.25
10.03
17.49
20.72
21.13
16.63
-17.91
14.98
23.75
22.76
15
14.83
19.46
19.36
11.02
8.91
19.48
21.43
20.41
15.49
5.26
21.98
27.07
27.48
23.51
9.78
19.12
21.47
26.29
22.17
17.23
15.16
15.42
20.27
17.79
17.64
19.22
8.66
17.98
21.67
22.65
26.99
27.39
15.55
20.96
17.46
8.69
14.84
14.72
15.61
18.2
22.36
25.31
22.32
18.23
26.78
27.91
27.02
23.45
16.12
14.38
19.93
18.21
10.08
6.64
18.79
21.32
15.26
18.29
23.94
23.3
15.67
15.69
20.04
17.34
13.1
16.39
11.84
9.08
16.99
16.22
14.6
21.54
22.33
15.74
16.68
21.05
25.8
26.06
21.88
18.31
11.99
16.77
27.19
30.67
28.69
19
16.91
20.37
9.57
24.68
22.41
17.48
8.94
17.02
17.63
20.49
23.45
22.87
17.98
15.8
19.03
23.61
24.71
24.17
19.76
21.92
21.42
20.94
21.65
19.5
19.35
21.09
9.99
17.62
15.71
18.96
18.82
16.54
17.82
16.96
11.35
4.55
17.96
20.13
20.02
28.61
31.21
27.11
18.25
14.12
17.05
19.35
16.49
12.53
18.9
13.79
11.51
10.22
19.72
23.18
20.04
9.89
15.58
15.89
12.19
14.37
16.47
12.21
16.14
14.87
7.39
14.26
12.98
13.65
21.45
19.87
9.85
15.36
23.36
23.72
17.08
0.23
7.23
16.86
13.35
6.5
8.94
9.76
5.68
6.2
8.86
16.34
12.46
0.84
7.15
12.2
16.14
7.81
14.87
17.7
18.75
20.82
21.05
17.83
12.58
8.99
10.8
17.3
12.16
-2.07
6.24
6.89
13.67
14.79
11
12.98
13.09
15.55
11.99
8.76
13.71
13.24
9.86
11.38
9.45
12.91
5.72
-0.97
10.62
13.66
8
9.84
4.41
1.05
11.02
13.62
5.41
7.49
10.03
12.32
8.44
6.81
13.03
10.7
7.47
14.25
11.59
19.61
16.7
8.57
4.84
14.93
10.78
16.81
19.27
21.55
22.07
19.49
15.69
16.79
15.01
16.08
14.59
2.65
12.22
18.91
23.85
25.14
19.99
0.66
18.39
14.47
14.67
19.95
16.73
12.27
21.29
17.28
13.48
20.71
23.11
15.79
11.34
11.75
16.26
21.05
18.34
17.4
15.91
7.33
-1.53
11.41
18.47
17.07
7.87
11.79
12.53
21.15
23.71
22.81
19.31
17.93
13.77
12.13
16.32
10.58
19.66
22.6
22.88
21.92
18.89
14.81
8.08
16
13.08
20.06
23.41
21.7
19.86
22.81
20.13
16.76
17.91
10.96
16.24
4.54
8.01
14.74
19.09
20.05
22.61
22.43
20.49
21.32
20.89
17.72
19.44
20.37
7.3
19.01
17.29
12.26
10.7
15.81
19.62
17.91
9.75
22.69
26.27
26.91
27.23
26.96
26.05
26.01
25.45
21.53
17.19
13.2
21.91
23.6
21.33
21.19
15.25
13.32
14.24
17.44
22.65
25.93
22.72
10.11
18.13
18.54
15.9
18.38
16.15
10.06
20.96
25.55
25.34
20.4
20.62
16.51
15.98
19.22
17.63
5.99
14.74
16.46
17.1
10.24
22.82
26.9
27.96
25.61
22.54
16
16.46
4.19
14.38
16.72
19.7
22.2
22.72
21.92
24.23
25.04
24.54
21.37
23.1
26.4
20.83
11.72
17.43
10.98
7.44
11.31
12.42
19.43
17.59
15
25.03
23.77
15.11
18.66
16.54
7.58
16.05
13.51
17.05
10.69
19.82
20.2
-3.11
18.53
14.95
20.19
23.09
21.08
23.78
22.89
12.14
23.84
26.98
22.27
14.98
22.6
18.23
20.79
21.54
21.91
23.16
24.35
20.76
16.82
21.58
25.66
24.02
21.18
16.96
21.26
22.18
19.08
16.53
12.8
11.91
20
16
6.42
13.4
18.75
18.44
13.8
11.38
16.21
15.92
9.98
16.09
3.03
13.88
10.06
16.12
24.68
25.57
23.13
10.02
16.71
16.64
16.79
22.81
16.56
18.84
22.95
23.17
21.72
20.39
12.12
20.7
19.95
21.94
23.75
21.56
20.63
19
19.41
21.17
9.45
19.85
12.5
13.65
16.96
15.36
18.56
23.51
21.46
18.06
16.52
14.38
17.58
13.21
13.95
15.88
20.12
15.88
11.22
18.23
21.06
15.68
13.62
19.7
13.86
7.45
17.12
22.29
20.96
19.27
22.8
18.17
14.8
14.18
16.35
16.78
11.67
21.55
21.92
18.17
11.21
11.71
12.46
10.67
18.4
18.57
12.46
18.54
16.63
19.26
20.55
15
7.04
13.54
3.28
10.17
14.61
17.32
18.56
20.99
19.15
17.3
21.1
18.71
5.28
10.14
3.66
15.53
20.94
23.52
24.02
21.19
16.09
9.15
14.8
16.13
14.76
15.08
21.1
24.37
14.19
19.42
21.14
19.8
18.83
12.49
0.48
15.61
17.68
21.24
23.74
20.78
8.24
12.81
18.84
19.37
19.49
17.58
8.25
-17.8
9.08
7.33
20.92
21.82
17.16
18
15.52
14.97
14.35
12.64
14.51
19.78
21.4
14.02
15.25
17.52
13.37
8.94
17.65
18.02
17.55
16.72
20.57
19.31
23.21
24.55
23.54
18.48
17.07
15.7
12.74
4.44
12.28
17.75
17.6
16.8
8.46
17.35
21.11
17.5
3.31
10.43
15.85
18.22
16.47
22.28
24.08
21.49
18.99
19.79
20.25
16.92
19.66
20.48
15.13
17.28
18.6
13.62
13.41
16.13
21.89
24.59
26.4
25.72
20.8
26.98
24.75
17.23
10.53
1.26
13.41
14.49
25.48
28.18
25.73
14.56
16.38
17.15
14.24
7.5
23.31
25.52
24.88
24.78
26.75
25
10.1
16.47
21.48
21.94
19.43
24.25
24.01
17.66
4.51
7.22
16.66
11.28
19.89
27.62
27.89
23.26
22.75
24.59
20.15
15.56
20.86
17.99
24.83
23.71
23.27
24.07
23.93
25.53
26.12
24.12
19
18.03
21.57
18.93
9.57
18.08
19.49
17.95
2.78
15.07
12.48
20.63
22.97
13.36
18.85
21.22
22.61
19.39
8.5
21.29
22.06
17.84
18.47
21.13
25.13
27.26
26.67
21.19
7.14
13.13
17.26
19.05
20.04
17.85
11.8
10.42
23.86
29.71
30.43
27.67
21.77
21.24
24.55
25.09
24.82
22.32
14.02
13.22
23.97
26.38
24.51
21.49
12.1
17.44
22.41
18.12
24.9
20.7
25.22
30.22
25.48
9.95
18.24
22.37
25.24
27.49
26.65
27.83
31.09
31.4
24.98
12.52
12.15
17.05
25.27
25.96
22.03
19.07
22.48
28.92
26.59
18.34
20.62
24.23
24.57
20.74
4.54
16.89
14.86
19.89
17.78
17.52
24.62
23.59
16.52
16.35
23.95
23.72
23.13
25.68
26.92
24.95
17.44
16.75
37.96
45.03
43.25
33.79
20.67
11.42
0.98
20.24
23.69
22.57
15.47
15.3
15.18
4.39
14.86
23.17
24.3
21.45
23.5
24.6
23.09
19.72
15.86
12.86
19.38
12.83
21.34
24.44
32.1
43.22
44.52
36.83
16.62
15.58
18.38
19.33
14.52
18.15
17.95
16.67
19.67
17.36
17.99
24.65
20.28
18.25
25.75
21.08
24.29
25.85
27.24
35.39
31.76
8.09
23.99
19.64
16.52
23.95
24.4
14.75
17.35
19.05
20.02
19.16
22.38
25.02
23.31
23
21.58
21.01
23.28
23.44
18.35
17.71
19.3
21.33
24.03
20.69
16.4
30.82
40.48
41.25
33.52
27.27
27.43
21.89
11.05
19.04
27.12
30.81
30.33
25.72
29.94
37.46
35.99
15.91
23.85
21.28
15.9
16.41
22.39
21.29
13.36
25.73
26.16
24.32
24.88
13.09
23.98
32.38
42.17
44.57
37.56
11.73
14.96
10.24
25.58
27.04
22.58
13.71
23.74
24.05
25.46
27.81
24.12
21.84
23.21
20.98
25.05
25.66
24.92
26.55
27.38
27.68
17.57
24.33
22.79
20.96
22.45
22.85
14.81
19.01
24.59
25.11
21.17
21.09
23.88
24.22
23.09
19.52
21.82
22.56
24.74
27.39
24.66
12.37
17.62
23.04
25.14
21.56
1.35
24.47
38.78
43.43
38.64
23.49
18.52
12.29
20.8
12.53
20.18
16.12
16.08
19.84
16.6
13.96
19.72
21.69
22.6
19.05
15.86
22.5
24.4
22.12
15.5
19.02
25.08
23.84
19.04
19.36
23.51
25.43
24.48
20.54
9.45
19.82
22.32
17.59
14.87
14.3
11.78
10.95
24.29
25.74
22.38
23.32
14.68
27.44
25.49
23.56
19.76
20.33
25.14
25.03
17.53
23.25
28.38
30.44
28.66
23.05
19.5
22.32
18.72
22.08
22.02
19.5
23.77
28.44
24.76
16.42
22.45
21.14
8.38
24.67
28.77
30.69
27.31
26.15
28.31
25.26
28.37
25.9
23.89
29.5
34.5
35.75
26.36
27.55
30.07
31.01
28.43
27.3
37.87
41
34.3
18.25
21.73
28.56
28.18
24.96
20.19
29.47
28.32
29.02
35.14
37.72
33.38
23.15
25.31
24.34
25.01
21.45
7.76
25.66
28.48
23.19
25.03
27.63
27.1
27.45
21.06
13.76
17.38
26.76
28.14
29.16
20.88
19.64
7.49
10.73
19.89
24.83
29.04
28.52
17.72
15.9
21.64
22.73
25.57
28.71
23.84
19.61
27.13
32.93
31.67
27.87
25.75
6.81
22.96
29.03
35.94
45.61
48.39
43.49
30.92
26.09
25.2
25.71
22.04
21.73
25.18
33.33
47.79
49.79
41.63
14.3
17.92
24.68
22.05
8.13
23.44
31.05
31.75
26.83
32.27
35.26
34.92
31.53
28.58
30.08
17.58
15.23
22.77
27.48
25.41
23.38
20.39
27.1
34.05
33.75
26.2
25.96
29.43
30.77
26.63
17.61
16.82
18.61
27.31
19.48
26.68
13.18
28.72
33.71
30.96
27.65
26.5
22.64
17.61
27.09
27.35
33.21
30.58
21.61
17.66
27.55
26.26
30.93
32.22
30.39
25.8
6.03
23.07
25.65
13.39
26.49
34.06
31.61
19.25
21.21
30.58
28.54
27.14
25.77
24.05
20.52
20.81
26.51
27.59
16.27
21.07
30.53
32.64
23.69
25.79
26.02
15.07
5.11
21.22
26.55
25.47
14.41
29.39
32.52
27.73
30.72
32.55
24.9
31.31
31.27
25.43
17.09
25.13
20.48
27
33.45
27.01
29.18
32.85
23.59
28.46
24.98
21.72
20.83
17.18
18.83
25.99
28.16
12.22
28.4
23.21
27.07
22.06
10.36
20.86
23.17
3.03
20.19
25.82
28.27
19.61
26.57
29.41
25.04
21.11
29.11
29.09
29.39
29.14
22.5
22.14
10.14
20.8
23.94
27.31
21.83
28.51
30.12
27.77
23.9
21.21
21.24
18.5
21.3
13.72
24.52
26.28
18.83
20.96
22.45
24.49
13.41
23.81
26.2
30.98
34.19
33.5
30.22
25.04
9.35
29.13
27.97
11.17
17.95
23.38
24.71
12.57
24.52
20.33
22.64
24.88
15.92
8.87
9.43
21.75
26.22
19.92
26.43
27.82
20.91
25.49
27.24
24.35
26.07
24.58
-5.1
19.17
23.39
21.4
23.61
23.11
19.73
22.21
24.58
20.15
19.44
27.75
26.65
14.58
12.31
23.72
24.97
11
22.4
21.13
23.76
21.65
14.63
23.68
25.06
14.15
18.54
18.53
27.89
28.52
16.25
26.06
6.55
25.19
23.79
22.21
23.46
17.52
14.81
14.15
13.06
18.2
20.51
19.59
18.32
18.99
25.66
18.44
22.19
21.74
11.67
13.37
22.22
22.3
23.25
16.6
14.54
18.62
22.6
26.41
18.88
17.59
15.53
20.52
21.59
21.78
24.43
21.63
14.44
14.64
22.31
24.13
23.57
20.41
16.57
13.16
11.91
15.25
16.56
20.94
24.68
23.29
22.12
18.74
15.88
17.58
24.99
21.17
17.74
4.42
17.33
8.51
15.74
19.69
15.78
16.71
18.78
17.41
3.68
16.73
18.09
18
12.73
11.04
6.98
7.28
7.38
31.02
32.21
32.07
30.48
30.23
29.74
25.88
21.83
16.7
25.21
29.26
29.08
27.5
23.24
22.79
27.33
24.87
22.54
25.35
25.17
20.26
23.2
24.34
23.49
21.7
12.17
17.43
21.27
21.91
23.56
21.68
25.43
30.9
33.38
32.33
26.92
20.03
23.54
29.65
28.2
22.6
27.63
32.23
32.92
31.52
27.79
23.49
20.17
23.93
28.74
30.34
30.84
29.79
27.72
27.73
29.19
27.75
22.53
20.2
24.22
26.52
31.47
33.33
30.69
27.97
27.56
27.32
21.66
18.96
22.24
21.73
29.23
33.32
35.15
34.77
32.78
30.21
27.56
34.61
37.7
32.67
24.53
30.38
30.55
27.73
31.76
35.17
34.2
26.22
14.73
13.47
27.82
29.94
26.24
20.94
26.32
29.6
29.02
23.88
25.23
22.54
14.82
22.31
21.72
26.03
26.11
19.24
17.56
23.94
23.64
18.26
12.71
22.34
25.29
24.84
28.56
26.24
19.79
24.23
25.98
23.55
22.84
24.17
28.32
30.16
32.37
33.86
32
30.24
28.05
24.57
25.62
28.69
28.77
26.93
26.54
27.88
28.81
30.47
31.63
27.76
21.49
17.78
18.2
19.69
19.98
25.1
24.8
23.53
26.79
29.72
26.31
15.76
17.52
24.94
27.33
26.77
22.65
16.91
21.77
27.91
30.32
31.98
34.18
34.25
30.71
25.56
24.49
24.32
20.64
23.01
26.92
27.78
30.14
33.55
33.19
28.89
28.22
27.23
25.4
26.88
29.23
29.2
26.5
25.96
26.71
24.6
20.4
15.89
12.89
21.41
26.93
29.02
27.03
25.6
26.22
27.2
24.94
23.76
24.74
26.15
24.24
23.04
26.34
27.66
28.7
29.58
27.88
29
32.04
30.81
25.51
25.69
24.71
25.39
25.19
24.64
26.22
25.84
22.79
25.34
30.31
32.32
31.39
28.84
26.03
18.18
14.39
18.2
21.11
20.03
16.6
18.89
21.85
25.01
22.74
21.62
20.19
10.6
5.61
4.03
-4.11
14.75
22.06
24.85
25.51
24.85
23.95
21.69
23.14
22.28
10.44
24.99
28.46
28.15
24.49
22.39
23.82
23.7
21.26
18.61
17.34
14.46
23.62
27.57
26.39
14.99
19.38
21.75
23.24
24.69
23
16.54
19.33
19.79
21.97
20.75
21.66
25.49
25.61
22.72
19.58
13.45
15.21
18.42
14.22
4.09
0.67
12.38
19.5
19.36
17.38
15.46
17.75
20.74
23.01
23.89
22.46
12.23
16.2
18.13
16.43
18.25
19.37
18.34
17.36
11.94
20.59
24.86
16.73
17.92
21.09
19.71
14.68
11.27
17.46
17.45
19.2
20.6
15.6
7.53
19.39
13.72
20.21
20.91
14.24
4.34
10.33
15.36
15.73
16.15
12.87
14.89
18.04
14.79
14.83
8.26
18.87
19.93
20.03
18.64
14.39
10.98
14.66
18.14
22.02
25.03
23.55
8.79
25.5
24.96
21
21.19
22.78
13.28
20.99
22.29
22.59
24.88
21.74
4.47
7.53
23.55
27.3
24.09
22.56
24.82
23.09
21.39
18.92
14.51
13.44
20.76
22.18
21.25
21.19
19.44
15.35
13.87
22.35
23.24
15.8
17.92
20.67
15.75
5.24
14.05
0.71
15.24
12.37
25.13
28.71
27.38
22.51
17.4
6.98
16.77
18.05
14.96
19.19
24.53
20.46
18.05
24.71
23.96
22.41
22.6
22.46
20.15
20.49
24.24
22.91
18.9
18.41
5.01
16.24
20.48
24.2
26.05
24.26
17.8
15.5
26.13
26.92
23.48
21.53
20.68
18.75
24.38
25.22
23
14.28
22.87
26.15
21.92
16.33
16.52
21.76
22.25
22.83
23.43
22.2
21.33
4.72
23.16
22.44
24.6
25.12
22.2
22.7
27.58
26.52
22.43
21.99
20.48
20.41
25.01
27.3
23.63
18.63
20.93
25.6
27.59
26.46
21.3
19.62
25.02
26.56
24.77
24.16
22.67
19.71
17.23
24.21
28.03
26.14
21.5
22.68
24.84
23.91
20.02
15.64
15.01
21.11
23.65
23.78
24.78
22.7
16.33
13.54
17.88
19.54
20.34
22.98
26.74
29.83
30.49
29.38
25.33
23.15
27.08
29.02
29.03
27.49
25.12
24.49
25.02
24.67
20.31
3.22
14.85
26.12
27.73
26.85
26.48
21.33
17.62
25.16
21.51
10.28
18.29
15.45
16.63
22.28
28.36
27.93
23.62
18.15
19.27
19.97
27.58
25.98
12.58
6.29
23.77
25.11
20
26.59
24.72
13.03
27.1
26.76
22.5
20.17
15.12
30.32
36.77
31.93
19.49
25.87
23.55
21.82
23.82
20.24
14.14
15.33
18.61
15.57
20.62
28.31
28.59
25.57
23.57
20.54
21.98
18.03
12.75
21.02
25.54
28.62
28.92
25.04
21.82
20.25
22.93
25.36
24.01
22
23.58
23.21
17.7
20.72
27.14
24.36
2.38
17.06
10.34
20.12
24.57
25.4
26.97
24.33
18.21
23.63
19.85
14.81
18.7
16.49
17.3
18.59
22.47
23.92
22.05
20.01
21.16
20.75
19.57
16.54
23.2
29.15
30.8
29.67
24.4
19.46
12.93
22.71
25.82
20.9
20.09
15.98
7.83
22.28
24.58
20.95
9.09
20.64
23.5
23.09
21.94
21.87
19.75
21.26
24.04
25.16
25.61
23.87
16.19
11.78
18.54
8.18
17.59
19.23
19.44
22.71
27.09
27.71
23.09
15.3
17.13
25.7
30.03
27.99
19.13
9.81
15.87
25.72
30.5
29.74
19.98
8.76
18.1
26.51
28.23
23.17
9.07
9.2
13.27
11.11
15.91
20.37
16.74
17.29
20.5
17.5
18.74
17.69
18.33
23.83
20.81
19
16.41
11.62
19.72
15.64
8.72
17.97
20.15
19.79
20.3
21.86
25.72
28.38
27.91
25.67
19.75
10.89
18.03
16.78
20.78
20.04
18.24
25.69
26.26
23.14
22.87
20.63
19.21
19.14
19.96
12.96
4.27
13.04
17.25
18.08
16.61
11.13
12.51
2.49
18.02
23.25
23.2
16.76
14.2
14.77
20.06
20.52
15.37
19
17.1
13.45
21.11
18.88
18.07
15.31
7.01
13.9
11.52
19.21
18.66
15.72
25.12
26.22
21.04
13.89
13.75
12.09
17.27
19.72
15.16
-1.57
8.4
9.82
11.61
5.38
9.6
11.33
16.03
16.67
1.1
17.21
20.53
21.05
20.39
17.44
14.77
13.09
8.79
12.3
13.7
20.57
22.3
20.17
13.94
10.67
4.47
20.27
24.72
23.26
23.28
25.05
24.6
21.73
17.73
17.08
11.21
12.7
16.77
16.92
18.93
21.33
16.24
9.39
12.62
15.51
12.36
15.93
15.35
12.47
13.87
15.11
11.5
8.91
16.31
14.34
13.52
10.56
7.72
14.66
12.18
12.28
18.12
18.5
17.18
12.01
12.26
14.48
14.9
11.33
9.64
14.53
12.33
7.92
-3.22
12.72
19.51
19.92
17.48
15.02
6.92
12.56
17.48
16.29
14.99
16.44
14.43
11.79
15.82
19.51
18.77
18.17
14.53
1.52
15.93
18.77
18.54
17.76
17.67
17.36
19.54
17.42
15.2
15.73
12.11
-0.15
13.81
18.69
17.02
15.42
17.35
15.27
6.65
7.22
13.54
18.06
20.92
20.3
14.86
-5.61
16.32
16.69
9.32
20.39
18.71
17.86
16.68
16.02
13.73
18.25
18.45
12.4
19.26
22.4
21.94
15.37
3.87
0.78
8.36
9.1
15.22
14.27
-6.08
14.99
10.68
10.04
14.45
18.78
19.82
18.45
20.17
17.57
11.47
11.86
13.38
9.88
14.04
5.38
13.14
9.71
13.97
16.56
12.99
10.92
18.74
18.41
14.97
1.49
14.22
12.44
13.38
18.27
19.19
18.25
19.91
20.92
15.5
-7.38
4.53
6.35
16.56
17.66
10.76
16.58
19.73
17.02
11.68
10.4
12.4
6.52
17.37
17.61
6.95
9.7
12.36
18.18
19.17
18.5
15.77
0.4
14.1
20.69
19.41
14.25
9.15
1.49
13.75
19.99
15.48
10.49
16.4
16.06
13.84
9.19
15.75
18.58
15.19
-2.96
11.82
14.17
17.56
18.46
13.79
-0.63
3.73
5.87
10.69
13.4
13.7
15.85
14.43
7.14
9.75
7.48
13.14
20.58
22.28
17.48
7.24
7.37
17.56
19.95
18.84
20.24
20.64
19.33
19.28
17.67
12.68
17.91
16.21
12.27
18.26
14.92
13.43
15.66
18.41
20.08
20.81
19.83
16.39
17.02
19.8
17.51
16.86
16.8
14.91
14.85
14.18
5.66
8.17
9.64
15.62
17.86
2.92
16.71
11.95
11.21
17.47
12.74
19.05
19.9
12.13
8.7
13.12
9.01
9.15
6.05
13.69
10.35
11.83
11.79
8.87
15.13
6.21
18.74
20.97
20.8
14.01
12.38
14.78
16.19
16.34
16.78
13.57
13.05
22.23
20.46
9.33
15.23
17.26
20.33
19.05
17.27
20.32
19.44
18.58
14.58
-6.14
9.36
13.42
12.15
16.78
21.58
20.42
7.86
13.02
13.33
10.36
18.35
22.78
20.45
12.51
-5.22
7.86
14.24
14.25
16.03
11.56
6.11
11.08
16.54
19.2
6.84
12.79
-0.1
16.4
16.01
16.16
17.98
20.34
19.3
12.48
14.68
23.05
23.93
20.97
15.46
8.65
7.1
13.75
18.44
16.33
12.33
16.2
18.54
19.2
14.76
15.97
19.77
18.35
15.02
5.53
5.71
19.67
20.61
16.6
10.72
19.22
23.4
21.2
12.1
15.24
19.48
19.04
18.62
13.13
12.07
17.21
14.62
11.67
12
12.33
5.83
0.41
12.01
12.32
11.45
13.65
14.29
17.13
12.88
9.36
9.32
6.52
15.15
15.78
10.82
13.37
13.11
3.62
11.94
8.61
11.37
22.05
22
12.04
14.77
17.82
17.05
13.37
10.97
20.45
21.63
13.33
12.75
16.12
8.97
2.32
6.58
13.39
8.51
10.96
15.6
6.11
8.61
15.73
8.2
4.29
6.9
15.59
15.09
13.05
15.5
12.41
13.62
12.45
3.62
17.55
20.23
19.94
13.64
17.48
19.63
13.71
14.84
13.61
16.52
21.04
15.92
-3.29
7.75
13.06
16
14.13
15.15
15.63
13.08
5.38
10.85
9.9
9.86
9.02
18.94
23.8
20.13
18.66
17.51
16.62
16.73
16.2
17.46
18.15
19.09
22.7
22.15
16.46
8.4
8
-2.02
13.84
16.67
15.38
17.4
18.6
16.61
13.87
17.37
20.78
21.16
16.55
10.6
7.88
7.48
3.55
17.68
20.75
19.14
18.62
17.76
15.04
12.13
11.95
14.38
20.54
20.34
19.26
18.44
15.88
6.49
14.85
20.72
18.17
13.25
20.53
22.95
19.51
10.33
16.46
12.99
16.13
14.43
21.5
22.36
17.9
15.95
19.54
23.6
23.4
18.78
18.29
23.1
21.95
18.88
11.88
8.49
2.18
14.99
9.21
14.22
16.55
16.84
20.49
17.84
15.39
17.55
6.64
7.64
9.88
14.4
15.76
11.92
6.7
8.76
16.17
13.5
9.3
20.12
21.93
17.06
16.32
22.84
23.05
21.08
16.99
9.34
12.22
16.86
18.28
10.94
13.09
16.22
13.59
14.78
19.14
10.42
19.75
22.06
15.89
2.97
12.08
2.61
18.69
20.64
9.79
20.38
16.05
15.82
20.62
13.88
12.83
19.72
17.92
17.17
18.85
18.36
11.23
13.99
15.09
10.8
10.49
12.67
16.52
15.12
14.66
19.03
18.86
20.69
15.41
4.89
16.46
13.16
12.8
14.81
17.15
20.33
15.37
12.33
15.5
18.89
23.24
24.81
22.94
22.04
21.51
15.92
10.67
9.66
9.78
3.78
8.99
16.45
16.71
6.12
11.72
17.84
21.6
19.86
18.25
18.9
16.86
17.75
13
9.51
17.1
17.75
12.63
9.08
13.63
5.11
13.94
14.02
18.77
19
20.97
20.51
18.47
17.41
10.6
-3.42
11.96
16.47
17.02
14.99
13.16
14.91
20.27
22.77
19.82
6.63
10.45
7.97
14.74
18.82
14.78
0.98
3.5
-1.89
7.12
9.47
9.27
16.66
21.22
21.31
19.75
20.08
14.82
14.25
6.63
11.35
15.73
17.48
18.12
14.6
14
19.93
19.43
8.87
8.7
16.96
19.17
19.17
20.03
19.7
19.87
19.01
17.68
17.11
17.19
14.57
13.59
11.54
7.37
13.77
12.54
8.94
16.3
-0.27
12.58
16.16
19.39
18.42
19.04
21.47
20.36
16.73
14.97
13.12
8.64
15.01
15.24
15.06
14.05
17.43
17.22
6.42
15.58
16.19
18.5
18.02
16.55
15.25
15.78
15.41
13.57
13
3.64
2.4
12.75
18
20.02
20.3
18.11
15.45
12.06
9.18
-1.96
9.75
14.76
17.46
14.68
9.51
7.21
6.31
2.49
5.85
10.01
7.93
-3.33
12.49
17.42
15.31
16.74
20.02
14.68
13.83
19.38
20.66
19.87
7.57
14.72
19.5
14.48
10.8
14.69
9.21
13.34
17.61
17.92
13.54
-7.74
-0.1
7.52
16.22
16.19
12.48
8.04
9.87
11.22
14.36
7.63
19.77
18.98
13.78
13.64
5.45
14.47
12.19
14.38
16.39
15.58
14.96
15.94
15.32
5.56
12.89
16.97
11.12
11.58
11.78
11.3
15.56
14.86
13.54
9.06
8.66
15.38
8.91
7.33
13.19
14.79
13.35
9.1
13.13
20.28
20.95
9.7
14.8
15.15
10.87
12.74
7.4
14.3
10.82
6.09
17.07
18.93
14.17
11.78
12.76
14.66
14.68
6.91
9.13
7.55
7.67
16.11
17.51
14.49
9.42
-3.46
10.75
14.1
15.79
18.36
22.1
20.26
9.78
14.7
10.16
10.38
13.09
18.31
16.56
4.44
4.62
5.11
15.66
18.2
13.97
11.92
12.44
16.74
17.19
17.32
13.12
11.4
9.61
3.61
13.11
9.1
15.25
16.99
15.35
12.4
8.47
13.17
14.21
14.64
15.78
16.22
18.52
15.52
2.1
7.49
16.07
15.69
7.27
13.45
20.88
24.31
25.18
21.29
6.03
17.65
17.13
18.13
15.43
8.49
5.98
11.04
13.08
15.06
16.13
9.92
7.51
13.62
14.56
4.14
14.34
13.51
-1.88
10.7
-3.22
11.46
10.22
15.39
18.15
16.56
13.16
11.58
5.94
10.41
11.01
8.97
3.78
4.67
-3.02
13.92
16.07
11.86
10.9
12.6
14.81
15.94
10.03
-2.78
9.1
14.74
13.29
9.82
12.26
14.71
7.3
9.2
7.36
4.35
9.26
10.24
10.19
12.47
15.75
16.54
17.79
18.6
18.59
11.14
-4.17
13.36
16.96
8.03
16.04
15.56
15.22
16.16
8.75
14.15
9
-0.63
7.88
11.4
1.72
10.03
12.75
7.37
3.19
3.72
-6.94
10.04
16.23
13.69
13.65
11.7
4.7
9.35
11.29
16.74
18.16
12.87
13.99
16.45
17.81
17.11
14.31
7.79
10.12
13.35
7.97
20.4
21.84
16.62
16.03
16.23
12.7
11.8
13.47
10.2
12.35
-2.15
16.44
18.82
14.03
17.27
19.23
18.84
16.54
11.91
5.8
7.85
9.14
12.44
12.41
9.11
16.27
19.56
19.23
16.35
14.75
14.26
7.15
8.59
11.43
9.07
18.08
18.5
13.13
9.96
13.22
2.21
7.45
15.53
13.7
16.02
19.32
19.75
16.45
11.56
7.41
11.54
14.38
19.39
17.95
13.27
13.68
19.35
16.36
15.4
10.11
18.99
18.56
16.06
17
19.05
19.73
19.54
15.09
0.09
9.29
-10.25
5.83
0.52
2
15.67
20.52
20.41
15.69
12.43
11.91
12.2
10.82
4.78
13.84
17.61
12.07
12.54
16.79
14.39
3.02
6.89
13.17
10.96
15.96
19.39
15.2
13.73
7.84
20.72
20.63
3.34
19.27
18.74
18.12
21.14
14.99
9.86
8.81
18.06
17.16
10.19
-0.1
1.88
8.81
16.79
21.05
13.97
19.13
15.53
12.9
11.8
-1.14
14.37
19.67
20.59
18.82
16.97
19.63
19.7
16.46
15.59
5.12
6.94
7.87
15.6
3.38
15.66
11.33
13.61
12.83
17
18.27
11.04
2.96
12.62
15.52
11.7
15.41
8.06
13.9
14.26
15.17
18.43
20.77
19.12
11.82
12.46
18.41
11.88
6.45
11.33
19.24
19.72
11.51
6.78
1.93
-5.31
2.97
6.79
15.29
14.82
17.83
19.32
7.26
9.07
6.12
-6
17.08
21.71
17.4
8.41
12.38
11.22
12.98
16.68
15.65
7.7
20.92
21.2
9.23
12.9
18
19.28
18.2
13.17
10.53
2.67
11.78
7.06
7.41
13.7
15.1
6.54
15.08
15
-3.75
1.2
18.71
21.36
16.83
15.18
8.31
10
10.8
4.02
2.73
10.85
17.5
18.2
15.23
15.07
12.1
18.01
13.99
12.63
14.11
13.84
9.69
11.79
15
13.39
10.4
13.5
13.26
7.47
11.72
10.79
15.86
19.28
14.97
3.3
15.28
17.67
10.72
7.96
3.46
8.29
14.4
12.84
9.29
3.47
10.6
12.35
4.14
4.3
6.89
4.98
-2.35
10.92
15.98
14.56
17.94
17.19
11.89
14.18
14.82
8.41
7.91
13.96
13.84
5.19
12.14
16.01
6.76
11.11
12.38
1.9
12.65
16.75
15.42
-13.11
14.85
13.84
12.58
17.18
16.21
15.18
11.38
8.91
14.98
16.26
11.22
-0.07
6.97
5.32
11.29
8.26
-7.33
0.96
11.92
15.24
6.66
17.38
16.75
12.57
2.27
11.1
13.92
16.14
16.34
17.24
17.87
18.01
16.67
11.33
12.31
12.87
14.21
11.72
10.05
11.75
10.86
12.22
8.95
9.65
7.61
6.94
11.28
14.53
16.17
16.78
11.9
3.99
16.28
16.82
13.23
12.95
9.54
8.63
9.61
11.74
12.52
13.24
10.67
7.85
4.87
10.56
7.1
5.7
8.05
10.14
13.11
9.53
13.31
15.79
11.81
11.12
15.1
14.9
13.31
8.72
9.76
8.85
9.11
8.17
13.02
13.66
4.69
11.23
17.75
15.16
11.74
12.55
4.58
13.12
16.51
16.15
9.18
1.15
14.59
19.68
16.6
14.51
16.86
14.74
8.78
9.41
13.37
10
13.25
13.06
12.44
16.63
15.48
11.21
13.86
16.32
11.76
10.64
16.25
18.47
17.19
16.61
16.3
10.34
15.17
17.28
15.51
12.68
11.58
6
4.34
13.73
15.77
15.27
17.46
19.18
21.1
20.03
9.48
12.69
13.75
11.43
17.59
15.02
5.92
10.7
12.33
20.17
20.28
16.77
11.32
11.96
15.84
16.27
3.36
7.81
9.76
11.85
17.26
18
10.59
8.86
10.87
11.9
11.23
15.18
17.93
14.73
9.76
14.54
13.03
7.77
16.22
14.78
10.79
10.91
14.67
13.78
1.48
11.89
8.14
9.97
19.25
17.11
11.97
20.08
17.38
5.03
-0.04
8
14.91
13.53
11.25
15.96
16.16
13.43
11.79
16.25
16.31
12.2
17.63
15.36
11.91
8.62
12.33
15.38
12.12
15.3
19.08
18.85
12.5
9.81
16.09
12.2
10.22
12.73
9.28
6.44
13.38
12
5.47
14.5
15.81
18.07
10.32
12.37
13.55
11.96
14.38
14
9.9
3.97
6.31
-6.72
11.51
12.55
12.19
13.19
6.11
14.11
19.9
19.53
11.74
12.49
16.96
13.73
13.93
7.65
13.47
12.09
12.32
6.83
11.51
13.75
10.92
17
12.7
12.07
13.23
2.06
3.06
12.12
16.38
17.74
12.31
14.97
10.07
1.29
11.54
15.78
9.61
13.01
13.85
1.92
15.67
18.59
5.93
15.37
14.54
5.74
15.67
18.97
13.38
7.59
13
9.94
8.6
12.16
-7.37
11.32
13.57
12.12
12.87
14.34
15.21
14.34
13.62
8.94
6.02
13.23
15.5
8.79
17.08
20.04
16.82
-3.77
15.14
13.58
10.8
15.61
16.26
10.96
6.83
11.31
14.71
15.76
10.53
12.78
13.67
13.24
11.72
12.66
14.86
14.96
10.36
0.1
17.11
18.83
10.31
12.72
16.11
13.81
14.87
14.02
15.84
17.09
9.11
9.5
3.88
14.99
13.83
8.93
12.63
14.4
14.57
13.31
5
8.5
16.77
21.21
20.39
8.98
12.18
16
17.62
15.95
13.13
12.04
7.22
14.04
16.91
15.46
16.05
19.63
18.65
13.27
10.9
9.16
-9
13.98
15.69
14.15
9.7
10.21
8.66
9.32
9.79
13.1
17.68
17.78
15.64
15.77
12.32
11.45
19.21
19.55
13.83
4.25
12.06
11.49
3.2
7.61
11.93
4.39
17.7
16.61
12.82
13.64
14.45
14.7
14.39
7.14
13.85
17.59
19.81
21.82
19.81
15.17
14.01
10.87
14.22
19.01
19.91
18.04
12.46
16.08
16.75
13.44
8.25
11.34
16.94
16.27
10.11
-24.99
6.05
12.48
13.34
14.61
17.88
14.1
8.05
13.45
16.83
17.76
17.4
16.51
17.42
12.45
11.07
16.1
14.25
7.54
10.33
15.42
13.4
1.02
16.3
17.93
16.01
13.23
5.37
3.45
10.12
7.33
14.76
18.39
16.64
11.07
11.77
17.1
16.97
13.9
10.45
15.41
17.74
20.14
17.91
8.43
13.06
16.31
18.03
14.72
8.16
15.82
12.81
-3.68
10.34
17.79
17.51
14.04
11.16
13.82
15.24
12.42
16.56
20.28
19.94
19.11
16.58
10.97
10.03
15.13
10.28
14.25
19.48
17.36
12.39
14.49
12.86
10.65
16.58
16.05
17.16
17.65
15.97
14.05
8.59
4.31
12.07
16.5
16.71
12.31
-7.04
3.59
10.06
13.17
8.83
1.87
9.9
16.46
11.3
14.04
20.76
20.3
17.87
14.13
2.83
4.17
12.7
13.75
6.84
8.54
16.33
17.6
15.84
16.35
16.61
15.82
11.54
8.84
13.12
12.65
15.62
17.87
15.88
8.89
14.27
13.88
6.05
12.99
15.9
10.65
9.09
7.84
11.32
18.42
20.99
19.69
14
9.65
12.74
12.85
12.62
10.35
6.11
11.39
14.59
9.25
8.4
12.83
6.81
4.37
15.89
19.94
16.64
3.61
16.14
17.24
16.59
12.98
7.91
11.36
15.95
18.05
18.3
10.52
14.19
15.38
13.02
-11.18
15.49
15.66
5.84
3.52
8.91
13.28
16.41
16.21
16.59
15.5
17.59
19.09
15.46
6.41
-1.43
4.87
12.32
7.69
7.57
13.33
12.12
13.89
16.41
17.12
11.57
9.56
10.28
14.17
15.65
16.59
13.84
12.35
15.45
9.19
4.19
2.42
-7.41
8.66
6.07
7.47
5.54
0.33
5.3
12.53
13
2.07
6.28
15.37
16.97
13.27
15.47
13.52
11.17
13.84
10.85
11.96
11.65
12.6
13.23
10.73
6.48
8.96
15.07
13.63
-1.79
9.18
14.81
10.57
7.6
5.53
9.86
12.08
12.44
9.63
12.11
14.7
14.52
9.85
16.36
20.42
16.29
13.99
18.52
18.83
16.84
14.97
12.74
9.28
13.59
17.46
17.26
14.65
-4.08
15.88
18.42
15.77
7.79
1.35
12.15
12.35
8.57
6.9
3.73
6.7
7.98
6.29
1.66
11.71
12.47
15.08
15.5
11.99
7.99
8.59
13.97
14.89
14.48
13.82
7.15
-5.89
5.71
12.4
13.07
-6.9
13.25
14.65
2.45
10.29
6.58
7.88
12.39
14.86
14.22
10.18
3.78
0.87
8.33
15.42
13
2.16
9.67
12.12
13.65
9.47
3.21
11.84
7.21
13.09
10.46
5.39
6.58
-7.46
0.18
8.75
3.69
9.5
4.46
4.58
3.49
5.72
12.47
10.24
-1.87
6.6
8.34
7.42
11.94
7.9
4.84
9.27
8.33
7.48
11.48
-0.54
6.99
7.99
10.76
12.63
3.68
7.61
12.17
11
2.37
12.14
13.11
14.1
8.44
13.65
5.03
9.37
6.72
11.2
3.64
2.99
-6.08
-1.83
9.77
12.31
13.53
12.94
13.32
4.46
6.14
1.49
-6.14
8.06
5.13
7.92
8.4
8.83
12.55
11.76
-1.31
13.64
10.17
1.38
9.86
12.42
13.75
9.35
16.92
17.65
15.57
9.85
1.84
10.65
13.51
14.5
10.55
2.59
1.99
8.6
8.12
8.93
13.64
15.17
8.35
-2.42
-7.56
4.82
9.65
12.18
11.56
10.56
8.31
9.2
11.32
10.14
4.14
11.51
12.56
11.71
11.23
14.71
14.63
12
15.22
16.41
10.43
0.73
5.42
-4.69
7.92
16.8
19.02
14.62
10.41
15.05
15.67
11.32
3.92
7.31
8.3
14.32
12.56
1.02
3.78
10.99
14.69
20.05
18.08
12.76
15
10.38
10.41
14.69
7.49
12.36
11.4
8.92
8.42
3.4
8.12
12.31
6.6
8.47
10.53
14.21
14.27
8.38
11.23
10.1
11.43
7.75
-2.5
0.27
7.29
9.63
14.91
15.98
14.79
12.88
13.49
14.43
17.13
14.95
11.07
4.43
14.49
15.03
14.11
13.63
10.49
3.36
0.73
9.78
13.25
14.89
11.78
6.82
11.12
9.64
2.82
12.2
16.05
14.05
12.39
14.69
17.13
18.39
13.98
7.92
12.16
15.02
16.35
13.09
11.8
15.5
16.62
17.8
12.81
7.14
4.43
13.48
10.72
10.59
13.95
18.07
15.87
8.92
4.71
7.06
8.87
9.48
6.97
3.73
0.22
-0.92
4.91
6.41
10.76
10.97
8.17
0.11
7.89
13.94
13.59
10.9
14.31
13.22
11.62
12.8
15.74
15.82
14.08
12.84
6.51
11.39
11.2
8.9
13.69
10.09
11.28
17.11
13.98
3.29
5.87
-13.31
10.18
15.8
10.21
6.77
8.9
11.47
14.27
12.18
15.91
20.63
17.79
11.32
6.83
-6.73
2.15
0.27
14.27
14.31
5.69
3.56
12.36
16.68
14.19
6.38
15.03
15.27
18.24
16.15
3.8
8.7
8.35
15.08
13.23
8.38
1.95
6.18
8.25
7.93
14.76
12.48
11.69
12.42
14.34
14.2
7.82
0.51
7.7
8.51
16.86
15.95
10.45
14.24
16.8
15.91
13.9
15.18
16.71
17.41
17.17
12.89
8.81
4.34
12.07
12.68
4.47
10.65
2.46
6.58
9.89
13.81
2.32
11.55
12.91
7.54
6.27
7.52
11.33
11.95
5.07
9.3
8.43
3.23
-0.21
10.98
14.74
16.18
14.46
11.31
12.36
6.72
6.47
4.17
4.4
13.36
11.44
9.59
14.28
13.76
13.43
10.09
5.6
4.1
15.08
17.44
10.05
-1.19
11.18
13.28
17.3
17.09
12.63
4.48
11.97
12.37
2.36
13.21
6.26
1.39
5.65
2
12.51
12.4
10.05
12.54
5.97
9.73
12.5
6.54
8.13
13.29
13.83
13.57
0.26
9.93
16.19
13.79
8.3
13.47
7.34
7.11
8.77
9.1
8.74
1.1
6.66
8.3
8.08
12.06
7.95
-5.72
8.21
12.32
6.73
-10.58
-3.18
15.15
8.41
7.36
13.23
15.86
17.45
16.12
6.96
13.25
11.89
18.89
19.41
10.55
7.02
13.5
18.22
17.5
10.03
15.39
15.29
4.92
7.17
10.8
8.61
9.87
16.67
13.46
8.57
14.34
12.47
14
12.64
12.57
11.77
9.58
10.04
11.09
11.38
14.94
15.84
12.8
10.84
14.93
13.25
2.99
10.05
7.58
17.22
15.65
1.85
14.28
13.05
10.18
4.03
1.97
4.72
15.46
21.04
17.47
11.78
16.44
8.43
15.72
16.55
7.24
16.74
17.12
13.8
14.56
13.57
4.46
14.95
17.37
17.05
14.8
14.83
7.59
9.79
9.28
8.32
7.05
10.72
12.04
7.69
3.61
-7.65
-0.15
5.58
10.03
12.63
14.34
16.69
18.11
14.92
11.58
7.72
8.17
13.15
17.43
10.6
-2.14
10.6
14.5
14.04
15.15
17.11
16.83
11.55
9.31
9
8.28
13.63
-15.22
17.37
19.68
16.2
11.24
18.35
17.37
7.51
10.55
15.3
17.11
17.97
15.53
7.56
17.23
16.03
11.39
13.88
18.54
16.62
11.93
15.68
12.37
11.46
14.53
11.05
13.17
16.25
17.25
10.55
12.28
15.64
10.67
9.24
15.12
17.64
17.96
15.2
15.92
13.94
8.51
13.41
11.06
10.45
16.65
14.29
18.45
20.04
14.15
15.34
19.39
16.71
8.88
8.62
4.97
8
9.29
7.79
14.48
17.34
15.08
11.78
9.1
12.92
16.03
16.03
15.05
10.69
6.83
16.17
15.82
12.25
15.76
15.68
10.24
12.28
14.91
12.2
8.13
8.6
13.97
15.51
12.49
9.98
2.77
10.05
8.65
18.71
15.67
13.99
16.22
15.92
14.83
13.42
4.21
11.38
-5.66
10.08
12.01
12.29
14.42
16.35
-1.55
13.92
16.08
15.29
9.32
12.14
18.33
14.62
5.36
10.3
12.3
9.46
9.78
7.24
12.68
14.24
10.73
2.4
11.86
9.4
11.58
16.23
15.05
12.37
11.68
11.74
14.26
17.1
15.75
9.94
11.48
12.05
5.27
-0.26
4.29
7.05
7.5
9.69
7.73
4.97
14.44
15.49
12.21
13.6
14.09
7.19
10.45
9.5
-9.86
4.01
7.61
5.19
-1.86
9.19
11.8
8.01
12.67
17.79
18.22
11.75
9.58
9.65
12.93
13.45
-1.27
6.71
8.08
16.49
17.33
15.73
14.08
14.6
5.44
12.4
12.5
15.44
12.68
10.32
5.01
14.17
14.76
9.15
1.75
0.49
7.56
17.3
16.31
6.03
9.52
10.62
13.42
10.64
14.62
17.64
17.74
13.91
5.06
2.87
-0.11
7.12
13.83
9.31
-2.65
0.58
9.14
8.27
13.84
18.89
13.33
14.32
18.3
14.48
6.46
11.46
16.15
14.8
10.55
7.71
9.71
13.89
15.03
8.65
-16.07
7.71
13.26
7.54
18.95
21.34
14.3
-2.17
5.13
8.58
-4.94
6.52
11.39
17.93
17.02
10.78
9.52
-1.28
6.77
8.67
16.83
18.01
18.33
16.16
8.66
5.7
3.32
6.09
10.38
3.79
1.69
7.42
8.67
5.99
7.91
4.61
4.99
4.15
9.51
14.57
15.87
16.2
14.28
8.28
