10.79
-7.94
4.93
5.11
10.18
12.48
10.76
2.56
-2.6
5.71
13.56
14.99
6.4
-4.75
0.1
3.56
9.35
7.59
-1.51
1.39
3.18
6.17
5.31
0.94
2.15
8.03
12.12
12.14
9.18
10.68
14.1
12.08
7.85
9.51
12.24
11.18
-2.2
10.73
11.25
5.55
5.03
10.78
15.31
13.87
12.64
10.46
4.46
4.53
6.77
10.02
12.82
10.74
4.46
-1.13
12.95
11.89
7.13
16.05
15.32
11.6
11.88
14.17
14.7
14.65
9.92
8.05
12.68
10.88
-0.74
4.22
8.33
6.61
-0.03
1.31
7.36
7.79
6.4
11.44
9.87
6.26
-0.5
0.62
4.48
6.5
12.05
14.35
13.13
4.36
3.6
5.52
9.14
9.59
-8.76
5.68
8.05
11.02
12.52
10.32
-1.99
4.95
11.33
13.23
10.45
3.09
1.07
-14.08
4.88
-3.96
13.07
14.33
11.77
12.82
13.71
10.85
7.88
10.6
11.08
0.34
4.33
11.41
12.87
7.82
8.95
12.56
4.71
12.47
16.88
16.73
13.31
8.87
12.78
11.62
5.78
7.53
1.13
12.41
14.87
14.65
15.7
16.23
16.19
16.64
15.06
12.57
5.38
2.24
9.16
7.77
6.66
15.46
11.31
5.64
6.59
12.38
15.2
15.47
13.9
11.28
-3.12
11.07
15.43
14.31
10.87
11.59
12.84
11.09
7.21
6.57
2.16
1.88
2.07
-12.48
6.36
12.79
13.67
8.77
1.38
-2.07
2.93
4.66
-10.04
10.02
12.1
7.47
9.96
13.13
14.69
15.94
17.51
13.61
4.31
-1.14
-3.48
1.97
5.79
11.26
10.18
8.2
6.64
17.97
13.01
5.12
0.42
4.62
6.33
9.44
8.02
10.42
11.39
6.71
1.65
9.65
14.69
11.51
10.03
12.16
9.67
14.39
16.11
11.83
3.56
0.58
4.93
7.33
4.19
1.03
10.2
12.81
13.28
8.97
-0.75
2.34
9.21
6.34
-0.93
9.86
11.32
10.81
10.09
7.76
9.44
8.56
-12.25
11.36
13.78
15.28
13.52
9.83
0.67
-1.08
1.26
12.02
10.01
9.5
13.25
11.62
1.91
9.83
12.66
12.76
12.79
14.19
14.93
16.39
17.66
13.49
-7.72
2.1
5.87
15.1
14.77
9.65
10.42
13.84
16.04
15.6
6.56
8.86
5.91
3.58
10.32
13.7
12.15
6.32
6.82
4.01
-9.42
1.99
9.95
13.42
14.16
15.06
12.82
6.56
9.42
6.12
0.07
5.47
8.91
14.24
12.96
7.83
2.67
1.87
4.73
1.87
-2.38
4.75
1.49
5.38
10.59
10.42
10.96
11.49
14.1
15.61
14.93
6.82
1.69
6.86
2.23
-7.23
6.69
9.98
-21.77
8.31
10.75
11.55
10.64
5.65
1.32
0.78
0
6.19
8.93
9.47
14.11
17.61
17
16.18
14.38
11.76
16.13
18.78
15.06
10.07
6.57
8.7
11.79
11.79
9.41
3.94
-3.29
-7.43
3.85
9.06
13.73
16.25
13.73
6.51
4.11
6.29
8.43
9.58
9.59
2.62
9.46
11.6
11.44
12.41
14.65
15.73
15.02
14.04
12.23
5.64
2.03
8.16
9.29
7.39
3.45
9.57
11.7
11.25
9.1
1.25
-0.83
6.58
-0.6
12.5
14.56
7.24
4.65
5.62
11.1
9.61
4.66
9.37
15.18
14.19
3.06
4.71
8.44
3.01
0.98
-2.95
3.44
7.33
5.85
-8.96
-4.88
8.14
7.39
2.23
4.67
-5.85
4
8.92
10.33
7.03
9.47
8.92
7.43
8.4
12.62
8.64
-0.31
4.75
8.44
-0.41
12.67
15.03
14.27
10.24
-1.25
2.92
5.33
12.31
10.33
-14.59
2.81
10.96
15.02
13.7
7.79
6.1
8.42
5.77
1.63
9.7
8.63
6.4
12.65
-1.31
6.23
5.18
10.1
7.05
8.14
16.71
16.85
11.05
7.32
3.6
10.17
11.86
6.43
6.48
-2.88
2.65
4.4
12.78
15.94
15.3
10.09
4.36
9.97
13.86
12.35
9.04
12.18
14.21
12.27
10.19
10.93
13.22
15.07
12.18
3.82
5.85
4.9
-4.89
4.93
13.41
12.95
10.37
15.71
15.11
3.54
6.2
8.03
9.95
10.21
14.94
15.97
8.96
10.23
6.9
5.29
11.97
18.39
18.15
10.98
-4.36
4.86
6.41
-11.41
6.4
8.08
11.33
14.42
12.71
10.67
14.28
14.62
14.62
14.93
13.76
5.14
2.82
6.05
0.75
8.31
11.97
11.46
11.42
6.4
2.23
9.84
9.27
9.3
7.42
7.78
13.5
11.77
9.27
10.94
10.63
11.92
8.48
-4
10.03
7.79
6.27
8.44
0.89
5.95
8.59
9.96
11.49
11.68
9.4
-2.01
7.25
4.03
3.17
10.49
13.4
3.17
9.92
10.32
6.94
5.05
10.43
7.63
4.59
-2.4
9.3
14.72
13.76
9.43
9.12
6.1
3
5.32
-1.9
-11.14
8.29
10.21
-3.56
9.22
14.43
17.66
16.86
11.14
7.13
11.55
6.06
17.52
20.65
19.3
20.46
18.79
12.05
10.29
5.17
1.38
6.23
12.56
9.69
15.22
13.08
11.57
9.14
5.85
5.29
-4.44
-0.53
9.55
11.12
7.72
8.19
9.35
3.56
4.15
2.15
-0.58
7.83
4.47
6.76
12.82
12.62
2.48
15.11
12.6
5.59
5.1
2.82
8.12
11.87
9.09
3.29
2.92
10.97
10.69
5.86
-3.61
5.75
12.34
15.54
14.63
13.31
13.9
12.36
11.92
12.21
14.2
12.74
4.11
-4.75
1.83
6.34
-0.23
5.77
10.69
8.85
0.01
-1.66
3.85
6.24
3.25
1.41
8.2
15.2
16.92
15.63
14.1
14.3
9.6
-0.03
8.87
7.98
7.76
10.43
9.04
6.52
11.91
4.47
11
18.02
17.63
13.24
11.32
13.3
12.91
13.69
16.63
13.8
8.34
9.64
11.93
10.65
8.14
17.94
18.86
13.95
12
13.8
9.36
4.43
-2.25
4.62
12.38
15.6
14.74
8.54
7.86
7.97
9.89
10.14
1.55
3.78
11.86
10.99
-2.96
-1.01
6.74
14.26
14.43
8.4
6.31
9.71
8.75
9.92
7.78
13.49
11.06
7.93
3.47
10.68
13.84
10.91
-15.69
10.08
11.52
4.76
1.65
1.43
12.78
11.41
-0.85
-5.49
-2.13
-11.04
-3.06
5.26
11.05
14.99
15.54
13.55
11.94
5.52
10.8
12.33
1.66
2.11
-1.41
6.96
8.07
9.89
10.57
7.84
-1.83
-2.07
0.29
1.68
14.08
12.74
4.28
10.03
13.41
13.06
13
10.44
5.78
-2.65
9.79
5.83
10.18
13.3
6.3
-5.24
1.01
10.4
10.09
0.31
-4.94
9.39
12.53
3.48
3.15
20.02
12.93
17.37
15.6
12.9
9.12
10.29
19.58
20.27
13.63
21.73
24.18
26.44
21.33
20.65
22.78
17.91
10.18
9.12
13.95
15.33
9.87
20.61
20.68
15.99
2.38
19.94
19.32
15.21
21.46
22.8
21.84
18.88
21.99
27.08
28.34
24.93
16.48
21.03
25.95
20.45
5.99
13.57
13.81
18.88
17.24
7.01
8.43
5.86
14.75
18.71
21.53
23.16
14.3
25.1
30.58
29.6
23.59
18.05
13.92
20.84
24.67
22.41
17.18
18.63
17.15
16.26
21.52
23.81
22.06
21.25
19.23
17.69
2.87
20.8
18.29
14.15
22
22.26
10.85
25.94
26.49
19.62
21.7
25.61
20.22
21.88
20.2
16.35
2.17
16.34
19.09
23.85
19.35
18.87
22.99
23.26
21.17
6.83
17.17
14.2
16.08
24.6
26.43
25.35
21.89
22.06
22.91
17.93
20.32
21.92
18.08
16.58
18.16
4.79
8.04
19.85
24.05
20.78
24.67
25.8
16.66
22.03
24.1
17.62
16.8
20.6
21.66
26.13
25.92
22.96
17.21
15.66
22.83
25.09
28.15
26.64
21.37
18.45
11.48
14.87
21.06
15.94
21.38
24.87
19.58
18.68
27.7
32.04
28.52
16.33
14.66
19.67
18.69
21.45
17.22
17.42
12.72
13.16
13.27
20.38
24.39
21.44
15.87
15.9
22.68
22.52
19.4
24.23
27.94
23.49
17.05
17.28
20.44
22.83
18.69
19.38
26.54
24.4
21.19
29.33
28.56
25.03
24.24
27.48
26.8
22.72
28.17
31.26
23.57
16.68
22.61
27.35
24.8
6.01
19.85
24.14
16.27
17.25
17.96
18.12
25.16
27.02
18.08
24.46
28.55
27.91
20.15
14.88
18.69
19.15
11.77
15.32
22.29
19.7
15.11
10.71
24.31
22.5
20.93
23.82
21.65
3.4
16.43
16.14
11.07
7.39
11.54
18.69
24.25
24.63
23.34
23.41
24.37
24.91
22.31
14.89
18.06
12.81
20.94
23.01
20.94
13.71
4.72
8.59
23
26.06
20.63
11.79
19.44
24.75
23.76
12.71
10.2
12.78
18.59
21.55
22.38
22.71
21.72
20.9
26.59
28.05
21.02
6.93
18.12
21.44
19.84
17.22
15.02
11.86
13.32
11.36
22.52
26.1
23.01
18.01
12.37
0.8
18.85
22.06
19.1
10.48
0.87
20.33
23.74
17.7
4.41
12.06
18.01
22.59
22.76
14.6
13.4
16.15
21.87
22.23
21.96
17.93
12.33
18.49
21.71
14.18
18.75
10.71
16.79
17.75
16.24
18.33
16.45
8.43
19.01
20.78
18.32
17.89
21.06
19.68
16.76
13.49
12.42
13.9
20.67
18.11
0.52
13.4
14.87
12.88
8.93
13.97
17.91
13.24
15.66
17.12
16.55
18.31
17.48
14.25
11.06
11.14
12.5
12.39
13.48
18.47
19.88
11.48
16.3
18.2
21.29
16.39
9.52
19
18.84
17.26
22.71
22.46
16.48
4.86
16.74
17.57
18.36
14.36
8.18
16.22
14.91
9.38
8.74
6.74
-11.98
6.31
8.82
12.15
13.38
10.34
6.76
-0.89
5.9
9.22
6.04
14.08
9.63
-3.25
4.93
13.29
20.7
19.59
9.86
3.88
4.65
-16.58
-0.19
10.05
8.44
5.57
13.23
18.16
18.45
10.72
-6.4
5.42
15.56
10.13
17.77
13.7
5.64
17.27
20.91
20.65
18.27
18.91
15.3
21.57
24.2
17.98
2.61
14.33
19.67
21.37
19.56
18.27
11.82
24.65
26.85
24.3
6.71
21.19
23.99
24.69
22.58
21.46
27.67
25.67
18.8
19.55
24.59
24.19
20.37
9.25
21.42
25.39
25.85
23.21
20.37
22.98
19.95
19.23
21
22.63
23.48
23.16
23.66
21.67
22.16
21.49
20.13
19.97
23.16
18.48
9.91
18.55
20.6
8.52
25.74
28.85
24.77
16.46
22.94
27.05
26.78
25.67
26.86
27.11
22.7
15.2
21.93
25.94
25.53
20.75
17.22
17.72
22.68
24.52
25.52
28.03
26.49
21.82
16.55
19.1
15.54
23.8
28.32
28.32
25.65
25.26
19.89
28.37
29.38
24.86
21.94
22.64
19.09
22.36
27.13
30.43
32.11
31.57
29.06
26.18
22.34
21.19
25.13
24.03
24.96
28.62
28
24.04
18.18
17.71
25.54
28.09
26.69
19.2
17.82
15
15.86
21.22
23.5
25.67
25.63
18.25
21.49
26.8
26.66
23.04
22.95
16.86
13.08
22.78
22.63
19.88
22.67
23.53
24.67
25.83
26.43
27.33
26.62
21.98
17.19
14.34
1.22
16.44
23.45
26.46
27.08
26.62
24.78
21.76
21.84
23.1
22.7
9.71
20.98
23.71
22.31
14.6
19.56
24.27
25.63
25.72
22.72
15.36
11.88
4.26
20.54
23.18
21.27
20.34
19.2
19.18
15.48
24.27
27.17
28.32
30.13
28.91
23.39
20.24
21.5
23.76
23.25
23.15
22.56
25.28
29.78
31.86
32.79
31.66
24.31
16.33
26.09
28.35
25.46
21.27
22.14
26.32
26.59
22.95
17.56
23.04
25.71
23.07
18.73
18.3
19.88
19.17
14.23
20.87
26.67
30.18
30.37
27.03
23.08
24.88
27.23
27.67
23.52
17.46
21.65
19.46
22.41
21.79
24.27
27.72
26.91
25.03
19.59
22.62
22.75
19.04
11.37
18.85
24.22
24.39
24.15
17.34
26.02
28.64
27.51
26.22
26.6
25.4
22.72
23.5
20.49
7.56
18.87
23.21
21.59
23.54
25.7
25.32
26.44
27.98
28.37
23.67
6.33
19.7
26.33
29.03
25.64
22.67
24.93
25.84
22.95
13.25
12.02
15.72
19.68
23.5
23.45
20.08
20.8
21.57
15.9
18.56
21.35
14.34
13.08
14.85
19.81
23.26
23.92
24.23
25.12
21.95
1.19
18.91
23.77
24.79
21
10.48
11.06
10.29
10
9.36
14.16
7.2
6.5
6.64
16.26
18.06
17.79
10.98
-1.62
9.36
18.7
21.57
22.95
25.67
25.02
21.3
19.22
8.11
19.55
19.39
13.54
18.5
19.73
23.7
25.61
22.84
20.46
18.65
19.26
20.91
20.22
9.99
20.86
21.79
8.05
14.62
15.91
17.62
19.83
14.49
11.06
13.57
18.01
20.92
18.08
8.02
12.2
14.58
10.6
10.98
15.19
12.71
14.92
18.35
20
21.33
21.5
23.82
22.6
5.07
22.36
22.14
16.77
14.91
15.61
17.02
15.54
14.44
11.31
8.91
16.87
17.54
17.6
18.21
17.94
8.8
16.94
18.88
20.08
23.81
24.29
22.63
17.89
21.83
23.58
17.44
8.93
6.19
12.41
11.81
17.31
12.9
17.71
23.26
19.73
21.03
18.95
14.8
-4.4
13.54
17.47
18.26
14.5
22
21.06
14.67
14.82
16.82
19.25
22.84
17.07
12.16
14.94
14.47
14.26
23.57
27.98
27.04
24.94
27.87
27.81
13.68
23.62
23
17.25
18.27
16.32
17.49
18.65
19.8
20.96
14.31
20.6
25.74
21.53
18.25
21.16
13.27
16.01
22.89
26.84
21.99
15.22
19.01
21.68
18.7
12.12
24.87
24.64
20.79
16.83
16.03
3.97
21.67
24.75
21.68
11.21
11.14
21.11
25.4
21.59
22.3
23.76
13.78
18.3
23.24
24.44
20.88
20.36
21.34
8.56
21.56
21.21
19.76
24.16
23.99
16.29
22.48
23.98
22.03
21.39
20.44
5.23
18.31
21.98
21.42
17.06
13.75
14.82
15.48
15.91
18.36
23.65
23.62
19.21
19.72
11.01
19.09
6.26
13.23
12.63
16.06
6.72
19.59
24.93
23.92
17.79
10.31
16.87
22.78
24.61
21.03
18.16
19.91
16.78
18.03
17.71
21.73
25.08
24.15
24.34
20.75
12.28
22.79
25.53
24.07
26
30.84
31.67
28.88
26.04
24.43
22.25
16.95
20.01
22.43
15.54
24.46
29.41
24.72
17.01
21.33
25.91
19.82
20.37
23.45
20.32
27.41
33.03
30.95
26.6
27.75
30.16
31.35
28.59
18.95
20.51
18.69
14.63
20.33
20.11
13.03
18.68
19.63
18.37
16.13
19.08
19.88
20.54
26.11
25.47
16.58
31.89
41.44
41.48
31.28
10.52
20.62
23.21
24.34
23.03
19.6
18.69
17.74
12.79
18.03
13.78
22.53
17.07
21.61
26.3
21.27
18.21
18.47
16.49
15.1
20.26
22.52
21.74
20.25
31.24
44.29
46.31
39.39
19.71
23.17
29.36
26.37
22.14
23.39
18.68
9.61
20.47
20.84
13.96
7.56
17.45
25
24.11
19.6
14.14
20.89
22.36
20.57
29.94
27.09
13.94
8.4
9.6
16.39
17.15
12.66
25.97
29.65
26.92
22.67
7.66
18.39
18.41
19.34
25.8
25.57
20.74
18.34
26.16
29.08
25.72
14.21
14.15
18.66
19.16
19.38
26
36.09
40.62
37.25
24.11
21.23
24.48
22.81
27.43
31.26
31.31
29.87
31.52
34.7
29.9
23.04
28.03
19.6
21.05
-7.75
18.96
18.44
8.67
22.22
24.32
22.04
25.65
25.82
22.09
22.45
23.93
36.73
42.94
39.59
23.7
20.05
19.71
25.18
21.47
10.38
12.84
23.38
24.51
17.52
17.64
19.03
22.27
22.82
28.31
20.77
22.62
24.1
23.54
18.67
16.95
17.96
19.34
12.06
17.75
20.16
15.14
15.95
24.24
26.13
24.2
19.62
15.22
21.17
27.91
28.75
24.93
11.61
9.54
10.12
14.86
22.92
16.56
19.2
24.73
24.07
14.12
21.5
27.54
39.79
44.55
41.32
27.53
17.59
17.33
17.79
5.12
23.56
23.77
11.61
26.98
25.34
21.76
23.86
13.23
8.14
17.96
22.28
17.4
14.42
12.83
5.68
20.28
21.86
13.95
15.55
11.98
14.84
18.69
15.58
19.34
15.8
1.92
17.26
24.89
21.7
13.34
12.46
23.95
25.2
18.74
13.55
16.81
25.9
29.84
25.16
8.27
23.27
26.02
22.35
20.62
25.6
24.81
11.3
3.49
16.47
24.2
26.66
26.28
18.07
15.34
16.97
23.45
20.52
17
20.84
19.73
12.07
13.53
21.2
13.87
33.82
37.73
30.49
18.53
20.55
26.74
27.31
22.82
15.59
23.99
33.62
33.48
23.89
22.72
20.88
24.25
26.79
29.78
35.57
33.49
28.65
25.46
25.76
27.47
27.09
28.68
30.64
30.34
21.78
20.88
25.18
31.63
27.02
24.62
29.14
26.29
25.79
28.5
24.17
22.55
31.18
32.05
28.56
29.05
29.96
28.15
24.31
22.17
22.77
30.48
31.25
30.08
31.46
31.38
28.78
25.91
21.53
10.22
23.39
30.63
31.91
29.43
23.85
14.55
22.48
16.34
25.26
22.46
28.14
32.81
30.74
33.32
31.22
28.64
29.75
28.8
29.88
37.71
47.3
48.99
41.61
20.98
21.5
23.21
19.01
20.63
18.3
32.2
44.73
47.96
42.85
28.35
16.09
22.96
24.27
24.99
22.21
23.97
14.96
26.94
13.6
30.56
34.56
32.34
25.87
27.9
29.04
23.63
17.32
20.18
21.47
23.81
25.07
21.2
10.45
23.52
25.79
27.26
32.32
33.34
28.61
23.93
18.4
13.18
18.4
20.14
13.37
26.55
29.13
25.56
27.46
29.36
19.11
26.21
22.08
5.94
26.57
29.63
28.41
22.33
1.9
18.6
26.67
26.03
22.44
19.61
18.48
23.5
24.56
27.57
26.32
22.34
14.22
22.3
23.05
26.2
26.23
23.51
22.35
18.73
23.89
17.4
28.91
26.9
23.87
25.12
23.88
23.26
24.53
26.28
23.7
20.5
22.43
23.67
15.22
25.81
28.12
22.66
16.55
15.24
23.8
25.14
23.44
23.42
24.61
20.29
25.97
28.17
26.85
18.7
18.93
23.67
23.06
17.76
27.99
30.83
28.01
15.38
22.63
19.3
28.55
26.29
12.6
25.43
28.67
25.55
24.51
23.92
24.05
25.18
26.96
24.62
16.8
21.93
20.58
22.98
22.14
17.38
19.78
25.71
20.27
16.4
21.5
30
27.64
25.07
25.55
7.91
26.11
24.5
23.82
27.28
29.6
31.82
29.16
24.35
17.7
24.03
23.17
23.93
26.4
22.86
19.74
25.57
22.24
4.93
14.83
8.44
22.05
22.92
23.34
28.06
28.56
21.59
18.07
24.25
16.76
22.57
24.16
20.78
3.14
12.43
18.09
20.36
11.91
17.44
23.83
15.22
21.14
-2.61
18.67
18.88
20.97
24.37
22.98
16.46
21.89
22.41
24.89
23.81
19.28
13.87
15.61
16.78
22.46
22.68
20.96
15.97
23.82
27.09
25.2
18.87
20.83
23.71
25.52
25.46
21.6
18.14
19.21
12.87
20.4
20
21.86
23.06
22.18
17.77
13.4
21.56
21.69
24.31
25.17
22.47
22.24
24.14
24.18
10.67
22.44
19.68
17.39
16.08
17.27
18.37
20.37
10.54
18.33
20.52
17.8
20.36
17.85
11.87
21.53
22.24
22.41
20.02
18.38
6.09
15.3
18.2
22.23
18.66
18.39
19.2
6.51
19.86
20.87
19.74
16.73
11.29
12.05
20.57
21.01
20.23
21.3
18.22
6.78
9.7
20.02
24.71
23.76
20.74
17.22
-3.8
15.76
20.28
20.38
23.49
24.06
17.72
3.65
5.99
13.09
20.57
19.94
17.94
9.58
19.89
20.5
19.79
23.21
22.21
18.76
18.56
20.12
18.4
21.35
17.52
16.69
22.4
29.45
23.3
18.06
18.37
23.06
23.91
20.93
19.88
12.78
19.22
20.88
23.2
26.41
27.32
21.51
6.03
16.23
11.25
17.05
21.69
22.57
22.8
17.97
20.68
22.27
22.47
20.28
17.14
24.31
24.74
24.56
21.33
21.49
10.63
22.6
23.86
16.5
11.95
21.78
25.74
24.29
22.09
19.31
6.86
4.78
20.13
20.83
15.15
22.08
21.24
15.16
20.71
23.46
24.46
15.27
15.4
11.26
19.88
15.3
19.47
25.47
27.36
28.64
24.47
13.56
20.22
24.98
21.13
19.84
18.48
13.28
20.62
17.89
21.12
13.75
20.63
21.07
23.58
33.88
37.82
34.2
21.07
17.09
21.68
16.51
24.08
20.16
17.67
16.55
12.7
26.16
29.4
25.97
24.47
21.35
21.41
21.51
16.79
21.82
22.8
20.27
10.94
18.47
15.46
18.26
11.57
20.33
-2.94
19.8
22.21
18.4
12.83
12.92
17.19
27.28
27.41
23.46
22.5
25.76
27.28
25.63
22.46
27.5
29.95
25.6
20.86
21.09
14.19
23.84
22.98
14.02
12.97
16.84
22.63
25.35
26.66
26.58
23.34
16.85
16.77
17.06
22.51
27.54
23.13
19.56
18.3
22.15
25.59
22.58
19.37
22.7
22.36
4.86
21.54
19.86
2.09
17.87
17.87
9.05
13.46
25.2
24.29
18.99
16.47
20.19
23.14
21.16
15.87
19.48
7.7
18.3
25.08
26.54
19.7
19.09
21.18
24.56
24.37
15.57
13.79
12.74
11.98
8.43
19.49
22.07
21.21
3.91
23.96
23.54
16.14
8.98
19.58
26.7
28.71
25.34
15.9
9.4
22.24
22.93
14.07
17.9
20.54
16.57
20.6
26.16
25.27
15.47
21.69
20.15
8.53
18.94
19.73
16.79
14.96
16.51
16.66
17.6
20.12
16.29
11.3
21.34
19.89
23.07
26.9
25.08
22.31
21.72
19.12
18.65
17.18
14.52
22.17
25.96
24.94
23.54
24.15
20.14
19.72
25.22
23.61
12.84
13.66
10.86
16.09
19.82
18.69
14.73
19.12
22.4
21.07
20.85
21.45
21.49
22.31
21.94
20.71
19.39
22.21
25.03
24.39
16.49
10.75
17.66
18.71
19.82
22.99
25.19
18.66
4.01
15.74
16.62
21.21
18.87
19.74
19.7
22
24.54
23.17
22.52
21.35
18.9
18.16
-0.05
19.6
22.91
16.51
0.5
4.7
9.94
15.58
19.72
20.3
18.81
13.48
18.79
15.3
16.03
19.65
7.69
16.75
19.74
20.28
11.76
19.63
20.16
13.26
21.21
20.46
19.94
16.36
18.45
23.54
22.15
19.3
19.73
21.23
21.59
22.66
21.06
20.24
18.05
20.42
27.43
29.92
26.38
18.41
13.79
21.37
23.66
21.1
18.39
19.58
19.81
19.48
17.67
16.55
17.24
8.54
8.76
16.35
17.14
16.25
17.05
15.03
7.73
22.41
26.67
20.04
8.63
16.61
20.88
22.34
22.07
18
19.97
22.41
14.2
12.83
17.86
13.17
11.72
22.66
24.88
25.9
25.76
27.23
24.51
15.71
18.48
21.96
20.42
19.59
8.12
20.55
23.32
18.03
17.35
20.53
14.66
7.79
16.49
15.52
19.28
14.94
17.81
10.8
17.36
21.35
20.97
16.43
9.49
16.3
18.27
15.18
21.1
16.25
2.77
9.56
10.83
18.49
13.78
12.73
21.17
21.19
20.69
22.31
23.94
22.85
15.76
9.19
15.33
13.31
21.21
24.32
25.53
24.05
22.43
18.23
13.23
17.14
24.08
25.17
21.8
21.47
24.52
23.08
11.3
23.25
23.38
21.01
16.08
9.46
21.26
24.95
19.55
19.2
23.37
20.36
13.87
16.83
16.08
21.61
18.9
17.95
19.97
25.28
26.34
20.16
22.74
22.35
18.87
16.7
19.88
23.49
24.4
22.43
17.75
12.82
8.86
17.01
20.94
26.74
26.99
23.32
19.99
23.06
22.52
18.92
18.46
14.26
25.14
24.52
19.66
20.65
13.23
20.96
21.34
20.31
8.99
19.02
6.21
20.15
17.64
22.86
28.82
24.84
18.33
19.86
14.47
17.99
17.05
23.33
16.17
14.87
18.25
27.75
27.05
18.41
21.75
25.75
23.78
18.08
23.69
25.94
20.69
3.65
14.4
14.1
20.64
25.69
25.42
26.31
28.41
24.96
16.75
22.79
22.27
19.89
23.78
24.36
20.74
18.77
20.36
17.48
23.17
23.12
6.27
24.24
25.58
23.53
23.62
22.63
22.4
21.18
11.9
11.98
11.62
9.85
23.53
26.24
19.55
1.37
19.19
20.03
25.11
35.54
38.34
34.27
22.82
15.02
19.79
18.86
14.87
11.77
21.85
22.32
22.77
25.37
24.02
19.3
20.06
21.2
19.67
18.5
21.03
20.56
12.29
22.08
21.94
17.98
15.15
6.99
13.25
15.28
7.97
12.44
15.47
16.28
25.54
26.7
17.5
15.05
8.15
11.88
12.76
17.24
24.64
25.58
16.88
9.93
13.32
16.82
22.3
24.73
23.41
23.41
17.2
18.79
19.05
2.08
6.89
10.44
16.43
21.21
21.63
15.52
19.96
26.46
24.73
16.57
17.81
21.67
19.53
9.19
20.93
23.75
19.91
21.38
21.05
19.43
16.66
20.52
22.92
20.95
19.83
16.35
11.44
19.04
22.54
24.47
24.04
19.8
18.15
19.55
15.82
-2.44
16.77
24.68
24.38
18.14
21.74
26.28
17.26
13.3
13.29
21.13
15.74
14.16
13.66
-1.09
15.87
24.24
23.1
17.97
12.17
17.45
18.05
12.84
17.25
8.6
16.17
16.85
17.59
10.74
19.25
4.48
18.46
20.46
19.63
21.68
18.91
14.95
14.18
13.08
5.91
12.88
14.12
19.66
23.49
23.14
17.51
9.18
11.12
10.72
5.01
10.17
22.95
26.13
23.48
21.44
26.48
27.65
21.8
10.13
12.96
18.61
18.52
12.85
13.82
14.64
13
18.19
11.44
17.56
15.42
8.24
8.11
18.92
23.52
20.53
15.85
19.6
19.57
12.89
15.27
3.42
21.28
25.43
21.38
12.65
15.54
17.91
18.75
13.81
15.28
16.72
18.16
20.57
16.03
14.05
24.21
25.59
23.39
22.89
23.03
24.01
23.58
20.5
8.58
11.89
2.94
8.43
20.21
25.39
19.5
15.34
21.51
18.12
16.43
19.12
17.36
20.23
16.63
2.58
15.53
17.41
19.27
20.63
19.72
16.08
0.58
16.74
17.01
1.92
16.56
12.42
15.02
14.65
5.24
15.84
11.76
5.69
17.67
20.27
12.89
1.65
9.77
18.89
17.96
22.41
22.79
20.15
17.3
8.32
18.3
16.54
11.58
16.77
12.26
14.95
21.43
20.16
10.98
17.39
18.14
21.28
13.01
15.88
12.82
17.32
11.91
-2.16
15.24
17.43
13.63
6.88
15.4
14.42
11.35
14.49
14.86
7.52
13.05
15.82
13.35
7.66
19.69
22.51
21.64
20.23
21.18
19.54
14.86
4.07
10.98
10.75
8.44
20.2
21.81
15.93
1.23
6.6
9.06
16.62
18.35
12.44
15.66
22.24
20.9
15.6
14.52
18.21
18.42
18.14
14.16
19.9
16.09
16.52
19.36
16.69
17.1
19.33
18.68
18.59
16.51
9.48
8.12
9.15
5.17
13.46
13.6
12.34
-3.66
11.42
11.35
15.1
14.8
13.24
15.72
14.56
17.53
23.4
22.46
14.67
5.58
15.7
17.99
13.02
23.21
20.15
19.67
18.15
2.25
4.21
13.64
16.68
10.8
6.82
14.24
15.81
14.83
13.78
11.77
11.11
16.73
18.97
19.95
17.28
4.05
4
8.34
8.47
14.42
17.26
11.28
14.76
15.5
16.05
17.4
16.2
15.89
9.33
17.52
16.44
1.76
2.18
-4.9
10.62
15.3
10.07
16.12
22.3
22.01
18.92
12.84
5.53
12.03
16.36
19.47
21.59
18.2
9.87
15.08
13.93
1.04
12.75
14.8
16.86
16.68
10.63
13.37
17.63
4.29
8.06
13.32
10.62
9.24
-5.19
15.66
18.74
16.11
11.9
11.01
15.84
14.75
1.11
10.65
5.22
-15.16
9.77
14.11
15.04
15.87
13.63
5.36
4.75
10.66
11.34
0.95
13.57
19.1
18.28
8.84
12.85
7.36
16.07
18.4
16.98
15.57
13.57
7.35
11.15
15.59
12.98
6.07
16.74
21.99
20.81
19.2
16.44
9.09
11.95
12.09
17.26
18.05
16.33
15.41
14.51
14.48
19.93
17.51
14.35
11.02
19.51
20.7
17.62
0.76
10.77
8.49
11.51
15.9
8.65
9.93
12.13
5.54
14.21
19.46
20.35
17.6
12.9
11.92
14.61
15.48
14.88
16.37
14.15
-0.12
16.01
17.37
18.04
19.62
19.89
12.36
11.64
14.92
20.81
22.28
19.71
11.48
7.7
14.99
19.7
17.56
6.45
16.56
17.39
7.18
14.91
17.65
15.56
16.48
18.93
17.47
16.06
18.59
18.37
3.74
14.8
6.99
12.67
17.88
16.5
3.67
11.97
14.56
16.65
19.54
15.97
15.09
20.54
19.11
20.58
22.18
22.56
19.11
15.75
17.29
21.29
20.73
18.28
21.51
16.68
14.98
19.71
18.09
12.82
14.06
22.2
21.33
9.03
13.75
21
17.72
11.49
18.91
16.58
12.2
14.78
15.58
12.65
18.36
13.81
16.91
18.13
18.24
15.98
17.73
17.26
13.46
6.8
12.57
12.06
15.9
19.74
15.18
10.43
9.18
17.05
16.26
12.42
12.31
11.64
15.2
13.86
8.51
19.25
20.73
17.49
12.18
14.21
14.04
2.53
9.71
18.46
20.67
16.33
10.15
14.73
9.19
14.17
12.48
13.62
11.89
16.22
18.59
13.26
10.4
1.15
9.57
12.55
10.5
9.34
8.13
9.62
13.38
13.16
13.61
12.02
13.08
12.34
5.66
16.58
18.63
17.55
13.33
12.05
12.28
11.97
18.52
21.12
20.64
14.82
8.97
16.91
16.84
12.99
-2.56
10.97
3.51
4.33
9.94
11.49
14.7
13.52
0.66
17.15
14.99
-2.83
8.23
11.77
13.58
16.34
14.3
-1.46
6.17
4
9.98
2.09
13.98
8.54
17.47
-6.96
11.47
15.44
19.08
20.54
18.6
5.22
11.13
13.45
17.37
14.57
12.11
17.51
15.23
18.16
17.74
17.63
15.74
12.62
18.28
21.66
17.65
13.88
5.56
16.46
20.09
19.47
17.71
12.34
-8.33
2.01
12.77
19.56
19.97
18.07
11.59
18.43
17.81
11.64
9.31
7.99
12.74
10.55
18.86
15.48
1.42
15.3
18.59
20.09
20.49
16.19
8.53
11.99
17.06
20.33
17.83
11.11
9.54
8.94
4.62
-2.33
13.04
22.23
22.73
20.73
20.14
18.83
16.9
16.32
11.53
5.21
11.87
11.49
14.38
17.47
17.68
19.36
14.96
8.57
17.69
17.5
-13.1
16.72
16.66
19.75
11.69
18
18.02
14.49
18.37
18.76
11
1.45
8.93
8.4
12.01
14.31
12.94
21.55
20.41
19.92
18.69
16.88
10.58
13.92
15.6
19.08
19.79
20.55
17.62
5.21
13.5
17.87
16.46
15.81
7.74
16.66
20.31
20.75
15.71
2.01
12.71
14.5
19.63
21.81
17.18
12.59
18.94
17.89
10.06
19.46
21.45
19.15
18.95
23.65
24.94
18.37
8.84
12.62
13.28
12.54
14.54
11.99
8.39
12.27
10.54
15.67
20.44
12.52
18.76
20.89
20.66
18.66
13.85
15.61
21.94
23.93
19.74
10.71
12.16
10.29
14.53
11.85
14.41
10.21
14.48
18.88
19.85
19.43
19.73
20.46
15.6
13.17
17.34
16.12
16.04
16.78
18.75
16.94
4.61
5.91
16.28
17.48
8.31
1.17
7.36
10.85
11.22
13.61
17.54
13.37
14.87
23.08
24.47
25.08
23.29
18.44
10.18
-3.69
13.58
13.79
14.05
16.11
-1.8
14.92
17.64
20.32
12.79
8.99
5.19
17.92
20.99
18.19
5.05
17.54
19.46
17.42
21.9
22.88
19.36
17.12
18.37
16.28
16.47
18.86
22.95
16.92
10.29
10.56
1.14
12.71
12.19
3.43
13.35
14.99
14.64
17.51
18.16
17.75
10.85
18.74
22.23
17.57
17.96
15.57
12.6
10.89
19.7
17.24
15.93
12.87
22.02
22.65
18.85
14
14.55
9.2
11.04
12.99
13.51
10.19
19.78
17.4
12.05
15.17
14.96
3.03
14.01
16.78
11.47
3.29
10.34
4.18
11.56
15.77
16.25
16.61
16.37
21.15
22.68
20.87
17.74
13.53
5.27
0.69
2.41
13.22
9.66
10.38
8.27
6.8
-2.05
1.39
4.48
1.41
10.15
12.55
7.99
16.57
13.86
8.3
15.03
14.9
9.18
9.98
17.91
21.14
19.04
16.19
12.51
2.85
11.93
17.09
17.05
10.29
13.42
14.04
7.49
10.33
11.9
4.62
10.34
12.89
14.35
19.44
18.97
15.42
12.11
9.89
13.75
6.51
17.91
19.3
18.31
15.86
5.92
12.93
10.94
-0.14
16.86
20.19
17.58
17.93
15.65
2.65
6.78
17.04
19
18.51
18.76
17.21
19.03
18.45
2.58
15.96
20.16
20.47
14.86
4.43
10.19
15.24
16.75
14.42
11.24
14.18
14.41
5.77
19.23
19.95
17.97
15.03
12.98
15.38
13.56
4.68
11.81
13.3
-1.29
9.07
12.29
17.66
16.66
13.15
13.72
10.62
5.87
13.48
6.6
3.89
4.31
6.63
3.5
4.05
13.52
10
0.57
7.78
9.67
4.4
13.08
10.96
10.01
10.51
13.16
14.08
14.38
10.8
-3.2
8.16
11.29
14.24
-3.91
4.32
5.58
13.78
17.25
19.07
20.11
16.87
16.73
14.09
16.83
15.45
16.5
12.73
12.25
15.21
14.73
13.56
17.92
16.06
1.86
15.85
17.06
18.18
17.26
12.79
9.49
12.08
8.02
14.62
19.29
19.09
16.79
14.11
15.65
19.83
20.88
15.97
14.45
16.63
16.89
17.8
10.44
10.72
15.73
13.72
12.79
15.39
15.56
13.94
-5.74
13.51
8.4
12.21
14.7
18.11
21
17.58
10.34
6.86
0.99
3.12
17.36
22.08
19.91
16.04
20.85
18.01
16.19
16.21
9.26
14.24
12.53
5.91
13.37
15.59
20.03
19.81
18.72
17.62
13.28
12.28
10.41
14.59
12.7
-3.66
10.39
9.97
7.81
6.76
10.36
17.03
13.26
12.68
16.71
14.2
5.39
16.82
17.17
4.34
12.52
15.92
8.76
13.39
16.86
16.24
14
15.18
18.41
20.51
19.76
13.79
6.59
11.1
12.81
11.5
2.69
10.02
20.33
18.59
12.91
20.01
15.15
7.1
-10.07
10.02
10.5
5.14
15.56
11.99
-2.27
10.04
-4.37
6.31
4.52
15.52
12.84
6.07
9.68
15.56
17.53
15.57
15.98
14.05
-1.91
14.12
14.72
1.56
2.42
-1.46
8.6
15.16
13.82
-7.17
15.47
15.1
13.91
15.08
12.17
3.46
9.62
20.37
22.15
15.31
13.53
14.37
0.83
12.51
5.78
7.19
12.49
13.19
10.07
4.78
14.74
10.26
18.54
18.43
18.15
14.59
7.71
6.09
8.6
14.99
15.53
14.38
12.03
12.34
16.09
14.26
10.92
17.63
13.56
8.67
13.28
18.72
19.18
12.1
7.43
13.64
16.75
11.67
10.98
14.92
15.8
13.37
9.89
2.39
9.68
8.2
11.14
16.02
18.61
16.37
13.71
15.14
10.23
7.43
10.47
10.43
6.26
7.08
7.19
16.74
16.4
6.64
12.94
11.19
9.92
8.4
6.98
9.33
15.51
14.89
14.53
14.16
10.97
4.81
14.76
1.89
15.77
15.39
12.12
13.9
12.68
12.38
-0.6
8.65
15.67
14.14
5.2
9.88
15.87
16.3
3.11
16.94
16
11.08
10.4
-0.03
13.46
9.76
13.04
14.84
10.9
8.98
2.17
4.24
10.62
13.5
17.59
21.26
21.95
17.69
9.9
12.77
14.39
13.3
14.46
7.62
15.17
16.87
15.41
13.35
7.01
2.09
11.81
15.52
16.8
17.19
17.33
16.47
9.61
14.23
14.96
3.5
14.06
18.09
19.13
16.79
10.11
7.79
9.87
10.38
6.08
4.44
-12
9.98
16.46
19.05
18.1
15.15
12.36
9.71
4.94
8.04
10.47
-0.85
0.33
5.95
14.97
16.06
12.63
16.49
19.89
20.92
19.93
14.54
12.96
18.93
18.91
15.63
12.96
12.25
14.58
13.38
3.27
6.23
3.05
5.57
4.92
9.1
6.07
18.73
18.6
-1.64
2.46
7.06
0.16
13.36
13.75
2.04
10.79
10.39
9.94
18.32
19.35
19.75
19.67
13.69
9.5
18.16
14.52
8.15
12.89
0.21
7.88
5.3
1.14
11.62
11.19
9.26
1.95
-2.55
-5.63
7.15
11.15
11.24
14.75
10.66
5.2
11.52
17.02
17.71
16.61
18.61
16.65
9.37
9.89
6.32
-6.28
11.73
11.48
15.17
18.97
17.95
20.05
20.9
15.61
16.25
16.33
11.32
9.22
9.89
5.67
6.6
-1.21
9.38
15
17.7
16.39
16.48
15.37
14.34
12.1
15.54
17.67
9.38
9.17
14.87
16.57
19.01
18.24
11.95
15.15
13.61
9.83
-1.07
3.15
8.25
7.44
-4.42
9.96
10.8
18.26
18.81
19.7
18.96
13.02
12.89
17.33
18.35
15.34
11.55
11.38
7.97
10.34
16.27
19.84
20.78
18.09
8.61
10.01
16.79
17.05
10.55
17.06
14.66
7.73
16.94
18.46
15.21
16.63
20.55
19.49
9.71
6.27
5.28
-1.22
1.73
2.53
5.44
12.82
10.86
1.02
-0.07
6.65
7.1
10.87
16.89
15.74
6.04
3.25
-0.78
4.02
0.94
9.88
12.9
11.58
1.83
9.78
13.29
10.5
5.59
11.14
9.64
0.79
9.68
15.89
18.09
14.88
12.27
14.06
16.6
17.01
16.81
16.88
12.18
7.37
18.3
19.29
16.22
19.58
20.83
15.22
9.62
-2.04
14.01
9.99
11.05
10.59
10.02
15.42
14.81
13.08
15.12
16.88
12.13
16.57
16.78
7.56
8.68
13.14
14.95
15.91
8.39
-4.03
13.51
18.68
17.93
17.62
14.68
0.67
12.7
12.91
15.27
18.22
17.33
17.49
17.16
16.62
16.84
16.98
17.28
17.37
11
8.58
2.43
12.48
4.01
13.54
13.24
0.62
16.9
17.88
11.78
12.2
16.42
18.57
16.99
11.38
11.39
9.44
7.58
12.77
15.72
14.42
-0.92
12.66
11.16
5.5
11.24
-5.19
12.11
6.61
19.5
21.03
20.28
20.72
20.8
14.78
6.5
10.58
13.66
16.98
17.43
14.46
13.2
13.92
14.03
5.19
14.7
11.47
12.25
13.16
12.87
11.99
3.06
13.09
14.23
-11.56
4.35
9.24
9.8
-2.12
9.65
14.17
5.88
8.56
11.22
12.35
14.38
15.84
13.04
5.52
14.88
18.18
20.26
19.02
15.03
8.6
6.03
10.5
2.34
15.9
20.75
17.34
9.3
11.51
15.38
16.18
10.28
10.34
13.24
12.68
14.64
11.69
2.86
5.3
2.05
4.96
1.08
5.43
-6.43
6.3
10.15
8.06
13.21
1.07
3.8
9.88
11.32
13.42
13.32
20.46
18.01
1.55
8.11
10.24
9.84
6.58
6.52
6.21
13.65
16.57
18.56
16.33
11.51
16.35
20.78
18.13
10.35
11.95
15.18
16.17
17.31
12.36
-8.26
-0.69
12.26
15.57
10.42
14.28
19.29
17.91
14.03
15.91
19.57
15.91
17.03
18.67
15.49
14.36
15.27
10.38
2.09
-0.04
13.47
16.49
14.69
17.51
19.54
15.88
12.01
16.26
19.14
15.61
16.17
12.37
4.98
16.44
20.64
18.93
-5.8
11.54
2.66
6.47
9.26
7.08
12.13
9.57
2.23
9.72
13.45
12.63
12.85
3.94
8.9
9.66
2.24
10.71
1.78
8.52
14.97
16.52
10.92
-0.5
6.07
-1.07
7.1
8.53
18.36
20.03
15.33
15.5
18.75
17.97
8.22
12.61
9.92
0.8
5.73
15.32
17.37
12.72
5.49
17.11
18.14
15.49
11.79
3.23
4.95
-2.81
9.21
13.29
8.41
3.59
10.37
11.98
14.95
17.99
18.34
15.89
11.76
5.93
4.82
15.57
15.13
13.9
3.11
10.69
5.67
12.42
14.32
12.27
11.07
4.99
12.76
8.35
9.51
16.92
17.14
13.29
6.1
-1.24
5.61
14.71
16.77
12.01
-15.69
0.17
8.18
14.4
8.37
5.75
3.93
5.08
12.15
7.05
1.27
-2.42
2.59
5.35
7.09
12.58
12.49
8.17
6.69
6.47
6.72
8.31
15.08
14.15
6.92
1.2
9.83
12.27
12.02
5.41
7.21
10.76
4.42
3.51
4.22
14.24
14.73
11.53
17.08
16.29
10.85
15.38
10.6
6.76
16.1
15.55
15.4
3.34
9.72
8.26
9.22
9.58
12.23
11.74
8.58
0.34
3.9
13.38
15.68
12.91
2.43
0.39
-4.13
5.07
10.77
14.65
10.66
6.81
6.67
7.43
16.03
17.69
15.55
15.64
16.3
6.3
9.66
8.57
-3.44
9.95
14.7
16.71
7.15
10.9
3.74
13.9
17.28
13.26
10.27
14.49
12.44
13.88
8.76
14.23
16.24
15.27
13.3
10.14
11.91
10.18
5.43
11.02
16.56
15.83
12.34
10.96
6.27
14.09
5.9
14.38
16.84
15.11
14.83
13.91
14.08
9.42
8.78
4.85
7.02
8
9.6
5.53
7.16
17.69
18.77
12.92
6.17
7.88
11.66
13.77
9.89
-5.12
3.1
3.81
7.88
15.84
15.78
3.28
13.01
16.46
15.06
15.9
8.91
13.9
18.19
14.94
13.04
16.95
18.17
13.67
8.51
12.05
11.58
1.47
-6.05
4.99
3.41
14.56
23.39
22.64
13.6
-16.43
-10.12
8.39
9.58
15.39
16.72
12.9
12.85
15.26
13.99
13.59
16.92
19.13
17.37
15.24
13.53
11.86
13.09
13.45
15.71
17.5
16.35
17.75
16.99
14.3
1.54
5.67
13.81
16.93
15.55
13.19
10.75
9.45
9.89
4.58
9.29
13.8
14.9
16.84
16.56
12.48
5.53
7.32
6.68
8.94
13.93
13.12
9.01
11.65
10.39
5.64
8.35
9.87
7.54
13.34
18.22
16.66
9.78
13.1
10.32
9.62
11.43
11.65
10.61
7.82
9.66
10.21
6.33
13.31
12.85
14.71
16.62
18.43
17.88
9.77
12.01
9.2
5
6.76
9.97
10.61
-4.8
10.25
14.47
12.8
16.35
12.77
8.69
4.87
16.01
15.81
10.64
17.68
18.13
6.42
0.89
6.51
10.2
-7.91
9.28
8.22
9.58
6.29
-1.67
14.21
14.39
11.92
12.72
10.51
16.36
9.83
11
12.17
4.6
10.16
11.01
14.16
12.3
-1.79
0.84
11.32
15.47
16.38
17.22
17.63
16.26
11.82
9.06
12.96
14.22
13.6
16.24
17.91
15.48
8.4
5.87
4.37
2.49
10.1
5.06
8.73
12.91
15.89
16.27
11.18
9.34
11.7
6.59
12.74
8.5
2.15
10.84
8.69
12.09
15.9
11.32
13.96
15.26
9.42
13.57
13.67
8.04
7.02
9.67
12.72
11.61
7.42
8.58
5.41
12.04
12.85
10.14
16.86
13.43
5.06
11.41
13.14
-2.1
5.4
14.58
14.27
6.04
10.65
15.49
7.41
8.65
0.57
17.95
18.26
13.06
12.22
13.42
14.23
16.35
13.35
8.46
12.85
16.53
15.24
11.38
6.02
0.15
10.56
15.36
15.42
6.62
9.03
16.6
16.98
12.9
10.97
11.37
8.34
11.53
8.82
12.04
13.27
10.81
12.71
12.71
13.1
12.87
15.23
16.2
15.71
13.85
8.71
3.01
10.55
14.55
6.6
5.44
6.85
12.73
12.16
11.04
13.9
16.43
15.64
14.37
17.78
19.43
17.09
13.07
2.91
14.93
13.4
17.08
18.98
15.47
7.38
8.25
11.14
13.32
9.6
8.81
-6.17
9.18
8.71
3.33
4.27
7.59
10.04
7.74
6.73
9.01
6.54
5.15
13.62
16.2
12.85
5.88
8.48
15.15
3.34
13.43
14.24
15.47
7.99
9.49
11.46
9.91
11.8
11.15
16.62
17.43
15.9
10.92
4.33
14.28
13.41
9.87
11.53
14.08
19.13
20.22
16.7
11.49
11.8
16.19
17.52
15.37
11.86
17.51
20.26
18.9
17.8
16.69
15.14
18.64
19.06
13.99
12.47
15.89
12.31
6.21
10.43
11.42
17.67
18.64
17.76
15.99
9.17
0.59
7.74
7.98
10.34
10.25
9.79
11.14
6.41
-1.74
8.1
2.86
10.87
17.4
16.97
10.86
7.47
9.22
9.11
5.24
3.51
14.49
18.04
21.23
20.47
13.25
8.14
11.82
9.7
9.99
14.84
13.65
12.01
12.49
19.47
19.81
13.62
11.89
11.71
15.43
15.33
17.3
16.32
17.69
20.18
18
12.62
10.28
16.21
13.92
5.29
6.9
14.73
19.31
20.22
20.19
20.33
18.94
17.88
18.98
15.63
12.87
19.06
21.35
20.04
20.29
20.25
14.34
7.12
5.7
12.73
12.4
16.46
20.69
19.63
13.21
12.36
13.46
10.05
11.51
12.85
9.45
8.72
11.09
12.43
13.19
13.38
11.48
4
3.51
11.27
16.42
19.38
17.15
14.47
15.85
17.27
18.05
17.93
13.62
9.25
12.72
13.43
8.3
4.8
11.27
13.64
9.68
8.2
5.71
4.52
9.08
9.62
6.5
10.76
16.12
15.38
10.79
10.52
9.25
11.32
15.33
19.53
17.86
7.55
2.99
16.32
15.54
7.47
10.5
0.15
8.84
10.77
11.44
10.35
6.74
-1.6
9.64
8.85
13.41
12.38
14.55
15.02
11.36
1.54
4.01
3.54
11.28
15.51
13.67
14.44
13.85
9.23
5.3
9.43
16.16
13.69
10.65
13.06
7.74
3.81
3.27
-0.19
8.83
1.02
15.76
15.26
11.95
14.61
15.47
11.34
9.26
11.11
13.63
8.89
13.09
17.09
17.35
12.31
2.55
12.79
11.33
12.36
16.19
14.81
7.1
3.81
2.3
13.45
14.24
13.2
12.85
12.44
10.32
10.2
8.9
7.05
5.83
13.64
11.7
6.9
5.79
8.57
11.08
13.95
14.52
11.67
-2.69
13.35
8.83
2.17
-19.47
8.34
10.07
11.26
10.8
9.58
13.25
10.09
11.37
15.2
13.83
7.82
11.98
15.8
11.76
-5.14
-3.95
9.61
13.23
14.38
9.16
4.28
7.08
8.16
4.44
-1.19
12.76
16.34
14.63
8.64
7.47
13.28
14.46
9.36
3.93
9.65
8.12
11.14
6.77
6.73
12.26
5.93
10.66
13.27
9.76
12.44
13.01
14.46
15.16
10.84
6.51
2.91
13.47
15.92
13.08
14.07
18.84
10.85
10.02
9.99
16.18
14.37
-1.99
-0.7
-1.32
13.5
10.01
5.56
10.67
11.26
4.59
9.44
9.65
4.93
9.03
12.95
13.22
8.18
1.7
11.5
13.73
14.64
16.98
15.19
11.22
9.64
13.35
9.25
8.03
5.16
8.57
9.95
11.57
-0.96
16.16
19.42
15.58
7.89
6.35
13.33
15.41
12.33
7.79
1.93
4.68
7.81
13.87
11.95
10.53
14.42
15.1
16.17
17.79
15.33
12.18
14.43
16.22
17.23
14.37
9.56
-2.58
9.23
9.28
7.8
12.03
13.98
14.55
15.92
15.72
9.36
15.8
17.16
7.99
14.68
17.76
15.95
14.65
13.71
8.3
15.02
18.11
20.88
17.4
10.6
7.12
15.12
17.86
15.03
5.9
-9.46
7.87
12.47
12.92
12.45
5.97
0.95
12.91
14.04
6.51
15.91
17.27
15.97
12.5
9.11
10.42
12.68
13.37
13.43
18.41
18.78
14.31
2.17
11.93
14.51
9.69
4.86
1.14
5.99
-5.61
6.32
12.37
15.04
10.66
8.15
13.63
16.77
11.23
5.79
6.06
6.64
2.42
6.04
9.6
10.5
11.88
16.04
17.5
12.83
-7.51
11.09
16
15.48
9.93
10.32
12.34
9.81
13.32
9.74
8.38
12.11
14.72
14.19
-0.19
12.57
17.23
14.17
1.73
0.1
7.17
12.96
15.42
16.13
17.69
17.4
17.06
19.26
18.85
13.93
10.29
7.8
17.09
12.58
10.11
17.85
16.05
11.82
11.05
11.07
15.8
14.35
-21.77
8.59
2.74
15.3
18.34
18.45
15.46
13.46
16.18
15.69
14.01
10.9
10.82
10.35
8.97
13.03
13.38
12.31
13.92
10.17
10.39
15.36
13.06
5.35
7.72
15.51
17.6
14.21
10.54
10.37
12.34
11.61
17.05
16.03
12.54
13.81
14.85
8.98
13.34
16.51
13.5
11.31
15.48
15.82
12.6
12.11
8.84
10.91
14.63
10.43
10.39
7.93
11.65
13.15
4.24
15.26
19.77
17.83
17.81
16.17
3.01
2.98
14.42
16.3
15.53
12.76
10.74
12.06
8.56
13.54
12.14
5.92
-10.04
3.99
8.37
8.09
12.45
15.96
7.54
12.86
10.68
4.14
11.3
12.25
16.05
16.39
10.72
8.22
8.81
15.4
15.38
16.01
13.99
8.22
13.53
18.51
17.34
5.84
16.74
16.09
5.8
11.97
14.87
14.97
12.19
15.97
16.03
16.92
15.76
11.51
8.76
7.71
7.03
17.41
18.63
17.01
17.47
16.95
16.9
11.99
12.33
14.54
1.9
10.7
5.13
9.27
5.94
10.56
14.54
10.03
1.06
8.31
14.3
18.31
16.1
14.41
12.56
1.58
2.42
6.28
13.94
13.63
14.63
19
20.99
19.29
6.58
14.61
14.6
7.14
9.93
8.41
6.47
8.17
11.48
12.77
5.64
9.19
16.04
17.5
16.81
5.82
3.22
3.85
2.84
10.65
13.24
11.66
10.71
14.5
10.67
5.8
9.92
12.33
10.93
5.97
4.97
11.27
12.54
3.89
10.01
14.66
16.66
17.93
17.59
14.32
17.19
19.14
14.86
12.22
15.45
11.5
10.37
7.09
-4.26
1.61
9.5
5.83
9.01
-0.55
15.49
17.54
13.28
0.98
0.84
6.05
10.8
9.76
8.14
14.04
15.97
15.27
14.11
14.12
17.76
18.82
16.29
10.89
10.11
10.46
12.66
0.77
15.68
3.79
15.47
