-0.25
8.31
9.24
5.94
7.83
11.64
10.52
11.84
14.52
13.45
11.58
12.54
13.11
12.08
7.75
-9.47
3.63
5.65
7.59
8.96
6.38
2.42
7.82
5.53
6.47
12.12
10.99
5.05
-3.87
7.45
4.83
6.3
8.47
0.78
8.72
12.46
11.87
10.44
7.13
8.49
10.23
5.91
11.59
13.22
11.59
14.26
14.79
5.73
12.32
16.59
14.8
5.75
7.1
15.7
16.16
12.23
7.45
8.88
6.16
1.84
2.11
7.73
12.42
12.04
4.97
-0.62
12.02
14.42
12.73
12.33
11.35
14.04
15.68
10.89
3.32
1.29
6.9
11.27
11.74
6.93
-10.14
-6.88
6.98
0.7
6.19
12.68
13.71
13.4
11.11
1.77
8.81
12.32
14.25
11.99
5.38
13.21
10.35
-5.02
2.41
11.8
7.37
12.17
13.18
8.75
13.26
13.85
13.18
12.91
7.69
3.83
5.43
14.96
12.97
4.67
2.11
6.74
10.4
7.86
1.22
13.29
15.91
10.33
1.11
2.99
12.17
14.6
5.54
7.82
11.64
8.45
10.79
12.15
13.91
16.38
17.85
19.11
18.72
14.96
6.86
1.25
2.93
1.7
11.27
12.13
7.67
12.31
10.72
-2.9
5.46
6.09
-1.2
3.26
11.29
6.33
7.56
0.86
4.73
6.22
9.98
11.05
9.8
9.13
3.83
1.51
9.07
10.87
11.11
5.79
2.82
2.28
4.45
4.19
10.64
1.5
7.36
9.45
7.03
1.05
10.87
13.13
9.81
5.5
9.68
9.93
13.07
16.22
14.83
12.69
11.84
10.39
3.8
17.47
17.54
8.29
9
-4.29
8.97
14.67
20.72
24.94
25.65
23.07
19.39
18.34
16.95
10.9
2.04
11.98
13.57
10.61
4.26
13.41
13.4
12.45
14.18
16.2
13.61
11.22
14.34
14.09
11.13
13.46
9.29
8.44
11.77
7.73
6.04
6.58
12.06
6.5
10.18
13.45
14.81
9.95
3.13
-6.61
-2.89
4.09
11.4
15.2
14.73
11.63
9.42
1.31
2.36
8.59
-0.13
9.83
10.81
5.21
7.8
10.24
-18.25
9.05
9.9
4.21
6.16
11.27
10.24
10.81
6.24
0.97
12.22
15.78
17.11
16.88
16.14
15.56
13.42
12.03
12.38
12.86
12.45
7.17
7.82
14.51
13.51
0.74
-0.31
6
13.3
8.84
2.49
7.55
9.69
8.45
6.06
9.1
12.93
11.6
11.08
12.84
10.83
1.38
8.72
14.15
12.08
-3.69
10.48
9.4
4.59
6.83
-3.15
2.92
6.71
11.53
9.28
11.7
13.74
12.41
9.2
7.01
-1.54
6.21
3.17
0.68
8.74
2.57
-2.37
-7.79
-3.74
11.65
13.54
8.85
4.77
1.2
0.96
6.19
13.31
14.03
11.6
11.96
14.88
17.88
15.87
-0.89
10.27
11.39
10.18
9.6
4.65
-7.06
-1.94
7.94
5.55
13
16.71
15.36
8.15
2.27
13.79
14.94
10.36
4.36
7.21
6.73
-5.31
0.29
-6.03
10.61
11.06
5.53
9.63
14.48
13.81
11.14
8.54
3.16
12.16
9.38
2.57
9.7
9.32
3.82
1.49
9.51
10.81
10.1
8.92
1.42
6.66
5.51
-0.31
-0.77
5.58
4.31
8.72
10.49
10.26
8.89
9.23
12.53
15.53
13.59
10.69
12.26
9.05
5.53
7.26
7.31
-15.75
11.08
7.51
6.78
0.81
8.46
15.34
14.59
8.46
6.76
6.37
-6.35
-4.31
1.31
5.64
10.65
8.31
10.78
12.3
4.6
3.97
-9.1
7.1
3.63
-9.73
5.89
9.54
4.68
-3.47
0.92
9.03
10.48
7.46
11.86
15.18
13.55
8.39
-1.32
4.47
-2.82
-0.57
8.01
9.42
6.74
-0.69
11.37
13.81
9.06
-2.77
12.43
9.31
5.2
9.94
10.3
4.99
14.55
16.05
12.96
2.07
9.45
14.91
14.74
12.78
12.24
3.27
4.86
7.51
10.97
15.88
14.13
-9.44
10.19
9.24
12.35
12.54
4.51
13.06
16.93
13.44
6.38
9.41
10.6
8.61
7.89
11.98
12.77
10.09
9.71
11.01
9.68
6.88
8.11
7.54
2.14
7.75
10.62
3.66
4.69
12.76
14.89
15.05
11.12
8.84
6.78
5.39
5.35
8.77
12.73
12.34
11.49
11.5
5.48
9.05
8.76
11.15
14.73
17.21
15.45
8.15
5.8
5.1
9.2
8.55
6.98
8.85
10.77
10.31
5.06
-0.55
2.35
-3.89
-4.71
4.18
9.12
13.85
12.26
11.43
14.51
6.91
13.33
12.02
7.14
13.98
11.13
8.43
10.01
6.12
0.25
-5.11
6.22
12.01
8.98
9.64
14.41
11.77
9.4
8.26
7.01
10.5
13.65
12.6
8.58
7.93
14.35
11.88
8.62
-2.35
-2.29
2.3
7.7
-1.33
1.48
-3.1
10.6
8.48
-6.23
-8.69
2.91
8.35
9.73
13.49
14.28
12.67
5.12
5.9
12.71
14.06
10.65
7.28
7.31
10.97
15.2
14.88
13.71
15.14
12.87
2.85
7.91
11.84
11.87
3.58
7.06
8.84
5.13
-0.32
4.06
7.58
11.91
14.8
12.04
6.62
5.69
8.56
-2.22
13.45
17.32
15.06
3.7
6.26
12.05
10.94
5.25
7.23
1.99
11.12
8.07
1.57
5.08
8.6
11.47
12.37
12.41
9.87
7.11
6.07
7.94
11.34
13.74
11.19
10.63
8.43
5.64
5.77
1.49
-0.02
7.49
12.18
15
13.29
10.4
10.61
0.3
3.51
3.39
9.91
13.55
13.96
6.97
7.43
7.22
1.54
3.45
11.45
15.91
10.09
11.05
10.7
1.19
5.94
11.62
7.54
4.83
11.52
13.25
10.33
7.85
6.02
5.75
-6.2
2.16
-2.89
5.71
7.33
14.93
17.47
15.45
10.94
-0.05
10
5.69
9.23
12.18
9.98
5.45
0.42
3.57
-23.11
7.61
10.03
13.17
14.09
12.16
7.98
0.91
-2.43
6.78
4.43
9.2
11.45
11.04
9.54
12.62
12.23
10.12
13.91
15.03
12.32
8.97
7.44
-1.47
11.05
10.62
15.41
17.54
13.17
3.01
6.9
3.57
2.84
6.93
4.08
14.58
14.38
7.97
8.04
10.63
6.68
9
12.24
15.49
14.53
7.67
6.09
12.78
13.94
12.26
-6.12
12.72
11.64
1.83
8.03
10.23
-0.09
6.83
14.59
11.13
4.22
14.33
14.34
14.48
12.24
2.07
0.5
6.95
7.49
7.69
9.22
12.52
11.4
12.44
9.73
6.93
9.28
9.29
9.42
3.75
3.67
0.78
0.78
4.8
3.3
-1.26
7.1
3.47
-1.07
5.06
7.82
2.64
-2.85
5.14
10.59
7.4
7.99
14.11
13.66
4.36
5.01
9.4
10.72
13.2
12.6
21.52
23.8
20.31
21.32
22.14
20.65
19.24
18.17
-1.7
8.99
24.42
27.23
21.58
11.27
7.92
5.51
8.19
8.38
10.61
10.9
12.49
20.68
17.29
17.18
17.14
25.13
28.7
26.82
20.79
-7.41
17.27
16.37
8.57
14.86
21
24.04
24.77
26.99
26.93
22.15
17.8
10.49
18.08
14.45
14.03
23.11
23.42
17.78
21.24
27.23
27.86
25.84
22.63
2.58
18.99
17.15
20.16
19.03
23.88
25.91
23.4
4.52
21.59
23.03
19.49
6.04
21.85
22.29
5.24
17.94
20.88
16.76
16.74
22.85
20.16
21.01
23.15
22.05
22.08
21.44
21.41
19.6
20.1
25.45
29.78
29.2
22.76
12.27
18.59
21.17
20.2
20.9
26.25
29.33
28.67
25.3
22.06
20.23
13.58
11.05
17.91
22.34
24.64
23.26
11.49
8.65
14.75
17.29
13.22
7.63
19.55
20.92
12.04
12.38
13.48
23.64
24.48
24.38
25.05
26
27.62
26.35
20.8
10.37
6.04
3.49
7.17
12.47
15.23
23.4
27.8
26.78
19.29
18.94
24.53
27.84
21.97
8.9
13.57
15.43
20.87
19.21
-1.38
16.75
19.24
19.85
21.35
20.55
21.63
24.58
23.54
21.75
23.18
23.98
24.25
22.87
17.93
20.84
24.77
27.44
24.42
14
17.08
22.54
24.32
22.44
25.43
22.82
20.87
17.11
16.51
22.3
23.49
11.16
2.04
22.19
27.07
26.67
16.9
19.33
20.97
19.9
27.46
25.68
15.48
18.17
20.23
25.2
26.22
19.35
27.07
14.59
22.04
23.19
17.15
19.67
19.84
19.89
15.02
22.73
27.04
27.44
25.49
14.78
17.36
11.64
19.76
22.48
20.53
13.9
7.93
20.54
24.8
20.38
15.97
25.57
27.23
25.47
21.1
18.73
21.68
20
9.82
11.45
13.45
0.76
14.13
14.53
18.38
21.82
23.99
27.16
24.76
19.56
6.49
20.43
22.65
15.65
19.31
18.15
13.65
11.82
1.77
16.36
17.68
8.04
15.42
17.39
12.18
12.38
18.05
21.63
19.5
6.42
19.98
22.51
21.13
22.7
17.12
15.97
22.46
22.69
18.06
14.71
19.26
14.58
15.54
10.52
18.53
24.7
23.66
21.15
21.1
24.14
26.13
17.79
17.29
16.08
16.73
21.81
21.22
12.28
2.05
14.76
21.73
24.54
25.3
23.39
20.29
15.9
11.97
18.22
13.43
9.04
-1.6
18.59
25.92
26.64
22.97
23.29
20.85
23.26
19.33
16.38
21.53
16.41
13.43
16.76
13.12
18.63
16.06
15.98
20.4
22.78
29.64
28.47
16.2
12.91
-1.84
15.18
19.8
21.54
15.69
14.56
17.56
15.69
-5.89
20.15
22.81
17.73
7.86
8.28
5.16
10.23
5.81
16.16
20.68
18.3
14.89
17.35
19.47
18.92
15.81
12.27
15.04
17.45
17.05
4.88
4.05
12.73
16.46
18.34
11.96
12.28
19.2
22.03
20.03
13.24
12.3
16.96
12.17
12.78
15
0.36
13.63
14.75
6.57
9.88
15.71
14.63
8.73
13.04
15.77
13.61
11.74
15.49
11.11
11.09
17.29
13.55
2.31
8.14
8.44
9.61
17.23
11.57
7.52
10.44
6.27
7.43
9.57
13.76
16.76
13
13.34
18.25
17.2
12.24
8.6
8.75
15.52
5.7
7.07
5.67
8.78
12.97
19.53
20.41
20.25
22.18
17.7
11.19
20.31
15.99
12.66
14.61
12.91
18.28
15.13
22.51
23.68
15.63
17.18
22.53
24.02
22.35
15.22
10.35
15.49
18.91
16.58
12.06
14.5
19.23
23.84
25.39
21.14
18.78
16.08
12.29
13.03
14.2
15.36
8.23
11.74
15.4
20.02
20.43
14.97
11.89
10.86
6.45
1.16
13.26
21.19
22.49
12.22
10.86
13.45
11.25
11.77
15.53
14.58
7.04
14.84
15.22
16.1
12.83
8.71
11.39
11.76
6.05
4.06
11.18
17.7
21.51
17.09
11.32
18.76
22
17.5
11.25
6.59
8.87
19
23.8
16.98
18.02
21.46
19.98
18.41
17.88
16.55
15.14
13.7
11.23
13.07
17.09
21
25.24
24.52
21.46
17.62
26.66
27.17
9.59
22.49
22.22
19.54
18.79
16.24
15.25
21.75
12.24
17.81
17.09
22.74
18.09
17.94
17.28
21.89
21.94
14.12
16.25
20.49
9.08
20.4
23.86
22.3
17.56
13.65
14.18
9.17
11.57
14.27
12.38
22.51
25.55
19.37
15.66
17.8
13.96
11.13
24.11
27.16
27.29
24.95
15.67
17.35
18.66
16.19
18.82
22.19
21.15
20.85
21.76
22.77
13.2
26.84
28.16
21.56
23.08
25.09
21.44
13.07
16.46
15.82
17.45
14.17
16.09
19.56
17.04
9.25
9.09
18.42
14.35
21.47
19.37
21.82
22.23
18.92
15.87
16.28
8.3
19.75
18.21
17.92
16.41
12.5
16.23
9.89
14.05
18.82
18.45
12.82
18.11
22.28
17.42
23.89
27.2
28.48
28.88
26.73
23.59
13.78
19.82
24.45
23.07
16.13
14.18
17.25
16.45
1.62
12.57
19.56
19.38
18.68
22.35
20.27
18.39
17.17
15.03
13.97
15.48
21.76
24.25
25.72
24.62
20.41
26.29
25.69
14.79
15.96
12.41
19.73
17.35
22.84
9.93
20.43
20.45
17.21
21.89
20.61
-1.68
13.49
19.32
19.96
17.63
20.9
23.68
24.06
24.35
24.52
23.15
17.88
20.29
24.11
23.1
19.55
17.84
20.09
20.03
14.42
17.59
19.86
18.86
13.67
19.48
24.09
17.68
21.42
23.08
23.1
21.83
19.01
19.67
14.73
18.19
20.68
11.7
3.63
10.87
15.41
10.76
12.95
20.41
19.67
6.21
12.62
17.62
19.91
17.89
22.01
20.92
11.27
21.95
24.29
26.73
26.45
21.72
14.72
19.94
17.04
17.16
19.84
14.99
14.65
15.08
4.25
14.02
17.07
19.07
20.82
27.15
25.49
19.94
20.49
17.09
3.29
14.71
13.06
1.55
11.94
9.84
0.72
4.82
16.4
13.94
16.72
22.1
23.89
23.29
23.51
21.94
18
14.1
15.96
19.22
12.9
18.45
17.99
17.65
20.21
14.21
18.58
17.23
12.75
18.11
21.27
21.64
16.93
15.26
16.52
13.95
12.78
14.94
19.31
18.35
13.84
18.79
19.09
17.06
14.09
17.37
14.59
12.96
22.32
23.87
22.19
23.2
18.83
13.52
11.08
10.09
7.57
15.5
19.42
19.22
18.28
16.7
12.36
16.95
18.65
20.19
20.05
17.27
19.8
21.35
19.94
18.76
14.31
9.79
6.87
4.6
3.37
14.73
6.25
13.14
18.55
18.22
16.44
-8.12
12.3
19.52
22.4
17.99
10.36
19.7
24.21
22.75
21.57
22.88
13.84
13.17
5.46
16.89
18
19.65
27.3
30.71
29.27
25.28
26.21
28.67
28.41
27.42
27.02
25.62
25.39
26.98
26.23
18.38
9.77
-0.9
14.3
12.66
21.64
23.46
18.27
12.73
16.17
24.35
28.29
26.45
20.75
21.19
23.22
19.21
18.72
14.57
7.89
6.19
16.22
20.68
17.82
17.49
18.3
19.34
20.04
25.06
26.43
23.97
24.59
26.78
27.44
26.56
18.47
-0.7
13.34
20.19
20.57
19.33
17.43
13.18
3.9
23.78
28.29
23.52
13.02
21.39
23.08
24.15
20.86
16.44
24.7
27.88
26.31
19.75
16.08
21.04
26.98
26.51
20.82
18.25
27.54
26.01
10.88
14.97
9.81
16.64
15.75
20.52
26.63
22.12
13.59
18.95
15.39
19.24
21.57
17.81
18.44
26.42
27.24
16.99
19.07
22.44
21.89
22.59
25.46
27.21
27.74
25.67
22.74
25.7
24.2
17.64
22.41
19.44
10.57
14.53
18.75
-16.86
26.05
26.65
14.91
21.97
27.28
28.36
27.71
15.04
22.71
20.45
27.13
29.07
21.32
26.24
29.49
26.92
11.64
27.11
26.14
22.73
30.04
32.93
30.3
28.37
31.45
32.74
24.83
19.81
25.25
27.25
24.61
23.93
26.05
23.33
10.77
21.16
21.36
13.94
21.51
22.39
20.91
23.22
26.61
21.06
9.61
13.91
35.14
44.78
45.09
36.75
25.43
25.67
29.99
30.21
25.24
17.57
12.94
22.63
23.59
23.06
20.84
18.94
20.48
22.4
23.62
17.03
17.19
17.92
7.03
9.22
15.66
16.75
9.38
26.36
40.9
46.55
43.16
26.9
17.53
7.21
16.44
24.29
28.31
27.72
23.6
15.73
12.88
22.25
23.24
19.37
8.7
15.77
10.55
19.09
25.84
27.77
18.74
24.33
20.36
6.41
21.17
18.27
16.81
12.95
19.66
23.95
22.26
19.33
14.5
23.61
26.89
22.86
14.08
23.39
26.28
25.02
24.84
23.6
22.1
25.22
25.64
21.99
22.16
23.12
22.03
21.2
34.4
42.18
41.1
29.05
20.98
16.91
18.28
20.51
15.18
12.93
18.32
26.69
33.81
33.29
24.99
17.02
15.49
10.7
18.05
23.68
14.42
14.16
14.14
19.42
21.68
20.99
18
19.99
35.01
46.35
49.21
43.72
25.57
24.07
26.59
19.83
25.36
26.64
25.95
17.95
21.58
24.84
26.06
22.85
20.39
24.15
22.04
17.16
22.09
17.72
9.11
19.88
24.68
22.13
19.84
27.5
22.29
20.72
27.32
28.3
25.85
15.51
14.83
19.68
16.94
10.82
17.99
20.27
19.71
20.85
20.09
7.57
15.5
21.05
20.43
14.04
23.72
21.99
24.84
24.48
21.94
12.31
16.77
38.13
44.55
41.3
23.52
17.91
16.79
24.88
24.14
26.23
28.34
27.82
27.48
27.72
23.7
22.62
24.88
27.79
21.35
17.91
19.19
11.09
24.45
26.17
22.87
17.28
18.09
21.48
21.52
19.62
1.91
14.14
21.27
24.56
27.18
32.59
32.02
22.96
21.69
7.78
18.87
23.13
23.6
21.57
14.41
28.5
27.06
20.71
17.04
16.54
18.5
21.04
23.61
22.58
17.71
19.49
13.5
13.93
18.37
15.1
21.39
16.66
15.41
18.08
28.8
29.97
25.97
19.72
21.47
23.09
16.53
21.05
34.62
40.25
36.72
20.13
21.47
15.09
26.63
27.74
26.49
29.09
35.95
38.77
35.35
26.81
29.26
34.4
31.46
9.7
35.16
40.81
39.31
31.44
25.94
23.04
23.55
20.41
24.68
26.29
28.68
19.96
32.59
35.61
28.59
18.28
21.91
5.99
18.85
15.69
25.56
27.03
32.94
36.13
34.88
31.35
26.59
20.2
7.78
26.18
26.09
24.59
29.23
28.76
21.18
20.08
28.59
30.49
26.69
19.07
25.42
31.6
28.6
26.07
31.33
30.58
25.76
22.42
32.27
31.5
26.74
27.5
28.23
26.78
27.31
19.07
26.8
30.56
24.69
27.27
42.15
49.31
48
38.14
20.51
25.54
29.27
29.01
28.63
42.86
50.17
48.53
37.24
23.06
21.01
19.4
22.69
24.37
24.8
22.62
29.82
33.02
30.69
24
32.13
29.61
22.73
16.16
24.28
24.46
30.62
29.31
26.28
29.24
29.32
34.7
33.27
26.35
30.72
29.39
20.73
22.3
23.26
12.47
22.41
23.26
26.9
31.25
29.72
26.19
27.22
30.29
27.97
28.17
31.05
30.61
25.79
17.34
22.96
31.56
33.05
29.17
15
28.17
29.3
26.16
25.04
28.56
30.02
30.38
26.41
25.22
27.29
-5.79
27.15
33.35
33.57
21.35
29.13
24.48
32.15
32.02
22.34
25.46
24.66
26.6
31.33
23.34
26.34
26.64
13.77
27.81
32.2
31.35
35.1
34.67
29.17
23.02
33.04
35.32
33.75
31.37
27.98
25.68
17.34
26.94
30.69
21.44
31.41
30.38
20.96
25.34
29.67
30.64
26.05
14.59
9.79
20.91
27.31
28.97
28.66
25.14
23.74
22.45
28.82
27.45
24.09
26.93
22.52
10.83
18.93
24.66
21.76
13.73
26.12
23.13
14.72
19.32
26.87
29.25
31.83
30.81
29.9
29.64
26.39
28.42
27.28
20.13
28.17
27.69
29.1
30.18
29.35
27.26
21.79
21.12
24.69
29.92
26.69
24.18
26.06
22.69
27.06
29.93
29.43
22.18
24.82
30.07
31.74
31.06
27.1
27.71
30
29.47
24.8
20.48
25.49
29.44
29.21
26.81
21.22
23.28
22.39
25.01
31.47
31.76
25.24
20.67
23.36
14.78
19.48
10.3
26.56
32.37
29.42
11.91
28.9
25.9
25.62
31.07
25.58
24.01
25.25
28.59
31.05
26.57
23.56
21.66
21.57
28.69
31.23
29.97
26.84
16.13
21.87
14.71
29.08
31.02
26.57
18.04
21.56
28.09
28.36
22.49
21.38
27.66
24.94
24.37
22.34
20.43
26.85
17.17
23.83
21.66
17.23
25.62
23.41
19.85
18.54
25.79
26.97
24.33
25.89
24.3
19.71
19.49
15.84
14.97
22.15
27.01
23.7
25.63
26.76
23.29
20.22
21.71
24.97
24.79
22.8
15.86
22.6
18.57
17.99
26.08
25.96
22.68
21.31
20.16
22.34
23.7
25.29
21.25
11.95
18.43
23.24
22.94
20.19
5.17
19.34
16.82
19.53
16.63
17.24
12.96
19.31
20.2
14.44
16.03
23.24
21.57
19.74
14.93
21.35
20.02
22.95
19.16
22.1
22.53
23.7
22.56
14.38
22.07
22.6
6.93
19.74
21.51
24.67
21.51
18.28
18.63
25.41
23.72
28.35
23.82
19.07
23.86
32.55
32.19
26.87
22.96
24.53
25.06
28.9
29.73
29.28
26.27
23.34
27.36
26.07
30.68
32.08
28.7
16.45
18.86
17.29
15.83
20.69
28.08
26.73
30.12
26.39
16.61
22.76
24.6
25.06
24.3
23.22
14.64
23.69
29.67
27.46
18.75
30.42
30.47
25.31
27.92
30.66
25.83
19.91
24.04
25.67
26.45
27.78
27.27
23.71
33.38
35.48
35.03
28.61
24.64
30.33
29.71
24.19
20.24
12.36
24.01
27.05
28.32
24.43
23.38
21.72
21.94
27.27
27
25.25
23.85
21.57
24.29
28.13
36
34.76
30.02
31.01
31.16
30.18
28.9
25.13
16.99
26.67
29.45
26.89
24.96
28.87
28.95
24.31
25.22
28.36
28.33
20.33
22.29
24.85
25.2
16.64
14.91
21.51
28.68
29.81
27.15
17.51
25.71
27.41
25.58
25.57
25.02
26.79
28.43
28.06
29.02
30.19
26.23
21.04
29.95
30.91
26.69
25.22
14.92
19.21
24.64
27.46
25.78
9.01
21.49
24.91
21.82
17.75
19.23
7.32
21.82
27.51
27.79
24.58
20.08
22.9
28.32
21.42
19.86
13.82
21.58
21.05
21.45
21
23.61
23.66
16.38
22.13
20.52
22.72
24.37
23.81
25.46
26.81
25.47
20.58
11.47
20.99
22.39
18.7
13.29
21.13
20.51
20.71
19.98
20.16
22.71
23.44
24.88
27.95
29.33
27.28
22.77
19.35
19.9
20.79
17.89
14.44
16.26
18.73
20.32
24.32
22.64
7.24
24.7
29.49
27.77
20.76
12.99
21.46
25.76
22.72
9.03
18.42
13.59
18.09
18.21
16.49
16.76
18.8
-10.34
9.89
16.58
21.46
25.64
21.96
14.74
18.83
19.58
21.77
16.8
18.16
21.71
17.29
18.51
18.55
19.07
21.1
23.26
22.92
23.67
20.63
17.11
19.45
20.84
13.17
17.37
25.13
24.22
20.12
20.79
23.11
22.89
21.04
18.11
20.86
25.84
26.51
23.9
20.61
21.03
24.56
25.44
19.57
11.3
18.59
13.46
12.59
11.81
14.75
17.97
17.79
15.15
0.9
17.65
22.51
19.36
14.3
14.74
20.7
20.05
14.82
20.14
16.13
15.96
19.91
12.18
18.83
15.76
15.71
15.81
20.05
14.89
19.57
17.77
14.76
11.45
16.61
19.77
19.34
19.85
18.91
13.05
17.28
25.51
25.63
19.32
12.1
25.19
27.86
26.1
21.86
18.43
17.41
14.91
20.1
21.69
19.06
13.69
16.21
12.41
11.17
15.31
18.47
13.19
7.46
11.74
7.79
10.09
10.11
21.62
23.79
23.87
22.59
14.68
13.09
17.19
19.58
21.9
15.59
12.79
21.88
21.35
18.58
19.64
18.5
11.45
25.91
26.38
15.64
13.08
13.65
19.22
11.25
10.66
13.16
13.88
17.74
20.2
14.72
20.06
25.49
24.07
11.18
15.84
18.14
19.94
18.8
17.86
16.19
18.06
20.26
23.91
21.53
6.19
21.53
22.22
17.45
4.01
18.19
14.79
17.55
20.26
23.66
22.24
4.97
16.01
14.18
16.73
19.28
17.99
9.63
17.05
3.61
14.77
12.1
14.58
22.34
22.58
20.38
19.44
20.49
15.45
16.66
17.54
8.72
8.82
18.16
20.49
17.91
13.26
22.41
24.01
12.56
7
20.98
23.4
21.01
21.31
25.86
26.11
27.73
26.55
23.05
22.29
18.73
14.15
13.72
15.27
14.98
9.58
17.24
5.58
12.29
6.87
21.15
20.58
18.54
21.14
18.62
12.37
8.41
17.82
21.73
23.14
22.54
21.09
21.06
20.82
14.36
20.4
25.2
22.61
23.56
25.99
23.99
21.04
19.82
18.7
18.53
12.75
16.38
19.57
6.37
16.67
21.66
20.25
17.79
23.05
19.85
17.14
23.15
22.3
12.6
25.17
26.41
22.5
18.71
17.22
20.55
21.84
21.93
18.8
10.34
11.01
21.12
26.39
26.4
21.94
14.82
7.68
17.67
24.73
24.64
19.85
21.23
22.83
25.03
28.71
28.28
24.03
11.07
16.11
15.66
19.3
22.5
19.85
19.72
21.16
19.6
15.91
16.24
19.44
13.24
19.2
19.71
20.68
17.9
9.93
8.12
11.67
19.12
19.4
13.33
16.1
24.22
26.07
23.74
17.31
15.28
19.19
16.42
17.02
24.98
25.89
16.92
21.27
25.07
22.29
11.53
-3.43
13.4
22.21
25.41
25.29
23.04
20.3
17.73
-2.54
22.13
24.36
21.74
18.96
14.91
19.98
18.13
25.04
20.69
33.26
37.26
30.37
24.13
25.99
18.54
9.26
10.74
12.65
10.65
11.3
15.01
20.87
15.58
19.94
20.87
17.39
13.3
12.85
20.35
19.77
18.6
16.79
14.31
19.6
16.5
5.27
13.34
16.79
7.19
12.97
13.37
3.18
13.49
16.03
18.08
16.27
0.45
11.62
16.69
18.01
17.69
18.34
18.56
16.02
16.21
17.51
19.78
24.35
20.94
18.69
16.07
11.75
15.92
0.6
17.5
16.04
12.06
15.49
20.53
20.87
16.06
21.46
23.56
25.5
19.89
19.25
18.58
16.58
16.06
18.27
14.83
13.93
14.82
-1.23
7.76
19.62
17.2
16.4
17.08
12.88
20.13
19.31
12.95
15.12
19.17
20.19
18.92
15.05
13.64
14.95
18.66
21.42
23
23.72
19.53
20.74
21.17
20.43
21.41
18.52
14.72
13.23
20.84
21.02
20.82
17.74
17.46
20.92
18.86
18.52
17.02
20.74
20.23
18.89
10.08
15.75
18.86
17.39
14.18
20.17
18.55
12.18
16.41
14.68
7.21
10.67
13.51
16.49
22.7
24.51
19.17
6.07
16.12
18.81
20.44
14.01
16.32
23.01
21.01
6.7
16.23
14.98
8.34
10.76
21.42
28.21
27.8
16.36
13.13
12.68
11.1
-0.53
10.17
6.67
11.72
11.84
12.4
10.84
-3.99
14.63
19.16
14.96
17.77
20.28
5.05
13.58
13.52
1.39
17.61
20.93
23.34
21.2
15.82
17.46
17.98
13.03
4.15
10.92
20.02
20.5
18.77
12.78
2.9
11.28
19.26
21.5
19.73
19.39
18.02
18.9
18.78
12.02
15.2
21.65
23.17
20.22
16.72
12.78
13.32
12.12
8.77
12.44
19.91
20.92
18.77
17.23
18.68
20.36
19.47
18.52
16.49
15.88
20.18
20.94
17.88
13.29
18.67
19.2
12.66
8.11
18.32
16.34
10.59
11.12
19.42
26
25.91
20.27
14.96
17.29
14.18
10.98
20.52
19.06
14.48
10.16
7.83
3.94
9.71
11.35
9.47
13.24
17.27
19.69
16.7
10.18
15.92
15.51
20.68
22.66
21.33
17.92
14.63
15.6
19.38
19.97
14.11
14.89
20.63
19.81
8.2
14.99
16.86
16.57
11.94
6.74
12.68
13.89
10.63
11.33
2.75
3.97
11.67
13.21
10.51
18.04
11.15
14
18.31
14.22
8.32
8.36
6
10.14
11.18
14.79
13.01
-13.66
-1.66
15.03
19.02
20.15
19.57
18.66
18.09
8.02
11.81
18.55
18.36
14.96
8.42
11.32
12.16
14.52
12.08
4.44
2.07
12.86
13.3
11.61
3.52
14.35
12.09
13.59
5.84
12.67
13
13
15.4
17.73
19.75
18.02
16.6
15.78
18.29
17.29
13.09
14.9
17.08
15.47
2.19
12.47
17.05
6.37
15.59
13.7
16.93
14.17
9.58
15.21
15.58
7.82
7.94
8.86
2.98
11.05
14.63
11.77
1.47
11.24
15.71
14.34
14.4
18.19
20.52
19.84
16.49
17.08
15.6
10.6
0.27
9.91
-9.93
16.38
20.1
17.46
-1.16
11.58
12.52
8.02
14.35
18.05
19.23
20.09
17.71
17.01
16.66
13.04
5.47
15.63
19.05
18.49
17.41
12.68
4.76
12.06
18.96
20.67
17.04
17.92
20.97
18.16
13.38
6.99
14.87
13.24
9.36
14.15
20.56
21.44
19.78
14.66
8.25
16.14
10.74
-1.02
10.33
12.03
15.88
20.02
14.93
14.67
15.35
7.56
0.54
-1.07
9.34
16.6
15.77
11.78
16.85
18.81
13.17
9.95
12.44
10.64
16.91
18.04
13.96
11.31
14.99
15.81
13.47
17.09
17.42
15.86
16.97
20.15
21.2
17.99
10.94
17.22
16.5
16.66
16.01
13.48
9.85
11.66
10.89
13.42
11.32
13.4
19.66
21.83
18.46
11.63
14.59
11.8
-3.23
17.63
22.54
21.57
19.27
19.46
19.58
8.21
17.54
19
20.88
21.97
17.12
13.13
20
20.09
20.45
19.5
15.93
12.88
15.01
20.67
19.75
13.89
22.95
21.52
18.72
22.14
18.43
1.71
20.76
24.04
20.25
10.29
10.51
6.9
13.83
19.78
19.64
15.27
10
6.25
8.79
11.41
19.31
18.54
10.15
10.03
8
-1.55
6.32
4.3
18.73
20.18
12.95
3.08
18.88
21.31
19.53
21.75
23.94
22.65
21.13
18.87
13.41
6.44
14.67
18.07
18.64
18.88
18.19
15.34
18.15
20.29
17.45
19.02
18.48
16.25
17.55
6.42
8.73
7.65
12.85
15.93
11.28
9.02
10.11
13.63
11.51
2.39
16.57
19.06
17.36
17.72
17.79
11.9
11.27
17.87
14.97
3.88
14.44
15.7
14.84
10.94
13.85
11.63
7.69
14.11
7.74
17.91
18.45
14.58
11.93
11.83
9.49
9.15
6.53
4.18
9.78
9.73
8.05
10.44
20.69
24.44
24.52
21.71
17.48
7.09
13.25
13.2
9.24
16.2
17.69
17.05
11.76
11.87
16.12
7.02
18.27
19.04
14.65
13.79
18.49
20.85
16.92
14.31
15.22
12.22
9.71
18.74
20.16
13.03
10.84
20.6
19.91
-3.54
16.33
17.59
17.86
18.29
16.8
7.15
-20.81
2.36
9.44
11.73
9.24
9.45
13.33
12.75
11.36
13.14
2.85
12.65
15.62
10.94
8.33
12.7
13.73
-0.47
15
18.97
13.85
11.86
18.08
14.64
0.47
11.46
11.33
11.85
11.86
10.24
15.31
17.73
18.2
15.68
13.03
20.62
22.59
16.98
16.54
23.63
22.2
17.99
18.24
15.14
15.78
19.28
19.89
18.43
15.92
13.84
9.59
14.65
15.31
10.54
14.89
18.69
18.8
15.65
11.63
14.54
12.75
10.53
10.73
14.69
7.57
15.02
17.63
16.65
19.55
21.46
18.38
13.39
15.34
19.2
18.64
17.83
21.43
22.9
18.5
5.82
16.94
20.85
22.1
15.27
20.22
26.39
25.92
21.14
19.79
15.39
12.09
18.31
17.04
12.24
11.56
9.55
16.1
19.2
19.71
22.91
23.01
18.3
6.19
9.81
19.3
20.88
20.13
23.09
20.96
11.78
14.61
10.18
19.09
22.33
22.94
21.27
24.28
25.6
20.62
19.28
21.75
17.99
18.89
19.91
19.38
19.38
11.12
16.2
13.83
12.52
16.33
19.77
17.02
8.1
17
22.51
23.09
20.22
14.46
16.44
14.66
14.11
16.25
9.8
16.93
21.51
20.72
16.94
-0.99
11.59
13.9
10.84
16.6
18.63
18.23
17.96
13.76
8.85
10.19
17.2
17.83
11.76
8.77
17.41
10.71
4.83
14.68
16.57
2.44
14.7
19.91
21.7
20.51
14.8
6.95
18.68
20.79
18.74
18.77
11.96
15.96
20.55
19.1
14.96
21.35
20.45
9.63
8.11
12.87
21.7
24.08
22.88
23.28
19.61
18.69
20.04
20.95
17
14.18
17.72
9.6
12.56
12.73
5.99
11.62
10.95
17.62
24.85
26.81
22.86
18.01
19.02
17.48
21.43
14.55
11.21
19.06
21.22
21.35
21.35
18.71
12.12
18.62
19.14
10.59
6.8
15.71
19.13
17.72
9.08
21.03
23.87
21.07
11.5
16.37
25.17
26.43
21.73
8.73
22.6
22.03
18.29
14.82
-1.64
15.91
14.8
11.5
19.52
19.39
19.16
21.48
20.46
12.9
22.93
24.05
18.75
10.31
16.74
14.65
11.8
9.5
10.35
17.55
13.54
1.95
11.49
15.49
21.18
22.58
18.22
2.44
18.86
22.79
23.78
22.44
16.86
15.4
19.16
12.35
8.33
12.55
16.78
16.85
19.45
21.91
20.17
12.92
15.35
21.19
22.58
21.03
6.77
22.25
23.51
24.1
24.57
20.46
13.51
12.1
14.74
7.47
15.57
21.99
18.51
8.16
14.04
11.22
15.53
15.7
18.25
15.95
12.45
10.92
15.13
12.83
16.06
20.9
23.08
22.77
17.44
3.41
13.93
15.45
-3.75
20.43
24.97
22.59
10.28
16.47
21.69
21.61
20.62
17.82
12.95
24.93
27.09
23.63
12.84
17.27
21.21
19.71
15.36
11.89
16.72
21.22
23.23
24.34
24.17
24.14
22.64
16.92
10.43
14.1
15.78
11.81
11.11
20.26
21.41
19.47
13.22
9.59
17.76
17.86
10.53
16.89
20.46
19.88
17.98
7.35
13.47
23.17
24.89
18.31
12.77
16.53
8.45
5.62
-2.69
14.16
20.04
21.22
19.37
13.8
12
16.73
16.58
-0.11
19.52
20.67
17.05
12.33
8.11
7.58
19.01
20.37
17
10.87
10.9
18.84
20.86
18.39
12.32
14.72
19.15
19.27
14.84
-5.76
14.23
18.8
18.63
15.77
15.59
17.12
8.61
16.61
21.37
22.78
22.27
14.33
18.34
19.38
11.03
8.84
7.61
13.33
16.16
17.91
16.11
7.22
18.53
16.73
5.67
15.71
16.7
12.91
11
16.06
20.21
19.63
15.59
10.19
18.89
18.44
17.18
20.52
22.22
20.63
18.75
19.95
23.47
21
12.31
21.18
21.04
9.54
13.85
12.25
10.01
10.02
15.17
20.71
20.63
14.28
10.37
12.44
8.77
18.88
20.37
20.69
13.88
17.26
22.37
21.23
15.21
7.7
16.76
19.66
20.05
20.43
20.02
18.31
11.43
20.63
22.32
17.11
11.56
20.16
20.97
13.82
11.71
18.05
17.57
10.47
9.05
16.45
17.57
15.08
14.25
15.85
17.1
17.97
17.88
15.24
11.52
7.84
12.69
14.63
10.37
-2.2
14.47
13.85
16.68
17.79
14.82
-5.11
16.21
19.22
14.4
9.28
16.99
17.03
14.56
-10.55
19
19.79
11.81
14.12
10.3
16.9
12.15
4.61
14.69
18.56
14.58
12.55
22.93
23.35
14.65
15.97
16.99
19.46
16.39
17.63
19.62
16.06
9.67
11.6
-2.65
14.08
13.26
15.95
18.32
17.65
22.02
22.11
20.57
19.63
16.41
13.05
13.68
16.2
17.58
14.94
5.5
4.95
10.15
5.46
11.64
18.99
16.47
-3.09
7.76
16.29
19.7
17.05
-1.27
15.3
12.91
12.99
16.53
17.11
17.49
16.44
14.51
15.91
16.31
16.2
18.04
18.1
15.37
14.52
17.91
12.97
8.12
12.07
9.5
13.11
15.69
15.84
14.07
14.95
15.57
11.97
14.56
11
7.46
9.32
10.05
17.13
16.84
16.39
10.29
9.76
12.36
17.64
19.02
9.48
15.15
14.35
6.24
7.89
12.8
16.82
20.85
19.83
7.83
9.9
5.29
14.42
18.09
18.07
10.87
13.97
14.61
17.48
18.48
16.37
17.79
18.63
17.59
17.33
15.17
13.09
16.48
13.31
-5.42
0.79
5.72
9.69
14.86
17.47
20.38
19.08
16.62
20.78
21.36
21.18
16.28
17.94
18.74
16.52
17.6
17.71
17.87
18.5
16.71
11.82
11.61
16.77
15.42
12.87
15.92
17.05
13.06
9.45
18.29
17.08
16.91
18.6
18.22
19.68
21.56
17.04
10.23
13.12
16.64
17.52
13.72
9.66
17.32
14.89
12.31
17.1
12.18
13.49
15.81
11.29
14.94
10.39
11.59
10.45
11.86
14.32
15.8
15.78
12.03
7.71
13.02
15.15
12.01
12.11
14.44
13.5
14.89
13.28
3.08
10.64
12.31
12.45
19.2
21.81
19.68
10.96
12.51
13.86
9.38
5.85
12.31
16.82
15.18
9.64
17.39
16.64
13.03
15.92
13.23
9.71
10.17
14.02
15.2
17.91
18.67
18.91
21.2
21.64
17.38
-17.8
7.49
-10.28
10.01
13.06
13.46
16.1
17
19
18.15
14.25
8.36
3.57
-5.84
10.11
11.71
13.74
7.36
17.92
18.84
16.61
4.81
16.98
17.5
3.48
15.78
18.4
13.89
-0.5
5.73
8.73
15.24
14.23
12.34
14.77
7.59
13.52
9.95
4.87
7.39
10.68
16.79
15.23
7.99
3.8
13.17
18.16
16.67
14.23
16.6
12.93
13.78
16.01
12.88
13.13
11.9
11.8
9.89
4.63
13.61
12.89
6.21
5.7
4.45
9.14
1.44
11.26
12.48
14.37
17.02
18.42
10
-4.52
11.83
15.18
15.99
12.51
9.14
12.28
4.59
0.59
-1.04
-3.9
-0.84
6.69
3.88
11.55
15.81
22.45
21.06
19.66
19.5
17.32
17.25
15.14
13.48
9.4
2.75
15.76
22.68
23.29
21.15
19.35
17.92
17.82
17.3
15.85
16.82
16.7
11.35
8.43
14.23
12.71
11.81
11.49
8.81
10.7
11.48
11.55
14.1
16.86
18.07
14.61
9.84
9.44
-2.01
-1.08
-3.44
6.37
5.91
11.18
14.98
14.58
9.73
1.34
11.47
16.46
14.36
14.59
18.54
19.18
18.76
20.38
20.16
16.42
15.92
19.09
21.65
22.78
20.16
12.9
14.04
17.57
17.71
18.26
17.55
14.52
9.09
15.13
16.95
11.48
14.71
14.48
5.12
9.37
12.93
15.37
3.78
11.35
15.69
12.84
10.09
9.6
12.44
14.9
16.18
16.88
16.3
14.25
16.75
18.57
18.94
18.85
16.71
16.46
10.4
10.85
12.66
1.43
9.04
13.35
-7.17
-4.57
12.67
16.41
14.02
7.73
15.88
16.27
14.39
16.69
11.75
10.68
17.39
17.74
11.71
12.46
12.27
9.92
10
13.96
13.27
5.63
9.76
10.13
12.5
14.38
9.19
2.96
11.45
15.15
14.17
12.48
11.32
17.07
15.84
10.82
6.52
6.36
5.15
5.94
-1.1
7.31
14.2
15.59
16.39
15.8
6.8
15.39
12.17
14.11
16.89
13.79
9.27
2.52
5.69
12.2
13.14
16.22
16.41
11.62
2.05
12.24
17.56
15.12
14.68
15.07
11.5
13.77
17.92
17.52
16.19
19.05
19.57
16.71
15.99
18.11
17.06
15.93
18.38
18.48
15.48
16.09
16.49
14.67
13.06
11.72
11.45
12.63
7.45
13.5
19.05
18.31
15.71
11.72
8.21
8.17
11
12.83
11.38
8.64
14.63
16.35
16.8
14.52
14.04
14.9
16.99
18.6
17.08
12.97
12.03
13.31
16.37
19.91
21.43
19.98
9.29
7.42
9.28
16.41
18.73
15.58
11.06
12.92
14.77
11.95
9.41
14.53
17.84
18.78
17.59
12.45
13.15
16.94
13.44
-3.76
3.98
14.11
16.07
6.85
15.92
10.8
13
16.49
13.36
5.46
8.86
9.62
10.71
11.28
10.13
9.22
2.2
13.18
13.39
4.22
8.11
10.15
4
13.18
12.5
10.75
13.73
16.69
16.74
14.97
15.95
18.95
18.85
15.46
14.24
17.44
16.47
11.43
12.75
14.74
12.38
12.05
14.53
18.19
15
9.31
6.22
13.01
15.3
14.65
12.22
8.22
7.68
5.43
2.07
1.04
6.2
14.84
18.34
18.84
19.41
19.62
20.33
20.66
20.37
21.08
19.92
18.21
14.64
6.07
9.2
15.59
14.15
10.69
14.41
17.54
17.94
16.43
13.38
5.31
7.67
11.42
11.77
12.71
12.19
5.93
4.97
7.49
12.02
12.37
10.97
12.65
14.01
14.4
12.59
13.83
14.29
10.85
14.35
20.02
21.65
18.68
9.56
10.16
15.08
17.15
16.33
15.55
15.29
11.93
12.79
13.06
-11.32
9.94
14.81
16.66
15.97
18.51
20.72
19.18
14.14
11.14
12.63
12.97
12.22
15.56
15.55
8.92
3.63
7.63
13.13
11.02
12.14
8.05
6.09
11.4
12.37
7.04
13.51
18.28
20
17.9
16.87
15.35
9.17
-8.7
-1.1
11.23
13.69
0.34
13.34
15.37
12.79
6.5
11.13
16.84
17.17
12.54
15.1
16.56
17.45
6.59
10.68
14.87
13.9
9.18
10.4
17.87
16.01
7.77
10.13
8.95
7.91
6.9
14.89
15.1
8.88
15.67
14.32
11.18
8.81
12.66
16.07
17.35
18.71
16.11
16.53
20.09
17.81
13.95
5.96
7.57
10.62
12.92
13.81
11.65
11.5
18.71
17.01
1.97
10.51
12.15
12.86
12.14
8.91
13.81
15.46
18.44
16.79
17.18
13.56
14.78
12.27
14.13
13.7
9.99
14.71
17.4
16.39
10.98
8.94
15.93
17.96
16.93
16.29
15.34
10.31
-2.25
12.5
12.6
16.24
19.46
14.98
10.28
17.18
18.84
13.1
14.32
13.74
9.73
9.98
12.68
7.59
10.96
18.53
18.1
3.34
9.76
10.67
15.63
12.96
14.75
15.51
13.33
16.63
15.84
15.13
14.24
5.33
12.51
15.19
17.48
16.71
12.87
11.34
12.29
10.17
17.62
17.78
11.41
6.23
-1.57
6.32
-6.19
12.64
6.02
16.08
16.82
16.83
18.15
13.96
13.66
16.56
15.54
10.18
7.26
3.39
12.29
8.02
11.21
12.8
10.97
12.91
8.54
10.95
15.85
15.91
2.5
9.22
10.01
15.46
17.68
9.27
14.7
11.33
5.26
9.66
13.2
10.6
3.48
-4.07
6.02
13.33
12.01
7.01
16.45
19.48
17.36
14.13
9.51
8.39
15.05
18.31
12.77
7.79
15.37
19.28
18.97
17.67
16.75
12.2
5.89
8.74
-2.08
10.44
11.19
6.23
14.87
17.68
19.46
20.76
15.73
7.64
13.83
10.27
5.38
8.71
11.57
8.32
8.39
6.43
13.98
17.18
11.51
13.5
14.66
12.07
18.79
15.42
5.78
-0.66
10.62
19.1
18.49
-5.78
16.98
14.67
0.33
5.7
-2.92
8.86
12.26
12.13
11.89
17.6
16.99
15.88
18.82
16.83
12.99
16.77
15.02
15.73
9.96
16.59
17.77
15.01
16.41
18.22
14.41
8.62
14.28
6.04
9.62
13.06
10.64
-0.13
7.16
12.94
12.42
8.25
6.44
16.53
17.24
17.9
15.58
6.11
17.28
17.81
14.56
15.16
5.19
10.96
14.73
14.06
11.89
8.74
9.53
14.94
18.64
17.18
15.47
12.33
9.23
14.1
18.1
16.03
5.26
7.02
15.19
14.77
5.45
10.94
15.37
11.37
11.39
14.52
15.32
12.5
10.31
16.63
19.74
19.26
16.82
14.23
5.29
17.77
17.09
8.93
10.81
11.02
9.61
-13.15
8.66
8.96
14.75
14.3
13.21
19.51
17.85
13.04
15.01
11.78
8.6
9.68
12.38
12.15
18.64
21.51
19.63
4.81
17.38
17.24
-3.23
4.84
15.35
17.18
12.15
-2.23
12.46
12.84
15.5
15.88
11.75
15.03
20.29
18.23
15.64
17.33
16.98
14.94
16.89
18
16.12
19.06
19.46
14.67
13.18
7.64
8.63
10.17
10.56
14.23
16.41
13.44
6.19
9.99
12.51
12.27
14.59
11.04
11.41
4.45
15.84
12.61
3.09
3.74
3
4.09
9.69
12.08
15.22
16.74
11.37
-3.78
2.82
11.87
9.83
-10.34
3.34
-15.22
9.76
14.49
17.76
15.8
13.05
16.85
14.72
8.93
6.04
3.56
-6.43
10.08
8.51
11.24
18.03
17.54
-0.16
11.87
11.61
12.89
11.89
15.2
17.2
10.79
-0.27
14.34
16.66
13.52
15.28
11.28
2.22
9.95
12.55
10.13
14.37
7.4
11.13
13.42
9.4
-2.47
6.98
5.1
7.78
2.15
3.19
-6.66
3.22
-3.07
-19.09
11.06
11.72
11.01
12.7
15.28
14.17
0.96
14.35
16.9
15.09
16.96
15.02
11.98
6.85
-2.97
6.03
11.85
10.15
13.92
15.45
14.16
12.59
8.89
0.65
9.18
9.68
6.09
4.81
15.98
13.84
8.63
13.3
14.71
5.85
14.19
9.29
7.92
12.76
6.99
-2.43
8.97
12.46
11.63
4.03
9.9
12.02
4.77
10.76
7.79
5.34
0.56
12.17
6.02
2.37
14.13
17.15
15.06
7.72
13.83
12.7
3.01
7.72
8.38
14.28
10.39
3.54
15.31
15.62
11.94
14.81
9.22
-3.64
9.69
8.35
10.02
9.16
5.25
6.41
8.38
14.96
12.82
7.73
7.74
5.87
14.66
14.97
11.87
-3.08
6.13
1.85
11.5
8.52
10.49
13.33
16.82
15.45
12.52
16.94
18.03
14.93
5.14
10.08
0.38
1.19
-4.47
0.94
-10.18
7.44
16.37
12.12
11.98
19.44
21.02
18.78
11.58
20.56
22.06
17.85
17.14
12.37
13.14
17.68
15.72
9.69
6.98
10.76
-0.63
8.95
9.62
1.11
6.55
14.16
14.31
8.21
13.99
14.89
15.07
17.24
17.93
15.66
2.67
5.65
9.54
13.87
12.08
5.25
6.2
12.15
11.24
0.02
4.48
11.29
14.25
11.09
6.11
9.16
7.6
11.3
13.35
5.24
9.47
9.64
5.95
15.16
18.48
19.58
18.08
16.2
10.74
9.28
10.28
4.25
8.6
3.02
-2.11
9.06
11.65
11.33
18.92
21.92
20.08
19.51
19.37
15.41
10.6
6.41
7.25
-3.94
8.93
9.39
15.36
15.17
12.36
16.59
18.53
17.02
15.15
13.36
7.08
10.19
14.99
12.2
1.17
10.83
10.22
10.92
6.97
11.41
11.06
-1
5.43
10.26
12.82
11.74
13.45
15.25
15.22
7.21
7.33
13.45
11.63
8.5
7.56
12.82
12.23
7.68
11.34
2.69
6.21
8.26
8.08
-4.75
-18
1.42
6.12
3.38
-4.47
8.84
12.03
15.42
15.9
1.12
8.1
11.99
16.38
14.19
7.26
15.63
18
15.27
14
7.71
1.54
6.46
5.48
10.18
10.83
6.62
8.75
6.13
6.95
8.04
7.21
3.71
3.44
11.11
6.39
7.83
5.27
8.76
14.04
12.72
5.68
9.85
9.25
7.58
11.85
12.42
14.67
11.16
-3.16
5.3
4.36
8.08
9.95
-0.97
3.92
4.4
11.8
12.77
-16.16
12.95
16.66
17.55
13.78
4.49
0.94
6.96
10.27
11.51
12.76
13.77
13.84
10.66
10.98
15.43
13.04
7.16
6.81
7.22
3.19
-6.07
0.47
-12.21
2.06
11.44
7.54
-1.1
7.25
9.77
12.76
14.21
-1.03
12.59
7.38
9.1
9.92
8.75
15.58
15.35
15.26
13.49
5.69
6.89
3.8
14.13
13.11
0.3
8.51
9.57
8.2
5.32
5.45
-6.75
3.59
9.81
15.36
14.81
10.15
17.78
18.11
15.58
14.34
7.82
6.49
9.65
10.71
13.26
17.64
18.42
13.02
4.21
-2.98
7.91
12.6
5.8
7.36
8.64
-11.77
10.47
13.23
10.19
7.93
10.81
2.74
5.36
11.83
13.74
10.25
13.92
16.84
6.2
13.08
12.8
6.77
-5.92
6.96
9.28
12.71
14.94
15.11
12.88
10.94
7.47
12.12
14.64
12.7
14.73
14.43
11.24
10.92
6.03
-0.92
8.56
10.05
6.09
10.02
14.72
13.05
4.21
7.54
15.16
14.45
10.37
10.08
8.56
10.87
17.07
16.38
-6.02
13.47
13.95
12.65
14
15.53
16.09
13.78
7.27
9.44
17.35
15.38
10.38
19.58
18.21
9.04
5.93
11.45
15.08
15.81
17.19
12.77
15.13
14.96
12.04
-2.76
2.66
4.64
3.98
7.27
-0.5
3.7
11.53
14.34
12.27
0.74
10.4
17.05
16.63
14.69
9.81
13.38
14.79
7.9
8.09
11.78
11.65
7.97
9.28
11.28
12.19
14.73
17.7
18.47
16.99
16.8
14.99
11.07
0.78
3.45
4.56
13.66
14.72
14.09
12.9
2.37
8.62
12.24
15.57
19.25
17.77
10.4
14.98
15.25
13.27
8.47
5.62
2.68
4.64
-5.86
8.83
16.93
18.5
16.72
16.66
16.16
10.13
5.81
11.86
7.1
11.83
16.32
12.98
7.65
15.16
17.18
16.85
13.19
13.8
11.87
7.37
5.73
3.36
6.52
4.95
10.99
10.43
5.49
7.53
7.36
11.1
16
16.2
12.79
7.59
13.02
11.01
10.68
14.58
10.58
6.54
5.04
10.33
13.29
13.17
7.15
7.1
13.53
11.92
-1.36
3.43
-1.21
10.43
6.15
10.92
14.46
13.31
13.8
8.65
8.11
6.22
11.17
8.74
3.59
11.3
11.24
6.96
2.87
7.08
0.28
6.74
8.45
16.96
20.11
16.22
5.7
6.41
10.24
16.83
20.08
19.43
12.26
16.93
15.11
7.16
11.7
3.81
12.92
18.06
20.21
15.72
-1.97
11.39
13.29
13.33
11.8
11.32
16.03
12.27
2.34
7.1
-4.91
14.2
15.14
14.74
17.28
14.53
4.57
16.63
18.13
15.43
8.28
17.14
18.27
12.31
7.21
9.8
11.66
12.15
8.6
3.32
6.12
11.14
15.07
13.11
3.99
0.54
7.14
10.49
8.14
1.37
6.08
9.16
13.79
12.64
8.4
7.86
8.35
14.99
15.96
12.38
9.96
16.94
11.28
11.15
7.93
3.21
13.45
17.14
18.38
17.3
15.27
12.19
10.79
14.17
16.28
14.97
14.61
13.61
11.09
11.89
15.94
18.69
18.77
16.19
9.64
-14.65
9.25
14.3
14.05
13.35
14.67
15.57
15.28
13.99
7.9
7.94
13.89
12.78
-9.31
14.84
18.65
16.19
10.2
13.4
13.76
5.4
-1.19
-1.23
6.34
11.69
15.09
15.85
13.74
15.59
12.5
8.63
16.68
19.8
16.67
10.69
20
15.39
0.47
14.06
16.13
13.6
15.56
16.46
13.92
13.93
9.33
13.48
18.59
14.34
9.1
15.29
14.29
8.43
-9.64
5.51
5.2
-0.6
0.97
2.14
2.68
8.27
10.37
13.94
12.74
-1.66
9.46
13.6
12.54
6.98
2.43
12.1
13.08
10.39
12.94
4.71
9.79
9.53
-15.66
8.84
13.83
9.8
-3.32
6.85
14.78
15.76
4.27
11.08
4.66
12.46
10.78
2.02
9.35
14.24
10.09
3.96
3.23
