6.94
8.12
-1.11
8.53
7.77
9.32
13.42
8.98
-1.87
1.42
4.14
10.27
10.17
3.27
10.31
12.35
11.61
10.81
6.11
8.22
10.96
6.25
8.37
12.03
10.74
10.2
8.22
7.5
4.43
2.49
-11.61
0.81
10.65
13.46
9.02
9.96
14.05
8.08
9.2
-2.07
5.42
7.27
14.22
11.94
6.16
7.34
7.79
7.74
9.09
6.96
7.87
2.48
-1.01
7.85
-0.58
-4.36
7.26
16
19.38
19.46
16.7
13.15
7.08
10.31
13.43
14.23
11.69
10.12
13.97
14.69
10.54
8.16
-3.98
8.7
9.32
7.14
10.9
15.38
10.74
0.29
11.63
11.15
4.78
9.91
6.74
3.73
2.58
4.93
5.61
-2.86
13.18
16.16
18.66
19.68
14.71
0.49
6.96
9.44
9.27
8.73
-0.35
11.04
12.16
8.37
10.89
9.82
5.76
0.53
-2.98
6.85
14.35
9.53
5.78
8.35
6.76
12.91
13.71
4.33
3.47
8.82
5.27
13.2
12.06
16.59
18.26
14.4
10.86
5.85
0.54
1.53
7.01
8.99
2.93
5.09
3.33
-0.73
7.93
11.87
9.8
15.18
14.44
11.08
9.64
12.22
9.38
1.55
0.52
13.56
10.91
0.78
0.78
6.18
9.25
11.66
13.09
12.2
7.01
-4.12
3.71
-18.31
8.1
12.24
12.94
10.73
6.04
9.87
11.9
10.07
15.88
16.09
12.22
9.25
10.2
11.63
10.87
4.32
8.59
8.73
12.88
12.91
4.81
2.86
6.92
2.24
5.35
6.86
2.84
10.25
10.69
5.05
6.95
-1.95
11.96
15.72
14.18
13.48
11.38
4.15
17.81
21.53
21.65
19.79
12.86
9.09
13.39
14.67
13.95
14.85
12.84
11.09
5.2
1.9
11.08
6.69
4.95
9.61
-1.54
7.75
10.43
6.96
3.83
9.61
13.13
4.86
5.23
4.99
10.03
9.1
10.66
13.82
13.83
15.55
15.43
9.1
10.83
3.91
7.09
11.17
10.17
1.21
-2.65
1.81
0.18
2.83
-6.8
7.67
14.93
13.48
-0.08
-3.31
3.62
4.61
1.43
2.17
9.67
8.38
8.14
13.43
10.07
-4.71
8.99
9.92
12.09
11.51
-6.28
5.04
4.18
3
-2.19
2.62
5.84
0.23
-1.37
8.05
10.44
13.62
17.33
16.78
14.09
15.66
13.99
11.43
12.06
8.61
8.48
4.54
9.32
14.54
11.06
7.15
12.08
-4.99
6.81
3.48
12.91
14.26
13.72
5.99
8.64
8.51
2.38
3.75
5.61
4.56
6.61
9.74
14.2
17.77
16.79
14.28
11.51
-0.54
-4.18
7.54
8.88
4.68
6.7
12.15
8.8
2.49
4.5
6.26
5.99
13.19
4.26
-1.72
7.94
11.05
8.53
5.37
6.43
9.21
8.56
-4.9
0.06
8.9
9.4
7.31
-1.79
9.64
17.63
20.33
18.82
12.61
-13.15
3.32
8.82
10.74
-3.11
4.07
9.3
12.79
10.24
3.34
5.83
11.49
11.56
12.08
14.12
7.84
8.98
7.19
13.21
12.29
13.24
7.13
12.38
17.21
14.47
10.69
9.02
7.32
0.08
7.87
7.94
12.73
14.42
16.02
15.26
12.68
13.2
10.96
8.69
9.68
9.76
9.49
8.39
8.35
11.56
9.64
2.13
3.49
-4.72
10.17
13.88
8.81
11.38
13.82
11.93
-1.39
7.9
8.38
4.45
4.56
13.56
14.95
11.11
2.72
9.29
8.5
-1.89
-0.83
0.57
9.66
8.02
1.02
0.1
2.12
4.11
-0.07
-5.76
6.87
8.31
11.88
12.78
10.52
10.12
11.34
15.78
14.58
14.65
14.53
11.92
11.5
8.78
1.95
11.1
10.32
-1.34
8.94
12.57
4.17
4.01
10.04
6.34
12.81
9.46
4.07
0.32
2.9
8.29
9.75
0.11
12.34
12.78
9.05
7.87
9.82
9.73
13
10.69
-8.74
10.98
12.21
0.07
11.76
8.74
8.51
9.21
11.66
8.91
-0.63
0.73
1.62
8.58
10.95
-2.08
11.63
14.73
6.91
1.02
6.49
11.96
15.21
11.15
1.69
6.47
14.42
6.27
10.15
9.51
8.97
12.73
14.63
13.46
2.63
0.76
-2.28
0.98
2.85
-9.29
9.48
13.46
13.1
12.35
8.7
-17.4
7.05
9.76
14.7
16.17
9.08
2.04
7.97
5.95
10.6
9.01
15.2
16.46
10.93
-3.65
-6.71
1.58
6.28
10.45
11.77
10.24
6.47
6.97
3.98
0.57
14.29
16.51
13.07
13.46
18.05
19.38
17.56
11.02
14.74
19.92
17.09
9.96
14.66
8.6
1.55
1.78
6.78
4.53
2.74
7.72
0.54
3.78
9.25
14.4
17.04
16.41
12.17
10.49
10.31
-3.43
6.42
6.26
10.24
12.48
15.37
15.57
11.16
6.69
4.59
1.39
11.94
15.43
11.45
6.16
3.6
3.73
9.64
9.11
7.46
13.03
15.43
13.15
8.82
0.6
9.71
13.21
12.72
11.98
13.09
13.27
4.01
14.1
11.73
7.58
8.74
9.13
13.89
14.21
8.94
11.32
5.56
6.23
11.11
9.47
7.17
9.69
10.58
16.37
14.64
14.07
13.89
14.49
14.04
11.78
8.16
3.66
3.85
5.73
9.99
12.23
9.76
8.92
4.02
-10.74
4.04
-4.73
5.16
11
7.15
2.95
8.11
11.07
10.19
11.19
8.75
5.81
6.74
4.77
11.54
8.26
10.48
7.66
13.56
15.7
13.14
4.66
3.41
4.64
12.12
13.74
7.98
-4.67
4.93
8.99
8.68
10.85
15.55
14.35
16.45
18.37
11.03
11.8
17.57
18.5
15.96
8.03
17.58
19.62
16.08
7.32
6.81
7.04
2.58
3.26
10.17
11.56
3.54
6.82
8.96
9.29
12.94
17.48
16.04
0.75
13.36
11.18
4.78
2.01
-7.76
8.42
9.17
0.78
9.87
5.79
2.83
9.74
11.29
12.88
8.42
2.98
-3.3
2.27
6.67
7.32
10.27
13.15
13
13.01
10.36
5.69
5.47
8.29
16.89
14.91
5.77
8.55
15.57
14.69
9.53
8.6
5.25
11.93
11.11
-1.18
15.06
14.17
5.79
5.14
-3.97
0.94
7.47
8.21
3.75
-8.65
7.31
5.11
8
9.42
-22.1
-0.59
0.6
11.78
12.85
8.45
10.31
13.1
14.25
7.51
10.04
9.22
-6
10.26
11.93
11.82
10.9
7.8
12.08
7.86
2.02
14.38
14.14
9.34
9.29
9.14
6.38
11.12
11.74
11
12.15
9.02
14.15
15.65
10.28
7.54
10.66
15.79
14.85
6.36
2.04
0.8
3.02
9.14
5.69
-11.14
2.88
9.23
10.39
4.05
5.03
8.87
4.15
-2.63
1
-0.54
6.41
10.2
4.49
5.61
9.66
14.54
23.63
23.83
17.05
14.93
14.8
22.16
25.61
22.03
11.55
17.38
22.85
26.14
27.23
23.63
7.38
14.13
-2.39
15.79
13.99
20.22
25.02
23.93
23.65
23.59
20.74
20.17
24.44
25.05
20.73
9.32
17.17
16.99
16.56
8.82
18.74
22.1
19.76
13.63
25.11
27.75
19.69
15.93
22.37
18.69
10.37
22.84
24.36
22.4
17.8
21.88
27.81
23.91
20.54
21.65
29.74
33.48
32.08
28.33
23.02
23.25
26.73
26.51
22.83
21.86
23.96
18.44
13.47
19.51
18.88
12.09
18.95
20.57
15.71
10.63
15.99
20.75
20.56
16.8
21.43
24.22
23.9
23.84
21.13
19.51
19.39
0.9
13.84
9.99
19.99
22.93
20.94
23.11
24.06
18.43
17
18.96
17.71
-3.61
9.45
1.96
14.21
15.64
18.52
16.67
16.13
18.51
22.14
21.38
14.82
15.21
10.85
-6.67
16.57
18.92
14.65
8.73
18.88
20.49
21.27
19.85
11.1
17.45
17.33
9.58
17.47
21.68
17.94
16.07
21.5
15.54
18.51
16.99
12.53
13.1
26.63
31.58
29.24
20.46
3.7
9.75
10.87
10.19
16.8
22.28
20.69
17.38
21.29
26.89
27.31
22.79
15.63
18.8
21.04
15.71
24.68
20.77
18.78
20.8
13.41
5.25
20.28
23.71
18.93
22.58
24.89
23.87
19.77
14.87
19.2
20.53
22.7
25.56
23.11
16.44
9.81
23.37
27.69
26.29
16.08
13.34
17.06
23.67
20.82
14.21
24.58
21.76
21.85
26.91
25.2
19.03
28.1
25.75
15.05
-1.7
18.07
24
23.1
22.97
22.11
19.09
14.54
22.76
26.79
25.9
25.7
28.7
28.26
21.22
4.96
12.88
17.65
7.99
19.4
21.3
23.27
23.3
15.75
22.47
12.82
22.66
22.7
22.92
15.91
18.49
12.49
15.4
14.82
16.89
17.53
18.06
10.22
21.97
24.73
20.54
18.35
18.98
14.03
4.9
15.76
22.25
19.64
15.85
17.28
10.52
8.49
7.12
14.49
18.75
16.14
18.01
17.16
19.84
16.71
16.21
20.18
20.72
20.17
22.34
25.14
17.62
20.19
21.9
18.54
22.62
16.9
12.08
20.32
21.19
18.66
18.06
9.98
17.26
23.68
20.47
24.91
26.78
22.94
14.22
10.97
5.79
21.61
23.03
24.07
26.08
27.3
26.16
20.48
16.78
17.07
21.07
20.29
16.06
16.51
14.61
12.1
19.72
6.3
24.45
25.5
21.69
21.31
27.76
27.16
21.68
15.42
15.82
16.08
20.75
22.97
24.23
24.66
22.04
19.67
5.64
22.44
20.37
8.01
7.98
10.33
12.35
19.69
23.69
22.03
19.94
19.4
17.99
17.99
11.29
12.3
16.38
17.41
14.44
7.22
9.4
15.32
17.23
11.13
14.32
13.33
12.82
11.55
11.65
13.85
17.05
21.91
20.3
17.94
17.47
9.96
9.99
18.65
21.11
19.65
16.05
18.05
18.83
9.07
5.28
-0.85
12.29
12.38
8.71
13.03
15.72
13.84
9.6
12.99
7.88
11.83
14.31
7.02
11.61
17.64
14.91
7.46
11.91
11.43
11.18
11.48
10.51
4.61
6.14
5.77
8.23
12.02
13.91
14.87
14.93
14.16
10.07
9
14.32
12.95
11.68
13.79
11.9
7
10.32
11.6
10.88
13.57
12.58
18.29
23.28
24.23
22.67
21.95
20.57
16.53
13.11
12.69
16.32
19.95
20.61
3.11
17.84
13.81
16.23
22.18
17.56
14.07
19.77
17.2
18.6
13.32
16.26
18.04
14.02
11.44
1.65
10.42
7.67
14.79
19.15
8.49
17.52
15.66
14.27
17.42
10.41
20.98
22.2
16.86
7.76
13.13
17.27
13.84
13.32
16.91
15.75
17.2
21.79
11.85
21.11
7.53
19.07
18.63
21.6
18.03
15.16
18.65
20.75
25.89
26.77
25.66
24.71
24.88
20.38
11.71
16.74
22.82
22.07
17.98
19.44
27.55
29.5
24.13
23.51
26.5
27.32
20.83
18.05
16.13
20.23
23.06
19.91
20.75
18.96
20.88
19.92
16.85
14.72
20.72
25.35
24.99
19.09
17.02
14.98
21.25
26.89
24.62
21.54
11.89
20.45
23.81
16.7
21.14
23.43
25.22
25.26
16.24
18.51
19.67
9.95
18.48
23.83
24.06
20.54
24.39
23.06
10.88
22.19
18.02
14.33
21.55
17.87
18.68
19.31
17.96
19.93
16.78
8.85
10.63
13.89
20.05
16.49
7.51
16.25
21.51
18.64
10.05
1.48
17.54
9.09
19.98
22.43
23.12
13.53
15.53
13.22
15.13
14.18
19.74
17.59
10.3
17.57
17.23
14.59
20.21
23.2
13.68
18.23
18.06
22.2
19.93
19.81
19.15
6.13
16.18
16.58
20.4
13.32
13.9
23.65
24.93
18.15
13.52
22.89
25.41
23.42
24.62
20
11.98
9.51
19.69
22.22
18.98
14.48
13.14
16.44
17.69
17.99
15.8
13.11
16.82
13.04
18.6
21.06
12.81
13.01
12.13
10.31
9.63
12.73
19.64
22.98
24.49
23.64
20.95
18.86
19.37
21.32
20.66
18.05
10.8
17.63
12.28
13.94
8.21
21.33
18.82
13.83
17.18
19.54
14.23
20.76
21.94
6.47
18.72
21.62
20.09
0.7
10.85
21.06
24.78
20.69
12.03
10.3
17.18
19.29
14.87
9.71
19.17
24.52
24.64
19.95
20.99
26.34
25.21
16.08
-12.47
7.82
7.18
8.84
20.25
13.95
23.35
26.4
25.95
24.74
19.07
18.82
18.23
12.09
1.24
24.85
28.68
23.19
9.03
19.72
21.3
11.02
12.98
6.87
11.46
18.84
24.57
22
7.28
17.9
9.95
15.44
18.36
19.78
21.43
20.66
22.41
21.95
13.42
14.82
15.15
16.12
21.72
18.32
21.9
20.37
17.59
10.93
18.75
16.01
12.76
11.57
16.58
25.86
26.29
18.58
15.81
21.34
25.81
29.92
28.25
16.58
15.98
13.09
16.67
9.16
18.75
14.92
17.67
18.31
4.84
9.56
13.63
14.7
15.08
16.34
18.17
22.82
25.24
23.82
19.52
16.52
-9.44
19.93
19.74
22.37
22.98
13.44
20.11
19.69
5.96
13.82
9.75
9.26
7.37
16.9
16.88
11.77
10.73
11.04
-0.02
17.71
22.59
16.48
9.02
16.15
19.52
22.05
19.7
9.7
17.27
18.04
20.97
19.47
6.16
14.19
13.17
3.25
18.53
20.5
19.4
19.77
16.71
17.5
22
18.84
20.68
18.99
15.78
19.62
20.36
16.51
11.64
14.98
11.78
16.91
18.14
19.95
17.74
11.58
17.89
19.89
22.57
19.75
14.98
18.15
13.64
12.45
11.23
7.68
23.41
24.87
23.2
19.55
20.09
25.74
26.19
18.05
21.84
25.12
17.81
13.51
16
3.7
18.12
15.64
16.03
21.01
21.35
25.67
26.05
27.61
25.49
2.6
22.69
24.13
24.72
25.13
21.57
15.87
13.09
13.89
16.31
20.71
24.73
23.8
18.52
19.98
21.63
17.14
15.9
12.82
22.54
23.29
6.74
18.6
-3.91
24.5
25.82
16.28
17.35
25.71
25.86
18.36
16.14
19.03
24.14
24.39
22.04
20.12
21.71
15.48
20.57
19.92
13.29
10.67
3.37
14.66
19.07
18.31
13.87
8.29
15.08
17.93
19.73
16.31
15.68
18.13
15.43
17.13
23.3
22.87
18.75
14.14
15.74
21.11
19.38
2.64
14.06
23.54
24.29
16.32
12.73
12.42
19.64
20.39
12.8
12.58
16.06
2.65
16.55
24.41
21.99
12.28
24.33
25.82
25.23
22.98
22
22.83
22.77
23
24.79
25.04
19.63
21.23
27.11
23.66
10.83
15.19
14.64
11.29
13.19
13.94
10.15
12.06
17.11
16.1
19.17
13.24
14.58
18.15
28.05
30.77
23.4
20.18
19.31
4.11
15.96
15.52
16.1
15.83
17.54
21.01
15.08
17.07
10.83
0.06
13.38
21.01
19.73
15.96
30.49
33.81
29.29
23.68
29.6
30.5
25.23
16.91
19.81
22.82
23.17
19.2
19.17
18.77
15.82
23.31
23.38
17.65
4.34
15.3
22.52
16.71
19.13
21.38
11.81
11.61
35.16
44.7
44.32
34.71
23.26
21.3
19.07
20.51
20.96
19.42
18.28
18.66
15.4
12.97
15.43
10.09
19.16
24.5
24.42
20.04
15.97
18.08
21.08
20.24
19.81
21.34
16.17
15.52
36.26
44.59
43.93
33.78
18.24
23.34
24.45
25.05
24.83
23.67
21
17.04
17.22
19.99
19.77
25.45
26.49
23.04
18.43
8.85
20.61
27.63
24.97
16.96
18.84
19.98
19.19
18.88
21.8
22.41
20.19
5.46
16.74
22.8
22.74
17.73
14.4
15.11
22.26
27.16
23.25
23.02
26.81
25.99
22.59
18.5
12.5
19.44
26.08
23.15
23.79
38.07
42.39
36.89
18.53
28.12
25.15
18.27
16.54
2.01
10.61
23.46
21.91
20.67
31.37
33.78
30.87
23.87
24.65
25.98
25.08
23.86
24.78
24.88
16.1
20.25
24.88
25.68
23.12
13.06
14.81
20.74
38.39
42.59
37.09
19.6
14.54
12.89
23.45
24.44
28.92
29.56
26.02
22.97
14.85
21.46
21.58
15.5
21.18
28.16
28.25
24.48
22.38
19.84
18.63
20.28
13.89
18.98
16.41
16.5
9.31
12.59
19.4
20.45
16.1
15.25
17.75
4.08
21.36
25.77
20.01
18.12
17.06
14.43
17.22
21.77
22.05
20.46
19.39
20.17
17.59
21
21.5
35.52
46.18
46.8
37.18
21.93
25.91
26.02
20.58
13.51
14.42
21.09
17.21
21.06
21.82
9.96
10.16
23.36
25.05
21.37
19.83
14.9
5.89
19.07
16.02
15.86
24.14
24.66
22.64
18.29
12.72
21.52
14.08
15.09
21.61
24.5
29.79
34.04
31.1
19.96
17.95
14.28
16.3
20.44
15.94
13.59
19.5
29.11
28.44
18.23
13.61
19.25
22.23
22.52
19.74
21.41
23.61
20.31
23
29.27
28.16
23.28
15.74
15.57
26.8
29.12
17.65
29.46
30.03
23.59
18.46
-0.42
25.09
27.12
24.29
30.9
31.98
26.43
19.78
23.43
27.7
26.96
26.49
25.38
34.32
38.77
33.82
19.09
28.55
32.35
36.92
30.97
36.53
42.17
39.14
32.49
20.13
25.68
29.02
29.08
19.98
25.81
20.53
21.15
20.5
32.65
31.11
24.6
14.72
20.94
27.99
21.58
30.02
31.83
24.45
21.71
27.1
29.1
25.78
23.76
31.84
30.17
20.82
29.82
22.63
18.56
19.13
22.84
22.08
22.5
18.5
16.73
6.76
26.94
28.96
21.7
27.42
16.48
28.62
24.1
14.79
22.55
26.83
31.41
31.47
22.85
28.88
32.13
23.92
29.07
34.13
44.07
48.18
42.63
26.1
20.17
19.19
30.18
32.75
24.95
22.53
36.9
48.34
49.97
42.51
30.37
32.48
25.79
26.44
28.81
14.15
26.39
31.16
30.16
22.54
33.34
36.64
31.47
30.26
31.97
21.02
25.19
25.01
23.05
23.99
25.15
21.45
33.22
29.77
30.17
33.54
29.62
29.78
23.88
29.11
31.87
22.39
26.39
25.34
9.72
23.75
26.22
28.99
31.15
29.29
23.48
30.88
30.43
30.14
20.34
29.72
27.42
26.7
33.36
30.87
25.12
16.21
26.52
25.96
29.24
32.06
26.88
24.58
24.39
28.92
28.71
29.34
33.86
30.26
19.46
29.24
17.31
27.6
22.49
20.95
26.85
28.64
26.49
26.17
20.33
19.99
25.01
28.25
27.52
15.97
31.98
29.09
28.55
32.83
27.85
24.66
28.47
16.21
24.63
25.18
16.2
31.58
35.44
34.16
28.05
29.63
33.5
32.94
22.25
25.7
24.65
20.95
23.86
28.1
30.12
25.7
26.6
25.17
29.17
28.26
17.45
19.43
31.39
30.19
13.78
29.89
28.91
12.72
30.11
32.14
25.03
33.94
33.17
27.74
23.95
10.73
25.13
20.27
20.76
9.88
19.57
30.08
30.1
20.91
30.19
29.36
26.36
21.63
24.44
13.61
18.41
10.6
14.32
24.66
27.2
23.64
22.24
24.38
29.72
22.52
28.64
33.43
29.37
24.33
25.86
23.32
15.1
12.98
19.72
21.58
17.07
10.26
24.54
29.43
28.06
12.94
24.75
26.75
23.43
11.21
5.37
25.77
27.35
19.33
18.61
21.92
28.33
31.63
31.6
25.21
27.68
27.36
19.88
23.92
24.56
11.25
14.86
25.48
25.43
19.98
24.18
24.74
24.68
17.22
20.93
27.37
27.48
22.48
17.09
24.45
26.17
22.77
18.38
16.74
26.77
29.51
31.45
31.71
27.68
19.51
26.45
24.99
13.15
23.24
24.67
17.96
17.45
24.11
18.95
20.86
26.27
27.91
21.53
11.96
18.8
28.09
28.54
21.43
22.6
23.16
23.07
24.51
23.41
22.04
20.92
20.28
24.24
25.49
15.31
17.17
18.55
26.33
26.5
19.58
20.6
24.25
21.42
17.58
18.16
25.18
26.55
22.52
23.14
22.72
13.85
19.03
17.45
19.43
22.55
26.21
23.77
-2.81
19.83
20.1
18.65
19.59
13.62
17.6
20.28
22.25
21.61
21.41
27.23
19.97
23.23
24.28
-3.51
21.71
20.67
15.22
13.14
8.31
19.03
17.92
21.17
21.33
11.31
20.87
23.04
19.59
18.53
17.01
12.34
13.01
14.89
18.57
17.71
20.85
25.73
26.95
17.82
22.62
27.8
27.15
21.87
22.62
22.31
15.33
24.73
24.15
13.78
20.31
24.92
22.66
22.85
24.86
19.77
22.03
28.36
23.92
20.88
26.85
21.67
0.51
25.06
31.35
29.81
20.27
28.42
28.07
27.24
27.04
25.88
26.31
27.82
25.5
25.61
26.12
26.36
25.69
26
29.12
30.95
24.84
27.65
28.41
14.02
26.43
31.29
30.56
26
21.67
29.61
29.2
21.24
25.22
28.73
30.48
29.27
22.66
18.3
20.54
16.94
9.84
19.32
24.14
22.92
23.05
26.99
25.02
23.69
21.06
17.75
16.4
19.06
30.71
35.29
32.69
25.64
25.38
25.43
24.32
25.43
29.14
26.31
14.67
27.31
29.21
25.05
17.17
16.52
19.65
20.78
20.02
28
31.43
30.11
25.59
19.74
18.14
19.09
20.21
16.46
12.03
20.07
26.61
28.52
26.08
13.93
26.78
29.98
26.86
10.13
21.59
21.83
10.91
19.86
26.86
26.93
21.49
21.65
24.17
19.92
15.62
23.04
28.06
29.1
28.53
21.82
18.75
20.47
15.98
15.74
24.14
21.92
23.14
20.36
20.19
26.25
26.76
25.7
19.25
10.3
20.59
25.02
23.88
17.04
17.48
25.01
23.99
15.13
18.14
25.14
23.99
22.52
19.08
15.69
20.41
13.63
18.13
19.78
16.25
5.18
7.48
15.82
12.95
22.85
23.68
15.56
16.68
24.39
27.12
25.4
12.53
17.82
15.18
26.56
29.23
29.41
27.81
23.35
23.65
22.85
23.14
24.85
21.15
15.64
22.62
21.87
17.02
22.05
23.03
15.21
14.59
24.23
27.21
27.33
28.26
23.68
3.39
20.94
20.46
15.38
19.3
20.77
14.91
19.92
22.03
23.72
25.55
24.61
23.31
23.09
20.74
9.82
21.49
26.25
27.13
23.27
18.11
9.8
25.78
26.6
23.42
17.43
13.9
22.92
26.07
25.26
17.65
11.53
18.19
16.2
24.34
24.06
23.31
21.55
18.76
17.33
7.73
13.24
21.13
24.76
24.51
19.94
14.21
17.22
14.33
8.16
10.34
15.41
17.51
18.24
18.38
20.8
19.73
13.4
16.38
18.97
24.14
24.92
21.88
14.43
25.53
27.08
26.26
25.84
24.62
21.97
21.68
18.91
18.05
19.34
12.73
22.65
24.73
18.91
18.8
14.57
14.31
19.73
18.91
4.06
18.11
20.25
19.65
16.82
9.44
12.95
5.35
11.53
6.38
16.35
15.22
12.75
16.81
19.99
19.16
12.18
9.32
15.19
22.34
19.91
16.62
13.9
12.34
16.2
23.12
14.79
20.27
21.89
20.79
20.25
14.36
25.38
28.79
27.66
24.58
18.89
14.15
21.24
19.56
13.27
-0.41
19.49
22.55
23.13
19.02
15.19
21.05
22.83
14.14
22.59
20.57
17.52
2.97
19.41
23.88
22.38
18.4
23.24
22.75
15.9
13.74
16.04
22.27
24.05
26.81
28.19
25.84
19.28
15.4
16.25
20.05
7.72
16.61
14.55
6.57
9.5
19.99
18.36
13.32
19.74
21.97
14.29
15.13
11.49
14.39
16.91
18.77
22.74
22.53
-3.3
21.26
21.76
21.88
18.45
18.54
23.78
24.95
21.31
3.98
4.15
12.45
22.36
22.02
18.51
20.43
21.21
18.61
-8.08
15.45
7.29
21.73
27.72
26.68
22.49
20.07
18.86
3.72
20.11
21.29
2.6
19.22
15.22
14.62
21.91
22
21.08
20.11
4.32
22.36
24.86
14.49
15.61
11.69
17.87
22.79
24.31
22.46
21.1
18.96
18.31
18.58
11.15
13.74
9.8
12.14
12.18
18.31
23.82
21.1
11.57
10.9
18.22
19.6
18.79
16.58
15.83
16.64
21.06
15.85
24.55
25.07
22.65
24.79
22.46
17.16
17.89
22.35
24.42
18.63
19.79
20.47
13.57
16.8
21.83
18.14
21.14
25.99
24.62
22.18
20.67
22.81
25.65
25.1
20.76
18.29
19.16
13.83
17.48
22.71
20.54
15.28
13.65
14.7
9.45
7.11
18.61
14.53
18.16
23.95
28.29
26.53
18.35
17.9
20.15
16.87
23.23
16.99
24.19
24.25
18.67
16.42
20.42
18.05
19.41
13.99
20.19
15.54
22.29
21.42
12.59
2.24
12.05
21.02
20.89
21.32
22.14
20.76
21.82
16.87
16.18
16.74
19.86
17.58
17.77
19.37
15.64
15.38
14.98
20.94
16.24
24.64
27.81
28.01
26.32
23.65
22.09
21.03
15.46
12.38
20.24
22.86
24.86
22.63
20.46
22.2
22.78
26.46
21.19
17.42
31.44
35.53
30.76
19.18
18.67
21.66
23.41
15.76
15.66
12.06
10.4
8.08
17.7
19.04
22.7
22.05
21.35
23.27
21.82
15.4
12.39
3.43
6.38
14.18
18.38
11.77
14.92
22.17
20.14
17.2
17.3
24.54
23.99
7.91
19.08
20.04
19.95
21.99
24.4
23.29
22.44
21.21
15.78
15.89
20.53
21.41
22.71
19.86
13.72
8.99
15.15
22.94
18.47
17.09
23.04
21.59
17.21
17.76
20.36
18.42
1.64
16.26
19.59
20.3
22.25
21.11
17.72
17.47
1.66
12.23
14.86
17.51
22.2
18.69
16.83
14.61
14.69
14.07
16.12
19.74
22.77
22.17
16.99
7.58
14.17
5.21
14.79
-3.01
10.37
11.68
17.6
19.43
21.78
22.66
11.22
17.61
15.73
16.7
19.58
16.94
17.6
12.52
15.35
19.84
16.8
23.15
26.88
24.63
20.97
14.4
11.17
13.69
19.18
20.1
13.49
15.35
14.44
15.65
23.21
22.95
17.02
15.68
15.14
18.99
17.41
17.7
14.68
16.39
15.84
7.51
14.22
20.64
11.62
15.55
20.49
16.25
11.65
12.33
9.31
15
20.09
20.27
18.99
17.07
18.56
17.26
25.13
23.9
8.54
15.46
19.06
19.85
15.99
7.81
14.6
14.47
14.22
22.49
21.74
13.87
20.39
20.1
16.81
15.27
4.51
19.13
19.51
4.25
21.63
20
5.46
5.36
11.24
11.78
16.63
14.42
7.09
10.79
12.92
9.74
22.13
24.1
20.48
16.53
22.27
25.88
26.68
21.88
16.76
19.58
16.78
13.71
17.47
18.58
14.52
4.19
20.89
25.59
24.83
18.39
15.57
13.39
11.4
14.08
9.92
18.48
21.59
21.57
15.89
10.24
12.05
17.13
16.82
6.01
10.34
10.51
21.96
22.65
11
8.43
13.07
16.59
17.67
-9.42
17.16
17.38
15.26
18.43
19.27
14.95
17.33
16.42
15.58
15.99
16.3
12.35
10.46
14.13
20.03
22.77
18.82
5.44
-11.26
4.12
6.13
7.38
-13.82
9.47
13.37
16.26
12.73
12.83
12.82
12.7
15.76
12.24
8.56
10.23
16.91
13.32
18.51
19.42
17.62
16.07
13.9
14.46
14.52
2.74
9.88
3.92
16.11
14.77
1.97
9.57
3.84
12.78
19.48
17.91
11.2
13.17
11.56
12.19
9.66
18.01
18.34
19.24
17.19
10.52
10.91
9.31
14.35
13.43
7.98
14.61
9.45
2.46
1.6
11.21
13.8
12.6
16.41
15.55
9.32
5.06
2.36
6.55
-6.33
-0.34
6.42
-8.17
18.18
19.96
9.98
13.57
-2.04
14.67
11.91
3.33
11.7
13.36
13.03
14.91
18.4
19.41
15.29
0.85
7.53
9.96
19.81
21.32
19.19
16.26
13.19
15.69
18.03
7.11
18.84
19.7
11.82
-2.98
7.95
12.94
17.51
19.08
15.7
13.95
16.4
12.43
4.69
5.47
7.38
5.26
11.43
17.15
13.62
3.64
6.93
12.75
16.21
17.51
15.2
-4.04
8.75
10.28
7.84
12.78
5.47
13.22
15.5
15.07
8.2
-14.84
3.19
5.17
9.47
-23.01
12.11
11.04
7.27
12.06
14.57
16.83
10.23
12.48
17.54
13.89
11.88
7.29
10.92
9.56
9.56
10.02
0.93
12.1
12.49
10.18
10.28
13.81
15.51
18.58
19.15
12.49
2.66
11.28
12.68
12.5
16.28
16.23
0.54
13.14
15.39
16.91
15.23
11.52
1.24
4.27
6.81
16.12
15.28
-7.69
13.38
17.48
17.7
16.12
17.37
16.14
2.28
8.96
15.51
15.52
19.26
20.12
7.56
12.74
14.84
13.11
10.8
6.86
-0.45
15.34
18.11
15.14
15.38
10.73
18.4
17.2
15.48
9.26
0.99
6.99
5.54
10.35
2.69
15.29
15.43
11.36
6.42
12.7
13.74
9.74
10.64
12.01
0.79
7.6
7.49
8.42
16.62
13.7
7.2
12.04
5.03
18.2
13.45
8.12
12.53
12.44
15.3
17.41
16.71
12.34
15.21
4.03
15.19
16.34
18.64
19.35
18.62
17.15
17.93
16.64
12.72
6.74
12.7
16.7
14.06
8.69
-7.62
5.5
-7.14
-8
10.4
15.84
19.64
22.41
22.57
21.01
22.01
21.58
17.55
15.97
18.68
18.82
16.27
7.54
16.99
19.52
15.91
3.05
1.84
3.95
-10.74
9.77
14.89
15.95
15.3
11.96
13.9
6.37
13.62
17.09
19.35
21.71
17.5
14.13
20.61
9.46
20.82
22.54
16.38
4.92
8.75
3.23
22.69
26.79
23.24
11.25
11.56
14.06
4.2
11.71
14.99
15.41
12.23
2.87
4.78
9.69
9.28
-1.91
17.05
18.38
10.19
11.52
15.2
16.94
14.26
18.63
16.42
11.14
16.32
7.83
9.2
10.76
11.83
18.87
18.15
17.5
5.86
13.16
14.63
14.34
14.81
7.64
5.2
3.41
15.2
16.16
16.95
18.09
8.47
13.23
6.53
14.59
15.44
11.62
10.68
9.79
12.72
13.26
6.23
8.16
2.3
15.95
18.86
18.15
13.48
8.09
13.24
15.98
14.63
7.71
13.73
10.49
-3.15
9.63
18.77
20.85
15.8
13.28
16.55
12.58
6.52
8.72
14.1
18.86
19.95
16.38
11.84
13.51
14.11
17.59
14.18
9.31
3.97
10.76
13.65
9.59
11.18
12.17
1.73
13.52
15.34
15.67
15.63
10.85
2.13
6.75
-2.54
6.82
14.11
14.05
13.05
13.74
16.49
16.17
11.5
19.4
14.32
17.57
20.29
2.52
12.33
11.53
10.8
15.29
21.83
21.33
20.19
20.2
16.87
16.03
16.35
14.38
13.95
13.08
12.11
10.54
16.86
5.3
16.54
18.19
8.52
4.74
9.79
18.54
21.09
17.84
11.58
14.2
0.07
9.81
16.38
20.2
17.26
11.95
5.64
16.31
14.54
-7.41
8.51
13.05
10.44
2.72
4.56
-2.74
11.01
11.3
13.05
19.7
20.53
20.08
18.28
6.97
15.52
10.06
19.64
21.18
20.15
21.67
18.59
13.96
17.2
18.4
13.12
7.15
14.76
13.31
16.05
17.25
11.44
11.03
13.81
17.21
16.47
15.72
20.41
19.74
20.71
22.67
20.93
12.07
11.11
14.88
14.01
10.91
15.43
7.67
-8.71
11.64
15.95
9.61
14.32
20.19
19.58
17.25
12.16
9.55
18.69
23.07
20.22
23.32
23.18
13.52
14.06
20.97
23.76
19.56
2.81
5.32
18.95
21.84
21.05
19.06
14.76
17.69
12.87
18.35
16.53
13
16.32
17.95
16.79
18.24
16.65
-5.87
9.04
-9.53
9.84
14.39
2.86
15.35
15.36
11.9
17.38
10.75
12.08
17.47
18.48
18.09
16.7
8.55
17.27
19.44
18.84
22.21
16.92
6.94
-0.76
13.2
16.69
16.17
15.45
11.56
4.32
16.12
15.28
11.12
8.01
14.36
14.87
19.15
22.47
20.18
13.77
14.19
13.56
0.39
17.49
19.12
17.31
17.36
19.68
19.65
18.6
19.96
21.09
22.08
21.04
12.69
-2.51
1.28
9.78
13.06
12.11
12
1.81
12.5
17.12
14.44
15.02
10.41
10.96
8.65
18.17
17.33
4.61
11.04
11
5.24
18.87
18.16
9.74
-4.32
10.93
11.9
19.07
21.39
14.59
17.1
20.01
20.72
22.69
21.48
18.88
18.96
21.85
20.86
19.89
18.65
15.82
14.7
12.09
12.02
14.69
13.98
15.21
19.58
18.08
19.58
16.59
16.23
16.98
15.4
13.95
1.15
14.49
16.56
12.54
11.5
17.21
13.46
10.02
11.78
14.5
18.96
22.03
19.34
14.71
17.36
12.09
12.71
12.22
8.87
19.16
23.31
21.87
13.07
14.48
14.84
3.27
16.65
20.69
12.67
16.96
16.17
12.24
18.89
15.59
12.4
11.31
7.3
3.06
13.98
17.93
13.56
6.68
9.54
17.67
11.59
15.48
13.18
7.84
11.84
13.64
4.76
5.63
12.2
6.92
7.75
4.89
6.32
11.24
8.71
15.38
16.01
17.9
9.96
12.18
12.88
13.43
20.88
19.18
11.13
13.05
4.52
-9.74
9.5
8.5
12.5
8.72
10.98
18.82
17.69
5.52
5.42
9.53
10.44
9.3
17.81
17.87
6.16
14.41
18.62
18.65
18.3
11.88
6.55
12.07
11.07
12.57
19.86
21.01
15.9
14.68
16.54
12.84
19.46
21.43
15.45
-0.44
11.71
14.68
17.71
17.87
13.57
16.16
16.1
15.34
16
17.21
14.94
11.29
16.09
18.14
17.86
13.94
10.7
16.79
20.98
16.07
9.02
13.82
17.94
16.66
15.67
17.71
17.1
13.57
13.91
18.29
7.51
15.28
18.47
6.29
15.51
18.03
16.86
11.81
6.82
12.9
16.5
16.98
18.04
18.49
17.46
14.88
15.05
19.2
22.18
18.37
12.3
16.71
15.03
18.86
20.01
14.1
6.93
13.91
16.46
14.74
11.43
7.8
7.23
3.31
6.22
14.16
15.77
16.72
14.84
13.25
17.25
15.37
12.84
10.24
6.12
15.54
13.05
10.59
12.07
14.98
13.54
15.09
18.08
16.94
17.66
14.72
-0.44
11.96
12.57
13.3
3.1
14.17
17.54
14.65
9.9
7.08
16.11
15.6
7.83
-2.23
0.91
13.59
13.65
12.91
15.75
13.65
5.54
6.38
-2.35
9.03
9.66
8.54
7.23
8.33
11.74
10.51
12.73
6.86
9.74
3.95
7.86
12.58
15.91
16.4
12.22
14.88
13.45
15.63
12.92
10
16.39
2.85
12.25
11.39
11.9
12.47
9.23
17.07
12.86
8.66
11.46
11.78
14.48
15.73
15.21
15.76
15.32
10.06
11.38
15.82
16.99
14.24
12.79
11.73
14.97
17.31
18.63
16.77
14.56
16.18
18.25
18.58
13.22
9.6
20.71
21.51
13.12
-5.36
7.63
11.56
14.33
14.39
5.81
14.49
12.82
13.9
18.31
14.5
10.68
12.72
4.02
1.25
4.43
4.39
10.94
9.19
-16.99
11.81
14.68
11.79
11.94
10.71
10.04
14.56
15.75
15.64
4.75
10.9
9.82
6.69
8.57
11.56
16.45
16.36
15.91
13.25
4.04
11.7
16.85
13.56
9.71
15.21
9.53
14.42
14.06
7.89
16.01
17.77
12.36
5.22
12.73
18.07
14
0.27
11.52
14.24
10.35
11
13.58
7.55
-8.63
10.32
14.07
14.21
9.35
-2.3
7.53
10.49
8.87
0.62
-5.08
-1.28
-4.24
-2.38
6.47
8.96
0.82
14.45
15.93
13.72
5.66
-9.07
-1.24
-1.28
-1.25
13.58
14.26
5.23
-0.21
2.57
9.92
9.53
11.16
10.58
8.51
11.99
15.69
4.54
11.79
13.06
14.31
17.67
20.41
18.72
12.32
6.02
8.96
8.84
7.53
-0.51
10.21
15.63
14.86
11.32
13.68
15.93
16.21
15.92
13.29
15.37
17.65
15.67
1.02
17.68
12.34
9.97
13.7
14.43
14.63
16.27
17.17
14.12
12.24
8.78
6.97
13.78
10.07
9.72
11.71
8.13
-0.6
13.19
16.94
16.12
12.45
8.15
5
13.25
18.87
22.52
21.21
14.73
15.05
18.89
16.27
5.76
12.9
16.86
16.61
13.92
-0.28
11.14
12.46
6.52
2.07
10.79
12
13.59
11.42
7.59
10.15
9.7
8.05
10.86
10.46
-6.66
9.84
14.65
16.7
16.3
9.39
-3.45
6.71
16.71
19.01
16.7
13.03
6.54
5.24
5.85
6.26
4
13.97
16.64
16.86
13.49
4.01
-4.57
10.78
12.83
7.13
2.84
11.02
10.31
2.57
14.96
12.67
8.38
12.92
5.49
11.43
17.16
20.23
22.35
19.49
14.42
0.41
9.76
10.65
14.75
18.35
18.25
12.28
3.71
5.69
6.73
13.17
7.75
-0.09
4.33
11.66
3.82
9.55
10.21
5.31
5.16
10.29
10.96
14.09
12.75
1.73
13.58
4.93
4.98
-9.27
12.82
15.43
16.17
15.84
12.29
5.71
12.63
16.18
17.76
18.25
11.7
14.28
15.64
16.49
15.73
11.45
4.68
8.05
15.16
16.7
16.07
16.6
16.41
15.89
7.01
8.66
12.94
12.23
9.85
15.05
15.09
4.21
7.98
9.85
12.25
15.94
14.41
8.17
-0.27
0.28
9.69
13
13.14
13.21
7.29
6.58
13.54
14.18
12.52
10.58
11.79
16.45
14.07
10.05
16.12
9.08
12.07
17.46
14.04
3.02
8.6
10.87
13.52
8.91
7.78
3.95
2.45
8.47
7.85
10.05
12.54
12.83
7.36
10.93
13.67
11.5
11.81
12.77
8.62
6.15
10.31
0.88
6.93
10.43
9.86
13.14
13.12
11.71
15.76
16.65
16.39
19.49
19.39
16.39
11.62
12.27
16.32
15.31
8.13
17.96
18
10.93
5.81
8
9.28
12.88
7.52
14.81
17.44
12.75
11.06
17.16
16.2
0.27
15.45
15.19
11.59
12.54
4.5
8.68
9.41
10.61
14.29
9.19
10.12
4.73
12.25
14.26
2.57
12.79
17.39
13.71
-12.21
4.63
3.04
5.68
14.86
17.75
12.54
12.13
6.46
6.59
10.97
9.25
9.08
12.13
8.64
8.04
15.57
16.15
12.47
4.96
9.83
7.5
4.05
0.27
15.93
16.37
8.6
8.48
11.87
13.9
13.53
11.05
9.51
15.77
13.61
9.51
10.47
-8.88
14.14
14.99
14.14
14.72
14.11
11.64
16.22
16.99
16.43
18.41
19.26
16.86
7.84
6.8
7.24
12.35
15.31
12.62
-1.07
4.96
3.73
8.15
5.22
9.81
9.65
4.93
5.61
11.51
9.04
10.17
8.53
9.91
16.73
17.09
6.23
9.48
5.22
6.48
11.03
13.35
17.54
17.74
11.52
7.52
11.93
9.33
11.72
0.2
8.04
7.41
15.66
17.31
15.19
4.24
4.66
3.06
8.14
14.52
16.19
11.26
6.98
4.15
11.99
1.74
9.07
7.2
7.48
10
15.46
15
12.58
13.39
8.55
-3.51
7.73
14.54
11.5
-1.5
4.91
8.1
12.84
11.29
3.91
7.02
11.36
8.6
14.95
16.56
14.94
15.36
14.29
3.98
15.56
3.96
13.32
17.97
19.35
15.35
8.65
16.15
13.93
14.47
16.84
11.22
-0.28
10.6
5.57
15.49
15.31
14.5
14.04
10.81
-2.48
13.54
12.38
5.85
2.91
-13.1
8.09
8.95
2.2
5.99
13.06
17.5
17.62
6.38
13.8
17.69
18.47
17.99
15.25
10.53
11.3
14.94
14.51
15.92
13.53
12.9
13.58
9.97
10.88
7.79
3.93
8.4
16.06
18.99
15.7
6.58
8.84
10.22
9
8.96
3.2
8.2
7.63
14.84
9.26
13.12
11.41
5.31
13.08
12.95
-1.24
5.67
12.03
17.7
10.38
-1.99
1.12
9.27
-12.04
13.73
14.76
11.68
14.24
16.62
15.24
12.78
16.53
11.29
11.82
11.74
10.58
15.41
4.23
2.96
-2.42
3.69
12.61
7.97
-4.36
4.06
-0.14
4.11
6.86
10.56
16.18
17.98
14.78
16.43
10.83
12.4
12.96
11.03
11.88
16.93
14.77
4.38
11.91
14.85
5.05
18.93
14.85
5.28
10.03
9.18
15.24
17.77
17.78
12.8
-2.23
4.91
8.87
0.19
7.43
7.6
8.34
10.91
15.52
12.88
6.86
11.52
5.99
-2.77
9.58
13.65
10.68
8.91
6.79
8.25
12.77
15.99
17.74
12.87
6.18
4.97
0.91
10.21
14.98
18.24
19.5
17.36
15.05
12.21
9.66
16.95
16.78
9.76
12.53
9.25
8.01
9.56
2.91
5.2
8.33
7.58
6.55
12.21
11.79
12.35
11.62
10.98
13.43
13.48
12.86
8.13
0.65
8.87
13.92
13.58
12.18
8.96
4.71
-1.9
4.27
8.78
14.47
17.23
11.72
-0.35
9.04
12.76
9.93
4.3
12.13
7.3
4.2
8.03
13.79
9.86
11.83
17.96
16.21
10.66
13.28
15.14
12.94
0.6
13.64
14.41
14.78
15.41
15.18
14.85
5.75
9.44
13.84
12.3
7.52
13.5
12.73
10.61
4.51
7.37
12.17
13.27
8.93
6.33
11.44
10.48
4.63
13.18
11.25
8.95
6.75
13.27
15.07
11.46
2.1
12.02
13.86
14.06
13.51
10.11
10.7
11.5
2.62
8.72
2.7
9.11
13.81
8.43
1.49
3.58
11.37
15.76
14.06
6.14
13.93
15.63
18.18
17.98
11.72
7.94
10.99
11.06
7.46
13.44
11.97
-1.17
13.09
16.72
13.29
6.5
6.03
15.72
13.59
4.4
8.44
5.94
-5.78
12.71
12.32
8.42
3.39
-17.19
4.95
8.92
11.49
1.81
-13.97
9.62
9.86
10.7
13.54
13.91
12.96
8.61
18.25
18.07
10.22
10.09
9.05
0.32
12.1
11.07
2.44
-7.7
6.09
14.18
12.05
11.2
17.51
15.17
10.18
14.94
16.55
10.32
15.16
18.15
16.1
12.13
11.23
9.71
12.09
11.36
10.51
3.93
-3.69
-0.04
4.64
16.62
19.01
16.36
11.19
14.75
10.86
8
5.75
4.65
14.26
9.52
5.78
4.67
13.2
12.87
13.56
17.81
12.36
16.77
18.15
6.53
11.52
9.79
1.34
10.86
16.97
17.42
12.39
-2.05
8.06
16.18
13.45
15.03
13.55
11.17
17.8
14.48
8.07
7.94
12.6
15.96
16.27
12.08
13.72
15.07
9.45
3.53
8.9
9.93
15.19
16.74
10.11
11.12
11.48
10.41
13.16
8.59
10.35
11.29
11.27
4.49
9.95
12.9
1.5
15.08
16.98
16.22
11.57
10.65
6.25
7.26
11.9
12.01
5.35
2.28
7.43
13.78
14.73
14.98
11.52
10.02
15.15
12.49
2.53
0.66
15.4
17.34
12.76
13.76
11.46
0.39
8.85
11.26
15.51
14.15
9.8
10.98
16.18
17.54
12.5
11.56
11.29
8.85
12.44
6.33
-0.21
-1.68
11.37
12.68
17.89
20.78
17.36
14.22
15.38
-2
12.05
4.3
-0.77
2.91
9.84
10.77
8.66
10.54
7.15
10.58
7.73
13.42
16.43
15.97
15.2
13.66
17.05
11.77
12.2
15.74
10.77
8.99
14.94
14.61
8.02
9.34
5.53
6.16
8.7
2.48
12.78
16
12.68
15.31
10.15
12.31
16.07
4.83
14.53
11.84
17.21
16.34
5.7
3.06
2.87
-0.44
5.15
5.61
11.6
12.78
10.7
7.87
2.26
4.57
6.04
16.33
16.29
15.23
16.69
11.66
17.25
17.42
10.68
10.06
14.61
19.12
16.72
1.76
4.4
8.05
9.63
2.39
15.4
17.11
10.13
-1.32
12.75
19.04
17.68
8.29
9.49
11.49
0.61
10.28
13.51
10.38
6.49
12.52
11.98
9.48
6.89
7.5
7.27
16.16
16.18
11.09
17.75
13.67
14.4
18.33
11.93
7.68
11.95
14.26
15.02
9.9
11.81
16.86
16.93
8.74
8.26
12.09
11.12
13.95
12
7.14
1.55
3.22
8.26
17.55
20.49
17.76
12.43
8.38
5.55
14.28
9.62
2.04
5.17
3.17
-3.32
-7.2
10.55
16.86
16.22
10.3
12.93
15.92
16.16
16.22
14.12
1.51
12.56
18.16
19.25
17.75
15.98
14.41
11.74
10.52
10.98
12.66
-0.24
11.34
11.04
7.46
7.97
11.12
8.84
15.37
18.35
19.27
18.14
16.65
15.98
11.84
10.97
8.67
5.27
14.03
17.17
13.95
14.09
12.55
2.65
14.24
17.84
16.44
13.77
10.65
2.81
14.51
13.41
11.52
15
15.78
6.94
13.13
19.94
21.31
19.51
15.33
10.93
15.01
19.95
18.34
16.98
15.21
12
13.94
15.54
16.03
13.88
14.22
17.26
16.75
14.16
15.41
9.2
4.82
5.03
4.02
1.37
4.35
17.08
21.54
18.78
11.99
8.21
7.71
16.5
17.96
18.25
15.35
5.31
5.38
5.79
8.71
9.13
4.88
12.49
4.66
14.25
19.87
18.96
12.87
10
11.35
10.98
10.6
8.43
15
15.24
9.65
2.54
16.95
17.21
3.67
6
4.6
-4.64
-0.39
12.14
16.56
16.94
15.16
11.25
0.04
10.57
10.78
10.33
0.3
11.86
9.82
12.81
18.3
14.64
2.15
15
12.28
12.4
17.97
16.58
11.21
9.9
11.96
12.24
7.73
5.45
8.75
6.06
8.21
8.65
5.72
4.44
-0.04
-22.85
4.71
11.35
11.04
3.3
-2.53
6.72
10.33
10.52
9.41
-13.42
-4.63
11.52
12.94
12.61
14.05
11.16
12.7
12.59
9.61
10.37
11.85
11.88
7.27
9.97
8.14
-2.72
-10.35
-5
2.1
1.33
-8.52
4.71
9.36
10.48
11.84
16.41
16.17
12.88
13.68
11.2
5.53
11.43
14.45
10.69
13.39
13.21
11.13
9.91
4.4
-12.72
10.19
13.19
6.48
12.65
7.89
11.42
6.31
7.99
13.41
14.04
11.64
7.54
13.29
14.21
10.21
12.45
13.73
11.07
6.27
-9.87
6.3
12.94
14.21
9.7
11.32
11.94
9.53
10
12.3
13.22
8.39
-5.5
2.09
7.29
13.4
16.17
13.47
-3.68
13.54
16.3
14.85
8.4
8.31
18.11
17.85
8.74
7.94
9.27
12.07
17.16
13.79
4.15
12.05
14.49
10.58
3.11
10.55
14.95
15.42
13.82
13.11
9.48
6.63
4.21
8.39
15.58
16.91
17.3
15.2
15.77
15.19
10.87
10.79
9.74
6.74
7.95
10.53
16.05
16.23
12.76
13.53
9.99
14.67
18.53
15.18
11.04
9.09
2.08
11.23
14.3
15.97
16.14
13.25
13.04
11.66
15.53
18.11
16.55
12.15
10.88
10.8
7.82
10.4
7.9
12.43
16.02
20.27
22.23
20.89
18.23
17.53
19.71
16.44
6.99
11.45
9.77
11.57
17.71
16.44
12.07
12.42
11.77
13.08
16.66
14.73
9.43
12.28
11.46
6.12
0.91
6.37
3.21
10.61
12.86
14.26
19.03
19.09
15.93
10.82
-6.58
6
7.64
16.36
17.6
10.82
0.25
9.93
14.81
16.12
15.74
15.6
17.92
18.45
16.31
15.58
11.43
13.23
13.88
7.16
3.88
5.71
7.4
14.97
17.23
16.49
11.41
-0.9
2.02
2.91
4.93
11.27
9.61
-5.75
2.74
13.22
14.41
11.05
9.09
16.61
15.95
13.9
10.86
7.22
4.82
6.29
8.41
6.35
11.03
11.36
13.3
11.76
2.58
6.18
4.54
0.37
7.1
7.15
5.09
7.73
1.77
11.89
9.95
6.5
12.02
8.97
6.19
7.4
12.19
16.24
14.44
6.36
1.72
10.48
13.85
15.03
16.39
13.57
7.93
-4.62
7.81
6.57
8.62
7.92
5.72
8.98
9.71
13.38
14.95
-1.32
14.44
14.57
12.42
10.93
-4.88
15.33
16.85
7.49
11.41
16.18
16.68
10.19
12.99
12.1
9.1
9.49
11.95
15.43
10.45
-6.84
6.39
13.64
14.74
10.16
7.35
14.2
12.64
14.56
14.41
7.84
7.26
12.82
10.67
3.38
9.02
12.75
13.35
12.09
11.1
5.42
4.96
13.13
16.15
16.42
13.94
16.06
18.98
15.24
17.2
19.96
13.62
6.16
10.83
2.51
7.78
2.2
-3.55
10
7.3
11.49
16.17
14.69
10.97
4.87
7.96
16.12
17.29
16.92
17.57
16.39
13.32
2.01
9.53
12.14
4.23
6.44
10.84
-7.43
13.94
15.73
8.96
8.68
8.76
10.07
17.41
17.76
9.46
13.7
11.44
-15.46
10.63
12.12
9.24
12.6
7.15
9.53
13.15
9.39
8.21
0.63
-0.69
-1.16
8.83
11.66
5.38
7.72
13.72
12.59
14.59
17.14
15.54
9.73
6.72
9.43
12.22
7.2
-17.13
13.24
16.97
16.24
18.24
16.97
12.68
14.07
13.35
6.58
13.26
17.7
14.37
9.73
8.01
6.82
-0.41
0.11
12.07
17.3
13.47
8.53
17.04
17.23
12.96
9.05
14.87
17.73
15.37
12.53
12.56
7.8
6.15
15.99
18.65
13.57
8.59
16.27
17.73
15.92
1.08
19.85
22.91
20.11
13.66
2.18
12.13
14.21
15.2
12.17
10.42
5.47
4.42
11.38
9.07
-2.94
13.46
15.34
7.28
-2.74
8.82
16.46
16.6
14.58
9.96
3.85
11.8
14.18
14.01
10.98
5.05
-11.52
7.77
7.21
0.12
9.48
7.06
9.99
14
10.18
-13.82
1.77
11.74
14.42
1.9
13.67
14.78
10.78
16
15.91
12.3
19.02
19.14
16.68
14.19
5.54
-2.54
12.47
13.91
8.1
0.6
9.82
16.29
7.33
13.54
16.47
9.34
5.49
11.23
12.66
6.02
5.11
8.08
14.37
13.39
0.9
0.47
12.38
13.77
8.84
7.92
11.02
9.92
9.37
12.42
13.59
13.5
16.12
15.19
3.03
10.14
1.23
15.88
16.47
15.09
15.56
15.02
14.88
14.74
15.72
17.49
15.22
4.38
-0.43
12.6
15.53
14.93
11.39
14.63
14.99
7.26
16.84
14.37
-1.24
10.43
9.96
13.87
19.04
17.93
10.17
8.06
9.32
7.95
15.56
16.01
9.78
1.56
2.82
-0.02
9.04
8.65
11.16
15.46
16.32
14.6
8.07
10.82
15.71
16.53
9.3
9.05
14.56
15.52
13.88
8.85
8.79
12.9
16.48
15.32
10.48
12.95
12.56
9.61
3.69
13.56
14.13
5.89
10.54
7.68
11.7
15.13
10.35
2.69
5.31
1.38
6.22
8.37
8.66
5.4
12.47
12.18
0.7
15.12
18.2
16.16
13.18
20.34
20.03
16.13
13.73
15.54
14.52
13.06
