8
4.77
12.12
14.35
13.33
10.19
3.84
-2.43
2.6
9.87
9.1
-5.63
-6.73
6.19
8.5
10.07
14.67
15.19
11.62
-2.1
3.99
1.57
3.24
6.96
7.67
3.24
7.6
-4.87
8.29
13.76
15.78
13.51
0.86
14.62
14.85
10.96
10.44
9.28
-7.5
1.97
11.61
12.82
13.26
10.41
8.73
9.55
3.71
-5.16
3.24
13.59
17.86
18.11
12.38
4.33
8.99
9.97
11.65
10.08
2.78
-2.78
6.37
7.34
1.4
-7.07
4.97
10.82
15.45
14.59
4.47
0.87
1.81
7.72
12.2
12.02
9.67
8.85
10.86
12.56
9.84
8.1
6.55
8.51
10.59
7.34
-8.76
5.03
1.13
10.93
12.91
13.77
11.36
-3.89
7.62
11.45
10.16
3.98
6.1
12.3
13.34
11.12
10.3
0.92
12.16
15.2
11.99
16.31
14.13
-7.77
6.61
-0.12
2.18
3.33
6.76
10.36
14.81
13.91
5.57
7.47
3.64
3.08
3.34
0.86
12.01
11.88
4.53
-2.25
3.84
1.24
9.31
15.17
17.02
14.14
9.81
12.35
8.63
9.04
12.87
14.71
12.81
6.98
7.15
8.8
10.69
-0.78
0.07
-1.84
4.83
2.13
0.85
4.34
10.73
12.39
6.53
9.29
8.12
6.79
5.63
8.27
11.69
10.28
10.95
8.2
6.76
10.57
3.33
2.11
14.65
17.1
7.6
10.34
9.07
8.11
8.85
3.51
5.8
8.01
10.63
12.18
13.17
8.65
4.29
10
-2.49
13.72
14.41
12.15
11.16
10.61
12.92
11.69
7.98
12.48
18.04
17.99
17.75
16.5
11.53
2.41
7.98
15.17
17.64
13.55
0.92
-7.77
8.74
14.88
14.56
12.69
16.6
12.83
2.95
8.32
11.19
12.19
12.71
13.33
13.99
12.54
6.54
11.15
6.83
7.11
13.2
14.34
8.94
4.44
4.78
6.92
12.9
13.55
12.02
10.73
2.03
16.57
14.45
2.75
6.8
12.25
7.3
4.07
7.95
-6.37
0.53
-3.65
4.66
9.84
9.45
1.66
-0.34
10
9.95
4.18
5.39
2.11
13.25
15.18
6.54
2.7
11.14
3.42
9.99
7.64
5.87
12.06
9.3
2.21
12.3
12.6
0.38
5.87
11.27
13.09
9.83
5.19
1.13
1.9
7.87
12.99
12.24
3.57
0.57
-2.21
9.11
7.8
7.68
11.28
10.49
1.1
2.94
6.88
4.06
9.05
11.08
6.91
9.94
12.9
5.58
15.45
12.52
3.67
12.4
11.01
14.33
13.01
7.92
10.79
13.34
12.73
8.38
6.3
10.55
13.46
13.3
10.8
1.56
0.42
0.97
8.08
10.91
8
9.08
9.03
10.69
13.36
11.48
11.43
14.03
15.59
16.83
12.61
6.22
8.13
5.91
14.7
16.17
16.08
14.38
2.9
1.71
2.36
-4.08
6.55
9.35
8.33
6.06
7.14
12.01
9.39
9.15
16.44
16.75
15.25
9.12
-21.07
-4.93
0.97
-6.21
1.57
9.96
7.37
4.29
-10.06
-6.27
10.99
12.44
7.62
13.15
15.15
6.89
11.24
10.41
10.53
6.94
1.04
2.97
5.99
9.33
11.51
10.06
10.81
10.29
7.19
13.96
16.59
14.32
8.95
10.34
11.96
6.67
4.64
9.7
10.79
3.75
10.47
9.62
7.15
8.65
10.23
7.41
-3.16
5.93
0.03
4.52
10.28
11.29
2.36
7.52
9.9
-0.39
2.81
3.54
6.79
13.55
16.49
16.53
14.48
12.79
13.2
15.87
17.8
17.98
13.94
3.15
8.83
-0.31
5.59
0.79
8.24
13.79
12.68
10
11.03
7.36
4.7
9.2
10.1
11.65
10.97
10.23
10.81
10.77
8.4
6.73
8.24
4.19
4.74
5.63
9.52
4.79
0.62
5.06
0.66
1.69
3.83
6.44
11
9.97
14.09
14.6
7.43
-1.92
10.68
11.32
5.37
4.06
10.05
12.97
14.18
12.15
6.73
-3.69
4.5
9.04
8.79
4.87
4.59
10.18
7.97
9.38
11.47
10.27
7.28
11.3
13.38
15.1
14.47
14.49
12.81
10.26
14.95
17.81
14.02
1.23
11.38
12.33
10.51
4.85
4
6.78
6.95
14.19
15.39
13
6.88
6.18
10.46
12.49
12.79
14.98
13.56
6.82
8.93
9.68
13.53
12.14
-6.65
5.36
4.94
-1.28
2.45
-1.8
10.11
15
15.58
11.26
3.9
-4.63
3.66
12.24
8.89
4.01
7.96
5.18
13.37
16.45
9.7
5.86
9.08
12.18
12.77
7.73
1.11
13.94
13.18
11.41
12.65
12.96
8.69
14.76
12.72
4.42
12.73
14.9
10.58
-2.85
9.43
12.84
12.95
11.23
13.86
15.78
13.28
11.46
10.62
8.92
5.01
3.41
7.7
5.34
12.64
14.4
12.82
7.14
8.39
12.25
11.44
9.67
9.27
8.98
4.14
8.85
1.92
8.99
6.64
11.53
10.63
8.5
8.65
6.42
-3.91
8.49
14.16
17.32
14.55
-2.6
9.13
8.59
10.48
10.38
8.8
5.92
12.39
12.46
6.47
8.2
12.56
9.75
7.65
14.1
12.59
7.56
6.36
-4.49
14.01
15.97
9.71
-3.02
5.6
8.91
8.61
4.4
8.85
6.77
15.5
13.3
6.53
7.99
5.76
-6.63
-1.97
3.57
7.03
10.16
14.46
12
6.32
4.13
7.95
8.97
9.8
13.41
12.46
15.48
16.57
14.1
8.94
8.06
11.09
13.95
8.8
-3.64
6.9
11.11
-5.12
8.59
8.69
12.46
17.16
15.65
3.13
8.33
8.05
7.61
5.37
3.34
8.87
15.76
11.81
-1.36
6.75
11.42
11.39
10.15
5.16
2.91
4.97
9.54
12.71
14.14
11.26
10.68
11.36
4.32
1.24
6.74
5.31
13.21
14.7
8.27
-1.08
-16.99
10.4
14.5
14.37
14.56
13.04
4.22
7.72
12.47
14.12
12.95
10.46
11.82
5.23
12.28
16.13
16.45
15.29
9.08
8.6
13.89
8.3
9.9
12.6
12.06
13.2
14.16
11.5
12.52
11.34
8.57
11.48
13.12
7.9
6.68
6.98
5.79
9.22
8.4
5.13
-0.37
11.17
13.52
14.05
12.72
10.31
6.84
9.23
16.44
15.65
6.4
4.67
14.38
14.45
11.62
10.82
7.73
2.24
8.24
10.99
9.5
8.51
10.57
15.22
12.51
7.44
10.27
14.14
13.01
9.91
6.47
6
4.94
5.79
2.61
8.37
11.54
4.85
3.45
7.84
9.71
11.01
11.93
8.57
-4.76
4.17
-0.05
6.44
0.67
12.27
14.32
15.1
16.68
16.76
15.69
15
15.11
14.74
13.41
8.3
10.01
14.31
13.78
13.34
8.1
2.93
6.41
0.78
4.07
7.9
13.04
23.07
23.42
17.35
6.66
12.58
13.64
12.44
16.82
22.97
19.52
17.19
23.65
22.79
18.52
18.71
19.73
19.84
18.19
17.67
24.06
28.83
27.56
22.08
20.37
20.9
25.19
28.05
24.44
14.34
11.04
12.74
20.13
23.04
9.54
13.56
9.46
18.34
23.23
28.01
27.97
21.3
6.93
8.45
13.49
14.85
8.41
5.77
19.38
27.05
26.59
21.28
22.61
23.69
18.31
28.96
25.61
18.99
18.96
19.89
14.45
14.49
17.43
15.05
8.76
15.47
12.35
15.85
23.18
21.68
14.77
3.07
11.76
17.99
22.39
18.69
9.37
-10.66
6.32
17.5
21.33
25.2
25.11
23.39
25.67
28.5
28.61
23.96
18.73
18.65
7.42
25.86
28.65
27.99
28.9
29.18
26.84
21.64
19.94
18.53
10.2
9.84
12.09
21.75
21.99
14.6
15.52
22.12
23.59
19.59
10.2
20.03
23.73
20.8
17.09
2.33
17.35
22.76
24.82
25.16
24.4
18.46
5.13
6.28
15.25
19.54
24.08
22.36
1.29
23.73
23.62
13.02
8.92
19.05
23.98
27.12
28.06
20.56
22.05
18.7
14.53
12.02
11.83
16.06
20.95
17.6
13.82
22.76
29.45
29.65
26.22
22.13
15.85
15.97
24.24
27.42
25.18
21.3
22.96
23.61
17.08
19.37
24.74
23.81
24.54
25.67
23.8
20.02
18.84
23.84
22.02
7.78
14.77
14.36
21.41
23
26.15
27.05
21.95
16.42
14.79
12.44
13.55
15.78
3.49
16.66
25.25
24.38
19.64
23.19
23.14
18.96
11.69
19.46
20.12
-9.85
14.63
24.25
25.65
16.27
9.11
11.27
13.7
23.4
27.5
24.81
19.49
24.14
22.34
13.2
14.72
19.64
17.88
22.63
25.98
27.84
25.74
23.57
26.96
21.67
23.56
24.73
19.95
13.97
21
17.48
-3.71
15.29
20.51
16.11
12.69
24.92
28.54
25.86
16.96
18.74
25.64
22.68
9.02
20.36
16.7
14.25
18.98
18.48
18.2
9.93
12.91
11.7
13.52
15.55
22.27
25.54
25.49
19.66
10.88
12.72
23.67
21.69
21.88
19.94
11.32
17.81
21.46
22
18.3
23.2
11.75
16.33
21.51
22.23
22.6
19.78
2.14
8.32
14.8
12.04
19.8
25.73
24.59
22.72
18.19
14.66
6.57
16.59
15.95
23.07
25.38
22.78
15.02
15.53
16.02
12.83
20.51
20
9.01
5.91
20.88
24.01
20.32
20.38
25.27
22.47
9.56
7.18
17.89
20.38
17.87
16.62
11.24
18.83
22.92
18.83
14.48
23.73
25.13
22.84
21.69
17.44
13.58
6.25
9.81
15.44
15.34
16.67
17.75
18.99
18.64
17.35
19.88
21.5
17.15
6.21
18.08
16.33
7.32
8.79
17.79
18.79
15.44
11.61
2.88
5.1
15.4
17.8
13.12
18.42
15.81
15.11
16.83
14.14
18.7
15.51
2.35
1.38
14.33
16.79
8.89
18.09
15.87
16.26
13.17
10.31
14.53
13.45
14.52
18.7
20.02
18.77
13.27
4.81
9.9
14.7
14.62
11.96
4.94
15.99
16.3
16.13
9.31
-9.64
2.5
12.51
14.92
11.65
16.24
16.59
14.31
6.73
-2.17
9.06
10.46
3.59
3.02
1.77
4.11
11.15
12.14
9.85
9.44
8.32
-9.44
18.27
17.85
5.59
16.84
17.65
15.91
14.66
13.9
10.49
17.84
24.98
23.66
15.45
15.45
22.1
23.84
18.21
14.47
19.44
6.39
20.85
18.4
14.11
20.77
21.58
13.62
19.26
20.67
19.47
13.87
21.77
17.47
-1.93
10.9
22.2
25.93
23.04
21.55
25.54
26.95
24.67
18.6
10.49
18.02
20.02
24.09
26.65
23.66
3.72
15.41
17.34
23.84
23.42
16.93
3.92
18.67
20.65
12.03
21.76
15.12
18.03
16.81
17.33
22.06
15.84
20.59
23.16
17.11
17.79
21.27
15.3
20.89
19.95
9.34
15.32
23.52
25.19
18.4
20
17.8
6.59
17.08
12.77
15.98
13.98
10.71
20.24
20.31
6.64
27.83
29.55
25.08
21.8
25.96
25.71
18.99
9.95
24.04
25.81
24.12
20.12
16.76
20.14
21.18
4.72
18.48
12.89
14.07
21.65
22.67
18.64
22.82
18.49
11.16
12.5
13.16
19.88
20.56
19.83
19.13
-0.52
2.54
22.51
23.94
21.22
17.3
13.47
20.22
21.26
23.61
24.49
19.42
13.34
19.35
22.81
20.07
13.55
19.96
21.12
19.99
14.07
-3.06
-10.04
20.09
23.4
18.17
19.06
25.32
26.59
23.07
19.85
11.38
17.54
14.48
2.45
17.3
23.36
23.35
22.39
22.41
22.82
22.78
24.01
21.45
17.62
13.23
9.35
6.16
8.87
16.33
20.93
20.01
22.69
20.5
14.87
13.02
10.08
16.3
18.54
13.65
15.55
19.72
23.77
24.9
20.68
18.62
16.48
9.38
8.45
17.99
16.87
17.1
22.85
19.3
19.21
5.29
14.96
10.47
19
21.59
19.27
10.01
16.66
20.6
21.36
13.47
11.68
11.86
15.24
16.66
17.55
20.47
17.11
11.84
19.95
18.45
15.84
10.21
15.38
18.83
21.11
22.36
23.99
22.29
16.89
8.84
16.5
22.48
20.88
19.97
21.39
15.22
14.24
12.87
15.28
14.92
8.27
18.27
24.39
23.94
19.92
19.79
23.05
22.78
18.41
17.86
24.09
23.46
18.61
18.65
24.65
23.96
14.83
13.74
20.19
18.12
16.8
18.74
7.37
6.04
18.61
16.06
18.02
18.13
18.19
20.57
21.03
21.67
21.92
19.66
19.94
18.92
17.52
13.15
4.44
13.64
21.14
22.66
20.76
23.79
24.89
22.25
23.96
27.13
24.73
17.25
19.7
20.66
16.84
18.44
24.17
23.12
13.17
20.75
19.16
15.66
20.02
22.17
22.5
23.7
20.89
6.38
9.45
13.76
10.29
9.53
15.19
14.93
19.41
15.21
11.12
12.52
11.96
16.52
18.05
21.64
18.12
17.63
21.78
17.28
16.22
19.45
5.18
9.45
10.4
14.43
10.46
12.54
19.94
13.53
16.52
11.98
16.25
15.73
10.21
17.95
20.88
18.04
21.03
18.96
14.84
14.29
18.76
19.9
15.6
15.09
9.53
12.63
14.58
1.45
14.94
9.57
16.42
18.1
9.82
11.62
12.41
10.58
16.48
14.91
0.57
17.9
18.6
12.2
3.03
11.68
-5.41
15.58
19.19
21.25
19.88
16.36
11.28
7.68
19.46
20.45
15.8
14.02
19.57
21.12
18.78
7.52
8.02
12.34
15.72
15.04
18.92
22.84
19.52
14.68
11.34
13.04
18.52
12.38
19.96
18.68
11.6
23.26
26.57
23.63
15.22
19.98
22.52
16.61
16.77
17.88
11.2
8.53
22.86
25.21
20.63
11.23
18.18
20.36
17.25
17.55
20.97
19.73
11.07
24.54
25.08
14.28
19.78
24.48
24.3
21.43
18.51
20.95
20.77
13.48
16.69
20.18
16.14
18.23
21.13
21.68
19.51
25.71
25.91
25.99
24.61
18.33
14.33
18.16
20.54
16.5
18.86
19.88
18.06
23.7
22.01
20.19
20.38
7.81
21.29
25.05
26.24
23.49
21.98
18.87
17.85
21
22.11
18.63
17.8
12.34
14.82
17.11
23.76
23.88
16.66
10.88
19.44
23.46
24.42
22.61
23.05
19.23
14.43
21.71
24.54
26.85
24.9
17.98
10.87
13.76
19.66
12.7
20.35
23.88
21.77
17.66
16.12
21.2
21.22
19.16
22.74
24.58
20.88
18.11
21.63
25.52
27.97
24.73
15.1
21.84
23.46
23.31
23.85
24.73
24.58
25.11
26.71
24.32
22.62
23.94
22.23
23.75
25.86
24.77
17.66
11.13
21.58
22.07
25.1
18.98
20.09
26.59
28.78
25.68
21.82
24.05
30.55
32.35
28.89
24.58
23.22
19.16
14.92
7.12
13.74
19.07
28.33
31.68
28.35
28.76
28.54
21.94
16.45
19.53
20.65
19.53
28.89
33.92
30.03
20.78
29.39
29.67
25.39
23.16
24.13
24.78
23.65
20.12
20.33
20.97
22.38
20.31
11.04
14.31
18.91
22.48
26.2
25.86
23.68
23.98
20.06
4.1
27.77
41.88
45.28
40.78
30.4
20.73
12.41
24.49
23.96
15.3
24.88
22.99
19.31
24.06
24.11
19.91
21.65
23.08
20.81
17.82
15.69
20.02
23.56
23.19
23.07
25.72
18.13
24.61
40.39
45.94
42.78
30.97
17.31
15
16.14
10.58
18.14
20.99
24.56
26.42
25.82
24.65
21.12
11.71
9.75
14.95
17.72
16.58
16.83
16.34
24
26.31
20.2
14.59
21.33
18.89
20.7
23.15
18.18
23.05
17.49
18.62
21.4
14.39
11.22
12.39
18.1
15.55
13.07
20.61
27.64
28.74
27.42
23.55
12.39
18.07
23.99
22
21.11
21.99
32.36
41.26
40.05
24.89
26.26
24.91
23.81
21.98
17.73
12.22
6.58
9.86
27.05
32.02
27.04
20.25
20.89
20.23
18.41
17.48
18.6
14.73
10.71
19.49
15.96
20.56
19.66
3.72
14.24
22.83
38.59
43.39
39.86
29.2
20.08
16.09
27.4
28.34
26.72
26.47
25.38
22.69
21.06
21.45
19.18
19.63
24.03
20.07
15.38
13.99
12.86
18.94
18.9
21.21
26.54
25.49
16.92
17.32
21.75
22.54
23.22
19.06
15.35
20.32
17.06
10.29
9.14
15.47
11.25
8.43
19.58
23.85
21.94
21
22.29
20.97
20.23
19.45
21.18
20.47
23.66
10.83
40.06
45.24
41.81
32.35
24.44
17.07
17.84
22.31
27.18
28.38
24.18
23.74
28.25
25.24
16.61
10.38
18.05
21.76
15.56
13.46
16.85
10.88
17.61
25.48
25.26
21.78
14.88
18.12
21.52
21.28
9.87
22.05
19.38
18.59
22.23
27.36
24.98
19.01
16.86
18.81
20.21
19.11
18.38
21.86
26.84
29.69
23.79
7.62
14.8
17.18
11.7
3.4
8.96
6.75
11.93
8.9
5.65
21.57
27.1
26.6
11.91
14.74
24.56
22.89
12.16
20.77
15.64
25.09
25.32
17.39
15.61
22.42
5.56
31.67
32.53
27.68
31.36
26.76
12.27
18.99
25.33
24.21
30.26
37.57
36.81
29.13
25.66
31.84
32.22
28.81
38.92
42.49
38.18
29.61
28.14
24.37
27.02
21.53
17.6
12.96
27.24
29.37
30.45
32.77
31.02
28.38
22.6
19.93
23.04
23.53
19.05
20.22
25.96
29.44
17.65
26.49
29.15
25.78
18.35
19.16
23.01
16.73
4.78
18.04
19.88
15.17
18.69
15.48
17.22
14.35
14.92
14.88
17.89
23.44
26.54
26.43
23.13
28.08
29.63
28.16
23.71
21.99
25.8
26.56
28.46
28.12
18.76
29.73
24.37
29.92
45.61
49.46
43.61
19.94
5.95
14.54
21.15
22.54
20.07
28.07
42.97
49.72
47.73
34.65
20.39
15.33
21.76
20.86
23.93
24.92
22.2
24.31
26.02
29.8
33.6
33.11
28.35
23.44
23.46
17.81
12.03
17.01
17.78
18.37
25.12
30.86
28.1
20.25
26.71
21.41
31.21
31.68
25.04
20.31
19.78
23.79
28.73
29.08
29
28.31
27.2
25.07
25.93
24.82
20.16
18.81
23.92
25.05
23.56
24.82
26.87
28.17
27.27
23.35
27.9
25.77
25.43
25.33
25.21
27.95
19.81
16.58
12.82
11.19
20.29
25.21
25.23
22.11
22.19
22.03
18.16
14.61
18.12
20.44
26.24
25.34
25.12
21.49
19.71
26.46
20.24
11.9
21.31
24.13
6.62
21.6
19.22
20.22
18.32
18.26
23.38
26.11
19.45
6.88
22.78
26.07
27.11
25.16
22.39
19.28
2.92
14.43
10.91
23.92
26.87
19.32
14.15
16.29
22.01
25.55
23.37
26.1
23.92
23.32
16.5
17.42
23.95
25.8
22.34
18.74
23.47
22.79
28.62
28.41
11.83
27.24
23.06
21.49
27.03
26.75
23.34
18.17
16.3
3.59
22.39
24.61
23.36
21.1
15.04
22.14
29.46
25.08
21.15
27.55
26.83
18.02
23.41
25.98
13.52
23.67
26.88
27.22
26.99
19.52
22.65
28.51
24.59
18.58
27.89
24.13
11.66
17.01
22.07
22.73
14.94
22.74
25.38
22.03
14.51
23.03
19.12
23.84
26.64
25
24.31
14.54
26.08
29.09
24.53
23.52
27.18
24.18
14.76
15.78
14.58
21.31
24.22
15.46
23.29
29.37
28.6
23.63
19.26
20.11
24.16
27.46
27.08
20.67
22.96
25.68
24.35
21.43
0.89
21.39
22.28
19.16
20.03
20.96
13.68
18.19
16.37
21.46
25.51
22.25
17.64
13.4
18.2
23.08
20.27
10.33
21.97
18.82
14.47
19.75
21.15
18.51
17.68
26.04
28.26
24.31
18.3
23.98
28.21
25.98
8.46
21.75
22.02
16.58
14
19.23
19.35
19.41
19.53
17.58
10.23
18.82
19.45
19.2
19.39
15.63
15.01
17.93
16.76
10.81
9.53
13.71
16.01
18.12
19.41
20.57
13.05
12.44
22.29
23.85
14.55
24.22
25.31
17.62
13.9
22.83
26.44
26.91
25.42
23.68
19.76
16.93
23.76
24.05
20.82
12.67
19.23
24.39
21.93
15.88
17.64
20.18
21.33
22.22
22.68
17.76
16.43
20.8
20.48
20.38
19.62
19.63
19.87
17.89
16.24
21.48
31.3
26.65
15.8
9.48
24.64
24.9
22.9
29.97
29.38
27.67
23.94
27.7
27.42
29.76
30.26
27.36
28.07
27.57
24.14
19.44
17.86
26.09
30.45
33.45
31.43
17.92
15.59
24.81
30.38
29.42
20.76
11.99
13.21
21.32
25.8
26.15
8.81
28.34
27.66
21.5
24.83
18.11
27.61
28.43
17.4
20.01
21.61
20.42
21.8
23.66
13.74
24.26
27.78
23.07
23.41
22.32
20.07
25.75
22.58
9.81
23.93
28.31
25.67
26.44
26.44
11.57
25.06
24.37
25.53
27.33
23.55
23.43
26.05
21.75
25.96
28.62
23.66
25.35
28.52
34.22
33.35
29.78
26.03
20.97
23.68
22.41
25.78
24.52
24.3
24.19
24.02
19.5
12.41
20.27
25.72
29.08
26.87
23.52
18.12
21.06
25.38
25.32
24.22
19.33
5.1
14.68
21.35
29.26
29.49
27.81
29.01
23.78
18.21
26.21
22.65
24.44
28.07
25.44
23.11
27.94
29.82
28.27
25.23
19.14
23
20.78
14.27
16.7
21.02
18.37
26.8
26.88
17.82
17.7
25.55
24.54
26.5
28.6
24.97
18.79
18.58
23.11
9.93
27.96
29.99
28.23
22.78
23.5
25.7
23.69
1.77
22.26
21.64
17.18
20.69
19.23
7.94
22.08
26.51
25.74
24.58
17.58
15.44
14.76
11.98
12.89
17.53
22.5
24.44
22.82
20.27
21.75
22.12
24.71
23.03
18.93
15.66
8.78
8.03
12.9
6.32
22.31
23.21
22.85
23.63
22.99
19.33
11.59
21.29
14.77
16.6
23.98
26.76
24.33
11.84
11.08
17.09
20.42
14.47
20.78
16.76
26.83
27.58
21.97
-1.49
14.13
6.44
13.37
16.64
18.23
19.56
26.21
26.29
23.2
22.33
21.15
16.63
15.51
11.08
15.37
20.89
20.87
18.25
19.12
13.29
24.46
25.69
23.75
19.63
18.13
7.6
16.42
20.34
17.58
19.73
16.78
16
22.84
26.62
27.09
24.04
20.7
17.18
7.84
12.45
19.95
16.86
8.8
14.97
18.75
22.47
20.26
22.16
21.51
14.7
21.51
18.68
5.56
19.21
17.06
15.06
18.13
11.56
15.36
11.11
2.61
17.44
21.89
18.79
19.31
19.41
16.51
23.74
25.13
20.35
17.14
16.38
10.66
18.47
21.94
23
21.84
22.5
21.31
22.69
10.99
17.88
19.38
14.77
13.1
20.7
20.02
3.34
19.63
19.57
4.12
20.62
17.26
20.02
22.84
16.23
15.17
19.06
11.27
5.74
11.49
15.68
16.07
21.38
22.24
21.27
20
19.72
22.95
23.26
21.04
23.32
19.4
15.6
16.79
18.1
4.16
20.29
19.67
15.29
16.77
4.61
12.09
14.71
9.54
19.86
20.85
17.07
25.56
27.21
21.1
10.65
8.28
7.7
13.11
16.23
17.7
18.78
18.68
23.72
20.25
17.88
23.85
19.54
21.97
20.96
14.45
15.6
16.56
12.77
14.89
15.32
13.68
20.29
24.27
24.52
14.13
16.19
14.59
18.27
24
24.01
8.95
19.9
18.48
2.21
11.05
13.13
21.08
23.13
19.93
18.07
18.69
11.25
21.2
22.68
18.46
21.84
19.06
5.29
18.17
22.34
21.54
19.94
18.56
21.73
23.57
24.07
17.9
5.96
11.5
19.97
24.94
23.87
22.32
16.47
14.19
24.18
27.92
28.93
27.34
23.61
13.77
17.19
14.19
22.49
24.3
23.82
21.53
11.42
18.96
24.91
24.47
21.73
20.49
20.45
25.51
26.16
21.51
23.95
24.63
24.7
24.27
17.23
22.38
24.23
15
21.43
22.54
18.01
14.58
8.79
15.3
8.04
18.67
26.78
28.74
26.96
24.46
22.01
23.39
23.46
19.62
16.82
19.45
23.18
23.18
17.18
20.73
20.63
15.38
1.32
16.8
23.77
26.86
27.34
23.34
18.81
20.3
18.84
16.35
23.74
28.04
29.45
27.81
20.76
4.56
5.48
7.01
21.65
22.85
17.11
17.25
28.56
30.29
28.95
26.55
25.63
24.51
24.42
25.92
23.65
25.49
27.44
26.15
23.25
22.79
24.79
21.51
19.77
22.3
19.59
17.26
22.98
25.36
23.56
23.84
23.36
19.78
22.42
23.71
23.07
21.67
5.46
21.51
23.96
19.54
16.13
18.85
20.04
25.23
29.71
30.81
28.71
24.66
16.17
19.91
18.74
21.95
23.49
17.61
18.33
27
27.18
24.27
22.44
19.49
16.84
14.63
20.26
24.85
27.98
26.92
21.2
23.53
27.81
29.2
26.51
22.37
21.2
29.28
32.56
27.55
23.93
24.85
21.03
17.74
23.95
25.97
24.11
23.51
23.82
13.82
22.85
29.04
29.1
25.69
23.72
25.88
26.95
22.95
21.17
20.34
22.4
20.63
12.57
21.14
20.79
24.61
27.91
26.43
15.73
23.31
27.45
29.04
29.7
28.5
19.6
9.56
3.35
9.73
16.06
20.83
17.35
18.49
24.54
28.52
28.25
22.76
20.12
24.29
25.75
26.98
25.55
24.34
22.27
14.35
26.91
28.69
26.5
20.71
-0.11
19.58
27.84
30.86
30.12
28.47
24.67
16.79
22.32
27.37
29.16
28.97
25.95
23.81
21.11
11.39
18.92
24.22
23.07
22.53
23.47
18.62
17.79
25.61
26.69
24.56
14.96
22
27.16
28.26
27.64
23.65
10.01
18.45
23.66
24.36
22.53
12.12
18.74
23.73
24.98
23.3
21.47
21.56
21.5
16.8
29.15
32.24
29.72
20.83
16.5
23.04
21.5
21.84
21.45
13.51
14.67
18.21
18.45
19.95
19.38
20.31
19.74
20.1
22.61
24.44
24.62
18.62
8.39
19.39
22.61
21.01
18.96
18.14
20.8
22.31
17.59
-3.05
10.85
14.5
-2.87
20.25
20.3
12.71
19.86
19.2
20.79
17.93
1.77
18.13
24.02
24.79
23.52
22.89
21.26
18.67
18.74
16.35
15.2
10.49
24.91
27.44
24.32
22.13
23.06
19.3
17.22
25.69
27.89
28.09
27.59
26.63
22.74
10.28
22.86
24.93
24.72
23.42
13.04
16.07
23.01
25.26
24.83
23.7
19.67
19.39
17.53
22.75
25.77
23.46
18.26
11.92
5.36
13.84
16.79
22.05
23.97
20.13
14.75
13.55
4.96
10.67
12.97
8.28
2.09
16.87
22.51
24.29
21.79
16.02
16.26
10.18
1.8
15.57
18.36
22.07
25.94
22.89
21.85
23.32
24.58
23.52
18.09
6.29
19.94
23.33
23.84
23.59
22.36
18.9
11.25
8.54
12.02
17.35
12.4
10.41
15.33
20.55
22.54
20.2
14.14
7.94
16.43
22.64
24.42
23.21
20.98
18.15
8.1
16.46
22.56
22.19
20.8
19.84
12.95
15.97
-10.01
17.88
17.85
4.18
13.1
15.27
16.51
17.51
15.28
11.75
7.7
3.06
5.26
15.56
17.44
13.71
12.63
15.02
16.93
15.47
5.11
16.93
15.66
-0.3
7.14
4.28
8.88
14.86
21.85
21.32
8.77
16.59
18.95
18.62
18.21
17.89
16.95
14.29
16.55
17.26
15.89
18.17
16.89
15.81
17.78
19.51
17.79
17.35
14.08
12.8
6.74
14.62
18.3
18.21
15.94
14.83
17.45
18.7
18.38
13.24
13.2
17.5
11.2
2.89
12.08
9.6
3.53
14.52
11.06
10.75
12.96
-2.21
16.4
19.47
19.3
19.03
19.48
14.33
12.72
10.11
11.58
17.27
17.38
13.65
17.54
15.81
9.8
17.22
18.05
15.8
15.99
13.42
4.84
10.58
18.76
19.19
16.21
14.34
14.81
14.07
6.59
14.26
13.09
6.35
12.16
-0.92
11.83
16.53
16.05
16.62
15.66
14.15
17.91
20.98
21.71
21.87
18.91
14.6
17.4
16.9
13.02
5.65
18.91
20.33
18.71
14.47
6.63
11.97
17.22
19.88
18.62
10.36
10.45
14.55
11.45
6.54
7.08
12.83
13.82
15.78
14.7
8.71
4.14
5.01
1.73
7.46
1.14
2
13.82
12.71
11.11
14.21
1.65
13.23
16.29
17.76
12.48
14.47
19.27
17.9
11.32
-0.66
1.6
2.67
13.17
17.08
18.75
19.15
18.74
10.19
17.43
19.85
15.19
14.81
12.33
13.84
17.48
19.3
18.06
14.05
1.62
12.85
17.54
15.6
12.37
12.93
8.11
12.73
15.32
16.33
9.15
9.46
14.22
11.73
4.74
5.55
12.29
15.55
8.38
6.95
15.71
14.64
14.23
14.87
12.96
-3.25
8.67
12.48
18.25
19.09
20.77
18.3
16.28
19.1
22.06
19.25
2.34
21.56
22.72
19.46
14.81
13.31
13.18
12.42
9.43
11.05
16.71
19.14
21.01
19.94
12.87
-17.48
12.86
19.19
19.94
16.04
8.08
5.25
8.92
9.19
4.82
3.05
13.8
13.51
11.3
7.59
17.67
15.66
11.36
17.08
20.92
16.02
5.89
13.36
5.75
5.76
14.22
18.52
19.91
15.5
13.52
13.93
13.6
18.6
19.1
18.07
16.45
-0.65
13.59
16.4
17.65
12.69
6.48
9.37
15.16
18.48
12.19
7.42
10.17
6.2
14.97
19.1
18.11
11.74
10.08
16.1
21.99
22.34
16.57
13.95
16.42
11.48
-4.25
7.09
4.77
10.78
14.97
15.93
16.1
16.21
6.58
17.31
18.78
17.8
9.84
-3.5
1.53
14.2
4.37
18.16
21.26
22.64
20.22
13.5
13.5
16.92
15.78
16.49
19.56
19.19
18
12.63
18.7
22.32
20.58
14.3
6.71
6.17
17.11
20.73
18.25
15.35
16.14
19.21
19.81
16.75
13.4
12.13
15.28
17.47
14.9
7.11
14.93
14.83
18.52
18.53
16.96
11.33
14.15
18.55
20.22
19.12
14.91
14.53
18.83
18.8
15.87
15.1
17.69
16.41
14.93
14.87
18.36
20.98
16.04
6.27
15.27
17.06
15.1
0.45
15.79
16.55
-2.48
6.99
11.63
18.4
16.81
11.05
5.1
10.29
17.57
20.1
17.58
11.7
10.97
13.4
14.23
13.62
11.44
13.09
17.53
19.91
20.06
18.36
7.28
7.77
13.76
16.15
19.86
17.75
12.71
18.29
15.13
19.01
17.33
18.51
22.7
23.41
20.86
19.98
22.7
18.81
11.38
20.17
20.36
20.03
20.77
15.81
5.09
15.18
17.88
18.71
17.26
9.11
9.17
18.98
21.19
20.28
15.64
7.33
16.87
19.48
14.12
8.48
16.58
22.02
20.84
15.75
14.82
15.11
15.37
16.67
7.54
17.84
15.01
20.7
22.86
21.48
21.81
17.99
12
13.04
4.17
14.42
20.36
17.81
15.29
8.56
15.81
21.09
21.53
19.42
14.62
11.53
15.71
16.32
16.51
14.34
12.8
14.88
17.71
19.61
19.34
14.24
7.85
13.6
16.52
14.23
13.73
18.73
17.8
7.64
17.09
20.09
17.38
17.05
12.84
18.73
18.65
14.77
17.94
20.09
19.8
18.58
15.57
6.23
9.89
18.1
22.93
23.3
19.47
-17.91
16.09
17.88
18.94
19.43
18.4
21.19
23.67
22.38
16.76
13
6.33
12.77
12.32
11.11
15.75
3.41
11.58
9.3
18.01
17.74
17.13
18.03
16.08
15.43
11.73
16.3
13.61
2.56
14.86
18.8
22.01
18.99
13.53
15.07
17.8
21.8
22.55
18.99
13.95
11.82
12.98
14.3
12.43
16.13
15.81
10.95
11.76
16.96
18.47
16.76
14.32
12.29
13.47
15.35
10.51
-5.21
7.47
16.14
21.79
22.69
13.99
19.64
21.95
19.78
14.75
22.26
22.1
17.24
16.52
21.24
21.33
20.13
21.06
20.38
13.63
12.68
15.41
22.76
24.34
23.09
19.67
18.21
20.88
21.46
16.64
16.37
22.55
23.61
19.49
19.34
17.92
10.55
8.83
15.63
21.22
20.8
21.86
20.88
14.62
10.82
15.38
20.42
19.22
16.23
11.56
0.09
12.21
18.42
19.33
18.82
16.46
7.45
4.52
13.57
16.88
14.18
18.22
22.9
20.39
13.7
11.17
17.94
19.87
15.45
15.69
19
19.43
18.42
10.37
14.07
18.57
18.24
14.86
8.9
-18.17
3.29
12.47
15.58
8.86
9.74
11.95
19.92
24.07
23.76
17.36
16.35
20.1
19.79
10.7
3.87
16.37
17.29
11.6
10.7
11.67
19.36
17.51
0.3
12.24
17.7
20.23
16.71
19.01
20.65
17.92
6.87
14.12
15.68
10.07
8.8
8.41
2.98
17.42
24.29
26.17
23.52
6.89
10.58
8.2
15.01
16.73
6.07
14.66
9.05
17.06
18.59
10.09
17.68
15.44
-7.98
11.31
14.18
19.9
20.84
17.61
16.5
11.42
11.18
15.55
16.65
9.45
10.15
4.35
10.61
14.05
16.58
14.51
6.07
13.09
13.04
11.53
16.1
14.3
12.42
7.54
1.92
4.44
16.88
18.81
13.74
14.24
16.13
8.78
18.95
17.23
11.83
9.65
2.04
12.43
6.8
11.37
12.23
15.3
13.6
8.73
14.62
15.89
17.88
21.32
6.08
16.45
13.07
2.1
1.58
8.55
9.24
16.8
20.06
20.65
19.47
15.66
10.04
7.89
13.02
18.66
20.68
16.18
11.8
12.95
9.19
8.54
-10
3.58
9.05
14.48
15.51
12.86
11.78
10.92
16.78
20.27
18.62
14.88
1.66
10.15
11.84
17.12
15.29
16.72
15.09
0.65
9.23
11.42
17.49
20.33
17.45
17.03
18.66
15.22
11.32
-9.08
12.58
12.05
6.41
9.79
15.02
13.76
16.12
16.35
14.25
10.97
9.4
7.54
1.39
9.34
14.66
16.61
17.11
18.24
16.55
8.53
-6.02
13.13
14.41
11
13.05
15.43
14.26
5.19
5.86
12.33
18.41
17.46
15.63
15.47
16.04
11.58
9.65
6.26
11.52
2.5
15.45
13.54
15
18.78
19.72
21.31
21.04
17.96
16.07
12.91
12.47
10.28
13.58
16.79
14.32
10.03
15.57
21.06
20.4
16.94
10.05
13.16
17.23
17.71
13.9
9.47
14.06
12.26
13.55
18.91
18.61
10.4
11.73
17.75
16.49
7.38
9.86
16.36
18.88
19.2
17.48
10.69
10.26
14.39
-2.77
16.66
15.46
8.29
14.28
8.12
5.6
10.45
13.89
16.5
19.5
15.82
11.28
10.77
12.63
13.9
12.1
2.92
4.38
12.9
12.9
-1.07
1.93
11.61
15.43
8.23
10.4
14.24
12.25
12.24
18.93
17.22
0.12
17.09
20.07
18.05
12.76
7.94
7.39
14.21
20.6
19.35
17.75
12.37
7.47
10.71
7.33
14.29
10.37
10.55
8.89
17.2
19.6
18.1
10.8
7.16
10.19
14.12
14.7
11.02
14.91
13.93
10.91
7.59
0.16
6.43
11.53
13.42
15.37
12.39
5.72
11.95
12.83
5.44
11.66
5.52
4.85
8.24
8.43
11.25
13.94
13.04
18.16
20.61
15.98
5.5
10.92
11.13
15.91
16
13.06
4.4
6.07
10.58
14.04
17.03
17.06
14.96
10.56
14.94
16.38
12.9
10.76
13.2
11.4
3.19
-3.24
6.29
4.14
14.57
13.58
16.5
13.82
16.59
12.93
11.13
17.91
15.25
2.95
13.51
13.46
12.35
11.37
15.42
17.02
14.87
11.27
13.67
14.67
9.03
10.36
15.26
11.35
14.1
15.07
8.8
11.74
17.8
18.78
17.23
12.26
13.62
17.38
19.61
20.53
20.21
17.69
6.1
17.88
21.91
21.43
17.8
16.91
15.43
11.82
15.89
18.61
17.12
7.4
9.57
0.03
11.42
15.34
14.08
8.25
8.11
16.55
12.73
10.5
13.8
14.06
15.69
12.48
9.65
0.55
8.16
15
17.86
16.22
12.11
9.8
12.69
10.58
7.21
10.19
9.58
9.01
12.57
15.75
17.86
18.26
17.47
16.66
18.98
18.19
13.41
5.65
5.69
15
14.06
14.89
16.33
15.99
15.96
17.24
18.51
20.55
21.12
19.35
15.04
6.71
12.27
2.7
4.58
-1.49
15.53
18.17
19.56
20.05
20.54
21.49
19.21
14.9
14.57
12.02
16.31
18.26
17.32
16.62
18.03
20.61
20.53
16.32
6.86
9.42
16.76
19.29
20.77
20.15
20.02
18.07
16.86
12.34
6.46
10.71
15.98
17.25
16.92
12.51
12.17
12.42
9.89
13.75
15.53
6.41
8.34
15.46
10.75
11.9
14.61
15.51
10.97
5.74
9.44
10.63
9.45
-0.68
-0.84
13.45
13.74
4.43
13.73
17.65
19.11
19.61
15.96
13.56
15.74
18.94
21.4
20.43
13.59
8.36
-6.67
8.12
4.77
6.52
8.81
3.29
10.66
15.1
12.51
12.34
11.8
9.49
11.41
7.98
16.16
17.84
12.43
8.84
5.17
17
17
12.26
12.64
8.65
9.3
14.94
16.84
16.92
14.53
10.83
7.72
12.56
14.98
13.31
12.78
6.05
4.15
3.72
0.56
-1.91
10.61
13.89
11.28
12.53
18.51
19.94
17.39
9.93
6.36
12.96
16.38
16.26
8.71
9.55
10.97
5.73
1.36
2.02
5.94
7.22
10.97
10.8
15.85
18.2
14.36
11.11
11.1
13.06
14.96
16.41
17.8
16.51
12.43
9.59
8.46
2.93
2.14
6.06
5.48
2.48
0.11
12.19
16.42
15.45
11.01
10.84
14.97
17.48
19.37
20.05
16.11
4.56
8.55
9.33
14.73
14.55
15.79
16.64
16.07
17.37
17.55
14
14.07
18.09
18.29
16.29
16.05
15.22
13.13
14.42
17.46
18.37
17.04
12.95
11.51
14.62
13.18
12.42
16.62
18.83
16.11
-0.87
-2.03
7.16
9.7
11.43
3.63
14.63
15.29
15.61
17.69
16.01
12.16
10.75
5.27
-7.11
1.06
8.78
14.89
16.5
13.9
16.81
20.01
19.94
17.73
16.21
14.95
12.07
10
2.82
9.98
11.68
9.41
7.63
4.58
7.95
9.88
7.64
3.54
7.11
13.21
13.17
9.13
2.47
5.08
16.31
17.21
11.22
10.89
14.83
17.04
16.77
14.05
10.46
4.8
7.15
13.81
16.49
17.57
18.51
18.39
15.05
7.91
8.93
12.6
11.25
12.23
17.29
12.64
9.03
12.36
8.8
-1.22
13.74
15.1
17.86
19.75
15.88
8.84
12.14
15.48
13.56
8.36
0.92
-2.56
9.1
12.2
10.66
7.39
9.63
10.74
7.43
-2.29
6.19
4.29
10.16
5.55
11.99
13.26
14.43
13.09
7.12
9.1
13.66
14.87
15.22
17.2
18.09
16.99
14.94
3.64
6.94
12.27
9.04
12.74
14.96
9.43
4.25
9.64
12.6
15.15
17.64
17.58
14.65
8.56
1.36
3.55
2.98
2.51
14.43
16.5
7.79
7.47
8.47
11.1
13.7
16.88
19.8
17.95
10.53
10.6
8.88
7.82
8.63
14.04
17.81
17.5
6.05
13.55
15.42
13.88
13.46
13.13
11.32
13.18
19.22
20.15
16.32
10.61
15
15.08
0.03
3.5
4.64
15.58
18.94
18.49
17.47
12.33
16.03
15.74
10.88
17.81
13.71
-3.17
13.49
17.9
14.85
7.19
14.68
16.8
14.33
-2.73
8.08
12.16
10.87
0.2
6.19
13.15
15.52
15.02
17.17
14.9
11.03
13.47
16.72
16.72
18
16.23
14.66
14.94
17.75
19.91
14.31
0.66
8.88
13.52
12.55
10.51
10.17
12.74
17.95
14.3
6.62
10.66
10.96
8.11
15.28
19.89
19.13
15.95
11.99
6.98
13.32
13.28
15.37
10.93
7.01
2.86
11.39
6.35
3.86
12.83
17.46
15.63
14.73
13.19
7.91
6.42
10.03
14.02
17.17
12.54
9
17.09
18.62
18.22
17.36
18.29
18.5
15.15
7.12
11.97
15.97
12.98
11.2
12.75
14.26
10.07
11.84
14.16
14.85
14.78
11.4
11.71
7
8.47
3.6
5.79
15
16.84
15.27
15.74
16.76
16.65
15.09
14.76
17.37
17.7
15.77
11.27
8.7
6.61
2.11
7.08
7.11
9.31
5.65
5.03
14.8
16.5
14.22
5.86
13.77
15.47
15.95
9.88
13.89
0.47
9.9
12.14
10.06
9.03
3.85
11.61
9.28
10.16
16.33
13.97
9.11
11.62
14.46
16.05
14.53
4.26
5.11
6.56
12.17
18.65
21.69
21.82
19.22
15.51
16.28
15.14
10.67
7.95
15.3
16.9
13.14
-9.66
1.87
6.12
-2.18
11.16
12.77
12.83
13.98
13.84
8.7
6.6
17.14
20.27
15.25
12.8
15.04
12.43
15.87
20.98
20.69
15.7
11.56
9.43
9.3
8.85
5.67
1.22
6.22
-4.81
4.44
6.98
-0.61
17.13
19.79
13.23
2.02
0.47
15.32
18.45
13.48
1.88
3.85
9.48
8.76
17.4
18.98
18.29
17.02
16.32
11.96
11.44
13.22
13.52
11.51
11.93
13.58
14.53
7.96
3.5
4.78
11.92
13.31
16.84
18.38
6.31
10.61
12.94
15.88
16.45
10.37
11.51
16.37
10.17
-0.71
10.96
14.64
15.39
11.57
11.73
5.33
-7.62
13.31
18.51
20.85
20.65
17.66
16.35
14.91
17.63
14.14
3.5
10.8
10.88
0.13
4.51
3.66
7.02
10.63
0.93
14.07
16.41
8.85
15.47
13.73
12.25
15.41
13.18
13.26
17.05
16.95
16.81
14.3
12.84
16.55
20.75
20.94
17.64
16.12
15.71
10.62
2.84
3.59
3.12
9.37
-10.24
10.74
15.37
13.66
10.66
15.91
17.5
17.05
14.48
4.51
12.74
15.25
14.87
14.71
12.75
9.39
12.06
4.3
15.21
19.14
18.14
15.83
11.29
8.3
-6.52
8.25
16.08
17.93
12.56
4.76
9.08
14.94
16.4
18.19
16.9
5.92
12.12
13.85
15.55
14.03
12.65
13.37
13.01
13.16
-6.35
14.71
18.89
19.29
14.06
1.51
9.9
-6.43
13.56
14.8
13.5
16.19
15.99
8.17
17.47
19.89
18.69
12.52
13.02
18.54
18.41
16.07
17.08
15.07
-3.91
15.74
21.11
20.21
11.29
13.84
13.56
2.49
4
15.79
18.13
15.5
-0.1
16.22
17.36
14.92
17.21
18.42
17.54
18.74
19.06
16.83
15.67
15.35
5.9
1.83
11.81
15.62
16.23
10.23
15.06
18.52
15.48
12.38
13.54
17.28
16.06
13.05
3.19
15.74
20.05
19.47
17.08
15.8
15.71
12.33
14.97
14.35
9.37
17.98
18.07
14.91
12.45
5.74
3.64
10.73
12.46
13.65
12.76
14.41
17.3
17.56
15.15
9.98
7.96
12.26
16.51
18.17
15.22
10.92
13.52
11.83
10.6
16.12
16.88
16.72
14.93
13.51
11.94
10.74
15.56
15.6
8.99
2.1
12.81
18.49
19.09
19.46
19.46
7.14
6.93
12.65
18.51
18.85
12.6
7.59
14.63
18.37
18.69
18.54
17.33
13.63
11.19
8.68
-3.54
6.68
8.44
4.77
8.31
8.76
-0.03
8.06
14.73
14.57
7.91
5.71
14.24
12.52
15.49
17.55
16.06
8.39
4.42
8.64
2.23
0.23
8.19
16.75
17.78
14.29
-11.71
13.3
16.16
15.47
11.18
-8.56
1.46
-4.89
0.32
-2.56
9.62
13.36
14.72
15.97
17.69
15.57
14.57
14.27
12.71
15.89
16.43
12.65
9.04
4.22
5.45
11.09
9.55
12.76
17.76
18.05
13.65
2.82
10.64
14.42
15.69
12.37
17.43
19.47
16.4
9.83
9.95
9.5
-0.57
10.97
11.5
8.47
3.96
8.02
15.62
17.94
16.98
13.33
9.25
7.33
8.22
8.63
12.27
13.82
12.28
11.3
7.43
7.67
18.19
20.31
17.76
10.79
10.45
10.5
1.02
-3.94
-3.44
3.16
9.66
1
14.93
17.25
12.33
-3.64
2.45
8.96
11.45
13.93
15.4
12.55
9.22
12.23
16.16
14.36
13.25
16.45
16.46
11.53
-3.23
8.06
9.22
12.19
10.61
13.69
12.69
14.76
14.15
13.45
15.08
15.14
13.24
14.98
18.82
18.21
14.99
13.13
13.36
15.68
18.7
19.43
18.11
16.61
16.64
14.13
14.48
12.16
10.43
13.92
17.13
15.62
12.64
16.36
17.97
14.54
8.05
11.9
16.14
15.94
15.44
17.12
16.7
10.62
10.23
12.43
9.13
-7.3
11.68
15.58
16.84
17.78
12.27
14.44
19.12
18.6
17
12.56
12.77
14.5
10.96
10.73
16.72
20.29
22.21
22.59
21.25
19.17
18.87
19.38
18.92
19.27
18.63
17.65
16.88
14.29
10.25
14.09
15.97
14.11
13.22
8.77
11.98
6.35
12.82
9.19
-0.6
10.95
14.29
19.13
19.93
16.34
14.58
20.71
23.26
20.97
16.71
16.63
14.93
11.59
12.65
15.16
10.18
2.77
13.39
15.42
15.53
14.39
12.35
7.99
10.1
16.21
19.57
18.67
14.07
16.72
17.38
17.32
14.66
6.39
13.89
16.82
15.76
8
12.3
12.53
8.77
6.45
9.89
3.14
0.22
10.98
17.22
17.85
15.03
16.28
14.51
9.81
11.57
15.46
18.41
19.58
16.86
6.84
-0.88
12.24
18.36
21.2
21.44
19.66
15.1
9.87
17.4
21.39
20.31
14.17
4.7
4.81
9.84
16.58
19.84
20.09
20.23
19.84
16.1
8.92
3.57
5.16
12.11
18.25
17.47
16.6
17.2
14.31
7.77
2.21
1.24
9.29
10.88
9.38
11.03
9.03
4.59
10.25
10.93
8.4
8.22
-2.39
13.15
12.15
13.35
17.13
17.17
14.54
13.09
14.46
12.45
16.84
19.9
20.56
17.52
11.87
9.76
0.83
16.65
18.99
17.39
15.82
14.73
13.74
12.93
11.19
4.06
13.84
15.53
15.89
18.39
14.72
11.65
13.25
15.05
14.44
15.33
17.95
16.63
14.04
9.32
4.76
9.7
14.43
18.11
17.67
10.83
8.36
9.09
-5.29
5.76
-3.12
1.5
8.65
13.68
15.17
14.34
15.54
16.28
12.6
4.53
-8.96
1.4
1.56
6.58
17.02
19.59
11.26
10.73
12.28
15.93
14.23
-9.27
7.47
7.55
13.16
12.76
8.79
16.32
8.2
7.92
11.89
14.07
14.93
10.75
8.2
17.41
19.37
20.34
20.29
15.99
16.91
19.91
18.34
17.04
19.25
20.6
19.66
16.6
13.73
12.23
11.1
7.16
9.06
9.86
5.33
9.17
6.95
7.71
5.98
11.23
14.21
8.95
7.85
4.99
10.98
15.45
17.49
16.77
14.09
11.27
3.32
3.83
8.69
9.34
6.29
-2.59
8.06
6.62
1.43
5.75
8.88
8.02
9.45
5.96
-3.45
-8.88
7.74
6.11
4.92
7.22
6.6
6.51
13.56
12.48
11.18
15.62
12.22
10.51
12.28
8.94
7.63
10.23
12.31
8.66
6.74
12.68
16.13
15
4.74
-3.37
8.45
12.75
7.36
6.17
15.22
16.12
13.37
9.64
-10.83
9.36
9.64
5.06
4.22
6.59
11.33
15.64
14.13
3.25
1.11
12
13.58
6
6.71
8.8
11.52
12.06
3.85
12.54
10.51
7.18
-0.94
-3.35
6.75
8.91
11.95
12.25
8.41
-3.16
12.22
11.92
4.86
6.56
5.9
13.18
15.43
12.37
4.38
10.06
9.29
8.33
8.21
8.47
6.49
4.89
10.15
15.52
12.59
2.35
5.16
13.58
10.91
1.88
6.58
6.03
5.24
15.12
17.37
14.37
12.16
11.15
3.25
-5.75
0.64
-7.03
-1.83
7.18
14.1
5.25
6.89
8.13
13.65
12.96
4.88
5.76
13.65
14.51
12.93
-0.26
10.74
15.44
13.68
9.22
12.43
15.22
13.5
9.13
9.65
16.77
16.02
-4.43
11.72
2.42
15.33
19.02
18.38
15.66
16.96
15.17
12.11
-1.01
8.49
12.72
16.48
17.92
14.32
3.93
12.49
11.3
17.48
19.11
15.53
4.35
11.86
11.42
14.13
13.29
10.46
10
13.31
14.38
15.66
13.39
11.11
11.63
10.89
7.01
-0.4
3.62
-3.93
11.67
12.22
13.63
16.96
17.91
20.07
15.49
-4.36
5.01
4.82
4.75
3.51
13.52
12.96
8.03
11.25
10.47
8.51
9.01
5.66
-1.15
-6.84
10.21
14.78
15.12
6.72
12.36
17.46
17.18
13.7
5.81
2.4
1.22
11.05
15.15
16.1
12.68
0.43
5.94
15.91
17.64
13.53
9.03
3.79
11.16
13.82
12.69
3.98
14.85
16.73
10.97
8.69
16.43
17.8
10.6
10.86
14.39
10.03
8.18
15.63
14.55
9.43
10.81
16.27
16.19
8.62
9.13
6.22
9.83
15.12
11.17
6.2
9.18
13.02
15.46
14.72
11.17
8.48
15.25
8.54
-1.24
6.28
11.79
1.57
6.06
13.2
16.64
14.09
7.32
12.14
9.86
12.77
16.96
15.07
11.36
3.3
9.54
9.44
12.29
13.56
16.18
19.74
18.1
12.79
14.09
15.1
15.11
10.05
3.88
9.79
9.29
9.98
10.33
-10.36
14.33
16.48
10.88
2.82
11.43
11.34
14.4
16.08
13.4
7.51
7.33
13.22
15.69
14.54
12.17
13.93
11.93
10.59
10.88
7.46
11.69
12.09
7.73
7.26
-2.67
2.7
8.9
13.15
15.27
15.21
7.8
-1.46
5.98
1.75
10.67
4.43
15.76
16.7
6.91
8.21
9.81
11.05
16.09
16.71
13.25
2.57
10.99
16.86
16.85
4.53
11.01
15.2
15.86
14.27
4.02
8.03
-0.05
9.09
-5.59
10.65
15.91
15.45
14.31
14.38
17.42
20.12
19.76
14.79
6.56
9.96
12.41
9.36
5.35
9.14
4.33
1.85
3.26
11.47
14.35
13.59
8.98
9.31
8.81
12.18
7.55
17.17
17.75
14.71
18.54
19.2
14.82
0.52
12.72
15.81
16.84
18.83
19.11
16.89
14.01
9.97
10.42
12.69
10.78
0.6
14.48
13.75
9.8
8.8
8.82
10.65
11.11
13.35
15.37
15.96
12.73
9.48
2.22
8.27
9.45
11.48
14.52
16.26
13.65
9.84
14.06
16.43
16.56
16.65
15.38
13.31
7.85
3.03
10.78
11.03
7.23
11.17
12.41
13.43
9.69
-1.35
7
-0.46
10.91
15.53
16.31
15.07
16.23
17.82
15.74
12.9
11.25
11.92
-1.26
16.6
