7.29
8.08
13.33
16.73
13.05
5.49
-13.79
6.99
11.59
11.09
8.19
8.46
11.84
9.55
13.51
14.45
8.43
4.01
12.95
12.02
2.35
0.5
7.31
8.4
3.85
-4.79
-0.55
2.33
11.12
12.95
11.03
6.89
-0.45
8.56
14.35
15.27
11.84
12.59
14.87
15.73
10.86
-4.49
1.75
5.98
6.05
5.13
10.3
11.84
14.93
15.87
16.02
16.33
12.12
2.17
-5.19
2.61
7.74
3.14
6.49
9.99
11.35
1.44
12.74
13
8.58
11.09
13.3
5.76
6.29
2.63
5.73
8.87
10.94
12.08
8.3
6.89
3.3
0.03
-1.42
8.69
10.98
9.94
9.37
6.79
5.73
10.49
3.82
3.35
8.35
12.21
11.72
3.42
7.06
-7.59
-2.14
10.55
13.47
12.56
17.07
17.1
13.39
8.53
7.86
8.5
5.28
8.88
14.74
14.7
14.81
8.21
9.43
16.16
15.19
14.08
15.08
10.97
13.43
12.52
3.4
11.34
16.24
15.55
8.63
1.82
-0.2
-0.57
7.7
12.67
12.34
9.08
8.92
1.72
5.85
8.56
11.11
12.9
13.33
14.29
14.93
14.91
14.52
10.48
5.75
12.56
5.23
0.1
-2.41
3.28
-0.39
9.62
10.71
8.72
8.15
8.51
6.96
7.25
2.6
-0.95
8.67
14.47
15.49
13.89
9.97
5.14
16.54
16.91
13.59
10.77
3.33
-0.37
6.31
12.78
13.6
11.7
8.25
8.29
8.36
12.86
14.12
13.18
15.44
15.32
14.38
15.96
15.48
14.34
13.04
8.96
12.76
16.42
14.18
6.02
12.65
12.21
8.08
12.89
6.49
9.47
9.86
17.78
21.43
17.87
5.76
8.94
2.76
2.28
0.78
11.05
4.4
-8.2
9.19
13.67
10.41
12.84
14.7
13.89
13.41
11.42
10.04
14.69
17.03
16.02
14.36
8.27
1.81
6.29
8.93
11.9
13.41
11.62
3.93
-2.12
0.09
8.17
13.15
16.84
14.97
6.74
7.73
10.4
15.27
16.5
12.01
4.32
3.29
6.88
5.41
5.4
0.97
5.05
4.8
5.79
7.46
-4.02
5.61
3.4
7.83
14.48
11.5
-7.32
7.42
13.35
15.82
13.67
8.45
13.35
12.59
10.87
12.85
9.63
8.93
9.32
10.42
11.38
7.68
-3.86
-3
-11.31
-2.94
10.34
12.43
9.29
8.71
13.36
14.07
7.46
10.76
13.13
5.83
10.8
3.93
6.19
10.92
12.26
11.7
2.43
4.1
9.42
5.14
-9.88
4.14
15.1
17.01
2.11
15.46
15.14
7.59
3.29
3.94
2.66
10.05
11.06
11.29
9.91
8.06
8.96
3.12
0.35
5.8
10.36
9.75
6.78
-1.24
6.15
-5.44
-5.85
-11.77
4.65
10.44
12.33
7.32
-4.09
9.48
0.22
10.88
4.21
0.18
7.84
10.63
2.81
11.38
8.22
-10.66
7.31
11.48
8.59
2.04
-0.05
6.68
14.12
15.36
12.78
11.67
11.51
13.75
13.4
12.02
8.76
7.86
4.92
12.05
13.4
10.84
10.19
6.5
12.33
8.62
2.91
9.53
4.42
6.82
12.07
10.03
-4.07
4.51
8.36
10.74
13.33
12.11
3.71
2.47
10.4
10.99
3.15
9.71
15.43
14.72
9.43
9.4
7.12
2.64
0.65
5.41
4.95
-7.48
-3.18
8.68
14.14
11.26
8.8
10.51
6.04
4.69
6.37
7.2
10.29
11.57
5.52
7.08
10.98
12.92
12.9
8.44
3.69
6.88
12.44
13.24
8.84
3.67
-0.25
-3.74
3.88
10.16
7.46
8.95
11.24
13.21
11.92
10.74
10.3
16.46
17.14
16.54
12.29
4.33
0.33
10.25
12.87
12.08
10.8
2.94
5.83
14.54
16.9
15.75
13.3
7.69
0.44
7.07
11.91
13.46
6.63
5.37
-1.17
9.17
8.23
9.43
15.23
14.15
8.16
9.28
13.24
14.57
12.5
1.78
5.58
6.73
3.88
-5.07
0.57
-7.49
3.92
4.12
8.7
-0.32
4.86
3.85
12.71
7.49
-7.22
4.61
4.34
-6.84
1.67
9.7
12.22
10.36
-4.99
6.67
4.42
5.71
9.11
12.26
12.86
10.62
11.46
14.82
13.87
-1.97
14.38
13.94
4.91
4.69
9.48
7.47
11.41
10.35
4.26
-1.68
10.58
12.73
10.58
9.12
-3.72
2.87
5.31
13.38
12.71
10.8
7.84
4.82
-3.93
2.55
5.18
9.89
16.08
15.5
11.93
7.19
6.92
14.56
16.23
15.35
14.4
9.34
9.45
13.29
13.12
11.22
9.88
3.89
11.91
12.32
8.56
6.1
-2.29
9.94
7.42
11.63
17.4
16.93
7.58
10.2
12.11
10.38
13.8
12.23
3.11
-6.86
1.26
4.16
12.19
11.58
7.1
13.81
13.55
5.22
-11.48
-4.4
4.29
3.1
0.78
-0.1
5.08
10.48
6.11
1.42
4.98
8.34
6.1
3.63
14.47
15.94
10.41
2.77
10.17
14.48
16.1
15.26
7.48
2.91
4.9
10.78
8.83
4.6
14.17
15.41
12
12.87
17.49
15.66
15.9
15.55
9.65
7.53
6.08
4.1
15.86
18.65
13.15
4.46
12.46
16.8
16.32
15.59
14.64
11.07
9.63
12.97
9.52
-1.94
7.06
10.67
13.77
12.4
-12.85
8.8
8.45
4.99
-1.04
10.99
11.42
4.77
1.73
-1.09
9.65
11.2
5.7
9.36
12.97
9.85
-26.02
-6.18
0.62
2.7
12.31
11.31
-4
6.75
6.82
15.21
18.05
13.33
8.96
12.74
6.52
8.81
9.85
9.21
11.21
9.78
7.88
8.83
13.04
14.06
11.28
5.54
12.1
14.63
16.49
16.02
10.11
6.08
9.49
11.95
12.44
5.17
3.14
2.28
-0.2
12.01
13.43
12.61
10.63
7.79
-1.76
2.42
5.22
14.5
14.6
11.36
11.45
3.53
8.33
12.47
12.64
11.4
5.43
7.13
8.92
10.48
9.96
2.35
15.05
15.43
12.29
10.98
6.88
3.36
10.22
10.28
4.49
-0.9
8.69
12.65
12.54
13.89
7.65
3.81
4.34
-2.19
8.08
12.18
10.66
-3.51
5.99
2.76
0.01
6.91
10.35
6.25
2.62
3.18
-1.35
2.36
2.96
7.25
13.78
15.6
15.54
13.17
11.15
14.43
14.06
7.51
7.8
7.46
-4
3.61
13.31
14.38
9.9
2.7
-0.32
6.38
13.33
16.18
16.97
15.04
8.33
-4.15
2.01
6.82
10.28
7.57
3.93
6.23
12
13.66
14.74
13.29
1.48
11.66
10.07
13.54
13.33
7.74
-1.7
11.17
8.64
-0.1
4.64
5.81
9.33
10.08
9.13
7.8
5.16
-0.31
12.85
13.02
3.28
5.53
7.71
7.09
3.98
0.78
3.32
7.52
0.19
5.51
27.08
27.29
22.93
15.96
7.47
20.09
26.11
22.15
20.85
21.76
22.82
25.12
21.51
4.22
18.07
18.39
14.08
17.39
17.02
16.48
21.05
22.6
19.18
17.16
20.61
21.79
17.17
19.05
15.28
8.44
-1.84
15.17
17.88
16.29
20.37
23.7
22.25
22.09
27.62
26.36
10.54
11.91
17.83
12.31
12.22
21.28
20.3
14.56
18.73
24.97
24.31
20.9
18.74
13.26
23.23
28.09
28.94
27.08
21.77
18.27
19.14
15.65
10.42
11.33
18.16
20.67
25.17
25.23
7.52
24.76
23.29
12.61
14.74
21.48
21.38
20.28
20.88
23.21
25.47
25.2
26.04
24.35
19.82
14.47
17.18
13.19
5.62
7.74
9.55
20.85
24.94
20.52
16.13
-16.83
18.9
19.05
15.84
22.93
21.36
13.31
16.04
22.37
25
20.23
-4.42
12.18
17.56
18.58
15.66
9.88
17.92
17.62
17.03
21.09
20.57
8.48
23.18
22.53
9.84
13.44
23.07
25.38
19.75
4.13
17.87
24.98
24.06
19.69
18
19.54
25.4
24.86
21.2
11.7
27.24
30.34
26.38
18.3
8.32
16.65
18.23
13.33
21.87
22.83
19.77
17.31
12.89
25.99
26.69
21.32
15.81
16.14
18.26
10.72
5.26
16.61
8.51
17.78
25.42
22.31
21.99
26.23
22.83
14.22
9.34
13.61
18.28
21.74
24.04
23.66
18.77
11.41
17.24
13.56
20.04
24.9
26.73
25.72
23.77
14.7
20.74
25
23.58
18.05
20.63
19.01
19.6
23.79
18.01
16.45
21.26
23.37
21.07
17.41
19.63
23.61
17.06
19.06
22.11
17.89
20.18
12.66
14.53
20.52
23.6
24.13
20.63
13.74
18.74
20.93
21.56
17.58
19.69
24.96
25.42
22.69
24.07
25.57
20.1
24.88
22.26
21.64
19.52
20.19
17.98
20.51
22.84
18.21
16.84
20.8
13.4
23.27
24.25
17.96
2.13
12.24
4.63
11.43
14.06
17.21
14.38
15.34
12.42
6.21
16.18
20.4
20.67
16.96
16.38
13.82
10.24
-4.45
2.83
12.05
14.92
19.22
21.98
27.68
28.25
23.52
21.4
22.93
21.9
21.06
16.94
12.66
17.29
20.05
22.13
24.59
22.17
15.76
13.88
12.55
23.47
25.77
23.01
13.32
14.42
19.53
16.82
8.97
10.46
21.41
24.01
22.3
19.82
7.49
-3.49
4.54
17.74
17.08
15.67
13.94
4.29
13.35
23.22
25.11
23.72
26.26
21.41
19.08
15.13
13.08
21.82
17.35
6.98
16.3
19.72
19.47
22.15
12.26
15.92
18.34
24.13
22.48
16.22
8.41
-1.37
8.29
4.46
20.64
19.9
9.43
4.85
14.33
9.44
15.59
18
18.92
11.78
5.35
8.27
12.15
10.06
13.71
16.68
17.15
7.89
1.65
17.08
19.25
16.16
14.26
14.45
22.49
19.61
12.5
15.3
13.4
11.41
12.29
14.16
16.16
22.57
22.21
15.36
4.75
15.26
18.39
9.03
9.17
12.13
11.02
13.04
15.24
17.92
17.28
16.96
16.53
11.79
1.39
5.89
9.98
12.21
8.06
14.36
17.1
15.55
14.64
14.48
13.1
6.07
6.8
10.27
3.74
1.41
13.37
15.94
16.02
11.27
13.77
16.07
7.85
5.22
11.99
10.19
11.69
13.66
10.71
13.62
14.73
14.06
9.42
14.7
10.77
16.39
16.61
13.65
10.4
13.06
20.2
20.22
16.87
19.17
20.63
13.71
1.09
15.73
19.42
11.59
7.21
13.82
21.04
15.05
8.22
15.1
20.31
24.16
24.34
17.97
11.94
17.7
23.09
26.44
25.8
20.55
17.11
21.54
17.43
13.39
14.83
20.36
21.98
19.82
20.2
19.63
11.07
7.53
15.84
19.72
22.53
22.16
9.11
17.59
18.4
13.64
13.69
14.11
11.23
20.96
18.34
16.07
21.88
23.36
19.76
10.36
15.61
16.93
19.2
18.97
18.23
15.54
14.02
24.13
27.27
19.12
21.33
25.17
17.69
18.78
18.63
7.52
15.57
22.2
16.49
16.74
19.24
19.38
19.41
17.71
14.31
17.05
22.9
24.66
18.19
10.25
7.69
7.29
19.51
18.58
10.64
11.78
21.28
28.07
28.61
25.32
20.34
6.91
12.49
23.7
26.68
22.94
6.98
17.39
11.67
13.47
15.93
14.76
18.36
16.09
13.24
21.3
20.05
18.8
15.57
12.15
13.21
20.23
20.19
3.92
11.19
18.48
24.16
23.53
22.86
22.37
23.64
24.95
24.01
17.47
12.41
11.89
17.6
21.76
17.32
15.64
16.33
11.31
13.87
13.44
16.74
18.18
18.52
18.21
18.6
3.7
20.76
20.07
17.15
18.22
22.29
20.09
21.45
16.9
19.04
16.68
12.85
10.57
18.16
23.76
23.86
19.11
9.13
14.54
15.89
22.82
20.62
7.17
19.96
24.72
23.48
17.83
18.49
21.18
16.07
10.26
13.91
21.02
14.45
3.58
11.57
13.93
21.92
24.4
22.29
19.92
17.46
8.15
12.49
16.48
16.47
6.47
16.84
13.41
16.16
25.04
22.97
9.1
16.69
-0.19
13.43
11.5
16.7
16.3
17.85
20.82
19.15
17.75
3.8
16.65
13.07
13.01
16.88
21.87
24.6
19.86
5.73
8.72
18.84
22.23
18.94
18.42
19.31
15.77
9.27
16.04
15.46
15.79
9.95
16.25
15.23
20.93
23.19
20.11
14.43
13.21
12.91
20.44
9.26
20.24
24.26
25.47
22.78
14.69
9.72
17.65
16.6
11.14
18.43
19.95
12.46
23.11
24.33
21.04
9.31
20.94
20.58
17.8
21.08
26.87
27.79
26.32
22.59
23.61
22.74
23.17
24.07
18.39
7.74
17.63
16.62
10.96
16.21
20.07
20.85
12.99
14.4
19.05
16.72
17.81
21.31
23.3
20.06
12.58
13.38
11.89
14.29
11.22
15.61
19.98
18.74
20.83
19.15
11.48
14.74
19.41
16.98
9.95
12.07
20.74
17.56
5.34
14.97
19.54
19.74
12.49
19.87
19.77
13.19
12.9
9.97
15.41
19.74
18.11
14.75
11.62
19.29
24.77
23.97
19.96
17.07
17.03
18.55
20.46
18.42
7.75
3.13
3.02
-0.77
7.04
13.5
3.49
18.72
18.71
16.55
17.7
17.33
10.34
9.38
17.88
18.51
4.94
14.42
18.23
20.41
19.05
6.09
17.42
18.41
13.34
12.44
19.06
22.45
21.56
12.15
10.27
16.46
20.4
16.84
11.63
15.41
14.63
11.61
21.19
21.36
18.26
17.11
19.49
9.26
18.09
20.68
21.2
17.11
7.41
15.28
13.85
12.91
15.25
12.61
18.44
14.44
12.18
8.77
14.87
21.17
18.97
15.61
11.67
22.28
11.45
21.51
24.41
21.18
18.41
17.68
24.93
24.91
15.32
22.91
24.76
21.57
14.47
16.07
21.76
18.08
13.97
12.5
20.99
26.56
27.22
22.94
15.51
22.19
26.04
26.19
25.31
23.61
20.17
11.81
18.91
17.84
-3.11
19.71
22.78
23.15
20.33
12.8
15.93
21.61
27.57
27.41
22.2
20.86
22.92
22.15
19.8
16.18
15.94
19.41
23.44
26.23
27.29
28.05
27.53
25.4
12.86
20.09
17.16
4.08
8.82
6.11
20.92
20.5
13.42
17.01
17.77
17.63
22.28
25.69
24.21
13.5
15.94
19.78
22.85
17.45
9.19
22.11
24.38
25
25.91
21.22
17.38
22.63
20.02
20.5
22.29
19.28
23.98
23.73
11.44
13.91
19.65
15.47
21.29
24.88
23.92
15.45
18.14
24.21
25.82
23.76
19.42
17.39
14.8
21.12
25.31
25.28
20.71
23.71
26.82
25.32
21.05
7.5
18.95
23.14
21.7
22.02
21.66
24.01
24.01
19.47
17.42
13.84
18.9
20.06
17.61
18.19
13.45
17.72
13.24
19.79
31.5
37.36
37.04
28.66
17.83
23.66
22.3
13.1
22.13
18.04
26.23
32.65
27.99
16.73
23.66
27.89
28.15
28.86
25.13
24.79
34.14
33.59
25.42
15.9
21.81
26.46
26.74
21.8
18.56
21.56
22.14
24.21
22.6
17.59
17.98
22.61
18.28
8.99
10.05
19.15
15.42
18.37
16.75
24.11
23.48
30.49
42.84
43.83
35.44
25.74
27.78
24.69
14.33
17.15
13.25
18.89
20.03
8.71
13.38
17.01
22.1
17.23
16.78
19.31
1.01
22.87
24.35
22.52
22.66
23.9
16.89
16.77
19.26
29.66
43.76
47.18
41.22
14.47
21.75
23.05
26.48
24.68
21.17
19.29
25.54
26.86
21.78
11.88
17.81
19.88
17.39
20.28
21.35
22.14
19.03
20.42
25.92
27.8
20.74
13.88
15.87
-0.7
13.41
16.34
17.77
20.02
23.55
25.76
26.11
20.19
20.91
23.28
16.26
12.09
15.22
17
3.73
19.23
11.03
23.35
24.75
11.62
19.65
23.84
25.53
22.94
35.26
42.43
39.25
22.44
16.79
14.24
20.14
23.65
27.32
25.99
20.89
12.55
20.31
34.24
39.95
37.54
25.67
10.68
16.29
17.16
8.62
-0.79
18.9
20.8
13.13
17.87
19.05
15.6
20.62
19.53
27.36
40.42
42.47
35.34
24.17
22.3
17.95
10.3
22.55
23.91
18.04
21.74
23.2
17.19
18.94
24.55
24.62
21.11
10.75
7.1
10.89
16.2
19.1
21.18
24.23
22.91
17.2
17.01
25.6
26.18
22.56
25.33
24.17
17.1
24.9
25
18.98
18.97
20.87
21.64
15.17
13.46
9.94
12.75
23.45
24.32
17.5
27.19
29.04
27.45
25.02
29.51
40.35
44.12
39.24
21.71
21.55
21.12
13.97
17.55
23
26.97
22.97
4.42
7.06
9.54
12.88
15.81
19.04
22.35
17.65
4.07
17.97
24.95
18.14
18.79
22.66
23.08
6.54
17.48
3.91
9.86
2.68
11.95
14.38
15.36
6.17
17.48
22.77
18.81
19.99
24.85
24.27
21.06
17.61
16.99
24
31.44
31.33
27.25
24.41
25.31
21.98
20.01
21.93
8.49
21.63
11.11
18.45
20.68
22.03
24.09
14.02
15.31
22.79
25.51
22.65
23.65
22.01
18.11
28.38
29.8
27.7
19.03
35.82
38.94
33.88
16.05
24.17
23.48
21.86
18.6
22.14
20.29
25.8
34.61
35.67
26.81
25.6
33.97
33.98
33.78
37.3
36.14
28.31
15.34
27.35
30.71
29.13
30.96
32.63
30.95
28.45
26.59
17.23
31.39
34.62
30.88
19.75
26.26
16
29.02
29.55
20.82
30.13
34.46
31.14
22.34
25.99
29.64
27.45
25.73
27.63
25.59
21.66
20.53
21.07
19.93
25.92
27.72
28.36
26.09
16.46
25.17
23.58
23.33
5.9
16.19
19.79
21.41
26.82
28.16
24.77
13.09
19.79
18.29
10.27
19.16
14.65
18.22
22.44
31.96
45.86
49.17
43.55
27.39
26.25
26.48
27.51
27.97
23.99
39.97
50.74
51.39
43.39
28.43
23.81
23.33
24.16
27.85
26.14
8.95
20.05
28.46
28.55
19.67
24.29
29.6
31.34
29.48
22.12
-5.84
18.3
16.98
12.77
25.4
25.2
32.39
24.23
28.52
31.15
27.91
23.35
17.96
5.89
10.41
13.7
21.83
29.19
29.89
29.78
32.63
32.28
28.4
26.74
26.98
26.11
15.49
19.79
24.75
27.29
27.67
28.69
26.4
18.78
21.98
31.05
31.39
22.5
11.72
26.18
26.26
23.45
23.71
21.21
25.94
24.47
27.12
27.62
24.53
27.78
26.35
27.21
28.91
25.24
7.82
5.36
23.95
23.75
28.99
27.36
25.45
28.85
28.17
22.88
18.2
26.29
32.68
31.43
26.53
26.79
27.92
22.02
24.74
28.17
30.67
30.15
6.31
27.49
25.36
22.75
28.16
27.83
24.78
24.59
25.71
25.68
24.99
23.41
25.33
28.13
32.62
31.61
23.61
17.65
22.43
24.68
23.06
13.53
27.23
28.63
29.08
21.83
24.58
28.27
18.1
29.54
33.09
29.35
22.97
26.37
29.2
26.38
20.66
25.23
26.2
22.34
23.75
23.07
15.65
13.01
24.83
28.68
29.67
25.26
14.95
19.22
22.89
20.37
26.15
27.62
24.95
19.24
26.43
30.04
23.42
20.16
15.2
17.29
23.71
27.25
25.94
23.79
23.82
27.43
29.63
25.99
26.89
24.98
21.36
7.85
22.58
26.97
27.78
26.65
24.64
29.43
27.95
16.9
27.39
30.38
25.07
16.54
27.11
25.11
18.96
29.86
28.29
22.4
22.37
16.77
19.28
14.23
16.57
23.14
26.12
21.48
18.74
24.46
26.17
24.32
-12.37
20.88
17.39
18.03
19.22
19.4
19.51
19.34
27.12
24.83
18.02
22.59
15.92
1.96
20.59
24
12.88
14.41
11.01
21.84
22.34
19.34
18.47
11.36
21.34
26.82
25.93
23.9
26.47
27.46
22.24
16.33
18.16
11.33
16.07
21.37
22.11
19.97
22.26
26.4
25.94
24.3
22.29
13.18
19.76
21.4
21.9
24.48
25.37
25.8
23.14
20.17
26.56
21.51
16.93
16.08
13.66
9.94
17.98
21.79
25.83
21.08
17.81
16.27
17.93
20.45
19.8
13.53
8.65
9.09
18.46
24.55
22.11
7.06
19.76
-1.67
17.59
8.44
8.17
19.65
23.9
21.62
14.03
9.34
20.87
19.58
14.71
20.28
21.26
16.4
-1.39
13.56
12.63
14.18
22.41
21.28
23.22
16.47
5.17
17.51
18
25.8
24.41
31.43
28.78
27.96
29.65
27.27
21.17
14.72
28.42
28.98
27.67
27.66
32.31
28.11
22.94
28.35
25.81
22.95
29
32.04
30.81
20.86
23.59
15.1
22.79
29.63
31.13
28.14
19.92
10.31
18.93
15.36
25.54
26.74
20.82
19.65
24.65
31.31
28.96
18.59
23.96
27.42
27.21
13.84
27.88
29.19
28.44
25.94
25.32
22.74
20.86
25.93
25.7
28.27
19.66
22.19
25.09
27.35
30.77
30.41
22.98
22.19
23.03
23
24.44
24.84
29.15
21.3
27.63
31.17
31.54
27.44
19.26
21.89
21.04
26.28
23.05
27.58
36.94
36.18
28.26
23.45
30.79
27.74
25.36
17.48
22.54
24.16
15.37
22.28
26.83
17.44
24.79
25.56
20.04
14.92
26.65
29.93
28.8
15.02
25
24.15
15.23
23.65
29.18
25.43
6.58
17.99
13.18
1.75
27.3
29.53
25.86
18.94
11.13
22.23
23.47
22.01
20.54
15.64
16.23
19.85
25.63
25.85
24.51
24.18
23.61
19.89
24.48
24.2
22.57
20.26
13.49
19.42
27.58
24.3
21.93
29.66
29.8
26.66
28
29.9
26.66
14.91
23.98
22.34
14.75
4.41
21.4
23.78
19.94
6.19
17.06
18.97
29.44
29.08
22.04
17.29
21.79
21.67
26.06
24.66
22.9
18.93
16.8
2.89
26.37
29.68
24.07
20.36
15.89
13.31
23.37
26.73
27.79
27.22
25.26
26.98
23.69
11.18
23.67
24.59
28.19
28.16
18.21
23.45
24.38
24.59
24.24
16.84
21.05
18.98
20.82
23.74
21.63
17.14
17.94
23.61
23.23
22.22
20.5
6.94
9.09
18.01
24.34
24.72
23.75
25.27
27.36
28.83
28.06
20.01
17.79
18.18
10.21
12.84
2.25
11.09
18.94
18.14
10.39
-15.51
9.63
12.16
19.25
21.27
23.7
24.6
23.45
22.32
19.1
10.85
11.59
20.52
19.11
26.97
27.9
25.14
24.86
23.72
19.66
23.94
20.95
17.97
14.03
18.11
17.56
3.74
13.72
9.97
10.74
11.46
15.13
20.79
18.75
19.38
21.32
19.79
16.77
18.67
16.95
8.75
18.08
19.65
21.28
17.98
19.72
19.5
15.93
1.91
14.23
15.1
10.78
3.16
4.6
7.53
7.71
10.84
18.47
19.58
2.04
15.73
17.36
12.8
15.84
20.43
21.61
19.89
11.42
19.36
23.26
23.48
14.29
16.62
19.53
22.21
22.66
23.18
20.08
14.68
15.65
15.59
19.14
19.11
1.57
12.98
5.64
8.82
15.03
21.29
23.01
19.41
14.75
13
16.48
12.39
11.99
19.25
15.01
16.48
18.43
23.63
24.48
23.31
22.45
14.93
12.9
20.53
19.09
6.55
4.98
16.96
20.74
19.81
17.63
17.58
15.82
2.12
14.34
21.81
23.41
14.07
19.23
20.81
16.35
12.03
15.6
15.41
18.24
18.63
21.63
20.78
17.89
21.66
21.94
15.56
13.64
21.25
21.94
15.57
-3.85
19.6
15.66
15.57
12.39
11.06
17.14
20.27
21.38
20.82
21.65
19.32
19.21
18.66
15.44
17.57
24.77
24.51
22.62
23.99
24.8
22.56
19.19
14.22
6.9
15.9
22.07
21.93
9.48
18.16
18.93
15.07
16.68
19.28
20.88
18.15
20.85
25.06
23.45
19.51
17.15
18.76
25.7
25.73
18.7
13.13
20.11
21.03
16.07
8.58
14.59
12.71
18.65
16.89
20.78
20.59
17.54
17.88
10.99
17.34
16.32
17.5
17.43
19.2
20.54
18.15
20.88
20.83
17.22
13.86
11.17
25.53
30.05
27.31
24.07
21.47
18.22
12.9
16.74
21.62
20.48
17.98
16.2
23.07
22.89
16.39
24.68
15.57
17.58
18.84
12.2
17.06
13.49
12.59
20.05
24.63
27.73
27.24
19.13
16.75
20.31
22.35
21.14
16.11
20.05
22.47
17.54
11.59
7.27
19.9
22.97
19.46
23.37
22.48
19.91
20.08
22.08
16.69
17.37
16.36
17.94
12.99
19.17
25.03
26.07
24.99
21.07
11.52
11.11
4.77
16.74
20.65
13.05
4.39
17.42
23.34
23.6
17.38
11.78
18.8
19.46
19.22
17.29
7.32
11.52
9.59
6.49
15.94
14.14
8.76
16.93
28.27
31.02
25.67
13.5
14.57
16.53
8.35
15.68
20.75
22.06
17.32
19.04
21.9
22.25
19.63
15.34
0.13
8.21
22.84
22.14
10.61
15.08
-2.02
12.56
18.46
17.29
14.24
21.33
22.39
18.66
15.49
3.47
20.21
32.6
36.61
31.42
23.02
19.34
16.78
23.82
21.38
18.33
22.3
24.16
21.21
20.41
21.93
17.93
20.27
23.9
18.23
11.76
14.72
8.81
20.38
19.13
17.71
22.57
24.43
17.59
9.48
16.75
18.58
18.9
17.64
15.22
18.11
21.54
19.47
17.05
22.16
21.82
14.12
17.42
21.04
21.04
18.4
13.48
8.21
16.8
13.3
8.54
16.33
14.96
12.4
14.57
18.5
14.07
18.93
22.03
20.79
18.84
12.24
9.79
4.85
12.88
8.95
16.53
20.98
13.83
12.92
14.95
6.78
17.01
15.63
6.35
19.86
19.59
13.96
20.13
25.45
22.81
14.16
14.78
20.51
21.2
21.24
20.45
14.31
14.45
16.01
21.89
18.6
18.38
21.37
22.16
16.98
17.46
16.73
17.57
13.77
8.49
8.84
2.05
-4.23
19.09
25.64
25.78
26.86
26.48
20.73
15.88
9.24
18.9
19.82
19.59
20.46
17.46
13.09
12.5
16.9
21.11
20.3
17.76
18.07
10.91
10.23
8.46
6.44
12.16
9.43
18.54
20.28
16.72
16.37
20.58
7.45
17.79
16.3
14.59
6.26
9.8
15.43
9.98
5.79
17.94
18.63
20.21
20.95
21.99
22.47
18.8
14.22
11.4
17.96
9.4
18.08
18.17
13.86
17.98
21.51
22.35
19.87
13.32
5.65
16.15
17.32
15.23
21.45
23.91
24.77
20.8
17.21
12.97
20.4
19.4
18.12
20.38
20.28
15.24
20.36
22.27
19.25
17.4
16.79
17.51
14.53
3.18
13.46
13.84
18.29
23.02
21.97
17.87
18.5
21.92
20.94
14.99
10.25
12.42
13.62
15.91
19.85
19.7
19.73
18.49
17.74
16.83
18.06
13.71
14.53
17.86
15.41
22.32
19.98
4.61
15.5
13.02
15.62
19.69
13.59
10.68
14.82
17.53
17.8
8.71
10.24
14.9
-4.11
9.48
3.73
11.91
10.8
6.39
14.25
19.96
14.33
21.03
20.24
16.89
21.16
21.47
10.53
6.5
16.21
21.76
19.56
5.96
20.34
22.45
17.28
10.35
17.08
16.11
12.06
14.9
20.66
21.27
18.11
18.05
11.53
13.85
18.32
14.24
6.78
8.57
12.58
11.3
7.65
11.3
14.55
17.46
17.45
18.79
19.66
16.94
9.71
-9.87
12.8
18.14
14.54
0.36
10.46
19.19
21.61
16.53
6.76
17.76
18.51
11.21
5.83
6.46
6.64
15.39
19.11
15.54
2.13
3.86
8.21
11.57
14.45
18.35
20.53
18.21
6.53
10.44
2.55
-1.06
12.29
15.6
18.68
17.77
13.9
14.09
15.36
18.49
19.25
15.02
-18.47
6.33
9.78
14.81
15.95
19.37
15.81
0.89
16.08
17.99
1.78
12.89
13.61
18.71
16.82
9.7
16.27
13.24
13.13
19.75
21.05
12.68
10.76
9.25
19.77
21.54
16.38
18.27
18.64
14.08
12.91
10.69
0.99
15.36
15.97
13.12
17.16
18.45
16.78
11.59
12.66
14.32
10.27
6.23
15.29
20.41
20.68
16.71
6.87
9.91
15.39
14.4
-4.53
8.64
14.34
15.69
6.57
7.1
12.76
8.9
16.11
16.65
8.39
15.89
16.79
11.85
14.24
17.84
18.86
16.61
15.62
16.13
13.12
10.73
12.66
13.39
6.73
5.54
15.45
12.89
5.49
14.58
17.74
13.88
6.11
7.72
9.43
7.9
7.1
0.28
0.18
4.86
15.03
17.01
13.33
8.43
15.79
15.92
14.86
10.38
19.2
22.2
15.72
12.58
11.8
12.76
14.54
11.5
13.16
13.58
0.04
13.14
16.47
11.88
14
8.8
13.03
17.69
19.34
20.51
16.93
-1.22
8.94
12.57
13.95
2.32
19.17
19.39
8.93
6.5
7.78
13.78
13.95
10.68
9.02
16.55
17.74
14.84
18.8
19.87
18.64
13.21
5.76
16.27
19.47
17.42
4.58
17.88
16.82
11.1
12.41
16.35
17.9
15.97
6.72
14.79
15.2
17.14
21.15
23.24
21.72
14.2
17.02
7.47
2.59
10.06
16.23
10.17
10.63
16.72
15.95
6.95
3.82
10
11.32
10.18
6.06
12.03
10.13
3.85
6.24
12.86
14.38
15.36
15.22
12.2
12.64
17.27
18.67
17.39
8.13
3.03
11.54
16.29
12.67
10.28
14.53
20.03
23.48
23.22
19.24
15.1
14.47
6.67
9.93
6.01
13.29
8.21
-7.72
8.88
11.25
20.03
22.75
22.61
21.02
19.22
19.98
17.43
5.58
9.87
18.83
21.34
21.19
20.78
20.92
18.75
8.36
17.45
21.51
17.84
16.1
18.71
17.96
10.79
15.02
14.76
16.95
19.75
10.78
17.33
19.01
14.96
16.48
18.11
14.71
12.8
12.62
10.64
7.93
15.93
13.93
16.2
16.28
19.09
20.12
19.35
18.53
16.12
13.33
14.41
14.09
6.43
10.33
16.77
18.49
16.92
15.53
15.21
8.21
10.31
16.41
19.95
16.6
4.36
14.42
16.82
13.9
11.53
16.99
16.58
12.68
9.37
15.74
16.72
17.98
19.8
15.46
-1.21
4.84
3.29
9.64
15.92
11.46
6.54
13.54
16.96
16.39
15.59
16.87
12.18
12.8
15.19
18.09
17.74
17.72
18.9
18.77
16.44
12.38
-0.3
8.89
14.64
11.66
12.04
17.32
19.13
19.43
15.13
2.54
11.84
17.45
19.26
17.07
13.53
13.99
8.68
-0.29
4.24
13.91
16.33
16.82
14.52
4.81
9.22
15.12
9.47
17.3
22.79
21
12.35
22.86
18.73
7.24
8.99
15.14
17.93
19.34
19.57
12.57
13.6
16.18
9.67
10.37
15.59
11.83
10.21
16.2
16.69
9.86
16.13
13.43
2.52
12.96
20.95
20.91
13.29
4.72
13.84
18.12
21.66
23.85
23.65
23.58
23.59
21.03
13.84
17.61
17.41
13.64
12.1
5.66
11.28
19.65
22
19.4
18.32
21.15
17.72
18.48
20.73
13.52
7.17
6.82
4.76
14.15
11.17
10.76
14.9
14.44
16.49
17.34
12.83
7.58
2.9
5.79
16.25
17.7
17.49
14.99
11.4
6.77
0.56
14.95
16.12
13.12
14.51
15.86
3.84
13
18.22
15.78
15.39
12.61
13.46
11.28
17.72
16.22
13.96
11.76
15.37
17.17
13.94
-2.77
10.13
0.47
7.16
9.75
15.14
15.54
12.99
13.84
18.18
16.9
13.05
16.08
20.04
15.67
9.41
14.79
15.78
9.9
-0.55
9.27
8.32
6.82
7.1
9.17
15.36
15.01
9.43
1.54
8.81
11.08
5.11
17.85
20.97
18.83
17.78
21.12
21.66
17.62
14.66
16.51
18.86
17.91
17.48
14.62
13.2
17.91
17.94
12.88
5.93
13.47
19.23
17.38
14.84
21.93
22.46
5.19
17.99
16.25
21.47
20.56
15.67
5.48
12.57
16.46
16.41
19.44
20.18
17.13
9.85
14.86
14.53
18.04
19.69
17.85
11.51
14.16
13.78
2.34
4.42
3.23
13.77
9.94
11.87
4.82
-2.56
16.06
18.54
14.98
22.74
23.76
19.67
9.52
13.36
13.78
12.43
17.92
17.77
12.07
6.01
13.98
17.61
20.33
23.01
17.64
14.4
17.92
11.05
10.11
17.31
20.59
21.82
20.6
18.09
16.14
14.54
15.08
13.09
21
23.8
20.82
13.65
13.74
20.31
19.74
18.64
20.27
21.58
17.4
11.31
18.75
14.49
8.63
12.02
4.2
10.05
16.89
17.85
17.02
20.78
18.55
15.51
12.31
5.6
10.59
17.5
21.99
22.59
21.13
16.46
15.67
15.9
8.27
10.62
7.33
18.62
13.97
19.17
18.08
10.07
15.52
16.11
17.96
15.66
15.19
18.1
18.14
15.2
11.74
13.56
15.67
18.89
21.25
20.32
12.42
14.52
17.98
14.2
3.22
2.15
9.87
9.92
2.2
14.68
15.63
14.04
17.15
16.47
15.76
18.15
17.54
6.38
14.69
15.5
11.93
14.6
-14.69
14.87
15.65
16.53
15.61
12.44
13.5
18.38
18.86
16.98
13.91
12.52
15.86
16.91
17.66
14.98
12.24
14.51
12.46
11.29
10.52
15.29
18.84
17.24
10.83
14.39
15.71
7.15
4.31
12.9
13.73
9.16
17.47
20.06
18.66
14.72
4.68
8.78
15.28
18.01
20.36
15.02
6.7
14.35
19.92
24.05
23.99
20.31
9.9
14.12
16.25
10.52
11.15
18.21
12.29
16.53
17.9
14.54
2.33
5.81
16.98
18.96
14.84
18.33
19.91
16.45
7.81
11.87
16.11
21.82
22.99
22.56
19.92
13.71
9.83
14.42
18.04
19.52
21.54
23.29
22.24
11.58
16.21
16.52
-4.4
11.39
9.06
11.98
15.44
13.77
17.27
18.56
18.5
17.94
12.02
13.92
13.96
12.34
10.35
7.29
8.41
10.77
13.67
7.42
12.41
20.44
21.82
20.21
17.09
13.69
16.35
18.3
18.86
19.47
12.25
9.71
19.17
19.72
10.39
17.25
11.78
13.23
16.16
17.36
9.02
16.23
20.3
17.42
12.55
15.95
15.58
16.41
18.44
21.76
19.89
10.95
16.84
16.4
8.59
16.19
14.04
21.03
21.78
14.89
20.79
20.42
9.72
10.93
12.13
13.04
3.86
16.61
18.14
17.92
15.31
15.44
12.65
8.67
12.64
16.29
8.67
2.28
7.49
8.16
8.94
11.15
14.71
16.97
14.1
1.76
9
13.49
18.56
20.76
18.61
9.1
10.32
11.7
7.86
12.05
13.71
15.33
10.52
15.55
14.86
17.45
20.92
16.6
9.35
15.71
16.74
17.85
18.44
14.09
5.1
11.41
18.13
21.28
19.14
8.94
20.27
17.76
5.42
14.2
10.23
15.53
17.1
20.01
16.06
16.22
21.98
19.25
14.22
18.2
15.63
15.25
14.66
9.86
10.56
19.89
16.94
7.71
10.9
17.46
11.18
4.3
4.2
16.55
18.08
10.31
12.27
3.9
2
14.76
17.49
14.63
1.66
14.75
10.69
6.31
14.89
18.07
17.37
15.44
12.91
7.94
6.68
7.8
11.51
8.42
15.05
17.27
18.46
20.42
21.04
21.49
13.22
22.21
22.3
9.99
14.85
17.93
22.77
22.07
13.93
8.64
13.78
6.57
15.53
13.24
20.28
19.86
14.71
15.09
3.5
17.65
21.5
21.21
15.63
9.71
15.22
14.89
10.17
7.9
11.08
17.06
14.9
14.92
11.76
11.87
0.48
17.57
12.15
10.48
7.27
10.31
14
22.96
24.51
17.33
9.72
18.74
21.75
15.91
16.71
19.55
16.59
9.82
16.85
15.35
10.48
-11.87
20.35
25.11
22.76
13.39
6.29
14.01
11.67
13.17
18.21
11.76
9.93
-0.21
17.66
19.17
20.8
22.1
13.89
17.82
20.98
17.88
14.16
13.6
17.3
19.92
18.19
10.76
9.48
13.45
14.97
14.49
21.39
21.61
17.82
15.76
3.31
7.11
8.58
6.71
15.34
18.9
15.95
19.46
21.11
12.96
2.83
13.72
18.73
19.44
20.34
18.12
4.52
10.99
8.38
10.23
17.44
22.16
20.44
15.72
14.01
3.39
12.85
12.54
19.68
18.39
6.51
16.09
13.28
12.73
16.29
7.2
17.95
19.01
19.44
19.79
13.61
8.54
7
14.91
15.14
4.23
13.5
4.79
11.66
5
13.24
13.34
18.5
18.03
16.82
16.86
11.91
0.66
11.4
12.89
17.64
13.38
18.39
18.54
7.93
15.33
14.3
7.42
10.12
17.62
20.92
18.43
20.76
15.2
13.91
15.2
11.09
22.61
24.18
20.27
10.81
15.37
13.6
17.21
11.98
12.35
17.42
16.25
11.28
7.54
13.24
14.98
15.12
15.49
10.83
14.58
14.95
12.44
16.56
17.69
19.8
19.81
18.44
18.98
14.83
14.96
14.98
15.99
15.51
20.42
22.37
16.55
20.21
18.35
3.06
2.31
12.71
12.92
13.43
19.65
19.08
11.15
6.85
10.67
19.75
19.43
10.48
18.48
18.55
15.36
6.39
11.54
12.81
18.49
20.1
16.63
9.48
13.43
2.72
-0.99
13.9
18.98
18.92
15.16
13.49
7.39
2.87
3.21
17.78
20.24
15.9
14.1
10.83
15.17
13.58
13.66
-0.44
15.85
12.51
5.63
3.36
13.14
11.4
13.99
15.05
9.31
15.56
6.33
10.83
10.32
4.73
9.81
10.65
15.19
6.62
0.03
7.26
10.64
7.54
11.5
17.25
18.8
15.7
9.94
-3
9.11
10.96
8.12
9.36
5.31
9.5
13.27
4.92
10.08
14.23
14.96
10.91
14.57
9.95
11.27
18.44
16.64
10.34
15.08
19.39
17.84
8.1
7.53
5.8
-0.76
10.02
12.57
11.08
14.4
13.69
13.86
18.63
19.55
14.81
1.33
13.78
12.02
3.21
14.85
14.54
13.66
10.74
10.23
7.76
7.32
13.53
17.51
5.87
2.78
5.49
-0.94
6.84
15.46
16
6.66
13.58
19.29
18.08
17.41
10.27
-0.38
5.66
12.79
15.77
18.33
16.32
12.15
16.57
14.47
10.96
9.93
13.89
18.9
18.23
13.58
12.98
15.71
16.58
14.89
15.01
7.27
16.46
14.23
13.16
4.54
12.03
9.18
-13.31
10.01
17.04
17.54
16.53
13.24
4.43
0.7
12.92
13.7
6.51
13
16.3
13.41
12.46
5.28
11.7
13.39
12.58
18.55
17.9
7.83
15.08
13
8.34
7.58
17.58
16.77
16.25
18.89
14.43
10.43
15.17
15.54
14.31
14.22
15.22
16.66
19.35
15.29
10.47
16.84
17.55
10.01
9.12
9.64
13.04
13.18
10.94
16.52
19.63
18.35
-4.2
20
21.25
15.81
12.51
19.38
18.38
15.39
14.07
13.14
13.49
11.68
8.29
10.14
5.48
9.17
12.9
12.37
13.5
12.68
6.15
14.18
7.78
14.7
15.15
17.71
18.68
13.62
12.93
15.91
12.52
9.84
10.2
7.4
14.38
7.66
4.53
14.06
16.25
14.87
10.29
12.72
18.36
19.55
15.77
7.03
10.44
15.16
17.43
19.19
15.68
8.6
12.58
9
-3.25
14.04
18.94
17.98
15.61
15.36
9.11
-3.85
5.66
13.72
17.37
16.1
8.59
1.89
0.05
8.25
11.23
14.62
16.86
14.58
8.95
9.76
-5.89
11.06
8.85
8.36
15.87
16.06
11.41
17.4
19.72
15.31
7.1
13.69
13.1
14.44
14.73
15.87
15.09
14.72
8.74
12.67
20.52
18.45
4.06
8.21
15.25
15.44
12.61
7.36
6.88
11.19
7.08
8.34
13.66
7.51
6.17
17.14
19.23
15.29
4.09
5.62
10.59
15.44
16.5
11.78
14.34
13.19
10.25
5.95
18.55
20.55
15.39
9.28
9.77
13.85
14.24
15.91
15.99
4.14
8.63
11.59
9.76
9.43
15.48
11.61
1.31
0.29
14.61
14.78
18.51
18.69
13.3
5.12
15.72
17.8
11.22
8.86
12.04
14.71
15.2
10.72
9.26
14.06
5.89
9.89
13.41
12.63
-12.37
14.31
9.88
6.2
9.23
5.68
-0.78
10.25
9.38
12.14
18.05
14.35
7.34
4.71
12.94
14.02
1.8
2.91
10.37
13.96
7.87
10.67
12.11
7.48
2.08
5.75
2.79
-3.56
4.4
5.75
10.27
7.15
14.92
13.95
-5.73
12.89
15.85
12.5
6.36
2.81
2
8.93
14.5
8.88
8.24
13.15
10.85
10.5
13.73
11.87
6.61
8.46
10.45
13.38
3.29
4.01
-3.08
9.76
16.92
19.14
13.63
11.1
12.46
12.61
8.06
12.53
14.4
16.1
17.24
14.55
9.91
11.19
12.94
14
16.63
13.52
-8.03
7.15
6.29
11.97
8.71
-28.17
3.21
0.16
10.99
13.81
-7.26
6.18
-19.2
5.29
3.85
1.56
4.12
0.94
-4.36
12
16.14
15.48
14.77
16.28
17.74
16.72
12.35
10.85
11.14
16.26
15.49
-1.87
12.97
11.42
9.93
11.11
-0.69
12.38
15.35
14.32
15.47
18.6
15.95
7.67
-2.77
6.09
8.86
12.62
12.93
11.03
12.99
15.8
9.64
9.67
18.82
20.55
14.87
10.56
12.21
9.24
12.76
13.76
12.08
3.48
3.66
1.2
8.67
17.15
17.35
13.6
13.49
6.85
12.98
12.66
7.77
0.38
1.64
9.43
17.57
17.05
12.61
15.64
14.88
9.23
10.01
11.92
11.74
2.13
8.41
4.56
11.2
15.71
12.33
9.15
14.47
10.31
4.65
11.51
13.21
11.46
13.56
12.89
10.41
15.5
7.8
10.21
12.82
5.46
10.66
13.58
12.24
7.78
5.78
4.69
7.65
14.26
7.09
14.89
18.77
16.99
12.78
7.11
14.18
17.46
9.54
6.72
6.17
12.57
12.9
14.04
8.65
3.5
8.27
14.4
13.36
13.1
20.14
20.91
19.3
7.48
12.13
10.34
4.61
12.85
9
10.41
11.68
13.89
13.35
8.07
12.18
10.88
11.96
11.86
9.53
13.47
15.77
14.78
13.04
10.07
9.35
10.86
5.08
-3.97
-3.47
5.03
14.51
12.97
6.02
10.95
12.38
13.83
14.92
10.95
4.5
11.19
16.83
19.59
16.87
5.13
13.78
17.07
15.56
14.52
9.81
2.72
8.19
17.53
21.6
16.96
-9.01
9.53
14
15.75
12.58
9.16
5.35
6.81
-1.4
4.74
11.08
10.98
3.5
15.17
16.14
10.26
9.07
10.7
10.4
16.12
11.26
12.39
18.39
17.46
14.26
6.45
11.25
14.97
18.69
14.8
4.09
14.3
15.19
15.97
9.28
14.62
16.22
8.03
14.57
14.93
14.03
12.62
3.83
-12.89
5.09
5.29
1.4
4.54
-6.19
5.39
6
6.87
12.68
12.34
7.55
-8.51
2.72
1.9
13.65
15.33
7.81
9.55
11.61
11.74
10.57
11.34
13.77
12.19
12.03
17.05
15.21
12.14
1.76
13.28
7.57
12.36
14.41
5.31
13.78
9.91
13.47
10.21
12.35
15.01
5
-2.91
12.99
13.01
8.43
14.65
18.21
17.84
11.89
10.52
9.72
9.83
1.1
13.5
11.77
13.68
7.39
7.25
8.71
10.84
13.72
16.45
19.14
17.21
6.9
14.35
18.71
21.21
12.42
14.56
16.23
17.59
19.9
17.05
13.4
10.62
3.01
11.71
19.88
18.39
17.42
20.66
16.45
7.14
12.41
17.53
20.01
14.2
2.42
9
10.95
7.51
-0.23
9.89
16.08
16.01
11.09
4.16
12.7
15.69
15.4
11.52
13.98
13.03
20.34
20.07
13.81
12.12
15.68
17.19
13.94
9.46
8.93
-0.48
1.72
-7.5
17.06
21.79
20.01
14.91
10.96
18.32
19.63
14.6
7.82
4.25
7.19
7.14
11.49
18.73
15.44
14.02
15.44
11.67
8.51
2.57
8.71
7.83
6.05
13.97
15.87
11.77
10.18
14.94
11.97
4.77
12.6
18.27
17.81
13.69
9.8
7.2
11.37
13.63
11.84
9.95
9.74
10.79
7.61
6.87
13.59
17.38
13.56
10.12
14.93
13.09
12.69
8.72
13.45
17.21
10.46
12.27
9.7
-1.94
12.65
17.15
14.32
5.5
-8.83
9.57
14.82
16.01
16.04
15.51
0.41
16.32
17.03
9.8
9.96
17.11
17.68
12.03
9.22
12.16
15.23
17.07
13.36
13.75
13.42
13.75
14
10.43
12.29
10.66
13.6
16.65
11.85
10.08
12.42
2.34
10.14
11.8
16.52
17.59
11.91
8.25
12.65
0.62
10.97
-2.04
12.95
13.16
12.29
13.91
12.14
13.3
17.75
16.53
12.83
6.43
14.83
14.43
13.48
8.88
7.05
8.14
10.63
17.36
16.79
6.99
12.94
13.73
13.49
14.45
10.91
13.16
12.06
6.33
11.49
11.11
2.4
14.04
15.97
7.93
11.08
13.2
12.06
14.09
14.5
8.17
14.71
16.23
13.27
2.91
17.73
16.91
15.17
16.18
16.89
14.71
7.09
11.95
8.48
12.78
15.23
18.47
16.2
3.95
14.85
16.76
11.27
7.05
14.6
19.17
19.6
20.66
21.05
19.52
14.93
7.35
9.41
10.83
0.73
11.31
0.26
8.41
11.75
10.57
7.77
15.81
17.53
14.82
13.04
9.14
13.26
18.53
16.61
11.82
9.17
8.65
5.78
8.51
9.81
7.92
17.07
17.05
4.59
16.29
20.68
20.22
18.59
16.04
-2.17
15.19
15.68
15.87
-0.86
18.18
21.41
21.63
19.25
11.51
-9.06
-2.04
2.69
3.38
2.04
4.68
7.9
18.15
19.83
13.5
7.38
5.43
7.34
7.59
13
14.18
9.63
11.22
15.5
17.29
17.85
13.31
15.02
22.41
20.09
15.97
15.02
14.96
11.19
9.62
9.63
12.22
13.96
12
12.43
10.99
10.79
13.17
15.88
13.01
-6.46
11.77
14.27
13.35
14.2
16.85
13.3
7.15
11.82
19.29
18.4
16.31
13.84
9.01
14.18
10.3
15.89
16.61
11.11
-9.87
3.21
10.38
9.53
3.26
-10.6
7.64
13.17
10.52
6.71
9.44
0.85
15.43
18.18
15.12
4.87
10.11
11.53
14.23
14.67
17.46
19.92
18.34
14.84
10.3
13.4
16.12
13.41
16.53
16.69
11.58
4.04
14.2
16.84
16.47
15.96
13.33
8.71
15.74
19.28
17.73
15.73
14.06
5.69
12.91
11.38
10.68
13.92
13.58
6.94
5.54
2.93
13.94
17.56
16.15
12.99
9.62
8.21
16.11
19.45
16.92
7.82
-7.07
4.74
-2.68
-3.7
10.5
12.75
9.1
8.75
7.8
15.51
17.51
16.79
16.27
11.99
16.52
17.85
14.6
14.99
16.68
16.96
9.49
5.19
16.21
17.55
16.37
16.89
14.13
6.44
13.03
14.77
14.1
15.11
15.42
11.48
16.54
16.44
12.97
5.72
14.65
18.89
17.18
14.58
15
12.34
2.86
14.69
16.07
12.15
-1.68
-2.6
4.29
-1.06
10.25
4.57
3.43
6.21
6.32
14.58
15.57
16
13.89
10.04
10.12
0.36
4.92
13.38
15.35
12.81
11.09
7.8
-1.79
10.68
12.73
10.95
11.51
14.37
16
12.51
8.88
7.49
9.87
12.74
13.29
8.72
-1.37
13.32
18.18
13.39
10.07
-0.49
15.37
17.93
12.58
3.7
12.83
13.95
12.11
8.2
-5.89
3.95
7.53
5.41
8.94
13.81
14.96
16.96
18.8
16.08
10.57
-3.01
11.47
15.45
13.64
8.25
6.11
12.94
10.53
11.94
9.25
9.95
10.85
12.29
15.59
14.4
11.8
10.28
0.91
12.09
18.82
18.11
9.77
10.51
16.16
16.8
9.12
7.47
9.02
5
9.73
4.57
9.89
17.18
17.7
13.93
4.33
2.95
9.96
16.37
12.53
-5.89
12.73
15.84
16.83
16.34
12.44
6.34
8.69
7.43
6.5
12.93
1.76
13.45
17.91
17.55
13.55
16.35
16.44
12.4
5.94
14.08
10.88
1.92
9.41
14.5
18.98
18.38
12.66
13.17
13.9
12.55
15.44
17.07
13.77
4.46
14.4
15.37
12.54
12.39
2.68
-6.09
3.22
10.83
17.43
20.9
20.16
15.64
4.07
12.94
15.27
11.15
15.99
19.14
17.03
11.83
-2.02
14.66
15.08
12.15
8.86
4.38
9.56
18.13
19.36
17.49
13.88
5.36
6.06
15.18
16.42
11.59
2.7
10.59
15.46
13.73
9.53
14.74
12.58
12.7
14.96
16.35
10.89
6.49
13.87
17.41
15.93
16.33
18.4
14.01
14.6
15.92
12.39
5.59
-10.73
-0.28
12.17
18.77
18.3
10.88
-9.49
8.8
19.06
22.39
22.04
18.76
17.77
15.66
14.94
15.4
8.53
8.19
14.83
14.75
0
9.87
10.97
-0.74
15.45
17
12.57
14.13
15.89
13.69
5.88
13.81
15.37
15.58
20.45
20
11.8
7.85
8.34
9.16
14
10.26
12.87
15.35
8.05
1.9
7.02
14.35
14.39
15.72
13.97
8.64
3.62
3.81
9.83
-3.4
12.39
13.24
10.33
15.83
4.24
5.81
10.66
14.47
16.95
16.37
15.39
18.56
17.51
15.72
15.06
7.17
16.43
18.5
19.93
16.34
11.81
7.24
20.07
21.46
19.92
17.42
14.4
12.44
6.66
11.11
13.05
10.63
7.19
11.89
6.16
8.58
13.73
14.61
7.18
8.68
12.26
9.56
14.25
18.18
18.52
15.39
10.99
13.68
13.92
14.09
11.95
15.4
13.87
7.46
16.02
11.83
1.68
11.79
12.74
13.43
13.6
9.78
14.3
17.33
15.97
13.73
14.47
17.28
13.77
4.92
6.45
7.35
14.23
19.12
19.41
14.64
4.81
13.45
11.59
8.49
6.97
15.98
18.45
17.12
15.44
13.29
17.26
20.89
20.35
14.77
5.26
1.54
8.03
11.61
12.9
11.73
11.79
16.99
19.64
16.89
20.28
21.85
19.27
14.27
6.9
-3.37
9.14
13.41
9.85
2.63
-0.64
-2.4
4.78
3.1
2.04
14.02
17.79
17.28
14.72
11
8.34
4.63
5.01
6.96
0.5
1.71
5.07
8.68
9.19
9.71
6.19
12.61
17.6
18.24
15.1
6.93
9.8
10.74
13.54
13.3
11.18
10.37
8.96
8.23
6.55
5.77
-3.82
2.24
0.6
12.59
4.49
15.84
16.59
15.03
8.83
7.1
12.87
14.23
6.57
15.03
16.69
13.29
1.67
4.38
5.3
0.26
9.19
14.09
10.55
5.99
-7.89
-14.76
8.62
13.3
10.78
9.99
15.58
17.63
12.32
8.4
7.97
13.54
11.71
14.42
17.9
13.79
-3.22
6.36
7.34
9.33
9.27
12.5
14.49
14.59
12.45
14.59
16.6
14.71
8.84
