3.05
3.55
3.78
2.6
10.88
11.31
8.23
-2.93
9.52
13.12
9.37
6.2
0.06
9.21
0.26
0.61
2.66
9.51
10.68
4.5
2.02
9.57
9.43
6.09
9.89
8.23
-3.13
3.74
-0.67
6.42
14.13
15.37
6.93
10.02
9.44
-4.46
3.68
-2.67
0.67
6.58
11.26
4.48
2.51
5.97
3.86
8.15
9.13
3.93
13.28
11.61
14.74
15.5
9.31
4.24
2.46
5.11
11.44
11.33
10.32
7.98
0.03
3.81
5.4
-4.26
9.11
10.25
12.55
9.33
9.15
10.73
3.25
9.44
13.08
9.89
10.41
14.16
12.76
-0.84
-4
9.27
4.47
-0.73
4.62
5.41
0.65
-0.72
10.95
16.79
15.8
11.76
11.59
10.46
4.56
4.59
11.5
11.8
6.06
7.77
10.61
9
12.66
13.99
15.64
12.61
6.94
12.17
9.47
8.25
6.82
1.78
9.3
11.43
12.71
16.71
18.35
13.65
6.04
2.29
-11.78
9.38
11.5
10.68
10.1
6.2
8.26
11.8
3.7
-3.92
2.52
4.98
0.56
1.29
5.73
10.56
11.99
13.34
9.49
14.4
12.77
3.13
11.65
14.83
12.47
-1.79
7.43
7.37
13.66
15.14
13.81
11.45
13.46
14.46
11.27
10.46
9.14
-1.53
3.69
9.78
7.52
-0.6
6.84
0.42
4.37
13.73
15.32
11.03
4.3
8.94
6.64
-3.15
11.87
13.17
10.94
8.07
0.19
2.62
2.74
7.64
10.31
10.74
3.47
3.98
8.07
0.9
6.29
-0.01
-4.53
6.46
12.07
10.57
11.1
11.96
8.06
-0.12
8.31
6.14
4.77
1.33
14.71
19.68
18.03
16.26
13.97
-0.07
3.66
-2.44
3.92
9.34
14.2
11.54
6.76
5.39
5.78
3.17
4.48
3.83
6.78
3.78
5.62
-20.3
2.01
5.47
10.83
11.05
5.31
-0.07
9.5
11.52
15.21
17.69
15.49
8.63
7.17
7.92
3.41
11.13
16.27
15.53
10.52
-0.42
5.18
10.28
8.89
3.53
-13.13
1.48
9.35
11.52
10.68
7.23
6.86
12.07
15.37
17.18
16.01
10.22
-0.24
4.87
14.5
12.9
7.82
7.46
9.32
10.39
-8.5
8.1
10.56
10.15
-2.86
0.61
8.6
10.13
5.52
6
8.28
8.06
8.81
9.75
8.55
8.5
8.12
3.34
-2.16
0.73
10.76
17.06
19.31
14.88
6.76
7.96
7.42
2.8
9.3
4.72
3.3
7.26
-4.48
10.29
10.81
2.59
2.75
6.84
13.99
13.49
4.58
7.02
1.33
-2.54
-14.99
8.83
9.19
11.76
15.31
14.68
2.6
-2.35
3.38
6.36
5.65
-1.69
-3.93
-0.42
1.72
4.5
8.65
13.88
14.17
14.32
14.42
9.7
1.7
11.07
9.38
3.25
7.36
5.28
8.68
7.02
4.53
3.32
-2.29
-0.68
6.99
10.8
8.86
2.91
12.24
8.54
9.59
12.21
11.99
10.19
12.78
-2.46
11.77
7.9
6.67
4.5
0.79
0.79
7.28
7.44
9.87
5.71
-9.27
9.42
14.41
12.17
4.42
15.08
15.68
13.83
11.03
5.6
6.75
9.86
0.78
-6.55
-0.48
-1.98
-0.69
8.03
7.33
7.42
10.78
11.28
-11.84
6.82
-13.37
6.5
4.67
12.11
12.73
7.9
2.09
10.32
9.39
-1.39
2.51
10.08
6.28
5.72
5
5.55
8.07
12.48
11.67
12.42
15.49
14.51
11.97
12.59
12.52
10.17
6.35
12.15
13.67
7.43
-3.72
3.49
2.46
6.5
12.04
4.91
8.46
12.43
10.6
7.02
12.33
14.4
11.56
9.9
10.85
3.18
4.2
5.1
5.75
8.1
1.85
0.38
3.65
3.63
4.64
5.14
6.64
14.03
15.35
9.88
5.58
15.79
16.54
9.56
6.87
16.3
17.27
10.87
10.37
12
-4.97
7.78
11.57
13.55
14.62
13.34
6.31
-3.89
12.33
14.55
11.42
10.93
12.59
15.24
15.59
12.36
7.72
1.58
-0.73
10.03
13.97
13.52
6.19
7.25
10.82
12.44
10.32
5.16
10.06
5.72
-5.85
7.14
12.17
14.23
14.1
10.25
9.16
11.35
1.28
6.25
-26.46
9.61
3.27
2.39
11.29
10.67
13.72
15.11
11.03
4.93
1.47
8.85
10.61
13.64
12.66
6.54
5.01
3.02
6.68
6.76
4.43
13.79
15.05
9.63
12.23
11
13.02
15.42
9.4
7.36
12.22
13.66
12.63
9.28
11.06
15.08
16.74
17.84
16.56
10.69
8.52
7.2
4.14
-1.02
10.25
12.88
11.39
13.11
11.25
8.11
1.42
8.66
8.57
11.32
13.66
10.41
-5.86
0.74
6.15
-0.38
4.91
11.5
13.33
11.32
7.62
6.62
10
2.02
0.52
7.02
12.23
9.47
-0.16
8.67
13.3
12.17
7.6
5.09
4.16
5.58
7.97
8.65
-0.9
5.35
11.62
13.28
13.76
15.73
15.85
15.54
12.83
9.24
7.24
16.95
17.18
4.6
8.91
12.88
13.15
11.12
13.23
15.87
15.91
15.14
-4.33
11.54
11.91
11.25
13.97
14.36
14.99
15.28
11.53
13.52
10.5
8.7
10.74
12.18
9.88
7.9
10.13
7.61
4.37
12.29
13.92
9.77
7
10.41
12.24
11.13
6.04
2.46
8.79
9.7
7.83
-6.44
8.31
12.66
11.73
-11.4
8.71
8.94
0.21
8.53
8.84
1.97
-1.41
5.82
6.17
6.98
11.34
10.71
4.22
4.47
10.22
7.76
7.82
13.3
11.22
10.76
8.21
6.94
7.33
5.4
9.19
14.28
18.18
18.33
16.34
12.5
11.65
13.19
13.76
10.94
13.05
13.34
-0.57
15.63
15.77
5.05
5.04
9.84
14.66
13
2.91
11.61
10.16
7.74
1.91
1.92
3.18
8.86
10.86
7.01
2.03
13.78
16.79
17.04
15.05
10.28
6.31
0.62
-14.78
3.48
-3.51
4.59
7.37
12.33
0.02
0.3
11.22
12.38
10.83
11.15
4.93
6.32
8.81
4.62
7.79
6.75
3
2.68
5.97
11.86
10.98
10.82
7.53
5.19
5.65
-3.43
13.87
15.52
13.1
11.77
12.35
16.94
14.47
-0.1
10.27
7.48
7.92
7.26
2.22
-5.88
4.65
11.95
12.87
12.94
17.19
15.87
7.17
2.14
10.84
11.51
8.89
8.25
15.21
14.62
13.23
13.04
8.94
6.84
10.61
8.83
7.18
9.15
2.52
0.21
7.7
2.97
-0.13
-5.07
5.21
5.62
2.86
6.75
9.82
10.26
8.24
7.99
10.38
-3.22
4.58
5.28
5.95
8.45
9.84
7.67
5.86
7.56
8.96
9.42
9.7
11.04
10.89
9.58
10.48
10.86
9.25
6.14
6.65
9.5
2.49
10.68
16.34
19.17
14.94
13.17
19.45
22.76
22.23
12.31
20.52
16.34
21.28
25.61
24.55
21.67
19.17
17.89
14.06
14.32
16.72
7.31
17.85
21.86
22.96
25.77
24.71
22.22
21.63
10.87
11.56
18.56
23.06
24.93
23.23
25.96
28.32
26.7
20.5
17.02
18.25
18.27
10.25
19.93
20.43
16.76
19.96
21.38
19.59
15.39
17.96
25.01
24.42
27.18
23.87
16.45
24.8
25.13
21.85
18.32
17.16
21.82
14.04
23.38
26.36
24
18.59
19
18.82
17.64
26.26
29.82
27.95
23.68
19.07
21.45
14.58
16.59
21.1
21.8
17.38
26.1
25.04
-4.28
25.92
25.57
19.81
20.67
14.49
11.3
20.86
27.19
21.91
14.52
21.37
21.2
17.82
23.8
25.61
22.88
15.6
13.56
17.73
16.58
20.12
18.56
13.76
22.9
24.36
19.4
12.16
22.45
24.02
17.84
5.86
10.09
11.87
14.95
20.72
24.2
26.25
23.96
8.54
20.03
23.72
23.97
23.71
19.97
17.43
17.74
16.69
16.29
9.78
23.51
22.75
2.45
20.97
23.38
23.65
23.89
19.85
19.38
19.42
18.12
18.8
24.05
25.26
22.18
5.71
17.26
17.07
15.54
22.23
21.34
18.26
23.39
25.8
22.28
16.43
19.17
14.92
19.99
21.59
20.41
17.29
-2.27
14.72
19.98
23.62
26.62
27.69
26.68
25.33
26.63
27.27
25.65
23.68
22.28
22.69
19.96
21.76
26.78
26.25
19.33
14.11
14.88
23.8
24.79
29.21
31.77
24.46
20.19
25.81
26.29
25.57
25.13
25.49
24.01
18.85
15.32
19.23
12.91
24.56
18.78
26.36
27.32
23.36
14.58
7.39
8
18.09
20.36
22.66
22.63
19.25
25.02
28.64
16.01
26.91
29.42
28.26
27.34
23.86
14.39
7.36
22
26.6
27.89
28.9
29.04
25.8
17.55
13.93
8
17.8
24.57
25.09
18.23
13.25
1.23
12.55
12.63
6.88
15.22
18.96
25.02
26.37
25.19
24.43
26.41
25.44
25.86
22.09
1.57
20.81
21.53
22.21
26.15
24.92
19.55
20.75
20.96
26.79
28.04
25.09
21.63
20.17
16.93
19.16
20.61
20.9
15.67
14.98
13.41
19.73
24.13
21.37
6.5
15.69
21.55
22.03
19.66
20.97
19.95
13.7
17.98
13.93
16.97
18.98
9.56
15.82
24.3
27.37
24.96
18.89
16.04
16.48
20.17
24.69
26.03
23.62
11.33
19.31
9.72
10.85
14.91
22.35
18.97
9.17
18.38
20.23
14.57
19.21
21.21
21.8
25.28
26.99
25.87
22.94
21.31
21.61
19.78
9.43
11.31
16.86
17.75
19.31
17.82
14.57
21.54
24.19
20.39
18.57
20.46
18.29
12.66
-14.47
3.98
6.85
14.36
15.95
13.14
10.15
14.27
15.11
11.59
15.62
15.36
12.42
5.23
14.45
18.22
13.35
18
25.65
26.42
24.1
18.06
9.21
11.02
17.35
18.82
14.34
16.81
18.22
19.07
15.42
12.78
11.66
4.25
13.23
5.95
7.37
12.87
13.18
9.73
6.52
9.94
8.33
9.02
9.83
16.69
18.6
14.3
16.39
18.98
17.55
10.48
8.82
0.22
7.23
9.81
9.58
0.85
8.41
10.78
4.68
5.92
8.6
1.08
13.89
17.69
20.95
20.24
19.89
9.99
17.78
22.38
23.03
16.82
8.07
10.83
4.01
11.78
10.69
10.65
9.02
6.18
19.55
23.7
21.17
-1
-1.41
15.01
23.05
25.62
23.69
21.26
19.17
19.15
15.45
18.21
20.03
20.03
19.09
21.83
21.91
14.41
18.9
22.31
12.85
15.19
18.16
20.79
17.14
14.33
21.18
21.53
6.04
20.97
19.88
17.76
19.34
18.56
11.38
4.35
5.77
14.71
3.15
13.66
21.89
18.5
6.91
18.73
20.94
9.72
8.92
4
6.65
3.12
13.32
12.35
13.79
17.36
16.65
11.1
8.66
16.75
18.68
14.99
13.21
11.02
18.31
23.35
18.1
11.47
20.11
21.63
18.22
20.21
17.39
20.55
22.96
22.62
14.05
20.68
23.64
20.13
11.47
16.04
20.91
18.65
20.64
20.66
17.52
10.43
9.78
14.95
12.36
12.48
15.91
21.72
23.56
21.79
19.6
23.18
24.06
21.77
17.64
19.68
19.85
23.52
22.41
14.37
18.27
20.8
14.87
12.32
-6.63
11.33
12.16
15.37
14.35
13.64
12.84
17.04
20.62
22.8
24.54
24.76
21.82
9.18
18.75
18.76
22.27
22.34
18.22
22.69
21.94
22.75
22.65
24.62
24.53
21.83
21.23
23.19
23.97
24.42
20.59
13.29
22.97
24.16
19.62
11.83
18.09
18.74
13.74
17.45
21.74
19.57
21.05
16.06
15.56
20.07
8.41
16
3.43
17.03
20.38
19.74
10.48
20.15
19.68
16.69
21.05
17.02
12.89
16.55
17.8
21.84
23.21
20.16
17.3
21.01
24.1
24.86
24.48
22.69
27.79
26.26
21.52
21.1
22.56
15.12
16.7
21.94
22.42
18.8
11.35
16.21
17.77
9.08
19.56
21.51
24.88
24.75
22.54
17.54
18.51
21.38
16.57
10.33
18.32
20.12
20.91
21.25
24.61
24.9
19.13
15.51
13.19
18.11
14.61
-1.09
13.76
18.73
22.87
16.02
19.37
20.95
19.81
19.96
22.69
18.53
13.14
14.69
19.46
19.38
15.95
17.09
15.64
10.82
14.54
21.65
20.28
16.12
15.73
6.83
11.13
13.24
12.27
13.37
11.82
15.39
7.53
2.73
16.47
18.3
21.66
23.23
20.19
14.46
7.74
19.85
18.28
22.57
22.24
20.02
19.58
17.92
16.11
19.36
19.39
22.43
19.86
5.7
23.73
26.39
25.04
21
20.41
20.64
16.8
11.78
13.56
20.99
17.23
10.62
18.25
19.35
15.41
18.54
17
12.53
15.21
7.71
14.18
20.12
21.71
21.24
14.75
2.13
10.85
10.45
12.09
10.66
8.36
10.47
11.89
15.98
17.07
15.75
12.37
20.21
17.06
5.35
10.65
5.22
14.93
12.61
11.31
15.55
10.23
9.1
7.11
10.8
14.78
15.35
19.23
13.06
13.77
11.63
18.06
11.12
14.97
16.18
13.27
8.2
18.17
21.62
20.83
19.35
19.35
13.45
14.78
13.8
17.25
17.34
14.47
9.23
-0.73
8.88
15.07
15.34
16.3
21.55
19.67
9.1
14.13
19.77
17.98
16.77
16.72
20.02
16.43
12.63
16.99
11.66
16.61
17.32
9.11
2.26
12.01
7.96
17.19
15.21
17.85
22.46
19.73
11.5
14.62
16.6
20.18
23.08
20.97
20.19
19.02
16.19
22.38
20.7
17.34
-6.43
7.06
10.48
16.23
20.29
27.01
26.62
21.7
19.41
22
23.36
22.79
23.22
16.69
10.38
14.6
17.97
8.03
10.88
17.06
23.12
21.58
22.21
23.33
18.88
17.7
18.77
18.23
12.04
15.12
16.21
10.88
15.48
18.57
21.99
21.34
12.54
3.15
4.24
16.09
22.09
18.5
15.06
23.62
21.94
16.88
18.12
21.25
19.38
17.32
22.06
23.2
22.98
19.66
13.08
13.26
11.12
20.01
20.69
21.62
19.17
14.35
5.44
13.46
22.06
24.47
22.91
15.82
12.56
21.6
19.99
7.57
17.71
21.92
18.88
15.93
20.07
16.33
8.2
10.16
18.79
16.04
-10.41
16.51
20.55
20.86
14.09
12.27
15.86
22.25
22.51
23.06
19.37
13.63
20.28
17.47
15.87
20.57
21.36
19.33
22.8
19.02
12.52
17.49
14.49
21.81
24.42
22.89
23.24
18.28
13.73
8.97
17.9
20.13
14.02
12.26
21.77
21.73
11.56
23.08
24.34
21.79
14.09
22.89
24.2
24.74
22.53
6.81
17.57
16.67
15.26
21.79
28.64
31.28
23.71
17.98
21.91
24.1
24.55
20.71
19.6
23.17
28.61
30.81
26.35
12.24
14.06
18.23
23.34
23.08
21.65
12.54
28.56
31.63
20.99
10.46
25.33
28.28
18.12
22.62
21.66
21.69
24.88
21.09
6.58
13.93
18.29
23.08
22.99
23.33
22.29
15.92
16.5
21.87
24.1
19.47
26.24
36.77
37.41
29.32
18.46
21.22
21.26
19.82
14.69
21.63
25.76
26
21.45
18.29
21.07
25.79
24.52
23.35
26.42
24.84
24.09
22.18
16.36
23.33
22.38
18.27
11.31
10.75
15.92
27.56
42.61
45.96
40.02
24.84
27.47
19.37
13.74
17.18
14.62
20.96
25.03
18.28
10.87
17.33
17.7
19.29
18.44
7.53
17.21
8.68
7.43
6.77
11.14
27.59
26.66
14.88
16.51
13.78
13.66
20.99
19.63
14.7
26.6
26.43
18.57
17.42
17.62
19.21
17.76
16.28
20.34
23.49
20.6
20.07
24.82
27.8
26.59
18.5
11.49
17.4
19.99
30.52
41.26
41.5
31.73
21.36
21.57
13.95
12.78
22.64
17.4
18.05
21.03
17.11
20.77
33.91
38.4
34.47
21.32
19.37
26.15
27.95
27.73
25.16
16.74
18.25
19.54
23.91
25.07
23.73
23.34
30.37
41.19
44.58
39.42
26.44
13.07
16.82
11.77
20.88
23.73
21.38
18.23
29.8
29.02
22.17
18.14
9.74
20.62
22.93
15.01
16.48
17.75
11.62
15.89
24.07
27.76
28.34
25.06
22.63
23.37
13.03
17.88
13.72
15.01
17.19
16.63
19.04
8.03
16.22
19.35
12.7
7.89
15.36
20.2
21.09
24.45
24.13
25.27
28.21
28.24
25.64
21.66
20.62
41.06
45.52
40.93
28.55
23.82
24.39
22.87
25.69
23.27
-7.22
21.75
24.69
25.26
22.95
18.43
21.66
18.9
22.75
24.42
13.05
18.57
19.27
18.66
21.72
24.51
24.29
19.97
17.06
19.68
20.82
19.64
17.19
19.62
21.79
24.58
36.37
39.03
33.19
22.51
20.02
18.06
21.39
16.12
15.2
26.7
28.32
21.64
21.18
17.59
10.08
15.07
22.39
22.05
18.17
20.26
12.19
16.49
19.06
12.84
7.63
23.95
25.97
27.31
28.29
23.51
19.63
22.48
23.18
26.08
29.3
29.51
29.25
35.26
37.72
32.9
25.26
23.84
22.66
17.79
14.24
13.07
17.98
31.88
36.66
35.65
26.65
24.74
34.75
34.84
23.58
33.15
41.87
40.5
32
6.22
26.16
26.48
20.8
10
21.94
22.56
25.09
26.17
31.46
24.16
23.65
25.49
26.19
23.63
21.94
21.02
15.63
26.49
34.5
31.93
14.74
22.89
22.78
25.53
26.37
25.98
27.9
27.12
12.78
20.51
22.21
27.3
24.74
23.05
26.82
27.68
29.72
33.3
34.81
34.24
30.11
25.07
20.88
7.94
13.66
20.79
28.17
21.29
21.96
31.68
31.93
14.49
17.26
23.66
29.68
46.84
50.68
45.5
30.93
28.11
32.28
31.73
29.84
33.9
29.3
43.95
48.43
42.8
20.91
24.63
29.52
29.42
30.6
33.87
33.97
32.17
31.22
31.84
28.55
19.51
23.76
22.56
28.39
27.94
25.69
22.73
27.91
34.28
34.3
32.03
31.99
31.81
27.73
22.29
33.84
33.19
17.72
23.24
28.86
28.67
25.06
31.65
33.77
32.23
31.34
32.2
30.38
29.83
27.83
31.9
31.37
32.99
33.76
29.85
27.59
29.61
31.91
28.63
28.25
30.04
33.66
33.94
27.81
29.49
18.49
17.79
31.25
31.72
26.54
27.38
26.56
22.92
19.55
21.91
28.55
34.28
35.37
34.69
29.44
20.06
21.28
32.05
30.48
26.82
28.34
30.75
28.41
29.27
30.97
29.14
23.94
28.02
28.94
16.53
23.89
28.82
27.71
31.49
34.09
35.32
31.84
27.52
27.63
17.39
22.86
27.46
32.22
31.93
29.41
30.08
32.98
30.09
28.56
27.04
20.8
29.25
36.3
35.48
28.57
29.72
31.73
29.89
30.53
32.41
31.65
27.3
25.24
27.73
26.02
26.68
28.72
24.87
10.8
26.1
31.74
30.34
29.62
33.68
33.62
28.73
30.27
32.46
30.97
26.68
17.95
23.53
20.47
25.37
29.39
26.63
20.42
21.68
27.7
27.75
21.38
23.01
30.36
26.71
23.24
26.26
22.65
12.87
19.88
29.47
26.15
11.83
10.22
14.23
18.78
22.97
24.57
21.67
25.07
27.47
26.93
23.24
17.91
24.47
25.32
24.35
24.18
29.83
23.94
23.96
19.34
18.78
27.24
27.41
25.69
30.51
32.32
30.17
29.38
26.79
28.08
28.82
29.21
26.63
21.67
20.69
16.34
20.17
22.34
19.05
16.56
13.03
11.85
20.36
18.38
16.22
12.67
20.02
22.42
19.03
15.38
4.31
15.32
19.04
15.19
16.28
23.81
24.75
19.59
11.61
20.19
25.94
26.95
29.67
27.67
24.51
23.31
28.38
26.41
22.16
20.17
18.67
17.51
23.24
24.55
21
18.65
20.56
20.27
24.31
24.1
22.99
23.47
24.27
24.41
21.24
15.54
20.35
18.98
20.5
17.59
12.45
15.34
23.46
21.27
14.72
16.62
16.51
15.71
15.72
2.02
6.07
20.04
24.23
23.33
23.01
25.13
27.59
28.27
24.67
18.23
21.2
18.98
8.88
13.24
18.75
22.68
11.31
21.15
20.79
22.8
19.49
15.26
19.89
22.25
15.26
18.9
16.63
16.69
12.2
18.41
18.73
20.38
8.77
17.69
21.59
16.54
3.14
7.02
14.86
16.53
29.09
29.97
29.08
24.79
20.27
27.59
30.49
31.3
27.5
15.64
29.9
32.4
32.08
27.72
19.2
28.87
31.14
32.46
31.9
24.02
28.42
31.72
30.27
25.81
24.79
28.58
27.17
30.16
30.39
23
21.27
20.69
20.24
19.33
16.43
22.38
26.51
21.85
25.3
29.23
27.27
24.92
22.75
24.79
28.25
29.22
28.73
24.62
25.06
26.67
24.41
21.7
24.02
26.3
25.02
24.42
28.83
26.38
8.03
14.58
17.62
23.84
25.45
18.53
22.58
25.79
18.55
21.51
26.03
24.48
21.57
20.08
20.81
22.94
24.44
22.78
20.67
25.3
32.01
36.86
35.98
31.65
26.75
14.51
21.63
23.84
23.56
14.72
24.35
23.89
22.17
23.41
23.9
21.79
23.17
20
19.29
22.57
12.04
27.47
30.53
28.33
21.45
21.19
28.08
30.55
31.86
28.36
20.69
24.48
24.52
11.96
27.31
29.63
28.62
26.95
26.7
26.99
25.37
23.05
19.66
21.6
22.94
23.96
27.01
28.59
27.22
18.53
10.83
26
31.98
33.61
33.14
31.87
32.45
28.68
20.94
24.16
26.48
26.09
24.55
21.35
26.46
27.42
25.61
21.99
21.62
18.75
16.78
24
22.94
18.26
20.63
24.8
24.74
20.74
18.2
24
26.31
20.4
18.85
23.34
24.32
24.07
25.15
18.07
21.5
20.81
15.92
18.07
21.57
22.34
24.48
27.48
25.65
15.84
19.68
19.49
19.89
22.66
19.3
17.77
12.72
25.18
29.93
29.55
22.11
12.23
4.91
14.42
22.52
27.82
26.88
18.56
14.59
21.48
9.55
22.94
27.57
27.03
26.92
26.29
18.23
19.44
24.32
22.03
19.18
12.19
17.86
26.31
29.37
29.69
29.19
24.62
18.78
18.07
24.26
24.51
17.79
11.56
17.87
13.75
19.44
21.94
22.9
23.72
25.21
21.61
5.13
15.4
23.26
25.92
28.12
29.21
28.1
25.9
20.66
5.9
22.94
26.52
27.4
26.06
22.1
11.82
13.89
13.6
15.97
20.44
18.46
15.36
8.1
14.77
20.69
22.19
18.57
18.77
22.72
23.15
13.35
8.51
-19.84
16.92
19.4
23.5
24.59
21.96
18.32
15.67
21.62
20.13
20.23
20.28
17.41
15.66
17.75
18.94
17.06
21.32
21.2
20.28
23.84
28.48
27.48
23.06
19.12
18.08
18.61
16.84
11.15
16.22
22.13
24.66
23.7
22.97
26.32
27.52
24.22
22.75
19.76
20.38
19.24
16.22
21.38
22.64
23.74
22.73
23.07
22.58
24.88
27.56
28.67
26.24
17.33
21.51
25.06
25.23
21.34
4.78
19.16
22.16
22.14
22.89
23.14
25
24.61
18.52
6.31
20.56
23.39
24.67
21.1
20.7
24.02
24.52
23.11
20.67
17.86
7.3
-12.3
15.15
12.81
14.64
20.27
18.52
23.23
22.2
14.91
10.48
20.95
24.16
25.04
26.92
27.47
27.36
26.43
19.67
15.46
24.52
23.92
17.48
17.36
21.11
22.82
25.22
26.08
24.79
23.64
24.59
22.78
14.85
15.05
14.42
16.68
21.21
26.24
28.07
25.21
14.91
6.47
14.35
15.83
24.73
27.91
28.24
26.23
22.95
23.19
19.74
18.63
19.26
12.8
22.17
25.11
25.25
18.88
17.63
24.11
23.44
21.3
14.08
15.52
16.04
19.43
8.7
23.15
22.18
17.88
21.42
25.36
27.45
26.66
23.12
20.2
15.73
17.55
22.89
19.6
14.28
18.12
20.47
21.05
22.67
21.14
10.05
18.43
15.09
22.05
24.97
22.73
15.47
3.56
5.66
20.66
26.04
26.66
24.91
23.88
20.62
11.52
18.62
19.16
18.74
21.19
22.98
16.1
11.15
22.27
23.9
18.45
16.63
21.42
17.49
6.16
13.21
15.97
22.98
25.22
21
18.57
19.26
17.58
21.95
20.07
13.18
11.73
19.67
22.25
11.29
18.26
23.07
20.82
16.99
19.96
19.24
17.76
6.45
17.17
22.09
14.48
4.21
14.92
19.22
20.5
19.59
14.12
12.74
7.55
18.56
20.26
22.85
25.1
25.34
21.77
18.07
15.74
7.69
7.88
16.57
1.48
19.51
20.52
19.37
18.43
6.83
19.96
19.66
17.25
19.39
19.03
19.34
24.51
26.46
26.65
24.46
20.48
21.11
15.86
20.31
20.79
15.29
17.29
21.94
26.01
24.42
20.25
16.91
20.21
28.25
28.1
22.05
16.3
15.88
9.93
5.27
13.56
20.78
16.13
18.9
23.83
25.41
24.99
26.39
23.05
20.67
24.08
31.44
35.52
31.28
24.25
18.67
3.18
18.59
18.31
20.08
15.51
16.16
21.01
18.49
12.33
19.58
21.34
4.05
22.5
23.64
23.42
16.74
12.42
20.84
27.01
26.75
22.37
22.88
22.02
5.78
16.28
19.61
22.98
19.11
16.17
19.23
17.1
19.69
20.79
18.7
15.41
19.89
16.99
4.19
10.92
15.28
22.31
21.64
22.91
25.34
23.51
23.17
20.55
13.27
20.54
22.47
19.65
15.96
14.56
18.94
20.66
13.19
19.89
26.52
26.82
23.72
21.32
18.91
10.13
15.92
20.03
23.53
22.1
23.43
23.44
19.75
17.7
17.45
20.74
17.75
19.08
22.2
21.85
18.94
19.81
18.27
17.34
15.53
17.09
18.87
18.55
18.23
17.19
19.93
17.98
15.57
20.9
15.46
19.84
21
16.88
25.17
23.35
21.61
21.39
17.07
18.97
20.31
24.13
25.83
22.32
19.68
21.68
18.39
20.96
22.58
21.93
21.63
20.12
21.16
20.4
11.48
17.12
16.07
23.68
26.55
26.6
24.72
15.93
11.18
12.42
10.31
10.98
16.95
19.67
19.15
16.65
16.86
21.47
26.33
26.98
26.04
24.41
21.28
16.32
20.24
23
21.59
17
11.96
16.11
18.85
19.11
21.69
20.34
15.45
9.86
16.8
21.61
23.96
22.93
18.57
16.66
18.22
15.84
12.52
8.5
7.72
15.56
12.78
4.77
8.6
13.59
16.82
20.54
16.19
17.73
20.78
19.97
13.12
-3.66
10.37
19.3
20.35
16.99
16.73
17.57
16.77
16.04
9.81
18.83
19.75
20.87
23.32
20.73
15.79
7.64
12.03
15.74
14.88
14.62
19.03
15.89
16.88
17.59
9.51
8.99
14.85
18.37
20.78
19.52
17.1
18.14
19.58
19.6
18.67
14.03
10.41
14.06
14.1
18.86
20.37
15.81
9.83
16.55
17.92
19.24
18.06
20.64
23.86
18.35
9.34
10.83
15.22
18.09
22.54
22.94
16.49
20.34
19.63
18.66
15.09
19.14
14.08
1.34
15.16
20.08
17.03
18.75
20.31
16.16
11.01
18.39
19.26
16.47
21.51
19.32
18.37
11.87
16.67
19.49
9.83
13.34
14.06
18.95
16
10.57
-17.03
14.2
14.19
5.25
10.82
12.11
14.61
8.24
12.61
17.49
17.05
19.42
21.54
20.06
19
19.15
14.3
6.36
18.02
21.14
9.15
16.73
14.94
4.82
9.3
16.01
13.1
13.39
11.19
11.88
9.22
4.46
15.39
14.73
11.98
7.67
12.52
16.26
15.23
18.26
19.52
17.43
15.45
15.66
17.67
14.04
12.76
13.99
4.3
8.01
14.75
12.11
-6.21
10.91
17.91
19.32
17.79
21.68
20.46
16.35
15.56
16.53
17.29
15.05
16.15
19.26
14.82
9.72
9.85
11.74
10.9
11.12
13.94
5.81
13.22
16.98
13.95
12.43
15.13
14.94
10.7
18.14
16.31
0.8
9.54
18.38
20.16
14.98
16.86
18.73
17.81
13.95
11.87
15.9
13.64
11.14
10.21
7.53
2.41
10.23
16.93
19.33
16.7
11.28
9.34
20.03
21.54
18.88
19.5
10.3
11.52
13.23
6.25
11.79
14.2
19.09
20.02
11.15
14.63
16.16
14.67
10.95
12.57
4.31
7.79
14.13
15.72
14.84
11.5
7.73
19.97
19.74
10.23
14.22
14.31
10.99
18.6
16.21
8.98
11.59
8.87
4.53
7.83
8.7
13.84
10.56
15.1
7.17
4.93
8.86
14.49
13.51
8.83
11.9
16.01
15.11
18.5
0.41
13.86
16.53
15.27
17.18
15.27
15.21
11.53
9.11
9.68
17.5
18.89
18.57
12.82
9.77
16.51
16
12.32
10.95
16.79
15.06
12.35
15.16
17
20.11
19.84
16.57
9.19
13.83
6.56
6.62
13.28
17.61
19.62
15.36
16.48
13.59
-0.14
10.07
15.37
19.2
19.32
16.58
2.9
11.91
11.26
8.08
-0.56
15.32
18.19
19.71
19.22
15.47
15.25
9.75
14.28
15.58
16.07
17.44
14.67
16.74
18.17
16.4
21.25
21.96
20.16
21.28
17.57
11.9
7.85
18.93
17.25
11.68
3.06
14.1
15.64
10.36
11.43
0.69
16.06
15.45
11.05
9.42
12.1
15.23
13.77
6.46
12.32
19.95
19.16
10.53
16.5
18.41
18.45
16.82
12.39
5.73
16.39
16.68
8.29
0.84
14.88
16
6.36
15.14
15.93
21.77
21.55
12.3
9.63
16.18
16.23
13.42
18.77
16.16
15.22
21.86
21.45
17.71
22.69
22.31
17.49
18.02
20.31
20.39
15.98
1.45
12.74
17.67
19.37
15.53
9.62
17.34
10.72
8.51
13.94
19.37
9.96
10.37
3.74
9.83
12.89
17.18
17.01
9.94
20.7
16.42
11.89
22.75
25.65
22.33
13.59
20.83
21.94
18.8
12.21
18.06
16.4
12.83
13.14
18.03
11.45
14.84
16.25
5.47
14.73
13.13
6.92
3.6
5.08
2.63
-4.58
3.99
14.69
14.91
1.27
10.98
11.33
12.35
11.55
14.41
18.49
12.16
13.55
19.04
17.09
9.79
6.08
15.78
14.66
9.81
6.32
13.21
16.67
17.77
14.87
8.27
-13.1
3.23
14.18
19.71
20.76
18.51
11.79
1.85
9.57
14.43
10.04
13.12
10.35
8.26
13.83
10.98
14.25
14.46
6.63
7.87
10.21
1.05
5.6
11.86
17.72
13.38
5.02
14.71
12.78
12.64
12.35
3.51
0.09
9.09
2.24
13.39
19.88
15.72
7.64
12.97
16.88
20.5
22.47
18.95
12.8
13.46
20.77
18.07
14.64
13.29
8.97
18.83
15.89
19.99
20.7
20.88
20.58
19.65
15.55
16.02
11.88
11.2
15.82
14.01
5.19
5.25
16.99
19.23
18.26
17.59
14.85
18
19.22
16.77
11.84
12.03
14.01
2.21
13.14
19.43
19.24
14.56
12.67
15.36
12.82
20.2
21.47
19.45
20.67
17.52
14.38
18.46
16.71
16.96
18.62
15.15
14.7
19.35
17.81
12.61
9.58
16.15
21.55
23.01
21.03
20.88
19.87
9.63
-6.62
9.28
12.02
17.15
3.15
15.61
-21.46
15.67
17.68
12.05
14.6
21.05
20.7
20.19
21.24
18.07
11.36
9.2
9.27
8.35
14.4
20.62
19.99
12.32
9.18
14.77
18.89
20.57
16.4
9.87
12.31
5.12
14.57
15.79
18.22
18.72
14.58
11.38
13.4
17.07
18.31
12.22
5.31
14.78
15.26
13.37
19.45
19.74
16.12
10.6
11.54
19.19
18.56
9.25
10.68
17.91
16.87
7.07
-11.53
14.59
16.76
7.45
19.18
17.5
10.71
15.8
13.76
9.33
19
19.31
6.22
16.31
13.41
4.78
10.8
14.68
10.72
-4.53
4.39
10.41
6.74
13.62
20.27
22.29
21.02
17.74
12.42
9.63
13
8.02
18.72
19.31
17.99
20.3
17.99
-0.83
11.26
20.73
18.52
14.41
19.75
18.27
17.78
19.08
14.64
4.42
13.64
0.93
12.17
12.96
3.02
2.76
11.25
15.77
16.42
19.26
13.45
2.05
5.5
9.22
15.37
18.37
6.29
22.15
21.55
11.22
11.72
12.03
15.57
18.76
16.01
9.46
15.51
13.52
18.53
20.11
12.99
4.25
1.73
9.9
17.64
11.06
6.22
18.59
21.2
16.53
15.16
19.47
20.43
19.22
17.74
11.09
12.34
13.37
8.7
7.4
11.43
8.99
9.47
6.49
15.34
13.6
15.03
19.76
17.38
14.99
15.06
8.35
9.13
3.98
11.71
20.31
19.21
7.52
17.5
13.47
7.85
12.32
16.33
20.17
17.8
12.46
10.66
10.84
19.99
19.51
15
13.7
15.12
16.83
14.72
15.13
21.8
24.09
22.39
11.55
14.84
19.49
21.34
23
22.31
20.86
16.61
8.49
12.91
15.02
12.32
17.08
15.46
12.95
15.84
15.89
15.05
18.71
20.63
19.65
16.96
14.23
8.65
15.88
16.65
12.84
13.68
10.97
16.6
19.67
18.73
17.47
16.95
14.63
14.16
22.54
23.11
17.72
11.55
15.82
10.77
14.95
14.47
16.02
17.6
12.85
14.02
20.93
22.55
19.24
10.58
5.28
-9.49
1.89
9.83
-0.46
10.45
16.28
18.6
20.63
21.8
22.01
22.38
21.5
16.3
5.72
9.65
18.12
18.51
18.31
10.57
17.84
22.87
19.03
18.45
13.76
13.03
19.31
17.24
11.19
9.29
12.27
9.88
18.7
18.48
11.09
11.35
7.74
10.72
3.47
12.73
19.45
19.32
17.72
14.55
-0.21
13.75
17.06
17.95
21.2
21.01
16.46
15.8
17.69
18.66
17.87
14.94
12.41
1.04
4.95
7.63
10.53
14.28
13.26
-2.03
15.38
17.82
15.53
15.07
10.78
10.63
8.59
16.09
15.21
8.64
10.95
14.1
19.17
13.22
13.69
13.73
14.34
13.32
13.05
10.29
10.86
1.08
5.78
13.2
17.29
17.87
17.44
14.43
6.08
12.19
16.03
14.32
10.1
8.01
8.58
10.86
9.84
10.89
17.16
18.79
10.41
8.96
16.83
15.41
11.46
13.48
14.01
12.86
12.7
8.96
9.04
14.5
13.86
11.34
13.01
14.56
13.01
15.98
7.22
10.31
13.03
16.28
19.24
17.39
12.03
10.97
12.45
15.36
12.8
2.66
6.94
8.04
-2.18
10.48
5.91
4.98
11.64
17.61
12.19
12.56
16.02
5.04
11.51
15.65
16.48
13.68
10.45
9.81
16.25
19.16
16.98
10.96
12.62
15.18
6.67
12.11
16.33
9.35
10.75
19.48
17.51
11.93
14.01
17
18.73
16.65
14.36
10.31
13.03
18.71
18.83
11.24
7.19
11.07
8.72
10.28
12.74
15.22
19.8
20.27
10.49
15.77
18.76
12.88
16.08
22.61
20.93
7.27
4.28
-6.03
5.35
10.36
10.81
3.27
12.19
17.4
18.15
12.96
13.8
15.85
7.08
7.9
11.76
11.2
10.85
18.01
20.86
19.85
16.74
15.3
13.84
14.47
15.77
12.82
16.16
14.98
10.15
7.92
14.37
15.95
10.6
10.09
17.96
16.12
8.22
3.64
12.26
16.22
18.17
17.35
11.69
10.85
14
15.47
12.19
7.84
17.64
20.79
15.32
-5.75
7.74
-4.71
6.25
15.97
13.93
8.22
11.18
12.31
16.06
16.55
10.56
-3.11
9.9
13.29
6.23
10.02
10.25
7.12
12.17
14.77
15.96
18.19
20.08
17.11
16.86
18.6
18.02
16.4
11.76
15.74
20.23
18.44
16.32
17.89
11.92
3.92
6.69
16.81
13.93
-7.91
-3.07
13.27
14.99
9.94
17.42
14.28
9.81
13.14
13.34
17.44
16.62
12.23
12.01
16.09
16.6
18.49
19.29
14.61
14.35
14.94
-5
14.51
14.4
13.63
16.62
14.44
3.96
14.73
17.85
3.3
12.6
16.52
21.98
12.78
11.74
10.22
5.46
17.39
19.71
14.57
17.58
17.45
14.04
16.69
17.08
10.43
8.57
12.08
7.64
10.34
13.08
-19.29
13.51
15.58
14.72
11.71
2.76
7.19
11.62
10.04
3.41
13.68
17.44
17.21
15.26
15.38
9.03
17.18
17.75
6.99
15.95
0.46
16.13
15.92
15.5
8.78
6.67
7.41
15.22
17.39
13.82
14.08
13.93
12.71
10.05
12.39
10.38
11.27
13.05
-5.69
16.65
14.63
13.02
14.29
11.72
13.36
12.57
-3.24
14.02
13.09
14.09
17.99
7.63
13.48
13.14
14.37
14.21
3.41
12.16
9.94
15.36
14.3
12.16
13.46
9.29
8.48
16.9
19.27
16.13
12.8
18.47
17.19
12.16
13.32
16.5
15.5
14.84
7.18
8.49
11.64
9.7
13.3
15.86
7.63
9.17
10.76
16.98
16.42
14.69
14.96
12.08
10.29
12.4
10
-17.09
12.13
13.76
16.18
17.62
15.29
14.59
7.23
5.51
11.47
14.05
4.73
8.44
12.4
14.73
11.8
5.6
15.56
19.38
11.51
14.52
11.59
6.39
17.75
20.62
13.79
15.36
9.04
8.54
10.24
4.04
12.68
10.01
2.24
12.67
11.51
11.27
13.48
14.65
10.71
14.63
17.48
12.71
10.75
15.98
15.37
12.54
12.1
8.71
9.76
7.08
-1.01
16.91
17.75
14.31
10.05
11.2
15.73
19.11
17.86
15.61
12.93
1.83
5.42
13.8
13.01
14.27
14.38
7.64
3.54
-2.26
3.63
12.01
15
11.28
-1.07
6.43
10.7
11.13
12.52
15.49
14.99
13.09
5.7
9.93
17.25
16.93
15.73
15.34
10.77
2.81
10.12
11.81
2.37
11.05
12.68
11.23
13.64
16.3
17.24
12.63
5.46
14.87
12.26
1.03
12.98
16.95
17.27
11.88
11.64
18.22
19.9
18.97
13.31
10.41
18.38
18.62
17.97
20.24
18.89
13.42
7.13
9.63
16.03
13.82
5.42
17.25
18.02
13.25
11.6
10.91
11.47
10.18
10
15.36
18.48
15.97
11.63
15.69
14.31
12.22
-4.68
14.47
14.32
3.76
5.03
11.3
13.78
14.05
15.46
14.65
13.93
15.7
16.02
17.06
16.03
13.74
15.17
14.21
7.28
10.09
4.1
3.54
2.32
-1.23
6.42
6.53
12.77
15.5
12.39
17.18
18.95
14.36
16.37
18.42
15.7
8.49
-1.16
4.83
6.79
15.21
15.79
17.52
16.59
7.01
12.46
14.09
11.32
-1.09
5.92
13.83
15.95
12.72
-4.32
8.78
14.54
15.15
13.16
14.36
10.91
13.02
14.77
13.84
14.17
14.57
6.54
3.75
11.97
11.57
12.35
13.65
10.19
8.93
7.86
10.16
11.25
17.59
17.1
11.25
-7.2
7.45
2.96
6.2
11.32
4.77
10.27
10.91
9.36
5.2
-0.78
5.77
10.1
12.06
16.87
17.09
0.12
14.83
17.11
8.24
15.03
16.02
4.5
0.92
16.91
19.6
14.84
11.42
7.66
10.04
11.98
12.37
18.06
16.62
8.27
15.27
17.43
14.81
7.72
6.8
4.11
1.38
-3.59
7.72
14.04
12.14
9.33
-2.32
2.48
5.65
11.18
11.87
8.73
9.27
4.64
13.14
15.3
5.14
11.33
13.87
6.87
6.86
7.09
17.67
14
14.24
20.72
21.13
19.41
17.44
15.68
-3.94
14.92
15.77
15.04
16.71
13.43
13.14
7.57
13.54
19.67
20.31
20.08
18.76
19.39
18.17
8.66
13.31
9.12
-19.59
10.61
12.81
14.18
18.95
20.39
18.66
17.54
16.44
0.93
12.53
16.15
10.71
11.83
13.29
9.86
7.75
15.35
11.28
12.74
6.46
10.97
16.53
14.4
12.7
14.3
15.65
15.99
11.4
11.94
13.08
13.4
11.49
15.6
18.04
11.77
11.47
15.83
20.34
18.66
9.74
16.1
14.89
5.59
10.07
17.15
15.21
12.67
13.51
15.31
16.59
16.7
10.77
12.78
16.9
16.97
18.1
17.44
14.77
15.87
16.48
15.25
16.7
16.17
15.5
15.19
15.95
16.78
12.23
5.63
11.09
7.23
5.98
6.4
-1.28
5.66
12.45
5.13
16.93
19.44
12.25
1.75
6.34
9.1
12.56
12.43
14.75
13.2
16.17
13.68
-12.04
10.13
9.42
11.71
15.32
10.91
14.39
13.73
9.68
1.99
5.4
11.41
9.96
6.89
7.42
3.8
7.27
6.04
15.52
16.65
12.4
14.56
9.13
9.24
1.12
7.1
8.56
5.69
4.05
9.1
9.21
9.27
11.26
14.28
11.81
6.5
7.83
7.41
6.98
10.39
14.61
17.47
16.36
14.47
8.42
5.46
13.57
17.22
15.17
3.01
4.04
13.16
13.45
13.04
14.55
16.59
16.2
10.99
10.84
8.23
11.69
8.13
6.61
9.27
13.22
13.21
14.73
16.37
14.27
-2.36
14.72
11.95
-3.88
2.25
0.26
7.11
15.06
10.93
7.44
12.78
10.7
5.78
10.73
10.65
0.3
5.55
12.33
15.19
18.22
14.03
8.28
16.37
16.52
15.15
18.19
10.24
8.19
8.63
8.85
16.21
20.01
16.54
11.74
6.51
9.66
9.23
12.85
14.51
9.13
-1.26
-1.36
5.43
-0.49
4.28
1.81
11.98
14.64
4.56
16.83
17.33
12.73
11.63
13.65
12.34
4.09
11.76
12.86
14.01
15.74
15.06
11.07
8.65
10.19
10.23
8.49
0.34
3.93
11.99
10.08
7.45
8.25
-2.16
6.21
14.85
17.08
14
9.88
8.07
10.7
10.7
1.85
13.36
14.27
9.26
14.59
11.84
10.43
5.06
9.88
15.91
12.86
8.67
6.62
14.39
14.08
2.72
6.41
15.22
14.99
3.64
9.74
9.14
-7.75
11.41
15.44
12
8.05
14.83
17.82
14.69
18.75
17.19
9.24
0.66
7.27
4.86
4.95
8.07
10.93
9.77
10.47
6.76
-9.67
8.42
11.85
15.19
14.62
6.75
1.73
10.86
10.06
7.94
18.39
21.73
20.25
17.11
17.41
16.86
13.25
10.57
8.34
7.01
4.57
8.92
8.6
11.73
13
9.69
-1.09
9.4
4.4
5.9
11.22
15.85
14.58
5.34
6.38
10.63
10.86
10.21
12.13
1.6
15.86
21.65
20.03
14.43
2.31
10.91
11.05
10.4
4.26
7.33
12.78
15.23
14.46
16.35
16.24
12.96
5.2
9.44
13.31
13.6
15.52
14.85
13.13
13.58
15.13
13.2
10.13
12.34
17.27
15.12
13.94
14.44
10.47
10.32
11.01
10.67
10.42
10.73
2.3
6.23
0.7
10.87
12.46
4.75
-0.28
7.89
11.82
14
11.05
4.17
12.62
15.02
10.88
-0.23
5.1
6.53
-0.46
2.55
7.94
9.19
4.83
3.89
9.03
7.95
0.65
0.76
11.46
10.78
11.91
18.04
20.45
18.07
10.29
6.13
11.24
8.71
12.57
15.04
13.82
10.41
6.18
4.15
9.77
3.58
13.13
15.42
10.27
-16.38
11.89
13.72
15
15.38
8.17
9.35
15.28
16.56
17.49
15.89
6.3
10.22
12.92
8.65
2.82
5.25
7.77
8
6.7
8.99
10.1
1.26
10.15
7.21
7.94
4.87
10.36
13.55
1.25
8.46
11.46
13.49
15.61
13.41
7.39
8.21
10.04
7.8
6.16
9.67
12.57
13.3
15.92
15.77
6.09
2.87
9.51
12.04
10.42
11.25
10.24
-0.91
7.31
11.13
9.17
6.4
13.09
16.84
13.51
5.14
9.08
-2.15
6.79
12.71
10.98
5.88
10.65
9.76
8.77
-1.52
12.45
14.31
12.38
9.82
11.27
10.67
9.9
13.32
13.52
6.73
6.17
7.05
11.73
8.63
3.57
1
11.46
13.39
11.48
14.6
13.21
3.73
7.55
-0.47
10.16
12.08
10.28
1.32
14.66
11.93
9.53
8.52
8.47
12.46
7.05
12.64
13.19
3.38
2.6
12.09
16.77
14.27
6.24
6.87
10.9
-0.7
11.92
8.57
13.62
13.23
9.77
13.52
14.13
8.37
4.67
7.16
9.97
3.52
4.9
7.84
14.46
12.42
9.76
10.91
10.75
15.08
14.79
10.25
6.15
9.08
10.72
15.59
13.93
4.91
10.88
9.97
11.01
9.34
0.61
11.39
11.61
10.16
12.25
2.97
12.85
10.05
1.74
5.84
1.98
11.08
19.04
18.41
14.54
12.23
7.22
5.89
8.37
7.7
9.58
8.53
13.11
18.04
14.35
-7.15
0.09
5.38
12.52
14.35
12.96
9.74
13.28
14.16
11.18
9.57
4.46
10.5
14.32
16.63
14.55
10.83
13.73
16.97
19.3
20.64
18.33
11.18
14.77
16.31
14.16
9.44
8.65
15.85
13.83
-4.59
5.42
-3.52
4.92
14.21
17.59
15.98
11.9
7.71
12.69
15.8
12.83
7.02
8.63
4.73
13.54
18.65
15.57
4.3
12.69
13.83
16.03
16.67
15.08
16.36
18.18
16.44
15.41
17.04
13.71
6.99
9.69
8.68
12.09
18.32
15.52
11.46
9.15
12
8.69
6.52
11.45
8.13
7.4
9.74
1.64
13.05
16.07
-0.1
9.54
10.47
4.07
1.08
7
4.4
5.07
7.32
11.84
13.2
15.63
17.22
14.44
9.47
10.62
13.05
12.49
10.58
11.67
6.85
10.32
1.68
13.34
18.47
19.4
17.11
15.97
17.16
15.02
9.11
0.79
0.19
4.61
8.9
5.46
11.09
9.65
8.72
9.98
-4.26
13.39
15.68
11.46
11.92
11.96
13.75
15.63
12.41
4.8
7.65
-2.45
-0.1
5.76
6.53
14.88
17.01
15.54
13.94
4.28
8.64
6.8
6.85
15.51
19
17.53
10.98
-1.24
9.93
14.51
12.12
8.6
5.45
13.24
16.44
11.35
8.9
11.92
9.34
9.55
6.57
14.68
20.28
18.55
10.2
12.26
8.35
3.95
5.28
9.43
6.46
2.51
-1.87
3.74
15.66
17.46
10.18
5.23
12.8
16.21
14.84
10.25
10.21
7.43
6.22
10.85
7.83
9.62
6.09
5.5
2.73
7.97
13.2
10.18
5.64
9.9
8.28
7.92
7.14
5.48
2.1
6.07
13.34
15.18
9.41
13.17
15.93
13.63
5.16
5.88
10.71
8.39
8.05
10.53
12.9
13.9
15.27
3.1
13.81
16.65
12.89
2.84
13.62
16.61
16.35
13.39
6.66
7.67
6.27
7.15
7.58
1.19
9.4
10.5
8.45
1.66
2.53
12
12.58
9.35
-1.55
3.38
0.34
9.55
13.4
17
13.49
-1.89
6.41
14.05
15.06
5.39
11.29
13.01
13.24
9.78
-0.4
14.02
19
14.92
-1.55
12.99
6.52
4.71
10.55
12.13
15.09
13.1
10.36
8.82
16.62
18.82
13.61
-1.61
7.31
14.82
16.19
11.69
12.99
10.44
4.92
12.1
13.34
7.25
-5.1
3.35
3.45
7.55
8.76
2.07
-7.46
6.35
13.42
13.05
2.64
0.33
11.88
15.6
13.33
-0.85
9.1
13.58
11.32
8.25
11.24
11.83
14.94
16.46
16.64
15.35
15.31
13.58
11.23
10.51
9.01
5.06
13.68
16.73
14.23
10.46
10.49
8.97
15.26
18.82
17.14
13.32
16.6
17.65
14.51
10.29
8.8
9.08
12.75
9.52
5.24
10.78
15.68
14.37
5.33
10.47
9.84
6.15
12.06
16.05
13.09
4.15
11.4
12.53
3.22
15.29
18.59
15.37
7.48
12.34
14.35
11.64
5.12
10.45
12.54
7.72
2.7
10
13.63
3.21
8.13
9.44
6.26
8.65
13.02
14.44
10.74
11.46
9.54
-6.19
8.12
7.85
15.83
17.85
16.99
15.64
15.38
6.6
-4.28
5.58
15
15.53
13.95
12.56
11.37
10.97
12.88
17.16
17.37
14.27
10.83
13.92
15.15
12.94
9.93
7.63
4.87
4.59
11.63
15.33
18.02
12.44
6.64
13.08
11.66
-3.55
10.53
15.62
13.37
11.53
11.4
12.51
9.67
-1.03
9.69
11.39
14.45
14.34
10.18
10.4
14.62
13.37
9.3
15.07
16.1
15.24
15.95
17.14
13.03
6.89
10.02
15.67
17.46
15.5
15.71
15.26
10.06
6.3
7.49
0.72
5.03
9.24
16.42
18.48
12.55
12.81
13.53
9.06
7.26
9.32
8.63
-7.25
10.41
14.17
11.84
9.66
10.16
12.02
11.9
8.62
8.51
10.64
14.96
14.11
10.31
13.45
9.92
8.2
6.58
3.55
4.94
10.15
3.83
4.88
10.24
5.27
8.61
2.18
-7.82
7.98
11.93
10.29
6.81
8.98
11.93
2.5
0.19
8.05
11.03
10.55
9.5
11.58
14.54
10.99
3.02
12.48
12.52
16.82
17.54
13.77
16.74
16.96
12.65
8.35
9.51
13.46
9.65
5.58
-1.7
5.55
9.8
15.59
18.95
17.34
5.34
3.82
-0.67
5.5
8.04
6.53
8
11.51
8.74
-1.55
12.18
14.8
7.25
13.63
12.46
9.98
-2.02
10.52
7.26
9.82
8.5
11.93
7.61
9.78
0.95
5.14
13.32
10.88
8.1
8.16
9.55
12.27
8.9
1.55
10.89
18.17
17.8
9.78
10.23
11.1
0.2
11.69
17
15.54
8.4
-0.49
7.46
10.88
13.4
14.48
17.45
16.77
19.16
12.92
2.08
1.77
1.58
13.09
17.33
16.32
16.14
13.21
10.28
15.69
16.73
13.98
14.74
14.6
8.1
-2.68
5.2
10.79
9.14
-1.4
8.73
15.02
9.57
8.94
4.82
1.92
4.81
12.71
14.78
15.45
15.58
11.2
-9.76
8.79
2.94
11.88
14.79
14.92
13.39
16.3
17.6
14.31
3.73
3.21
4.26
12.47
11.77
7.37
1.6
11.32
15.44
17.26
15.96
8.03
11.52
13.56
14.57
16.01
15.53
10.99
6.15
8.02
-4.18
13.17
14.98
5.52
9.1
5.88
7.97
10.35
8.13
9.14
-4.81
13.64
16.74
15.59
16.93
15.59
11.98
6.49
10.27
12.48
3.12
-4.81
2.77
7.49
8.6
4.85
14.24
17.09
10.42
6.7
2.36
-1.75
7.43
16.15
18.19
16.52
17.27
12.57
10.41
12.83
7.79
6.93
13.04
11.64
12.57
11.9
10.32
11.26
10.77
6.91
9.29
16.02
15.74
5.92
13.24
6.31
8.46
-2.24
6.89
7.32
9.93
14.23
13.85
9.9
10.26
11.94
9.49
8.39
15.46
11.44
1.39
13.06
16.48
16.04
8.76
8.24
11.03
15.09
12.99
2.23
11.79
10.19
13.1
11.41
7.17
1.34
10.05
9.39
5.14
9.34
-4.69
2.34
8.4
7.17
13.91
9.17
5.47
14.11
13.63
9.3
4.5
15.01
13.26
5.24
7.41
10.46
6.97
8.98
-10.2
