14.82
5.06
9.49
10.01
11.17
11.1
15.41
17.64
11.89
7.85
15.39
15.44
9.21
7.69
10.88
7.24
11.29
9.66
-1.17
7.86
11.87
10.97
10.09
9.96
12.82
14.36
15.63
6.9
11.76
15.3
13.17
11.3
12.62
10.36
8.85
11.76
12.03
11.04
9.86
5.07
-4.77
8.35
10.89
8.47
11.01
11.99
9.13
5.4
8.49
13.06
10.27
0.65
13
11.62
5.84
1.67
-3.1
-3.8
4.45
4.72
5.41
6.71
9.29
7.94
11.98
16.2
16.54
12.75
11.65
12.26
8.17
10.75
16.06
14.54
6.31
-0.33
13.07
11.01
13.46
15.4
12.1
0.79
9.03
10.78
-5.69
12.42
11.12
-0.2
7.26
10.62
7.1
8.85
14.04
10.58
-3.74
2.74
2.58
-0.15
-2.23
-4.48
0.22
-9.89
-0.23
-2.55
10.87
11.91
2.89
1.14
4.5
10.62
4.36
-13.15
4.82
8.18
4.9
6.92
8.55
2.07
0.86
8.86
13.07
14.55
15.71
15.88
14.77
19.17
20.38
16.14
10.55
8.16
11.39
12.88
8.13
0.77
-0.41
-2.35
0.03
8.76
6.57
0.57
6.42
-3.13
11.02
16.78
16.77
15.41
13.43
4.12
9.45
8.32
14.09
16.43
11.34
8.37
16.59
16.21
7.71
8.2
13.39
13.15
6.73
10.98
11.47
10.33
5.6
-6.15
-4.08
6.2
11.79
7.48
-0.41
-1.42
4.44
2.56
3.57
4.47
5.34
0.94
7.26
16.15
13.84
5.04
1.91
10.14
7.13
0.87
4.22
5.93
5.44
4.31
0.78
8.22
15.53
15.02
4.84
8.29
11.58
7.6
13.88
17.51
22.27
20.42
10.79
0.01
7.27
5.52
4.53
13.42
17.08
11.82
1.09
10.81
11.75
11.18
11.47
8.78
6.53
10.14
8.99
7.28
10.74
12.84
5.17
1.63
3.72
10.66
11.91
8.88
-9.41
-1.89
2.36
2.18
5.68
-0.77
4.01
0
3.44
8.86
-0.96
9.42
3.87
8.57
11.63
6.58
12.52
17.83
16.23
1.73
14.93
16.77
13.81
11.63
11.56
7.35
9.51
12.78
17.71
16.81
6.78
5.5
2.22
3.42
12.05
12.1
10.13
2.4
5.09
5.8
9.64
10.19
9.79
9.65
4.1
13.02
19.79
20.15
18.38
16.25
13.18
13.4
15.96
14.03
4.01
6
9.85
9.31
5.69
9.13
12.06
7.55
9.12
12.98
-0.17
11.15
10.34
11.99
12.12
8.44
-0.74
5.78
10.14
6.66
-3.54
-0.29
4.93
3.76
10.37
16.21
16.85
12.65
2.43
9.7
3.35
8.18
15.06
13.3
9.76
11.96
10.65
8.87
11.97
12.86
12.12
15.98
14.64
1.59
4.87
11.64
14.08
9.14
5.35
11.23
10.25
10.24
15.22
17.33
15.69
11.95
11.59
12.39
12.27
11
9.1
5.23
5.6
5.3
8.86
9.86
8.74
1.49
4.62
10.11
9.04
4.73
4.12
4.89
0.37
6.98
6.29
-2.55
6.55
4.53
6.56
8.19
10.92
13.76
10.97
10.12
13.66
11.68
13.14
13.41
8.08
8.27
17.6
17.75
13.52
4.18
7.86
10.44
12.86
9.96
-6.11
6.39
8.36
1.85
8.27
9.89
6.57
12.85
14.12
9.51
12.74
17.77
17.22
15.39
13.87
8.84
0.72
8.01
13.69
4.24
-1.89
-0.41
9.53
11.35
7.21
9.64
15.94
13.27
3.93
5.35
10.99
11.26
10.13
-4.07
6.53
8.1
2.39
3.17
10.97
10.99
10.43
3.37
9.8
13.08
5.61
-5.54
0.27
9.93
10.77
7.18
6.84
6.28
6.8
4.39
9.72
11.06
0.31
2.06
6
9.85
10.78
9.09
0.09
10.88
7.58
9.76
12.2
3.92
12.26
10.67
8.17
6.9
12.32
10.17
9.19
11.21
5.35
7.52
10.96
7.51
9.85
13.55
9.42
8.72
15.24
15.94
13.39
7.94
0.1
15.78
16.99
10.81
8.64
6.79
0.59
10.32
11.39
13
10.45
4.28
9.36
14.12
11.53
8.88
9.45
8.81
8.46
4.35
-10.11
8.7
8.35
6.76
9.91
6.54
-0.81
1.22
7.4
11.16
-0.08
7.03
12.44
13.42
10.77
11.46
14.1
11.99
7.48
8.63
11.16
8.55
3.42
-3.07
5.33
12.33
12.97
14.08
15.71
14.54
12.22
13.37
9.21
7.45
14.03
15.7
10.16
5.49
7.8
9.83
10.34
6.51
14.17
15.98
11.83
12.11
12.79
5.11
-0.91
0.34
6.9
10.74
13.08
13.65
14.61
13.51
6.85
6.24
5.36
6.09
6.54
8.71
12.54
13.73
7.44
7.03
5.4
4.46
-4.02
4.12
6.08
4.77
4.76
10.33
11.52
12.93
10.73
5.45
-8.59
4.96
9.77
12.51
15.86
15.36
9.07
6.37
13
13.29
10.16
13.89
15.29
14.51
12.53
14.37
17.39
13.97
8.37
10.32
0.95
4.87
11.96
16.59
17.66
14.87
10.95
8.48
15.87
14.55
8.98
15.62
17.2
8.3
-0.57
2.55
11.23
3.51
5.96
15.1
19.19
17.59
13.12
8.51
-6.93
9.21
8.21
9.54
14.75
14.78
11.21
9.06
2.21
1.31
-1.8
8.46
8.34
5.35
11.69
11.53
8.05
9.85
9.73
2.83
12.2
13
10.03
9.48
8.08
9.52
3.28
7.72
4.35
6.51
10.65
6.09
1.85
6.03
9.91
10.54
7.16
-5.85
1.05
5.76
5.81
8.2
7.78
13.13
16.31
16.45
16.66
15.67
12.04
9.26
9.17
11.59
15.73
15.57
11.97
14.54
14.72
9.18
13.39
12.06
1.91
9.03
14.28
17.29
16.25
13.13
15.51
17.52
14.05
11.14
9.11
8.83
8.69
5.41
-1.75
7.61
9.47
11.43
15.19
13.15
7.84
10.71
13.17
10.92
7.72
8.62
6.29
-4.81
6.14
9.15
4.96
4.8
12.46
15.66
14.29
8.72
9.88
9.65
-9.1
9.1
11.8
8.34
4.26
7.6
11.93
14.84
9.25
10.65
13.71
11.32
7.31
8.06
3.25
10.94
9.11
0.83
14.88
14.2
7.06
4.26
13.64
17.93
17.78
12.24
13.42
14.89
7.56
2.3
6.28
9.09
9.61
9.38
9.91
13.36
14.69
13.34
9.86
10.89
11.77
9.03
10.81
7.11
4.64
8.18
2.63
9.19
8.07
9.86
12.95
11.74
8.75
11.11
5.58
1.08
5.4
9.19
13.77
10.78
11.27
9.23
-0.07
-4.65
5.04
9.87
3.75
7.49
12.61
12.01
7.17
7.34
7.66
-5.64
2.13
-7.48
3.83
8
8.55
2.05
6.19
8.87
11.12
7.55
7.88
12.08
11.3
1.72
4.26
8.19
10.8
23.01
21.8
11.71
18.41
11.33
2.99
17.17
20.34
15.51
7.82
23.58
28.62
25.89
17.6
16.48
10.63
8.32
15.47
11.82
13.95
18.78
24.95
21.41
8.73
17.76
12.88
18.53
20.08
13.48
15.56
16.33
18.47
19.05
7.68
17.91
22.33
19.52
12.4
18.84
24.45
22.82
15.58
7.83
14.77
10.78
13.5
20.45
20.62
22.1
23.86
21.87
20.07
26.4
24.99
22.99
25.71
22.81
16.74
17.8
6.87
15.69
17.69
17.91
8.63
10.07
7.08
12.21
14.47
16.11
19.12
23.01
23.15
18.69
14.59
15.72
11.92
17.56
18.55
22.34
21.57
16.84
16.34
24.61
28.81
28.73
23.39
19.84
16.02
18.2
17.66
23.84
22.99
10.64
25.32
28.78
27.7
15.11
19.61
17.84
12.98
17.63
22.37
20.11
8.27
12.58
16.26
15.33
22.32
19.13
15.92
20.12
23.13
23.25
20.48
20.66
19.66
16.78
19.26
22.01
28.51
25.44
17.08
23.57
23.62
20.88
24.63
24.08
20.15
15.86
19.08
24.45
23.12
17.01
10.12
20.11
25.45
24.99
23.54
22.31
20.21
18.42
13.53
17.77
25.12
24.71
19.19
18.64
25.87
29.62
28.71
23.94
16.46
14.24
7.6
24.04
22.26
12.01
13.84
17.04
19.54
24.67
25.49
23.4
17.55
20.85
24.86
23.93
19.43
22.16
22.46
16.79
15.98
19.14
23.18
23.68
17.6
19.6
18.95
22.29
5.96
24.74
26.14
18.29
20.18
28.3
29.72
27.05
26.98
28.47
28.03
27.87
24.58
24.6
22.7
16.51
16.05
12.11
4.55
13.52
17.54
14.76
22.01
28.74
30.49
26.14
19.66
23.22
19.23
17.3
21.68
18.46
10.75
13.72
19.94
28.7
31.79
30.07
24.45
16.29
19.71
24.41
22.57
14.23
15.42
10.39
10.41
23.68
26.34
24.83
23.22
18.02
16.83
21.66
18.45
20.04
21.63
18.29
16.71
22.21
22.47
24.11
15.18
10.31
12.24
8.36
19.46
23.39
20.05
13.74
25.93
31.2
30
21.62
12.89
13.82
20.66
17.02
16.48
15.76
14.15
7.7
24.02
27.22
20.88
21.45
20.04
21.71
20.59
16.47
16.87
-5.11
15.95
16.73
18.83
25.33
22.33
21.3
18.26
9.5
20.22
24.59
20.03
2.77
17.4
22.97
24.05
20.76
10.95
13.43
11.32
12.94
17.07
14.82
19.21
18.71
17.91
15.84
8.7
20.81
25.19
26.16
21.49
15.24
18.13
14.62
17.27
19.9
10.92
16.17
20
21.49
22.86
22.31
16.9
24.32
18.63
11.17
7.5
3.76
6.98
13.76
17.57
13.97
-1.49
13.01
15.1
15.69
19.51
14.57
17.3
20.59
14.06
-6.87
7.57
13.68
12.74
4.48
16.59
17.51
13.42
-4.23
4.38
2.3
13.65
17.09
14.36
9.96
19.69
19.72
18.22
19.4
16.37
11.85
21.8
23.54
18.62
9.06
10.59
15.49
13.09
10.73
8.47
13.9
14.35
16.48
17.51
12.28
4.91
9.92
7.76
10.64
11.63
10.77
-10.84
10.86
11.13
10.41
13.2
4.84
11.13
11.28
9.63
10.77
17.6
18.32
8.89
10.36
12.38
4.77
11.45
14.08
14.22
9
8.19
9.75
10.66
9.27
8.56
12.28
11.86
22.28
20.55
20.96
16.97
13.24
18.25
22.81
22.24
23.99
27.16
27.72
27.64
27.42
26.94
26.65
23.88
22.65
25.12
20.75
24.63
28.38
26.95
26.29
28.49
27.58
24.08
24.64
26.83
26.37
24.21
24.77
25.3
26.64
28.06
28.05
26.94
25.58
23.72
20.58
15.2
16.34
24
23.96
23.64
26.41
27.99
29.58
28.85
25.38
22.81
25.56
26.7
25.09
23.08
22.96
21.99
18.25
21.82
23.29
22.33
21.68
24.07
29.38
31.9
29
20.12
10.58
12.7
22.07
23.92
24.29
26.19
25.82
25.42
28.62
31.4
30.24
25.68
20.62
22.83
28.45
30.45
28.77
26.07
25.02
24.63
23.74
24.86
24.32
24.21
25.18
24.88
21.55
22.41
25.63
23.78
18.11
20.81
24.48
24.07
25.11
26.54
27.11
27.89
27.86
29.42
29.07
26.68
25.22
29.08
30.08
31.02
27.79
23.13
22.25
20.42
15.85
14.57
10.04
6.28
21.14
20.52
13.95
15.63
20.31
20.19
23.62
23.71
19.75
20.55
21.74
22.56
24.38
27.05
26.47
20.92
8.53
21.83
21.57
11.5
14.1
16.9
7.55
23.01
23.16
11.28
16.31
19.92
15.21
19.23
17.41
19.28
19.04
21.4
23.34
24.22
25.46
25.35
25.17
25.5
25.44
26.63
28.01
27.3
26.31
25.19
22.12
22.21
20.03
17.52
11.11
14.63
23.75
24.11
18.12
16.28
7.35
8.53
17.78
22.24
13.59
22.02
27.01
22.49
22.87
20.76
14.21
17.28
3.44
12.27
-1.53
1.5
5.21
8.67
10.7
15.62
19.33
20.71
20.22
10.43
16.4
18.35
18.57
17.03
16.22
20.33
26
28
27.32
25.1
19.35
15.14
22.8
21.85
15.91
19.48
12.94
20.73
17.81
25.13
30.55
26.07
8.34
8.94
21.03
22.1
20.15
21.59
20.61
13.31
12.48
13.74
14.54
18.34
13.52
19.94
24.44
23.51
25.74
26.68
25.22
18.78
19.32
18.42
6.53
22.26
22.37
14.48
25.12
23.86
14.78
20.46
23.41
25.28
19.56
14.84
24.45
21.3
10.1
10.17
16.38
18.09
16.96
18.98
15.61
9.8
8.19
9.78
18.7
16.58
14.48
20.94
23.85
24.04
5.84
21.92
18.88
25.22
21.58
11.61
4.33
23.05
23.13
18.34
20.75
20.15
17.16
15.48
19.21
22.92
22.24
11.53
14.78
18.85
24.54
23.4
21.97
19.63
5.54
3.79
21.64
26.15
22.59
11.6
10.54
17.14
23.02
23.61
21.87
23.84
22.45
22.87
14.59
19.97
20.07
16.02
17.74
17.46
15.7
17.27
19.19
19.04
18.05
23.14
22.14
22.78
25.28
28.33
28.96
23.98
17.06
18.42
18.77
21.1
17.01
18.56
19.47
21.13
17.74
8.06
-5.6
15.69
16.67
18.77
24.32
24.77
21.36
21.87
22.42
21.58
19.94
12.73
8.92
22
25.97
25.9
23.83
17.34
19.67
19.66
15.73
11.56
12.25
21.46
23.25
23.36
21.41
16.49
14.71
18.93
12.74
11.4
15.57
19.2
22.93
23.06
19.82
22.19
23
17.4
11.18
14.26
19.42
20.39
22.19
23.3
20.88
18.94
18.31
18.94
22.12
23.38
20.96
17.14
7.17
8.87
12.54
16.02
17.8
11.36
23.01
16.59
10
4.79
16.06
13.05
19.15
16.75
10.27
20.46
19.27
19.77
16.5
14.16
13.01
23.96
24.83
19.21
1.58
11.26
12.57
20.39
18.38
19.03
23.53
25.09
24.82
24.1
21.44
3.86
16.84
15.29
16.05
18.08
19.13
18.06
23.25
24.03
15.6
13.16
10.19
13.99
19.12
18.55
19.58
16.65
20.81
25.34
22.9
17.21
20
21.85
20.73
15.54
18.62
21.87
24.93
25.95
22.98
17.53
22.58
25.49
22.87
18
21.09
10.75
15.07
15.01
17.56
20.97
16.26
17.55
19.17
23.2
21.14
10.64
7.68
14.16
22.57
19.76
15.25
22.31
23.07
16.37
18.94
28.15
27.82
25.47
24.03
19.67
20.96
23.88
22.48
20.05
23.51
22.31
16.87
13.5
9.68
19.65
22.7
21.72
20.21
20.45
18.18
20.93
18.3
16.17
15.75
19.52
10
18.03
20.14
26.2
27.63
27.44
25.47
23.81
22.97
13.7
14.6
11.12
13.61
22.71
23.17
19.68
15.44
-10.7
17.71
10.8
10.75
21.77
31.9
32.47
25.06
23.3
16.38
19.92
16.38
6.02
17.68
27.51
33.11
34
30.15
25.79
28.55
29.81
27.12
21.1
19.74
18.36
28.76
34.56
31.45
22.43
23.05
27.64
20.97
23.59
25.99
22.25
4.07
18.45
21.89
21.58
22.42
24.74
24.36
20.6
19.89
24.85
27.87
27.03
24.02
22.91
19.97
20.42
39.5
45.2
41.07
20.01
19.74
13.01
22.71
22.05
22.33
21.45
23.85
23.02
18.86
25.3
16.78
19.97
8.94
14.66
7.45
12.79
11.67
19.76
23.97
26.05
27.84
27.22
26.83
29.84
40.42
45.98
43.56
34.36
28.27
22.78
21.1
26.69
26.78
19.64
14.46
13.12
16.01
26.02
28.37
27.72
26.46
24.89
24.94
24.4
14.5
26.97
29.92
28.26
23.53
21.7
20.14
10.95
23.41
24.48
25.1
24.05
19.08
18.74
17.61
17.63
19.81
24.89
26.01
17.56
19.9
21.2
20.96
22.74
24.17
23.89
21.21
9.3
19.73
17.37
20.07
25.71
35.55
40.97
39.09
31.95
26.14
20.95
20.05
22.07
24.9
26.18
24.43
19.29
27.26
37.64
37.7
28.72
18.88
21.27
18.16
7.44
21.14
20.41
15.49
24.27
28.43
28.81
23.11
15.87
21.24
21.57
23.88
39.18
46.44
45.08
34.12
15.54
19.28
16.61
17.12
21.29
26.48
29.19
27.55
20.58
10.44
3.07
16.55
22.79
23.02
18.42
16.83
20.6
23.2
25.12
19.3
12
23.75
27.12
26.89
24.51
22.07
10.9
21.06
22.93
19.39
17.3
18.95
19.56
14.09
11.92
14.27
18.01
26.14
26.83
23.15
19.93
19.9
19.4
24.9
22.73
15.63
32.18
42.56
44.88
38.57
18.94
8.48
21.17
27.27
29.05
29.17
28.12
26.04
26.55
25.6
15.3
19.56
24.01
20.58
-21.01
11.99
18.67
22.89
19.02
24.06
23.6
16.41
24.97
26.23
23.72
19.75
17.56
14.69
9.9
18.83
25.47
21.23
26.79
20.93
25.03
24.78
24.29
21
18.67
18.89
20.3
17.9
27.29
29.79
26.31
20.76
13.31
14.15
18.45
21.56
21.92
15.03
16.56
17.48
20.47
24.6
17.86
28.11
27.88
28.78
26.71
24.62
21.21
21.76
26.96
29.41
25.25
12.41
26.18
36.6
40.19
35.98
23.24
15.16
23.4
24.69
20.36
10.61
19.77
32.06
38.93
36.48
24.16
25.51
34.12
34.54
34.51
38.85
39.05
30.78
5.66
24.67
25.79
26.07
24.97
23.97
19.12
22.33
25.38
24.77
28.02
34.86
31.77
24.54
23.79
23.73
28.99
30.32
30.48
27.04
11.75
23.04
30.11
26.53
24.9
22.15
24.4
25.54
26.69
20.32
18.81
23.77
19.77
13.84
25.14
28.13
22.38
20.5
25.74
24.71
20.13
20.58
21.66
24.27
16.36
24.43
26.54
27.95
31.05
29.4
27.15
28.83
31.09
28.93
27.23
25.6
30.44
45.25
49.77
45.57
32.86
24.69
20.51
23.89
20.81
20.2
14.9
40.89
48.72
47.15
35.14
15.97
17.81
19.53
20.41
25.75
32.04
32.49
28.96
28.58
27.58
31.52
31.49
24.51
22.91
23.69
5.25
24.43
26.11
22.6
24.06
30.67
33.17
33.25
31.53
30.09
29.51
30.5
32.98
29.69
22.12
23.39
24.97
23.44
22.76
21.52
25.53
29.21
31.9
30.63
28.55
26.51
26.19
26.54
29.64
29.94
24.8
27.03
27.41
28.6
30.79
30.65
26.93
23.4
25.84
20.78
22.28
28.17
31.38
31.26
28.52
19.68
21.27
25.31
27.87
24.86
24.86
25.33
21.12
22.67
24.46
20.43
19.54
21.95
23.63
19.74
14.71
16.3
25.47
22.28
16.41
25.86
27.82
27.1
25.15
21.2
22.17
26.84
28.41
29.25
28.9
30.24
21.01
20.92
18.79
24.81
31.03
33.59
33.2
31.34
30.41
28.9
25.34
17.1
15.65
23.65
30.03
30.67
29.15
28.49
27.03
23.18
16.29
22.32
25.22
26.58
25.94
24.71
27.65
29.55
32.39
33.73
30.38
27.21
26.58
26.4
27.33
22.31
16.67
24.57
25.67
24.53
23.77
27.41
31.52
32.8
33.6
31.63
29.83
29.8
24.86
15.7
15.98
6.03
20
18.44
6.37
10.9
15.1
17.13
16.69
14.71
11.03
19.69
25.71
27.5
26.83
21.7
19.81
19.41
19.66
21.75
19.61
14.78
13.65
22.66
24.51
22.16
19.72
8.29
9.47
15.57
23.03
24.39
25.19
22.8
9.92
20.74
16.49
12.52
10.51
12.13
21.53
20.41
21.62
21.21
18.96
20.81
17.55
13.73
21.92
22.64
16.57
7.89
18.56
18.96
21.25
15.28
14.27
15.63
17.48
23.07
25.62
22.22
21.01
23.85
23.87
8.24
4.68
7.65
17.24
23.16
21.02
5.52
7.55
7.26
15.5
16.77
7.45
20.52
16.35
11.6
22.21
25.05
24.7
21.71
19.35
9.21
20.14
19.98
15.41
22.55
12.83
22.64
21.85
26.65
25.76
21.36
6.11
19.45
14.52
-3.85
15.02
10.45
21.3
22.54
21.02
20.14
18.49
16.68
10.61
21.29
19.2
16.13
-6.95
12.86
21.2
25.7
25.42
20.97
16.76
17.87
19.85
8.51
7.08
9.55
18.34
15.11
13.85
16.29
18.75
22.28
22.92
21.18
20.82
18.42
18.39
12.63
9.13
16.19
10.76
11.88
12.13
16.04
11.8
11.47
17.4
7.95
14.77
9.89
8.4
5.02
4.48
15.32
18.98
14.75
10.13
22.3
28.11
27.42
19.03
23.15
24.29
25.19
27.69
30.28
30.87
30.35
30.36
25.89
28
27.5
25.03
25.72
28.45
29.69
30.08
30.31
20.14
25.8
25.85
21.22
16.39
14.51
23.32
25.67
28.78
29.76
29.12
29.29
24.83
15.29
21.57
28.67
27.5
9.81
18.68
18.25
19.15
24.4
30.84
29.5
21.46
22.16
18.2
29.74
25.78
23.17
29.95
30.81
29.04
22.82
27.41
26.98
27.81
20.23
27.47
33.31
30.89
21.54
12.1
27.91
32.47
30.81
22.13
19.36
26.58
27.74
25.96
24.07
28.7
30.05
25.48
23.74
25.77
33.21
36.17
29.87
24.96
27.76
25.77
19.83
10.46
-5.32
16.1
23.96
27.81
25.87
21.01
24.95
16.06
17.18
20.89
20.01
27.33
29.68
25.61
0.46
17.15
21.56
23.61
21.03
17.59
26.52
26.62
18.41
26.03
24.68
24.87
30.1
31.46
24.97
28.52
28.77
26.94
19.83
21.92
29.22
29.5
28.91
28.87
29.38
29.34
25.41
25.72
25.35
25.18
23.96
12.15
9.79
7.74
22.77
23.07
15.93
18.54
24.77
23.36
23.58
24.38
19.37
12.13
17.69
25.04
22.04
19.04
16.38
23.64
4.82
25.19
28.15
23.79
14.46
15.75
23.51
23.78
21.67
26.79
23.9
15.04
14.4
9.63
10.89
21.26
17.63
8.92
22.91
27.04
24.96
25.78
26.05
20.59
12.27
17.31
24.63
24.7
24.21
23.71
22.38
19.79
25.02
25.62
23.16
29.73
30.28
23.55
16.95
10.23
17.69
22.74
24.39
21.99
14.8
21.26
21.77
18.22
17.98
22.91
24.48
26.5
27.36
21.81
17.76
13.12
16.19
17.86
20.52
25.04
18.49
22.32
28.53
25.81
12.62
16.97
11.69
12.78
19.17
21.26
22.48
22.05
19.9
20.43
16.16
16
21.73
21.26
23.41
23.13
19.57
24.23
22.17
11.95
14.97
18.34
23.73
21.4
21.44
18.75
7.6
15.45
9.36
23.1
24.9
22.42
21.59
21.22
22.03
15.46
18.46
19.65
15.3
22.08
24.67
21.58
22.17
14.36
19.11
22.28
24.37
19.74
17.04
25.37
25.38
22.04
17.67
17.26
16.48
6.33
19.97
23.76
20.29
5.11
12.96
16.22
16.2
11.93
12.55
20.66
14.94
16.83
20.19
18.55
20.7
15.01
17.74
21.46
23.19
24.13
22.85
21.24
19.07
8.66
19.69
23.4
23.72
23.92
25.26
24.72
23.67
22.24
18.16
11.19
1.4
2.08
16.54
18.53
17.69
14.79
12.07
16.76
21.11
20.33
21.17
22.2
22.72
25.9
23.67
14.68
17.87
23.68
24.11
16.53
10.67
15.55
12.86
15
17.42
15.59
14.06
14.2
17.25
23.81
24.65
22.49
16.97
15.04
20.75
22.53
21.85
20.07
18.96
19.44
17.45
19.72
28.18
30.05
22.14
20.89
21.86
20.89
23.84
22.89
21.18
15.49
1.01
14.53
23.15
22.45
14.46
12.39
7.91
21.61
21.58
12.37
13.49
6.73
18.18
20.07
9.74
8.34
9.15
13.2
16.8
12.84
16.01
16.38
12.73
14.24
18.18
15.69
8.36
16.46
20.77
17.91
11.3
19.63
10.46
25.03
28.19
27.28
21.97
18.34
6.56
16.54
21.31
20.26
13.22
22.31
17.49
11.93
18.85
26.41
25.14
0.98
22.63
20.88
12.49
12.48
16.46
21.32
18.83
16.13
12.61
16.28
17.8
8.52
15.95
16.45
10.28
14.69
10.09
12.84
5.13
21.18
25.47
23.57
17.49
9.65
8.2
15.3
19.69
18.62
13.19
22.42
20.04
13.65
0.78
4.26
7.36
9.7
3.88
16.16
28.74
30.08
15.7
22.29
17.06
10.94
15.44
10.3
11.74
16.45
11.63
16.93
15.8
23.65
23.09
9.57
24.01
21.21
15.76
16.78
21
23.62
23.22
20.18
19.18
21.41
7.86
16.79
10.94
25.01
25.34
22.26
15.55
17.1
21.63
24.92
20.34
16.89
17.61
12.25
22.8
26.06
27.56
18.99
15.31
5.95
17
21.14
26.45
25.55
16.48
21.69
20.43
-0.01
18.01
10.7
21.53
27.79
27.68
23.26
17.67
18.67
19.9
16.28
10.9
14.49
20.59
24.73
23.55
12.24
5.7
11.98
13
23.21
11.7
18.07
19.9
22.2
14.07
11.33
17.28
15.73
6.66
21.23
22.48
15.61
17.31
19.88
4.68
18.05
17.51
17.67
15.45
14.02
20.13
17.39
14.86
10.97
16.16
19.36
14.7
31.17
36.73
31.52
13.2
15.81
17.51
23.13
17.77
18.16
18.15
16.88
17.84
21.84
23.73
19.59
18.82
18.16
20.51
4.94
10.06
18.29
21.34
14.54
18.8
15.65
14.82
19.24
12.97
19.46
21.35
6.41
20.76
23.3
22.86
23.31
19.35
9.19
18.24
10.81
14.25
16.31
15.06
12.24
15.7
19.86
23
22.11
13.54
16.89
11.01
20.78
24.08
14.79
20.5
24.06
23.87
20.7
17.53
19.98
21.11
22.11
17.3
23.77
26.79
21.4
20.92
22.88
11.89
16.36
3.24
13.87
4.71
16.66
21.86
11.15
18.92
18.97
16.8
10.12
18.27
23.8
17.04
14.74
22.35
23.61
22.48
12.93
19.7
23.06
18.9
11.35
22.44
25.65
22.57
22.88
21.71
13
22.05
19.09
12.9
24.12
23.52
19.57
18.21
17.17
9.88
20.67
22.5
16.35
17.76
17.48
17.14
24.68
24.79
19.24
15
14.67
12
10.82
18.75
16.77
18.38
15
23.69
20.62
22.9
23.24
22.03
19.91
13.6
17.6
18.53
0.07
14.27
18.93
20.97
21.51
23.29
21.36
17.96
14.34
20.06
11.61
16.1
17.19
20.28
23.59
15.16
15.13
10.52
10.49
23.59
25.59
21.51
11.17
12.8
18.09
20.45
19.26
24.39
22.38
17.52
6.37
16.34
13.09
7.34
19.58
21.29
20.43
18.24
15.83
13.39
19.31
19.88
23.24
24.63
20.23
16.93
17.56
16.77
19.66
21.21
20.91
17.5
7.04
16.94
17.95
20.36
20.78
18.03
20.5
17.72
10.03
16.2
19.05
14.96
18.39
12.41
20.87
25.57
25.39
23.06
17.51
19.02
15.55
16.63
19.09
16.75
15.76
19.83
19.59
20.12
24.3
24.93
24.4
19.73
20.82
22.5
20.24
19.46
15.32
17.19
21.2
21.07
19.73
17.06
11.62
17.39
20.42
21.43
21.7
19.47
15.78
21.48
21.69
15.41
2.56
9.82
17.05
18.5
21.95
20.29
4.5
19.89
17.53
17.46
22.89
21.45
18.18
15.34
6.7
9.52
9.54
4.28
12.85
11.64
5.31
4.8
14.04
22.36
23.46
19.26
6.54
7.66
6.09
-0.78
9.39
17.45
19.46
19.64
17.16
8.4
1.52
12.97
13.54
17.34
17.75
11.44
-1.51
2.23
14.08
18.3
9.36
11.11
11.62
3.31
16.55
19.6
20.3
19.23
18.34
15.67
8.98
-4.68
-10.56
10.03
15.86
16.18
13.14
16.74
17.31
11.54
1.08
11.27
16.7
19.25
18.68
18.64
21.16
19.93
8.88
-4.17
18.47
20.65
14.53
11.43
15.52
14.4
12.24
14.74
20.64
17.19
16.69
22.15
20.32
11.49
13.5
12.58
9.65
16.51
18.34
16.02
12.78
-3.39
12.34
16.4
16.42
11.62
16.29
17.63
10.16
14.3
18
21.17
20.82
16.99
12.63
18.27
14.55
13.31
15.47
7.02
3.99
17.36
20.25
18.11
15.02
13.17
10.1
12.67
16.72
13.18
12.31
14.64
13.63
8.69
5.28
7.94
14.37
18.18
19.52
14.26
5.51
10.85
15.91
17.16
19.12
20.37
15.1
22.98
22.29
8.93
14.71
12.56
9.17
10.42
16.66
11.62
-2.18
10.97
17.94
14.54
11.1
11.66
11.07
15.2
18.12
21.01
15.16
8.71
14.69
14.49
-20
12.47
13.43
15.04
8.32
17.07
13.68
9.66
19.07
21.77
20.34
16.11
9.99
12.8
13.29
15.3
13.9
11.98
12.7
15.84
16.04
5.24
1.8
2.4
13.52
14.63
8.92
15.81
14.8
12.97
12.47
9.53
1.32
11.26
14
10.22
17.54
16.69
15.36
19.57
16.54
14.16
16.05
13.48
11.21
19.52
19.62
11.26
19.72
8.56
9.46
10.48
15.35
9.9
10.96
14.04
6.79
10.35
3.95
3.78
16.69
19.47
9.59
8.83
12.21
9.64
16.72
22.02
22.2
16.16
12.52
15.86
6.44
-3.45
8.4
17.94
19.53
14.47
-0.88
3.94
4.6
16.2
20.49
17.75
11.03
18.67
21.65
21.42
17.93
4.92
7.65
10.8
9.44
3.8
18.49
20.98
17.91
10.1
4.03
8.41
14.67
18.77
11.26
14.47
14.98
12.41
6.26
10.04
15.47
18.52
17.76
19.37
12.78
16.85
20.9
19.05
19.06
16.12
14.98
16.88
14.39
4.01
9.02
12.59
15.21
16.09
13.44
18.97
19.5
-0.48
19.64
18.91
15.07
18.42
19.19
17.93
20.53
19.97
14.71
13.68
-13.07
19.59
20.93
15.42
9.24
11.94
5.48
16.18
6.84
13.74
15.61
10.16
6.75
15.53
16.88
15.27
13.19
15.4
13.9
11.8
3.01
12.37
12.89
1.43
9.26
17.06
19.87
19.49
19.46
17.38
13.36
9.06
6.95
12.52
18.65
14.77
12.32
18.43
16.84
11.92
18.93
23.83
23.47
20.48
16.38
9.05
4.05
10.19
9.1
5.14
10.96
12.69
9.68
7.7
15.72
18.13
17.19
7.77
19.56
12.12
14.2
15.78
13.77
19.56
19.14
12.52
9.24
5.33
14.18
14.7
0.75
19.45
22.89
21.39
20.94
21.14
19.74
14.01
4.29
3.56
8.17
10.71
-3.84
9.61
7.17
6.22
14.82
16.38
20.5
17.87
-4.47
10.8
3.82
7.72
13.33
11.84
-4.05
19.65
21.36
3.51
14.05
13.55
7.83
16.43
15.26
17.51
19.66
17.91
16.82
16.75
13.05
12.16
14.18
14.76
11.5
16.76
14.63
15.77
9.42
15.88
15.91
13.86
19.14
20.1
16.88
8.19
4.38
13.37
12.8
8.96
5.52
-3.85
6.45
15.62
17.59
17.58
19.56
22.83
22.1
17.29
18
10.82
3.58
9.43
14.03
14.48
17.76
17.23
14.78
10.17
14.66
17.19
17.67
13.29
12.4
13.44
16.28
19.63
18.04
15.12
14.53
4.6
16.2
21.08
22.5
20.73
16.91
10.51
9.43
11.1
15.87
17.84
16.98
16.06
14.76
10.2
11.88
20.87
22.75
15.88
6.29
8.84
14.02
17.42
17.1
6.05
13.95
15.71
16.26
20.64
21.67
16.04
12.13
18.67
18.33
14.77
6.86
14.19
17.54
21.4
22.25
14.52
6.92
13.56
16.43
13.62
6.43
11.85
16.62
13.63
11.1
-1.75
-6.67
14.78
15.66
13.56
20.68
21.67
19.11
18.94
10.1
12.91
16.32
17.42
17.84
17.51
17.59
10.58
13.41
14.95
15.46
13.43
8.87
17.94
17.3
10.9
12.2
14.78
17.26
20.67
21.02
18.76
21.55
21.99
20.9
17.05
11.62
2.95
-0.88
8.77
5.81
7.53
16.51
20.02
11.72
16.71
13.84
14.46
18.38
20.02
15.05
15.2
20.39
14.91
8.3
12.19
2.56
16.77
18.79
15.59
4.06
16.68
21.9
18.35
17.76
17.19
17.74
17.56
16.39
15.71
13.23
18.23
21.1
17.49
13.6
5.87
13.34
4.16
1.92
20.8
19.29
14.3
20.53
20.75
13.95
7.73
6.4
18.95
22.14
17.81
8.72
-3.93
17.04
23.3
19.49
18.21
12.98
10.47
4.94
9.88
10.46
19.42
19.72
18.53
11.85
10.05
2.27
9.35
8.41
11.42
20.29
20.72
18.64
15.46
20.3
17.29
10.74
10.82
16.04
11.27
21.12
23.31
18.72
10.98
17.87
17.47
14.45
23.98
23.48
21.87
17.7
11.68
12.95
0.46
11.55
19.55
21.82
9.72
7.08
12.75
8.08
6.16
4.68
9.98
17.32
16.84
17.13
16.59
8.3
12.77
16.48
2.86
8.82
1.07
8.71
18.09
21.11
15.66
7.5
14.88
16.38
20.44
20.09
11.39
9.6
16.47
20.53
21.39
18.54
17.15
20.62
15.58
9.16
8.7
10.04
14.09
17.78
18.19
16.86
19.94
10.24
12.56
11.6
19.66
22.35
16.51
10.56
17.2
16.65
14.02
20.27
21.51
13.09
8.97
14.89
10.71
9.63
7.74
16.04
10.91
-6.52
7.7
14.11
14.24
14.43
11.46
14.99
16.07
9.2
1.96
15.52
19.62
17.71
18.92
17.04
13.31
2.71
13.23
18.22
11.75
9.01
18.47
19.58
16.53
15.18
18.57
14.94
17.16
19.4
18.88
19.66
17.68
12.89
8.62
0.28
15.92
15.2
12.79
20.28
21.5
15.38
16.87
11.99
8.83
14.67
3.53
13.89
14.51
18.41
15.12
12.47
15.71
10.67
-0.25
19.05
21.22
13.41
3.73
16.46
20.42
18.34
6.99
11.72
14.29
13.09
13.16
13.67
9.79
8.55
11.91
9.7
18.61
18.48
17.14
21.23
17.8
18.48
23.81
16.94
3.61
16.39
6.5
16.87
16.55
14.51
15.41
13.28
10.34
13.6
17.07
16.36
13.04
10.29
13.01
8.78
6.31
11.28
12.3
9.14
12.38
12.55
13.75
15.59
18.68
17.41
9.11
16.87
18
14.87
15.43
13.25
12.12
13.74
4.72
15.59
19.43
20.74
20.13
11.86
18.89
20.14
18.79
18.57
17.24
16.15
16.17
19.58
19.95
18.61
16.48
17.02
16.03
11.9
4.97
14.06
9.37
9.01
12.24
6.32
16.34
16.24
12.15
15.27
10.93
15.12
12.89
12.75
12.3
11.8
14.28
11.04
14.42
17.04
11.94
18.11
15.5
11.35
9.01
12.7
7.32
13.99
17.23
12.99
11.58
17.96
20.44
16.07
13.36
14.84
14.45
12.05
11.29
1.08
18.11
22
20.23
18.16
21.02
21.2
19.48
17.53
14.44
8.58
19.1
20.54
16.66
4.49
10.8
13.62
12.43
11.79
3.31
4.77
8.74
18.2
19.09
16.54
17.75
17.17
16.67
19.99
20.88
17.33
8.6
16.41
17.54
22.24
23.26
22.35
21.85
19.68
16.09
15.46
18.01
16.17
6.43
14.7
12.4
17.69
15.11
13.28
17.61
18.38
17.31
12.87
15.26
15.02
15.69
10.62
4.32
12.55
17.46
19.53
20.47
16.84
5.1
14.83
15.62
15.69
18.72
21.57
21.84
18.46
13
15.73
13.11
9.99
8.54
10.76
16.83
11.66
9.16
10.11
6.65
11.89
18.92
19.99
15.95
16
11.25
8.67
13.31
17.11
17.92
19.48
19.07
19.64
22.14
21.89
19.36
17.53
14.4
12.1
8.97
12.26
19.61
20.72
19.52
17.39
16.2
19.24
18.16
15.76
16.05
13.95
18.67
20.66
15.86
6.73
9.62
18.99
20.77
19.68
14.49
-1.07
14.42
18.13
18.79
21.46
20.72
17.02
8.87
19.88
21.83
13.98
11.26
19.83
20.18
20.9
21.39
17.25
7.78
18.59
19.24
16.63
13.25
13.42
11.87
1.7
8.96
10.29
13.77
17.51
20.04
19.47
15.95
11.32
10.63
17.74
18.62
13.63
10.08
19.18
22.9
21.65
16.19
16.99
18.1
5.94
12.63
13.82
16.13
20.86
22.76
22.27
18.57
12.43
13.73
19.45
17.22
11.08
15.48
17.53
20.46
22.72
22.17
19.98
19.75
20.11
19.41
19.01
15.03
14.33
19.29
19.18
18.55
18.93
17.89
13.36
13.18
16.45
14.88
12.6
7.64
10.36
14.24
18.99
20.91
20.52
18.27
18.87
15.79
17.78
21.13
18.15
8.18
11.74
14.29
-12.03
13.65
10.03
7.38
13.41
12.47
11.79
17.07
20.52
19.19
20.55
24
22.46
21.29
19.8
21.76
23.15
20.68
17.31
15.18
16.07
19.18
18.97
15.85
11.07
2.91
-1.71
0.57
10.16
8.32
6.8
14.15
15.9
17.67
19.59
20.74
17.5
21.92
22.75
20.19
18.44
18.41
19.6
21.46
20.26
16.27
18.22
17.36
5.88
1.07
3.63
12.93
10.17
14.81
15.37
14.24
15.83
13.14
-2.86
14.11
17.4
17.5
20.47
20.15
16.36
15.92
19.22
21.01
19.58
18.07
17.68
19.39
17.85
16.08
15.72
16.03
18.44
19.78
16.7
16.7
18.15
19.79
18.25
13.28
18
19.55
17.67
19.14
19.58
21.75
22.9
21.61
18.57
11.6
17.16
17.35
15.07
18.02
17.18
7.3
9.62
10.9
15.59
18
15.31
11.62
11.11
18.61
20.22
21.88
21.42
18.4
18.09
15.81
8.4
19.6
18.87
11.49
11.62
14.39
13.64
14.87
15.68
13.27
12.13
7.47
3.71
16.04
19.32
21.63
19.26
12.04
3.18
2.24
9
13.94
11.75
10.48
14.02
16.05
16.52
17.15
17.65
17.41
15.61
14.39
15.41
12.29
17.02
14.74
6.45
9.46
2.97
12.56
13.12
11.69
5.45
11.65
7.87
9.86
14.61
-3.04
13.34
9.83
8.78
13.83
16.85
18.12
20.85
18.73
12.67
15.36
15.07
13.62
15.6
16.23
18.33
17.52
13.59
12.61
14.57
16.48
17.42
16.23
13.02
2.47
-9.39
11.52
11.75
13.35
12.64
11.68
-2.94
11.65
9.92
-0.41
-2.17
3.56
13.94
4.56
16.26
20.28
20.07
13.99
14.74
17.52
10.92
16.97
17.87
14.08
11.98
14.67
15.79
15.53
-5.03
14.8
14.25
-0.54
4.82
0.68
0.2
0.4
8.56
2.43
7
12.06
10.63
14.68
9.57
13.1
13.2
8.16
16.11
11.17
12.78
19.12
20.39
18.15
17.52
15.46
4.15
5.76
1.09
6.3
8.1
3.52
13.54
15.54
15.45
14.82
12.62
14.42
7.85
8.05
9.97
4.88
14
12.34
11.34
14.74
17.23
17.95
8.82
12.49
16.26
17.81
18.39
16.31
7.66
4.14
8.66
0.59
-4
7.25
10.2
15.83
16.21
16.27
17.68
13.52
6.63
6.91
14.47
15.49
13.67
7.12
10.07
13.02
18.24
16.91
7.19
11.7
15.86
17.89
17.6
11.72
-4.08
6.44
17.73
22.38
23.09
21.66
20.9
17.52
12.2
13.81
7.32
6.24
11.09
15.37
16.63
14.79
13.46
6.86
7.57
17.11
15.85
7.76
11.86
13.33
13.35
13.84
13.18
5.79
11.63
15
15.4
17.1
18.14
15.78
13.37
10.86
-3.13
-6.75
10.95
13.34
9.94
-0.13
1.27
9.05
12.18
13.51
7.74
1.42
-2.77
6.74
3.68
8.88
8.31
14.64
18.15
16.79
16.27
17.29
18.41
18.55
14.26
5.89
11.47
11.35
3.01
6.13
12.29
14.83
14.82
9.67
-3.11
8.15
11.29
15.38
18
18.09
19.9
16.94
5.47
2.8
12.94
14.91
15.03
13.01
3.36
8.37
13.12
15.38
12.77
12.72
16.64
18.79
17.1
3.24
11.04
12.17
18.33
19.22
17.08
15.18
13.98
4.45
10.68
11.11
11.98
12.29
12.78
12.91
6.55
10.88
14.64
13.03
4.26
11.2
8.51
11.88
15.68
16.19
14.62
11.09
12.61
13.35
5.73
1.47
14.87
16.35
13.04
14.44
16.87
17.3
17.74
18.99
14.51
2.11
15.2
13.89
9.46
12.77
14
6.81
1.24
5.45
8.59
13.33
14.29
17.9
17.98
13.5
4.63
11.58
15.02
13.14
1.43
11.22
12.41
7.62
9.13
8.48
11.59
14.15
15.57
13.34
-0.83
4.15
1.1
7.08
9.44
14.14
17.28
14.08
4.69
-0.36
0.47
13.29
18.01
19.27
18.5
16.39
12.2
8.67
6.69
7.18
8.14
10.06
13.6
9.74
0.6
6.31
10.41
12.61
14.73
18.23
14.65
2.85
10.13
13.84
8.69
7.28
11.43
8.58
8.09
9.76
9.52
9.68
9.74
18.62
16.16
-2.14
13.94
15.28
13.39
11.77
17.51
17.66
9.84
3.37
11.33
5.3
7.27
11.38
11.75
12.13
8.99
3.8
10.71
12.89
8.16
3.89
14.8
17.4
18.2
13.05
10.59
13.97
13.37
11.76
1.23
-0.64
9.05
11.07
10.27
15.15
13.45
14.45
13.34
10.02
8.3
11.05
15.89
14.71
10.6
-1.84
3.53
12.45
14.04
-1.46
10.53
10.77
5
7.31
11.67
17.05
14.88
10.31
13.73
14.58
13.25
11.4
14.18
13.07
8.38
-3.59
10.9
13.57
9.37
9.01
6.94
2.91
7.87
8.23
7.59
14.46
17.27
16.04
13.04
9.53
17.56
17.53
14.37
12.55
9.29
9.89
13.66
15.33
15.49
10.64
10.23
12.48
4.79
8.17
9.97
16.56
14.09
4.16
9.7
12.48
8.04
8.33
10.83
12.86
4.55
3.01
7.65
2.85
12.28
13.97
13.08
7.65
-1.64
4.45
14.74
19.4
18.62
13.57
16.72
16.85
13.73
11.41
10.52
5.59
1.15
13.65
15.24
9.79
14.38
17.05
15.15
16.06
18.84
18.47
14.99
8.97
15.75
17.94
15.05
16.91
15.18
12.33
17.58
19.35
13.83
11.1
16
17.46
15.02
11.24
4.64
7.5
5.75
7.07
12.04
8.87
11.77
17.29
16.76
13.96
11.36
10.58
14.29
10.96
3.09
2.81
13.47
12.44
-6.38
6.46
8.39
14.21
17.15
17.93
16.61
9.97
9.46
13.43
9.62
16.52
17.97
13.33
6.92
1.5
3.91
-7.22
8.8
8.36
9.41
1.27
11.27
16.63
18.85
15.48
7.63
15.16
14.85
6.59
13.73
15.77
10.16
1.88
7.12
-3.23
15.58
13.75
-0.92
10.87
11.3
10.06
2.11
5.25
7.58
7.87
12.57
9.16
-0.92
-0.98
-0.24
4.56
4.65
13.6
14.57
3.67
9.76
11.21
9.84
5.58
-3.31
5.7
7.69
15.32
16.72
14.57
14.46
11.96
9.46
13.19
11.61
8.79
13.72
12.37
0.18
15.64
17.93
15.81
10.8
5.82
-10.1
12.35
14.39
10.47
7.72
14.44
15.94
13.5
10.9
10.89
6.92
-2.92
1.87
4.91
9.65
-2.74
3.97
-2.66
12.27
16.01
7.8
8.12
14.73
11.18
3.22
12.23
13.43
6.07
8.88
12.29
10.94
1.51
12.74
16.71
15.03
11.16
13.13
14.32
16.25
19.89
19.37
9.13
9.71
11.11
6.6
0.99
6.97
4.02
10.86
7.03
14.32
12.85
11.52
6.92
6.32
9.2
13.72
14.42
9.44
3.71
12.66
11.71
10.65
8.16
17.6
17.08
10.25
4.08
5.92
8.85
3.1
0.87
5.5
11.67
8.76
-0.29
8.32
9.1
3.58
8.63
11.47
10.28
0.74
10.11
12.23
5.88
7.66
6.29
10.01
9.17
8.72
4.93
-0.86
10.12
11.93
14.25
13.25
9.63
16.99
16.88
13.98
13.85
13.45
14.15
9.16
1.09
9.51
10.79
15.28
12.75
6.39
-12.74
7.41
14.35
14.76
11.17
10.9
4.53
10.65
14.46
15.83
16.06
15.89
14.61
14.99
15.08
11.23
5.1
14.77
8.44
1.66
8.69
9.66
17.69
19.44
11.45
-1.02
7.26
13.56
9.03
-8.22
11.09
9.29
0.74
4.74
8.4
11.44
6.79
6.49
9.98
-9.2
13.91
17.99
17.27
11.88
14.86
15.7
14.16
12.09
7.39
7.74
13.02
12.52
13.77
11.09
13.26
15.01
15.18
16.47
17.83
16.98
15.01
12.83
14.54
12.56
4.5
7.64
6.22
11.46
10.09
0.45
7.43
13.2
13.98
10.79
10.13
8.37
2.77
-0.29
5.08
-2.86
12
16.9
18.22
16.83
10.46
3.26
9
15
17.93
19.27
15.84
12.31
10.92
11.62
8.82
1.7
4.06
13.52
13.9
11.45
1.59
5.96
13.83
13.54
10.89
9.83
7.97
2.56
13.79
14.81
18.65
16.24
14.24
17.97
18.22
6.85
12.26
11.97
8.36
1.14
11.84
15.37
11.11
10.39
12.15
13.84
16.8
16.97
16.99
19.12
18.77
14.75
11.6
12.33
12.45
14.43
14.21
6.66
13.6
17.24
16.49
17.54
18.33
14.22
7.09
9.92
11.21
11.64
12.46
4.43
11.89
16.12
12.77
11.94
1.69
15.67
17.02
18.92
14.17
10.33
16.5
20.79
18.69
7.26
13.76
12.28
9.27
12.81
16.31
19.43
19.19
15.81
10.59
12.54
12.98
6.26
15.22
14.83
13.49
14.58
15.27
10.59
7.82
9.3
3.3
10.56
17.05
14.35
10.68
20.18
17.77
10.9
13.98
15.04
15.21
17.01
15.35
14.29
18.04
17.64
12.03
11.08
12.78
10.29
6.62
5.93
14.95
16.9
15.89
11.31
-5.32
-2.98
12.93
15.73
13.39
5.09
9.79
10.09
-2.37
-6.48
8.29
11.68
13.41
12.5
2.31
14.11
14.88
16.84
14.33
3.86
6.97
4.84
5.15
7.56
11.19
14.35
11.17
7.87
8.3
8.86
10.28
19.52
20.67
18.13
14.59
10.87
3.53
-3.22
11.95
16.57
15.65
12.36
8.62
3.83
13.24
11.67
5.38
13.79
15.51
15.17
15.63
10.1
4.67
6.3
2.2
8.76
13.28
17.48
18.78
16.06
15.32
9.43
12.07
16.51
16.54
12.97
17.22
18.4
12.79
-10.58
6.32
11.41
14.96
14.43
7.42
13.1
15.08
14.89
16.18
14.18
15.12
15.71
17.35
16.66
13.78
9.69
10.55
12.41
5.51
7.13
13.77
13.55
12.62
17.95
19.2
14.62
-0.92
15.57
17.13
17.5
17.9
10.86
13.62
18.8
18.96
16.6
7.9
1.24
3.94
0.11
6.54
9.31
13.19
8.05
-12.07
0.56
11.35
12.01
14.5
15.42
6.08
3.89
13.99
17.25
16.21
12.95
10.21
14.46
17.13
15.29
10.42
14.98
17.56
8.67
7.8
6.15
6.62
-2.44
6.27
7.9
11.12
15.52
16.44
12.89
1.09
15.27
16.85
14.79
13.15
10.01
-14.08
9.3
10.83
14.23
12.14
12.14
15.92
17.05
17.12
15.54
9.78
4.57
14.09
13.6
13.05
11.19
-0.66
13.13
14.43
8.63
-3.86
3.69
6.9
6.31
7.56
5.68
5.62
11.26
13.02
17.19
19.11
14.83
8.51
11.51
10.37
16.88
21.51
19.89
17.39
16.91
15.92
13.65
6.64
5.17
14.48
16.34
13.08
11.74
9.92
6.09
8.64
3.6
3.68
9.97
14.22
7.84
10.82
17.02
18.25
16.98
13.9
7.29
6.78
14.43
11.93
6.09
11.48
3.59
10.95
13.87
8.18
7.39
11.96
11.47
12.44
12.45
12.91
13.44
11.33
9.82
8.84
15.1
17.66
15.75
8.39
-2.83
-2.18
0.61
7.28
1.23
8.4
12.76
13.24
9.46
14.45
16.19
11.84
-4.45
10.2
9.32
10.45
10.17
7.81
4.69
9.78
16.14
16.58
11.36
7.9
15.74
15.6
5.02
11.57
16.84
15.04
9.73
9.62
13.32
14.04
11.09
8.98
6.62
-3.98
3.6
9.95
6.71
-0.8
-2.89
4.09
13.35
16.45
16.07
15.83
12.71
12.06
16.34
12.25
10.19
8.17
8.46
16.3
19.07
17.63
13.75
12.06
7.42
11.98
11.61
10.82
14.02
18.1
16.28
7.24
13.21
17.02
17.15
14.35
12.36
10.29
13.34
15.17
16.7
17.65
15.37
8.79
12.4
11.68
8.91
15.14
15.16
11.73
14.01
16.87
19.5
19.61
12.32
2.44
9.41
15.63
13.09
8.02
16.33
17.41
15.64
14.62
14.69
2.46
6.56
12.84
15.09
17.65
20.54
21.36
17.02
7.34
18.17
18.46
11.74
7.66
13.17
11.52
12
17.5
18.79
16.22
11.61
15
16.86
8.26
2.15
9.08
12.66
9.44
11.97
14.3
11.17
8.21
12.25
12.1
13.92
16.47
12.93
11.95
12.54
2.81
-4.18
5.5
12.68
11.48
-4.06
-5.85
11.33
11.34
12.04
15.18
13.39
10.47
-2.81
13.95
16.52
14.76
12.68
13.98
12.92
11.88
4.9
10.61
10.86
3.24
7.62
15.45
14.14
10.37
15.14
11.97
-2.6
10.54
8.78
2.64
2.74
9.25
6.88
-4.27
1.78
9.46
10.32
10.64
4.33
10.36
0.96
9.51
13.39
11.53
0.35
11.27
7.52
-2.35
0.51
9.14
12.84
15.88
9.5
6.53
-2.67
5.51
10.06
9.67
2.36
6.35
12.54
17.23
18.68
17.79
18.29
18.31
14.08
0.17
-0.54
1.62
5.16
15.61
17.86
10.45
16.42
17.51
11.03
7.17
11.02
2.15
10.19
11.58
14.03
15.68
12.96
11.23
15.88
16.66
9.64
12.24
13.97
7.39
-1.88
10.73
12.45
8.09
7.43
13.64
17.69
18.11
13.76
10.01
8.32
7.85
8.25
8.59
12.53
12.38
10.24
10.3
13.7
16.4
15.78
11.97
6.69
2.09
10.84
5.89
7.53
3.58
15.73
15.44
10.51
14.58
17.51
16.19
14.86
13.93
12.16
11.43
16.2
9.91
0.31
-1.08
14.16
16.37
9.93
-1.04
8.44
-1.7
14.28
19.22
18.77
12.99
8.15
14.77
16.31
11.76
-1.62
9.61
6.48
9.21
11.13
12.02
13.15
13.96
14.32
13.97
13.74
10.31
14.33
14.02
9.56
0.78
4.91
13.5
19.88
21.24
18.92
6.56
11.57
6.52
11.19
17.58
14
7.96
11.23
14.94
11.73
6.64
9.35
9.27
2.58
13.42
16.24
16
11.26
15.8
13.06
8.84
10.64
8.53
7.69
13.77
17.6
16.22
11.75
-13.71
9.23
6.15
6.82
4.49
11.86
18.06
19.42
16.19
7.19
16.81
16.78
9.94
-1.44
12.79
13.45
6.92
6.04
9.15
6.93
12.2
9.7
5.7
11.95
10.84
11.66
-0.04
14.8
17.2
14.43
13.23
14.09
11.37
5.32
2.34
9.89
10.21
10.16
10.66
13.28
11.27
-0.92
2.48
5.24
10.61
15.98
17.83
18.75
