5.56
13.06
9.41
5.33
5.11
0.49
3.46
1.96
8.94
5.76
8.22
13.57
12.98
7.82
2.82
9.53
13.06
11.05
8.88
7.74
3.29
1.72
-9.73
7.49
13.43
13.36
9.92
7.99
3.48
9.53
11.82
7.53
1.29
5.29
12.07
10.86
5.64
10.74
17.24
16.46
7.88
-5.16
-2.4
-2.33
4.88
4.62
-4.91
4.84
6.53
11.86
10.33
8.27
6.29
8.29
11.23
9.76
3.22
2.49
10.22
7.44
4.03
-3.69
8.94
13.86
10.92
9.04
10.26
14.71
14.91
6.26
8.1
12.18
13.87
12.13
7.64
7.67
12.45
15.57
10.6
8.25
13.89
15.41
15.73
14.23
11.01
16.72
16.55
13.02
6.86
3.18
-0.15
5.25
5.5
-4.39
3.35
9.43
5.2
-1.08
5.27
12.96
17.86
17.96
15.21
12.06
11.28
11.65
15.05
13.54
-2.14
7
10.37
10.28
6.76
9.6
10.99
13.24
7.35
6.83
9.72
7.05
-0.6
9.01
6.89
7.49
10.05
5.58
-2.9
1.19
6.71
12.59
13.06
5.24
9.6
12.5
13.11
9.58
10.14
8.92
9.89
10.36
7.68
11.66
13.75
4.18
3.04
3.73
7.97
-2.78
9.39
13.16
11.55
-6.32
7.15
1.53
3.51
11.13
12.3
10.87
12.85
9.36
5.13
5.01
9.78
11.23
12.76
13.1
11.5
12.31
12.71
6.07
8.85
3.09
3.58
7.8
3.81
3.43
2.7
4.19
8.86
6.84
10.29
7.86
9.45
14.6
16.2
17.77
17.03
9.53
3.54
3.82
8.53
8.97
13.78
11.28
10.85
8.43
-9.58
-0.07
8.51
14.74
16.43
15.58
11.67
7.41
-13.31
8.53
11.58
9.1
4.77
11.36
10.87
8
7.2
6.35
13.3
12.78
10.96
9.4
3.4
7.99
11.52
10.41
7.52
6.25
2.49
9.29
11.26
4.32
-0.98
3.9
10.54
1.67
9.19
11.56
10.65
11.28
9.76
8
7.04
9.38
9.56
-2.74
11.8
14.61
17.14
16.76
13.59
10.43
11.61
4.39
10.63
12.87
5.28
5.71
9.97
9.89
9.42
0.07
5.1
8.81
13.77
10.84
-7.09
-0.02
4.25
8.96
10.52
10.47
13.09
12.33
12.66
13.31
14.17
12.71
11.03
-0.89
8.11
7.48
6.55
10.14
4.28
6.55
9.14
8.44
10.46
11.66
9.5
12.53
10.88
3.98
7.85
10.28
6.95
9.2
11.2
10.26
11.64
14.11
14.82
16.86
18.69
15.31
6.85
3
0.65
11.84
12.97
8.91
3.22
1.58
-3.15
-9.47
10.46
16.06
17.43
15.05
10.31
15.71
14.9
11.67
11.96
7.47
2.25
11.1
3.51
5.11
10.51
14.96
17.3
15.18
7.78
8.44
14.96
13.87
7.13
1.32
10.48
14.47
7.49
-3.69
-5.11
6.92
8.27
-17.55
5.65
12.73
14.62
13.22
10.45
4.25
7.82
7.83
3.96
2.74
-32.15
8.06
6.51
-8.69
2.24
5.25
-9.87
11.73
12.62
5.94
10.09
11.86
9.77
6.83
3.41
13.19
15.34
9.28
-0.54
1.37
3.91
8.55
14.84
14.24
2.35
5.89
8.94
8.79
-8.61
5.48
8.55
2.82
1.66
6.98
9.73
12.19
6.99
5.13
10.14
12.02
11.01
11.05
11.98
6.33
3.52
8.63
3.64
12.26
12.29
0.87
6.7
8.62
11.7
13.78
13.48
11.4
12.59
14.12
10.05
4.65
3.84
6.63
11.2
10.99
12.52
13.02
11.43
9.79
9.86
8.53
3.38
1.36
0.85
9.92
12.23
5.69
2.87
5.04
2.64
6.31
10.29
12.45
11.7
5.78
2.25
2.1
10.28
15.65
14.31
9.3
-15.51
7.74
10.28
10.24
5.47
-5.9
1.67
-0.04
-2.8
1.28
8.82
8.94
-4.2
11.7
15.45
14.05
8.86
4.53
4.69
8.67
4.79
12.11
8.34
8.3
9.14
6.49
0.81
1.22
10.21
11.27
10.07
14.22
16.43
13.92
1.11
11.89
16.07
13.78
5.13
5.74
10.78
10.07
9.66
12.29
13.45
4.67
10.64
11.32
-2.69
6.75
-2.33
5.75
9.78
9.68
6.59
9.34
11.33
9.83
6.73
9.66
3.65
10.57
14.88
13.84
8.3
7.07
12.39
13.68
14.18
11.45
13.07
11.18
12.76
13.47
10.55
9.88
10.78
8.69
-2.97
-7.91
2.17
11.12
13.99
14
11.24
5.96
7.77
13.28
12.81
10.26
4.91
1.3
6.46
14.99
16.19
12.88
5.71
7.16
4.38
-3.13
2.75
-0.73
11.21
15.19
13.63
-1.9
15.08
15.03
14.78
10.4
0.1
10.34
8.15
3.67
13.41
15.33
11.61
6.15
9.92
10.34
8.83
9.26
6.53
8.14
11.27
13.57
13.94
12.3
0.98
0.94
-2.59
4.42
3.8
7.21
12.45
14.87
11.4
0.11
13.95
13.7
7.55
-0.49
1.04
8.95
4.22
10.38
15.28
13.95
-1.19
8.18
5.31
8.85
11.62
11.04
15.81
17.17
10.03
14.3
13.22
9.2
4.86
2.28
5.5
10.72
7.39
10.74
13.03
2.36
7.59
11.04
7.74
4.12
9.48
14.12
12.52
3.02
11.59
13.7
9.86
2.21
4.99
12.7
11.25
2.91
3.98
13.34
15.87
14.77
14.63
12.28
6.93
-1.51
0.59
12.68
14.12
3.64
4.77
10.69
11.52
8.56
2.59
-0.3
10.14
11.3
7.68
12.95
14.61
14.71
17.08
15.57
9.66
-6.47
-1.63
0.56
5.91
6.38
5.56
14.46
18.56
16.97
11.92
12.93
16.09
16.28
14.94
13.3
8.98
5.12
-6.02
6.22
11.34
12.23
7.58
0.53
2.64
7.2
8.06
0.11
9.79
11.31
2.92
10.4
11.99
3.84
9.14
13.33
12.31
10.66
9.48
11.51
9.7
0.61
9.82
11.98
6.42
10.91
12.91
10.51
9.51
7.27
9.26
7.29
8.23
10.42
-13.54
11.75
11.25
-6.99
11.46
16.12
16.39
15.39
14.16
9.66
2.63
5.43
6.46
-2.56
12.39
15.87
16.33
13.6
9.36
9.22
9.23
-0.81
0.19
9.97
8.43
5.73
12.55
13.1
7.29
5.35
7.72
12.58
13.8
17.06
17.13
13.17
-0.35
6.33
1.61
8.61
13.22
11.76
9.84
5.81
1.62
8.62
10.24
4.76
1.32
5.54
10.75
13.94
9.54
7.82
11.31
6.6
12.08
13.83
14.02
10.27
6.98
11.6
14.23
10.07
0.59
3.73
4.3
-0.24
-4.45
8.86
10.61
8.78
8.89
8.5
9.71
11.49
12.01
7.35
2.65
0.58
6.85
12.54
11.16
11.22
13.77
13.86
10.43
2.52
6.01
9.7
10.72
9.72
5.14
23.27
25.93
22.1
14.93
14.38
14.38
16.79
17.29
23.2
22.34
23.08
23.09
10.95
20.34
20.6
15.79
7.93
-4.26
5.34
8.96
23.07
24.63
17.71
21.88
24.24
27.64
25.9
17.24
10.88
21.6
25.1
24.56
18.33
-13.42
21.42
20.96
15.68
25.61
25.7
19.77
11.61
13.24
20.46
15.3
20.22
25.17
22.32
11.49
6.6
19.9
21.6
18.34
25.34
20.29
19.67
27.61
27.35
19.26
19.87
24.91
24.69
23.61
23.98
22.61
23.27
26.21
27.03
19.51
15.8
16.97
12.47
8.23
12.9
19.3
18.53
23.67
25.38
22.21
26.68
26.59
21.36
14.93
11.44
21.02
24.02
22.18
21.6
22.87
24.67
25.42
25.24
24.71
24.24
20.79
17.39
21.01
14.43
18.52
14.05
11.93
7.11
12.38
16.75
12.21
12.35
12
12.38
17.14
16.36
11.16
10.41
2.6
21.87
23.24
11.63
19.1
21.75
15.61
20.11
24.54
24.72
24.82
24.11
21.27
14.1
12.35
11.13
10.01
17.42
25.42
29.04
27.34
20.33
15.01
25.37
28.36
24.69
21.52
20.02
10.33
-1.7
6.75
20.3
23.61
21.29
22.11
25.15
24.23
20.08
23.74
11.59
11.39
11.07
11.29
20.2
20.2
22.45
24.84
26.62
27.36
24.14
10.1
2.23
19.38
19.96
23.24
25.99
22.35
20.09
17.88
25.49
27.75
26.08
24.95
26.64
29.79
28.94
25.7
22.51
25.09
23.87
17.15
21.74
23.31
27.33
22.05
16.7
26.94
28.16
23.4
17.33
8.68
12.88
16.13
18.18
20.83
22.79
25.17
26.24
26.38
29.97
29.89
28.18
26.12
20.5
12.56
21.42
12.23
16.79
22.13
24.18
21.57
25.97
27.37
25.55
20.33
22.84
27.11
27.14
26.88
27.52
25.46
19.15
19.17
21.49
17.69
17.43
16.3
21.28
23.97
24.77
25.93
23.48
15.12
9.22
17.24
18.94
12.1
20.85
23.79
20.98
22.44
25.65
24.98
23.16
22.72
18.6
14.8
21.67
23.87
17.91
15.63
10.94
18.72
18.21
6.26
20.02
23.99
24.04
24.4
20.73
2.06
22.58
27.1
26.43
23.32
22.16
18.96
16.37
22.83
16.95
15.14
18.78
22.92
22.82
12.91
17.98
20.97
19.51
15.85
18.95
21.01
14.38
12.43
23.12
28.01
25.92
23.18
21.76
17.88
15.4
12.64
5.39
2.1
6.1
17.76
23.49
24.75
24.61
24.13
24.07
24.85
23.1
17.12
18.86
13.05
16.55
20.46
20.24
23.68
24.46
16.1
21.73
9.5
23.18
21.89
12.26
17.18
18.19
15.75
12.08
18.39
21.67
17.19
12.54
9.87
10.54
10.01
11.8
16.9
23.49
25.54
24.62
20.42
9.9
12.04
20.06
17.37
11.95
12.59
11.04
12.85
-8.05
15.75
19.73
16.97
14.21
15.9
17.67
14.5
6.28
6.35
2.62
18.12
23.47
23.03
18.08
15.41
17
16.52
15.01
16.91
13.42
12.66
18.01
19.87
18.83
19.96
19.21
13.13
8.41
4.93
-1.48
9.61
13.97
15.7
18.41
18.01
8.85
8.8
9.16
12.52
12.18
3.28
7.34
15.54
16.6
15.71
6.18
9.1
6.15
9.77
13.51
17.44
19.55
18.25
12.15
6.66
8.63
7.57
18.04
21.76
21.98
21.79
22.17
19.88
15.71
18.4
22.58
20.31
13.39
14.25
17.95
17.75
15.33
13.36
-1.57
16.8
17.76
15.62
16.5
16.25
14.24
14.04
16.87
18.72
19.43
18.61
18.67
20.49
17.77
15.59
18.41
13.12
14.95
21.23
20.77
21
24.24
22.43
16.53
19.23
18.4
16.84
19.12
12.18
8.67
9.81
11.55
14.43
16.91
16.56
9.15
8.23
9.61
11.84
11.41
10.86
12.48
16.8
6.31
-10.99
19.44
22.25
15.83
9.72
16.57
19.56
15.76
16.84
23.65
22.98
16.67
15.41
22.22
24.99
19.86
21.9
22.36
19.39
22.43
23.76
18.12
16.16
18.9
13.47
11.25
11.49
9.28
14.17
15
5.28
19.41
17.12
11.76
12.53
18.87
17.66
10.02
15.82
15.81
16.31
23.26
23.77
18.21
12.09
16.91
16.44
11.83
-2.13
9.48
13.89
11.47
17.12
17.17
3.83
4.23
-9.68
10.12
13.08
19.79
19.1
14.48
6.61
12.15
16.18
17.12
20.59
19.08
20.43
22.09
17.1
17.59
18.55
19.13
19.01
18.59
18.1
17.31
16.45
13.29
14.77
13.23
6.45
20.4
23.22
21.5
19.08
16.3
13.71
19.36
18.62
20.02
18.46
15.74
7.19
21.38
23.81
20.91
23.4
24.01
25.44
27.85
26.64
19.52
9.51
15.44
16.17
11.59
-1.55
6.21
15.88
18.89
15.44
17.55
7.96
-1.08
11.17
21.45
21.88
9.71
17.53
20.23
0.22
23.95
22.99
14.39
18.3
19.97
15.88
3.39
5.82
12.96
3.96
16.73
17.98
7.75
13.8
16.54
15.84
18.6
11.77
20.15
21.97
18.34
11.63
14.19
23.18
23.68
18.93
18.49
16.58
20.31
17.27
9.56
9.69
15.36
4.93
16.01
16.1
14.58
16.49
18.51
14.1
13.71
13.76
19.45
21.72
18.96
15.31
22.64
21.3
15.49
8.49
17.43
15.68
6.92
8.72
-7.38
13.99
20.43
22.15
21.43
23.74
21.81
17.21
16.44
12.06
9.11
12.86
14.01
20.06
20.09
21.37
25.96
26.15
22.4
20.73
23.9
26.76
25.48
20.87
13.47
12.17
10.54
2.86
11.71
18.15
15.45
15.75
14.05
18.94
15.26
14.58
9.97
12.57
17.02
17.78
18.35
15.7
-1.53
12.67
17.26
15.98
18.5
15.42
9.59
11.6
15.22
10.14
9.81
21.27
24.15
18.21
10.09
19.65
22.34
21.81
24.15
24.46
22.29
16.91
19.52
14.81
10.53
1.23
9.75
17.04
16.7
3.76
11.38
11.07
7.7
12.37
11.89
15.09
18.54
20.98
19.57
14.99
13.1
17.65
21.39
21.53
19.84
11.66
13.63
19.88
19.53
6.76
17.24
14.19
1.2
13.79
13.27
12.3
17.78
2.38
13.11
14.13
18.51
11.65
17.07
19.25
9.79
6.52
5.82
17.73
20.15
17.61
18.56
18.02
11.52
8.77
12.35
18.62
21.64
20.25
16.94
14.92
14.67
14.2
12.35
13.41
17.36
13.09
9.75
17.12
18.32
19.95
22.83
22.65
14.64
19.49
24.48
16.9
19.95
19.36
10.75
13.84
16.67
8.46
16.23
13.65
15.64
16.24
10.55
14.78
13.53
21.18
24.61
22.92
18
15.71
17.72
18.64
19.95
16.65
13.43
14.46
18.98
21.95
24.58
27.03
24.14
17.18
17.66
20.35
23.83
23.25
9.75
18.85
22.98
25.14
24.33
19.95
12.35
11.32
16.03
20.47
21.95
18.49
18.03
16.75
19.67
23.38
24.79
24.22
22.36
20.03
22.75
24.55
24.15
25.27
24.64
21.17
11.61
24.79
27.61
25.76
22.36
20.86
22.11
23.57
21.25
20.5
16.61
15.86
20.27
24.84
25.82
13.91
22.29
24.83
20.16
27.18
28.27
18.79
16.76
14.76
21.84
19.79
21.73
26.49
25.05
22.82
22.11
20.86
17.18
17.09
18.02
17.84
15.86
13.79
12.87
13.44
17.68
20.92
23.49
23.27
16.06
10.38
10.74
14.27
22.8
25.49
24.14
21.85
20.91
20.19
17.64
11.05
22.02
20.19
21.8
23.82
25.6
25.36
13.16
21.17
21.65
22.68
23.99
18.94
7.81
18.88
19.47
22.71
21.23
17.36
18.03
21.47
20.69
17.42
2.86
15.7
19.16
11.97
18.17
24.64
23.11
22.81
26.71
22.7
18.71
20.06
18.05
24.48
28.74
29.61
26.81
25.46
29.98
31.75
26.11
15.74
20.41
14.2
24.87
26.94
24.36
24.19
28.1
26.81
17.44
17.51
13.16
12.18
20.65
19.5
17.4
20.8
12.8
26.3
32.25
33.14
31.65
26.87
23.49
23.65
22.88
23.5
16.45
19.36
22.97
18.11
7.16
17.59
19.39
20.8
18.09
21.24
22.04
5.99
19.19
20.25
16.7
30.96
42.68
45.47
39.32
22.1
18.79
23.98
22.2
-4.12
17.26
16.7
18.04
19.05
19.65
21.39
23.11
16.39
7.92
20.23
21.56
12.5
24.13
20.88
15.5
16.48
18.8
12
17.09
33.49
44.34
45.05
36.05
12.69
19.75
24.58
24.93
16.77
16.26
20.45
16
10.77
17.34
19.75
23.13
20.89
14.55
13.47
16.19
16.1
10.26
15.43
27.69
36.51
36.92
27.88
7.99
9.72
11.23
0.65
18.29
18.26
11.51
11.91
11.98
10.56
15.48
21.26
18.85
17.11
19.33
24.21
26.77
27.39
26.62
20.64
13.82
23.16
20.81
11.26
16.19
16.21
33.17
40.98
39.38
28.17
16.12
14.36
25.16
19.33
12.22
15.67
22.29
19.34
29.79
36.03
32.6
21.84
23.5
16.85
19.04
18.28
9.32
17.88
21.25
18.38
14.83
23.89
26.45
21.33
11
33.83
43.7
44.69
37
20.26
23.28
23.16
25.3
23.31
8.66
20.26
20.75
19.34
21.19
17.35
18.71
17.38
13.15
11.07
20.21
23.67
13.42
20.69
17.39
10.57
17.75
23.3
22.39
19.44
19.46
13.09
12.7
15.37
24.91
27.01
26.05
22.11
7.33
14.24
10.54
17.14
15.4
15.07
15.66
20.37
17.23
22.53
17.22
11.84
17.91
24.52
28.67
34.32
43.63
44.5
35.67
11.47
23.41
23.14
22.57
25.75
18.72
20.12
20.18
9.27
16.73
22.67
16.04
17.31
18.38
13.63
19.29
22.78
25.67
25.55
20.68
22.73
22.82
20.24
21.32
20.84
14.73
22.22
23.1
19.1
20.3
19.93
23.21
35.58
39.36
34.29
21.29
23.25
26.3
20.67
22.49
23.32
24.19
29.49
27.11
21.54
19.04
18.22
18.89
11.37
3.1
15
15.98
-7.12
14.41
19.07
19.23
16.58
24.53
25.08
19.06
8.73
22.97
24.34
16.11
18
20.79
11.83
15.57
23.66
32.41
36.28
32.58
32.79
32.07
28.72
27.71
22.27
5.61
23.12
22.78
35.73
38.23
31.27
13.06
30.53
33.35
19.77
32.56
32.58
26.78
22.9
27.83
31
25.64
4.37
24.42
29.52
30.4
29.83
26.32
32.57
32.97
27.07
13.71
21.8
22.89
19.09
18.53
10.53
24.04
31.11
32.85
27.14
18.48
22.55
30.46
29.96
20.6
10.2
24.3
21.7
18.16
6.6
23.67
28.73
28.67
24.79
27.57
30.56
26.99
22.74
17.64
12.51
28.09
28.61
18.33
15.39
24.68
34.24
34.99
32.21
29.47
24.79
22.78
18.14
29.18
42.83
49.99
48.73
37.68
22.59
24.39
23.04
16.39
-0.66
21.14
37.18
47.38
47.71
38.71
19.5
24.79
24.93
24.36
20.25
21.83
26.65
23.65
23.29
25.49
26.96
25.63
21.21
15.95
22.57
25.88
27.25
24.9
20.06
25.28
19.79
28.03
29.83
24.83
27.18
31.29
25.76
24.57
33.17
33.16
25.86
22.35
25.04
21.2
31.67
32.19
28.44
20.66
25.28
26.41
22.51
20.1
23.56
19.89
18.77
26.54
29.67
27.53
31.16
29.36
23.75
27.73
23
28.78
23.02
30.07
31.65
30.73
30.24
23.27
19.75
14.53
20.97
14.67
25.08
28.82
29.28
30.47
21.12
28.81
27.49
22.68
26.73
26.97
23.75
18.22
30
31.33
25.52
25.96
30.51
29.91
29.41
29.74
30.87
27.69
25.51
24.5
26.03
26.08
26.59
26.02
24.52
32.1
32.15
23.2
15.02
20.63
21.65
27.51
30.93
25.46
27.2
33.84
33.61
26.97
22.15
29.3
28.72
30.9
31.95
30.58
26.86
14.47
22.4
21.13
18.15
17.75
22.67
28.75
29.12
28.38
28.2
28.58
24.76
16.01
28.69
30.04
29.49
28.13
24.03
26.75
31.63
34.29
32.06
29.9
30.75
26.91
23.39
25.97
26.69
24.94
10.22
14.06
21.58
23.28
30.18
29.69
16.88
18.66
-3.05
21.74
20.74
22.26
15.05
24.54
27.39
26.48
16.77
22.52
24.71
26.89
25.46
21.63
26.98
21.14
24.07
24.9
14.48
23.87
30.17
29.88
23.66
20.73
24.51
24.64
18.44
25.02
29.64
29.24
29.01
23.12
16.4
19.84
24.02
25.2
14.22
29.26
27.87
15.33
15.93
11.19
20.93
21.69
16.2
20.49
17.38
28.61
31.14
30.24
23.16
18.42
25.95
25.94
13.69
24.95
24.34
24.62
25.39
22.71
6.87
25.76
29.89
28.81
27.87
28.93
28.42
27.97
24
19.63
16.41
19.21
22.43
19.93
22.92
26.64
24.83
11.72
23.66
24.92
17.66
16.33
18.75
21.85
23.29
17.11
23.73
21.4
21.95
15.96
22.02
24.25
17.18
19.28
10.38
18.35
18.79
25.88
24.24
8.41
24.18
22.94
17.94
23.32
20.05
9.57
20.51
24.95
20.99
11.38
21.57
22.49
21.64
11.92
19.61
19.9
18.49
25.19
25.55
25.39
23.12
20
22.29
19.77
20.55
12.87
14.14
17.31
14.25
-5.89
21.5
25.32
14.26
20.06
18.94
14.7
16.23
21.57
21.03
9.83
20.3
19.26
21.4
24.45
21.02
14.83
22.3
27.19
29.03
28.48
27.04
29.06
30.91
28.1
21.02
8.08
19.26
29.28
33.04
33.33
30.22
26.66
28.54
30.62
28.4
26.12
27.15
31.52
32.49
30.26
25.88
20.78
28.1
32.4
32.87
33.46
31.5
21.86
10.63
21.31
26.21
26.56
23
23.61
26.78
29.69
31.87
30.11
27.45
29.17
29.41
28.71
28.33
27.76
27.55
26.85
28.27
27.76
26.71
26.6
25.61
29.02
27.55
18.39
16.44
25.46
26.94
23.2
21.22
9.22
23.89
22.24
26.74
31.34
28.6
26.84
24.77
21.65
20.41
17.28
19.62
25.08
30.39
29.66
26.11
27.07
34.15
34.26
29.1
26.5
29.01
29.75
26.49
27.92
31.67
30.37
26.26
23.48
20.4
20.72
20.76
25.96
26.7
24.1
21.89
25.56
27.61
26.12
26.87
28.8
27.73
25.48
28.56
32.51
30.17
19.35
15.42
24.59
28.72
28.48
28.56
27.51
25.35
19.97
20.73
24.09
13.31
25.84
28.54
25.13
22.08
25.33
27.02
27.03
29.23
28.58
22.37
18.5
19.38
8.06
22.54
18.63
25.2
25.07
25.05
28.12
25.87
13.36
15.42
22.78
27.66
24.97
22.8
25.98
26.28
22.41
19.94
19.63
21.72
28.18
31.1
30.32
27.25
24.7
15.72
18.16
15.31
28.16
30.55
28.17
24.21
23.27
23.46
22.74
17.75
17.76
24.98
26.27
24.54
19.04
24.48
21.08
14.76
19.84
20.3
22.51
24.71
22.85
23.63
28.03
30.16
29.55
27.53
25.8
23.78
24.69
27.24
28.1
27.11
20.15
18.32
17.6
13.07
18.56
19.54
18.13
19.86
25.53
25.59
23.98
23.44
22.05
20.26
16.95
20.36
19.46
7.09
17.33
22.25
26.38
27.67
26.54
26.33
22.91
16.23
19.02
12.77
23.76
25.16
21.28
14
10.69
12.12
17.17
18.7
23.08
26.17
26.23
27.7
26.92
15.9
20.2
21.12
1.11
19.62
21.81
24.84
21.89
15.28
20.63
20.4
13.09
13.98
16.44
17.38
20.27
22.24
27.07
26.42
18.09
17.5
16.94
13.57
2.61
13.29
16.33
21.59
25.16
25.43
24.96
25.3
22.54
6.5
22.34
22.53
25.49
25.79
19.53
10.14
17.78
16.39
8.62
10.9
19.46
22.25
12.92
22.15
25.69
25.14
24.09
19.84
13.19
18.33
20.82
18.94
21.31
21.5
18.33
7.77
10.98
6.76
17.66
20.18
13.68
15.37
13.22
12.55
10.86
16.25
18.7
17.44
4.89
8.53
0.36
12.01
20.83
22.04
15.8
6.4
13.39
20.16
20.73
19.02
9.1
18.64
13.9
8.71
18.34
19.97
24.36
26.31
23.09
19.21
16.6
9.53
15.07
23.74
24.54
18.37
-6.46
11.64
18.43
9.66
20.26
23.19
18.88
8.41
20.11
21.35
18.11
18.18
22.62
23.86
22.5
24.7
25.31
26.04
23.33
18.03
19.03
21.27
18.06
18.37
19.74
15.84
11.65
20.39
20.41
16.66
22.44
22.25
4.25
18.98
22.25
22.84
22.27
11.57
17.29
19.82
22.47
24.64
21.84
13.14
22.53
25.29
23.25
19.42
7.95
11.13
5.55
2.31
12.63
16.69
21.31
24.14
22.92
9.73
20.5
25.2
24.01
25.38
24.57
22.37
19.47
13.13
14.4
22.08
24.06
17.64
12.11
16.97
23.09
22.68
18.38
22.05
24.62
17.68
25.94
26.03
18.41
24.18
21.71
17.91
24.39
19.2
22.19
19.37
25.76
26.56
21.19
19.16
20.96
18.76
17.91
20.56
25.42
25.67
20.3
20.55
24.01
21.84
17.37
20.23
13.91
16.28
22.66
21.36
20.5
22.56
19.61
5.54
14.13
16.08
24.08
18.77
17.29
21.31
24.88
22.15
15.77
22.09
19.54
8.91
16.85
19.55
13.22
18.85
22.31
25.79
26.57
25.81
25.07
24.06
24.61
22.33
15.1
19.37
23.24
26.91
27.63
24.69
24.16
24.76
22.62
22.31
8.14
19.59
17.38
19.46
26.14
22.79
21.77
18.9
20.57
23.4
21.91
20.22
18.76
6.39
18.25
23.1
19.04
16.46
20.62
13.23
18.92
16.57
24.49
20.18
12.95
16.49
18.43
21.75
24.02
22.06
14.37
20.29
15.37
20.21
23.71
23.73
21.45
22.42
18.48
17.71
15.84
14.97
12.14
17.26
19.39
22.94
25.92
20.31
20.78
20.32
19.04
21.83
12.64
17.19
2.93
20.07
19.85
21.55
24.04
17.36
19.71
24.59
15.67
21.23
25.33
26.86
27.34
32.22
36.07
33.82
26.83
14.45
18.33
23.01
27.99
26.99
23.55
15.67
16.78
15.64
14.5
24.6
24.29
18.59
24.28
17.54
22.81
18.25
12.74
13.65
17.53
24.48
21.69
23.22
22.17
19.31
20.47
24.68
23.67
24.13
27.04
21.58
20.59
27.23
23.72
23.99
17.95
16.75
1.38
23.03
25.35
23.06
19.29
18.11
16.24
17.34
12.3
11.05
17.79
21.65
19.18
16.18
17.35
18.41
22.56
21.54
9.34
14.66
16.48
21.47
12.54
24.02
25.31
21.66
13.95
16.68
20.96
18.06
15.85
21.83
26.13
20.17
18.35
20.55
25.53
23.99
15.36
14.81
13.94
18.46
18.79
16.86
21.06
20.27
14.93
14.23
23.88
25.6
13.13
20.6
19.95
22.67
25.79
19.8
18.44
15.74
23.28
26
15.39
18.49
18.2
21.62
13.9
18.27
20.11
25.53
24.98
23.87
27.04
19.89
14.17
10.1
21.2
20.95
9.94
8.91
20.39
21.74
18.09
14.84
20.31
13.37
14.43
13.33
17.32
17.62
21
24.88
26.17
24.21
19.55
25.36
23.34
2.84
22.81
21.63
10.8
18.82
17.11
17.34
13.56
18.53
19.43
17.68
10.8
11.65
19.61
23.1
17.65
10.93
18.86
14.24
15.16
11.2
13.91
21.4
18.44
20.32
21.67
9.79
10.58
21.96
21.3
17.13
-7.44
15.74
14.61
5.69
16.44
19.2
20.44
16.4
17.35
17.8
15.4
10.87
18.89
19.6
10.17
25.65
25.05
20.02
16.45
18.59
18.88
18.49
16.06
8.56
13.86
11.96
0.42
1.53
8.21
14.15
20.15
24.02
22.79
17.33
17.54
19.39
16.63
9.37
18.79
15.41
6.72
14.96
22.02
21.46
19.01
15.94
9.62
17
20.43
7.3
16.6
15.84
18.74
21.77
19.09
18.59
14.31
11.22
0.77
20.48
23.15
18.32
12.18
13.47
13.9
18.41
23.5
24.39
17.09
18.19
16.42
18.08
15.06
2.62
9.38
13.29
17.27
19.5
20.92
24.26
21.25
14.09
7.26
15.07
22.35
16.02
17.58
11.52
12.59
13.44
9.75
14.97
16.1
10.5
7.3
9.48
11.16
11.98
9.09
9.72
17.6
17.93
13.56
7.18
15.67
18.33
15.39
8.76
9.53
17.22
18.57
14.59
12.43
10.93
-4.14
13.85
17.75
17.8
19.56
20.5
19.03
14.89
12.56
15.26
15.57
11.2
9.17
16.17
14.18
11.22
15.92
17.94
14.52
10.26
15.45
13.28
10.58
13.42
11.14
5.88
13.31
14.48
12.08
16.71
18.33
13.26
8.33
1.52
16.59
19.14
16.56
17.08
22.1
18.67
-4.81
12.17
10.21
6.29
7.93
12.86
14.62
15.95
14.52
8.88
13.44
9.11
18.34
21.59
18.31
15.98
10.79
12.15
7.83
11.28
16.86
16.9
11.07
8.16
3.7
11.64
15.81
15.53
17.53
19.51
15.35
13.48
13.85
14.5
7.78
11.14
17.35
18.55
13.94
9.86
11.46
11.7
11.39
12.31
13.6
9.94
9.19
13.47
12.15
3.01
10.78
7.99
4.01
4.97
9.55
11.32
12.7
8.49
4.23
14.34
11.58
8.27
6.86
12.88
19.58
20.86
16.9
8.96
5.6
11.9
13.65
12.37
-1.31
18.08
17.24
13.38
15.38
7.59
0.78
9.76
6.77
14.45
7.96
1.91
7.59
14.8
17.34
2.63
14.81
20.19
20.81
13.38
6.23
4.84
14.07
15.14
14.9
12.13
16.47
18.71
20.11
20.78
14.71
8.37
6.93
17.56
19.94
15.79
10
11.29
7.4
9.43
10.89
7.93
11.02
13.77
10.61
9.96
12.32
13.73
8.93
10.32
20.38
20.97
16.7
16.24
15.92
6.62
2.87
-4.2
7.8
10.01
16.41
16.1
7.74
5.1
-0.87
9.48
15.41
11.37
-0.34
12.89
6.91
12.38
11.26
11.1
6.05
11.09
14.62
4.73
12.74
15.95
16.09
15.67
14.31
15.44
15.69
15.99
8.83
18.27
17.03
13.46
13.38
-15.87
5.21
9.11
7.63
12.03
20.86
22.19
15.94
-1.67
7.99
14.15
10.91
6.15
0.87
11.27
9.72
13.38
12.11
11.64
15.99
14.77
10.15
8.99
15
18.11
15.97
10.17
17.2
22.53
20.02
18.72
14.64
11.2
10.89
18.21
20.83
13.58
14.61
14.81
18.65
16.19
15.78
15.5
8.9
12.5
14.11
14.29
17.85
20.96
18.44
12.66
14.75
7.23
16.68
15.83
12.96
12.32
6.74
7.19
7.39
9.05
14.48
15.82
2.93
6.45
8.51
16.1
16.87
0.28
11.1
14.06
-5.88
17.94
19.81
11.18
10.02
3.21
13.03
9.11
-5.09
11.39
14.94
12.48
19.11
5.11
15.55
15.65
16.56
21.48
20.79
21.7
22.56
20.09
18.52
17.29
19.51
18.59
14.7
11.14
12.39
-2.9
12.66
21.36
21.03
10.19
14.29
9.76
10.76
6.87
13.6
19.69
16.57
8.11
6.22
10.54
17.78
17.58
10.74
8.19
12.85
18.71
22.34
19.15
10.77
15.69
19.23
19.47
16.97
11.7
13.16
12.87
7.34
16.01
15.8
7.31
10.57
14.14
14.06
12.96
11.45
2.31
10.72
14.41
8.74
16.22
17.37
4.88
13.27
10.61
-0.12
13.35
15.96
9.13
-1.14
-3.1
-8.37
11.77
14.69
15.98
13.78
10.49
2.95
15.03
17.25
16.8
14.5
17.17
10.5
15.35
10.3
1.69
17.59
22.44
21.1
6.02
17.56
10.78
8.25
10.61
9.65
13.54
16.19
13.43
17.61
18.25
20.16
24.31
25.2
20.82
20.13
21.64
15.95
9.67
16.83
16.6
-0.32
8.71
11.3
17.89
18.43
17.19
18.77
16.41
2.6
-0.31
2.28
13.1
18.44
17.76
11.94
14.08
2.62
17.1
21.04
19.05
18.83
14.95
8.76
13.7
13.32
17.63
20.2
19.29
19.29
21.2
16.44
9.83
18.61
19.79
15.98
8.12
15.79
22.2
22.22
17.34
12.06
11.21
11.81
12.67
14.82
12.8
0.71
12.32
12
7.68
17.29
18.2
18.18
12.05
15.35
14.12
14.8
10.12
6.76
16.52
8.63
18.02
13.89
13.05
13.29
16.72
20.01
20.1
18.47
14.68
10.35
13.73
20.96
17.17
6.21
-2.86
11.64
12.33
16.51
19.67
13.49
4.96
-0.89
8.35
13.94
16.58
16.35
17.66
18.58
21.42
15.86
19.12
19.76
12.44
0.14
8.88
17.24
14.37
12.5
17.48
16.81
7.86
20.97
23.57
24.41
21.6
13.2
12.16
10.82
4.07
5.93
3.54
12.29
7.85
11.44
13.52
11.89
10.81
14.72
16.27
14.63
12.02
12.42
10.58
5.54
13.02
15.49
18.74
18.84
17.09
18.79
16.72
14.91
12.48
12.79
11.04
15.55
17.76
16.82
10.62
13.69
18.3
14.96
9.4
14.04
16.18
16.59
6.82
2.66
11.3
18.48
18.39
6.63
3.84
16.79
19.19
14.48
19.81
19.5
10.57
14.32
17.34
12.62
2.63
18.89
21.98
18.87
16.87
8.41
-6.7
19.32
22.56
20.2
15.3
13.51
16.55
20.51
16.78
14.55
18.11
19.78
20.3
18.8
16.25
8.7
-6.02
11.91
15.65
6.85
16.39
19.6
18.92
21.16
20.56
18.66
18.82
15.86
18.94
20.17
19.44
18.13
19.77
20.99
19.33
13.15
2.61
2.5
9.24
-1
15.87
18.85
17.9
17.91
19.01
19.29
20.15
17.8
15.49
15.52
9.42
-3.57
9.22
14.18
17.81
23.24
21.06
10.94
1.87
13.24
15.31
14.34
17.06
15.13
15.76
18.36
20.36
19.8
19.38
15.07
6.59
13.59
17.19
9.67
9.49
10.45
14
22.83
23.1
14.84
15.62
16.02
13.83
10.82
6.18
13.64
17.47
18.94
17.07
12.3
15.54
15.58
-5.64
9.63
10.32
14.93
7.85
16.2
19.89
15.8
10.19
19.65
20.04
17.65
13.32
14.01
14.63
13.42
13.73
13.19
15.15
16.24
11.26
8.76
14.49
12.71
10.38
14.42
11.37
11.3
14.47
7.9
13.02
17.48
12.13
9.83
15.32
14.91
9.78
12.98
13.5
9.61
12.11
2.24
15.27
13.88
12.15
12.23
8.23
10.07
16.12
14.14
14.63
12.37
9.69
7.27
10.52
9.66
15.4
13.78
8.03
14.18
18.84
17.96
14.67
14.64
8.34
3.88
5.61
6.23
14.15
14.14
10.47
16.63
13.44
12.65
8.87
13.3
3.94
7.09
12.21
14.46
16.54
18.55
18.45
18.97
20.17
21.88
19.51
13.19
-10.97
14.31
16.33
5.46
18.22
13.62
10.54
17.14
17.74
19.08
21.06
20.57
18.03
16.96
16.8
15.91
13.06
10.79
8.15
16.84
19.07
13.07
16.47
21.05
20.99
17.4
18.82
16.9
19.45
18.23
16.7
13.67
8.45
16.57
17.04
12.68
15.45
17.84
15.46
12.46
15.69
15.09
9.17
6.28
5.15
8.28
10.4
13.37
17.86
23.17
23.91
19.14
14.64
11.69
8.03
11.19
13.6
13.57
14.91
10.42
9.79
14.31
19.42
20.03
18.63
19.52
19.55
15.01
12.05
10.76
-3.65
9.25
0.53
7.83
17.39
18.82
15.54
9.55
12.37
16.74
19.29
20.07
17.76
18.44
16.3
7.75
4.93
9.27
17.95
20.15
17.71
12.85
6.98
10.01
2.98
14.24
12.42
13.25
15.73
12.32
13.51
12.42
15.52
14.6
14.06
20.17
22.66
22.64
17.43
5.99
1.67
13.7
13.61
7.94
3.37
2.56
3.99
6.47
6.64
10.51
7.61
6.19
14.2
13.52
14.75
15.43
12.69
4.48
10.64
17.64
19.71
17.81
16.31
16.32
9.96
8.72
18.93
19.57
13.55
2.03
6.77
14.33
16.03
18.85
19.02
16.04
19.2
18.72
15.72
12.15
11.28
13.01
17.59
19.81
16.55
2
16.28
18.34
18.19
16.63
15.96
16.28
16.12
19.6
19.53
14.17
12.94
12.36
8.17
11.28
16.46
18.72
18.93
19.32
20.6
22.09
21.05
15.42
13.87
13.74
15.44
17.92
17.76
14.59
11.4
10.83
9.84
7.16
0.16
2.33
12.03
15.75
14.06
1.15
8.86
7.49
6.35
13.55
18.05
21.55
23.05
21.31
17.36
2.66
12.97
13.8
5.89
12.57
13.64
14.7
17.62
15.02
9.22
14.06
8.69
19.65
19.23
14.23
7.29
6.87
6.17
12.07
13.71
17.42
18.38
18.27
16.65
12.78
5.52
3.34
9.37
12.37
14
15.85
15.81
14.49
9.22
9.97
8.72
-2.37
8.81
18.08
19.21
18.07
13.63
13.7
15.18
11.82
2.47
6.85
13.68
16.13
13.08
-2.23
0.31
13.22
17.43
17.99
20.08
19.36
14.12
9.79
10.55
12.22
8.68
3.07
-5.08
13.27
15.16
15.05
14.23
10.15
13.13
15.41
11.25
3.49
12.41
15.05
14.46
2.28
8.09
6.44
12.04
21.16
20.99
10
15.1
20.31
18.52
14.14
15.75
6.76
8.03
12.55
5.74
12.2
15.26
11.07
0.11
4.89
6.8
5.09
15.73
16.8
10.17
13.58
13.51
10
4.45
10.05
-2.74
15.99
15.02
5.39
15.54
17.27
13.35
0.88
2.56
11.41
15.34
7.57
9.53
13.42
1.15
11.67
11.92
5.29
15.74
19.52
15.62
5.07
7.48
8.97
-5.24
10.39
11.5
11.32
14.45
12.16
14.4
17.68
15.33
-6.72
12.62
9.57
6.57
13.16
5.66
6.18
2.74
11.4
14.76
17.48
13.04
7.97
9.7
13.03
-12.6
13.15
10.98
12.9
16.9
16.16
5.61
17.78
13.83
10.21
-2.08
13.48
11.82
14.32
11.6
9.32
9.89
16.26
16.34
11.54
3.93
9.25
12.88
14.63
7.75
8.03
-0.07
14.87
15.48
14.32
15.07
14.39
9.08
-10.03
5.86
10.97
10.16
20.28
21.94
16.64
-18.47
8.54
0.61
13.43
14.51
10.87
14.09
12.49
12.88
11.28
4.56
7.06
9.05
3.7
6.53
12.8
17.46
17.84
9.51
3.12
10.6
14.03
14.57
11.55
12.61
13.28
7.11
8.53
5.8
6.6
11.01
12.02
4.35
2.35
7.53
11.54
13.73
13.44
8.21
12.88
13.19
11.91
10.97
8.88
11.45
15.46
18.62
19.55
16.73
13.23
11.5
10.31
7.1
8.07
11.12
11.67
6.21
4.05
1.8
7.7
10.08
13.93
16
13.28
7.8
6.19
12.31
12.51
11.48
9.05
4.18
2.78
6.91
2.52
8.56
-5.85
12.32
13.38
13.84
8.41
6.36
11.53
8.76
8.98
11.76
17.26
13.38
0.84
9.17
13.21
9.79
15.46
13.13
-5.42
11.57
12.51
7.76
10.15
11.04
10.09
11.9
12.69
7.03
8.65
13.04
9.3
9.12
14.67
10.45
2.26
6.4
7.19
13.5
14.12
11.79
11.14
15.19
18.64
17.09
9.43
5.4
3.76
6.28
11.78
13.58
9.77
6.49
11.5
11.17
15.68
17.73
13.99
5.13
6.2
10.96
13.39
7.34
8.21
10.6
13.84
17.45
13.82
8.9
10.84
11.51
11.1
12.18
9.09
-7.2
12.73
14.56
12.15
13.25
11.42
12.73
14.08
10.71
12.51
8.59
8.77
11.03
12.77
15.41
16.28
13.04
8.3
12.94
12.42
-18
14.13
17.72
16.88
12.6
17.05
15.35
12.37
-2.6
7.94
12.99
10.77
2.55
11.14
10.98
7.29
14.08
17.55
15.43
16.58
19.07
18.66
11.98
13.26
13.3
3.58
-10.25
9.05
12.4
3.8
12.06
12.81
10.09
9.2
8.59
3.4
2.32
1.77
2.64
7.08
2.73
1.99
12.91
13.33
12.7
16.44
18.69
20.48
21.65
19.3
12.31
4.19
14.22
14.84
17.05
17.64
9.93
14.06
18.33
12.81
-3.56
-4.47
9.04
6.63
7.25
1.4
1.59
3.71
7.73
6.39
9.18
-0.95
5.2
-3.29
5.27
1.06
4.97
1.8
8.99
8.5
3.94
4.64
2.3
8.7
12.04
0.35
2.98
-6.15
11.06
12.15
8.25
10.82
12.21
11.56
8.78
7.11
16
15.46
11.25
4.64
-5.02
4.76
5.82
5.4
8.44
13.14
15.83
14.44
4.92
15.18
17.74
13.15
-2.68
10.64
9.86
15.12
17.74
17.34
15.44
14.72
8.3
7.72
11.33
9.52
8.74
12.16
12.18
4.45
11.42
14.96
15.94
17.33
15.17
12
11.86
12.85
16.62
15.63
11.32
10.69
11.75
13.5
14.27
14.86
1.66
11.19
11.66
11.34
16.11
14.64
12.18
15.53
11.8
11.64
15.69
14.56
13.19
10.51
5.89
4.48
14.34
16.5
12.3
2.51
14.13
17.09
8.19
7.33
10.64
15.61
18.09
14.05
-10.05
9.88
15.46
16.68
11.15
13.71
14.91
6.66
12.45
16.74
11.34
1.29
11.55
14.51
16.68
16.95
6.36
13.38
16.92
16.01
14.14
8.87
4.92
12.86
13.98
13.18
13.02
18.75
17.37
12.69
11.74
12.43
-0.77
8.57
1.61
14.46
15.91
16.13
20.24
20.25
16.24
11.25
13.78
11.12
10.09
16.69
17.53
16.93
15.7
13.68
9.75
7.93
13.21
14.12
13.94
14.27
15.24
12.52
1.57
8.59
14.56
15.88
15.76
14.61
13.81
18.89
17.5
13.86
16.27
4.09
11.73
9.86
10.72
13.37
16.72
15.52
8.53
5.66
9.77
8.27
10.8
14.48
14.75
13.65
4.16
4.19
9.6
8.35
2.6
11.26
16.28
11.98
7.74
14.05
15.41
9.95
8.64
14.61
10.06
10
13.97
16.63
19.57
15.99
12.13
14.84
9.79
10.11
17.63
18.76
17.32
16.89
8.16
9.47
13.78
16.84
17.49
14.59
13.92
14.32
14.11
8.36
8.58
14.46
9.96
-18.27
14.65
19.34
16.3
13.92
13.77
10.01
10.11
15.56
17.83
18.53
18.37
13.48
4.87
13.59
13.12
10.95
9.1
1.16
0.21
5.01
6.24
4.35
-12.54
7
8.54
8.44
10.18
16.36
12.39
9.14
6.99
12.08
15.87
10.02
5.94
14.21
17.46
14.69
16.36
14.38
16.55
14.25
4.29
5.5
0.46
3.05
8.29
11.9
16.68
13.38
1.24
14.17
16.8
15.74
6.74
10.33
14.32
14.2
10.13
12.61
18.03
17.8
17.13
19.66
19.43
10.35
5.79
12.03
5.88
13.17
13.65
13.97
13.36
8.84
11.76
15.71
10.4
0.4
7.41
15.04
16.84
12.57
15.15
17.86
14.53
1.42
2.33
7.69
0.99
12.61
15.24
17.33
15.42
7.11
10.91
9.51
14.16
16.4
13.2
9.81
-0.51
14.19
15.33
15.32
17.86
12.65
11.5
10.42
8.95
14.06
12.31
14.29
17.06
13.93
7.01
4.61
10.24
9.5
5.01
13.67
12.73
14
11.94
-0.6
11.39
15.26
16.27
17.77
16.4
11.04
4.64
5.63
10.82
14.36
15.32
11.14
4.71
14.49
17.73
14.04
9.01
16.79
20.74
17.78
17.84
17.12
12.2
10.8
15.55
15.79
10.72
0.96
9.23
15.73
16.41
9.93
-10.41
7.88
5.93
8.46
15.21
17.5
19.68
17.57
7.88
-3.88
1.26
-1.11
0.34
11.53
15.64
13.5
-4.49
9.22
9.64
10.98
9.73
3.08
12.71
15.47
13.59
-0.76
11.85
16.13
15.66
5.32
6.94
5.44
9.29
11.34
8.06
11.84
14.14
15.01
15.04
11.23
6.07
11.53
11.11
8.98
2.94
12.56
13.43
16
15.05
7.5
12.44
17.61
17.52
14.62
10.98
17.53
17.62
15.08
13.97
10.06
15.32
16.52
14.84
7.67
7.74
11.67
9.7
7.05
3.84
8.54
13.38
17.14
13.39
1.5
1.67
2.75
0.77
-1.36
5.27
9.84
8.96
6.62
8.82
3.23
10.22
15.07
11.47
1.32
11.3
9.41
10.67
12.17
13.24
12.97
-4.22
10.06
8.72
6.15
3.43
5.93
7.47
7.7
7.77
13.05
15.71
14.72
14.64
6.6
3.6
6.09
11.78
14.7
11.16
8.25
12.41
14.26
15.32
13.08
2.31
12.14
8.51
-0.84
5.9
0.12
3.9
10.24
11.31
2.69
9.2
15.29
15.16
12.38
12.04
8.25
7.29
10.07
11.26
11.56
12.89
6.03
8.06
12.06
12.76
9.35
-12.16
0.23
-1.34
4.69
7.18
1.85
6.88
10.48
1.85
9.51
15.11
11.95
1.45
3.63
16.85
21.86
22.23
18.6
10.44
12.78
15.67
10.54
7.81
15.66
15.03
10.24
-0.09
-6.65
6.48
14.65
16.8
12.71
6.25
15.73
17.94
16.41
14.34
12.9
16.44
18.69
14.6
6.43
16.63
14.36
9.4
12.11
9.02
6.32
13.13
7.01
13.68
11.48
8.36
9.71
8.85
6.05
8.51
9.98
8.49
5.29
8.47
8.39
2.11
11.04
12
12.8
14.75
8.93
5.71
8.9
12.06
13.88
13.79
12.89
13.31
15.33
15.9
15.9
14.31
7.74
6.87
6.64
4.27
10.47
9.32
8.56
9.27
-2.62
9.24
9
-13.76
10.48
11.9
16.25
18.05
14.24
7.44
6.69
-10.3
8.39
8.55
5.38
3.42
7.36
2.77
4.12
7.2
2.31
11.11
15.94
12.36
7.53
13.32
15.58
14.92
12.32
5.25
11.15
12.82
12.48
15.66
12.9
1.87
4.49
9.35
6.95
8.61
8.57
14.46
10.24
4.54
9.65
11.59
11.06
2.13
7.25
-4.01
10.78
8.11
2.69
8.56
11.65
5.61
4.75
4.41
-6.15
5.26
5.43
9.13
12.26
2.88
-6.77
8.01
9.91
5.18
13.07
11.87
6.06
8.9
10.85
7.07
-2.24
9.9
9.12
8.6
15.31
18.3
12.33
12.73
15.76
8.79
8.7
9.3
14.85
16.21
16.47
16.15
8.67
2.55
13.34
11.21
6.14
8.4
5.66
16.04
15.87
13.63
15.86
15.36
4.58
9.7
12.53
11.11
9.29
13
14.21
8.88
6.98
15.11
20.66
21.68
19.17
15.41
13.98
13.12
3.6
13.55
8.96
9.8
15.43
6.15
13.46
13.66
14.67
6.26
4.83
10.99
6.13
9.22
11.76
9.41
15.3
14.94
10.81
10.42
12.74
14.66
12.23
-7.28
13.49
15.68
10.1
11.46
10.81
13.39
18.26
16.99
13.33
13.9
13.43
5.07
9.85
12.91
8.26
10.34
13
11.76
9.16
7.64
11.65
10.52
0.17
8.47
9.85
8.52
10.51
5.06
11.93
8.14
9.84
9.88
13.83
0.48
11.72
0.33
-9.97
6.93
10.81
9.81
1.88
6.28
12.34
12.19
9.84
13.14
8.68
5.34
11.53
15.19
12.88
14.26
13.43
14.33
9.1
1.43
7.87
10.22
14.76
18.39
15.51
13.94
15.39
3.35
8.09
10.18
14.41
13.44
13.08
14.62
15.17
13.57
-2.94
17.37
17
10.07
10.11
10.22
9.56
3.83
10.09
8.11
5.7
7.45
10.79
6.77
2.86
6.33
11.48
9.43
11.24
15.86
16.77
16.74
16.64
19.13
17.61
5.53
1.29
7.82
12.39
5.42
9.93
11.84
4.24
-2.16
7.47
9.85
17.14
17.05
16.97
17.79
13.27
9.94
12.65
10
15.06
13.37
12.4
19.07
15.55
3.85
8.01
15.48
13.05
13.96
12.71
1.23
7.43
11.54
17.02
15.62
9.83
2.03
-0.78
5.25
15.61
15.78
11.84
12.87
10.43
4.46
14.46
14.61
8.66
3.87
12.89
3.61
8.65
3.34
8.79
11.94
8.93
10.16
12.77
10.4
-4.17
10
-0.58
-4.98
9.4
2.16
3.59
4.42
12.28
12.45
12.63
12.91
3.34
6.28
7.02
-0.99
0.78
11.76
12.51
7.78
12.86
6.07
7.52
13.34
7.68
7.19
6.98
11.68
15.45
7.56
9.52
5.92
8.96
7.97
5.91
5.48
-11.48
3.48
11.01
5.59
6.74
5.42
9.46
9.26
16.54
16.76
12.16
11.49
6.16
5.43
12.17
16.58
15.32
8.54
-5.53
-2.6
9
7.34
6.93
7.26
8.85
16
18.1
16.58
13.44
11.59
9.62
4.08
15.46
15.59
13.15
-2.54
9.27
4.49
15.47
17.97
13.86
5.15
3.3
6.97
11.99
10.92
-17.91
10.6
14.33
12.41
13.59
12.66
1.77
14.41
15.6
19.23
19.36
16.41
11.04
3.74
3.82
8.83
8.37
5.95
11.2
13.3
10.95
7.77
12.28
17.95
16.18
10.85
12.66
10.62
16.13
13.33
-5.65
9.13
11
13.19
15.46
11.63
14.13
20.76
22.31
19.48
5.42
4.95
10.04
13.85
8.82
9.92
9.66
8.41
7.49
11.1
9.23
11
16.33
17.02
14.49
11.85
10.66
9.44
14.49
13.65
10.38
7.37
4.05
15.24
16.15
8.04
7.14
13
13.86
15.21
14.76
10.26
9.84
16.49
15.78
8.63
14.52
14.68
18.09
12.07
10.02
13.91
14.72
13.8
10.86
11.24
8.19
9.13
7.21
4.81
11.82
6.29
10.31
18.54
20.29
17.1
15.89
12.64
6.59
4.54
6.7
6.19
16.18
16.8
13.15
-3.82
7.95
6.55
2.74
13.15
17.99
13.09
10.48
-12.1
13.22
16.85
16.87
13.22
11.35
17
18.24
14.75
6.14
9.61
9.52
16.18
18.05
15.14
5.31
5.72
15.54
18.88
16.79
8.26
14.38
12.27
2.53
13.85
15.8
18.05
19.12
16.31
13.72
17.09
21.45
20.91
17.07
13.35
13.53
17.95
17.02
12
4.52
3.2
6.67
10.16
12.17
12.2
2.75
6.78
5.69
6.45
10.63
12.05
10.09
8.96
8.13
0.1
12.34
15.95
11.17
-3.39
10.86
16.34
15.9
12.61
9.25
8.26
7.06
12.07
15.98
16.34
16.74
18.67
14.63
10.78
11.65
2
10.01
8.45
13.14
16.2
15.29
14.82
15.48
11.2
15.51
14.69
13.37
16.17
18.3
17.77
10.87
10.23
11.34
11.83
15.33
14.61
7.35
9.58
17.9
20.93
19.61
11.02
10.92
15.47
15.46
11.67
6.46
13.31
11.5
3.88
-2.28
-6.67
2.02
14.36
18.1
18
12.07
4.23
13.57
17.08
18.48
17.44
11.83
9.51
14.04
16.81
14.56
4.06
15.08
17.15
13.85
4.41
7.47
14.48
16.43
17.94
14.16
15.79
19.01
16.82
13.73
12.3
12.51
15.53
8.92
14.63
16.94
17.18
11.05
11.38
7.35
3.34
7.62
10.81
11.4
11.91
11.99
13.12
13.95
9.41
5.25
3.52
0.1
-1.32
4.11
2.41
6.59
17.4
19.43
15.63
12.38
12.83
9.05
1.02
10.83
8.19
6.04
13.68
10.71
7.15
13.6
14.84
12.56
8.74
7.46
8.69
9.95
7.95
9.28
6.96
0.38
7.9
12.71
13.46
9.88
18.36
20.97
19.53
10.05
13.01
17.43
10.78
10.17
12.7
12.46
5.7
3.51
1.29
9.72
12.74
10.4
2.99
6.91
8.38
8.24
10.77
7.68
4.06
3.77
10.07
14.58
14.5
11.03
8.26
10.48
13.93
17.36
17.56
14.07
7.99
15.35
18
16.85
11.08
0.85
10.14
7.5
12.95
10.75
15.38
19.62
17.74
13.63
13.53
7.54
8.24
7.83
-3.26
10.91
14.91
7.67
14.95
16.55
13.67
16.54
16.9
8.99
-5.27
8.4
14.53
15.34
14.95
12.07
4.84
