7.83
9.9
7.82
4.84
5.39
7.2
5.44
9.71
14.16
8.22
4.81
12.17
10.45
-5.24
7.23
9.36
8.38
7.42
5.56
6.1
6.24
0.38
2.26
3.93
10.46
14.32
13.82
4.99
5.25
9.83
4.61
7.99
15.21
12.78
3.53
0.2
11.02
14.36
11.55
6.27
10.87
13.6
6.32
0.18
2.62
13.69
13.73
11.44
15.96
18.12
14.63
6.78
4.13
14.35
17.26
14.04
9.31
7.9
6.49
2.62
0.29
11.32
11.78
-8.06
11.72
13.34
14.7
14.75
1.29
12.03
13.01
10.82
12.98
11.85
6.99
-2.19
-0.83
9.17
9.76
-0.26
0.27
10.19
9.37
-3.77
8.26
10.26
7.34
1.41
4.24
3.68
4.33
-2.23
6.93
10.32
3.66
15.52
14.22
4.1
10.84
12.29
9.79
5.76
-2.89
-0.67
0.96
4.71
9.32
2.34
8.64
-4.36
-5.56
7.34
8.73
4.94
1.27
4.32
1.99
1.44
-2.48
9.33
12.69
5.05
4.68
7.02
8.99
12.05
9.52
10.7
11.1
0.86
6.98
11.93
12.45
10.07
6.59
13.03
14.37
10.7
0.84
0.47
5.86
5.53
7.11
4.61
4.06
12.03
8.89
-6.44
10.7
14.09
6.29
7.33
8.69
7.18
3.87
6.02
7.64
6.55
7.53
10.69
11.23
11.57
12.24
12.84
14.98
5.01
10.95
9.36
8.64
8.31
-1.8
-2.27
5.06
6.37
3.51
0.68
3.99
4.36
6.22
4.76
7.61
10.51
13.41
9.69
4.07
8.69
11.43
14.29
14.7
14.88
10.69
13.99
17
14.39
11.16
9.63
0.58
8.14
8.16
12.7
16.53
16.27
15.42
16.77
10.76
10.15
9.8
13.64
16.06
14.05
8.23
12.08
12.3
9.78
1.83
11.68
9.07
7.73
16.1
15.98
11.62
10.16
5.48
-0.69
5.12
5.25
-17.85
7.99
6.46
-7.52
2.84
12.42
12.81
6.15
8.24
5.28
11.36
13.29
14.88
14.58
10.5
6.25
13.57
15.14
13.72
8.55
2.62
3.66
5.2
9.35
11.56
11.25
0.01
5.7
-12.3
9.17
5.89
8.5
10.31
3.85
-7.83
-2.22
8.47
14.12
16.36
12.8
10.46
7.46
-1.42
7.16
9.15
7.01
8.54
13.99
15.31
15.83
10.93
8.12
10.03
7.26
14.88
14.52
10.89
2.32
7.97
9.54
1.94
1.6
10.77
12.08
6.49
6.31
3.58
10.35
5.87
7.52
11.25
-9.93
-1.17
-2.6
3.87
10.94
8.56
-10.63
10.79
12.77
9.19
13.19
11.63
4.92
5.72
8.69
6.34
7.93
5.94
12.16
11.6
3.71
2.46
3.41
8.8
10.96
13.94
13.67
5.59
4.24
8.14
13.93
16.49
12.48
11.33
8.15
8.18
15.37
13.02
7.66
0.54
9.84
15.17
12.18
4.07
-7.02
4.76
12.68
14.36
14.48
16.24
14.57
6.91
6.38
13.82
17.17
14.14
6.06
8.89
8.41
5.26
11.48
10.6
10.88
12.39
6.96
0.09
10.42
8.99
7.55
6.33
8.31
10.29
7.63
3.23
3.88
-1.46
1.58
10.23
12.24
5.82
4.76
4.51
6.36
11.92
13.13
8.8
3.31
5.62
9.08
8.69
9.14
6.52
3.94
1.42
7.2
12.63
7.43
6.73
7.01
6.74
0.12
6.23
5.95
3.81
8.28
11.74
12.4
13.15
8.19
-4.99
5.15
14.02
16.35
13.45
9.95
12.02
14.37
14.31
11.44
6.06
12.05
12.51
10.98
7.69
0.57
-1.81
-18.88
3.57
7.98
11.54
14.21
9.61
9.76
2.47
10.53
15.32
15.34
12.11
8.09
11.23
13.28
13.55
12.11
10.05
7
1.5
-0.13
8.5
3.06
10.68
12.48
6.13
6.13
9.73
10.76
-3.74
-5.83
7.86
7.71
6.65
11.64
12.08
1.96
9.39
12.48
12.01
10.52
8.38
11.69
12.81
7.4
9.32
11.61
8.01
8.13
3.67
4.79
5.55
3.48
4.12
8.97
9.36
8.43
10.35
6.29
3.82
-3.71
7.47
7.44
-2.04
11.96
8.22
3.18
5.95
5.82
2.45
4.07
2.83
8.39
12.87
13.05
7.93
3.8
9.5
9.36
12.53
14.91
11.99
-6.6
11.34
11.11
-1.15
2.9
3.83
-6.02
0.58
9.35
15.93
16.49
11.94
8.64
13.43
13.43
9.06
7.72
14.29
11.22
8.64
11.46
7.75
-25.61
7.06
11.55
12.48
7.86
12.9
16.8
16.63
12.42
9.89
14.57
16.41
15.26
15.33
15.69
14.52
6.52
5.56
8.1
8.91
12.56
5.44
-2.6
5.66
7.04
0.71
5.3
10.09
8.67
-0.42
9.82
13.4
16.29
14.66
9.76
-2.29
10.77
11.73
6.12
8.25
11.94
6.43
-2.32
4.91
14.07
10.88
2.44
6.21
9.77
10.1
8.8
1.84
-5.07
-2.57
-4.11
-0.57
6.99
11.84
11.35
10.73
6.39
-21.28
6.53
10.71
2.47
5.19
-4.47
7.42
10.01
9.72
9.51
11.93
12.95
12.1
15.4
14.35
13.86
12.83
8.84
-4.8
8.24
12.46
7.24
3.32
5.89
6.99
11.39
11.68
9.71
7.9
3.03
4.84
0.55
-1.89
-6.27
7.71
13.9
11.43
10.24
10.68
9.06
5.3
10.66
11.71
11.66
7.32
9.33
9.23
-3.95
6.12
0.42
-1.97
7.58
13.06
13.24
6.82
6.32
-2.06
2.45
7.71
4.99
3.06
8.64
0.93
-4.1
9.61
13.04
2.03
3.88
-6.63
7.41
14.41
15.73
17.49
18.89
18.66
15.64
12.43
12.12
11.59
8.81
5.19
0.85
2.8
6.72
0.34
6.52
10.97
13.17
13.89
12.23
11.9
9.92
-1.67
3.86
7.1
11.54
12.17
15.55
17.32
11.47
4.32
-1.09
3.41
6.93
-0.05
10.17
10.43
0.71
9.82
14.59
11.62
2.91
10.43
7.43
10.95
13.83
10.59
7.02
7.97
9.92
7.85
10.61
11.35
4.45
9.58
13.14
3.49
8.55
7.45
-0.23
9.67
13.41
14.22
10.55
7.4
10.82
8.11
-1.97
5.66
-1.01
7.1
9.33
7.16
7.03
-0.8
0.73
9.58
8.07
10.78
11.22
8.26
7.17
12.19
9.51
8.05
5.87
7.18
4.48
4.37
7.92
0.88
10.82
8.5
-6.72
7.6
12.14
9.51
3.93
-5.51
4.01
10.56
12.2
10.62
5.34
0.22
5.52
7.72
5.3
7.24
14.8
16.71
13.6
5.05
7.13
-7.28
8.32
9.95
2.2
4.41
5.81
6.94
5.27
6.84
12.44
12.96
7.13
9.57
8.73
3
12.32
12.71
10.18
9.61
14.34
13.71
10.44
6.05
7.33
14.67
15.35
12.9
11.63
11.57
5.97
22.48
21.7
17.35
14.79
16.82
19.9
23.16
20.37
26.24
26.92
26.12
29.67
26.87
22.78
21.35
13.66
15.91
12.67
17.38
23.35
24.34
24.35
24
25.78
24.56
12.76
10.31
3.33
16.55
23.39
22.85
19.6
25.64
28.93
27.65
20.23
16.56
22.27
24.81
21.5
15.24
5.74
11.99
15.16
14.47
8.66
13.51
19.95
23.04
19.09
8.76
12.56
21.84
29.18
30.31
27.73
23.48
20.81
15.34
7.58
9.99
18.52
23.92
22.07
16.43
13.42
3.16
14.03
15.56
17.81
16.22
11.12
9.44
11.52
10.13
13.67
18.61
22.09
20.93
20.62
20.6
18.77
13.13
11.65
12.37
15.94
14.69
13.38
9.88
16.06
18.07
19.28
17.46
3.51
17.46
19.67
20.65
17.77
11.66
12.51
18.21
16.99
-5.18
13.33
10.75
5.68
14.58
14.13
11.58
17.53
17.57
17.82
14.21
21.34
22.43
14.79
15.83
18.67
25.24
24.98
13.48
23
23.43
16.14
21.46
18.07
14.45
20.48
25.71
26.42
16.56
19.79
20.44
24.57
29.63
27.23
13.47
2.85
6.84
-2.22
8.51
15.03
24.95
26.16
21.59
21.19
24.98
28.07
23.2
18.19
23.82
23.82
7.69
22.09
19.72
10.06
8.66
19.71
20.62
15.01
23.37
19.95
22.91
28.71
27.91
25.88
21.2
22.38
23.05
12.24
29.06
26.78
23.13
27.85
27.13
26.8
28.39
25.93
18.28
27.13
28.57
27.49
28.56
27.88
23.06
21.4
31.84
34.33
28.51
22.24
28.32
28.45
20.18
21.68
27.08
25.3
14.59
10.28
19.77
18.7
20.45
14.92
22.59
25.04
23.67
23.77
15.89
11.09
15.36
12.95
9.72
19.34
21.89
20.21
22.35
17.96
19.91
15.32
4.84
0.84
3.29
4.38
7.92
11.3
8.88
6.96
9.66
15.02
14.23
13.91
18.87
23.07
23.33
23.25
23.61
20.14
16.23
19.8
20.75
13.83
7.14
16.32
17.91
17.25
18.11
19.23
18.47
14.7
14.43
21.85
21.17
15.25
9.39
-0.19
1.38
14.19
17.62
15.96
11.25
13.13
18.85
20.71
18.72
19.66
16.81
11.19
17.87
20.7
20.18
16.42
12.88
9.12
12.86
21.53
22.04
15.39
3.91
8.9
20.26
24.3
22.77
18.03
5.81
25.32
27.61
22.99
16.96
11.5
-3.72
16.44
20.62
19.5
19
19.36
20.67
5.72
20.43
20.85
16.33
18.45
21.76
12.98
19.39
17.7
8.91
6.93
17.02
16.42
18.28
14.78
13.65
15.51
15.35
26.38
23.95
-4.88
16.74
14.67
15.67
19.82
20.33
16.61
12.36
15.13
19.25
21.25
20.81
20.42
17.76
9.55
16.91
16.62
5.56
8.86
13.3
16.38
13.15
5.28
6.52
10.92
11.22
15.17
17.4
14.25
18.28
19.33
19.53
16.99
1.71
11.25
10.56
21.79
25.32
23.82
16.51
-0.57
2.98
7.28
13.67
7.51
13
17.68
20.22
23.16
20.97
14.93
-12.54
4.55
6.11
4.8
9.29
11.79
11.25
7.78
2.28
6.31
15.63
16
12.59
12.82
15.75
10.57
12.39
11.11
-10.3
3.6
2.81
8.04
8.88
2.19
12.74
13.31
10.28
10.1
11.83
12.04
10.22
7.02
6.64
11.59
16.5
16.63
18.3
18.2
19.23
21.66
20.98
10.58
15.83
20.55
23.96
25.89
23.79
17.84
20.09
18.57
13.7
-7.37
18.15
20.75
20.81
22.4
19.02
17.33
19.45
20.52
22.37
24.68
27.05
25.93
22.77
23.79
25.08
23.92
22.59
15.42
16.88
25.18
25.65
20.25
20.63
21.14
17.57
17.21
18.18
10.75
18.09
23.98
25.73
24.4
21.14
22.04
27.1
28.02
23.8
13.73
13.78
14.67
22.2
27.34
26.61
24.64
24.4
22.3
18.53
13.64
18.26
20.62
15.81
23.45
26.09
26.32
25.15
24.26
24.22
24.38
24.61
23.08
24.34
26.51
27.29
26.93
23.2
21.96
22.55
19.67
23.38
23.03
18.64
20.35
27.5
29.99
28.53
26.02
16.65
19.07
16.76
14.77
18.32
14.75
18.86
25.79
26.95
22.81
11.36
14.8
23.38
27.35
27.38
26.81
26.21
25.68
26.33
26.35
23.02
20.6
26.08
28.05
24.44
19.44
19.79
17.21
19.69
19.14
4
20.48
25.02
24.24
23.84
22.71
22.67
19.51
15.62
18.89
16.36
20.41
22.08
17.65
24.32
26.65
20.13
8.27
0.06
23.41
26.04
21.58
18.94
23.48
28.94
25.51
18.05
18.78
24.1
20.67
12.4
15.83
19.33
25.26
26.57
11.1
25.07
24.52
20.36
14.35
20.93
26.47
26.25
15.69
1.47
14.28
16.74
14.73
19.32
22.27
22.82
23.31
19.4
15.59
7.66
19.61
18.33
14.39
16.91
11.74
-6.05
13.32
18.47
17.91
15.8
10.62
21.36
24.14
24.82
24.78
25.07
21.02
11.94
20.49
22.11
22.52
27.13
29.98
28.78
26.08
23.16
24.46
25.17
17.11
20.67
24.92
26.41
22.02
16.26
17.46
10.04
23.17
23.33
12.4
19.21
22.56
24.9
23.83
20.01
19.78
16.91
23.73
21.85
13.59
-4.98
13.69
17.46
20.19
18.06
21.29
0.74
15.26
13.58
8.34
21.67
26.18
28.87
27.09
15.03
9.63
19.76
21.36
19.21
4.35
20.82
25.36
24.48
21.67
20.53
21.03
22.64
19.46
23.03
21.13
15.64
13.95
-9.29
15.04
17.61
17.01
13.77
12.22
17.23
11.52
19.66
20.36
23.4
23
18.07
11.65
18.65
14.79
9.46
20.15
25.44
26.19
22.38
10.66
15.92
17.65
16.05
7.33
11.55
10.3
9.68
16.92
20.98
18.72
12.27
8.14
14.04
11.55
19.56
25.17
21.8
16.61
18.99
19.14
21.26
19.51
17.17
18.02
19.45
12.77
20.01
17.69
17.47
20.33
14.03
7.28
12.39
14.59
-0.01
13.58
15.46
12.12
12.61
14.07
16.71
5.43
20.74
23.55
22.08
21.35
20.7
17.98
12.81
10.95
20.77
21.58
15.12
1.73
11.91
19.27
20.84
17.48
9.25
-0.85
-2.22
9.59
17.27
21.09
20.11
17.54
14.21
13.25
16.48
11.43
14.08
20.58
21.65
18.61
-1.53
11.14
16.65
10.84
12.09
22.27
23.73
15.67
16.07
21.96
17.84
12.93
14.76
17.14
16.75
17.01
18.69
15.28
15.47
16.08
16.15
6.01
7.53
9.79
19.66
20.05
17.55
19.83
20.95
19.61
17.31
12.71
14.86
11.64
15.78
18.12
16.12
11.43
12.88
11.52
17.88
19.08
18.71
20.85
21.67
19.86
12.97
14.07
14.25
16.58
15.92
22.29
23.24
20.89
14.89
18.5
19.77
20.73
21.91
23.71
21.32
14.71
11.87
17.65
21.24
19.14
6.72
22.08
23.61
16.33
10.86
19.1
23.01
18.62
11.26
20.01
20.43
18.68
21.54
19.29
8.79
16.58
18.38
21.01
22.74
24.11
23.53
24.4
24.8
23.37
18.99
13.91
17.11
19.08
19.78
17.99
22.35
18.44
20.59
22.49
21.35
20.5
12.53
13
20.6
18.29
7.68
10.53
20.61
22.79
22.53
18.96
16.49
16.39
14.68
24.09
26.55
24.35
20.24
19.57
22.97
16.67
19.24
22.65
21.92
17.09
11.35
12.47
17.99
24.27
24.3
20.9
17.51
15.58
24.61
23.96
17.12
23.55
23.64
20.97
15.36
2.41
6.28
7.49
12.38
21.08
23.34
19.88
-5.32
17.85
17.17
11.46
15.1
13.88
13.34
9.96
2.41
6.6
12.75
21.9
24.94
25.26
23
24.68
25.45
15.45
20.46
20.2
15.54
16.67
11.32
10.21
20.04
18.8
15.11
22.98
26.33
19.1
22.44
26.38
24.53
9.3
22.12
19.01
11.87
20.01
31.35
30.67
21.39
14.84
17.21
20.54
16.83
12.83
23.41
22.96
21.62
29.05
24.61
20.29
28.11
25.65
22.24
22.53
18.3
15.09
20.87
18.73
23.3
19.25
9.21
17.08
13.87
9.6
-2.07
1.13
12.77
18.94
17.87
21.73
28.7
41.98
45.14
39.66
28.33
24.53
21.87
9.42
22.76
26.84
25.92
16.66
3.12
17.28
15.75
-5.76
3.92
8.71
12.88
2.36
16.38
13.17
9.41
17.35
15.85
18.43
21.41
22.91
19.97
33.74
45.12
45.97
37.14
11.93
13.21
4.39
16.67
18.08
4.31
20.26
20.76
18.33
18.82
20.99
16.96
18.14
14.42
21.96
23.16
12.93
21.37
25.28
37.33
41.11
37.04
24.83
11.74
15.35
16.4
3.19
17.47
20.65
20.54
14.53
-3.74
19.03
25.93
25.22
19.47
15.93
22.33
17.23
20.29
22.99
24.81
16.47
19.48
21.09
6.67
17.04
17.96
30.15
40.38
39.81
28.6
20.76
22.21
8.06
21.38
24.81
26.34
20.58
20.19
31.19
37
34.95
18.96
21.29
12.75
18.36
20.66
18.7
26.14
29.21
25.33
11.36
13.51
18.48
21.08
23.52
35.08
43.92
43.85
33.74
21.34
21.37
15.58
23.48
21.37
26.33
25.9
10.63
20.65
20.41
21.24
19.09
20.98
16.65
19.79
22.54
21.23
17.85
22.55
23.2
12.82
12.59
9.66
12.23
20.06
18.33
10.31
13.96
19.51
7.71
12.89
7.39
21.05
22.17
13.45
9.95
20.06
19.55
15.53
15.43
9.7
0.41
14.17
18.2
21.42
23.82
24.41
20.79
34.66
43.99
44.69
36.68
22.82
21.91
6.99
25.59
28.32
27.75
23.75
23.66
19.87
21.46
24.82
19.08
20.87
25.66
21.08
11.91
13.48
16.14
15.99
18.91
18.9
20.07
18.1
17.25
21.23
21.21
12.78
15.05
21.56
20.15
15.25
25.47
35.12
34.18
25.31
22.43
23.21
17.64
9.59
16.04
12.86
24.56
28.05
24.84
20.47
18.71
13.57
10.61
14.46
19.61
20.39
23.96
23.35
24.58
28.56
26.64
15.25
16.48
7.5
16.89
21.03
21.97
21.74
19.06
21.69
3.83
20.4
29.25
31.46
31.55
36.79
35.5
23.44
24.64
14.56
26.11
29.08
27.72
28.45
32.3
36.49
31.99
18.37
13.01
32.6
33.32
25.15
35.34
35.73
21.4
21.73
16.47
17.53
13.07
5.53
20.04
28.66
30.69
30.34
33.17
35.82
34.05
30.65
24.95
24.75
25.3
22.4
11.3
24.26
23.28
28.04
27.19
24.9
21.68
5.36
17.92
22.42
31.04
30.35
21.02
25.55
30.87
27.61
21.91
24.84
25.85
26.17
28.88
33.4
33.42
28.42
33.62
30.25
18.4
21.89
11.3
25
27.53
28.4
26.95
27.96
23.31
27.87
30.31
25.78
27.09
42.53
48.94
46.05
35.09
28.33
23.58
23.5
25.52
25.2
18.53
17.89
38.53
47.27
46.66
35.53
25.38
19.83
22.02
27.78
22.85
22.21
31.76
34.63
33.89
36.02
34.31
17.59
33.09
28.85
29.13
33.33
32.79
26.89
32.5
32.94
31.62
28.67
31.94
33.54
33.13
32.5
31.33
29.69
30.17
32.37
32.89
26.8
23.42
33.13
35.39
35.55
35.52
32.47
32.03
33.79
31.24
22.7
21.34
24.02
24.56
25.44
29.12
30.32
30.38
31.4
34.65
36.5
35.47
32.46
22.85
28.21
32.96
30.48
22.61
24.64
24.88
26.28
27.15
21.06
29.62
31.15
30.89
31.62
23.97
28.24
26.86
22.42
30.12
32.99
33.08
34.19
33.39
32.01
28.47
4.56
15.88
27.85
30.42
31.51
34.51
31.71
29.53
30.46
27.17
26.83
27.97
30.85
30.01
30.76
29.13
18.66
30.67
32.06
29.24
24.77
18.57
25.53
32.13
31.86
3.46
34.08
35.59
29.26
29.85
21.53
16.05
21.39
19.95
16.7
24.77
28.09
23.78
3.4
19.67
13.04
25.52
28.36
18.48
22.96
28.71
27.05
10.9
28.01
26.02
20.8
23.71
32.31
35.08
33.65
27.08
29.75
25.43
27.15
31.64
26.21
23.49
18.24
25.6
30.7
29.29
21.67
19.83
19.56
28.2
33.51
31.51
28.93
28.88
21.92
25.52
27.67
20.07
18.26
23.48
18.5
29.74
30.04
27.36
30.61
31.21
28.76
18.56
18.56
18.3
22.93
23.82
24.28
7.75
22.45
24.86
24.83
25.67
26
25.95
27.16
30.79
30.02
24.03
19.98
18.95
17.68
23.93
30.37
30.86
27.36
24.32
26.04
24.36
21.25
25.64
18.24
18.95
25
18.61
24.91
29.36
29.6
25.76
20.82
22.3
26.08
21.21
25.09
28.27
25.7
27.89
29.18
24.35
-9.67
15.55
13.97
5.4
20.55
26.87
26.76
25.29
22.59
26.09
24.32
13.33
23.08
23.52
25.34
30.15
27.06
21.06
29.22
30.85
30.99
30.07
29.99
30.42
28.29
18.72
15.28
13.98
19.73
26.14
25.08
20.47
15.19
17.47
19.22
18.59
19.94
18.72
16.78
19.37
12.4
18.51
25.62
26.69
22.16
24.61
26.53
24.26
11.05
23.62
25.79
26.07
28.48
28.5
26.4
20.93
15.47
10.31
24.63
24.68
21.65
21.21
24.49
25.7
23.48
22.04
23.71
25.64
26.34
24.82
19.87
7.17
16.69
22.42
23.33
24.1
25.53
26.98
25.79
19.39
21.06
18.44
8.51
30.37
27.79
26.24
23.82
30.69
29.25
14.47
28.1
30.63
31.8
32.79
28.4
29.5
30.12
29.09
32.68
31.73
25.93
10.11
24.12
28.16
31.51
31.07
22.95
28.41
26.71
24.53
27.1
25.43
26.07
26.12
23.83
24
18.31
15.12
17.86
25.36
24.84
23.19
30.01
31.19
27.98
27.15
26.48
17.01
29.23
28.65
26.46
25.35
21.8
20.34
28.72
30.01
26.64
29.4
26.57
22.78
24.19
25.85
24.14
28.62
27.62
24.41
28.71
25.27
20.33
27.46
29.73
28.5
30.59
29.45
27.54
29.59
30.77
32.02
30.62
27.44
21.38
29.72
36.21
34.65
24.56
19.5
20.73
19.03
20.79
24.08
26.35
28.03
27.6
22.98
25.49
26.14
26.73
29.45
31.18
30.6
22.45
12.21
20.02
23.08
21.87
13.53
3.13
19.18
16.09
15.4
21.79
27.92
27.92
29.56
29.89
23.73
23.88
25.88
24.7
23.8
23.76
22.99
24.53
25.35
16.41
16.92
20.23
22.03
13.43
16.91
21.25
25.93
17.03
21.85
20.67
24.28
26.81
16.79
19.04
25.64
26.72
23.53
22.35
22.81
27.49
27.29
22.49
14.76
16.31
25.12
20.35
22.45
19.67
24.36
26.43
23.54
15.36
22.93
24.48
23.55
24.68
26.52
24.35
17.45
17.24
26.81
28.58
23.98
19.22
20.99
12.76
23.08
24.82
19.39
7.67
11.49
17
18.94
17.61
17.01
24.86
26.61
27.11
27.7
21.4
21.56
28.68
32.32
30.09
21.14
18.9
21.58
20.3
26.07
27.16
24.69
2.89
22.07
23.39
21.82
18.58
17.82
22.72
17.34
12.87
19.52
20.94
22.67
12.09
20.46
22.63
17.28
18.26
10.32
17.65
18.87
25.52
25.71
18.4
21.28
21.24
16.41
15.84
24.83
23.84
20
22.21
15.34
16.05
22.69
18.45
18.47
17.99
11.63
17.74
17.46
13.8
20.02
21.72
21.51
21.72
16.69
23.93
23.49
19.43
16.24
17.99
22.68
18.38
14.61
-11.51
17.02
21.36
23.29
23.11
23.08
20.49
9.57
22.19
24.33
21.86
8.55
15.02
17.99
22.64
22.35
12.98
5.16
0.95
8.62
2.96
11.78
14.6
18.96
12.89
17.57
21.28
21.76
21.43
17.82
8.04
18.78
15.6
8.66
19.15
12.86
16.92
21.7
15.16
7.91
16.52
23.61
25.17
20.37
9.48
9.37
12.07
11.35
2.5
-3.72
10.83
19.38
18.81
14.27
13.96
25.04
24.94
15.21
20.59
19.96
19.07
24.53
26.83
26.26
24.44
25.79
24.6
20.77
15.18
18.73
23.49
19.95
19.08
20.87
15.43
26.62
26.43
24.39
24.79
22.54
16.27
0.11
18.68
21.26
23.02
22.79
15.95
-0.28
3.8
12.86
14.94
18.04
9.82
17.82
20.49
17.87
10.68
14.81
20.66
14.97
18.25
21.02
18.24
13.6
14.02
13.99
17.32
21.44
20.56
18.6
18.28
19.46
21.55
18.92
22.87
22.45
18.79
10.42
21.47
22.56
21.25
20.1
20.26
22.16
21.53
10.39
7.28
10.62
19.25
26.25
29.51
28.38
26.56
26.17
26.49
21.3
26.53
26.96
17
15.86
24.14
27.39
26.06
23.93
23.07
17.33
14.93
10.66
16.59
25.12
28.8
28.14
25.99
18.82
19.64
21.58
21.59
18.67
10.49
17.7
17.28
22.45
19.33
11.47
22.33
21.55
16.88
19.23
17.25
24.15
26.07
25.45
23.29
12.35
17.96
18.62
16.43
8.83
13.79
22.2
26.69
26.32
24.83
18.57
16.39
21.71
18
3.07
17.63
16.71
15.94
17.6
18.26
10.83
9.98
14.52
24
24.88
18.53
16.7
24.24
23.74
18.15
19.94
7.01
22.89
23.49
22.3
15.97
15.82
22.44
19.85
20.63
19.53
17.01
20.2
13.67
13.76
21.27
25.38
22.76
17.84
22.04
17.86
10.46
21.12
23.19
17.7
13.71
22.89
22.57
19.49
12.34
13.41
23.37
26.81
23.97
16.38
24.76
22.99
25.24
27.71
20.99
22.46
23.23
4.88
17.98
22.04
22.18
20.12
19.6
19.6
15.06
8.76
12.38
10.75
9.91
15.7
13.1
23.45
22.02
7.04
23.94
25.37
22.77
19.28
22.92
24.14
23.12
22.07
22.47
19.77
25.46
28.61
27.67
25.78
22.75
21.37
20.33
20.01
24.69
26.89
20.95
16.5
18.44
15.91
9.98
19.01
8.3
14.18
17.98
16.16
9.6
24.78
29.03
23.82
17.53
25.8
32.75
35.77
30.52
16.14
18.63
18.02
18.38
8.16
10.5
14.55
17.58
21.15
21.56
23.21
7.09
18.83
26.35
28.82
23.76
21.81
22.69
8.91
21.94
25.23
23.1
16.43
13.2
19.95
21.2
21.89
21.76
11.93
20.41
23.63
18.91
18.75
20.69
15.42
17.72
11.05
18.89
17.31
11.95
22.78
24.64
21.18
11.73
22.16
22.1
8.39
23.19
27.57
27.41
27.29
24.67
11.18
18.28
20.12
20.83
19.14
-6.21
17.29
9.1
22.64
26.95
26.06
21.43
14.57
14.19
18.79
22.44
22.59
21.56
20.36
21.42
20.4
17.46
26.76
27.26
17.52
24.3
29.21
26.65
15.43
13.29
15.81
16.12
20.61
0.4
23.25
24.58
20.32
16.91
9.25
6.62
10.08
3.01
12.22
8.7
19.45
20.07
9.19
17.97
16.23
18.42
19.51
17.13
14.43
12.3
8.83
20.35
22
23.77
20.16
17.44
26.08
26.34
20.05
15.29
21.84
22.92
20.99
13.92
4.83
15.33
20.41
22.31
19.81
16.9
20.24
22.64
18.91
18.07
24.23
21.99
1.66
19.24
22.79
16.82
19.94
19.24
16.66
21.69
23.87
16.86
20.82
22.53
18.88
10.92
13.56
14.09
16.63
14.23
16.74
18.64
13.88
19.83
10.78
12
14.37
15.01
14.37
16.69
19.43
16.05
-9.93
14.51
15.19
9.75
17.93
19.28
16.19
23.31
25.36
22.73
19.54
23.38
25.39
20.13
9.12
10.99
16.97
21.21
21.83
18.86
16.6
21.63
21.76
18.84
14.46
9.08
4.65
17.39
22.23
20.88
6.34
18.91
21.33
19.05
13.21
-2.7
-1.53
17.22
22.98
23.15
19.58
19.59
24.5
23.83
18.64
5.34
16.24
12.93
14.83
19.54
22.58
23.83
23.4
20.48
18.61
19.51
11.43
12.61
18.24
19.53
15.79
5.28
18.12
18.01
8.1
23
23.62
19.62
19.95
24.92
24.22
24.81
25.28
22.25
12.42
16.47
19.89
12.27
7.07
5.32
-0.4
17.06
25.04
25.82
23.86
20.7
10.14
15.58
19.85
21.05
13.23
19.01
15.67
4.2
6.1
12.45
7.29
5.45
11
1.66
13.54
18
19.18
12
8.88
13.66
16.92
15.47
9.78
6.7
14.26
19.5
20.97
17.64
14.58
13.87
8.18
10.06
9.59
8.95
14.91
11.23
9.34
12.98
9.71
8.35
13.3
8.53
7.82
11.58
14.84
10.06
12.74
12.77
14.19
14.27
15.56
11.74
14.65
10.9
11.63
14.86
4.62
16.99
16.82
15.68
18.81
19.95
15.41
15.47
18.01
16.56
9.97
12.54
10.97
6.16
2.31
12.24
12.8
-2.51
11.16
10.54
16.64
16.5
12.97
4.38
14.89
20.79
20.6
14.79
1.89
1.42
16.06
19.59
14.47
10.23
13.93
9.35
18.31
17.41
14.55
13.09
12.78
14.18
16.16
13.6
-1.48
13.72
12.22
6.05
9.15
12.97
17.77
12.61
17.59
17.55
17.14
16.03
18
17.82
8.84
12.38
14.78
3.82
16.46
17.24
5.51
10.16
18.75
15.97
10.07
15.73
4.19
19.59
19.76
8.67
9.05
14.9
14.45
13.58
21.09
24.47
23.06
16.43
13.81
15.09
12.18
9.43
10.27
12.33
7.54
7.65
13.89
16.08
17.1
14.43
11.31
3.25
5.21
10.09
8.95
4.36
-1.42
11.02
15.74
16.65
20.51
19.99
15.29
-1.82
13.96
15.71
5.71
12.1
15.81
17.42
11.1
17.58
19.13
17.67
14.42
12.54
16.8
18.78
18.16
22.02
23.12
13.83
12.54
13.35
10.94
-6.45
8.01
10.93
13.39
-8.25
6.35
14.49
17.27
14.54
8.12
4.15
10.62
17.92
20.53
17.78
15.94
17.99
14.09
14.01
19.91
18.61
16.92
19.99
22.76
23.83
21.28
5.92
16.88
16.57
18.4
13.88
5.38
12.65
6.05
15.68
18.64
13.06
15.2
18.25
20.33
23
19.05
21.02
20.93
19.82
20.11
2.58
18.54
14.32
18.19
16.88
0.25
4.21
16.68
21.98
21.27
17.31
11.78
15.58
16.8
8.81
11.64
16.92
20.1
16.93
11.54
14.83
15.91
8.83
10.95
9.58
14.49
18.44
16.25
4.69
18.65
18.28
21.11
22.7
16.63
15.09
13.03
20.64
16.14
15.6
19.82
18.14
17.45
10.77
6.16
1.48
13.72
19.69
23.39
22.57
23.45
21.31
18.4
20.85
21.99
18.52
16.62
19.47
14.03
10.51
14.69
16.66
18.62
11.53
16.9
4.19
18.88
22.38
19.67
13.13
-7.05
12.79
5.13
13.29
12.27
18.49
23.38
22.39
18.03
11.53
16.44
13.46
6.25
3.43
11.14
13.81
20.34
21.71
19.66
18.39
20.16
21.47
19.48
15.94
18.97
16.65
0.28
6.94
-4.41
11.89
20.24
23.6
22.1
15.37
12.15
16.33
9.66
9.86
7.61
11.95
16.96
17.77
14.37
11.08
6.05
19.74
19.76
17.39
15.36
13.45
18.02
19.27
15.04
14.57
15.39
10.34
8.92
15.27
11.94
15.84
9.73
12.82
9.63
5.02
13.84
16.14
15.41
14.03
12.44
15.24
15.16
15.02
15.9
14.46
7.92
8.67
12.88
12.19
8.56
6.21
0.39
13.83
10.61
11.69
15.78
16.4
16.29
10.88
11.03
16.61
17.62
18.02
17.72
11.48
13.26
15.63
9.67
16.51
16.51
12.41
17.04
18.93
18.12
15.54
13.77
15.41
18.35
19.24
17.78
16.62
16.78
17.55
13.58
15.4
10.64
5.9
15.46
19.34
20.42
20.05
18.23
19.31
16.2
11.61
19.53
18.78
16.74
21.18
18.8
6.68
22.37
25.97
23.76
22.78
22.45
13.75
10.69
17.24
16.69
16.05
15.68
15.26
18.16
21.66
21.92
20.71
16.28
17.41
20.32
21.43
19.83
17.59
15.6
12.36
15.77
15.77
13.36
17.08
18.95
13.87
1
5.43
16.68
22.07
21.77
22.22
19.34
9.68
10.7
13.07
11.39
9.15
9.37
12.04
-2.18
8.07
17.15
19.36
18.77
13.22
17.66
20.34
22.36
21.39
16.87
12.68
6.67
11.61
19.88
22.9
23.65
22.14
14.18
17.39
23.07
21.87
14.57
19.23
18.91
15.59
7.94
11.13
16.01
14.58
12.45
13.5
8.95
15.64
13
11.85
15.53
20.25
17.44
5.56
12.94
11.39
12.29
14.01
10
15.6
17.43
20.92
22.47
21.7
20.65
18.9
17.5
10.37
5.61
14.54
16.34
14.32
17.25
19.18
18.44
21.07
18.12
10.18
19.05
17.06
13.49
11.02
10.31
19.46
22.71
23.48
22.32
18.68
8.28
7.49
14.03
20.2
20.61
19.91
17.52
15.12
18.79
21.09
20.33
19.38
15.7
12.63
16.05
13.14
14.55
16.88
17.27
16.31
17.2
10.11
6.35
12.76
13.38
17.44
13.14
12.04
10.53
10.93
9.29
16.98
21.07
22.5
19.14
11.5
17.5
18.4
19.54
21.31
15.85
12.51
16.73
16.8
13.59
17.66
20.15
18.17
14.75
11.04
8.29
16.3
19.82
21.13
14.03
13.99
12.3
12.36
17.06
13.14
9.41
12.78
2.91
6.35
10.69
15.21
4.28
15.07
19.78
18.84
17.47
17.63
21.17
23.86
21.93
18.01
13.03
14.28
16.67
17.84
16.71
13.63
10.16
17.5
4.27
15.51
20.42
20.48
15.61
10.72
19.72
20
12.78
11.9
7.91
12.9
17.55
20.13
17.28
13.19
14.2
17.32
16.55
14.49
15.73
11.11
9.46
14.64
16.12
16.14
13.45
13.44
17.1
19.41
21.01
19.82
10.99
16.31
16.48
11.07
5.71
12.94
16.72
19.28
16.12
12.55
12.29
10.37
3.49
5.3
-5.16
12.28
16.55
11.79
-0.08
15.74
21.91
24.51
22.82
16.76
-4.76
17.75
18.69
19.05
14.61
11.91
16.63
18.75
18.46
16.26
9.94
15.68
16.45
13.58
8.81
18.44
16.53
7.24
10.68
19.11
20.21
16.84
-0.46
11.59
16.24
14.02
17.6
20.59
21.17
18.52
19.3
19.34
17.49
16.88
18.25
19.56
22.09
24.41
20.83
14.49
15.01
9.44
9.2
10.26
14.8
15.51
11.08
4.49
11.4
4.6
13.14
16.61
14.71
11.06
11.41
11.57
11.98
17.03
13.85
11.11
15.23
21.66
17.25
12.56
15.85
14.47
14.49
13.69
4.38
17.94
22.3
21.66
16.77
9.34
12.61
9.47
-0.47
4.05
11
12.67
15.02
18.67
16.62
9.49
19.11
19.4
16.56
14.24
9.71
4.85
14.31
18.64
22.3
20.57
18.77
18.84
14.21
14.52
13.8
7.42
5.6
14.02
17.92
17.33
15.22
13.16
8.93
12.36
16.25
13.57
8.37
12.92
6.25
6.82
8.17
13.01
18.13
19.36
16.36
5.41
13.59
13.87
7.82
13.68
7.53
9.29
2.42
9.42
9.86
7.54
10.13
17.48
17.92
15.18
5.44
8.2
9.96
10.29
6.97
12.65
13.74
17.06
17.88
13.67
14.19
16.32
16.29
6.38
2.66
11.35
15.55
15.59
5.76
10.68
12.06
10.31
10.25
14.7
9.27
6.98
12.6
8.59
18.2
20.04
16.11
13.83
16.34
18.58
17.25
11.93
11.9
12.96
0.6
12.29
9.51
7.61
14.5
14.58
9.38
5.75
10.88
13.95
14.6
12.99
9.09
9.01
3.97
10.53
9.22
9.46
13.8
11.21
9.75
8.83
7.01
11.26
13.75
13.13
8.39
9.89
12.5
14.82
13.21
-1.1
10.43
12.36
-6.05
16.15
18.07
14.48
11.71
12.69
14.02
16.22
19.02
19.08
19.3
10.15
15.28
17.39
12.62
16.72
20.9
18.37
-0.28
17.42
16.4
9.6
9.56
19.06
16.57
15.63
20.27
18.2
-2.43
16.71
9.76
10.33
13.54
13.25
8.26
18.68
19.75
15.29
6.37
8.06
5.45
10.78
10.7
-1.56
3.07
10.3
19.15
21.59
18.9
15.03
10.25
7.94
2.67
10
4.15
7.1
4.67
16.75
17.22
6.77
12.08
18.18
18.58
14.48
12.13
13.84
9.21
9.2
15.01
15.64
14.19
12.88
-2.6
13.2
16.78
13.81
8.6
1.05
-6.63
7.89
16.41
19.49
19.52
16.4
12.94
14.11
6.2
9.99
14.72
14.94
-4.24
12.32
14.49
11.91
8.9
10.63
12.56
14.79
19.25
20.18
12.18
12.48
15.49
11.37
15.82
18.27
15.89
15.07
15.99
14.84
10.08
7.9
9.37
17.9
17.53
11.54
15.34
16.59
14.23
10.91
11.31
10.02
-0.51
2.64
14.24
14.38
10.62
12.3
6.18
10.55
11.54
13.62
13.4
4.45
8.73
15.5
14.9
12.56
14.13
13.37
6.41
13.09
18.06
18.73
17.04
12.15
12.93
6.45
8.17
7.35
10.06
13.57
8.8
9.67
15.15
14.91
9.71
16.56
15.06
4.04
14.14
17.08
15.39
4.37
8.78
16.63
17.93
18.6
12.67
7.4
9.43
15.07
10.9
-1.39
13.51
15.58
15.55
17.45
17.61
17.26
14.74
7.4
7
14.9
15.72
2.79
-3.73
2.72
6.42
14.53
18.35
17.7
15.44
8.88
17.42
12.98
4.82
8.39
9.14
13.82
13.5
9.36
14.04
17.25
17.99
13.75
16.65
17.71
13.9
14.43
10.51
3.54
9.57
12.72
13.56
19.45
20.25
14.67
0.36
5.78
15.54
17.36
10.01
1.21
13.71
21.16
18.99
16.52
18.96
19.2
16.19
13.29
12.38
11.98
13.13
8.91
12.77
20.13
20
18.96
16.17
13.7
11.72
7.34
11.59
11.77
5.51
-11.08
9.93
12.18
10.52
4.72
2.99
6.04
1.2
10.85
14.58
9.09
12.3
15.15
14.64
18.32
16.97
14.99
16.42
16.41
15.21
14.99
14.03
7.6
12.18
12.94
9.67
3.08
12.09
16.49
15.51
11.27
10.2
14.98
12.47
11.16
12.55
9.03
11.37
14.89
15.77
16.91
16.68
-3.31
16.87
18.17
12.44
5.72
0.13
8.18
14.54
14.2
11.55
11.31
13.88
16.3
15.99
10.55
5.66
12.92
5.24
3.41
12.16
13.02
-0.66
4.12
6.67
11.17
14.61
15.96
12.84
1.52
12.68
15.61
9.58
9.42
14.54
14.28
4
10.19
7.86
2.47
-13.62
4.64
6.84
8.51
8.14
9.78
6.94
9.41
13.08
14.19
17.18
19.6
18.42
15.64
15.27
13.26
10.49
0.15
5.05
9.92
16.45
15.88
13.63
12.08
11.53
13.13
7.31
7.77
11.3
13.98
8.42
11.12
9.78
8.06
-1
8.34
8.81
11.44
12.4
9.28
3.84
12.23
11
10.73
10.96
13.22
15.24
14.62
6.52
6.39
9.39
9.46
1.11
7.53
10.62
12.75
6.43
3.67
5.95
6.18
11.18
16.43
17.74
8.71
15.4
18.63
17.47
17.49
10.59
12.15
16.36
9.06
9.72
7.93
9.82
6.96
11.56
2.44
6.23
6.34
4.99
4.06
7.33
6.17
6.9
3.2
13.48
17.96
14.68
10.25
14.74
11.26
3.53
9.01
9.59
10.68
10.87
7.74
-4.47
12.5
17.52
18.1
17.94
19.32
19.88
16.73
8.67
10.74
-5.05
1.26
14.35
17.92
14.15
7.99
10.75
13.29
13.52
9.54
9.94
11.95
12.71
9.64
-12.69
-0.32
11.46
13.36
10.38
12.04
14.36
9.8
-1.81
9.59
11.02
11.35
10.15
12.29
12.45
6.02
5.76
2.25
8.64
4.74
4.22
1.04
10.68
8.78
4.68
1.64
5.13
-15.86
11.09
14.05
16.34
17.08
9.42
8.07
6.58
3.43
-1.28
-1.01
13.13
13.38
12.7
14.04
9.74
9.19
15.18
16.44
15.23
3.19
4.31
8.02
2.69
11.24
11.89
8.67
9.6
13.99
15.81
1.13
16.96
16.13
-1.01
9.87
14.34
15.77
16.29
10.39
9.51
12.65
8.3
-1.82
-9.64
0.59
6.14
10.64
1.96
13.84
18.5
15.01
8.09
11.69
13.91
15.05
12
10.55
10.24
-1.91
14.93
15.81
5.05
9.51
11.5
9.95
7.73
3.37
6.62
5.15
12.2
6.66
-4.4
6.44
12.56
11.3
-0.92
4.03
9.41
14.92
11.12
7.66
6.29
17
17.93
9.83
-14.17
-1.28
9.26
14.67
16.92
15.24
14.13
14.19
9.21
2.98
10.52
-4.24
-0.15
4.21
9.81
7.51
16.26
16.24
7.01
13.57
18.14
15.89
11.79
13.44
16.55
14.32
12.65
16.9
17.8
17.34
10.57
7.32
7.21
5.05
12.02
12.83
14.28
12.02
16.52
9.98
11.31
11.8
5.75
9.01
11.04
14.91
3.91
9.44
4.84
7
8.96
8.06
14.75
18.14
16.84
5.94
0
11.03
15.68
13.46
7.44
15.5
14.91
14.78
15.98
10.14
0.15
0.35
6.19
1.49
11.78
16.12
18.79
16.43
8.12
4.35
8.29
13.66
10.74
-2.91
8.29
7.28
9.84
12.11
11.14
10.93
-1.31
9.09
7.93
5.74
8.94
-3.06
9.09
15.15
17.32
10.79
14.35
18.86
13.57
10.98
15.11
7.05
-2.37
13.28
18.63
15.25
11.47
8.81
1.86
5.22
6.19
3.88
6.53
0.66
11.12
16.19
12.77
18.96
18.63
9.93
6.34
-5.29
15.76
19.46
18.53
15.49
13.86
13.53
5.76
12.45
14.44
12.76
6.15
7.95
10.16
9.14
13.08
15.64
11.38
-0.41
-7.87
-1.84
8
11.76
16.26
17.8
17.46
12.2
13.65
13.74
9.95
7.76
10.52
8.85
8.9
7.83
7.4
11.35
12.48
13.78
13.64
11.83
4.73
5.66
6.71
11.81
13.32
10.73
-4.62
6.93
14.83
15.51
9.88
3.97
11.34
12.85
12.28
2.05
5.37
9.22
13.26
11.48
9.93
6.2
12.61
12.26
14.16
18.05
17.93
13.65
4.31
9.38
7.93
-1.24
-2.49
0.88
8.87
0.47
6.55
4.89
1.23
3.42
8.54
13.18
10.94
2.77
8.28
6.18
6.67
4.36
10.69
12.46
12.23
14.7
15.42
9.26
-4.76
9.92
12.5
11.31
11.27
5.23
4.55
6.49
8.29
5.92
10.37
11.15
13.15
12.76
7.48
8.45
11.22
7.18
13.5
17.91
16.21
8.44
2.3
10.13
7.91
7.52
17.1
17.72
13.1
17.7
10.28
7.62
-3.99
5.21
-14.51
10.45
9.91
1.92
5.6
7.14
12.3
17.31
21.56
20.58
7.14
14.3
16.32
15.06
13.93
13.86
8.74
11.84
17.14
15.08
-6.79
11.97
3.02
4.98
8.07
9.28
9.8
12.19
11.97
6.49
6.79
5.4
11.45
10.14
14.11
9.09
9.27
8.82
11.17
11.61
10.57
5.36
-0.94
2.88
10.15
10.56
3.46
11.49
16.57
16.84
12.59
0.72
4.18
11.65
11.42
-8.93
6.22
11.05
18.9
17.06
7.93
3.27
12.49
16.86
10.75
5.19
10.68
10.68
0.73
0.44
3.42
2.93
6.81
10.29
6.7
8.19
18.03
22.5
18.48
10.01
7.01
4.29
7.04
8.84
4.46
0.48
-1.57
8.21
10.99
11.72
11.78
9.4
9.97
12.78
13
10.95
11.29
15.19
12.33
5.54
11.03
10.4
10.78
12.39
9.9
1.67
-8.7
7.1
2.26
6.84
9.19
5.32
0.93
1.26
8.43
16.02
16.11
9.7
6.33
9.74
12.8
12.13
0.67
-9.07
3.22
4.65
-7.03
0.7
5.18
-1.16
13.19
11.94
-11.7
11.09
9.54
6.91
12.4
5.93
14.31
13.9
0.42
5.51
-2.28
9.48
16.09
17.69
14.27
9.34
13.15
16.77
17.11
12.53
-4.99
10.37
12.12
5.86
0.84
9.25
5.78
10.61
14.72
-3.64
10.4
4.02
7.69
9.32
0.69
2.53
5.42
4.2
8.29
14.4
17.27
13.59
2.72
11.78
10.11
13.2
15.88
14.52
16.66
20.74
20.65
15.47
2.69
4.85
14.25
16.57
16.64
15.15
13.28
7.15
12.59
15.44
6.4
6.9
0.25
14.59
16.06
11.89
13.48
20.07
17.85
12.4
11.68
9.48
7.37
13.75
18.33
17.55
14.1
12.05
12.06
6.95
2.82
8.41
13.83
12.91
6.4
10.41
15.61
16.13
11.2
8.04
12.25
13.23
15.65
13.43
11.29
13.28
11.32
7.9
15.73
18.99
15.85
5.09
10.84
1.61
7.11
6.93
-2.87
-8.51
-7.48
6.42
0.58
9.1
10.96
6.85
-1.02
10.75
14.02
12.16
10.24
12.22
9.23
12.58
14.67
12.74
4.64
4.82
5.57
11.87
14.93
11.21
7.7
12.47
13.09
11.23
5.95
-2.62
6.37
13.92
17.02
17.42
11.33
5.61
3.36
10.78
11.47
8.79
5.44
6.6
8.49
13.51
14.84
16.15
14.24
8.92
8.8
12.1
14.65
16.78
17.35
16.01
5.92
4.14
7.19
9.98
-2.85
9.3
8.6
2.86
5.02
11.36
14.82
12.53
5.09
-1.3
2.32
4.59
16.83
19.14
15.4
12.42
13.2
8.5
8.37
12.35
13.68
15.49
16.25
17.76
19.06
13.15
15.41
20.42
17.65
14.26
10.86
-0.35
3.6
6.7
14.7
13.11
12.1
9.58
3.38
9.92
5.55
11.17
11.52
4.78
3.66
0.4
7.73
13.19
16.19
9.4
13.44
20.9
20.11
11.85
4.27
4.26
0.43
5.95
16.74
14.91
5.19
15.4
15.31
11.08
-1.51
13.44
14.74
1.55
10.62
15.54
17.25
15.52
10.07
11.26
17.07
17.49
15.06
8.43
8.96
15.26
12.78
6.47
9.47
14.61
15.44
13.71
13.07
9.04
6.28
7.3
7.74
3.66
6.44
5.36
10.19
15.41
16.86
11
9.9
16.67
15.61
4.7
17.58
19.02
11.13
8.3
12.74
8.26
3.83
9.29
14.45
16.5
10.17
0.63
-1.71
4.92
8.56
8.91
9.58
9.89
13.58
14.95
13
12.28
13.64
7.65
9.41
13.78
12.23
5.9
7.61
11.93
16.18
16.94
13.49
10.42
14.52
16.09
13.1
5.16
2.21
8.32
8.69
11.95
12.32
10.51
16.45
16.83
13.59
11.74
10.65
14.18
16.75
16.12
14.06
9.63
-1.48
10.62
16.42
16
12.2
3.62
4.8
10.41
11.45
11.32
9.7
9.79
12.85
13.76
14.28
13.18
9.75
9.75
11.75
13.46
6.43
-0.03
1.4
7.01
9.68
8.78
13.57
12.66
9.73
10.33
11.59
12.66
16.61
18.39
19.89
21.29
19.8
13.39
5.92
4.5
13.59
11.93
8.73
7.9
-2.9
2.41
11
14.93
12.79
10.37
11.23
12.53
12.47
6.83
4.57
4.85
13.13
13.49
10.27
5.74
11.59
9.59
7.11
11.34
13.8
9
8.01
7.01
11.05
12.27
10.67
8.01
10.28
10.39
7.87
12.57
14.29
10.04
1.4
-1.69
7.07
8.51
8.2
15.43
17.39
13.52
9
14.05
17.75
18.21
15.99
13.87
13.64
9.73
-1.13
9.4
10.48
11.16
14.05
14.96
15.36
7.5
7.12
14.22
15.28
14.17
15.1
11.99
5.04
8.34
8.83
2.78
8.46
13.97
15.82
14.18
6.67
7.23
7.96
-6.75
-3.24
9.12
12.11
9.36
-16.03
10.3
11.7
8.83
2.41
0.46
7.17
13.26
14.14
11.56
8.66
12.06
12.97
11.35
6.21
9.97
5.52
13.12
19.07
18.36
10.9
7.17
13.73
10.96
5.54
14.1
16.92
17.51
15.18
9.85
11.85
10.36
6.48
7.76
11.72
10.84
8.46
3.41
9.73
9.99
5.79
12.98
11.59
13.91
16.41
14.89
8.54
13.8
13.49
3.04
2.74
11.32
15.18
12.8
12.62
12.71
12.81
6.4
9.68
16.78
15.32
9.04
12.2
11.15
9.22
16.12
19.32
16.15
9.89
14.01
12.02
7.85
-1.37
7.61
11.15
8.53
4.82
5.01
8.18
9.29
8.84
-0.45
12.45
14.45
10.48
-0.15
10.68
12.61
7.03
4.97
15.7
18.64
15.21
5.99
15.64
11.56
5.72
12.5
12.62
9.97
6.98
9.86
15.36
15.85
14.81
12.76
7.56
3.66
-4.04
5.37
-2.78
7.32
9.66
8.07
11.47
14.84
10.3
0.22
10.17
14.99
7.23
1.33
-1.55
9.66
11.96
4.8
11.67
12.14
11.46
10.6
11.93
14.56
8.92
3.44
5.97
1.07
9.17
5.98
1.59
8.41
11.23
11.53
11.55
6.12
6.09
11.95
15.78
18.12
13.62
8.07
12.2
13.06
11.5
11.54
14.66
12.96
3.88
12.56
14.13
15.5
18.65
15.42
10.15
6.51
5.5
9.37
4.16
6.2
9.52
9.04
13.71
12.67
10.26
12.56
14.69
15.09
9.52
7.87
8.5
-11.31
9.52
12.95
16.07
15.92
13.99
8.54
4.51
-3.51
8.63
10.74
-1.21
-1.83
-0.95
-0.99
5.1
2.57
4.99
14.02
14.94
13.08
14.8
15.71
7.86
6.31
12.48
17.96
15.66
10.63
12.6
12.31
3.98
7.23
13.33
15.41
2.16
7.46
10.24
12.1
7.81
7.66
12.6
7.43
12.66
13.48
10.45
7.1
6.36
9.67
13.2
17.95
14.32
-9.95
9.02
14.39
11.5
8.56
11.85
17.83
16.64
10.97
12.04
15.18
14.98
6.95
6.23
-1.76
7.01
17.05
19.36
18.01
14.01
10.26
13.2
14.34
5.52
5.08
-3.57
6.04
13.14
18.13
17.54
10.75
8.54
7.42
12.7
15.19
11.03
2.68
13.09
16.36
14.7
7.57
8.33
9.64
3.63
0.1
12.39
9.93
11.99
17.23
13.04
3.18
14.5
16.99
10.84
10.04
13.53
13
15.45
15.52
5.46
10.91
15
17.11
12.39
8.31
14.9
16.64
14.98
13.4
13.15
12.06
9.4
0.32
-0.84
11.57
15.1
16.83
16.43
15.96
13.25
13.99
8.59
10.42
13.83
5.7
14.34
18.18
13.22
14.01
12.73
-2.23
10.21
11.02
5.14
10.03
14.04
17.83
19.18
18.33
15.96
10.27
9.94
14.63
16.77
9.77
12.82
15.65
13.59
6.59
4.71
5.32
12.67
13.34
11.8
11.48
15.59
14.16
1.79
4.82
8.99
12.54
10.84
5.8
-0.41
12.93
18.75
18.97
9.87
7.96
9.32
7.61
6.55
6.76
7.97
9.38
5.33
3.33
1.61
-7.62
7.92
15.18
14.24
7.81
5.64
12.72
14.45
10.24
6.33
15.23
17.61
18.01
10.58
10.43
8.68
-5.36
1.18
4.62
-7.93
10.62
15.77
15.71
11.13
14.72
14.18
10.47
9.27
15.84
13.92
12.92
17.91
19.18
14.59
9.1
12.66
12.61
11.31
11.46
6.14
11.94
12.53
13.61
15.16
14.82
12.09
13.06
9.67
8.05
7.99
-2.25
5.75
10.42
13.77
14.35
6.69
-2.69
-1.32
3.36
7.26
6.64
8.71
17.49
17.61
17.29
13.92
6.42
8.73
2.91
8.3
10.12
1.65
10.74
11.2
9.16
15.63
13.97
2.88
16.16
17.16
10.98
-0.25
-8.56
-2.01
7.97
9.9
0.27
8.07
12.12
10.92
4.04
5.96
9.45
11.95
13.51
11.24
9.35
14.95
17.94
15.11
6.12
3.1
-6.56
-4.11
-0.91
-0.23
2.91
5.95
2.73
-3.56
12.58
13.74
7.65
14.52
17.2
14.48
2.68
4.3
-0.35
8.43
0.88
11.9
17.16
12.84
3.22
11.02
14.98
10.53
8.07
16.87
20.01
