7.83
9.9
7.82
4.84
5.39
7.2
5.44
9.71
14.16
8.22
4.81
12.17
10.45
-5.24
7.23
9.36
8.38
7.42
5.56
6.1
6.24
0.38
2.26
3.93
10.46
14.32
13.82
4.99
5.25
9.83
4.61
7.99
15.21
12.78
3.53
0.2
11.02
14.36
11.55
6.27
10.87
13.6
6.32
0.18
2.62
13.69
13.73
11.44
15.96
18.12
14.63
6.78
4.13
14.35
17.26
14.04
9.31
7.9
6.49
2.62
0.29
11.32
11.78
-8.06
11.72
13.34
14.7
14.75
1.29
12.03
13.01
10.82
12.98
11.85
6.99
-2.19
-0.83
9.17
9.76
-0.26
0.27
10.19
9.37
-3.77
8.26
10.26
7.34
1.41
4.24
3.68
4.33
-2.23
6.93
10.32
3.66
15.52
14.22
4.1
10.84
12.29
9.79
5.76
-2.89
-0.67
0.96
4.71
9.32
2.34
8.64
-4.36
-5.56
7.34
8.73
4.94
1.27
4.32
1.99
1.44
-2.48
9.33
12.69
5.05
4.68
7.02
8.99
12.05
9.52
10.7
11.1
0.86
6.98
11.93
12.45
10.07
6.59
13.03
14.37
10.7
0.84
0.47
5.86
5.53
7.11
4.61
4.06
12.03
8.89
-6.44
10.7
14.09
6.29
7.33
8.69
7.18
3.87
6.02
7.64
6.55
7.53
10.69
11.23
11.57
12.24
12.84
14.98
5.01
10.95
9.36
8.64
8.31
-1.8
-2.27
5.06
6.37
3.51
0.68
3.99
4.36
6.22
4.76
7.61
10.51
13.41
9.69
4.07
8.69
11.43
14.29
14.7
14.88
10.69
13.99
17
14.39
11.16
9.63
0.58
8.14
8.16
12.7
16.53
16.27
15.42
16.77
10.76
10.15
9.8
13.64
16.06
14.05
8.23
12.08
12.3
9.78
1.83
11.68
9.07
7.73
16.1
15.98
11.62
10.16
5.48
-0.69
5.12
5.25
-17.85
7.99
6.46
-7.52
2.84
12.42
12.81
6.15
8.24
5.28
11.36
13.29
14.88
14.58
10.5
6.25
13.57
15.14
13.72
8.55
2.62
3.66
5.2
9.35
11.56
11.25
0.01
5.7
-12.3
9.17
5.89
8.5
10.31
3.85
-7.83
-2.22
8.47
14.12
16.36
12.8
10.46
7.46
-1.42
7.16
9.15
7.01
8.54
13.99
15.31
15.83
10.93
8.12
10.03
7.26
14.88
14.52
10.89
2.32
7.97
9.54
1.94
1.6
10.77
12.08
6.49
6.31
3.58
10.35
5.87
7.52
11.25
-9.93
-1.17
-2.6
3.87
10.94
8.56
-10.63
10.79
12.77
9.19
13.19
11.63
4.92
5.72
8.69
6.34
7.93
5.94
12.16
11.6
3.71
2.46
3.41
8.8
10.96
13.94
13.67
5.59
4.24
8.14
13.93
16.49
12.48
11.33
8.15
8.18
15.37
13.02
7.66
0.54
9.84
15.17
12.18
4.07
-7.02
4.76
12.68
14.36
14.48
16.24
14.57
6.91
6.38
13.82
17.17
14.14
6.06
8.89
8.41
5.26
11.48
10.6
10.88
12.39
6.96
0.09
10.42
8.99
7.55
6.33
8.31
10.29
7.63
3.23
3.88
-1.46
1.58
10.23
12.24
5.82
4.76
4.51
6.36
11.92
13.13
8.8
3.31
5.62
9.08
8.69
9.14
6.52
3.94
1.42
7.2
12.63
7.43
6.73
7.01
6.74
0.12
6.23
5.95
3.81
8.28
11.74
12.4
13.15
8.19
-4.99
5.15
14.02
16.35
13.45
9.95
12.02
14.37
14.31
11.44
6.06
12.05
12.51
10.98
7.69
0.57
-1.81
-18.88
3.57
7.98
11.54
14.21
9.61
9.76
2.47
10.53
15.32
15.34
12.11
8.09
11.23
13.28
13.55
12.11
10.05
7
1.5
-0.13
8.5
3.06
10.68
12.48
6.13
6.13
9.73
10.76
-3.74
-5.83
7.86
7.71
6.65
11.64
12.08
1.96
9.39
12.48
12.01
10.52
8.38
11.69
12.81
7.4
9.32
11.61
8.01
8.13
3.67
4.79
5.55
3.48
4.12
8.97
9.36
8.43
10.35
6.29
3.82
-3.71
7.47
7.44
-2.04
11.96
8.22
3.18
5.95
5.82
2.45
4.07
2.83
8.39
12.87
13.05
7.93
3.8
9.5
9.36
12.53
14.91
11.99
-6.6
11.34
11.11
-1.15
2.9
3.83
-6.02
0.58
9.35
15.93
16.49
11.94
8.64
13.43
13.43
9.06
7.72
14.29
11.22
8.64
11.46
7.75
-25.61
7.06
11.55
12.48
7.86
12.9
16.8
16.63
12.42
9.89
14.57
16.41
15.26
15.33
15.69
14.52
6.52
5.56
8.1
8.91
12.56
5.44
-2.6
5.66
7.04
0.71
5.3
10.09
8.67
-0.42
9.82
13.4
16.29
14.66
9.76
-2.29
10.77
11.73
6.12
8.25
11.94
6.43
-2.32
4.91
14.07
10.88
2.44
6.21
9.77
10.1
8.8
1.84
-5.07
-2.57
-4.11
-0.57
6.99
11.84
11.35
10.73
6.39
-21.28
6.53
10.71
2.47
5.19
-4.47
7.42
10.01
9.72
9.51
11.93
12.95
12.1
15.4
14.35
13.86
12.83
8.84
-4.8
8.24
12.46
7.24
3.32
5.89
6.99
11.39
11.68
9.71
7.9
3.03
4.84
0.55
-1.89
-6.27
7.71
13.9
11.43
10.24
10.68
9.06
5.3
10.66
11.71
11.66
7.32
9.33
9.23
-3.95
6.12
0.42
-1.97
7.58
13.06
13.24
6.82
6.32
-2.06
2.45
7.71
4.99
3.06
8.64
0.93
-4.1
9.61
13.04
2.03
3.88
-6.63
7.41
14.41
15.73
17.49
18.89
18.66
15.64
12.43
12.12
11.59
8.81
5.19
0.85
2.8
6.72
0.34
6.52
10.97
13.17
13.89
12.23
11.9
9.92
-1.67
3.86
7.1
11.54
12.17
15.55
17.32
11.47
4.32
-1.09
3.41
6.93
-0.05
10.17
10.43
0.71
9.82
14.59
11.62
2.91
10.43
7.43
10.95
13.83
10.59
7.02
7.97
9.92
7.85
10.61
11.35
4.45
9.58
13.14
3.49
8.55
7.45
-0.23
9.67
13.41
14.22
10.55
7.4
10.82
8.11
-1.97
5.66
-1.01
7.1
9.33
7.16
7.03
-0.8
0.73
9.58
8.07
10.78
11.22
8.26
7.17
12.19
9.51
8.05
5.87
7.18
4.48
4.37
7.92
0.88
10.82
8.5
-6.72
7.6
12.14
9.51
3.93
-5.51
4.01
10.56
12.2
10.62
5.34
0.22
5.52
7.72
5.3
7.24
14.8
16.71
13.6
5.05
7.13
-7.28
8.32
9.95
2.2
4.41
5.81
6.94
5.27
6.84
12.44
12.96
7.13
9.57
8.73
3
12.32
12.71
10.18
9.61
14.34
13.71
10.44
6.05
7.33
14.67
15.35
12.9
11.63
11.57
5.97
22.48
21.7
17.35
14.79
16.82
19.9
23.16
20.37
26.24
26.92
26.12
29.67
26.87
22.78
21.35
13.66
15.91
12.67
17.38
23.35
24.34
24.35
24
25.78
24.56
12.76
10.31
3.33
16.55
23.39
22.85
19.6
25.64
28.93
27.65
20.23
16.56
22.27
24.81
21.5
15.24
5.74
11.99
15.16
14.47
8.66
13.51
19.95
23.04
19.09
8.76
12.56
21.84
29.18
30.31
27.73
23.48
20.81
15.34
7.58
9.99
18.52
23.92
22.07
16.43
13.42
3.16
14.03
15.56
17.81
16.22
11.12
9.44
11.52
10.13
13.67
18.61
22.09
20.93
20.62
20.6
18.77
13.13
11.65
12.37
15.94
14.69
13.38
9.88
16.06
18.07
19.28
17.46
3.51
17.46
19.67
20.65
17.77
11.66
12.51
18.21
16.99
-5.18
13.33
10.75
5.68
14.58
14.13
11.58
17.53
17.57
17.82
14.21
21.34
22.43
14.79
15.83
18.67
25.24
24.98
13.48
23
23.43
16.14
21.46
18.07
14.45
20.48
25.71
26.42
16.56
19.79
20.44
24.57
29.63
27.23
13.47
2.85
6.84
-2.22
8.51
15.03
24.95
26.16
21.59
21.19
24.98
28.07
23.2
18.19
23.82
23.82
7.69
22.09
19.72
10.06
8.66
19.71
20.62
15.01
23.37
19.95
22.91
28.71
27.91
25.88
21.2
22.38
23.05
12.24
29.06
26.78
23.13
27.85
27.13
26.8
28.39
25.93
18.28
27.13
28.57
27.49
28.56
27.88
23.06
21.4
31.84
34.33
28.51
22.24
28.32
28.45
20.18
21.68
27.08
25.3
14.59
10.28
19.77
18.7
20.45
14.92
22.59
25.04
23.67
23.77
15.89
11.09
15.36
12.95
9.72
19.34
21.89
20.21
22.35
17.96
19.91
15.32
4.84
0.84
3.29
4.38
7.92
11.3
8.88
6.96
9.66
15.02
14.23
13.91
18.87
23.07
23.33
23.25
23.61
20.14
16.23
19.8
20.75
13.83
7.14
16.32
17.91
17.25
18.11
19.23
18.47
14.7
14.43
21.85
21.17
15.25
9.39
-0.19
1.38
14.19
17.62
15.96
11.25
13.13
18.85
20.71
18.72
19.66
16.81
11.19
17.87
20.7
20.18
16.42
12.88
9.12
12.86
21.53
22.04
15.39
3.91
8.9
20.26
24.3
22.77
18.03
5.81
25.32
27.61
22.99
16.96
11.5
-3.72
16.44
20.62
19.5
19
19.36
20.67
5.72
20.43
20.85
16.33
18.45
21.76
12.98
19.39
17.7
8.91
6.93
17.02
16.42
18.28
14.78
13.65
15.51
15.35
26.38
23.95
-4.88
16.74
14.67
15.67
19.82
20.33
16.61
12.36
15.13
19.25
21.25
20.81
20.42
17.76
9.55
16.91
16.62
5.56
8.86
13.3
16.38
13.15
5.28
6.52
10.92
11.22
15.17
17.4
14.25
18.28
19.33
19.53
16.99
1.71
11.25
10.56
21.79
25.32
23.82
16.51
-0.57
2.98
7.28
13.67
7.51
13
17.68
20.22
23.16
20.97
14.93
-12.54
4.55
6.11
4.8
9.29
11.79
11.25
7.78
2.28
6.31
15.63
16
12.59
12.82
15.75
10.57
12.39
11.11
-10.3
3.6
2.81
8.04
8.88
2.19
12.74
13.31
10.28
10.1
11.83
12.04
10.22
7.02
6.64
11.59
16.5
16.63
18.3
18.2
19.23
21.66
20.98
10.58
15.83
20.55
23.96
25.89
23.79
17.84
20.09
18.57
13.7
-7.37
18.15
20.75
20.81
22.4
19.02
17.33
19.45
20.52
22.37
24.68
27.05
25.93
22.77
23.79
25.08
23.92
22.59
15.42
16.88
25.18
25.65
20.25
20.63
21.14
17.57
17.21
18.18
10.75
18.09
23.98
25.73
24.4
21.14
22.04
27.1
28.02
23.8
13.73
13.78
14.67
22.2
27.34
26.61
24.64
24.4
22.3
18.53
13.64
18.26
20.62
15.81
23.45
26.09
26.32
25.15
24.26
24.22
24.38
24.61
23.08
24.34
26.51
27.29
26.93
23.2
21.96
22.55
19.67
23.38
23.03
18.64
20.35
27.5
29.99
28.53
26.02
16.65
19.07
16.76
14.77
18.32
14.75
18.86
25.79
26.95
22.81
11.36
14.8
23.38
27.35
27.38
26.81
26.21
25.68
26.33
26.35
23.02
20.6
26.08
28.05
24.44
19.44
19.79
17.21
19.69
19.14
4
20.48
25.02
24.24
23.84
22.71
22.67
19.51
15.62
18.89
16.36
20.41
22.08
17.65
24.32
26.65
20.13
8.27
0.06
23.41
26.04
21.58
18.94
23.48
28.94
25.51
18.05
18.78
24.1
20.67
12.4
15.83
19.33
25.26
26.57
11.1
25.07
24.52
20.36
14.35
20.93
26.47
26.25
15.69
1.47
14.28
16.74
14.73
19.32
22.27
22.82
23.31
19.4
15.59
7.66
19.61
18.33
14.39
16.91
11.74
-6.05
13.32
18.47
17.91
15.8
10.62
21.36
24.14
24.82
24.78
25.07
21.02
11.94
20.49
22.11
22.52
27.13
29.98
28.78
26.08
23.16
24.46
25.17
17.11
20.67
24.92
26.41
22.02
16.26
17.46
10.04
23.17
23.33
12.4
19.21
22.56
24.9
23.83
20.01
19.78
16.91
23.73
21.85
13.59
-4.98
13.69
17.46
20.19
18.06
21.29
0.74
15.26
13.58
8.34
21.67
26.18
28.87
27.09
15.03
9.63
19.76
21.36
19.21
4.35
20.82
25.36
24.48
21.67
20.53
21.03
22.64
19.46
23.03
21.13
15.64
13.95
-9.29
15.04
17.61
17.01
13.77
12.22
17.23
11.52
19.66
20.36
23.4
23
18.07
11.65
18.65
14.79
9.46
20.15
25.44
26.19
22.38
10.66
15.92
17.65
16.05
7.33
11.55
10.3
9.68
16.92
20.98
18.72
12.27
8.14
14.04
11.55
19.56
25.17
21.8
16.61
18.99
19.14
21.26
19.51
17.17
18.02
19.45
12.77
20.01
17.69
17.47
20.33
14.03
7.28
12.39
14.59
-0.01
13.58
15.46
12.12
12.61
14.07
16.71
5.43
20.74
23.55
22.08
21.35
20.7
17.98
12.81
10.95
20.77
21.58
15.12
1.73
11.91
19.27
20.84
17.48
9.25
-0.85
-2.22
9.59
17.27
21.09
20.11
17.54
14.21
13.25
16.48
11.43
14.08
20.58
21.65
18.61
-1.53
11.14
16.65
10.84
12.09
22.27
23.73
15.67
16.07
21.96
17.84
12.93
14.76
17.14
16.75
17.01
18.69
15.28
15.47
16.08
16.15
6.01
7.53
9.79
19.66
20.05
17.55
19.83
20.95
19.61
17.31
12.71
14.86
11.64
15.78
18.12
16.12
11.43
12.88
11.52
17.88
19.08
18.71
14.81
4.28
18.78
21.85
21.4
13.66
12.63
19.21
23.82
23.11
16.04
8.52
15.17
9.54
9.92
13.91
13.82
1.72
15.64
20.77
19.57
25.75
23.99
19.74
17.67
18.54
17.54
10.4
12
14.15
17.71
25.13
26.98
25.37
23.78
25.61
26.92
21.26
7.95
24.41
26.68
23.78
18.86
12.52
21.18
22.56
8.9
18.21
16.8
15.43
19.76
21.41
21.39
18.72
18.01
23.31
26.76
26.75
24.8
20.62
19.83
20.13
18.05
21.74
23.12
18.99
21.94
23.47
20.1
22.07
21.59
19.52
19.9
16.95
21.01
27.49
29.8
28.4
24.4
20.27
7.2
16.06
18.36
12.02
14.07
23.29
22.3
22.68
25.34
15.14
18.47
14.36
11.21
8.54
20.7
20.56
13.05
21.66
25.21
26.75
25.37
19.66
13.19
15.27
20.94
18.85
7.72
9.02
19.16
14.7
17.75
20.04
23.21
21.38
17.79
19.31
21.38
19.99
13.09
17.76
19.37
8.63
24.36
29.71
28.29
24.26
24.18
6.7
22.78
19.3
21.29
18.68
29.59
31.76
23.68
24.28
26.81
13.63
20.87
20.75
17.64
20.21
21.69
24.25
21.6
23.63
20.14
19.02
25.15
22.28
14.8
13.09
21.32
31.43
28.38
21.33
22.67
30.12
27.8
25.44
28.19
23.81
16.43
20.25
24.24
25.55
26.28
24.41
1.24
23.51
24.33
15.6
24.15
23.07
13.88
20.67
22.71
30.24
43.68
46.61
40.58
22.88
18.45
23.55
17.62
22.22
22.18
22.79
17.82
16.56
23.75
25.54
23.3
20.49
19.01
21.56
23.25
29.65
30.88
23.71
16.79
19.09
14.06
15.62
15.94
25.03
41.61
47.17
43.47
23.87
27.51
24.08
19.04
20.64
16.47
20.87
22.34
20.38
17.26
11.57
12.93
12.45
19.13
16.67
16.83
17.48
3.99
26.38
32.4
36.63
35.8
28.07
25.87
26.3
27.59
27.43
26.28
29.23
32.1
29.98
19.54
19.89
15.82
13.83
19.75
19.63
10
5.58
19.81
22.27
24.44
21.38
4.9
20.57
23.32
19.95
10.71
14.68
32.44
39.72
38.88
29.14
17.61
16.27
19.33
26.29
30.32
28.08
24.78
20.26
14.5
32.8
37.52
33.64
24.91
15.77
8.23
15.66
18.62
20.02
21.74
17.2
22.17
21.75
17.63
14.77
20.3
22.37
36.73
41.85
37.44
18.83
26.02
22.96
5.75
20.73
19.14
20.68
20.06
15.96
2.93
16.45
27.07
26.84
15.75
8.38
16.06
23.29
27.19
24.24
12.97
12.61
12.4
18.6
21.76
24.79
18.41
17.87
21.14
22.32
16.4
11.52
7.93
16.55
22.2
23.28
20.69
17.12
18.76
26.68
27.56
19.24
8.48
14.09
18.67
19.53
10.79
16.3
21.94
24.41
17.37
33.37
38.86
33.6
23.08
16.43
19.68
13.62
14.78
20.21
19.26
23.04
25.12
24.12
19.96
20.21
22.04
13.25
21.62
22.16
14.99
18.3
21.32
20.16
20.53
17.62
15.61
12.93
16.8
21.76
23.36
23.96
22.08
23.23
26.2
33.63
34.26
27.61
23.01
24.19
22.73
17.65
20.7
24.83
28.28
32.12
31.42
26.82
23.31
12.64
20.62
19.89
20.51
17.71
19.99
23.31
24.12
26.04
22
12.56
16.44
17.91
21.89
20.4
17.66
21.9
24.7
22.58
19.77
21.62
14.14
19.22
37.03
41.74
36.7
28.8
28.82
16.49
18.11
21.45
24.85
21.95
30.85
37.13
35.45
27.29
26.67
23.24
21.47
21.69
30.58
28.85
18.38
13.36
28.75
31.26
27.83
17.86
19.21
18.31
25.39
27.41
21.7
31.63
30.13
26.66
31.33
24.43
17.2
26.28
27.05
24.43
24.49
20.59
30.24
19.64
25.87
26.41
21.09
10.83
23.94
23.97
13.76
26.39
25.23
26.15
27.77
28.28
28.9
26.38
12.28
19.7
22.29
26.02
25.3
23.08
21.14
19.87
19.01
20.74
22.39
24.25
15.81
25.19
26.95
27.75
18.12
15.99
20.11
27.51
43.46
49.48
46.56
32.07
20.85
17.91
26.82
25.6
20.81
22.1
36.84
47.14
48.2
40.3
24.47
20.49
18.71
20.17
21.9
14.98
24.67
29.77
32.86
33.46
28.1
26.94
27.89
6.82
25.52
28.42
29.39
21.69
20.87
22.97
14.73
27.8
27.67
26.88
30.51
27.85
22.32
30.41
31.56
29.08
17.09
24.44
30.34
32.39
29.17
25.13
23.89
20.86
29.13
32.94
31.4
29.57
26.15
24.59
32.79
32.28
30.67
26.92
16.24
26.76
33.16
35.68
33.62
29.11
27.58
28.93
28.96
29.15
26.11
22.36
26.57
27.5
29.8
26.76
13.68
21.46
11.72
24.5
26.01
26.19
29.02
10.31
21.54
23.66
27.62
24.66
19.67
12.56
21.33
27.03
27.21
22.13
20.03
28.02
28.92
19.99
24.43
28.6
26.39
30.63
29.3
26.78
28.36
27.8
30.66
28.88
22.7
19.56
25.96
25.72
24.39
22.62
22.5
30.99
25.6
28.9
29.97
23.56
27.4
27.68
25.13
27.77
27.39
14.98
22.57
23.85
23.81
27.31
29.92
28.1
22.27
30.62
32.17
26.62
18.93
12.47
22.93
25.79
20.33
21.17
27.61
29.38
26.25
25.11
24.78
26.91
25.12
23.17
25.29
14.62
24.12
20.24
19.71
25.98
23.83
25.52
28.61
23.97
23.49
28.23
30.17
28.87
23.42
25.52
21.06
17.4
20.4
18.16
9.01
19.91
19.88
18.01
25.51
25.27
27.2
23.05
5.06
12.07
6.85
15.96
20.99
22.48
22.85
27.19
27.44
22.13
23.71
23.27
11.88
14.68
16.37
11.14
15.04
25.3
26.69
22.42
22.54
23.85
20.26
24.65
25.03
17.61
12.2
18.04
17.94
13.99
8.54
12.85
9.71
20.24
24.03
21.3
16.83
24
26.84
25.31
20.31
25.07
28.43
29.23
27.18
17.27
18.78
23.02
23.48
24.92
27.33
29.05
27.79
24.42
22.26
23.13
20.94
17.67
7.52
12.94
18.07
22.64
27.99
29.92
29
27.02
27.25
26.74
26.17
20.11
13.81
21.41
20.05
12.84
15.48
25.06
27
25.28
18.41
16.02
3.73
14.43
16.38
12.3
15.62
9.28
19.48
23.03
24.38
18.75
15.54
4.42
14.28
11.02
16.74
25.37
28.54
28.46
26.32
20.9
16.56
9.42
18.92
18.98
21.26
22.48
24.7
26.66
27.34
26.77
23.67
18.89
20.4
19.16
7.36
18.3
19.02
22.59
25.85
27.13
26.66
24.57
22.86
21.69
22.68
21.18
17.68
19.75
21.3
19.8
28.88
29.57
25.6
11.81
19.37
26.11
25.19
25.03
23.42
22.28
28.95
28.43
23.82
20.68
20.46
23.97
21.79
19.78
21.89
24.59
19.26
22.23
23.01
19.28
23.21
29.11
28.67
27.64
23.04
23.15
30.09
24.99
24.97
27.88
27.64
27.09
25.49
22.09
22.7
25.85
30.86
32.57
29.99
22.05
28.1
21.93
17.66
24.35
27.92
23.72
27.27
29.54
26.04
21.97
27.56
16.27
25.68
28.8
28.21
27.57
31.09
33.91
31.84
23.99
22.12
25.72
30.37
25.44
21.98
17.98
19.97
20.13
17.96
25.05
30.86
32.37
31.74
30.06
31.41
34.11
30.43
22.42
25.25
20.5
8.47
21.24
30.66
28.8
15.45
18.7
24.06
17.43
24.63
28.69
28.99
21.84
10.56
17.65
23.75
24.11
20.14
23.24
29.75
28.37
19.85
12.36
26.97
30.9
29.89
29.08
27.63
24.7
25.04
26.43
27.6
27.56
24.22
15.11
20.4
25.59
23.3
14.28
28.7
32.7
33.76
30.22
19.29
19.92
24.08
27.99
29.07
23.73
14.66
21.71
22.77
25.69
25.48
25.04
27.65
26.95
19.81
18
23.07
23.87
27.37
24.65
17.86
14.34
23.62
23.14
21.57
4.69
24.98
27.29
24.36
21.79
25.11
27.66
23
18.63
26.82
29.08
31.08
32.38
31.26
29.09
29.11
24.83
20.5
23.65
24.78
25.64
25.98
26.88
28.18
25.46
12.33
17.48
21.46
26.21
23.13
20.51
22.73
22.46
23.4
20.58
20.58
25.18
25.06
27.56
24.11
20.99
25.22
19.92
16.1
22.66
26.44
25.14
18.61
2.81
16.07
22.3
19.63
7.48
20.86
26
28.89
28.09
21.72
21.39
16.97
18.11
22.37
21.88
18.63
22.63
20.32
20.15
25.55
18.49
25.44
26.45
25.32
23.34
14.78
18.76
20.63
21.38
26.99
26.22
21.95
24.6
25.07
21.65
15.02
20.08
18.81
11.6
9.82
21.51
25.93
21.06
24.22
24.64
16.11
12.71
18.78
18.69
13.22
16.61
22.37
25.93
28.25
28.49
21.56
20.94
21.99
17.73
16.89
14.33
13.33
16.37
20.28
17.88
17.88
16.04
19.33
22.06
15.89
5.44
14.16
19.46
14.43
1.82
-1.69
2.41
9.65
22.59
26.09
25.12
23.09
22.27
23.25
23.65
22.78
21.08
19.02
14.69
13.12
11.43
7.49
19.88
18.65
10.24
12.15
17.92
15.27
7.92
13.31
18.5
17.77
16.6
16.22
13.74
17.59
22.99
22.11
17.87
16.52
11.62
10.2
11.81
11.87
19.29
25.13
25.59
23.52
20.86
20.3
20.06
22.06
21.33
19.07
16.19
6.24
16.71
21.14
24.16
23.92
19.57
15.57
13.36
10.49
11.2
20.75
24.52
24.56
22.39
18.99
14.9
12.54
12.26
12.68
12.54
12.43
21.58
25.52
22.78
18.42
12.03
19.02
19.56
5.25
13.31
18.27
23.27
24.25
22.17
18.44
18.68
19.29
16.11
22.89
26.55
23.84
15.6
12.59
4.44
19.41
21.98
18.44
16.95
21.95
24.19
21.39
20.47
23.02
23.49
18.96
17.27
8.52
9.16
10.58
12.49
17.07
16.26
12.95
23.22
27.47
28.09
26.11
21.9
14.94
15.06
13.43
13.2
15.65
7.18
13.76
11.96
6.83
19.98
25.91
24.98
20.07
22.36
21.51
19.77
17.86
12.42
4.74
-0.83
17.3
20.18
21
21.52
18.54
16.3
3.89
16.29
20.78
20.84
20.33
20.19
20.41
22.11
24.14
16.68
17.21
17.66
13.71
13.45
7.29
15.49
20.65
17.05
11.69
12.79
21.46
23.34
22.09
17.33
13.57
21.03
25.55
23.68
12.27
18.38
21.13
20.72
18.04
14.73
18.74
22.04
21.06
18.84
16.22
20.75
19.1
15.09
16.2
1.84
3.38
18.71
19.15
14.67
17.33
9.13
10.9
12.34
16.22
12.91
24.17
25.33
19.92
16.04
22.45
24.02
23.21
17.15
9.66
19.87
16.56
16.55
15.74
20.44
13.83
18.35
22.8
20.22
18.4
17.73
24.88
23.7
19.24
17.92
15.89
18.84
23.68
27.21
25.17
14.43
14.67
20.13
20.32
20.45
15.59
12.98
4.24
17.2
19.89
19.01
8.25
18.29
12.18
17.68
21.13
21.69
17.25
14.28
15.86
16.01
21.28
25.03
24.62
15.21
18.58
12.43
17.46
22.2
19.6
20.22
15.48
21.66
22.17
10.87
23.26
24.99
21.16
21.16
18.09
18.02
27.84
28.53
26.85
31.19
36.93
33.03
24.36
25.76
15.26
16.69
5.64
21.83
17.43
12.3
13.59
12.94
22.88
25.05
15.27
20.41
19.52
22.64
22.45
17.88
24.28
24.23
21.29
16.89
10.82
7.87
15.63
20.98
22.49
21.23
17.97
19.46
19.94
24.7
24.2
23.67
24.59
21.56
15.03
4.67
16.64
22.38
22.78
13.65
23.1
27.47
24.5
19.13
19.97
18.31
18.28
20.22
16.62
16.02
23.93
23.07
15.36
7.99
22.43
24.43
16.04
23.25
24.12
10.59
24.84
30.02
30.21
23.99
8.43
8.42
15.05
18.33
23.34
22.63
17.04
10.29
19.98
21.57
22.31
17.71
7.1
16.87
17.91
14.8
5.19
15.16
18.49
16.75
12.25
12.57
10.44
9.39
10.46
5.78
13.7
19.07
19.85
16.85
10.83
14.05
11.93
16.93
18.36
16.41
13.74
16.79
23.24
20.33
14.58
9.99
16.31
23.17
20.06
6.65
13.39
11.56
21.77
25.41
25.05
21.19
7.51
13.08
8.71
22.31
23.98
23.4
21.51
17.41
18.87
14.01
13.14
22.68
23.4
20.76
9.19
6.33
5.52
13.18
11.23
12.73
20.46
19.93
10.65
19.52
19.78
19.62
18.2
3.58
10.43
21.18
22.4
19.38
11.38
19.22
17.65
22.07
19.81
17.16
19.29
17.94
15.32
17.45
17.69
12.26
17.09
17.84
15.92
0.1
17.47
20.87
18.57
19.69
22.6
22.9
19.88
19.07
19.83
18.65
14.71
20.93
18.9
14.67
11.78
21.76
21.33
17.5
13.27
21.67
20.33
16.22
18.76
20.31
14.77
19.29
22.51
15.89
16.13
20.23
11.72
21.42
22.07
17.47
8.75
11.8
7.56
20.72
19.03
15.83
15.71
15.4
13.36
19.89
13.06
-0.23
8.66
13.03
15.45
19.76
17.08
1.5
-1.56
16.86
21.64
18.22
19.42
24.88
23.55
20.7
22.49
20.75
6.79
20.16
27.28
28.09
23.81
18.99
12.5
16.9
16.48
6.61
8.94
0.35
12.5
17.09
16.63
17
18.49
20.99
16.93
-5.93
7.57
11.23
8.54
9.97
-0.75
10.47
18.01
11.32
9.15
1.93
17.26
20.6
19.92
14.11
-1.42
11.16
13.5
18.36
20.22
14.84
8.05
14.71
15.38
16.22
16.72
12.77
12.94
16.59
19.34
20.75
19.16
14.64
8.59
20.67
21.51
18.04
16
16.55
18.38
16.11
6.48
14.55
17.89
14.99
14.91
11.34
12.69
9.72
10.2
17.83
14.35
7.06
12.91
8.67
1.08
11.93
11.12
14.93
16.48
17.26
14.67
12.7
12.71
9.6
13.16
13.56
16.6
18.86
17.84
17.54
17.87
17.27
16.44
18.68
17.58
10.13
6.04
17.75
16.07
1.57
15.3
9.69
10.31
14.12
6.79
10.75
14.67
16.84
18.61
18.99
20.14
11.88
16.81
15.68
0.94
14.09
14.18
11.83
13.19
18.04
17.46
8.83
15.59
14.66
12.05
15.02
21.23
21.61
12.64
13.31
18.93
20.27
19.2
17.61
18.17
18.6
16.94
16.66
14.94
15.91
16.82
14.57
11.68
20.53
20.57
14.75
14.11
13.81
12.48
9.73
11.59
17.4
18.46
16.71
14.68
10.17
3.72
9.85
11.16
10.14
0.2
17.47
22.33
21.49
14.39
11.01
6.19
12.91
19.43
20.16
19.48
17.38
13.49
3.65
15.32
20.12
22.99
21.49
13.53
8.5
16.7
15.05
7.72
9.64
8.7
11.15
9.09
9.23
16.75
20.09
17.68
13.44
17.13
18.57
10.31
15.33
16.89
17.85
11.74
3.52
12.75
11.46
15.07
13.46
16.11
17.22
17.3
18.85
17.27
14.58
15.32
8.21
14.35
21
17.55
5.79
15.47
19.75
19.07
17.66
13.34
17.81
14.4
5.91
11.58
11.6
17.69
19.15
15.33
15.06
14.21
14.63
13.75
12.55
15.27
22.56
23.75
20.66
14.36
15.2
18.9
15.51
3.11
11.73
9.34
-2.7
10.38
10.78
11.5
14.77
18.82
19.58
15.09
7.28
15.09
15.61
9.83
17.08
17.59
14.23
4.04
15.78
17.71
17.1
13.48
13.44
17.7
18.66
13.51
-0.03
5.4
18.7
22.8
21.17
17.31
17.82
16.03
8.57
13.81
19.92
22.47
22.01
12.57
12.56
18.25
16.19
-0.06
19.36
22.65
18.14
13.99
17.13
17.09
12.82
16.8
20.7
17.77
9.42
20.32
22.67
22.24
18.21
-6.55
13.16
15.96
11.45
15.07
22.17
22.35
16.29
9.31
17.24
22.44
21.99
15.44
14.9
13.92
12.22
11.25
16.01
17.52
12.45
21.02
22.48
22.56
19.46
10.08
18.78
19.08
14.81
11.22
-2.71
5.97
8.37
12.73
10.66
20.81
17.69
12.07
10.71
15.32
17.39
14.92
19.3
22.93
20.67
11.91
7.48
10.8
20.94
22.53
13.91
12.71
14.79
18.31
23
21.43
16.28
11.45
9.61
8.03
5.95
10.75
15.94
19.19
12.37
16.49
19.18
11.82
7.37
3.51
4.95
7.25
5.32
5.14
8.95
16.96
17.76
9.81
7.99
-3.46
11.12
12.63
7.96
5.52
6.46
9.14
7.59
5.5
6.52
7.82
5.15
10.36
12.87
11.69
16.67
17.68
13.95
1.81
7.33
12.69
12.55
15.48
14.6
2.09
15.2
13.27
13.39
14.18
15.41
13.54
12.49
17.73
21.71
21.54
15.53
8.7
4.6
0.29
6.86
17.94
19.95
18.74
12.57
0.55
8.71
14.95
8.29
6.34
2.48
13.39
14.79
13.73
14.03
17.21
8.72
13.26
13.89
22.08
24.59
21.77
16.23
16.58
14.46
0.12
18.64
20.53
16.24
13.75
15.32
12.8
9.17
11.82
3.71
12.33
19.01
20.4
12.73
16.8
16.77
14.39
16.93
17.83
17.56
19.49
21.68
21.89
21.58
17.71
10.01
11.81
16.78
16.49
14.68
17.91
21.14
18.67
13.84
16.54
16.86
15.76
16.23
18.02
18.57
17.31
15.54
16.97
11.75
12.64
-2.94
14.48
17.51
20.61
20.4
13.53
10.82
13.96
8.04
16.22
12.3
13.65
16.98
8.2
8.93
-1.83
8.7
14.62
3.44
13.01
14.25
12.74
12.9
9.13
18.58
15.29
20.46
18.34
15.6
15.66
7.74
12.36
16.81
20.91
20.59
20.62
20.9
22.21
22.61
19.03
15.8
7.93
7.78
17.2
19.15
16.47
12.76
17.63
17.9
15.91
13
10.78
-2.65
14.26
15.67
13.72
9.75
17.7
21.63
18.43
14.42
14.8
16.47
21.68
20
17.34
15.02
9.66
14.21
19.62
21.41
18.83
17.09
18.39
20.32
16.9
18.85
3.3
13.41
14.82
18.31
21.24
20.42
18.08
-2.05
10.94
11.87
-0.8
11.93
14.19
18.52
17.33
13.91
18.09
20.2
14.07
8.88
17.87
19.99
21.35
17.22
17.46
19.99
16.83
17.96
17.22
17.04
13.3
0.73
18.61
24.03
24.1
21.8
18.6
16.19
16.05
14.27
17.62
15.81
11.47
17.63
19.66
16.38
2.99
14.37
14.6
20.71
21.02
17.67
16.45
17.44
17.93
18.59
19.92
21.97
21.16
19.32
19.97
18.84
16.95
11.01
22.57
25.52
23.31
22.44
19.43
17.22
18.87
18.49
14.4
17.01
22.2
22.26
19.88
12.8
9.87
18.68
21.15
18.9
17.94
19.29
17.81
14.58
21.3
22.89
22.58
21.98
18.61
17.27
19.19
21.86
20.98
16.7
18.66
21.2
19.64
15.07
20.05
24.32
24.06
22.1
22.29
22.02
16.42
12.54
17.08
19
19.52
17.71
16.77
16.15
16.15
18.83
2.05
14.86
6.21
6.35
9.89
6.14
7.9
18.5
21.24
17.79
16.94
23.62
26.26
23.57
17.98
18.76
17.53
20.05
16.31
8.87
8.74
9.81
13.11
12.76
8.83
17.57
19.8
19.69
16.9
19.55
20.68
17.77
7.71
11.9
19.2
18.29
22.16
25.64
25.05
23.84
22.1
20.13
19.95
13.25
19.47
23.35
24.7
23.1
23.32
24.52
21.47
20.09
23.8
23.8
22.01
21.36
21.87
18.62
6.77
12.28
10.39
9.26
-1.03
17.85
19.26
16.77
18.46
21.57
22.96
20.12
11.9
14.37
18.52
16.44
12.09
14.85
20.29
21.8
21.12
19.77
16.25
21.86
25.04
24.82
23.78
21.49
18.66
20.94
21.83
21.73
19.68
18.88
21.61
23.01
22.28
20.61
19.69
15.04
3.8
11.8
17.27
18.2
19.9
20.56
19.14
21.51
22.05
20.2
13.3
16.79
22.05
18.33
19.4
22.79
23.39
22.4
21.29
21.07
18.15
18.34
17.59
18.1
18.93
13.45
14.67
20.61
19.75
14.54
15.56
20.35
21.1
18.51
17.48
18.71
18.38
16.94
14.05
8.25
8.07
5.52
17.7
20.14
18.13
19.36
16.36
5.41
13.59
13.87
7.82
13.68
7.53
9.29
2.42
9.42
9.86
7.54
10.13
17.48
17.92
15.18
5.44
8.2
9.96
10.29
6.97
12.65
13.74
17.06
17.88
13.67
14.19
16.32
16.29
6.38
2.66
11.35
15.55
15.59
5.76
10.68
12.06
10.31
10.25
14.7
9.27
6.98
12.6
8.59
18.2
20.04
16.11
13.83
16.34
18.58
17.25
11.93
11.9
12.96
0.6
12.29
9.51
7.61
14.5
14.58
9.38
5.75
10.88
13.95
14.6
12.99
9.09
9.01
3.97
10.53
9.22
9.46
13.8
11.21
9.75
8.83
7.01
11.26
13.75
13.13
8.39
9.89
12.5
14.82
13.21
-1.1
10.43
12.36
-6.05
16.15
18.07
14.48
11.71
12.69
14.02
16.22
19.02
19.08
19.3
10.15
15.28
17.39
12.62
16.72
20.9
18.37
-0.28
17.42
16.4
9.6
9.56
19.06
16.57
15.63
20.27
18.2
-2.43
16.71
9.76
10.33
13.54
13.25
8.26
18.68
19.75
15.29
6.37
8.06
5.45
10.78
10.7
-1.56
3.07
10.3
19.15
21.59
18.9
15.03
10.25
7.94
2.67
10
4.15
7.1
4.67
16.75
17.22
6.77
12.08
18.18
18.58
14.48
12.13
13.84
9.21
9.2
15.01
15.64
14.19
12.88
-2.6
13.2
16.78
13.81
8.6
1.05
-6.63
7.89
16.41
19.49
19.52
16.4
12.94
14.11
6.2
9.99
14.72
14.94
-4.24
12.32
14.49
11.91
8.9
10.63
12.56
14.79
19.25
20.18
12.18
12.48
15.49
11.37
15.82
18.27
15.89
15.07
15.99
14.84
10.08
7.9
9.37
17.9
17.53
11.54
15.34
16.59
14.23
10.91
11.31
10.02
-0.51
2.64
14.24
14.38
10.62
12.3
6.18
10.55
11.54
13.62
13.4
4.45
8.73
15.5
14.9
12.56
14.13
13.37
6.41
13.09
18.06
18.73
17.04
12.15
12.93
6.45
8.17
7.35
10.06
13.57
8.8
9.67
15.15
14.91
9.71
16.56
15.06
4.04
14.14
17.08
15.39
4.37
8.78
16.63
17.93
18.6
12.67
7.4
9.43
15.07
10.9
-1.39
13.51
15.58
15.55
17.45
17.61
17.26
14.74
7.4
7
14.9
15.72
2.79
-3.73
2.72
6.42
14.53
18.35
17.7
15.44
8.88
17.42
12.98
4.82
8.39
9.14
13.82
13.5
9.36
14.04
17.25
17.99
13.75
16.65
17.71
13.9
14.43
10.51
3.54
9.57
12.72
13.56
19.45
20.25
14.67
0.36
5.78
15.54
17.36
10.01
1.21
13.71
21.16
18.99
16.52
18.96
19.2
16.19
13.29
12.38
11.98
13.13
8.91
12.77
20.13
20
18.96
16.17
13.7
11.72
7.34
11.59
11.77
5.51
-11.08
9.93
12.18
10.52
4.72
2.99
6.04
1.2
10.85
14.58
9.09
12.3
15.15
14.64
18.32
16.97
14.99
16.42
16.41
15.21
14.99
14.03
7.6
12.18
12.94
9.67
3.08
12.09
16.49
15.51
11.27
10.2
14.98
12.47
11.16
12.55
9.03
11.37
14.89
15.77
16.91
16.68
-3.31
16.87
18.17
12.44
5.72
0.13
8.18
14.54
14.2
11.55
11.31
13.88
16.3
15.99
10.55
5.66
12.92
5.24
3.41
12.16
13.02
-0.66
4.12
6.67
11.17
14.61
15.96
12.84
1.52
12.68
15.61
9.58
9.42
14.54
14.28
4
10.19
7.86
2.47
-13.62
4.64
6.84
8.51
8.14
9.78
6.94
9.41
13.08
14.19
17.18
19.6
18.42
15.64
15.27
13.26
10.49
0.15
5.05
9.92
16.45
15.88
13.63
12.08
11.53
13.13
7.31
7.77
11.3
13.98
8.42
11.12
9.78
8.06
-1
8.34
8.81
11.44
12.4
9.28
3.84
12.23
11
10.73
10.96
13.22
15.24
14.62
6.52
6.39
9.39
9.46
1.11
7.53
10.62
12.75
6.43
3.67
5.95
6.18
11.18
16.43
17.74
8.71
15.4
18.63
17.47
17.49
10.59
12.15
16.36
9.06
9.72
7.93
9.82
6.96
11.56
2.44
6.23
6.34
4.99
4.06
7.33
6.17
6.9
3.2
13.48
17.96
14.68
10.25
14.74
11.26
3.53
9.01
9.59
10.68
10.87
7.74
-4.47
12.5
17.52
18.1
17.94
19.32
19.88
16.73
8.67
10.74
-5.05
1.26
14.35
17.92
14.15
7.99
10.75
13.29
13.52
9.54
9.94
11.95
12.71
9.64
-12.69
-0.32
11.46
13.36
10.38
12.04
14.36
9.8
-1.81
9.59
11.02
11.35
10.15
12.29
12.45
6.02
5.76
2.25
8.64
4.74
4.22
1.04
10.68
8.78
4.68
1.64
5.13
-15.86
11.09
14.05
16.34
17.08
9.42
8.07
6.58
3.43
-1.28
-1.01
13.13
13.38
12.7
14.04
9.74
9.19
15.18
16.44
15.23
3.19
4.31
8.02
2.69
11.24
11.89
8.67
9.6
13.99
15.81
1.13
16.96
16.13
-1.01
9.87
14.34
15.77
16.29
10.39
9.51
12.65
8.3
-1.82
-9.64
0.59
6.14
10.64
1.96
13.84
18.5
15.01
8.09
11.69
13.91
15.05
12
10.55
10.24
-1.91
14.93
15.81
5.05
9.51
11.5
9.95
7.73
3.37
6.62
5.15
12.2
6.66
-4.4
6.44
12.56
11.3
-0.92
4.03
9.41
14.92
11.12
7.66
6.29
17
17.93
9.83
-14.17
-1.28
9.26
14.67
16.92
15.24
14.13
14.19
9.21
2.98
10.52
-4.24
-0.15
4.21
9.81
7.51
16.26
16.24
7.01
13.57
18.14
15.89
11.79
13.44
16.55
14.32
12.65
16.9
17.8
17.34
10.57
7.32
7.21
5.05
12.02
12.83
14.28
12.02
16.52
9.98
11.31
11.8
5.75
9.01
11.04
14.91
3.91
9.44
4.84
7
8.96
8.06
14.75
18.14
16.84
5.94
0
11.03
15.68
13.46
7.44
15.5
14.91
14.78
15.98
10.14
0.15
0.35
6.19
1.49
11.78
16.12
18.79
16.43
8.12
4.35
8.29
13.66
10.74
-2.91
8.29
7.28
9.84
12.11
11.14
10.93
-1.31
9.09
7.93
5.74
8.94
-3.06
9.09
15.15
17.32
10.79
14.35
18.86
13.57
10.98
15.11
7.05
-2.37
13.28
18.63
15.25
11.47
8.81
1.86
5.22
6.19
3.88
6.53
0.66
11.12
16.19
12.77
18.96
18.63
9.93
6.34
-5.29
15.76
19.46
18.53
15.49
13.86
13.53
5.76
12.45
14.44
12.76
6.15
7.95
10.16
9.14
13.08
15.64
11.38
-0.41
-7.87
-1.84
8
11.76
16.26
17.8
17.46
12.2
13.65
13.74
9.95
7.76
10.52
8.85
8.9
7.83
7.4
11.35
12.48
13.78
13.64
11.83
4.73
5.66
6.71
11.81
13.32
10.73
-4.62
6.93
14.83
15.51
9.88
3.97
11.34
12.85
12.28
2.05
5.37
9.22
13.26
11.48
9.93
6.2
12.61
12.26
14.16
18.05
17.93
13.65
4.31
9.38
7.93
-1.24
-2.49
0.88
8.87
0.47
6.55
4.89
1.23
3.42
8.54
13.18
10.94
2.77
8.28
6.18
6.67
4.36
10.69
12.46
12.23
14.7
15.42
9.26
-4.76
9.92
12.5
11.31
11.27
5.23
4.55
6.49
8.29
5.92
10.37
11.15
13.15
12.76
7.48
8.45
11.22
7.18
13.5
17.91
16.21
8.44
2.3
10.13
7.91
7.52
17.1
17.72
13.1
17.7
10.28
7.62
-3.99
5.21
-14.51
10.45
9.91
1.92
5.6
7.14
12.3
17.31
21.56
20.58
7.14
14.3
16.32
15.06
13.93
13.86
8.74
11.84
17.14
15.08
-6.79
11.97
3.02
4.98
8.07
9.28
9.8
12.19
11.97
6.49
6.79
5.4
11.45
10.14
14.11
9.09
9.27
8.82
11.17
11.61
10.57
5.36
-0.94
2.88
10.15
10.56
3.46
11.49
16.57
16.84
12.59
0.72
4.18
11.65
11.42
-8.93
6.22
11.05
18.9
17.06
7.93
3.27
12.49
16.86
10.75
5.19
10.68
10.68
0.73
0.44
3.42
2.93
6.81
10.29
6.7
8.19
18.03
22.5
18.48
10.01
7.01
4.29
7.04
8.84
4.46
0.48
-1.57
8.21
10.99
11.72
11.78
9.4
9.97
12.78
13
10.95
11.29
15.19
12.33
5.54
11.03
10.4
10.78
12.39
9.9
1.67
-8.7
7.1
2.26
6.84
9.19
5.32
0.93
1.26
8.43
16.02
16.11
9.7
6.33
9.74
12.8
12.13
0.67
-9.07
3.22
4.65
-7.03
0.7
5.18
-1.16
13.19
11.94
-11.7
11.09
9.54
6.91
12.4
5.93
14.31
13.9
0.42
5.51
-2.28
9.48
16.09
17.69
14.27
9.34
13.15
16.77
17.11
12.53
-4.99
10.37
12.12
5.86
0.84
9.25
5.78
10.61
14.72
-3.64
10.4
4.02
7.69
9.32
0.69
2.53
5.42
4.2
8.29
14.4
17.27
13.59
2.72
11.78
10.11
13.2
15.88
14.52
16.66
20.74
20.65
15.47
2.69
4.85
14.25
16.57
16.64
15.15
13.28
7.15
12.59
15.44
6.4
6.9
0.25
14.59
16.06
11.89
13.48
20.07
17.85
12.4
11.68
9.48
7.37
13.75
18.33
17.55
14.1
12.05
12.06
6.95
2.82
8.41
13.83
12.91
6.4
10.41
15.61
16.13
11.2
8.04
12.25
13.23
15.65
13.43
11.29
13.28
11.32
7.9
15.73
18.99
15.85
5.09
10.84
1.61
7.11
6.93
-2.87
-8.51
-7.48
6.42
0.58
9.1
10.96
6.85
-1.02
10.75
14.02
12.16
10.24
12.22
9.23
12.58
14.67
12.74
4.64
4.82
5.57
11.87
14.93
11.21
7.7
12.47
13.09
11.23
5.95
-2.62
6.37
13.92
17.02
17.42
11.33
5.61
3.36
10.78
11.47
8.79
5.44
6.6
8.49
13.51
14.84
16.15
14.24
8.92
8.8
12.1
14.65
16.78
17.35
16.01
5.92
4.14
7.19
9.98
-2.85
9.3
8.6
2.86
5.02
11.36
14.82
12.53
5.09
-1.3
2.32
4.59
16.83
19.14
15.4
12.42
13.2
8.5
8.37
12.35
13.68
15.49
16.25
17.76
19.06
13.15
15.41
20.42
17.65
14.26
10.86
-0.35
3.6
6.7
14.7
13.11
12.1
9.58
3.38
9.92
5.55
11.17
11.52
4.78
3.66
0.4
7.73
13.19
16.19
9.4
13.44
20.9
20.11
11.85
4.27
4.26
0.43
5.95
16.74
14.91
5.19
15.4
15.31
11.08
-1.51
13.44
14.74
1.55
10.62
15.54
17.25
15.52
10.07
11.26
17.07
17.49
15.06
8.43
8.96
15.26
12.78
6.47
9.47
14.61
15.44
13.71
13.07
9.04
6.28
7.3
7.74
3.66
6.44
5.36
10.19
15.41
16.86
11
9.9
16.67
15.61
4.7
17.58
19.02
11.13
8.3
12.74
8.26
3.83
9.29
14.45
16.5
10.17
0.63
-1.71
4.92
8.56
8.91
9.58
9.89
13.58
14.95
13
12.28
13.64
7.65
9.41
13.78
12.23
5.9
7.61
11.93
16.18
16.94
13.49
10.42
14.52
16.09
13.1
5.16
2.21
8.32
8.69
11.95
12.32
10.51
16.45
16.83
13.59
11.74
10.65
14.18
16.75
16.12
14.06
9.63
-1.48
10.62
16.42
16
12.2
3.62
4.8
10.41
11.45
11.32
9.7
9.79
12.85
13.76
14.28
13.18
9.75
9.75
11.75
13.46
6.43
-0.03
1.4
7.01
9.68
8.78
13.57
12.66
9.73
10.33
11.59
12.66
16.61
18.39
19.89
21.29
19.8
13.39
5.92
4.5
13.59
11.93
8.73
7.9
-2.9
2.41
11
14.93
12.79
10.37
11.23
12.53
12.47
6.83
4.57
4.85
13.13
13.49
10.27
5.74
11.59
9.59
7.11
11.34
13.8
9
8.01
7.01
11.05
12.27
10.67
8.01
10.28
10.39
7.87
12.57
14.29
10.04
1.4
-1.69
7.07
8.51
8.2
15.43
17.39
13.52
9
14.05
17.75
18.21
15.99
13.87
13.64
9.73
-1.13
9.4
10.48
11.16
14.05
14.96
15.36
7.5
7.12
14.22
15.28
14.17
15.1
11.99
5.04
8.34
8.83
2.78
8.46
13.97
15.82
14.18
6.67
7.23
7.96
-6.75
-3.24
9.12
12.11
9.36
-16.03
10.3
11.7
8.83
2.41
0.46
7.17
13.26
14.14
11.56
8.66
12.06
12.97
11.35
6.21
9.97
5.52
13.12
19.07
18.36
10.9
7.17
13.73
10.96
5.54
14.1
16.92
17.51
15.18
9.85
11.85
10.36
6.48
7.76
11.72
10.84
8.46
3.41
9.73
9.99
5.79
12.98
11.59
13.91
16.41
14.89
8.54
13.8
13.49
3.04
2.74
11.32
15.18
12.8
12.62
12.71
12.81
6.4
9.68
16.78
15.32
9.04
12.2
11.15
9.22
16.12
19.32
16.15
9.89
14.01
12.02
7.85
-1.37
7.61
11.15
8.53
4.82
5.01
8.18
9.29
8.84
-0.45
12.45
14.45
10.48
-0.15
10.68
12.61
7.03
4.97
15.7
18.64
15.21
5.99
15.64
11.56
5.72
12.5
12.62
9.97
6.98
9.86
15.36
15.85
14.81
12.76
7.56
3.66
-4.04
5.37
-2.78
7.32
9.66
8.07
11.47
14.84
10.3
0.22
10.17
14.99
7.23
1.33
-1.55
9.66
11.96
4.8
11.67
12.14
11.46
10.6
11.93
14.56
8.92
3.44
5.97
1.07
9.17
5.98
1.59
8.41
11.23
11.53
11.55
6.12
6.09
11.95
15.78
18.12
13.62
8.07
12.2
13.06
11.5
11.54
14.66
12.96
3.88
12.56
14.13
15.5
18.65
15.42
10.15
6.51
5.5
9.37
4.16
6.2
9.52
9.04
13.71
12.67
10.26
12.56
14.69
15.09
9.52
7.87
8.5
-11.31
9.52
12.95
16.07
15.92
13.99
8.54
4.51
-3.51
8.63
10.74
-1.21
-1.83
-0.95
-0.99
5.1
2.57
4.99
14.02
14.94
13.08
14.8
15.71
7.86
6.31
12.48
17.96
15.66
10.63
12.6
12.31
3.98
7.23
13.33
15.41
2.16
7.46
10.24
12.1
7.81
7.66
12.6
7.43
12.66
13.48
10.45
7.1
6.36
9.67
13.2
17.95
14.32
-9.95
9.02
14.39
11.5
8.56
11.85
17.83
16.64
10.97
12.04
15.18
14.98
6.95
6.23
-1.76
7.01
17.05
19.36
18.01
14.01
10.26
13.2
14.34
5.52
5.08
-3.57
6.04
13.14
18.13
17.54
10.75
8.54
7.42
12.7
15.19
11.03
2.68
13.09
16.36
14.7
7.57
8.33
9.64
3.63
0.1
12.39
9.93
11.99
17.23
13.04
3.18
14.5
16.99
10.84
10.04
13.53
13
15.45
15.52
5.46
10.91
15
17.11
12.39
8.31
14.9
16.64
14.98
13.4
13.15
12.06
9.4
0.32
-0.84
11.57
15.1
16.83
16.43
15.96
13.25
13.99
8.59
10.42
13.83
5.7
14.34
18.18
13.22
14.01
12.73
-2.23
10.21
11.02
5.14
10.03
14.04
17.83
19.18
18.33
15.96
10.27
9.94
14.63
16.77
9.77
12.82
15.65
13.59
6.59
4.71
5.32
12.67
13.34
11.8
11.48
15.59
14.16
1.79
4.82
8.99
12.54
10.84
5.8
-0.41
12.93
18.75
18.97
9.87
7.96
9.32
7.61
6.55
6.76
7.97
9.38
5.33
3.33
1.61
-7.62
7.92
15.18
14.24
7.81
5.64
12.72
14.45
10.24
6.33
15.23
17.61
18.01
10.58
10.43
8.68
-5.36
1.18
4.62
-7.93
10.62
15.77
15.71
11.13
14.72
14.18
10.47
9.27
15.84
13.92
12.92
17.91
19.18
14.59
9.1
12.66
12.61
11.31
11.46
6.14
11.94
12.53
13.61
15.16
14.82
12.09
13.06
9.67
8.05
7.99
-2.25
5.75
10.42
13.77
14.35
6.69
-2.69
-1.32
3.36
7.26
6.64
8.71
17.49
17.61
17.29
13.92
6.42
8.73
2.91
8.3
10.12
1.65
10.74
11.2
9.16
15.63
13.97
2.88
16.16
17.16
10.98
-0.25
-8.56
-2.01
7.97
9.9
0.27
8.07
12.12
10.92
4.04
5.96
9.45
11.95
13.51
11.24
9.35
14.95
17.94
15.11
6.12
3.1
-6.56
-4.11
-0.91
-0.23
2.91
5.95
2.73
-3.56
12.58
13.74
7.65
14.52
17.2
14.48
2.68
4.3
-0.35
8.43
0.88
11.9
17.16
12.84
3.22
11.02
14.98
10.53
8.07
16.87
20.01
