11.69
-1.31
10.41
13.49
10.25
5.9
8.27
9.31
13.4
11.35
6.74
0.79
-9.04
12.35
14.56
1.55
5.84
13.54
12.81
5
2.7
-1.71
0.32
4.52
2.99
6.78
8.61
6.68
-7.18
-0.27
7.89
9.02
6.52
6.36
14.62
15.39
15.49
14.01
7.17
8.46
7.37
13.17
11.93
12.39
14.21
11.98
14.17
11.97
4.22
7.31
10.29
11.17
6.99
6.14
7.88
3.82
3.44
3.6
5.45
6.03
6.23
1.57
10.6
12.65
4.5
8.81
11.56
10.14
1.97
9.66
10.44
0.21
9.43
-2.35
13.7
13.42
-0.54
-13.62
4.97
3.51
9.17
7.55
3.35
4.58
-0.06
6.28
1.32
2.34
9.06
8.23
8
9.16
6.93
6.94
12.52
12.33
6.18
3.18
6.35
11.37
10.7
8.42
10.27
8.85
11.09
13.23
14.27
14.04
10.8
18.74
18.79
14.04
11.7
9.46
7.74
4.56
7.71
9.55
6.63
-7.57
0.56
2.18
11.77
14.44
7.43
5.07
1.17
10.43
14.74
7.93
3.46
10.79
10.98
-2.36
10.44
11.05
9.27
5.64
0.86
6.52
8.26
6.78
9.81
7.95
12.04
13.49
6.95
12.77
10.67
4.15
12.34
14
13.94
11.62
10.71
5.32
8.83
13.22
6.29
6.88
8.07
11.02
12.98
12.11
12.2
14.11
13.22
7.91
0.99
11.45
13.1
8.32
4.1
10.98
12.91
7.86
9.62
14.95
13.95
0.3
7.47
4.95
4.76
6.51
13.52
9.29
-5.36
-0.97
8.68
12.24
10.94
8.07
7.88
0.97
11.45
12.69
14.93
17.29
11.47
11.01
17.11
19.46
18.93
16.48
10.25
7.46
11.95
13.8
15.33
13.73
8.92
2.32
6.96
10.31
6.52
5.36
7.81
7.46
-4.48
-1.02
1.81
-10.15
9.85
10.57
7.82
9.57
10.52
5.89
-6.54
3.67
-4.97
4.22
2.58
10.91
15.65
14.77
8.03
7.08
11.14
9.41
1.68
9.28
2.44
11.26
11.02
7.81
13.07
15.23
15.3
9.23
3.44
6.79
4.23
9.69
5.04
9.15
10.88
4.55
7.85
7.91
10.43
10.2
8.18
8.06
12.71
13.8
7.63
8.42
14.99
13.6
3.29
11.64
15.37
7.63
-7.64
4.47
6.52
12.49
10.85
-6.52
1.77
5.45
10.94
10.49
8.99
-1.36
-0.19
2.78
3.41
10.69
17.61
20.22
16.55
13
15.73
17.2
16.18
12.25
9.69
4.44
8.06
12.67
10.86
11.43
11.08
14.23
13.98
5.03
7.59
13.05
11.75
0.41
6.95
-0.72
-1.07
5.7
7.39
-10
3.91
6.17
11.59
4.55
-0.12
7.42
3.57
10.84
13.33
-2.12
8.56
10.81
12.29
10.29
11.99
12.39
10.01
4.32
2.58
13.42
13.06
7.04
10.44
12.86
8.56
4.87
7.71
9.62
9.51
-2.3
9.03
7.37
11.71
11.82
8.49
12.52
15.31
11.14
9.25
5.2
6.94
8.72
1.4
6.93
11.51
11.42
11.46
13.45
13.65
8.2
8.55
10.86
2.92
3.46
1.27
7.21
11.15
10.31
7.25
7.11
8.22
8.27
5.14
3.41
5.54
7.26
6.1
-6.21
10.91
10.22
0.42
-8.96
4.68
11.56
13.05
13.28
14.42
10.61
8.34
13.16
13.04
-0.36
8.63
12.92
9.42
2.77
-1.26
-1.66
14.03
14.35
9.36
9.8
13.35
10.6
3.54
-2.01
7.78
11.85
5.33
11.2
8.32
-11.46
-3.74
1.69
4.29
2.99
4.91
11.35
10.85
-1.44
-1.62
-0.46
12.35
15.12
10.91
5.31
3.13
9.54
13.8
11.9
8.09
8.25
11.75
15.11
14.84
4.26
10.33
13.73
9.31
11.65
13.57
14.84
15.06
13.94
15.3
15.1
12.03
4.82
9.63
-10.48
11.31
12.09
12.9
10.94
8.69
11.29
9.08
9.94
4.78
7.53
13.01
12.15
1.62
5.33
13.97
14.96
8.19
-3.71
7.57
14.96
14.84
9.86
10.62
10.01
1.71
2.72
10.62
13.06
9.57
10.23
10.37
12.34
8.7
3.53
9.19
12.74
12.26
3.96
2.87
5.25
0.49
6.22
15.8
15.73
9.48
12.51
13.61
10.37
5.03
6.5
10.46
11.8
9.38
7.75
1.39
10.19
12.77
16.02
10.7
6.9
-3.74
7.86
11.67
9.25
3.17
5.22
9.59
10.83
8.35
10.61
7.42
7.39
7.15
-8.25
2.04
2.22
0.87
10.36
14.36
15.37
13.36
11.93
10.74
11.83
8.38
5.27
8.45
8.12
4.1
5.57
8.89
14.45
15.16
12.71
11.79
7.84
2.84
6.69
3.52
9.71
8.43
6.16
13.53
6.05
3.67
10.05
13.03
11.17
12.72
13.84
10.39
7.72
9.62
11.33
7.41
7.03
10.06
5.82
9.25
7.5
3.15
4.25
11.45
6.21
6.53
13.69
16.12
13.98
9.79
10.02
11.97
5.11
7.42
16.87
17.77
9.9
9.99
13.74
3.04
5.76
10.48
15.72
15.99
13.55
10.72
10.18
8.69
13.9
12.32
8.74
17.67
16.48
7.99
3.91
9.43
7.95
12.57
15.01
15.24
12.92
11.34
4.07
7.99
5.1
8.47
11.77
13.38
11.86
12.01
7.98
8.21
11.78
12.49
11.92
10.98
10.65
10.01
10.77
13.93
11.69
1.43
7.49
12.32
8.15
-3.95
5.48
6.51
9.35
10.57
-3.5
6.49
12.43
11.66
11.87
7.43
-0.66
6.08
11.61
9.73
8.13
10.39
13.05
10.29
8.4
9.79
14.12
15.52
13.94
6.07
0.53
5.58
9.34
7.2
6.61
10.27
15.04
13.07
7.94
5.94
3.28
3.2
7.85
8.2
-4.33
10.45
15.38
7.38
8.02
9.39
1.37
-7.25
8.31
11.35
13.08
14.5
13.42
8.98
2.14
14.21
15.09
8.87
14.67
15.2
9.41
8.08
8.72
4.59
-0.18
9.19
10.04
5.2
-6.86
6.42
8.75
4.26
9.63
10.37
13.36
9.56
-4.19
0.19
10.62
12.25
9.41
13.79
15.24
7.66
9.25
10.2
11.39
10.98
4.17
9.57
12.87
12.33
7.9
8.97
9.51
7.67
5.91
4.99
11.51
14.07
15.36
12.41
5.98
12.37
10.41
12.82
14.88
13.59
8.29
10.56
12.6
9.01
7.67
8.86
12.31
8.03
-0.49
8.26
8.54
6.44
6.88
6.11
12.64
14.59
5.73
5.45
1.61
11.74
12.53
10.58
2.96
5.69
3.61
7.86
11.29
3.41
-1.89
6.86
7.93
5.53
5.88
10.77
9.17
4.56
11.38
2.23
-8.74
4.23
8.82
10.32
9.21
7.31
10.69
13.21
5.04
7.82
12.58
9.39
9.73
6.6
17.25
14.75
16.97
21.35
24.26
24.98
22.17
16.35
13.63
13.88
17.1
17.91
12.61
18.16
9.81
12.94
14.76
17.22
10.61
22.09
27.39
27.79
26.45
22.74
20.43
23.88
21.52
15.55
9.6
9.39
16.22
19.49
23.06
22.3
17.37
19.48
16.82
20.18
29.61
29.49
22.15
19.01
14.8
16.04
16.55
20.66
22.18
16.55
6.47
21.08
22.87
15.5
27
30.15
33.36
33.76
29.52
21.48
12.98
18.31
20.25
19.24
14.51
14.09
7.95
18.74
21.7
23.03
21.43
8
19.61
21.48
10.97
19.6
24.16
21.82
19.04
6.44
15.25
14.79
-3.22
15.8
11.73
19.23
19.81
3.38
12.41
18.38
20.87
16.75
23.56
25.53
22.84
20.73
21.44
21.75
23.21
25.22
23.4
19.13
14.09
13.77
18.23
22.28
23.58
23.86
22.43
18.47
20.22
19.94
17.47
12.47
9.48
5.27
17.88
23.65
24.38
24.7
22.62
15.26
18.6
9.52
5.07
17.32
21.76
21.18
14.4
16.88
16.71
19.94
27.48
28.94
25.99
24.4
31.21
34.71
31.8
26.07
22.09
-1.94
17.84
14.28
10.36
4.36
19.44
21.32
24.23
27.88
28.48
24.68
8.2
18.74
22.62
24.21
20.41
12.16
16.89
15.96
14.82
22.27
26.97
25.77
22
20.15
20.83
22.05
19.94
10.58
1.25
12.3
19.69
27.78
28.19
20.99
18.2
25.02
26.8
26.26
26.72
27.91
26.52
21.59
21.09
20.82
21.33
17.42
16.86
20.27
18.67
24.31
28.61
28.46
24.78
19.2
13.75
18.76
19.1
14.49
18.28
21.25
23.14
21.07
18.88
21.97
26.04
26.77
22.69
3.53
17.4
17.9
16.65
22.77
24.7
22.6
19.59
21.07
17.98
18.18
18.04
9.13
19.48
21.92
19.07
22.57
17.23
21.68
20.43
14.7
19.78
19.06
19.82
23.73
23.24
20.65
22.57
23.4
19.07
10.72
10.57
19.38
15.06
20.5
18.15
8.48
13.16
3.5
13.64
17.56
-1.34
19.59
25.13
22.56
7.79
12.1
14.97
20.33
19.2
27.4
28.02
24.75
18.32
22.67
26.03
26.23
24.76
23.35
23.85
17.16
19.31
24.01
16.31
13.98
11.05
12.45
19.09
20.86
11.78
16.96
15.15
22.47
20.59
15.59
12.74
11.04
9.98
21.49
26.73
23.2
8.95
17.78
23.96
20.43
2.28
7.02
17.36
21.01
22
22.75
10.57
15.08
21.8
24.15
22.37
20.85
20.41
19.68
19.25
20.7
25.35
28.11
27.3
23.92
21.24
20.63
21.68
22.83
19.25
12.75
18.11
9.62
20.83
23.71
16.7
12.64
16.24
15.08
17.85
21.96
21.42
18.32
16.6
12.7
7.9
10.68
7.75
13.44
14.38
10.53
1.11
14.53
19.52
19.32
14.8
11.62
3.07
17.08
19.87
20
16.06
16.9
15.14
12
16.09
10.71
16.25
15.73
8.2
11.86
14.02
17.16
11.11
11.73
11.44
12.81
16.29
17.51
15.43
18.02
14.62
6.41
11.96
11.48
12.93
5.4
8.09
14.46
14.16
0.59
10.67
9.38
13.37
15.59
15.39
16.26
11.97
7.01
13.16
10.24
7.79
12.64
15.24
12.89
3.19
-5.5
13.29
13.48
-1.48
10.78
9.73
5.02
18.17
21.97
20.42
15.89
14.19
15.73
11.87
6.3
21.23
25.82
22.65
13.5
17.87
18.2
15.85
17.82
19.77
21.58
19.29
13.73
21.13
24.58
22.78
18.27
19.91
21.18
20.64
23.04
21.15
20.7
18.09
11.39
13.9
20.23
19.67
18.57
9.5
15.48
22.76
24.28
22.22
22.9
24.79
26.3
23.93
17.35
14.97
10.35
13.58
15.56
23.01
27.2
25.63
21.59
18.35
17.31
15.21
9.59
13.21
22.8
24.54
24.46
26.17
28.1
27.2
25.79
24.15
21.4
14.46
11.72
20.4
22.83
24.43
25.79
25.77
22.85
20.72
23.39
26.38
25.28
24.64
25.77
23.52
22.76
26.3
27.26
22
9.18
19.87
12.53
13.58
17.47
18.2
17.69
25.78
24.76
24.73
23.93
18.38
13.35
18.8
19.66
17.97
24.12
22.19
-5.42
20.28
22.21
14.82
17.73
10.62
13.98
12.19
9.41
7.05
18.92
17.29
21.25
23.09
19.94
13.68
16.95
13.87
19.45
20.95
6.19
13.92
9.79
20.31
18.71
14.97
20.64
10.99
9.16
2.1
8.35
10.75
18.27
19.56
21.38
19.57
15.12
15.67
23.09
23.98
21.87
19.98
10.77
19.87
17.78
10.05
3.6
16.51
18.78
16.26
15.4
19.89
21.9
23.96
25.48
22.23
11.31
18.81
19.8
20.22
22.45
20.19
21.7
20.59
6.47
15.77
6.04
18.08
21.62
20.03
7.68
16.8
9.82
14.26
9.86
10.39
18.42
23.77
20.59
8.72
6.34
17.9
20.52
18.61
14.4
16.82
10.92
5.57
8.31
11.71
24.27
25.49
22.95
22.45
16.77
17.45
23.25
23.41
21.08
19.16
20.89
14.61
16.58
17.9
11.12
20.66
22.11
20.82
22.27
22.69
21.59
3.95
21.18
19.76
17.5
10.87
8.76
15.92
22.24
17.42
10.44
14.29
14.41
14.31
12.36
13.81
19.53
20.33
14.04
23.13
26.64
23.69
16.09
14.45
12.48
8.69
14.78
16.01
15.64
21.28
22.42
18.68
17.68
4.13
18.01
16.78
16.93
26.84
27.71
24.32
21.32
21.43
18.75
17.75
17.83
17.88
15.81
5.07
18.64
23.01
21.56
3.93
19.01
17.81
7.97
12.5
17.6
18.74
11.81
13.61
17.81
19.05
17.25
9.15
4.01
10.08
17.16
15.54
17.35
18.68
5.97
11.62
12.04
11.92
5.53
18.34
18.57
15.89
13.8
9.93
15.58
15.35
22.58
25.76
23.15
13.14
13.29
16.39
9.16
12.59
10.48
-4.61
-1.08
17.49
23.28
24.73
21.42
7
15.53
18.84
15.62
18.16
20.93
14.65
14.38
18.99
16.95
8.33
19.28
17.13
10.59
18.55
22.28
25.68
25.96
20.78
15.43
16.85
14.46
12.56
4.75
14.63
10.76
19.1
24.44
21.95
19.15
16.9
8.6
16.93
17.59
21.88
23.46
23.04
22.54
23.85
23.76
8.81
19.67
21.03
23.26
25.37
22.74
18.16
19.74
21.53
22.41
19.06
14
18.71
18.55
21.24
19.31
6.29
19.14
21.31
20.94
25.21
26.82
26.52
23.91
18.1
5.87
16.82
18.01
17.49
17.91
20.1
18.32
17.52
8.37
9.09
1.68
18.6
21.44
15.3
13.53
-1.64
5.71
10.07
17.09
18.49
16.24
17.01
17.19
20.41
16.73
8.59
21.41
20.32
14
18.02
21.91
21.07
20.82
17.29
19.02
22.8
19.78
12.36
18.94
8.37
17.11
25.2
27.09
21.95
17.36
23
23.9
23.33
19.37
20.61
22.93
23.7
21.9
20.92
19.94
12.24
20.43
23.03
19.8
19.54
19.85
12.95
21.4
20.94
17.94
23.49
25.41
26.79
25.14
17.81
16.83
26.17
25.7
24.78
23.99
20.67
7.05
21.45
20.56
20.7
20.54
21.13
20.67
10.36
16.05
17.82
15.46
20.99
24.46
24.99
17.98
19.73
21.13
13.74
1.81
16.13
21.5
9.38
16.76
22.16
24.58
12.78
16.28
23.08
26.46
24.46
14.58
20.01
26.99
23.82
13.63
19.45
8.11
22.81
20.74
8.61
6.27
11.89
24.05
23.92
5.01
21.79
22.75
23.1
21.16
21.28
21.87
21.21
22.46
20.56
15.03
21.43
20.11
9.16
10.46
20.17
21.43
21.38
24.01
18.52
16.92
20.49
18.11
14.06
14.26
22.04
23.59
18.95
18.62
14.85
20.23
29.46
28.02
19.36
11.69
24.76
26.22
7.26
24.11
16.55
22.3
25.96
26.16
21.47
15.27
24.8
31.18
28.84
19.33
13.78
24.06
26.59
25.51
24.21
21.86
28.19
32.79
22.18
29.8
30.64
23.53
18.42
-0.42
17.46
14.99
17.83
18.43
17.75
23.39
24.51
21.96
19.41
16.52
14.36
21.72
24.96
22.22
22.36
25.72
22.56
11.76
33.14
44.74
46.21
38.04
9.35
16.31
22.39
16.75
21.5
24.35
20.13
21.04
22.01
22.93
24.77
19.14
16.29
23.07
21.52
8.02
21.19
20.77
15.53
4.54
10.16
19.67
19.98
9.01
28.8
42.13
45.66
40.36
26.65
16.84
18.43
22.75
7.93
19.85
20.96
14.64
15.73
20.67
17.39
13.98
19.24
21.86
16
8.83
23.54
26.58
25.74
27.45
23.09
10.58
18.4
12.1
22.8
23.18
13.48
6.14
18.04
24.18
23.18
22.96
22.98
16.59
15.07
21.33
21.76
17.16
17.23
24.24
22.43
24.03
23.68
13.37
24.25
24.48
20.85
26.38
39.42
43.29
38.62
26.92
20.93
15.55
13.58
21.6
24.5
20.61
23.19
26.65
31.08
33.25
26.03
16.33
21.93
21.71
11.88
11.16
12.17
17.29
22.52
23.48
17.6
19.58
21.89
22.03
22.12
25.05
38.96
43.49
39.44
26.15
16.54
25.66
30.66
29.39
24.19
23.71
18.19
18.55
20.74
12.8
13.59
22.1
23.6
17.89
12.44
18.68
16.14
19.04
19.72
19.94
20.04
21.83
17.38
7.72
21.04
22.33
20.34
19.78
16.66
21.74
15.73
4.79
17.12
12.96
4.44
6.97
16.62
16.34
18.69
18.22
18.22
19.45
18.44
19.95
26.62
24.15
17.35
17.1
5.32
35.75
42.24
38.71
23.11
20.39
28.12
26.67
18.43
23
22.45
18.35
8.77
5.62
20.38
23.69
19.11
18.65
13.47
19.79
14.46
12.1
-3.35
17.18
21.11
19.45
15.33
12.97
15.83
-1.27
19.34
21.21
20.91
24.29
30.48
33.07
29.04
17.28
16.33
16.13
19.14
14.96
7.63
13.56
25.69
30.45
26.17
15.46
15.57
20.27
19.68
15.72
22.97
17.75
16.73
17.65
14.8
15.69
20.98
25.05
17.32
1.87
17.26
16.7
12.99
5.36
16.2
12.58
21.18
21.77
16.37
20.37
38.03
42.16
36.86
24.67
23.19
19
14.27
21.58
25.75
28.55
34.97
35.6
24.28
19.67
9.5
21.6
26.59
24.77
33.49
41.63
40.87
29.54
21.48
22.89
13.88
15.66
12.14
15.37
19.56
25.92
34.22
34.89
25.62
14.87
11.16
17.58
19.52
11.25
24.04
19.32
29.07
31.71
27.16
22.54
18.63
20.96
18.69
19.91
16.57
18.59
24.93
17.04
14.6
17.51
23.35
18.48
25.2
31
29.49
29.36
30.21
29.59
33.08
30.24
25.45
17.14
12.65
15.21
23.3
26.75
22.01
15.72
22.42
24.71
24.43
23.4
20.06
29.19
44.89
48.41
42.59
26.79
10.24
21.54
26.78
27.09
24.8
17.62
38.65
46.71
45.56
32.2
28.54
25.13
11.5
21.27
22.13
21.38
25.83
26.24
-4.98
26.75
30.92
32.06
31.79
30.31
24.43
19.96
19.85
20.99
20.08
18.56
27.1
30.27
27.17
25.59
27.77
29.42
31.35
32.4
29.69
22.14
17.92
17.49
26.61
27.05
25.8
20.62
17.77
24.9
20.66
23.74
28.85
30.27
28.97
24.22
28.23
29.34
19.39
21.05
23.68
23.14
23.63
30.64
31.52
26.98
16.15
29.45
31.37
29.52
26.05
14.84
24.81
28.39
23.15
22.64
29.21
31.96
30.8
26.2
21.18
24.6
27.77
24.78
16.99
21.62
29.88
29.78
21.79
19.64
23.86
26.69
25.41
23.49
24.5
23.87
25.02
24.21
15.82
19.96
27.5
30.79
28.46
29.88
33.55
29.28
22.55
27.36
30.77
30.19
23.54
23
26.43
21.99
8.94
18.27
18.14
24.58
30.89
31.94
29.83
25.11
18.52
17.36
20.39
22.91
28.53
26.03
21.01
26.31
21
21.46
24.08
24
21.8
18.18
18.04
23.15
25.95
27.56
25.15
25.14
24.06
28.87
30.84
28.31
26.55
26.91
21.1
22.82
26.6
25.6
11.41
19.49
24.52
25.95
21.22
13.43
13.79
13.94
22.55
25.1
22.8
18.49
20.2
20.91
15.25
21.95
25.31
24.17
26.2
28.07
25.64
20.46
23.54
26.14
21.52
19.7
21.58
22.63
25.44
22.43
21.69
23.48
22.8
24.16
24.77
24.05
25.67
23.56
22.7
22.55
22.98
25.89
26.82
23.44
19.62
20.05
28.23
26.12
19.65
19.72
27.35
25.89
22.46
16.69
14.19
14.21
6.76
16.3
17.3
18.69
21.83
20.98
24.8
24.41
23.9
27.37
25.37
14.64
11.52
14.09
18.28
19.94
24.49
22.68
18.65
24.4
21.05
20.07
19.89
17.1
16.83
21.78
20.87
23.99
26.17
23.39
22.99
25.07
14.94
18.22
21.23
22.22
23.53
12
23.42
24.76
18.48
20.78
24.56
17.38
20.5
23.43
22.09
19.25
22.9
22.94
22.92
23.74
17.27
15.73
17.24
20.13
12.49
15.1
17.9
12.24
21.6
21.13
20.8
17.76
16.07
17.74
21.03
24.11
23.92
20.29
21.11
23.35
25.38
20.62
13.65
0.12
18.24
15.17
16.03
16.63
17.73
15.57
4.49
18.17
24.52
23.49
14.69
19.09
20.54
25.15
23.88
19.65
14.41
14.25
18.02
17.91
19.96
21.46
16.69
7.09
24.24
23.53
18.67
12.56
19.59
13.25
21.81
15.99
24.66
26.51
23.5
28.47
25.82
25.38
27.01
15.78
21.81
22.58
19.27
5.66
20.45
17.37
20.86
21.68
15.98
21.08
4.24
26.78
25.37
24.81
29.33
26.42
27.2
14
27.95
26.68
18.31
12.78
25.36
26.66
25.92
26.49
24.25
25.34
27.51
28.21
24.67
23.18
28.44
15.95
24.8
23.96
12.32
23.53
25.76
25.58
17.71
23.35
28.11
28.15
26.84
22.57
27.03
26.17
22.14
21.97
25.53
21.44
14.68
15.58
23.91
25.37
10.45
26.14
20.11
23.76
27.35
21.92
32.31
35.12
32.34
29.75
23.05
20.73
26.92
25.89
26.92
24.6
24.75
26.51
20.52
27.45
19.16
19.71
24.33
22.86
27.35
22.26
23.84
27.84
24.88
23.67
18.42
16.94
18.39
19.78
24.77
25.25
24.5
27.28
23.78
12.51
23.03
23.44
22.16
18.33
21.26
26.42
27.53
7.73
25.8
23.56
16.28
25.53
29.15
26.74
19.71
30.02
26.6
28.15
28.63
26.1
18.91
19.23
22.46
15.4
18.84
26.7
21.18
25.82
30.34
29.68
27.01
24.45
15.39
30.18
29.12
19.07
16.57
22.72
22.97
19.94
21.52
27.48
25.41
15.18
17.78
19.04
26.49
26.33
23.27
23.94
24.1
21.18
21.82
24.04
28.2
27.47
20.9
14.84
19.4
25.86
22.74
24.09
21.96
14.17
23
29.17
30.15
23.72
21.82
28.07
27.63
23.27
17.64
24.34
18.23
23.25
20.98
6.83
22.56
27.17
26.25
16.4
27.26
28.1
18.54
21.14
20.53
23.76
23.38
19.85
18.85
19.12
9.17
18.7
24.48
23.5
18.76
21.54
27.35
21.75
18.36
23
23.74
22.88
20.26
14.29
23.71
24
21.48
15.58
14.79
18.36
19.36
22.52
25.42
22.84
24.76
23.33
15.77
22.37
24.29
19.43
19.17
19.23
13.93
24.63
22.68
11.73
13.89
17.68
24.66
27.98
24.35
14.06
19.81
1.77
21.69
21.58
17.34
19.81
13.45
16.75
14.81
10.69
15.33
20.68
18.66
18.29
20.06
20.35
20.55
8.21
22.29
25.43
27.4
26.41
21.48
17.54
21.66
23.46
7.99
18.79
10.97
14.36
17.73
4.66
13.13
17.08
21.79
18.81
4.98
14.1
11.84
9.65
14.13
1.51
12.32
7.9
16.92
13.72
6.75
15.68
18.53
20.91
23
21.57
13.97
18.1
20.24
20.09
20.44
14.85
18.78
16.52
14.09
13.89
13.17
13.75
20.18
25.27
22.11
3.11
16.06
-1.19
23.6
28.83
27.44
20.24
16.69
8.54
22.4
23.5
15.14
11.08
15.6
14.43
14.92
14.73
17.68
16.17
19.82
23.1
15.09
25.72
24.24
17.6
15.37
16.97
18.25
18.83
7.06
17.85
18.13
11.68
15.73
23.1
19.45
17.7
21.63
16.95
21.32
24.51
17.07
10.51
13.28
21.09
18.35
15.63
15.93
12.69
19.12
22.31
23.65
16.54
3.67
14.92
19.19
17.45
18.94
22.99
21.96
17.59
21.92
25.13
23.13
22.09
21.88
16.81
14.6
19.54
23.83
23.48
22.42
17.82
6.51
14.59
11.82
14.38
23.37
25.96
24.42
17.44
9.68
17.3
15.29
2.87
2.78
14.11
18.43
18.87
24.07
26.58
22.97
6.85
11.82
14.89
18.09
25.37
24.22
22.33
19.97
15.85
23.14
21.12
20.41
20.92
19.85
15.29
17.33
22.82
26.74
26.38
18.25
15.17
20.58
18.04
11.02
7.8
9.45
6.02
16.14
23.71
23.84
25.42
25.62
26.02
23.7
19.6
25.8
24.46
19.3
16.16
14.3
7.28
18.85
25.19
23.21
16.4
12.59
20.26
20.55
16.93
19.7
25.23
26.48
22.82
23.16
23.71
23.81
20.59
17.08
21.74
22.24
21.8
20.55
17.71
18.69
21.5
21.85
21.89
25.26
24
10.36
25.28
25.01
23.36
24.08
25.24
18.53
22.7
23.96
23
25.04
24.94
23.88
19.99
22.24
27.46
22.66
18.49
27.42
28.3
12.38
23.4
21.07
23.19
26.96
26.64
22.44
21.75
27.23
25.66
5.29
20.97
24.48
24.2
23.54
20.89
17.19
19.88
23.69
24.58
19.87
15.51
8.1
7.47
-5.04
10.8
16.33
8.07
18.21
18.8
17.24
21.63
24.17
26.05
22.68
18.05
4.77
22.75
23.5
19.53
24.18
25.23
25.39
24.83
19.64
14.47
15.05
25.07
27.6
19.89
23.96
34.35
36.96
33.43
24.92
9.83
16.34
17.9
18.28
20.41
21.09
23.87
26.71
24.71
17.57
15.22
18.4
18
16.8
13.35
11.32
21.1
25.99
23.51
20.61
22.4
20.92
17.89
20.51
21.24
19.09
20.64
24.99
23.36
16.01
20.77
17.28
20.51
21.27
15.16
4.55
3.98
16.67
17.38
21.74
21.82
14.94
12.51
12.84
15.47
12.19
-0.12
12.99
22.87
24.17
24.96
26.08
23.75
18.72
20.28
17.53
10.21
12.57
11.03
16.46
18.22
11.61
24.72
23.21
13.51
6.5
20.51
28.29
27.37
20.57
22.33
22.65
20.19
9.58
22.75
27.27
28.02
26.58
19.31
22.69
22.71
20.42
18.1
12.27
15.77
13.54
20.58
21.33
23.51
25.82
25.34
21.55
20.53
17.12
26.49
25.72
21.35
19.32
9.69
14.1
17.48
10.76
17.27
18.73
23.66
15.91
20.36
23.24
19.89
20.55
21.5
24.63
23.54
20.34
23.39
16.96
22.32
25.31
23.32
23.2
18.79
14.02
22.64
24.13
22.35
19.05
16.37
17.77
16.06
16.74
19.96
22.3
22.27
15.32
19.9
24.24
22.28
15.6
20.05
19.98
12.39
13.23
10.68
13.75
5.66
17.78
18.97
15.26
15.38
8.37
14.71
20.57
16.57
11.4
13.95
11.47
20.45
26.54
28.51
24.1
11.68
16.66
12.77
3.31
16.24
6.82
22.07
21.44
12.85
16.8
19.24
16.29
4.04
11.65
16.11
9.81
8.43
17.55
14.57
13.44
18.16
7.61
14.75
16.03
18.12
-4.94
18.53
18.31
20.23
21.13
18.17
15.89
16.98
23.77
25.6
24.88
21.47
17.23
13.15
16.86
21.83
18.36
21.78
20.98
12.08
10.31
16.43
3.69
18.08
9.47
19.84
21.71
17.47
14.69
16.93
20.26
23.19
21.32
21.15
20.75
15.38
15.01
17.43
18.37
13.9
14.36
17.68
18.01
20.33
22.55
21.88
13.17
16.88
22.94
20.44
15.73
9.14
11.04
12.01
15.05
17.32
10.94
12.82
16.56
10.79
10.47
20.95
21.32
22
19.84
11.82
18.24
10.82
12.15
18.26
16.72
10.56
5.68
1.61
5.06
12.9
18.26
17.09
14.33
12.16
8.97
2.77
0.61
4.49
1.39
2.18
8.66
15.19
16.18
7.1
8.92
6.87
-7.35
12.6
14.69
15.27
13.53
8.04
8.14
7.91
4.09
11.56
12.62
2.77
3.02
11.51
17.05
16.67
11.5
11.72
17.72
18.53
10.23
6.84
11.1
17.97
19.21
12.36
12.74
5.99
15.31
18.43
18.82
18.38
4.69
14.91
8.2
11.57
7.73
1.93
-1.16
8.17
9.84
-0.15
8.21
4.75
13.54
13.22
12.74
6.15
12.72
17.36
15.5
6.53
13.95
19.72
17.29
8.17
11.77
15.2
18.77
17.01
18.11
19.81
14.83
9.11
-6.77
15.66
17.98
15.04
7.84
6.13
15.41
15.28
7.59
11.87
17.35
15.16
14.04
13.3
10.18
14.04
14.81
17.14
18.36
15.79
16.34
16.99
16.47
19.46
21.85
21.28
19.37
16.87
12.87
11.33
11.16
1.64
12.37
16.69
18.68
14.71
3.44
14.4
19.17
17.84
13.75
12.41
10.16
8.95
8.38
13.91
17.31
15.41
12.44
16.12
16.88
15.38
6.54
7.8
11.12
11.96
19.33
19.51
17
16.86
18.9
18.1
12.07
14.29
18.44
19.19
13.5
15.46
16.79
21.2
22.97
20.63
13.93
14.61
13.06
6.61
16.16
19.37
19.67
18.58
13.06
9.34
8.99
11.51
15.25
14.46
10.47
8.23
4.58
12.49
19.19
19.69
17.8
17.66
16.4
15.37
13.6
13.57
16.94
15.27
9.46
9.03
13.34
16.71
19.47
14.05
13.68
19.1
19.55
15.94
12.47
16.13
17.4
13.57
15.28
17.26
17.44
16.97
17.65
19.82
21.64
21.36
21.02
20.82
19.01
14.49
9.97
17.49
21.87
20.81
19.3
19.76
20.14
20.3
13.73
-2.12
5.03
11.03
12.47
14.75
17.54
15.43
2.3
12.05
20.16
22.78
20.77
18.79
15.5
5.79
14.66
17.91
14.71
13.85
16.79
21.19
22.37
20.6
19.93
20.66
20.51
18.17
15.66
17.4
18.73
17.03
17.62
19.13
12.99
5.48
9.49
13.83
17.9
13.93
8.43
13.14
6.67
11.56
15.2
14.29
6.18
2.38
9.66
17.69
18.72
19.25
21.62
17.12
10.18
19.48
15.11
11.89
16.48
10.18
11.46
19.19
21.1
20.54
20.09
17.85
15.86
17.94
18.76
16.14
12.02
11.6
14.57
13.07
15.86
18.01
15.74
7.51
2.99
9.24
16.84
19.14
19.51
16.29
10.71
3.16
13.66
17.55
11.76
12.2
18.26
16.6
15.58
18.63
20.66
17.5
5.57
18.55
16.99
12.67
7.63
15.47
21.28
17.61
4.92
4.91
8.55
17.13
14.2
9.66
13.94
15.43
13.55
13.91
15.03
13.81
15.22
16.83
16.15
17.78
15.4
2.24
4.72
7.72
9.51
12.25
16.35
15.82
16.65
15.39
13.83
14.01
14.23
17.37
15.25
-1.15
11.14
11.29
18.28
22.53
20.59
6.33
12.56
5.96
13.41
13.86
6.82
11.09
21.09
22.25
19.72
19.15
15.03
10.36
17.49
18.97
15.97
15.69
16.65
10.99
6.32
6.62
9.33
0.6
0.32
8.37
13.96
15.3
15.44
15.34
18.35
17.77
5.65
5.31
14.09
16.96
10.08
16.21
17.1
17.37
19.27
20.66
18.85
19.09
21.89
21.88
20.54
21.08
21.29
16.9
-6.27
2.47
13.06
7.14
16.17
17.56
17.85
16.63
13.63
19.91
21.12
17.75
17.64
18.62
18.89
20.53
19.56
14.4
6.89
13.63
14.6
18.53
22.68
22.41
19.94
15.4
17.51
18.19
18.09
21.8
24.01
20.56
8.56
8.94
13.6
16.39
18.07
19.17
16.94
15.92
18.32
16.53
15.7
19.53
16.98
9.06
15.26
14.73
15.17
19.85
13.65
13.52
20
21.63
21.04
18.6
15.49
18.07
17.91
16.67
13.41
-2.28
12.72
18.07
20.99
16.72
12.43
16.58
13.37
10.05
13.02
12.89
11.09
10.45
12.56
7.69
13.92
15.81
10.39
12.59
9.79
8.48
13.62
11.73
17.94
11.65
8.89
5.78
8.67
16.85
15.75
3.36
16.6
16.51
15.12
19.21
16.8
9.09
3.11
11.64
9.07
12.67
13.27
6.05
15.8
14.86
11.29
17.57
20.74
15.3
15.89
16.6
15.09
18.74
22.04
21.82
18.72
20.1
19.35
11.16
17.46
18.81
17.99
14.85
11.82
17.9
18.01
16.4
15.05
13.76
10.93
-3.35
5.89
11.83
20.18
17.87
9.19
17.64
19.68
16.36
14.99
14.54
15.99
13.1
2.26
15.55
19.39
16.18
3.39
-2.68
7.74
6.38
13.9
18.55
19.58
16.91
17.34
20.08
18.8
17.78
21.09
21.73
14.61
20.13
21.76
19.24
17.04
20.3
21.4
15.77
12.98
7.56
12.23
16.58
19.04
18.91
13.47
5.32
9.43
18.15
19.14
17.32
12.61
6.79
14.56
16.25
19.71
21.03
19.23
17.5
18.5
12.9
1.65
14.21
15.17
9.46
13.54
14.51
12.76
17.06
19.05
12.27
13.39
15.06
17.08
20.52
17.19
13.45
15.73
13.52
14.84
17.98
21.63
21.46
14.27
7.04
10.9
7.48
-1.9
12.4
13.74
10.65
16.63
17.24
11.84
1
14.32
15.34
15.47
17.04
19.31
22.29
23.32
20.96
15.41
17.79
20.75
20.29
17.21
10.53
10.01
13.84
15.53
14.37
19.1
23.55
25.08
22.5
15.61
16.39
15.61
6.65
10.91
16.21
17.77
16.65
3.81
18
17.96
17.52
18.52
14.91
10.84
4.74
5.28
-4.4
2.6
8.38
13.92
18.45
20.9
19.78
19.06
18.41
17.2
15.24
11.25
10.7
4.76
12.71
17.72
15.54
4.11
6.25
6.57
7.39
9.18
8.21
17.51
9.67
7.28
9.27
7.51
15.52
14.56
13.3
13.53
11.67
4.17
11.61
16.05
15.17
13.21
7.63
0.64
15.98
21.58
18.48
14.64
17.06
12.92
11.17
12.05
12.52
10.15
13.25
15.66
13.03
15.36
10.79
9.18
-0.38
1.51
9
12.22
12.22
17.45
19.63
18.86
19.12
16.03
-3.24
12.35
17.65
15.29
-9.14
4.9
2.72
-5.41
11.06
14.71
12.99
-13.71
10.21
14.33
15.73
16.14
15.17
14.96
17.03
16.89
16.6
16.09
8.52
2.17
6.97
4.76
15
18.95
18.55
15.87
12.98
12.13
10.86
11.93
16.33
15.62
2.83
7.98
4.86
15.39
12.21
2.52
10.14
10.09
10.9
15.09
14.03
18.01
13.93
4.47
9.99
5.42
-8.24
4.36
12.36
11.53
9.86
13.42
12.79
10.06
8.48
9.73
12.37
16.29
20.27
18.84
7.38
4.89
-2.18
4.02
11.71
13.19
3.09
9.21
14.04
9.97
10.49
15.7
13.88
9.96
14.64
11.57
0.72
12.27
14.63
10.72
12.49
15.15
16.41
17.47
14.49
5.69
6.27
10.27
7.45
13.56
18.83
16.7
14.82
15
15.01
16.26
13.55
10.87
13.8
19.62
19.66
8.82
0.51
5.26
4.75
2.62
3.75
10.31
12.03
5.29
15.36
5.37
17.45
18.39
13.32
8.53
15.48
17.13
16.65
14.15
11.92
15.13
14.25
7.16
16.52
15.73
3.7
11.27
13.83
12.91
9.38
-0.49
2.88
5.67
5.72
-3.96
10.91
12.66
10.79
11.55
12.65
17.11
14.46
4.03
4.86
6.87
7.69
7.22
7.45
14.16
14.81
14.76
19.92
21.67
20.91
17.45
13.94
18.57
20.21
13.55
2.9
6.02
4.88
4.32
13.01
9.33
9.98
6.76
-4.01
14.99
19.18
14.41
14.8
9.77
17.6
20.25
14.85
1.66
11.72
13.7
8.47
8.18
12.06
13.19
1.38
10.29
13.33
6.96
-2.42
12.03
13.17
8.61
16.42
12.22
11.38
21.18
20.45
8.23
7.5
2.13
7.42
13.66
15.7
11.97
1.98
5.93
5.3
8.59
8.73
3.13
7.53
13.81
10.27
10.44
14.35
9.9
12.81
13.38
13.95
12.19
3.33
6.31
11.88
4.92
11.42
6.74
8.08
6.99
-3.54
-8.73
12.04
21
22.27
18.05
13.7
19.25
13.66
13.72
16.66
5.68
9.85
2.2
17.22
17.24
14.05
16.14
8.27
9.9
17.15
18.86
13.54
13.43
15.36
12.74
12.74
14.87
3.01
10.94
12.15
17.28
16.59
11.36
5.59
14.65
16.07
19.14
13.74
11.81
17.22
3.45
13.83
15.25
6.81
15.19
15.82
12.72
18.46
20.28
18.61
16.21
13.12
16.53
16.91
12.27
5.24
4.93
5.55
11.08
16.46
16.53
13.31
12.71
-4.49
15.43
13.98
9.56
10.45
15.11
16.41
8.93
12.47
9.9
2.96
14.95
18.32
19.45
18.75
14.04
6.7
8.67
17.14
19.64
17.51
13.95
18.75
17.05
13.73
10.79
14.59
14.37
-2.23
15.94
19.76
17.82
8.39
10.53
14.78
10.95
-3.57
10.87
11.67
14.81
14.36
-5.43
3.11
10.48
-0.44
13.5
20
20.33
18.23
12.58
8.95
10.16
6.42
18.34
21.1
17.02
14.47
18.57
14.28
6.29
18.21
17.08
0.45
18.82
19.88
14.04
12.57
16.82
13.71
9.97
17.48
17.92
8.67
4.49
6.03
14.58
18.87
18.19
15.04
12.92
17.98
20.76
20.08
16.2
11.39
8.46
7.09
14.18
16.37
15.33
16.99
-7.74
16.48
15.69
8.58
11.5
11.51
10.17
5.21
9.81
15.45
16.67
7.4
-4.75
9.49
16.56
17.49
11.33
18.98
19.97
10.4
12.79
10.88
10
12.18
5.33
14.74
19.36
17.26
18.67
14.03
11.43
18.13
19.17
19.37
18.33
18.92
20.5
18.22
13.33
13.52
11.66
8.71
10.11
10.44
17.94
14.3
14.9
14.08
13.08
17.8
19.77
18.32
14.5
17.98
10
17.77
20.59
14.74
8.57
3.68
17.03
20.63
18.19
18.01
16.92
14.48
8.57
12.3
9.37
5.07
11.17
14.68
13.28
9.78
10.27
2.39
4.08
3.98
7.83
11.8
14.28
15.32
10.18
9.24
3.57
12.53
10.33
1.7
12.71
15.6
13.27
12.03
11.08
16.94
15.07
10.68
-10.04
8.11
11.27
5.5
14.27
13.34
14.34
12.82
3.73
3.11
-4.92
3.82
10.85
14.98
15.35
14.79
8.24
7.76
12.47
16.69
18.97
19.68
16.62
1.61
8.61
9.97
11.94
14.35
14.99
9.91
15.33
13.87
9.11
7.79
-3.69
10.87
11.51
1.02
9.29
4.67
12.09
12.38
9.01
11.75
12.8
2.71
6.28
-7.23
10.41
15.88
10.97
0.7
0.29
4.9
8.92
11.52
11.12
12.6
15.83
12.78
9.74
15.92
8.16
10.88
9.7
8.36
15.76
15.83
13
15.21
13.99
13.6
11.17
4.68
10.74
16.47
15.98
13.33
16.05
14.37
10.87
5.19
8.74
5.73
8.62
4.76
10.08
12.92
11.06
2.7
12.4
10.52
10.3
11.79
8.82
8.18
13.06
14.72
8.67
12.94
15.33
14.82
14.4
16.51
15.28
15.01
18.38
18.46
15.9
13.34
11.65
4.07
12.38
13.57
15.26
16.39
17.78
16.28
14.82
12.88
13.72
15.67
7.95
15.56
18.27
13.59
12.09
10.99
13.5
16.25
13.79
8.37
6.23
3.1
5.82
7.58
1.1
4.9
5.87
6.6
-0.62
-0.08
7.52
10.48
12.13
10.36
10.06
18.17
17.33
14.62
15.12
14.28
12.13
5.4
16.05
19.33
12.53
7.05
8.11
11.29
14.46
13.26
9.53
-1.51
10.32
11.67
10.13
13.52
15.21
17.53
19.28
20.77
16.99
8.34
7.24
1.97
10.34
6.94
8.81
13.6
13.76
14.02
12.75
14.97
12.36
9.9
11.36
4.77
13.09
15.77
17.35
15.91
12.76
13.1
13.88
17.71
18.27
15.75
12.9
9.14
3.24
-1.39
5.13
9.71
4.42
4.12
7.71
12.04
10.89
14.87
13.69
13.47
6.64
7.29
13.99
16.16
17.54
14.3
7.8
9.02
12.46
10.35
7.45
6.82
12.35
14.57
12.73
9.38
11.78
12.2
6.97
12.06
17.15
17.43
17.15
15.28
11.69
10.38
1.58
13.79
17.51
14.89
1.55
4.16
10.45
6.12
12.69
14.93
16.98
16.6
14.01
11.24
9.54
10.12
7.36
10.47
13.76
12.47
2.29
11.85
14.93
15.78
13.74
14.48
0.11
12.12
12.19
14.32
10.53
7.79
10.12
17.26
19.58
18.31
13.46
6.82
12.97
15.6
11.87
10.46
16.39
19.34
16.21
8.84
13.66
8.45
2.18
12.67
12.36
11.48
8.38
14.95
11.59
10.34
13.77
7.56
14.33
13.05
14.24
9.74
8.52
6.98
10.25
11.38
15.13
16.5
13.65
11.01
14.76
17.42
16.09
15.3
15.36
13.8
13.89
14.51
14.86
14.87
17.12
16.72
12.38
7.3
11.34
15.44
12.82
10.33
7.02
8.39
12.61
5.14
-5.6
9.12
14.06
10.45
10.56
12.44
10.04
6.11
9.82
14.29
15.85
17.6
15.81
15.43
16.88
15.82
12.97
7.22
13.28
10.39
2.68
-1.26
9.01
14.28
15.36
18.38
20.72
18.85
14.64
13.82
12.28
12.53
12.09
5.17
8.89
10.71
14.29
8.59
9.51
17.4
8.75
12.95
12.98
10.58
10.89
10.87
-4.92
7.54
11.75
12.91
10.65
2.53
9.7
16.2
15.29
8.84
7.35
13.88
13.85
11.7
10.42
10.89
16.11
20.45
19.22
14.47
10.42
9.42
-0.85
0.78
16.74
19.06
17.23
15.99
8
10.42
12.37
8.73
11.88
12.97
14.41
16.82
17.49
13.84
9.81
6.63
4.4
11.29
10.94
8.87
10.42
14.87
12.94
15.38
14.88
12.81
5.96
11.22
15.6
8.61
8.95
13.42
10.94
15.81
16.96
18.66
17.8
12.08
3.77
4.43
11.62
0.81
-1.46
10.51
11.58
17.54
19.75
16.2
9.19
0.53
4.55
12.45
16.24
13.72
11.53
13.06
18.04
15.82
9.36
9.47
13.19
17.25
19.42
21.65
19.34
13.59
10.79
15.31
12.92
9.45
4.35
9.71
10.65
5.43
15.12
12.84
9.48
15.53
12.9
7.05
13.44
17.66
17.02
17.73
17.06
14.02
11.49
11.46
14.6
16.38
16.57
11.96
8.47
14.31
15.7
14.76
13.41
15.01
16.29
15.37
11.92
12.31
16.42
17.82
13.76
8.61
12.28
13.04
8.93
3.9
12.66
17.27
12.28
4.04
8.86
7.88
-2.16
8.33
2.67
5.05
11.69
13.1
14.74
16.09
16.69
15.79
12.43
14.82
17.81
17.57
19.39
19.58
13.56
13.74
9.49
7.55
15.6
17.12
10.61
12.16
13.12
-6.06
10.08
17.93
16.7
11.22
12.98
2.62
11.38
16.47
13.69
-4
11.07
9.54
9.9
10.73
7.76
12.81
15.39
17.73
16.96
14.43
13.18
15.23
17.32
15.28
14.05
10.21
3.97
8.63
9.86
9.51
8.06
3.85
1.71
6.93
10.69
10.33
15.41
18.43
18.9
15.44
2.63
5.75
12.18
16.58
16.26
11.68
12.11
13.53
9.46
5.26
8.25
11.88
5.42
13.68
15.22
13.45
9.84
9.68
11.02
14
14.22
13.49
12.26
11.22
12.54
8.85
7.17
5.18
7.03
11.85
9.97
13.17
9.04
13.9
13.81
8.13
8.64
14.94
15.26
13.64
16.02
19.27
17.69
6.51
10.56
12.09
12.77
16.52
17.54
13.58
10.75
11.89
11.19
17.37
17.66
12.3
9.7
13.09
14.89
2.22
6.37
3.12
0.43
9.2
11.59
10.48
1.62
-14.59
9.45
16.52
16.31
14.96
12.63
6.73
1.49
6.12
4.12
6.53
8.23
6.85
-3.42
9.85
7.87
4.14
4.92
6.44
7.16
5.77
7.22
1.5
5.22
6.67
13.63
16.33
13.75
10.88
12.32
12.64
8.89
12.12
16.19
14.97
9.58
12.53
14.19
3.21
6.5
-0.77
7.88
7.04
8.12
3.77
6.02
9.14
14.37
12.83
5.71
14.11
13.84
11.63
13.55
6.05
-1.11
2.52
12.06
15.21
12.16
8.69
12.09
12.57
-21.01
12.11
9.23
7.39
9.14
6.28
4.5
11.21
16.42
14.47
10.87
5.26
8.49
12.73
7.47
7.54
-6.03
9.27
6.66
7.04
12.43
10.19
-4.11
10.42
16.19
14.47
11.1
8.84
10.08
12.16
11.18
13.51
10.07
3.83
5.11
10.45
11.57
17.1
16.21
11.35
7.18
1.27
9.96
11.22
10.54
10.92
9.26
1.65
10.24
7.61
7.15
9.82
5.97
3.77
-5.6
6.74
10.64
7.96
14.77
12.53
3.67
9
10.82
-17.43
8.49
9.89
7.48
8.05
12.46
12.53
12.81
6.21
14.26
14.84
12.05
12.51
15.8
17.59
15.01
5.51
6.45
14.23
14.6
11.21
3.8
7.92
9.29
16.11
16.25
11.85
8.79
9.2
9.76
10.22
6.82
8.4
2.35
5.5
6.98
6.98
13.18
15.32
8.36
-2.75
7.85
5.7
6.68
9.55
8.11
14.52
16.53
11.07
6.56
4.77
7.53
12.68
15.48
12.06
7.68
15.33
18.68
14.61
7.52
9.86
7.83
7.49
1.57
3.73
1.08
4.93
9.29
9.83
7.83
7.65
12.64
12.31
7.26
5.03
5.71
8.25
13.1
14.3
10.52
14.03
11.33
-0.08
8.35
12.08
12.22
11.26
13
14.32
11.74
8.88
-10.26
13.83
16.59
15.49
6.68
7.01
5.37
-4.55
11.9
17.16
17.92
17.3
17.49
17.09
20.27
19.73
14.43
13.18
15.88
14.68
10.83
7.67
8.19
2.37
10.74
13.24
8.97
12.68
9.34
2.83
3.52
8.08
12.41
14.14
15.65
13.72
14.38
16
5.19
5.3
-0.41
5.64
9.66
15.45
10.19
12
8.77
12.7
15.38
17.2
17.23
6.83
15.26
17.94
9.53
11.23
10.35
3
2.67
7.97
13.48
13.3
5.66
3.18
6.02
10.35
12.62
13.72
2.95
7.56
11.2
13.89
10.91
10.12
14.54
14.62
10.92
13.51
12.41
9.79
14.25
14.47
8.06
-3.64
0.34
14.1
12.7
10.44
18.81
19.22
13.5
13.89
16.82
14.47
10.07
12.2
13.44
12.96
13.06
15.1
15.33
12.13
4.22
3.65
-2.26
10.52
11.67
15.17
13.66
16.89
15.09
2.43
12.52
17.17
17.78
12.04
8.26
12.34
9.69
3.91
8.09
11.16
5.09
8.38
12.35
12.54
10.36
9.34
6.58
-8.51
7.49
4.15
14.21
12.9
14.5
14.23
8.05
8.18
-4.17
7.31
8.92
6.77
6.12
2.79
4.17
4.99
11.65
15.15
17.4
16.38
12.29
13.4
10.25
12.76
7.29
1.4
11.84
12.76
13.23
16.36
16.87
16.29
14.14
16.12
12.07
3.54
8.64
6.9
5.51
15.32
17.92
17.53
18.27
14.63
9.92
8.44
11.88
12.17
14.44
17.51
15.83
8.59
6.38
11.93
12.66
14.74
16.38
15.25
12.06
8.81
16.05
21.25
18.96
16.59
18.78
19.57
20.2
19.6
16.61
13.34
14.76
15.89
14.75
16.96
14.29
5.02
8.85
12.52
16.59
20.53
18.22
13.22
13.52
16.34
16.43
7.47
12.88
18
14.81
11.98
14.27
6.62
3.02
7.62
10.67
9.17
7.21
7.59
4.46
9.36
11.4
14.42
12.07
-5.55
7.65
15.14
10.36
5.57
9.24
16.37
19.3
18.39
16.93
16.49
13.09
10.61
11.25
10.23
13.87
19.31
19.45
13.8
8.42
2.67
4.92
12.24
14.18
14.23
16.08
17.97
16.71
15.5
16.15
14.81
10.48
6.16
3.05
-0.39
4.98
13.86
12.49
11.3
16.76
16.33
16.46
15.8
10.43
12.32
15.98
11.02
6.02
6.98
11.64
17.6
18.28
17.01
13.11
12.12
12.48
13.91
14.4
7.69
-3.51
9.24
13.05
7.65
5.45
15.35
17.32
9.98
-1.47
9.57
14.93
12.5
13.85
15.79
15.88
16.78
15.11
7.26
5.88
5.79
4.07
-7.69
7.11
17
15.47
11.37
16.6
18.11
17.7
13.72
0.19
-12.15
3.33
-0.15
12.29
15.24
17.58
19.58
17.32
10.35
-0.16
8.86
12.11
-4.84
14.3
15.04
16.03
17.66
16.55
11.61
10.05
13.33
13.26
9.98
13.44
14.15
13.98
15.88
18.03
14.58
-5.7
5.34
8.83
15.35
9.84
3.96
13.89
16.95
13.29
5.12
10.18
13.31
11.19
12.16
10.9
12.11
16.22
16.88
15.1
18.53
20.29
22.38
22.47
19.14
13.43
10.69
17.23
20.51
21.55
20.47
13.59
13.9
20.51
19.46
16.38
13.79
5.53
0.98
-7.9
13.3
16.69
12.38
8.27
14.53
14.38
14.34
16.26
16.48
18.22
20.12
16.57
10.88
16.45
14.62
10.86
7.38
9.68
6.42
15.34
16.74
16.82
18.32
18.04
13.16
8.69
12.97
12.18
7.61
12.5
15.71
17.98
19.49
20.95
20.02
19.7
17.04
12.54
15.31
15.57
14.7
16.71
17.15
15.16
8.69
9.79
12.97
13.64
12.01
6.04
6.47
13.57
18.21
20.4
21.07
21.05
18.72
15.12
15.25
18.76
19.39
17.21
14.71
15.2
13.53
16.08
17.7
15.52
6.66
5.82
13.58
12.95
9.09
9.01
12.07
12.49
10.78
13.2
15.76
16.03
11.95
7.44
6.25
6.12
12.58
16.04
19.48
19.38
15.17
12.04
15.2
15.2
15.18
16.12
16.72
13.9
13.09
13.35
12.76
3.69
12.42
13.1
0.87
15.12
18.69
16.16
14.67
17.42
20.7
20.14
15.97
10.44
8.85
10.78
15.1
12.6
7
1.65
10.32
15.47
16.64
15.94
14.93
12.45
12.26
13.87
15.93
16.58
19.2
20.68
19.81
15.35
1.48
-1.78
1.39
5.91
6.8
9.43
9.57
12.31
19.71
20.61
15.82
7.36
7.24
9.35
12.08
12.36
10.73
6.57
4.72
6.95
11.6
11.3
3.24
-9.44
7.9
14.27
17.09
16.79
15.54
17.33
17.53
9.72
11.57
13.67
5.28
1.93
0.85
-12.41
4.42
9.4
1.06
-3.79
0.73
7.38
7.11
-4
3.27
5.62
12.14
14.57
11.97
14.29
12.52
-0.78
11.38
13.53
10.41
11.87
11.57
12.25
11.26
5.54
10.02
4.68
6.6
10.96
11.34
11.18
8.78
11.61
11.51
-0.07
4.08
-5.99
10.74
11.34
12.84
15.58
9.65
5.73
3.77
12.67
15.17
13.5
13.22
12.33
4.53
6.46
13.89
12.32
-0.04
5.66
4.76
9.02
14.55
15.26
13.7
1.24
15.08
18.92
15.08
10.57
14.06
19.52
20
15.95
10.47
12.89
15.26
14.52
11.47
8.27
3.16
13.41
19.6
18.87
17.31
18.76
17.63
10.97
15
17.29
12.82
5.72
9.28
12.59
9.77
8.31
9.91
11.3
14
9.8
5.13
8.67
8.78
7.85
-1.46
-9.39
-5.69
1.58
-0.83
3.36
13.66
15.29
12.16
4.4
-12.43
2.84
-2.13
6.37
3.31
9.71
7.9
5.19
9.37
10.97
16.04
18.69
16.37
12.71
13.03
