-0.15
11.97
12.48
4.16
8.56
10.66
12.34
13.09
11.35
8.33
9.59
11.02
9.62
5.82
6.95
9.63
10.43
7.2
2.21
-2.12
4.27
8.29
9.4
6.59
2.32
-1.07
2.93
2.95
-6
6.53
8.1
-5.07
2.13
-4.22
9.41
13.31
8.47
4.76
10.26
-2.58
12.71
16.02
13.21
9.4
7.28
8.89
9.03
10.77
9.99
11
8.85
10.94
6.17
-2.6
5.08
6.6
5.47
4.65
7.93
13.32
10.49
7.65
-0.13
2.34
3.07
11.3
11.91
-1.23
5.62
10.27
8.12
2.83
6.15
7.99
9.15
13.93
14.44
10.64
8.17
4.59
11.29
7.96
8.23
12.19
12.93
3.44
10.95
14.82
14.2
11.13
10.22
11.6
6.3
9.81
12
10.69
2.58
6.74
9.94
11.04
10.12
6.87
7.29
9.59
0.9
4.64
13.73
15.38
9.47
8.98
13.19
11.62
13.35
12.44
13.22
12.93
12.88
14.09
11.73
5.24
5.58
8.1
6.89
1.61
8.77
14.41
15.46
13.62
8.25
-16.46
11.35
12.98
9.8
9.98
8.61
4.63
8.39
14.7
16.8
13.86
1.39
10.59
12.28
6.01
1.01
8.49
15.94
17.18
13.93
5.65
12.58
14.77
12.46
10.05
10.6
4.86
3.86
13.84
17.41
16.59
10.24
7.81
5
-0.73
5.69
7.88
10.5
12.24
13.87
14.75
13.99
9.98
-15.75
1.33
3.29
6.95
10.14
12.45
7.64
8.71
10.03
-4.98
10.36
10.11
4.28
1.6
7.29
11.45
8.97
-9.73
11.16
15.68
17.03
15.71
13.34
11.9
2.64
8.15
15.97
20.67
21.77
20.64
18.84
16.41
8.71
5.42
7.73
-3.82
8.76
15.64
14.52
5.2
2.28
10.17
11.96
9.08
2.25
11.38
13.37
4.28
8.4
13.5
10.97
10.69
10.69
8.27
6.3
8.69
9.77
11.65
12.23
12.46
14.68
15.94
12.94
10.6
12.41
8.3
0.01
5.55
14.09
17.8
16.38
10.78
-11.14
7.95
5.9
4.57
11.46
12.77
9.93
-0.66
4.9
9.72
10.96
2.81
5.04
0.81
14.22
14.39
10.06
12.27
15.29
13.28
9.42
11.39
10.66
11.11
12.7
14.19
12.47
5.24
2.6
5.11
7.17
6.87
5.43
-2.68
5.34
8.45
7.55
-5.69
12.01
14.85
11.49
12.26
14.03
9.17
8.55
12.94
14.67
13.55
13.66
15.6
14.01
7.46
1.44
5.82
-15.75
10.37
11.21
9.37
9.73
5.01
7.86
10.4
9.71
9.82
-1.67
12.39
8.84
2.35
11.46
14.24
10.32
5.08
4.9
0.47
3.62
5.28
3.28
3.16
12.65
13.95
16.39
13.07
2.78
6.98
2.77
7.3
9.1
-0.63
2.63
1.29
7.99
11.3
8.43
2.81
-2.41
8.38
9.35
14.1
14.52
8.51
3.45
10.52
9.23
-0.9
11.76
13.85
11.92
8.04
-1.85
11.61
9.63
1.11
-11.5
2.09
10.9
15.56
13.89
3.66
1.26
3.13
12.46
15.63
11.18
-2.3
-5.57
10.81
13.02
1.82
7.68
6.95
0.06
-1.94
5.78
6.47
4.91
7.69
7.6
9.93
13.04
13
12.55
2.09
6.1
4.52
12.28
13.51
12.79
12.19
14.56
14.32
14.02
11.55
1.5
0.38
7.1
11.05
8.54
9.96
9.39
12.73
11.24
10.77
7.93
2.29
7.19
7.42
2.52
1.35
-1.83
-2.4
-3.61
-3.42
4.04
0.45
8.08
4.31
10.16
16.37
14.22
-1.04
7.42
10.14
13.18
12.94
8.73
6.6
13.85
13.61
11.15
10.06
11.24
5.82
11.04
12.87
12.8
13.05
13.51
12.54
11.77
13.28
13.97
9.55
4.9
13.87
16.54
12.8
-6.12
12.68
16.34
13.57
9.72
7.79
10.15
12.07
9.78
9.65
12.66
5.16
6.07
12.77
15.35
14.77
9.58
0.88
3.8
12.65
13.21
5.71
9.88
12.93
13.91
14.01
14.32
16.24
14.92
6.96
2.81
-1.61
9.8
8.62
-2.07
4.95
12.39
14.33
15.88
13.97
9.8
3.68
-0.54
3.31
-7
-3.22
2.78
7.05
4.46
8.59
12.21
13.61
14.53
9.04
10.37
1.29
9.4
5.61
8.79
17.63
17.91
9.85
7.6
7.95
13.48
14.36
6.05
6.67
7.95
9.28
7.09
7.92
9.4
-0.55
6.62
9.24
3.82
7.36
11.26
9.36
5.23
-1.35
11.92
13.86
11.11
13.45
13.94
5.23
7.94
10.75
15.51
15.04
4.93
8.5
11.85
11.67
7.98
-4.86
5.41
8.43
1.17
9.61
8.04
-0.23
0.67
4.95
9.68
13.27
13.78
11.59
11.27
13.28
13.13
14.67
14.47
12.02
10.27
4.92
8.64
11.83
10.16
9.67
11.82
13.5
8.47
5.37
6.32
8.68
13.15
13.31
10.03
5.78
7.28
6.2
9.71
11
7.8
9.85
7.27
5.62
10.94
9.19
10.02
13.8
10.95
10.6
2.46
10.93
16.59
19.54
20.85
15.9
8.37
-3.06
10.35
6.05
9.35
12.34
1.1
10.15
5.45
-2.96
-4.43
6.46
12.52
12.89
7.14
2.22
0.47
2.93
11.69
8.83
11.54
10.06
3.27
2.2
4.96
9.66
11.57
9.1
7.58
6.95
8.48
12.53
13.49
12.38
13.63
14.9
14.56
11.68
6.86
9.71
11.83
9.91
2.64
1.17
5.9
6.88
9.11
13.11
10.94
1.25
1.9
4.47
7.1
9.76
9.7
6.85
-0.29
14.01
16.88
13.44
7.01
2.84
12.33
8.73
12.33
16.91
16.15
12.36
5.26
3.95
4.04
2.16
2.11
6.3
0.55
1.01
3.93
-1.11
-12.43
0.67
9.95
10.97
9.5
12.58
9.88
-5.11
5.84
7.65
16.82
16.76
7.35
5.87
8.8
-1.6
5.49
5.45
13.85
12.57
10.25
8.86
8.75
9.75
9.77
8.43
7.25
2.88
9.99
11.12
9.72
15.26
18.18
17.65
14.73
3.73
2.66
10.42
12.48
10.6
6.45
0.92
12.59
15.36
17.18
17.47
15.67
12.68
11.32
9.52
12.27
8.29
1.73
0.15
8.51
15
15.17
11.01
4.29
-2.97
9.44
14.43
13.04
8.83
6.81
11.46
15.13
14
14.39
11.42
1.18
11.75
15.3
14.34
15.15
17.03
16.89
13.84
13.29
15.79
13.93
5.16
4.53
11.17
12.3
2.15
3.21
2.89
6.55
12.31
13.73
0.36
12.28
13.5
11.96
5.34
9.67
8.41
12.16
13.02
9.36
1.81
-4.67
2.09
6.2
4.49
1.38
0.34
4.53
9.54
9.97
8.96
10.03
11.08
8.51
8.34
13.22
14.51
9.17
7.98
13.59
25.06
23.53
18.41
16.08
13.15
20.8
26.13
26.52
23.35
20.98
19.09
27.75
27.07
23.03
10.09
14.38
14.52
11.99
11.01
19.55
23.87
17.24
26.48
21.59
20.4
17.93
19.69
20.38
2.89
11.15
15.47
4
22.63
26.39
25.47
18.73
12.64
22.08
24.7
23.2
19.57
18.33
14.52
22.23
17.64
16.69
16.33
15.02
20.23
19.26
3.65
7.2
15.9
14.58
14.32
25.03
27.1
23.6
24.88
26.66
21.4
0.72
21.05
23.99
21.27
19.37
22.4
19.47
18.37
23.44
21.16
12.73
21.13
21.76
17.51
19.22
22.74
23.21
23.01
18.45
22.43
24.65
22.51
15.48
5.34
16.14
10.24
10.31
13.02
23.62
26.62
24.63
18.78
17.2
19.3
18.4
18.36
11.71
18.27
22.77
22.29
19.97
19.08
18.24
19.51
18.09
19.73
18.69
16.71
24.29
26.77
23.53
18.66
18.2
20.64
12.39
21.78
24.2
16.72
16.01
24.97
24.96
16.15
18.32
21.48
23.64
19.22
11.36
22.08
23.75
23.07
-2.54
22.49
15.84
24.48
28.79
23.46
22.52
23.72
23.33
14.39
13.38
12.67
13.14
20.08
21.52
19.16
21.92
18.24
20.88
25.7
28.98
28.66
23.72
15.74
11.92
18.3
21.57
23.54
13.45
24.6
25.23
23.42
24.02
24.83
12.73
7.79
9.53
20.49
21.94
15
-0.79
18.19
25.27
27.36
23.09
23.87
28.45
27.62
22.82
20.69
23.2
21.2
22.79
22.97
17.41
19.74
15.77
18.44
23.11
20.97
11.91
18.09
20.72
20.85
20.48
19.23
15.37
19.51
23.42
24.8
17.85
18.1
25.74
29.95
29.38
25.8
17.95
20.79
12.81
21.02
22.69
22.05
22.52
-9.44
24.26
24.5
18.76
19.38
13.97
25.43
27.72
24.49
26.01
24.98
23.37
23.35
22.45
22.2
25.96
14.81
24.45
22.02
19.63
12.78
22.9
26.26
20.54
20.01
16.04
14.35
20.34
15.07
8.58
20.01
25.88
23.72
20.06
25.5
17.75
21.07
23.09
19.62
5.52
22.08
24.8
25.57
28.94
28.46
22.83
19.92
14.52
24.4
25.31
11.45
19.81
15.98
10.65
19.33
25.04
23.04
16.11
18.91
22.91
24.57
23.37
19.74
7.81
19.79
22.5
19.68
4.06
11.32
15.33
14.49
15.23
19.36
18.92
17.54
16.44
15.39
14.25
18.63
22.07
13.32
19.06
20.37
20.38
18.71
22.3
21.99
18.65
13.3
-0.82
5.15
18.09
16.93
3.76
15.57
20.24
9.76
23.56
26.34
22.58
25.88
22.31
10.15
13.43
6.46
11.84
11.14
20.51
19.24
16.9
12.91
18.66
21.81
23.14
19.18
20.1
15.95
3.04
16.12
21.09
18.92
14.92
16.69
5.61
18.23
16.57
7.69
16.87
17.73
15.73
16.46
20.91
15.29
6.86
15.54
16.48
18.71
21.41
12.17
20.11
21.6
23.2
20.75
14.37
6.94
10.62
17.12
17.39
13.43
18.22
16.34
4.45
10.56
11.13
17.94
20.21
16.32
8.65
16.01
13.78
12.99
18.29
21.02
19.08
15.97
12.33
3.27
6.49
11.13
15.82
17.47
16.66
15.25
14.93
11.49
1.58
6.57
13.78
9.74
-1.48
11.51
14.48
5.44
15.34
15.43
13.44
8.59
18.46
19.51
12.13
19
20.21
10.42
19.82
6.81
13.14
18.21
20.4
23.09
25.27
24.44
21.19
17.08
21.3
26.03
24.54
15.35
13.86
18.23
21.12
19.3
21.97
19.36
7.81
15.49
18.97
13.38
12.2
20.93
21.11
16.76
20.88
17.63
6.93
11.71
11.53
13.81
12.92
14.31
9.74
10.94
14.4
19.33
19.43
14.61
16.82
17.77
20.27
22.72
22.66
23.15
21.32
17.21
21.59
26.18
25.96
20.55
17.62
16.13
18.67
8.59
11.19
11.77
20.19
19.57
20.52
18.89
16.97
15.92
20.15
27.64
28.62
22.66
20.33
15.19
20.33
23.31
23.24
21.07
13.38
13.14
20.05
17.55
19.26
20.5
20.69
16.61
20.44
27.8
27.47
24.73
25.57
20.83
6.49
15.8
22.42
22.31
17.29
26.58
27.2
15.1
24.55
23.97
20
19.5
23.65
25.26
13.23
22.68
23.45
3.09
21.35
22.82
21.24
17.96
15.97
10.8
6.95
20.39
18.54
22.66
23.65
25.02
24.81
18.31
13.18
18.63
9.24
10.02
11.4
16.32
16.49
21.5
13.11
17.79
13.68
23.79
22.81
17.46
18.2
25.27
24.92
22.25
7.94
23.11
23.28
12.34
16.08
16.23
20.93
20.1
16.08
20.78
22.7
20.54
19.13
23.71
21.12
10.06
21.86
20.81
17.38
17.83
17.61
17.38
6.78
14.18
12.77
25.36
28.62
23.98
17.28
19.8
17.14
19.52
21.93
18.96
3.42
12.14
18.08
14.98
10.99
16.17
17.59
20.99
13.86
26.48
23.88
15.86
24.7
22.78
19.96
24.91
14.59
10.72
23.49
29.43
27.44
17.57
24.82
27.03
21.57
16.5
17.91
18.65
12.67
22.63
28.23
24.94
16.34
21.8
18.87
18.51
14.58
7.5
23.2
22.72
22.76
24.9
23.1
17.43
3.76
10.7
17.65
23.2
26.66
27.1
24.46
21.12
24.96
24.51
20.23
20.36
21.32
23.64
22.46
19.91
8.44
24.8
26.53
22.62
24.91
26.68
21.96
14.79
24.44
27.56
20.92
21.73
26.57
27.37
26.39
19.42
13.04
18.28
25.53
21.62
24.28
24.02
12.49
24.06
25.38
23.38
22.26
22.64
10.4
13.46
14.92
22.41
19.33
7.64
20.03
19.53
18.22
13.45
10.1
10.13
17.43
20.02
16.97
6.98
16.58
21.11
20.07
19.63
16.37
16.27
19.58
21.89
19.01
17.58
11.1
13.21
14.98
16.25
6.43
17.47
23.07
25.53
24.75
14.3
20.9
20.47
2.25
11.24
16.34
15.38
18.95
21.61
22.2
22.94
18.18
9.7
16.4
21.69
22.87
20.56
12.05
19.84
27.36
26.71
21.52
19.7
18.24
-11.87
13.83
8.43
16.06
20.17
18.92
16.87
19.08
18.7
15.11
23.06
24.94
19.91
13.52
14.11
16.72
7.85
15.68
20.87
20.79
19.94
19.98
18.04
18.83
20.25
15.07
17.51
21.26
19.43
18.5
17.38
11.27
21.15
25.3
25.39
24.22
21.8
22.16
20.09
5.28
16.16
12.28
23.67
23.41
16.85
10.94
18.87
20.54
16.09
4.45
17.71
19.71
15
-1.52
-0.77
8.89
13.55
18.56
20.41
15.84
15.42
20.02
6.67
17.04
18.43
15.59
8.73
17.48
17.98
7.61
17
19.22
14.86
12.52
14.54
17.74
17.73
16.71
15.82
19.04
22.56
21.2
20.3
19.52
17.14
18.96
24.23
27.51
28.72
28.86
27.98
24.28
11.39
24.01
27.7
18.77
19.16
23.71
22.11
19.81
23.65
23.93
21.95
21.22
20.54
20.76
16.88
7.7
21.54
20.21
12.35
20.49
23.51
12.44
17.46
23.45
24.09
17.01
17.08
21.26
12.24
18.62
24.67
25.83
26.03
23.47
19.87
9.5
16.9
21.78
26.71
26.5
24.85
26.84
27.9
27.55
28.32
26.84
21.86
21.12
24.25
23.34
17.45
25.6
26.49
26.66
26.91
26.28
26.98
24.85
10.61
7.46
10.39
22.44
27.82
26.42
13.76
11.75
14.67
14.08
13.99
18.68
23.71
24.44
22.99
15.45
14.42
22.44
21.55
15.84
19.95
24.25
23.43
18.04
13.1
19.98
22.31
22.27
20.76
20.46
22.72
24.5
20.87
15.02
19.39
15.82
9.56
21.76
22.19
18.43
20
18.69
16.83
17.78
20.33
23.61
24.35
24.98
20.65
18.22
22.24
21.92
21.19
18.87
29.49
37.23
36.96
27.34
12.87
19.83
22.44
26.89
27.53
24
26.54
32.68
32.17
24.9
21.78
23.66
25.3
26.96
25.67
18.61
13.31
24.4
23.37
22.08
23.54
24.09
26.12
26.56
23.69
22.5
18.02
13.64
20.37
24.04
21.74
20.45
24.14
24.69
24.48
21.78
18.15
17.56
20.85
15.41
7.27
15.71
27.09
38.2
44.86
43.11
31.65
14.14
17.21
11.16
18.54
16.44
21.81
21.29
15.79
18.87
18.27
19.53
22.47
22.41
19.96
19.16
15.72
13.04
6.69
12.7
13.87
23.88
28.32
33.66
44.35
47.15
41.14
22.68
17.58
22.21
16.75
19.95
28.02
28.4
24.53
23.85
22.97
18.75
20.97
17.66
17.28
17.89
15.48
14.94
13.79
29.57
32.88
30.65
22.81
22.68
22.76
18.37
24
25.99
23.73
20.2
20.27
23.27
23.96
22.88
22.5
16.9
16.64
20.85
18.33
19.65
22.6
16.6
8.46
23.94
28.95
27.84
20.63
8.72
16.45
11.51
34.06
42.55
41.64
32.76
23.4
14.82
20.69
28.3
29.44
23.05
14.63
21.96
32.21
36.92
34.05
22.94
12.04
13.57
16.16
18.02
18.21
25.85
27.53
23.43
17.97
21.68
26.35
28.25
25.3
24.65
38.89
42.63
36.78
18.66
13.11
11.65
12.52
26.15
29.65
27.51
26.12
24.83
22.74
22.15
21.41
21.65
25.85
28.62
26.42
23.9
26.01
22.87
8.94
21.67
24.53
23.92
22.73
20.25
10.35
12.21
20.14
25.69
25.47
18.9
18.23
19.73
19.32
21.39
21.22
10.92
16.3
21.65
26.12
24.81
17.09
12.66
20.71
23.26
26.19
24.96
19.73
28.07
42.31
44.84
38.27
20.56
5.47
13.3
18.33
20.84
14.27
10.2
13.53
14.1
20.28
22.13
23.23
23.65
23.71
21.17
9.78
10.43
14.55
14.19
22.11
26.75
24.63
18.64
19.93
18.65
14.75
6.01
15.32
17.8
14.28
9.11
17.94
18.75
6.4
13.38
18.67
24.18
22.5
16.61
15.68
19.01
24.68
26.12
21.24
19.32
22.11
21.66
7.31
18.58
16.54
16.27
15.48
0.6
24.94
30.79
29.27
24.37
20.17
19.74
25.74
25.88
14.73
16.21
22.25
27.62
26.37
24.91
22.57
19.22
39.06
44.26
40.16
26.5
21.28
22.88
23.6
23.98
26.41
29.13
34.52
36.22
31.9
25.53
20.42
20.19
29.11
29.75
34.73
35.35
29.55
26.33
26.21
21.93
15.54
26.53
30.41
27.47
15.92
22.44
31.91
37.43
35.33
30.31
30.98
23.06
6.82
9.55
17.04
20.1
24.94
23.4
17.04
26.59
26.63
27.27
27.36
20.37
23.25
20.12
21.02
20.69
27.26
31.93
32.39
26.49
10.62
22.42
23.9
29.1
30.45
28.84
28.37
28.47
27.31
27.64
28.71
24.36
26.82
31.16
32.42
34.32
34.42
31.56
28.61
26.01
21.68
28.5
42.46
47.56
43.58
30.95
25.15
28.85
31.33
28.76
20.1
39.97
47.48
45.97
34.43
15.32
9.18
19.72
24.95
25.24
27.26
27.86
30.12
29.8
25.09
17.92
22.37
25.9
28.06
28.08
27.13
24.9
26
27.27
28.51
24.56
24.64
28.83
18.41
23.07
21.7
13.5
16.25
28.14
27.26
18.07
21.16
19.83
28.99
26.18
14.69
26.48
25.38
12.18
25.28
30.33
28.86
29.53
31.36
31.23
28.43
22.75
21.63
25.2
22.43
16.68
22.66
18.88
-3.42
20.95
26.85
27.66
19.3
23.69
26.64
24.32
9.98
25.05
26.7
28.05
28.43
22.02
26.3
26.08
26.9
29.25
32.66
30.18
23.08
17.7
30.25
32.05
25.98
21.14
17.88
25.35
26.98
28.02
26
22.25
18.28
23.84
24.15
19.98
27.36
29.07
21.06
23.83
17.58
25.33
17
22.72
30.53
31.43
22.22
15.57
19.23
23.96
24.16
26.98
26.37
21.65
16.16
14.97
21.72
23.39
15.88
16.68
23.11
26.08
21.99
19.14
21.95
26.88
29.41
28.68
15.65
15.17
22.62
22.36
19
26.23
22.87
15.7
19.79
20.33
27.09
31.86
31.07
26.49
23.45
23.04
16.09
31.42
31.25
22.79
10.03
19.19
24.84
24.48
19.3
26.97
29.85
25.21
12.22
17.43
15.55
19.53
18.46
11.4
24.64
25.42
18.75
-1.31
19.4
27.01
26.8
18.98
14.56
21.23
23.34
25.15
17.59
16.59
20.91
25.45
23
22.07
27.4
19.73
13.07
21.3
28.51
28.15
8.9
28.09
27.57
12.57
22.25
23.27
25.79
27.96
29.34
24.67
26.5
27.36
22.65
17.51
6.81
16.52
26.08
24.25
10.45
23.74
25.86
25.5
21.49
7.59
12.34
11.65
20.12
27.6
28.32
20.89
16.88
20.05
15.91
16.36
20.53
26.31
25.36
22.75
21.17
13.14
19.23
18.04
7.92
22.89
26.25
25.41
22.11
20.19
21.37
25.77
20.74
21.67
26.34
23
21.24
23.8
18.51
20.01
21.35
15.55
2.29
15.38
16.39
17.8
23.27
22.88
15.47
4.99
13.95
21.31
17.8
17.12
26.32
27.48
25.79
20.99
20.87
24.75
21.49
21.08
18.63
19.63
25.73
25.01
24.5
18.79
10.75
12.64
17.67
21.1
18.94
26.07
26.2
16.48
11.79
16.05
19.5
19.2
20.15
20.8
13.03
19.89
20.63
14.94
23.51
20.55
18.13
20.93
13.3
-3.29
18.98
19.14
16.6
19.43
13.66
21.03
10.34
19.87
24.66
26.25
26.13
27.98
24.63
22.08
23.87
19.9
23.38
27.88
29.43
27.21
26.67
28.18
20.57
11.79
22.54
24.58
18.44
15.58
17.79
15.78
26.63
21.97
13.05
20.26
27.07
25.2
13.63
15.66
21.01
25.3
22.9
27.16
26.73
27.56
28.9
28.61
23.7
15.9
19.02
2.07
20.84
16.03
18.72
24.4
27.21
17.16
21.44
22.95
14.26
26.21
24.4
1.39
20.36
14.72
23.41
28.31
27.91
23.51
26.94
19.02
14.26
22.49
13.36
25.89
29.37
27.95
15.4
20.28
18.95
25.61
28.91
18.88
28.82
28.44
9.6
24.17
32.55
33.65
21.1
20.59
14.68
20.56
26.09
20.31
15.08
18.02
22.63
29.07
27.1
24.24
22.85
22.92
24.19
19.44
15.91
17.7
23.91
26.7
24.16
10.42
16.78
11.13
18.74
23.24
25.69
27.35
25.88
24.19
23.13
24.8
21.96
13.57
17.86
19.44
24.42
23.1
11.66
20.12
19.15
23.98
27.2
26.54
28.74
30.12
27.69
22.74
14.52
7.16
12.64
15.84
16
10.19
9.29
16.15
14.64
19.33
26.45
21.31
20.5
18.88
18.13
-1.87
19.71
15.22
14.1
25.22
26.16
24.32
18.53
19.88
21.5
20.18
25.6
20.82
10.02
22.55
26.86
27.24
25.01
9.1
24.02
27.02
27.25
22.24
18.23
19.13
25.21
26.55
22.32
8.69
11.2
12.12
15.04
14.61
19.04
7.12
16.02
12.17
11.92
19.47
4.87
19.79
20.11
21.01
22.82
7.92
25.5
27.36
23.18
21
21.35
16.34
18.75
19.92
19.85
17.97
16.3
20.73
23.15
24.4
24.26
22.69
21.39
20.07
20.24
14.76
20.05
22.48
17.11
14.44
22.89
26.57
22.78
17.06
24.92
17.95
18.6
15.99
18.55
21.43
19.64
17.16
10.72
18.08
18.68
17.92
19.46
16.4
20.12
18.4
13.59
13.78
19.78
20.37
14.52
21.83
18.79
18.26
16.4
9.27
17.5
17.39
18.83
20.98
6.82
16.07
15.62
14.34
17.44
17.21
16.03
18.6
17.31
21.65
23.52
20.67
22.74
18.32
11.29
19.79
16.44
13.29
16.52
25.54
26.08
20.91
22.11
22.84
18.04
16.62
18.23
16.35
10.7
12.78
17.95
14.9
10.55
13.35
6.41
16.69
18.23
11.91
15.57
19.7
19.66
18.69
18.92
16.97
7.19
17.05
8.4
14.37
18.33
23.33
23.73
21.73
17.06
18.77
21.36
16.31
11.17
16.08
9.55
22.42
22.58
15.74
7.22
10.41
20.89
20.56
14.99
18.35
22.25
22.48
21.5
17.91
6.52
13.51
4.31
9.98
11.71
20.94
22.24
20.68
21.48
21.29
10.3
6.27
14.65
22.8
24.5
23.63
17.32
12.35
17.99
19.21
16.07
13.33
16.32
21.62
19.75
9.53
15.15
19.56
23.57
26.5
26.92
26.64
24.39
19.74
18.57
14.52
8.29
15.3
6.21
4.82
15.68
20.63
18.18
7.13
14.34
19.84
17.19
14
19.93
20.02
17.59
13.4
9.77
12.95
15.91
16.94
13.68
15.41
19.62
10.73
17.69
21.08
20.28
23.89
25.58
19.74
11.81
11.86
8.26
20.42
21.42
11.65
15.43
21.95
21.91
23.37
23.59
24.05
23.43
19.11
13.8
13.36
14.4
19.98
20.99
13.71
5.85
13.03
14.98
4.83
5.72
17.54
18.84
12.37
10.32
6.7
13.26
19.21
18.83
14.51
14.8
12.83
8.88
15.96
22.51
21.77
19.01
21.08
24.24
23.62
22.97
26.56
27.8
24.59
22.6
23.2
15.96
7.37
12.03
11.52
13.13
15.06
11.27
20.61
23.67
21.41
18.24
17.91
21.14
19.4
8.23
13.17
21.22
22
21.62
24.07
23.12
18.48
17.67
17.01
18.64
4.94
13.2
11.13
13.11
20.84
23.72
21.27
14.93
22.42
23.96
13.01
16.54
13.67
16.86
23.49
23.89
22.47
19.17
22.31
23.41
15.29
18.33
17.04
15.22
20.59
23.71
22.22
17.64
14.17
15.49
7.6
2.49
10.44
20.16
22.82
19.48
11.97
19.25
21.04
10.16
18.5
15.05
11.59
15.22
21.2
22.41
20.42
22.04
25.77
25.4
18.28
15.71
15.28
23.09
22.18
15.22
14.63
10.73
21.23
18.68
22.08
21.38
11.84
13.46
14.93
15.05
18.2
11.11
14.16
18.19
16.18
4.29
11.7
18.69
17.67
7.47
20.08
23.8
17.63
21.3
24.63
26.02
29.09
28.42
22.74
23.02
31.28
34.19
29.88
23.58
16.48
20.75
24.29
27.11
27.78
27.41
24.76
22.31
21.4
14.7
11.11
16.41
16.88
4.59
5.66
16.14
23.91
24.39
20.13
15.54
22.67
23.25
20.26
16.44
18.1
14.52
15.28
9.24
11.52
19.93
22.57
12.31
-10.85
19.55
20.31
10.19
20.28
20.78
18.67
10.66
10.64
14.78
18.19
21.18
22.96
21.82
19.47
15.45
16.88
15.36
18.25
21.84
23.94
24
19.77
15.95
17.39
16.71
17.31
17.55
11.75
18.52
17.91
13.68
17.03
20.26
17.54
7.51
10.41
15.27
17.69
17.53
11.39
15.95
20.46
19.39
17.74
15.35
8.44
12.11
14.68
18.1
11.64
15.63
19.01
20.64
18.4
16.1
15.76
4.08
8.91
8.75
19.74
22.09
21.36
17.29
18.79
23.61
24.92
25.26
26.41
27.33
25.54
20.48
14.65
15.06
21.44
23.18
23.22
20.17
16.68
0.18
14.46
12.17
18.1
22.09
19.21
9.34
14.53
23.19
25.74
24.31
19.7
16.59
15.15
9.54
13.05
14.4
12.54
14.3
4.8
18.26
18.91
19.54
15.06
14.49
18.53
13.61
3.22
11.58
16.71
22.56
24.08
17
13.77
18.2
17.76
11.37
11.55
9.66
15.98
18.34
15.47
7.74
8.77
1.49
9.33
19.91
20.37
16.25
15.33
9.66
16.63
18.15
13.5
18.18
20.37
21.95
22
20.16
18.36
12.15
12.07
18.39
21.73
21.66
18.93
8.39
13.13
19.68
19.98
18.12
21.36
22.69
22.07
20.22
15.65
15.94
18.51
10.51
20.53
22.51
21.26
19.81
17.53
19.3
21.3
19.53
13.57
14.4
19.22
17.77
5.31
7.57
4.95
13.41
17.85
20.63
19.86
17.36
18.38
17.53
14.6
19.98
22.43
16.63
14.16
7.4
5.76
18.25
20.66
15.87
17.24
12.75
4.45
13.25
17.84
21.21
20.55
21.34
22.05
15.79
13.93
-0.22
12.88
15.56
18.92
21.22
18.47
8.22
5.33
18.4
19.38
18.14
19.79
18.84
14.33
12.27
13.79
15.71
19.37
16.87
13.75
12.74
12.98
20.39
18.7
5.77
3.39
13.93
15.82
9.27
15.57
16.35
9.91
4.31
11.71
12.62
11.86
11.42
14.62
12.23
7.66
8.9
13.38
8.63
8.19
-2.1
11.72
10.85
14.99
15.62
12.09
12.96
21.17
16.03
14.06
17.05
7.43
5.83
7.97
16.14
19.89
18.96
21.16
18.89
11.16
14.75
15.26
17.72
12.85
14.49
15.43
12.06
13.55
17.99
22.32
22.78
20.59
17.78
12.32
4.27
8.29
14.67
11.65
9.55
18.84
22.28
20.03
9.99
7.18
13.48
10.87
5.28
15.19
19.84
17.63
9.85
14.19
14.9
12.06
6.28
10.71
16.88
19.18
19.38
16.87
13.12
12.6
18.83
17.56
19.15
16.19
16.74
19.01
15.55
14.95
16.5
18.15
14.68
12.07
17.69
13.41
6.83
0.36
15.33
18.77
16.45
10.05
-6.43
13.84
17.31
10.64
6.95
12.6
14.95
15.71
14.14
20.06
19.15
-3.33
17.12
19.83
17.78
11.53
11.88
16.12
17.73
16.83
6.63
15.54
14.19
-0.56
6.85
12.03
15.94
17.43
15.62
14.43
16.16
19.01
19.66
16.58
12.06
16.02
14.16
6.75
10.36
10.34
10.67
11.23
2.73
12.49
15.18
7.44
9.93
5.46
11.25
9.47
12.03
17.59
22.71
21.56
14.51
7.69
10.12
2.47
7.76
9.85
8.91
17.04
16.33
5.29
9.58
6.66
16.24
15.92
6.6
7.54
17.89
21.15
24.24
21.88
6.22
14.11
14.87
15.38
11.9
8.29
16.81
21.46
20.36
16.35
14.22
21.95
23.56
16.86
13.27
16.72
14
15.44
17.41
19.52
17.57
10.29
3.83
16.17
16.12
14.01
-0.43
10.5
13.2
18.49
15.29
16.22
15.97
16.83
21.72
19.85
15.3
18.74
18.76
12.75
4.44
15.51
16.57
20.73
23.03
19.94
15.14
13.4
10.55
9.41
18.21
18.43
14.03
14.57
13.16
14.23
15.74
9.49
11.43
12.45
12.47
-2.01
7.76
11.48
13.66
14.68
17.79
20.3
19.28
15.53
14.32
15.32
14.91
10.05
12.24
10.58
6.49
3.57
14.19
12.9
5.51
-3.51
11.53
14.67
8.61
11.82
13.32
13.06
11.78
18.28
18.46
20.93
17.16
14.58
22.67
22.11
15.45
18.14
15.03
18.28
18.34
9.22
19.82
20.24
15.79
14.57
21.35
21.07
13.7
12.53
17.69
17.8
15.8
20.96
23.8
24.9
22.21
14.29
3.9
5.24
12.94
17.83
17.1
17.87
18.23
17.31
0.48
14.27
21.37
18.04
18.05
17.72
19.61
23.31
23.65
19.49
13.73
18.13
20.29
6.55
14.43
14.36
15.54
20.58
18.9
8.78
13.35
7.43
19.84
20.51
16.52
14.59
19.92
20.05
17.8
11.56
11.43
12.82
12.6
9.73
11.83
17.34
21.43
22.29
19.05
9.95
12.44
14.65
16.96
17.85
13.82
10.57
9.73
2.39
8.22
8.63
0.34
17.84
20.3
16.81
8.64
12.16
3.6
15.76
15.61
-5.75
16.32
14.62
13.51
9.13
9.17
14.29
6.14
14.75
18.78
18.95
16.76
14.01
16.37
18.64
18.32
14.42
1.7
4.9
6.63
7.45
3.48
8.89
13.88
11.46
11.62
5.98
18.87
22.54
21.07
17.46
13.53
-0.67
20.9
15.8
15.35
15.51
15.39
14.13
16.31
15.03
16.65
18.16
5.14
12.47
15.17
12.31
20.28
22.03
20.88
17.34
10.5
17.3
21.25
21.69
17.67
15.74
17.84
13.97
-5.12
7.62
12.39
13.48
13.58
2.28
14.79
15.29
14.93
15.17
11.3
5.1
8.78
9.59
9.11
5.66
13.29
18.26
15.75
12.08
17.46
19.4
10.69
10.89
2.43
10.67
9.07
3.37
-3.62
8.9
14.25
17.02
18.57
16.51
8.99
7.21
11.88
14.67
9.81
9.95
15.14
12.82
9.61
15.08
19.51
20.1
19.08
17.41
17.82
17.09
10.38
4.37
8.66
9.84
15.32
16.13
10.07
9.79
3.78
17.27
20.35
19.33
10.86
0.73
10.78
13.86
15.31
17.78
18.86
15.4
5.57
14.99
21.88
24.28
21.89
18.09
14.25
14.48
15.51
16.52
18.73
16.52
12.89
9.84
2.02
6.86
16.82
18.31
8.63
18.57
20.85
18.8
13.74
9.98
10.56
7.45
5.41
6.83
8.21
12.71
18.45
19.32
17.95
14.49
12.18
17.63
19.7
17.68
17.67
12.88
6.7
18.81
22.77
18.43
7.65
12.23
14.17
14.59
12.29
5.02
4.68
-0.72
-4.8
5.58
12.14
12.76
6.02
14.55
10.92
1.97
1.08
-2.22
12.82
12.83
11.18
7.52
12.96
19.65
19.38
20.9
22.95
19.42
16.25
21.12
21.42
15.42
12.4
7.96
8.96
11.51
17.99
18.95
17.59
15.04
16.4
19.28
20.94
18.52
14.27
7.01
6.1
12.2
8.85
19.21
18.66
4.77
15.27
16.38
9.14
15.97
22.14
19.91
14.85
15.53
18.7
18.84
13.67
9.29
19.58
15.18
9.1
7.35
12.8
17.66
20.3
19.22
15.92
10.96
16.6
17.89
17.84
17.95
14.58
12.32
4.24
17.55
9.15
15.47
15.22
4.68
11.79
8.29
4.22
16.58
17.09
16.54
18.6
19.5
17.7
16.3
7.38
11.84
11.23
17.36
21.54
21.71
20.62
16.52
11.82
14.97
19.08
16.14
-2.09
13.78
9.36
2.43
15.64
20.9
19.25
12.79
15.99
13.84
11.74
4.4
11.75
13.19
14.72
16.12
9.04
12.71
12.04
17.48
17.59
11.24
10.42
10.63
11.18
7.23
6.2
16.45
18.83
13.3
14.84
17.47
18.67
14.85
19.71
17.78
17.32
19.98
21.05
20.11
16.75
11.84
11.08
9.29
5.43
10.86
19.21
23.66
24.68
22.89
19.97
19.62
20.03
19.31
16.56
9.61
19.8
18.15
18.45
19.02
19.91
22.99
23.09
21.41
18.88
17.72
15.58
9.87
12.82
16.69
22.65
24.67
24.43
23.64
23.83
24.56
21.69
20.54
22.16
21.54
18.12
19.76
23.92
24.14
22.02
23.42
22.18
18.25
13.86
9.23
14.13
17.09
17.2
17.26
22.78
24.8
21.11
13.22
3.8
7.07
19.45
20.61
1.67
17.08
18.52
18.17
20.9
23.53
24.51
24.66
23.36
18.96
14.49
14.9
4.49
15.43
17.33
17.64
16.86
19.28
24.33
24.5
17.32
3.04
12.29
17.6
18.33
19.45
23.13
25.76
25.85
24.28
19.09
6.19
9.97
10.33
15.17
17.85
13.88
15.68
20.51
22.41
24.06
23.39
18.42
11.66
-0.49
14.64
17.28
18.29
21.14
23.07
5.25
6.3
14.63
13.22
-11.26
16.04
19.32
19.11
0.71
17.9
16.48
-0.96
13.32
17.29
16.19
10.82
5.82
15.2
18.77
19.75
18.72
11.4
2.7
7.8
1.45
12.9
8
-1.3
13.21
17.81
18.94
15.41
10.38
13.6
17.46
17.9
11.29
7.58
14.76
17.02
18.82
17.65
16.53
18.57
20.64
21.31
16.75
15.4
17.08
15.95
15.8
16.66
14.08
11.36
9.99
9.77
12.27
11.25
8.02
11.31
17.35
19.57
16.18
13.71
16.59
17.91
16.12
11.93
15.61
18.5
19.42
20.13
13.49
12.1
15.47
16.74
12.14
12.5
16.86
16.23
15.14
13.71
4.18
-0.87
8.74
9.45
-4.98
9.43
16.33
18.33
14.67
10.35
-1.33
17.63
21.18
17.71
14.75
16.23
12.59
6.29
4.49
0.27
5.87
20.69
23.93
23.62
21.88
12.84
10.25
14.99
17
16.52
17.56
17.24
8.69
9.98
15.66
13.31
5.44
5.61
8.83
11.92
12.28
7.1
15.53
11.51
7.39
10.58
14.35
20.08
22.26
24.15
24.08
22.84
18.63
11.12
16
22.19
22.71
16.2
6.69
5.62
13.86
16.61
13.8
9.49
14.26
19.59
21.19
18.75
12.09
12.57
17.7
16.91
11.54
6.04
10.08
13.46
14.51
6.72
3.66
7.99
13.7
14.57
17.77
19.94
16.09
-4.25
14.01
20.74
21.18
19.68
19.09
18.37
16.73
5.96
18.13
19.28
14.94
-1.97
10.65
13.82
17.66
19.68
14.06
11.2
17.22
15.23
1.2
15.93
12.61
8.69
8.61
6.22
10.85
13.52
12.63
7.49
-12.6
11.1
16.12
16.34
14.15
11.65
15.12
15.54
16.1
12.98
14.74
11.91
9.54
3.97
12.75
12.43
15.08
16.79
15.28
15.24
8.17
9.32
4.79
10.08
0.05
8.82
-1.63
8.24
9.45
8.15
15.62
13.11
9.23
9.73
1.24
12.78
16.41
17.17
15.67
4.09
12.62
16.1
17
20.8
21.54
19.6
12.25
-6.02
-3.9
11.03
15.6
18.01
20.47
21.15
21.01
19.66
14.67
9.57
8.72
15.01
18.16
12.38
15.99
17.16
14.76
12.86
13.49
14.23
18.48
18.19
15.61
13.55
-0.19
16.3
18.38
6.68
16.81
17.34
2.47
4.77
12.35
5.87
6.04
10.06
14.7
17.26
15.49
9.31
12.24
10.04
11.57
-9.47
5.64
7.17
13.93
15.93
13.26
13
15.87
9.51
13.89
0.95
10.69
8.06
-6.76
3.45
6.49
15.43
13.22
14.8
20.26
18.07
15.58
5.85
7.68
11.21
9.55
17.32
18.74
11.12
0.57
4.88
12.84
10.54
12.55
17.02
16.7
17.04
8.29
15.73
18.2
13.39
9.08
7.22
1.01
14.14
17.26
16.52
9.78
12.36
12.7
5.6
16.49
18.38
16.18
9.18
-3.05
0.83
8.53
15.96
14.85
11.03
3.5
6.64
6.69
6.61
7.76
10.13
7.37
6.93
11.9
10.38
4.44
5.25
9.29
1.57
4.71
8.29
3.27
4.23
8.89
4.42
14.03
18.07
12.43
8.58
9.8
9.92
12.35
11.42
12.16
11.96
3.38
3.36
-2.4
8.29
16.73
17.13
11.34
-1.18
8.9
12.47
16.42
15.96
17.77
16.06
15.88
15.22
12.16
10.92
8.84
10.57
17.29
13.11
13
7.7
-0.52
4.03
2.25
8.53
8.28
0.4
10.51
10.93
14.74
18.25
14.77
8.58
13.34
15.95
11.49
11.31
10.6
11.22
13.37
11.24
12.02
11.18
14.05
17.4
13.48
12.65
3.81
13.41
16.68
12.39
12.13
17.66
9.75
10.06
12.09
8.27
0.52
10.67
4.51
2.88
11.95
15.47
12.9
13.82
15.91
12.11
10.31
10.76
12.12
9.44
1.77
7.51
8.24
15.23
14.41
13.3
9.37
10.33
7.11
12.86
16.16
12.3
9.9
16
15.25
11.84
3.23
10.57
-1.32
11.76
10
9.63
7.97
9.6
14.72
15.06
16.21
13.15
-1.79
-0.54
10.49
11.58
7.98
8
14.32
15.86
14.56
15.12
12.52
18.69
18.6
16.85
18.27
16.1
14.77
20.09
20.62
18.15
15.43
10.27
11.17
14.5
12.62
3.7
10.99
9.96
18.51
16.75
9.78
15.13
8.74
8.36
-1.15
1.64
5.65
6.89
13.74
-16.19
16.29
19.64
14.97
0.71
10.32
15.62
18.8
19.67
16.17
15.58
18.04
17.35
10.05
-5.83
2.45
7.24
8.58
6.48
5.19
14.18
15.37
5.39
16.71
19.58
15.79
14.65
13.09
4.81
4.08
10.81
14.15
1.82
0.49
7.29
8.06
17.47
18.02
11.34
8.67
12.72
11.62
9.27
16.01
17.01
19.03
17
7.5
5.51
3.99
12.35
17.67
14.94
5.99
7.53
11.56
12.34
10.59
15.62
9.27
8.04
13.81
12.05
-3.36
0.34
9.28
14.35
6.7
11.26
14.57
15.56
11.06
20.95
21.42
12.64
7.26
-4.83
13.28
15.46
12.96
13.1
16.1
3.31
9.86
9.61
4.75
15.24
18.75
10.8
12.7
16.25
14.13
8.71
10.24
-0.36
11.3
4.23
14.35
7.69
12.99
17.14
13.42
4.92
4.28
9.23
8.26
1.22
11.38
13.39
13.95
14.69
12.59
10.54
4.77
-3.32
12.19
15.39
-1.02
14.56
0.75
13.13
12.88
7.19
12.61
14.23
17.35
15.84
5.12
9.77
9.56
5.86
10.33
11.96
17.95
17.35
15.97
9.64
9.64
4.04
8.82
12.2
-1.26
-3.48
2.65
12.26
15.53
13.18
12.58
14.59
18.75
19.93
17.88
14.22
8.51
13.68
13.69
9.29
8.39
4.88
11.3
16.65
20.59
19.12
9.23
5.89
10.96
16.3
10.52
2.97
13.43
12.46
6.51
13.71
11.48
13.46
17.72
16.79
14.72
13.68
7.53
12.03
10.88
6.33
11.53
17.9
7.96
16.08
14.76
6.02
1.15
10.83
19.69
17.7
13.33
12.44
4.23
-0.32
-2.42
8.03
12.64
3.45
9.12
14.01
12.16
10.1
6.38
5.36
11.44
14.35
16.14
13.92
3.62
10.37
8.44
10.58
13.72
15.36
15.83
15.73
14.2
15.1
7.12
5.41
-1.11
13.77
14.31
4.24
10.89
7.89
11.66
12.47
-14.84
12.92
12.97
10.98
11.76
8.9
3.11
5.8
12.23
10.81
8.22
3.4
5.53
14.03
14.25
9.82
-1.24
8.3
-3.86
13.17
15.7
10.4
12.69
9.82
10.63
9
8.53
16.24
11.79
12.27
13.26
8.16
-1.94
6.98
15.22
14.07
5.54
7.18
8.78
8.02
6.91
10.11
12.08
13.36
15.95
14.07
4.75
14.35
0.27
-6.5
8.05
14.31
14.69
13.71
13
2.51
3.21
-2.68
9.37
11.26
6.22
-0.86
6.64
14.72
15.32
10.58
4.67
8.94
4.58
4.88
6.06
11.33
9.35
8.11
6.86
6.9
13.49
11.44
9.2
12.64
6.42
10.06
13.85
2.49
6.54
11.05
15.79
15.39
13.84
8.93
9.87
15.85
16.4
14.32
10.31
14.47
11.05
7.93
12.51
9.37
11.36
11.83
9.33
11.03
14.5
18.85
18.52
15.88
12.57
8.15
10.43
9.45
12.84
13.61
9.78
10.04
13.89
8.82
-1.07
7.67
13.14
7.21
-0.2
14.59
14.55
4.97
4.81
13.38
13.98
4.43
11.67
12.3
-4.52
12.05
14.67
7.52
13.43
15.54
11.68
3.89
3.8
12.05
13.35
10.22
13.39
14.62
6.03
-8.63
6.54
14.41
17.81
17.5
17.05
15.55
9.29
12.22
13.44
13.12
10.28
5.05
7.27
4
8.71
14.17
16.26
13.5
9.01
6.91
9.31
13.06
14.71
4.35
9.71
13.13
16.21
17.35
16.92
17.51
16.48
4.09
15.81
20.49
19.53
14.69
11.3
14.29
8.36
9
13.06
16.48
16.41
14.21
13.43
11.41
5.72
17.27
18.97
16.1
10.94
10.6
9.79
6.88
11.5
14.16
11.54
10.09
14.77
12.12
16.01
19.3
18.19
11.54
10.97
16.84
12.1
11.51
6.99
1.97
7.37
6.1
11.66
15.41
15.42
14.19
10.34
-2.47
17.76
23.84
21.84
14.7
12.72
10.34
-5.29
4.81
4.73
15.01
18.56
18.98
17.54
17.8
17.71
14.88
10.38
12.38
19.38
19.52
10.86
8.05
10.06
3.95
9.57
10.93
13.43
11.56
4.86
-6.62
10.96
16.43
12.26
4.73
6.55
2.25
0.2
12.64
15.44
11.97
14.25
13.13
10.13
4.69
4.38
5.4
13.19
14.56
7.53
-4
3.27
6.25
7.78
14.42
15.22
14.99
12.55
8.97
7
2.57
3.5
0.97
13.85
16.31
15.04
11.63
8.17
10.59
14.87
15.11
12.56
14.51
17.54
15.26
7.53
13.51
13.88
8.08
-5.94
0.97
11.5
11.55
14.91
14.36
11.26
7.22
10.38
7.93
-6.96
3.13
8.66
9.77
5.04
6.91
18.41
20.09
16.39
11.05
5.72
8.72
15.22
8.02
12.74
18.26
16.93
11.6
5.99
-1.26
7.2
12.13
13.22
9.21
7.81
0.87
1.2
14.25
15.05
13.97
8.9
4.67
6.88
5.49
9.52
11.66
13.89
11.84
7.68
8.87
11.87
-10.78
14.53
15.95
13.49
12.98
11.1
6.77
12.44
15.38
14.44
13.21
16.91
14.53
3.54
10.48
17.74
15.53
-1.67
6.4
12.79
13.62
11.75
10.54
10.97
1.94
1.05
0.73
4.6
6.23
8.33
10.76
6.45
15.95
20.41
19.24
13.08
6.61
8.92
11.63
13.52
8.18
5.42
15.16
15.25
5.53
11.21
13
13.14
13.27
13.04
14.57
10.8
-9.97
10.56
13.78
13.42
5.03
3.47
8.45
10.75
16.83
18.15
14.91
5.51
13.77
17.62
17.13
13.88
13.06
13.75
10.66
7.09
9.42
-4.49
14.12
16.45
5.5
12.48
16.35
18.65
17.11
13.95
15.84
13.05
11.89
16.44
13.55
13.54
19.32
20.64
17.33
1.2
12.88
8.41
11.74
15.29
18.69
19.11
14.52
1.96
5.8
-2.21
0.97
9.78
13.91
13.83
9.61
13.63
15.69
13.67
-0.14
11.09
12.61
6.61
-0.33
3.5
7.98
3.21
10.92
17.22
17.46
11.77
-12.35
10.1
13.55
11.98
14.13
12.33
0.95
8.05
11.77
5.2
5.47
-8.45
6.59
12.17
18.87
19.59
11.98
7.57
2.39
7.26
12.15
16.55
17.48
7.26
4.72
10.57
15.27
14.28
11.78
10.9
11.79
17.2
16.17
12.32
-4.51
9.72
7.1
11.47
10.23
5.2
17.22
17.52
13.16
11.45
13.56
11.59
3.06
12.57
11.67
17.46
18.34
10.43
19.69
21.3
19.01
12.31
-8.21
13.51
18.43
19.58
17.73
18.48
19.83
17.35
12.56
15.59
9.74
10.98
17.4
16.69
15.33
16.08
17.47
15.28
3.12
15.81
18.81
17.19
9.92
0.21
0.47
8.36
6.58
9.94
17.76
19.94
17.76
16.4
14.44
13.4
12.27
12.19
10.46
4.24
-2.86
12.36
13.53
2.1
13.98
12.89
0.34
4.18
14.43
19.52
21.21
19
12.3
0.35
14.58
18.93
13.38
4.58
11.33
7.16
1.69
5.77
9.18
12.42
11.93
12.45
15.41
15.97
18.29
19.6
18.6
17.64
16.71
12.38
14.53
19.33
19.25
18.35
16.57
14.42
11.83
10.28
6.06
7.78
18.81
19.78
18.71
15.87
12.67
17.55
16.72
15.91
15.7
9.2
6.72
11.64
10.86
6.38
8.37
8.75
4.19
2.93
11.85
12.37
6.84
9.96
12.5
11.19
15.57
18.85
18.95
19.29
17.21
9.86
-1.82
6.1
15.44
17.19
12.49
13.61
15.72
15.5
11.1
-1.84
8.92
9.29
11.52
13.4
14.47
12.02
13.99
17.92
15.34
7.84
15.42
17.22
12.78
4.94
-2.2
6.88
17.31
19.77
18.91
17.54
16.02
11.35
6.8
9.66
10.66
10.22
17.18
15.61
12.56
14.32
11.58
-9.45
10.77
12.33
12.59
14.29
13.78
12.74
15.24
10.13
11.28
17.83
16.52
10.75
8.57
7.34
12.04
13.26
11.48
8.02
16.55
19.18
14.41
18.21
17.66
9.23
3.79
12.33
15.1
7.05
15.32
21.14
20.08
11.7
9.23
12.66
9.16
11.66
17.11
19.86
21.34
20.07
18.48
16.75
9.61
1.66
7.75
6.63
12.58
15.34
14.71
14.76
10.81
8.99
11.86
9.93
12.05
15.44
13.97
11.39
5.13
9.79
12.01
8.37
4.71
11.01
9.31
8.72
13.86
9.27
5.51
9.9
-0.71
12.18
15.37
13.76
15.98
17.65
14.93
8.81
2.55
14.06
19.17
14.85
5.63
11.89
15.77
15.72
14.14
13.89
10.78
10.71
10.59
6.58
14.2
14.89
4.44
13.62
18.37
17.63
15.53
15.23
12.35
11.77
12.48
13.03
14.59
10.22
6.7
17.39
17.48
8.76
13.21
16.84
11.61
-2.88
4.86
12.73
11.49
16.7
19.66
16.35
15.36
14.71
12.1
15.53
14.04
8.68
1.67
3.91
14.51
17.45
15.26
6.67
7.62
13.05
13.4
13.28
10.99
11.73
14.82
14.24
10.48
8.46
3.96
3.84
5.98
15.19
15.49
9.94
5.2
9.37
14.08
12.8
-15.36
13.77
17.47
16.82
10.33
3.43
8.12
8.46
5.09
10.02
5.73
14.29
15.5
12.81
11.1
8.37
11.19
8.43
11.15
14.84
10.62
11.83
10.13
7.41
15.09
15.3
6.06
8.31
13.72
10.4
8.88
2.19
8.32
9.02
9.24
5.09
4.28
9.65
10.35
14.75
15.5
7.68
-1.71
12.5
13.25
5.75
9.01
13.11
11.04
16.74
19.81
13.83
11.83
17.95
11.45
11.1
13.34
14.07
18.44
15.99
8.89
13.1
10.1
5.67
11.75
3.04
13.05
16.56
13.74
8.21
3.94
10.14
14.91
13.6
-9.2
8.15
7.02
1.3
9.82
13.22
9.12
10.51
13.18
8.68
8.9
8.22
10.55
14.92
15.93
11.72
6.81
7.84
16.6
19.22
14.64
-2.46
11.42
13.67
17.04
17.51
18.46
17.37
14.79
10.09
12.34
4.57
9.58
1.87
10.64
13.72
14.81
13.6
10.75
11.19
13.64
16.8
20.12
19.78
13.05
10.59
4.28
4.98
4.94
8.72
12.65
-0.69
7.94
5.71
5.4
6.25
4.46
9.69
13.35
12.35
8.02
6.98
9.96
7.75
14.79
11.88
11.51
0.18
10.44
14.41
16.78
18.4
18.15
15.75
4.9
6.59
8.26
11.3
9.56
-2.83
10.4
12.65
11.72
16.44
13.07
11.45
15.99
8.9
8.73
0.97
10.69
9.69
12.15
13.29
3.07
13.33
17.79
16.24
16.38
15.01
11
1.09
2.57
5.8
7.76
0.94
12.03
14.28
13.62
10.77
9.95
5.14
-0.63
7.44
5.93
8.61
2.71
19.32
21.09
13.6
4.78
-2.99
10.21
11.73
14.89
12.99
0.55
14.23
13.28
11.65
15.19
-1.02
11.12
18.37
16.06
19.04
19.73
12.77
-3.72
4.58
15.74
15.69
8.1
9.93
7.57
6.32
9.74
8.19
-7.29
10.58
16.95
16.22
11.79
8.58
5.21
-3.16
5.75
-6.72
4.3
6.97
13.97
13.74
9.46
8.06
5.32
2.99
11.5
10.48
10.15
-1.99
10.89
12.02
9.56
-8.68
9.64
9.7
10.31
7.72
7.1
4.5
5.12
9.57
6.29
1.52
15.05
18.55
14.13
12.56
13.12
9.38
11.56
13.85
5.93
10.37
15.19
18.65
19.05
17.26
16.22
14.6
0.05
-6.23
13.27
14.45
9.98
12.42
17.22
19.82
15.55
-0.37
7.51
13.73
11.97
-0.37
11.17
9.36
3.76
10.46
11.05
2.69
8.87
15.07
17.21
14.61
9.16
12.5
17.5
17.52
11.53
4.7
3.26
11.9
12.58
3.97
-3.72
-0.04
-7.13
9.37
14.68
14.85
18.21
20.21
19.31
15.83
14.82
13.65
9.06
9.57
15.56
17.87
16.23
9.46
4.64
12.37
15.72
10.72
1.23
3.02
12.19
16.46
15.75
15.06
10.03
10.23
13.79
9.25
11.86
14.35
12.71
9.52
6.25
-0.49
4.11
12.56
15.76
15.95
11.27
4.45
7.73
8.38
3.48
11.67
12.03
-6.99
10.05
10.96
15.65
13.96
5.56
11.03
12.78
3.94
15.67
15.65
14.42
12.77
8.22
-5.78
7.49
12.87
12.21
14.64
12.24
5.25
10.52
14.02
7.75
9.97
11.9
7.99
10.32
10.33
4.74
7.65
14.98
