4.3
10.88
13.82
14.64
8.43
3.93
6.54
6.89
5.85
-11.41
5.01
-2.49
-2.28
6.35
9.19
10.51
9.27
7.68
4.52
2.54
5.1
0.89
5.75
12.21
7.46
13.07
13.48
9.89
10.48
10.22
9.47
10.25
6.42
-5.51
6.91
11.35
11.52
9.82
7.96
-2.45
6.01
1.2
6.42
11.03
8.27
7.22
7.2
5.58
12.62
12.58
9.4
10.56
6.19
3.34
6.02
3.17
1.46
9.02
8.05
9.62
6.85
6.45
13.98
13.23
5.76
-11.84
8.33
3.18
10.07
0.96
10.26
15.65
14.62
8.52
2.76
6.32
6.77
0.72
-4.43
3.93
9.69
6.87
4.61
9.34
8.27
4.2
10.93
9.63
9.59
11.84
13.74
12.56
8.22
10.26
0.56
13.6
16.67
16.77
18.7
15.56
9.44
5.55
5.48
7.25
4.82
13.46
14.95
15.33
14.22
13.38
13.27
13.12
8.99
1.72
13.47
12.37
13.55
12.34
9.79
7.98
7.06
10.78
12.37
7.72
-4.4
0.91
-6
8.28
9.51
4.61
6.44
5.67
5.16
0.7
8.87
8.96
6.84
7.88
10.31
11.25
8.05
6.76
9.34
11.71
7.79
1.58
8.06
8.39
6.05
11.47
10.02
6.74
7.54
1.62
9.77
12.73
4.91
8.91
-5.31
10.08
13.56
11.05
7.5
6.12
14.36
12.13
0.55
5.53
-6.6
2.5
9.22
14.39
13.11
9.55
6.02
2.43
3.75
7.12
13.63
14.94
16.28
15.74
10.65
11.92
16.27
16.04
14.91
10.81
1.26
13.65
14.7
6.37
4.98
9.26
-0.31
11.82
8.66
7.94
16.9
22.3
24.75
24.18
17.37
3.49
7.11
9.36
5.55
15.89
14.93
2.52
13.37
14.72
5.32
8.11
14.18
15.29
14.24
7.77
4.49
11.25
12.82
13.49
13.89
12.16
8.31
8.91
8.17
7.74
9.96
12.81
6.91
-6
2.31
9.01
0.64
16.35
18.3
12.15
5.74
3.87
7.24
9.76
-2.44
0.18
7.65
13.59
10.31
8.53
10.7
7.3
12.77
13.3
11.48
2.69
4.68
7.11
8.88
13.02
10
3.14
-0.4
8.92
4.99
-3.35
5.87
9.21
5.25
7.45
9.68
8.79
7.43
5.42
10.35
10.26
3.11
3.04
6.94
12.32
12.67
12.25
10.25
-3.18
0.88
11.13
13.95
15.61
16.72
8.99
6.56
8.57
9.59
8.36
11.54
12.9
14.25
13.53
3.36
4.18
-2.57
10.65
12.91
15.7
17.25
10.33
15.53
14.92
12.94
13.75
11.93
9.16
12.32
10.79
3.71
-5.75
4.17
4.01
-0.95
6.32
3.92
10.57
13.1
12.14
12.27
13.32
7.72
-9.81
6.33
13.87
16.21
14.16
7.18
5.59
8.12
-6.52
7.43
-9.93
9.04
13.45
13.24
4.46
4.96
6.48
7.64
11.95
12.38
3.84
-19.14
-0.18
6.8
9.77
10.28
11.64
7.82
-4.54
7.34
9.74
10.48
12.73
12.7
12.79
14.31
10.61
6.43
4.75
8.54
10.56
9.38
4.54
-1.38
7.37
7.15
8.79
6.48
-3.22
8.68
10.87
-6.02
7.32
5.81
9.66
8.81
3.92
0.78
4.51
12.56
13.16
6.44
4.06
7.46
8.47
8.6
5.01
6.08
6.53
1.76
-8.86
9.29
15.3
16.04
15.28
11.4
10.68
2.12
7.84
10.24
11.02
11.87
12.72
4.31
0.56
3.5
8.84
9.82
11.46
-7.2
13.3
16.15
13.31
8.22
8.18
2.84
2.93
7.14
11.13
9.38
10.95
4.94
3.28
4.31
11.71
10.64
12.94
4.63
-0.34
6.66
12.64
7.43
7.11
7.41
5
4.82
5.57
-1.68
3.87
8.88
8.21
9.34
12.33
14.97
15.68
12.78
4.8
2.26
13.49
14.06
8.67
-9.52
-5.07
1.3
9.42
12.18
10.64
12.78
14.99
11.83
13.04
14.06
12.65
8.41
-5.86
-1.84
1.08
-5.82
8.23
12.56
12.95
11.54
4.81
-3.24
7.23
6.79
-8.03
12.1
16.54
12.87
6.19
11.59
10.96
4.19
13.15
13.56
10.74
14.24
13.36
11.41
8.39
11.73
0.26
11.39
13.3
8.1
6.17
2.63
6.14
9.78
13.7
18.86
17.81
10.34
9.37
14.12
18.17
18.49
11.75
1.41
6.29
6.93
7.11
13.13
7.2
-0.31
12.74
13.03
-1.52
-1.68
3.99
9.47
12.39
8.51
4.2
4.58
13.32
11.83
-0.42
2.04
7.2
5.14
3.1
1.2
-3.22
6.67
11.38
10.69
8.75
4.78
1.31
2.86
5.01
5.86
8.44
11.13
5.03
6.87
9.47
12.17
14.16
14.15
10.95
8.8
8.99
7.23
-2.75
11.54
12.09
11.87
8.45
8.09
3.61
2.9
7.5
-3.37
7.22
3.91
4.84
5.5
4.23
2.86
0.36
-0.94
1.42
2.72
9.29
14.72
13
0.07
11.58
16.77
14.93
7.53
4.78
13.24
12.72
10.99
10.15
11.53
6.51
5.12
10.39
14.38
21.44
22.05
19.36
9.42
5.56
10.01
0.53
6.33
6.23
15.45
13.66
8.55
1.77
4.46
9.74
8.72
-2.76
7.16
15.84
17.38
12.18
5.24
5.33
4.81
6.15
8.77
8.21
-0.02
-4.01
9.71
12.76
5.85
10.89
7.98
9.2
8.31
6.18
8.31
15.13
17.27
9.3
3.5
7.6
9.71
11.38
11.2
10.7
10.13
10.65
9.55
-0.55
10.56
12.01
5.48
-3.39
-6.9
3.44
7.33
6.79
7.27
12.98
14.81
12.53
9.98
8.44
9.04
6.86
12.06
11.38
9.21
11.33
5.77
6.44
11.34
11.75
8.97
7.86
6.51
-0.23
10.71
10.31
5.57
10.09
14.1
10.06
-13.84
2.05
7.49
12.76
17.67
16.7
11.42
5.69
13.64
17.5
16.47
10.87
5.66
-3.85
6.1
1.67
6.38
14.24
13.49
1.75
10.48
11.94
10.73
12.37
12.44
8.66
11.56
11.41
-7.53
11.51
15.13
12.21
9.2
12.03
9.58
-2.65
-9.88
4.05
8.62
11.84
12.69
8.12
8.48
7.7
7.9
10.37
7.93
5.74
7.82
12.5
13.6
11.78
5.95
13.42
13.2
10.44
12.68
11.54
4.64
6.96
11.03
8.22
7.22
11.86
9.07
-3.94
6.78
10.63
12.57
13.17
10.57
7.17
10.59
11.8
10.29
9.59
11.01
9.38
-1.98
7.78
5.35
12.34
10.7
7.01
13.14
16.06
8.12
4.3
1.59
3.61
7.1
9.4
8.71
12.34
8.87
3.41
10.04
12.26
12.07
13.9
15.64
12.35
-7.03
7.82
7.27
6.87
8.79
6.28
-1.54
8.33
8.93
10.07
6.31
8.69
1.95
0.77
3.6
3.37
16
11.17
10.87
14.32
17.29
10.65
15.58
11.94
12.65
22.85
24.61
24.97
19.62
8.94
-5.72
9.81
10.9
14.36
25.62
29.76
29.69
27.07
23.9
16.03
18.25
12.86
2.57
9.5
19.7
19.19
11.85
10.56
17.19
24.62
26.5
22.22
19.12
24.64
27.27
23.88
12.31
9.95
15.81
19.22
19.91
16.14
5.59
20.43
28.92
28.24
18.13
12.82
17.77
25.46
28.27
26.49
19.77
15.14
11.58
15.21
11.22
8.72
17.51
18.18
15.36
19.6
19.69
13.91
17.29
22.37
24.28
22.88
16.34
5.77
13.93
1.05
16.87
19.63
16.58
15.13
18.45
21.92
22.09
20.66
24.23
22.83
15.85
17.13
19.87
26.41
23.62
21.02
22.95
21.33
25.97
15.95
15.47
17.92
13.69
2.11
17.31
22.44
21.92
14.59
13.85
10.67
22.02
21.57
17.42
18.14
18.5
17.47
16.16
18.99
20.5
20.46
18.01
11.7
8.59
15.99
19.65
23
20.85
7.51
19.91
17.29
18.76
21.42
22.65
24.97
24.44
20.84
10.52
5.2
13.27
13.64
2.98
10.56
1.45
8.53
1.35
17.08
22.95
25.4
23.25
23.42
31.52
33.3
29.09
16.03
15.37
18.09
23.97
27.3
24.29
18.08
19.01
22.84
18.37
22.68
26.08
24.25
21.69
22.91
22.18
21.97
12.35
22.88
23.89
24.54
25.91
22.35
-4.01
18.11
21.36
24.58
22.64
16.62
17.13
21.93
25.51
20.01
21.45
25.44
22.29
15.52
27.83
30.32
23.26
17.02
24.41
26.36
25.52
23.61
21.68
18.49
12.14
14.94
20.79
15.86
17.47
20.18
25.57
22.28
18.56
24.02
19.73
13.24
9.6
13.6
13.07
19.6
13.26
21.26
28.28
25.55
20.26
17.5
19.67
25.51
25.35
19.71
4.85
7.79
9.78
-0.74
0.41
10.04
18.89
21.08
20.23
16.76
13.15
20.19
22.82
19.87
14.7
17.62
19.14
17.4
14.45
13.42
9.03
8.76
16.42
23
22.83
16.38
17.87
25.14
23.1
5.13
3.74
4.89
10.37
11.9
14.15
19.57
17.51
18.2
20.98
23.55
22.29
22.3
6.03
18.22
19.13
23.82
23.31
18.36
19.46
23.76
22.03
25.06
25.94
21.08
21.84
21.28
24.37
24.15
17.53
5.33
16.28
23.79
23.68
17.23
8.99
12.46
18.7
20.26
19.28
13.63
-1.7
16.99
22.05
21.15
23.64
10.5
21.17
21.96
25.53
24.33
20.47
15.62
7.78
19.74
22.76
18.73
17.13
22.51
22.33
18.39
16.95
20.71
16.89
15.74
16.14
10.91
19.93
19.12
14.47
1.21
6.08
11.69
14.12
11.11
12.84
15.48
17.74
18.5
13.06
10.81
11.21
13.93
13.45
6.09
8.21
9.44
10.96
19.61
20.05
12.36
16.82
19.52
15.85
8.43
15.75
16.79
14.39
16.5
13.03
13.79
21.1
21.35
14.4
5.81
14.02
-0.39
13.68
11.91
0.53
5.06
9
7.86
10.57
16.88
10.73
12.74
14.84
11.64
11.75
15.2
15.43
15.21
16.3
13.69
3.68
11.07
14.4
9.2
17.01
19.79
19.6
16.83
13.33
10.66
12.56
11.6
-0.27
11.38
12.1
9.34
2.52
9.43
10.5
8.82
7.68
7.88
2.2
13.13
13.14
17.73
20.72
11.61
20.28
23.18
19.89
18.56
22.09
21.98
17.2
12.77
11.37
17.37
18.23
8.71
21.56
26.37
19.27
22.24
23.36
12.53
20.81
22.12
16.52
7.3
15.96
19.13
18.65
22.31
17.81
0.98
16.17
19.94
19.12
14.68
13.27
18.04
21.19
22.5
14.26
16.75
17.95
17.92
10.2
12.71
19.4
15.72
6.5
16.53
21.33
22.74
20.84
18.78
-5.49
18.64
19.67
7.71
11.3
10.33
19.64
19.88
6.65
16.17
18.09
11.9
8.86
16
19.23
15.61
19.34
14.85
17.23
13.69
16.01
20.39
16.81
7.6
-3.6
6.99
20.83
24.53
17.66
14.14
13.26
11.75
12.12
11.98
18.21
24.27
28.24
26.47
9.93
26.27
25.94
19.97
15.24
21.14
22.56
10.56
16.5
21.82
25.29
26.51
20.07
12.34
20.01
25.71
23.98
21.44
23.1
25.94
24.91
21.05
18.62
18.26
17.66
18.2
17.3
12.06
22.13
26.83
25.1
19.13
18.42
17.52
18.49
22.25
17.36
11.79
20.92
24.67
25.49
25.44
24.2
20.89
14.78
13.41
21.83
19.73
16.51
6.39
19.21
19.61
18.7
22.32
7.3
22.79
24.84
19.31
12.77
20.46
19.06
16.19
23.88
26.22
25.78
16.68
22.87
19.64
12.44
14.34
14.45
5.51
6.83
14.55
12.92
15.58
12.36
13.4
18.44
22.65
24.71
24.04
18.74
15.06
19.88
23.5
19.71
12.58
13.29
15.49
19.29
16.54
19.79
22.85
19.99
17.44
17.03
16.57
22.49
26.49
28.37
25.07
19.39
14.07
15.65
20.46
19.92
23.3
20.47
18.58
23.92
20.95
15.72
18.24
15.1
11.33
19.46
22
19.72
18.37
17.77
11.67
17.22
17.08
11.21
22.41
22.54
10.45
22.46
25.15
20.15
11.4
14.9
21.39
21.72
23.18
20.4
14.82
22.06
25.26
21.61
14.26
9.98
19.73
24.57
23.92
24.41
22.95
11.62
17.33
13.01
15.51
21.93
22.28
20.75
14.28
12.41
19.16
17.54
6.49
18.87
21.15
18.57
17.81
20.82
16.34
19.55
22.16
17.17
15.22
13.44
2.64
17.63
21.92
20.08
12.71
14.1
10.67
21.28
20.99
22.18
22.96
8.54
24.36
24.46
18.59
6.09
15.99
19.9
21.26
19.38
14.38
16.54
19.04
15.98
10.3
15.58
15.61
13.68
18.5
22.23
19.17
-3.86
7.76
17.35
21.81
18.57
11.59
-1.18
8.2
14.27
16.81
18.31
21.67
23.75
21.99
18.71
18.24
19.82
19.25
21.78
22.03
15.67
3.72
17.23
19.31
19.47
19.08
21.03
26.67
28.54
24.57
17.69
15.7
20.58
16
12.35
12.71
10.78
12.85
20.09
15.14
1.69
14.66
16.69
15.29
21.47
22.96
21.05
18.78
20.8
19.32
15.72
16.18
15.48
10.78
14.84
17.61
15.93
3.5
9.42
13.51
13.35
13.74
12.37
7.5
9.79
13.94
22.7
24.21
22.13
17.39
-0.5
15.18
15.08
16.88
16.43
13.67
16.79
17.71
14.04
15.52
14.56
11.76
15.52
19.01
20.47
20.14
18.81
16.35
16.56
13.54
0.51
10.53
15.15
19.96
20.86
23.43
26.18
25.35
16.18
15.24
14.63
11.9
11.36
12.22
7.32
24.19
23.08
21.58
19.68
19.82
15.67
20.17
20
18.35
17.46
22.51
23.08
15.12
22.91
27.13
25.34
18.46
14.2
22.33
24.81
24.42
25.67
25.53
24.88
23.65
21.51
20.49
18.75
20.48
23.35
19.46
7.6
18.82
17.65
15.89
12.69
13.07
20.56
20.91
18.82
22.43
21.27
9.47
19.39
15.32
9.83
17.31
14.56
16.87
20.62
23.69
22.04
21.26
26.68
25.37
21.78
19.86
19.81
17.28
18.61
22.61
24.6
25.59
22.63
19.11
17.17
-0.76
15.99
15.85
5.32
4.17
14.34
23.12
25.84
20.18
14.33
22.2
21.48
14.4
19.16
21.85
17.95
22.1
26.53
23.05
26.25
25.25
18.42
11.42
14.14
15.37
25.05
27.73
23.66
22.16
23.89
21.96
14.79
16.28
22.96
19.85
16.03
23.71
21.94
14.9
19.43
22.1
26.31
27.38
23.96
22.92
22.82
20.83
12.07
18.24
23.62
24.62
23.64
20.39
23.58
21.19
19.89
25.85
27.72
25.58
21.84
18.99
20.43
15.59
21.34
23.58
22.61
26.43
28.37
21.62
21.81
23.15
16.16
16.94
21.86
19.75
20.31
25.05
28.14
24.64
18.2
19.42
17.5
11.03
10.88
11.68
26
33.41
35.25
30.13
21.66
27.95
30.97
29.15
25.42
19.07
22.66
27.2
26.24
24.35
23.13
17.93
17.42
18.02
13.86
16.97
20.66
21.41
23.96
25.51
21.69
25.38
27.31
40.2
45.26
41
28.88
26.01
22.01
23.57
28.45
30.73
28.72
23.42
15.84
17.32
20.54
22.07
18.98
15.08
9.67
20.79
23.15
22.55
25.5
26.21
23.96
16.27
18.72
18.42
20.62
31.1
44.27
46.51
39.35
18.46
19.97
14.07
15.48
20.18
17
16.92
23.84
27.64
27.49
22.66
22.19
23.68
22.25
23.79
16.56
22.22
22.43
29.67
38.53
37.65
29.68
25.48
23.35
15.68
19
20.36
18.93
13.91
11.7
10.69
16.05
24.91
29.35
27.16
16.93
22.93
17.36
21.82
21.54
26.49
26.97
21.4
17.55
23.38
25.17
16.06
32.59
42.05
42.27
32.73
25.23
23.87
19.05
29.83
28.71
13.24
10.99
20.39
29.02
33.48
33.84
28.72
18.22
13.71
25.2
26.46
24.37
21.39
20.67
23.82
26.88
24.03
25.99
30.14
29.31
24.07
33.22
43.91
43.96
32.51
25.7
25.46
16.21
13.93
15.17
25.88
26.76
20.29
19.51
16.21
21.57
22.3
24.84
26.85
28.61
24.83
8.77
20.23
20.5
1
5.44
18.25
21.9
18.48
16.29
8.74
17.95
14.46
12.9
14.65
11.59
22.34
26.48
27.09
20.84
6.17
15.97
15.69
-12.6
12.62
20.05
24.86
28.91
29.39
24.87
23.31
18.38
14.48
21.7
20.76
37.06
38.69
29.57
18.77
16.67
16.25
23.26
26.67
26.59
9.7
19.39
12.27
7.86
19.79
19.57
18.16
18.55
19.83
23.6
21
13.19
20.67
24.15
24.85
25.13
24.62
19.28
7.29
12.73
18.69
19.59
20.78
20.72
22.62
26.2
21.61
18.96
18.71
17.51
21.09
19.85
14.66
23.63
24.27
21.39
8.65
15.13
15.6
19.48
19.27
16.58
20.44
20.12
12.87
14.06
20.98
22.99
22.56
16.7
26.27
21.46
18.21
2.08
6.37
24.48
27.81
23.93
27.31
31.96
29.35
29.24
40.6
44.99
40.47
23.47
17.19
8.67
14.7
14.17
20.21
25.86
35.57
38.28
33.13
17.42
22.86
26.03
29.03
35
38.46
35.79
19.83
30.45
29.39
25.19
21.32
30.29
27.06
20.14
26.01
27.64
33.65
37.22
32.42
27.43
29.78
23.63
16.86
18.51
6.98
17.14
27.15
33.03
27.37
20.44
22.77
9.8
27.56
29.5
25.69
25.02
27.07
22.57
28.92
30.98
30.06
27.46
25.44
8.85
25.44
31.21
35.16
35.73
31.74
28.67
31.02
31.27
28.52
24.78
27.58
24.17
34.35
35.4
32.9
28.16
22.79
25.62
20.94
24.76
41.95
47.04
43.52
33.92
29.07
14.9
26.92
28.13
27.38
44.21
48.26
43.61
31.39
27.59
27.44
28.03
27.54
16.66
20.47
20.77
15.39
27.36
28.59
9.26
31.69
28.53
16.56
-0.63
26.26
27.98
27.48
31.17
26.81
25.39
30.08
30.66
26.21
31.67
27.43
28.72
30.94
21.46
23.09
26.01
26.75
24.11
24.1
27.61
25.44
20.49
26.77
31.39
29.75
23.93
19.74
16.07
30.5
34.48
33.3
30.42
24.05
13.8
18.45
17.77
33.32
32.75
20.43
30.19
31.15
22.12
4.61
24.48
32.65
31.91
26.94
25.72
26.92
24.73
23.64
28.76
31.22
30.63
22.38
26.93
22.83
21.01
24.72
22.6
13.61
22.98
29.12
28.49
7.07
29.81
29.7
21.96
28.11
22.87
23.67
23.17
24.65
25.05
12.12
19.89
22.58
23.73
33.14
26.26
31.38
32.63
21.89
22.84
22.03
25.85
27.29
20.07
18.01
27.25
29.15
28.7
28.37
24.73
26.17
23.87
26.36
30.87
25.14
23.24
28.36
21.76
19.19
19.75
24.31
26.46
28.56
29
27.36
30.77
26.43
20.15
18.94
27.95
26.87
20.67
23.46
27.79
25.99
17.06
26.36
29.87
26.95
12.4
30.77
27.01
26.39
30.26
28.69
30.7
29.45
27.77
24.9
19.87
28.87
24.75
22.97
27.01
23.33
24.68
29.09
26.77
20.02
12.94
22.43
19.12
25.37
31.62
31.03
24.82
10.19
15.99
15.35
19.08
22.36
22.62
32
29.69
20.51
26.13
24.45
18
20.65
26.21
21.74
-4.87
20.7
26.81
24.86
17.37
14.34
15.82
22.32
31.89
32.17
25.67
16.25
21.46
15.33
6.8
24.28
29.49
25.22
19.92
11.41
19.53
17.95
14.61
20.03
25.04
27.49
29.11
28.75
24.97
11.2
22.82
25.56
29.9
30.51
27.98
26.86
30.52
30.76
22.29
21.34
25.17
19.83
17.8
18.54
12.93
7.15
15.77
20.26
22.82
19.94
22.58
22.3
18.17
18.79
17
12.8
22.82
27.73
26.04
21.17
27.51
23.96
16.6
21.26
26.23
21.44
19.27
21.91
18.82
22.07
8.5
17.19
11.37
18.08
15.71
22.9
24.04
20
24
20.83
18.02
18.78
21.38
23.11
23.97
25.52
22.79
7.5
17.05
17.8
11.19
7.17
20.03
24.75
17.66
18.87
21.16
12.74
22.14
0.09
22.03
18.42
24.95
23.75
14.46
18.04
14.05
24.04
23.53
14.98
17.92
23.94
13.12
24.38
25.79
16.76
13.32
19.39
12.83
16.62
26.06
29.35
25.75
20.29
27.01
28.85
29.91
28.39
20.84
18.24
18.89
21.12
26.58
28.38
26.94
20.77
23.57
23.89
18.86
18.93
27.37
31.75
30.56
24.69
24.77
28.86
25.34
14.85
19.77
31.11
32.56
26.29
13.52
19.34
16.38
21.45
22.92
10.81
25.08
22.74
23.2
29.06
31.62
27.4
16.83
16.06
21.94
15.85
16.82
15.06
16.67
22.06
21.4
11.97
15.17
21.73
28.02
25.92
23.41
23.97
29.59
25.96
21.47
11.92
23.76
28
24.68
24.57
27.82
26.26
18.28
19.55
26.12
28.62
27.25
10.7
28.03
24.58
22.45
22.69
16.11
23.33
25.19
24.46
18.99
19.14
27.36
26.82
23.39
22.88
27.33
24.52
22.36
28.98
28.91
29.17
28.1
26.02
21.71
21.19
27.87
29.2
30.4
29.75
24.35
27.62
27.36
22.51
18.44
14.67
19.65
27.1
25.76
16.55
16.66
10.18
23
22.36
20.64
23.92
28.58
24.9
24.04
28.14
23.64
22.77
20.08
15.01
8.98
15.19
21.1
24.22
27.83
25.32
16.83
25.79
27.4
25.56
23.25
17.6
21.8
28.19
25.46
23.68
26.62
25.13
22.77
23.67
19.32
20.32
27.15
27.59
26.93
25.34
27.13
24.01
16.75
23.83
25.83
23.89
16.95
26.19
28.12
26.8
23.09
14.42
17.23
25.7
28.26
24.35
22.75
24.04
18.63
13.78
20.09
21.04
19.26
19.94
16.8
15.84
20.25
26.44
22.84
13.86
18.76
21.59
24.29
23.79
18.54
20.28
27.46
29.2
26
22.44
27.03
26.08
13.03
21.59
24.81
19.74
7.05
18.05
20.93
21.4
18.92
18.03
16.06
22.72
21.99
17.51
22.3
24.29
11.44
21.31
20.24
21.13
20.83
26.95
27.94
20.17
9.51
13.68
7.89
21
20.46
15.45
17.54
4.32
11.87
16.05
10.47
17.85
21.68
16.85
12.18
10.41
-8.86
12.16
5.02
19.39
23.81
18.35
11.71
17.9
18.03
22.88
20.75
4.36
18.07
16.96
22.22
21.7
14.42
20.78
22.69
18.12
12.81
7.25
9.63
9.57
19.77
19.1
7.2
18.94
21.89
16.31
15.63
23.23
23.07
21.72
20.48
17.94
17.9
18.73
18.72
13.15
17.59
22.3
22.71
21.75
12.16
20.41
21.27
21.35
20.29
9.82
14.15
17.08
19.87
19.01
15.05
19.04
21.28
21.59
20.17
21.93
21.97
18.4
17.15
13.79
19.03
20.77
3.93
20.63
23.55
19.07
11.48
15.75
18.42
19.76
18.6
20.54
18.42
12.52
10.9
20.96
19.46
15.48
19.96
22.84
22.36
18.02
13.97
12.29
16.12
6.02
18.86
14.87
13.83
11.31
13.21
15.14
16.68
17.06
17.46
19.13
18.84
11.13
16.92
18.55
13.66
-0.55
15.81
20.71
7.49
21.28
19.59
19.85
23.86
22.9
18.33
20.92
20.76
19.42
19.98
18
10.53
14.35
20.74
24.13
23.43
23.79
19.73
4.91
16.18
9.63
16.73
18.15
16.14
12.33
8.02
15.4
22.97
25.55
21.87
18.49
21.41
22.14
16.82
12.71
12.79
13
14.02
19.97
24.17
24.62
13.59
22.08
16.42
2.34
11.36
16.39
17.67
21.55
25.74
26.35
20.82
22.94
21.4
18.27
19.66
22.43
21.83
21.44
14.39
9.99
9.98
4.65
11.55
16.57
17.75
20.65
18.22
0.41
18.57
20.23
7.79
13.73
24.18
25.2
10.74
16.53
16.17
18
16.82
12.29
13.52
19.18
17.27
19.1
22.35
17.56
20.1
13.61
22.07
24.24
20.52
19.17
14.18
18.49
22.09
21.78
21.63
19.25
9.22
24.81
23.73
10.54
13.47
13.56
12.28
15.3
17.49
10.41
21.02
25.08
25.79
19.02
16.35
13.08
12.2
18.15
12.71
10.22
12.9
6.44
6.37
10.15
18.66
25.48
27.64
23.67
15.9
14.2
18.91
21.25
21.37
17.66
13.4
9.82
17.43
15.92
11.25
14.79
20.65
11.69
2.72
15.41
18.04
9.39
16.81
22.45
18.34
15.77
19.2
19.11
21.8
18.39
12.51
20.69
17.32
11.96
11.31
1.46
12.87
11.28
16.19
20.08
21.84
15.58
11.82
16.49
7.95
19.79
20.86
20.91
14.53
17.71
18.46
17.16
19.38
17.55
13.63
17.87
10.45
18.41
19
18.22
20.08
16.13
20.27
16.52
16.95
18.78
19.18
17.11
21.35
24.65
24.8
15.11
18.64
12.45
32.28
37.67
32.66
21.14
13.95
22.99
22.94
21.51
24.13
23.32
16.74
21.37
20.68
13.13
1.3
21.7
25.11
16.39
17
20.75
25.89
26.89
22.24
16.18
18.71
19.17
16.35
13.39
14.54
9.55
18.85
24.46
26.97
27.81
25.83
20.97
15.67
4.53
21.07
23.8
19.21
3.29
17.02
16.69
16.44
18.77
19.98
14.9
9.31
17.15
21.49
26.3
25.17
18.81
10.7
18.42
20.57
21.22
16.28
18.76
15.34
16.72
15.54
10.85
10.59
8.01
18
16.4
15.43
12.19
10.27
18
18.78
16.34
16.43
6.96
19.47
24.87
26.64
23.86
12.56
10.26
19.15
20.57
20.9
20.4
16.44
20.65
22.38
16.32
15.13
13.91
13.29
10.01
9.25
13.19
12.24
11.76
12.47
17.36
-3.7
18.84
11.21
-5.12
15.97
15.7
12.41
16.79
9.57
10.06
10.53
14.45
13.63
7.95
11.05
-2.81
15.13
19.43
25.03
25.57
21.36
19.64
14.59
15.89
18.85
20.57
21.45
20.37
21.41
20.68
18.79
20.32
7.78
15.7
21.41
22.97
19.2
16.62
16.13
14.47
13.69
10.99
10.68
10.84
18.36
16.5
12.65
22.85
22.18
16.89
15.54
18.51
16.78
9.1
3.95
12.47
19.71
24.01
23.5
16.76
5.79
18.06
20.8
22.73
17.03
16.67
13.17
20.18
17.76
17.3
18.94
16.04
1.12
4.6
5.97
13.24
14.07
21.4
22.27
21.46
21.46
18.65
15.33
8.46
16.08
22.68
22.62
19.23
14.94
14.68
11.69
11.95
8
13.19
14.85
9.33
7.54
14.29
20.83
21.95
19.9
21.34
22.73
22.74
23.31
24.94
20.34
9.92
8.95
13.4
12.34
18.01
16.83
16.87
19.01
19.8
20.33
20
13.95
17.07
16.69
9.48
19.03
14.52
16.51
7.37
9.79
5.18
10.14
18.22
12.82
16.57
16.39
21.75
20.22
14.32
19.16
16.1
10.79
16.18
15.7
15.68
17.11
5.75
14.96
4.78
20.61
20.59
13.17
19.06
21.57
18.79
16.32
17.92
14.25
16.84
18.3
15.09
12.99
17.49
17.64
12.43
8.16
14.28
16.28
16.88
22.05
17.96
19.33
21.97
18.37
18.83
15.43
11.48
13.63
10.12
5.38
13.33
9.5
-8.79
7.09
12.54
17.59
11.89
9.61
1.73
6.1
10.22
13.56
13.83
12.49
17.09
19.31
18.61
20.63
20.3
6.09
13.33
7.4
10.6
14.63
18.52
16.55
17.51
21.3
23.14
22.95
15.37
16.89
18.47
13.49
8.3
15.14
16.41
9.03
8.47
11.35
2.31
11.57
13.21
13.53
3.71
11.23
13.22
15.17
17.66
16.99
14.29
11.7
16.71
19.83
19.87
16.51
9.84
1.33
16.31
21.03
19.64
16.92
12.6
12.41
5.7
14.19
16.9
14.6
5.17
16.36
19.69
17.91
13.91
14.47
13.79
6.76
17.91
21.62
17.33
8.4
12.78
16.65
14.67
15.64
15.99
16.46
11.61
1.05
7.11
4.7
13
13.61
6.05
10.21
12.85
12.94
14.41
12.46
11.48
15.31
11.21
14.41
11.97
11.08
13.44
14.97
20.87
18.8
13.74
8.76
-5.75
1.44
3.56
7.74
11
4.98
-5.95
7.42
10.73
14.32
15.27
10.72
13.84
9.45
13.01
18.04
19.34
17.7
8.8
4.32
6.9
16.56
18.92
14.92
10.08
8.71
0.76
10.25
15.29
15.61
6.79
15.33
14.11
9.19
12.13
12.71
13.74
14.31
12.19
6.96
3.45
-3.15
12.49
17.68
16.62
13.31
20.77
21.89
15.11
8.54
3.63
8.98
17.29
20.18
12.51
11.4
14.01
12.05
13.29
14.68
-1.68
7.87
8.42
11.1
6.48
13.5
15.09
19.68
21.4
18.14
11.01
9.24
-0.29
3.23
4.83
14.9
12.76
8.26
13.33
7.43
20.43
23.3
21.47
15.44
8.58
5.03
3.73
8.48
10.53
13.61
6.19
13.7
19.66
21.59
20.11
11.56
4.77
12.01
12.01
8.12
12.21
15.78
17.49
10.98
14.01
12.25
7.77
15.45
14.97
18.36
17.61
0.61
15.79
14.21
10.93
11.01
8.55
10.32
12.75
14.16
14.7
7.28
10.75
14.68
14.3
18.1
19.9
17.32
10.48
9.58
16.97
22.1
21.91
15.71
14.82
14.23
10.38
2.21
13.73
19.33
19.11
11.54
4.31
-12.68
14.46
14.51
12.55
17.55
14.58
13.84
11.19
16.85
18.25
24.14
25.54
21.2
16.72
9.92
10.89
11.58
11.82
12.93
13.81
16.32
11.79
15.29
15.11
6.35
8.57
14.57
21.31
20.71
10.27
19.55
20.45
16.7
11.93
7.92
10.9
15.81
12.37
7.7
10.12
13.11
6.55
14.22
12.89
20.81
20.71
15.22
13.25
15.15
7.18
10.14
8.76
6.87
9.45
7.51
13.5
2.58
11.09
15.36
15.67
10.77
6.92
11.36
16.88
15.67
6.85
11.43
13.28
17.26
21.4
18.76
15.14
12.11
14.31
20.71
20.89
17.38
14.54
14.02
12.74
9.62
-1.39
8.24
10.2
14.29
7.39
7.72
13.12
12.79
7.48
12.09
15.09
15.22
4.86
-11.76
4.52
12.28
9.85
3.04
13.76
16.81
16.75
14.5
16.22
16.21
12.77
10.21
16.32
12.27
8.46
-4.29
11.35
-8.1
12.96
13.03
15.54
20.33
19.67
14.17
-2.94
7.88
11.56
11.67
8.87
13.23
15.64
16.47
24.13
24.76
19.8
16.23
20.78
23.62
20.57
7.42
21.82
23.58
20.19
14.13
10.42
-2.25
0.35
8.25
16.39
21.29
20.28
8.8
14.49
16.16
15.11
9.23
13.89
9.87
19.79
22.62
18.88
14.56
23.17
23.62
19.06
14.38
22.04
22.5
20.01
20.28
14.63
19.38
19.39
13.61
-7.74
17.57
23.59
20.99
8.96
19.13
15.41
17.4
17.12
7.02
14.65
15.49
7.01
4.8
5.99
12.19
17.97
20.85
17.48
16.31
15.3
5.87
13.18
18.65
15.74
2.92
15.09
16.28
13.62
3.17
7.31
8.69
15.95
21.3
19.85
16.13
13.64
17.22
20.07
19.63
17.69
16.43
0.22
10.91
12.31
15.6
13.53
14.94
21.52
16.42
18.29
22.1
17.48
3.02
16.1
23.29
24.44
15.84
19.36
20.42
15.57
6.5
19.24
19.05
11.24
12.19
14.25
13.75
10.03
7.05
18.55
20.64
21.04
18.77
11.4
15.36
21.6
19.11
14.76
14.09
14.81
19.46
16.01
15.99
20.17
13.71
14.56
22.56
21.09
16.37
20.37
20.67
15.44
13.1
15.15
18.24
15.31
8.37
16.07
21.25
24.35
23.22
12.2
14.4
20.16
24.45
22.2
19.34
23.9
20.64
14.88
17.16
18.42
16.52
11.89
11.62
20.54
21.99
14.37
13.76
20.05
21.16
18.37
4.52
15.05
17.18
16.79
16.29
-15.66
18.36
20.01
15.93
7.32
14.07
16.78
19.18
18.3
17.78
15.16
20.01
16.41
14.64
7.41
24.25
25.42
15.59
14.78
8.73
20.21
21.5
8.32
20.18
26.05
26.67
20.16
19.08
26.17
25.76
20.46
16.76
16.45
23.66
21.06
18.21
19.24
21.43
22.71
17.13
13.23
18.74
16.57
8.59
20.16
23.56
21.96
21.12
19.97
9.98
11.31
6.76
5.14
10.42
17.02
16.89
17.05
17.65
9.36
15.8
21.63
19.25
14.44
13.45
12.83
13.07
13.78
13.1
13.64
19.4
22.39
23.72
19.49
17.7
18.7
-0.86
23.59
25.79
23.09
16.94
20.71
25.3
24.2
21.91
8.17
21.15
23.99
22.65
18.89
13.43
20.21
20.99
17.05
13.64
12.99
9.31
14.26
20.05
19.56
16.86
16.51
18.37
18.93
19.3
11.55
14.79
16.22
16.08
21.55
23.11
16.69
6.72
8.53
17.83
21.55
22.44
18.79
5.05
15.42
18.46
13.56
13.34
21.32
19.92
3.61
16.97
19.74
15.65
6.33
15.9
19.55
19.01
14.14
16.49
19.23
14.72
15.89
14.67
12.54
17.35
15.62
15.53
13.22
21.01
21.29
18.14
16.92
17.34
15.45
5.71
12.65
15.01
15.88
19.08
19.4
13.84
17.56
18.08
12.77
14.78
14.39
12.77
10.68
11.12
8.38
9.25
16.43
19.04
19.42
20.29
16.39
13.07
11.16
-15.86
6.96
10.84
15.14
14.94
16.81
17.53
16.48
12.96
-4.13
19.33
22.74
17.42
11.09
13.01
10.91
11.75
6.21
10.31
9.74
14.73
20.93
21.84
19.6
19.34
14.48
10.79
11.55
8.78
14.57
13.77
14.91
18.21
19.2
20.92
15
8.29
11.77
11.97
15.46
16.76
15.91
-8.95
19.26
20.92
15.66
3.62
12.07
12.86
13.78
2.38
15.15
15.02
4.77
15.54
11.86
20.38
23.84
20.43
10.12
14.33
10.27
11.46
19.85
23
21.7
15.65
18.51
20.98
19.05
19.82
19.18
15.91
12.44
19.24
23.7
22.83
21.08
25.44
24.94
19.34
11.17
11.63
10.07
15.24
16.38
13.16
17.78
20.38
22.2
24.5
22.97
14.08
16.7
17.17
7.23
18.71
20.85
15.5
19.16
23.4
23.92
19.08
2.67
12.62
1.29
14
17.42
18.42
19.3
19.93
21.67
22.05
17.8
12.92
12.98
5.01
12.64
16.55
13.28
12.87
18.11
22.55
23.38
19.99
11.33
9.56
11.63
11.97
9.41
10.17
2.74
19.15
23.94
24.43
21.32
16.19
11.27
-4.88
1.89
8.04
9.52
14.64
20.39
22.16
22.69
23.33
24.47
24.27
23
21.45
18.88
17.64
21.89
24.48
23.27
23.62
26.24
25.4
19.92
6.26
15.39
15.82
15.55
17.45
19.2
22.04
22.54
20.62
18.51
16.88
18.15
20.5
18.37
4.96
9.32
17.45
22.85
24.4
24.04
21.29
20.97
21.68
18.98
14.94
9.56
11.7
16.79
17.53
14.09
15.96
20.18
22.47
21.81
18.22
15.19
18.27
17.92
16.24
15.62
12.08
7.52
4.31
21.39
22.86
15.59
16.7
16.02
10.53
15.43
10.46
10.95
17.09
21.95
23.64
22.21
18.57
19.52
16.81
12.52
10.25
12.46
18.64
20.64
21.72
19.68
14.78
14.56
16.59
14.05
4.51
14.07
10.37
17.21
23.8
23.26
19.45
16.58
17.88
20.23
19.19
16.12
12.36
4.91
11.25
20.66
20.97
16.8
16.3
17.77
16.22
4.95
12.68
15.86
19.35
20.38
14.96
18.35
23.05
21.35
19.22
19.56
16.58
9.79
10.72
13.07
18.06
23.04
22.53
18.88
16.97
12.22
15
18.29
17.44
14.11
14.59
17.37
14.45
7.37
6.14
8.34
14.45
20.26
13.16
10.81
5.61
12.45
7.17
-1.66
3.61
8.04
18.39
24.17
24.95
22.02
14.29
11.51
11.76
11.41
13.84
16.43
16.2
15.52
18.25
19.3
18.61
15.14
16.95
20.84
21.76
16.31
11.35
21.1
21.34
20.88
19.63
13.58
9.15
11.6
18.27
19.21
17.4
19.88
23.97
25.29
24.81
23.41
24.56
25.97
24.7
20.51
8.91
9.78
10.3
15.36
13.78
14.82
18.9
19.86
20.93
24.37
22.27
11.18
10.23
16.61
16.94
18.48
21.05
18.66
18.69
20.66
19.56
19.41
21.28
20.15
17.69
13.8
14.09
13.51
13.17
13.54
17.55
17.88
19.23
21.9
20.46
16.31
14.73
16.43
18.76
18.87
17.74
19.68
22.06
23.04
21.06
17.9
17.1
13.81
6.91
14.12
18.24
17.58
14.85
13.91
14.2
8.67
2.61
15.76
17.32
8.33
12.1
11.02
8.52
17.05
22.35
21.67
20.03
19.9
17.97
17.72
15.15
13.01
16.74
20.24
21.72
19.12
18.17
17.98
19.53
20.85
18.88
15.08
9.12
6.69
7.54
12.24
15.86
18.8
18.73
16.71
16.55
16.35
20.38
18.37
9.78
8.19
3.84
10.04
14.53
16.85
20.06
19.38
18.09
15.91
9.26
10.82
13.29
12.15
-11.01
7.72
13.22
17.06
17.27
15.77
12.23
-3.9
14.75
15.79
11.83
8.72
14.98
18.39
18.75
4.8
9.12
1.44
8.92
9.14
0.17
11.24
15.84
14.11
18.69
20.23
18.33
11.96
6.17
11.51
8.78
14.48
18.23
17.82
17.98
15.58
6.07
13.23
15.06
10.34
5.51
3.89
6.08
7.14
10.17
5.15
6.51
14.61
13.87
7.07
11.01
14.42
6.81
6.26
7.35
15.22
16.1
12.48
6.92
8.72
17.22
17.94
14.77
17.42
19.44
18.39
16.22
9.59
1.04
9.64
12.74
14.36
17.43
18.53
19.42
20.25
19.8
13.27
8.57
0.11
15.78
18.47
16.14
11.67
-7.19
10.59
14.48
13.29
6.71
10.09
15.28
15.53
14.58
12.71
10.76
8.54
7.34
10.67
16.32
19.06
20.84
22
20.73
18.16
17.62
17.75
16.55
15.55
13.86
12.52
19.11
19.04
11.51
13.66
14.82
14.96
14.58
15.6
13.67
-8.33
9.29
16.15
16.98
13.74
13.66
11.71
11.67
15.88
12.24
13.76
13.85
13.4
7.99
3.66
16.31
18.51
17.8
19.22
19.45
17.79
16.48
15.57
12.72
10.48
11.22
18.66
21.15
19.99
19.2
19.52
15.31
7.75
14.25
15.66
-11.23
13.74
19.09
19.78
18.89
13.97
8.79
2.89
4.27
7
3.29
7.65
-1.1
13.92
12.88
1.65
13.61
15.58
10.24
1.42
7.48
12.68
12.31
3.89
10.37
16.69
20.07
20.05
14.18
4.84
13.74
15.44
11.64
7.58
7.77
8.73
12.22
5.13
12.96
16.29
16.67
17.98
16.18
10.82
9.62
8.94
-0.95
9.38
8.38
15.55
20.01
19.31
18.37
18.08
13.38
1.37
6.9
17
18.39
16.35
13.35
5.98
-8.38
8.35
12.56
11.06
6.59
15.45
17.53
18.43
19.42
17.69
18.5
17.91
15.18
12.26
13.4
9.69
8.13
14.94
16.52
15.65
16.63
12.2
-0.85
8.58
16.65
17.09
14.79
13.51
4.97
8.65
1.83
13.71
16.93
20.01
21.53
19.24
15.04
11.94
8.05
4.24
7.38
16.47
16.06
10.44
13
15.41
5.64
8.21
11.61
10.39
5.71
3.74
12.36
13.22
10.92
16.99
15.29
13.78
10.04
6.03
3.25
6.16
15.01
16.73
15.5
16.19
16.73
11.83
3.97
7.87
7.58
9.56
0.1
10.43
13.71
14.63
14.71
14.98
17.14
18.21
16.61
15.01
11.33
-0.47
8.01
12.54
8.59
8.18
5.41
8.17
12.98
7.6
7.06
14.69
20.33
17.75
12.86
6.71
8
7.98
15.62
20.34
19.46
15.65
0.23
11.86
14.75
10.57
2.63
12.25
17.64
19.52
19.23
16.5
15.67
15.55
13.48
11.36
2.35
1.15
13.44
16.29
9.5
6.65
6.45
12.63
15.56
10.45
6.95
8.41
9.3
9.73
0.15
3.13
-4.57
14.2
17.24
18.14
18.88
17.01
12.04
12.26
11.08
-2.12
5.26
10.1
15.28
15.2
13.05
6.55
3.5
10.87
10.12
8.15
11.01
16.34
17.82
12.34
11.27
11.82
-2.04
6.9
12.59
13.69
15.66
13.93
7.99
9.32
5.35
10.45
14.94
10.86
1.13
1.46
10.57
11.01
8.53
9.24
12.89
12.34
7.54
3.11
-1.92
2.04
1.11
13.48
16.83
17.57
16.05
8.03
3.59
8.75
3.6
14.62
11.58
-0.35
2.85
2.8
12.85
15.53
7.17
6.49
7.5
9.15
10.55
11.46
11.85
-1.43
10.52
7.07
7.49
14.61
15
12.7
13.61
9.19
4.29
16.58
18.56
16.29
14.14
14.5
16
14.76
13.04
11.87
6.43
-2.52
-1.21
-1.11
5.55
14.64
14.95
10.98
13.48
7.23
-8.15
6.58
4.26
8.52
4.67
10.87
6.03
3.07
9.78
11.43
8.41
10.78
12.42
12.14
9.57
11.98
17.82
12.52
9.48
4.84
8.52
8.13
12.11
16.45
16.36
14.93
11.93
13.85
12.28
-6.46
9.77
6.83
12.99
14.16
14.23
11.82
10
12.81
13.24
9.09
16.32
18.14
15.2
9.4
-5.21
11.26
13.22
15.61
14.79
15.67
11.45
6.7
8.01
11.4
8.99
-1.29
-0.26
11.74
17.93
18.29
12.81
-1.21
10.37
5.57
-6.27
-0.6
10.06
13.54
9.35
10.55
5.29
5.56
4.09
8.75
13.62
15.4
13.02
8.86
2.21
14.49
15.2
11.97
12.73
15.82
10.17
6
7.23
14.22
14.04
12.62
18.22
18.53
15.48
9.61
7.01
9.85
8.86
15.33
17.09
12.79
8.23
10.71
9.8
13.25
16.6
16.64
5.58
11.2
12.2
8.31
10.87
13.82
13.97
11.96
12.47
13.81
7.22
7.98
10.8
14.48
11.41
10.24
12.7
9.38
9.39
13.44
16.08
18.56
15.9
17.12
18.1
17.79
16.58
16.33
16.59
12.36
14.02
13.64
3.39
4.73
13.71
20.91
24.93
20.6
-1.31
12.92
13.22
7.99
14.37
18.3
20.03
18.56
15.68
9.76
-9.12
7.74
8.9
12.48
14.48
12.59
8.01
10.07
11.96
8.85
15.96
16.37
17.22
15.77
8.81
2.3
9.14
10.76
14.48
13.88
6.98
15.41
17.42
12.23
13.14
8.96
7.49
11.33
6.83
10.31
10.98
9.24
14.82
15.74
15.23
9.69
15.39
15.23
13.08
1.17
6.53
17.49
18.56
11.98
2.68
8.74
11.39
11.02
4.75
3.9
8.28
11.17
11.47
4.76
14
18.6
14.21
-3.6
5.83
12.5
7.55
-6.44
5.78
10.76
-1.35
10.39
12.19
3.96
14.41
19.23
17.54
17.78
17.95
13.24
6.7
11.37
7.24
14.75
16.74
17.72
16.85
8.52
15.05
17.28
14.38
6.46
10.46
12.55
12.86
17.94
17.24
15.93
13.37
11.85
11.09
8.29
3.3
6.87
11.92
3.25
3.83
11.25
-5.68
10.94
0.95
7.11
5.81
5.75
8.94
11.75
6.1
5.01
8.07
3.72
5.4
6.17
10.22
5.16
9.09
7.51
9.97
12.66
14.02
17.48
15.42
13.7
8.83
5.23
9.16
9.01
-0.93
7.7
8.27
16.52
15.33
5.55
7.27
17.53
18.37
12.49
1.23
-0.21
13.6
15.5
16.33
9.89
5.09
7.72
7.05
9.21
-14.81
11.39
12.44
10.48
-8.23
12.25
16.32
13.78
5.53
4.19
6.51
8.71
3.73
5.23
-0.24
13.04
6.37
5.36
7.6
10.1
-0.58
5.68
6.15
6.61
15.8
15.55
7.14
4.45
-8.51
9.99
13.76
7.4
0.67
6.69
10.92
13.94
7.17
13.91
12.96
10.64
-1.59
5.58
10.3
-2.92
12.36
13.24
10.59
4.92
5.2
6.35
8.48
2.74
0.29
-7.18
6.39
10.01
11.8
16.9
15.73
10.77
10.97
14.43
14.83
13.82
16.59
16.37
11.79
12.29
18.72
18.28
15.49
16.38
15.38
7.03
-1.59
5.29
12.27
10.5
-3.64
11.16
8.39
-1.22
8.66
2.99
5.19
3.21
15.16
19.84
19.72
16.89
16.11
11.35
-8
3.13
6.65
10.34
12.86
12.7
9.46
3.37
-9.26
13.57
14.46
7.83
11.98
12.33
5.96
6.9
12.82
14.11
8.46
2.62
10.65
11.3
4.02
9.4
8.79
9.5
14.96
15.79
8.52
16.54
19.37
14.98
11.07
7.67
0.02
13.21
12.81
8.62
1.48
6.07
14.75
16.55
13.07
1.4
11.47
3.78
13.71
14.26
3.92
14.08
10.84
12.83
15.98
-3.04
15
11.98
14.79
17.25
-0.62
14.74
15.02
9.33
5.28
12.25
9.79
5.14
16.21
16.51
10.14
-4.92
2.99
5.97
9.26
9.2
11.91
13.4
9.14
18
19.16
15.37
12.68
11.9
10.08
9.31
13.17
14.31
12.78
11.73
8.71
9.5
13.33
0.03
10.08
7.55
16.82
18.57
19.44
18.63
14.63
16.38
17.57
14.68
-1.46
12.22
9.4
-0.93
10.9
14.19
12.85
7.5
6.63
11.92
3.69
4.76
2.17
11.92
14.3
8.25
-1.46
-0.92
9.72
14.82
0.36
11.99
10.64
6.99
4.42
9.59
5.17
2.69
6.74
8.85
11.58
11.83
12.53
11.4
10.62
14.84
17.45
14.24
8.61
11.65
9.97
7.28
8.94
10.17
14.97
13.1
13.08
11.52
6.25
13.99
14.08
10.6
0.45
0.59
12.48
16.02
17.99
15.15
11.58
6.59
-2.66
6.93
7.61
8.92
3.08
13.69
10.51
-1.7
-2.66
11.65
13.66
10.72
12.06
14.31
14.41
8.94
13.92
18.59
19.01
14.27
6.77
16.66
17.35
13.66
11.38
-3.14
7.78
4.73
2.68
-6.02
6.66
15.17
17.82
14.37
2.81
7.24
8.46
5.11
4.77
8.61
14.42
17.23
13.58
9.38
12.58
12.23
13.77
10.4
1.06
5.18
8.65
10.62
7.22
4.66
7.08
7.31
12.27
14.55
15.96
16.42
12.89
8.72
4.01
12.74
14
5.29
-8.47
9.16
-3.29
13.62
16.73
15.69
7.68
17.01
19.74
10.64
11.35
12.72
7.77
10.69
13.81
14.9
15.61
7.55
8.39
8.99
8.05
10.39
3.47
0.32
2.81
15.25
16.25
15.76
11.09
12.87
9.94
8.84
9.36
5.83
9.42
13.2
11.08
11.5
10.7
9.19
10.15
9.02
-0.5
12.87
13.08
5.55
8.14
10.5
2.67
13.87
12.5
9.57
13.98
-1.36
3.71
8.41
1.87
5.88
-2.56
7.09
8.75
7
9.28
7.54
9.99
10.79
12.94
9.9
3.78
-2.68
1.8
5.36
7.96
14.39
16.3
12.39
3.05
2.7
14.82
13.54
10.93
11.34
11.21
9.15
6.95
12.26
11.67
1.34
8.21
9.19
9.38
11.18
5.72
10.47
16.48
15.06
8.62
7.62
13.7
17.82
17.73
14.63
5.47
6.94
3.48
12.41
14.5
15.63
14.87
10.8
3.18
-6.58
5.05
13.39
13.93
12.74
15.48
16.93
16.27
14.4
7.15
11.63
15.97
11.7
12.95
11.2
6.12
8.31
10.36
13.5
14.41
9.6
2.19
-0.53
2.12
10.98
12.74
18.1
18.8
9.7
-9.1
13.21
14.18
12.38
8.74
1.87
5.72
-1.46
0.12
8.5
8.76
5.26
6.31
10.16
1.78
8.23
9.96
4.87
6
14.46
15.49
12.1
9.91
12.09
13.8
10.37
11.89
12.24
9.66
11.46
9.4
-9.22
8.93
16.73
17.59
9.4
1.95
8.74
14
9.83
6.54
7.36
7.63
13.18
10.42
-12.1
9.28
14.79
8.09
11.83
12.21
8.83
4.3
2.55
8.1
3.39
10.39
7.18
6.42
15.41
10.95
5.67
9.17
-2.94
5.09
14.31
17.03
10.82
5.12
6.3
-3.98
-6.11
0.85
10.84
11.3
9.37
5.24
9.93
12.26
-3.05
11.86
13
10.06
6.88
0.94
11.75
16.79
14.62
8.04
9.57
7.94
0.05
8.44
5.43
9.55
12.22
6.64
14.1
12.48
9.92
14.17
14.13
16.37
13.5
5.24
12.04
15.93
13.44
5.86
11.45
11.22
16.99
16.97
10.1
-5.78
13.37
18.67
20.45
20.34
18.05
16.48
16.36
15.28
11.23
4.38
8.52
10.39
5.8
9.23
11.66
10.11
15.08
19.79
17.15
4.53
7.71
14.76
18.22
15.06
3.55
-4.59
5.9
15.3
16.6
-3.28
5.23
9.34
12.96
14.64
15.84
14.2
13.13
14.01
11.36
15.63
17.98
5.6
14.42
15.26
7.13
4.51
11.23
10.08
12.71
17.76
13.55
12.39
18.24
17.02
14.39
14.8
17.61
13.92
11.58
18.07
17.35
10.54
11.9
17.63
16.73
11.73
4.17
4.94
8.99
2.43
-0.51
7.42
11.75
13.06
15.63
18.81
11.98
0
5.56
10.19
13.31
20
23.67
23.83
21.58
19.1
16.27
13.05
12.04
9.31
12.56
15.79
12.55
3.35
4.91
6.7
1.51
-3.6
2.17
5.94
6.47
13.8
19.44
17.36
0.77
8.26
13.7
17.2
17.41
15.57
14.87
14.75
11.35
7.98
15.86
5.95
14.99
17.12
8.77
-3.2
4.11
4.67
6.52
6.63
10.29
14.27
18.09
15.35
6.85
8.37
8.87
17.22
18.61
14.81
6.15
2.34
-9.71
12.54
14.34
11.71
12.75
15.29
11.33
11.28
16.24
14.65
-10.2
7.71
12.73
16.94
15.47
8.34
8.1
8.4
1.82
9.44
10.89
9.99
9.49
11.78
8.61
10.5
14.56
15.99
17.56
16.47
8.2
9.73
12.84
3.1
11.72
8.35
7.49
-0.69
9.99
11.07
5.95
-0.23
0.46
-17.18
-7.48
2.6
-0.41
14.2
17.04
12.24
7.5
6.62
-15.44
8.06
10.85
6.82
9.64
13.9
14.97
13.6
14.55
11.74
5.1
13.72
11.29
1.92
-4.72
13.43
13.43
14.74
18.2
15.72
9.36
7.53
14.57
11.4
12.71
9.6
10.18
16.98
7.82
14.72
15.63
12.01
6.38
10.14
13.55
8.21
9.33
7.86
8.37
11.76
10.16
0.54
8
13.92
11.24
9.96
16.4
15.01
8.91
-2.48
14.62
15.04
11.77
11.4
13.15
14.83
11.83
-1.51
-2.17
12
13.6
1.54
7.3
7.68
5.93
-9.04
8.79
8.99
8.67
7.11
6.71
7.34
9.23
13.57
19.09
21.53
