13.13
13.11
9.33
4.92
9.56
12.82
11.85
12.81
14.74
9.84
-15.87
-2.1
10.26
13.8
13.4
8.17
2.94
-5.58
3.89
5.71
2.55
9.37
7.33
6.85
13.52
9.56
11.67
10.01
5.21
-2.09
7.98
7.28
15.63
16.83
10.01
1.62
10.29
13.63
12.73
9.04
11.21
11.09
9.29
7.12
9.45
11.12
14.24
17.95
17.64
16.51
17.05
14.27
12.55
9.8
6.53
9.32
9.83
15.46
13.54
7.03
7.31
11.86
13.03
9.64
11.16
10.53
0.93
6.79
9.69
6.1
7.38
8.53
9.13
14.29
15.78
18.67
19.06
17.31
14.61
5.41
5.67
6.95
4.64
2.72
14.85
17.14
15.94
14.54
8.25
7.43
10.06
10.38
13.77
12.68
10.8
13.21
13.83
12.49
8.03
3.04
-18.17
10.49
11.35
2.79
3.64
10.2
11.72
13.1
13.17
9.01
4.13
3.87
8.03
15.71
16.72
11.99
11.43
14.69
12.99
3.9
4.22
10.87
14.06
14.37
10.66
10.58
11.29
7.54
7.99
13.3
14.77
15.16
16.12
13.68
7.64
3.45
10.79
8.74
3.38
11.69
15.86
16.14
12.83
9.26
0.3
4.79
3.3
-5
-1.01
4.02
4.9
8.13
6.81
10.12
11.16
12.42
15.06
12.81
-0.25
-2.37
0.2
3.04
1.69
3.15
3.21
9.3
11.13
5.45
1.7
-1.24
5.97
4.6
11.09
14.53
10.15
4.34
6.11
-1.98
7.31
11.73
13.23
12.33
10.23
7.33
6.1
4.42
-5.96
3.08
7.75
6.32
7.43
12.51
15.47
13.68
13.4
14.73
8.66
16.14
21.13
23.66
24.64
20.95
18.02
19.45
13.52
13.26
14.14
12.33
5.5
-9.39
5.09
7.25
9.85
9.07
5.01
4.7
2.38
8.64
12.89
14.56
13.59
4.15
0.65
2.85
4.51
7.25
12.24
15.18
13.92
3.5
3.64
-2.41
-4.18
6.36
12.72
14.13
11.77
8.66
2.63
-0.74
-6.55
2.72
9.22
12.46
13.5
11.78
9.73
5.78
-2.96
-0.4
3.83
3.87
9.24
10.02
4.99
5.72
8.52
12.37
12.72
8.93
-2.01
-3.54
-11.53
1.41
1.93
5.95
11.9
13.86
13.22
12.85
13.84
14.63
13.7
8.9
-1.24
12.44
14.58
15.03
14.27
8.42
5.38
7.38
6.36
11.01
9.46
12.04
17
13.92
-1.69
7.16
-6.27
7.92
12.55
13.12
10.9
4.49
8.4
13.17
14.07
10.98
8.1
4.03
9.4
13.93
14.5
12.71
10.28
11.87
15.28
15.53
12.12
3.62
10.23
15.56
16.47
17.93
15.82
5.61
0.78
3.83
-6.01
4.73
9.75
13.61
17.82
17.81
12.28
7.15
5.08
8.53
8.58
11.81
13.02
9.73
5.55
8.23
8.33
3.38
10.21
10.94
8.65
10.05
15.65
17.15
13.68
10.64
10.55
-5.1
11.36
15.46
15.89
13.69
13.68
16.23
15.94
13.33
7.53
3.29
5.38
5.83
-8.24
1.4
9.14
5.14
-5.28
5.31
12.68
15.64
13.66
4.92
7.2
4.23
12.83
16.79
15.1
13.84
13.06
2.92
9.58
11.65
5.61
-3.59
-5.12
1.39
4.43
1.6
14.5
14.46
8.5
-7.03
6.22
-5.51
4.36
-5.11
5.47
8.05
7.71
7.05
11.96
10.92
4.82
10.66
1.28
7.61
5.1
9.18
15.75
15.78
8.44
5.12
9.31
5.66
-2.87
-5.36
8.68
13.07
8.93
9.41
9.88
4.06
5.99
2.65
10.26
8.31
-3.33
10.8
11.45
3.89
7.01
8.18
14.09
15.46
13.82
12.98
5.97
9.45
10.63
9.7
8.01
5.86
9.94
11.69
6.6
2.77
4.62
13.17
12.94
8.69
5.85
7.27
5.72
8.4
12.17
12.31
8.81
14.47
15.25
14.76
10.41
9.59
16.63
15.64
6.38
9.41
0.75
7.61
7.49
8.66
14.18
14.61
6.98
1.2
0.62
9.75
10.83
9.34
12.16
12.81
6.12
5.89
12.56
14.3
11.45
6.18
7.97
10.68
10.55
11.5
12.43
10.12
7.08
10.85
11.56
7.27
8.46
9.79
3.87
5.78
10.36
11.53
13.82
11.72
2.63
8.11
11.57
8.88
3.03
10.38
15.79
16.56
12.31
2.89
2.95
1.26
5.58
13.52
13.75
13.43
7.65
7.9
8.08
-2.3
4.88
6.23
7.63
5.99
5.7
12.86
10.43
4.79
-0.7
3.55
1.09
5.58
14.05
15.67
4.02
8.83
-0.61
9.39
5.67
11.28
11.56
3.17
13.86
14.6
7.74
6.76
12.1
9.86
14.85
11.14
8.04
14.21
10.09
6.36
5.77
3.06
-3.43
2.72
8.38
7.35
5.46
11.21
11.91
6.76
1.6
9.54
6.89
6.15
5.59
-7.34
3.63
11.82
10.59
-6.71
6.22
3.17
3.42
4.73
12.31
6.78
-1.19
10.91
17
17.2
13.64
4.84
9.53
13.25
12.11
15.85
14.95
3.99
8.67
11.69
12.27
15.92
18.04
20.02
22.46
21.07
17.75
14.01
8.83
12.27
10.67
4.7
10.97
12.37
11.22
11.95
13.12
3.82
12.87
16.67
14.64
6.88
-4.98
10.4
13.12
1.66
-1.86
4.42
8.2
1.12
5.58
8
3.71
2.26
7.14
10.45
7.23
8.46
-1.34
1.66
8.62
10.36
2.55
9.58
6.88
-6.26
5.06
6.62
7.97
11.8
11.15
12.12
2.64
11.23
12.21
3.95
6.05
4.4
-3.75
5.48
7.18
1.24
10.81
8.37
12.32
11.67
3.59
15.27
9.57
10.94
14.86
13.38
6.64
-3
-1.09
0.14
6.88
11.9
5.94
0.4
2.01
5.81
6.16
3.19
2.09
7.23
6.87
10.99
14.45
12.42
4.1
11.91
11.41
12.51
14.18
15.83
13.05
3.76
2.22
7.09
8.25
4.89
6.15
14.75
15.96
12.35
5.63
-9.27
5.14
8.47
7.54
6.15
1.48
2.25
6.65
11.77
13.47
11.03
10.41
10.45
2.38
8.83
-2.1
8.16
14.15
10.6
12.91
16.99
15.32
10.14
8.97
9.64
9.83
10.16
5.8
12.46
16.19
11.44
4.72
9.32
0.59
8.54
10.48
17.18
15.31
5.55
14.04
13.87
12.92
12.48
7.25
7.92
12.35
7.82
5.55
7.16
8.25
12.06
15.88
12.49
-2.72
1.72
8.52
9.97
3.25
5.06
-1.57
1.91
10.94
13.24
11.79
12.26
13.7
13.34
8.82
2.54
6.97
6.11
7.6
7.45
9.16
9.67
10.51
8.19
3.43
2.41
11.22
9.97
7.4
4.58
1.81
6.13
6.75
-6.4
4.35
1.34
4.92
14.72
14.73
4.55
-2.5
2.15
-3.49
9.07
9.19
19.48
23.26
16.1
16.96
17.9
14.82
23.2
19.36
5.18
17.57
23.12
23.52
10.68
21.39
20.48
15.88
15.35
17.2
20.69
10.76
19.34
21.23
21.74
21.61
21.5
26.46
26.27
22.21
21.71
21.22
17.37
5.51
17.18
17.77
22.14
21.25
15.67
20.12
22.4
-4.71
19.82
7.54
15.99
13.74
9.8
19.94
22.75
20.12
15.28
11.07
10.66
11.31
13.26
9.22
24.85
25.34
23.62
20.93
13.35
18.33
12.64
10.72
20.65
23.09
23.47
19.76
18.8
22.79
12.01
21.01
19.94
18.68
23.29
24.92
20.79
14.29
19.21
10.24
14.17
13.91
20.69
22.67
18.86
5.29
22.11
22.04
12.57
14.46
17.74
26.58
29.38
25.9
11.85
17.96
24.1
25.8
17.2
20.14
13.65
17.28
19.65
17.5
22.48
19.73
6.46
18.06
21.2
15.45
8.86
20.41
24.11
24.32
18.31
14.23
19.17
18.03
14.7
14.46
20.51
27.89
28.19
25.48
21.49
5.31
24.58
27.89
23.56
14.6
18.81
25.95
30.27
29.13
23.93
10.04
20.14
24.39
20.62
19.79
23.57
21.32
12.78
15.97
19.86
20.13
20.7
15.83
21.3
23.41
-2.48
19.8
17.77
24.64
27.48
22.35
18.76
20.96
18.61
12.48
18.54
28.56
31.58
28.22
22.34
22.4
18.55
23.58
26.39
23.16
22.45
22.92
18.58
22.84
26.41
26.62
21.03
20.92
25.12
23.23
10.39
24.53
26.55
27.25
26.4
18.06
19.33
14.48
16.52
27.02
27.96
24.54
13.46
16.26
20.45
18.39
13.46
15
22.61
24.86
18.04
23.77
30.61
32.06
31.01
28.22
24.54
18.76
15.79
17.91
14.8
5.79
6.99
17.59
21.46
10.83
22.3
28.44
29.67
29.11
25.11
21.45
22.47
20.52
12.21
21.94
22.08
17.9
21.3
22.31
23.27
20.61
22.62
27.93
26.81
16.56
4.71
12.18
7.03
14.08
21.25
19.55
13.73
11.16
7.37
11.29
10.46
18.87
14.18
4.87
5.28
11.78
24.3
28.14
24.04
13.83
9.71
15.99
17.31
17.61
17.34
18.37
15.6
16.66
8.23
18.49
20.69
15.78
21.59
19.98
12.67
14.35
9.37
12.59
11.35
21.34
26.81
25.13
18.46
7.54
20.6
19.75
18.64
24.86
22.07
18.58
16.99
26.45
27.67
24.03
15.38
4.61
-1.79
13.61
19.18
19.54
14.29
19.69
23.17
21.96
21.71
23.77
20.74
23.11
19.73
7.84
14.77
13.08
17.31
21.56
22.42
22.65
18.3
10.13
13.84
10.39
24
24.28
14.33
-3.84
14.74
20.75
18.68
8.11
1.63
12.92
12.57
13.87
16.7
16.37
20.01
19.8
10.22
20.24
19.02
14.08
13.24
16.64
18.71
15.06
3.72
13.89
14.64
17.14
17.16
14.03
16.98
15.77
6.42
11.08
11.78
3.11
12.01
16.61
8.25
13
17.46
14.25
9.26
12.69
3.02
9.87
15.75
14.46
7.84
14.1
19.51
19.22
15.33
9.25
12.46
16.43
15.13
12.5
12.49
12.14
9.56
14.28
17.11
15.53
10.45
11.87
12.39
13.59
17.4
15.47
6.34
11.68
11.74
7.19
3.59
8.24
7.26
15.86
18.66
13.63
-3.9
5.46
15.75
13.27
5.56
8.04
18.88
21.58
21.23
19.71
9.47
21.89
21.82
19.07
15.86
7.28
20.64
24.79
25.72
23.95
22.29
21.42
19.79
21.05
25.28
25.25
21.56
10.64
-4.27
6.56
13.15
14.67
17.77
21.62
21.85
20.48
23.76
21.76
11.26
9.61
17.53
11.03
13.16
18.66
22.09
25.3
24.72
17.79
10.09
13.34
17.81
18.69
18.88
16.68
19.45
19.91
22.33
26.07
24.4
22.26
16.26
20
22.11
18.55
20.64
20.72
15.64
12.48
17.81
19.27
17.28
19.55
22.59
19.06
14.63
19.84
20.47
21.39
20.7
17.19
7.4
9.52
12.19
-0.23
11.25
18.97
21.33
15.3
16.67
12.8
17.48
25.25
24.35
14.98
12.29
13.66
17.23
23.08
26.63
25.86
24.1
15.1
18.64
20.28
18.52
26.6
25.73
18.61
15.92
19.36
18.9
2.28
19.14
25.73
26.43
28.98
26.72
21.63
14.2
18.36
18.09
19.35
23.47
12.29
22.55
8.16
22.7
24.57
20.9
15.55
22.41
16.66
24.53
27.69
21.18
21.36
23.14
19.19
18.71
22.36
21.34
-2.04
7
20.93
23.1
19.06
14.72
20.07
23.78
24.58
25.65
24.7
21.23
20.08
26.49
27.51
25.86
22.42
20.35
25.1
29.25
28.05
26.59
28.11
22.38
18.46
24.67
28.48
22.91
17.94
16.89
13.15
19.09
16.35
21.91
24.21
23.44
24.62
26.26
22.97
25.51
25.98
18.56
10.17
23.63
26.2
17.68
14.95
18.93
20.06
18.01
10.5
23.43
26.82
21.55
6.91
13.94
19.5
5.11
20.22
22.4
23.39
24.04
25.73
23.01
26.08
28.94
25.74
25.63
25.72
20.94
19.29
23.75
23.11
24.97
27.08
28.38
27.97
26.61
21.75
8.82
11.8
6.01
19.49
25.48
28.03
27.54
23.59
20.12
21.67
21.5
19.4
23.28
26.07
26.52
27.17
24.9
10.41
17.05
4.76
19.98
23.89
27.01
29.67
29.11
24.5
21.85
17.33
7.08
20
19.62
18.52
27.24
29.1
25.64
14.13
16.02
17.09
17.58
25.12
25.22
25.98
27.8
27.44
27.89
27.77
24.91
24.29
24.99
24.81
26.26
24.57
14.96
14.67
21.71
23.69
21.48
17.85
18.61
19.92
18.67
21.88
25.11
23.73
18.89
20.47
24.07
28.06
28.37
26.51
22.73
17.22
15.67
20.05
21.38
20.09
14.02
3.25
12.61
13.77
21.96
24.07
16.19
15.19
19.5
9.59
18.76
22.85
23.6
23.15
22.12
21.69
22.42
22.37
18.94
19.26
21.95
22.85
21.77
22.33
20.83
14.08
-0.79
6.86
13.59
16.41
21.38
24.75
28.1
27.97
23.45
16.63
14.47
22.77
20.45
19.29
24.59
26.12
24.39
22.59
22.48
18.17
-7.46
17.64
20.78
16.7
8.21
15.64
18.58
17.51
10.25
13.77
20.64
20.62
4.84
18.63
18.7
2.61
11.32
17.86
14.58
11.31
15.61
20.27
22.48
23.17
22.4
17.99
20.2
25.8
22.76
19.98
20.74
20.57
18.14
16.63
14.27
13.56
20.93
23.36
21.95
20.48
13.97
13.46
19.12
16.41
10.9
7.72
7.98
14.26
22.81
22.75
14.68
17.13
23.47
23.26
20.41
21.24
21.79
18.74
14.47
20.58
22.39
21.61
12.37
13.43
24.19
23.08
21.58
19.68
19.82
15.67
20.17
20
18.35
17.46
22.51
23.08
15.12
22.91
27.13
25.34
18.46
14.2
22.33
24.81
24.42
25.67
25.53
24.88
23.65
21.51
20.49
18.75
20.48
23.35
19.46
7.6
18.82
17.65
15.89
12.69
13.07
20.56
20.91
18.82
22.43
21.27
9.47
19.39
15.32
9.83
17.31
14.56
16.87
20.62
23.69
22.04
21.26
26.68
25.37
21.78
19.86
19.81
17.28
18.61
22.61
24.6
25.59
22.63
19.11
17.17
-0.76
15.99
15.85
5.32
4.17
14.34
23.12
25.84
20.18
14.33
22.2
21.48
14.4
19.16
21.85
17.95
22.1
26.53
23.05
26.25
25.25
18.42
11.42
14.14
15.37
25.05
27.73
23.66
22.16
23.89
21.96
14.79
16.28
22.96
19.85
16.03
23.71
21.94
14.9
19.43
22.1
26.31
27.38
23.96
22.92
22.82
20.83
12.07
18.24
23.62
24.62
23.64
20.39
23.58
21.19
19.89
25.85
27.72
25.58
21.84
18.99
20.43
15.59
21.34
23.58
22.61
26.43
28.37
21.62
21.81
23.15
16.16
16.94
21.86
19.75
20.31
25.05
28.14
24.64
18.2
19.42
17.5
11.03
10.88
11.68
26
33.41
35.25
30.13
21.66
27.95
30.97
29.15
25.42
19.07
22.66
27.2
26.24
24.35
23.13
17.93
17.42
18.02
13.86
16.97
20.66
21.41
23.96
25.51
21.69
25.38
27.31
40.2
45.26
41
28.88
26.01
22.01
23.57
28.45
30.73
28.72
23.42
15.84
17.32
20.54
22.07
18.98
15.08
9.67
20.79
23.15
22.55
25.5
26.21
23.96
16.27
18.72
18.42
20.62
31.1
44.27
46.51
39.35
18.46
19.97
14.07
15.48
20.18
17
16.92
23.84
27.64
27.49
22.66
22.19
23.68
22.25
23.79
16.56
22.22
22.43
29.67
38.53
37.65
29.68
25.48
23.35
15.68
19
20.36
18.93
13.91
11.7
10.69
16.05
24.91
29.35
27.16
16.93
22.93
17.36
21.82
21.54
26.49
26.97
21.4
17.55
23.38
25.17
16.06
32.59
42.05
42.27
32.73
25.23
23.87
19.05
29.83
28.71
13.24
10.99
20.39
29.02
33.48
33.84
28.72
18.22
13.71
25.2
26.46
24.37
21.39
20.67
23.82
26.88
24.03
25.99
30.14
29.31
24.07
33.22
43.91
43.96
32.51
25.7
25.46
16.21
13.93
15.17
25.88
26.76
20.29
19.51
16.21
21.57
22.3
24.84
26.85
28.61
24.83
8.77
20.23
20.5
1
5.44
18.25
21.9
18.48
16.29
8.74
17.95
14.46
12.9
14.65
11.59
22.34
26.48
27.09
20.84
6.17
15.97
15.69
-12.6
12.62
20.05
24.86
28.91
29.39
24.87
23.31
18.38
14.48
21.7
20.76
37.06
38.69
29.57
18.77
16.67
16.25
23.26
26.67
26.59
9.7
19.39
12.27
7.86
19.79
19.57
18.16
18.55
19.83
23.6
21
13.19
20.67
24.15
24.85
25.13
24.62
19.28
7.29
12.73
18.69
19.59
20.78
20.72
22.62
26.2
21.61
18.96
18.71
17.51
21.09
19.85
14.66
23.63
24.27
21.39
8.65
15.13
15.6
19.48
19.27
16.58
20.44
20.12
12.87
14.06
20.98
22.99
22.56
16.7
26.27
21.46
18.21
2.08
6.37
24.48
27.81
23.93
27.31
31.96
29.35
29.24
40.6
44.99
40.47
23.47
17.19
8.67
14.7
14.17
20.21
25.86
35.57
38.28
33.13
17.42
22.86
26.03
29.03
35
38.46
35.79
19.83
30.45
29.39
25.19
21.32
30.29
27.06
20.14
26.01
27.64
33.65
37.22
32.42
27.43
29.78
23.63
16.86
18.51
6.98
17.14
27.15
33.03
27.37
20.44
22.77
9.8
27.56
29.5
25.69
25.02
27.07
22.57
28.92
30.98
30.06
27.46
25.44
8.85
25.44
31.21
35.16
35.73
31.74
28.67
31.02
31.27
28.52
24.78
27.58
24.17
34.35
35.4
32.9
28.16
22.79
25.62
20.94
24.76
41.95
47.04
43.52
33.92
29.07
14.9
26.92
28.13
27.38
44.21
48.26
43.61
31.39
27.59
27.44
28.03
27.54
16.66
20.47
20.77
15.39
27.36
28.59
9.26
31.69
28.53
16.56
-0.63
26.26
27.98
27.48
31.17
26.81
25.39
30.08
30.66
26.21
31.67
27.43
28.72
30.94
21.46
23.09
26.01
26.75
24.11
24.1
27.61
25.44
20.49
26.77
31.39
29.75
23.93
19.74
16.07
30.5
34.48
33.3
30.42
24.05
13.8
18.45
17.77
33.32
32.75
20.43
30.19
31.15
22.12
4.61
24.48
32.65
31.91
26.94
25.72
26.92
24.73
23.64
28.76
31.22
30.63
22.38
26.93
22.83
21.01
24.72
22.6
13.61
22.98
29.12
28.49
7.07
29.81
29.7
21.96
28.11
22.87
23.67
23.17
24.65
25.05
12.12
19.89
22.58
23.73
33.14
26.26
31.38
32.63
21.89
22.84
22.03
25.85
27.29
20.07
18.01
27.25
29.15
28.7
28.37
24.73
26.17
23.87
26.36
30.87
25.14
23.24
28.36
21.76
19.19
19.75
24.31
26.46
28.56
29
27.36
30.77
26.43
20.15
18.94
27.95
26.87
20.67
23.46
27.79
25.99
17.06
26.36
29.87
26.95
12.4
30.77
27.01
26.39
30.26
28.69
30.7
29.45
27.77
24.9
19.87
28.87
24.75
22.97
27.01
23.33
24.68
29.09
26.77
20.02
12.94
22.43
19.12
25.37
31.62
31.03
24.82
10.19
15.99
15.35
19.08
22.36
22.62
32
29.69
20.51
26.13
24.45
18
20.65
26.21
21.74
-4.87
20.7
26.81
24.86
17.37
14.34
15.82
22.32
31.89
32.17
25.67
16.25
21.46
15.33
6.8
24.28
29.49
25.22
19.92
11.41
19.53
17.95
14.61
20.03
25.04
27.49
29.11
28.75
24.97
11.2
22.82
25.56
29.9
30.51
27.98
26.86
30.52
30.76
22.29
21.34
25.17
19.83
17.8
18.54
12.93
7.15
15.77
20.26
22.82
19.94
22.58
22.3
18.17
18.79
17
12.8
22.82
27.73
26.04
21.17
27.51
23.96
16.6
21.26
26.23
21.44
19.27
21.91
18.82
22.07
8.5
17.19
11.37
18.08
15.71
22.9
24.04
20
24
20.83
18.02
18.78
21.38
23.11
23.97
25.52
22.79
7.5
17.05
17.8
11.19
7.17
20.03
24.75
17.66
18.87
21.16
12.74
22.14
0.09
22.03
18.42
24.95
23.75
14.46
18.04
14.05
24.04
23.53
14.98
17.92
23.94
13.12
24.38
25.79
16.76
13.32
19.39
12.83
16.62
26.06
29.35
25.75
20.29
27.01
28.85
29.91
28.39
20.84
18.24
18.89
21.12
26.58
28.38
26.94
20.77
23.57
23.89
18.86
18.93
27.37
31.75
30.56
24.69
24.77
28.86
25.34
14.85
19.77
31.11
32.56
26.29
13.52
19.34
16.38
21.45
22.92
10.81
25.08
22.74
23.2
29.06
31.62
27.4
16.83
16.06
21.94
15.85
16.82
15.06
16.67
22.06
21.4
11.97
15.17
21.73
28.02
25.92
23.41
23.97
29.59
25.96
21.47
11.92
23.76
28
24.68
24.57
27.82
26.26
18.28
19.55
26.12
28.62
27.25
10.7
28.03
24.58
22.45
22.69
16.11
23.33
25.19
24.46
18.99
19.14
27.36
26.82
23.39
22.88
27.33
24.52
22.36
28.98
28.91
29.17
28.1
26.02
21.71
21.19
27.87
29.2
30.4
29.75
24.35
27.62
27.36
22.51
18.44
14.67
19.65
27.1
25.76
16.55
16.66
10.18
23
22.36
20.64
23.92
28.58
24.9
24.04
28.14
23.64
22.77
20.08
15.01
8.98
15.19
21.1
24.22
27.83
25.32
16.83
25.79
27.4
25.56
23.25
17.6
21.8
28.19
25.46
23.68
26.62
25.13
22.77
23.67
19.32
20.32
27.15
27.59
26.93
25.34
27.13
24.01
16.75
23.83
25.83
23.89
16.95
26.19
28.12
26.8
23.09
14.42
17.23
25.7
28.26
24.35
22.75
24.04
18.63
13.78
20.09
21.04
19.26
19.94
16.8
15.84
20.25
26.44
22.84
13.86
18.76
21.59
24.29
23.79
18.54
20.28
27.46
29.2
26
22.44
27.03
26.08
13.03
21.59
24.81
19.74
7.05
18.05
20.93
21.4
18.92
18.03
16.06
22.72
21.99
17.51
22.3
24.29
11.44
21.31
20.24
21.13
20.83
26.95
27.94
20.17
9.51
13.68
7.89
21
20.46
15.45
17.54
4.32
11.87
16.05
10.47
17.85
21.68
16.85
12.18
10.41
-8.86
12.16
5.02
19.39
23.81
18.35
11.71
17.9
18.03
22.88
20.75
4.36
18.07
16.96
22.22
21.7
14.42
20.78
22.69
18.12
12.81
7.25
9.63
9.57
19.77
19.1
7.2
18.94
21.89
16.31
15.63
23.23
23.07
21.72
20.48
17.94
17.9
18.73
18.72
13.15
17.59
22.3
22.71
21.75
12.16
20.41
21.27
21.35
20.29
9.82
14.15
17.08
19.87
19.01
15.05
19.04
21.28
21.59
20.17
21.93
21.97
18.4
17.15
13.79
19.03
20.77
3.93
20.63
23.55
19.07
11.48
15.75
18.42
19.76
18.6
20.54
18.42
12.52
10.9
20.96
19.46
15.48
19.96
22.84
22.36
18.02
13.97
12.29
16.12
6.02
18.86
14.87
13.83
11.31
13.21
15.14
16.68
17.06
17.46
19.13
18.84
11.13
16.92
18.55
13.66
-0.55
15.81
20.71
7.49
21.28
19.59
19.85
23.86
22.9
18.33
20.92
20.76
19.42
19.98
18
10.53
14.35
20.74
24.13
23.43
23.79
19.73
4.91
16.18
9.63
16.73
18.15
16.14
12.33
8.02
15.4
22.97
25.55
21.87
18.49
21.41
22.14
16.82
12.71
12.79
13
14.02
19.97
24.17
24.62
13.59
22.08
16.42
2.34
11.36
16.39
17.67
21.55
25.74
26.35
20.82
22.94
21.4
18.27
19.66
22.43
21.83
21.44
14.39
9.99
9.98
4.65
11.55
16.57
17.75
20.65
18.22
0.41
18.57
20.23
7.79
13.73
24.18
25.2
10.74
16.53
16.17
18
16.82
12.29
13.52
19.18
17.27
19.1
22.35
17.56
20.1
13.61
22.07
24.24
20.52
19.17
14.18
18.49
22.09
21.78
21.63
19.25
9.22
24.81
23.73
10.54
13.47
13.56
12.28
15.3
17.49
10.41
21.02
25.08
25.79
19.02
16.35
13.08
12.2
18.15
12.71
10.22
12.9
6.44
6.37
10.15
18.66
25.48
27.64
23.67
15.9
14.2
18.91
21.25
21.37
17.66
13.4
9.82
17.43
15.92
11.25
14.79
20.65
11.69
2.72
15.41
18.04
9.39
16.81
22.45
18.34
15.77
19.2
19.11
21.8
18.39
12.51
20.69
17.32
11.96
11.31
1.46
12.87
11.28
16.19
20.08
21.84
15.58
11.82
16.49
7.95
19.79
20.86
20.91
14.53
17.71
18.46
17.16
19.38
17.55
13.63
17.87
10.45
18.41
19
18.22
20.08
16.13
20.27
16.52
16.95
18.78
19.18
17.11
21.35
24.65
24.8
15.11
18.64
12.45
32.28
37.67
32.66
21.14
13.95
22.99
22.94
21.51
24.13
23.32
16.74
21.37
20.68
13.13
1.3
21.7
25.11
16.39
17
20.75
25.89
26.89
22.24
16.18
18.71
19.17
16.35
13.39
14.54
9.55
18.85
24.46
26.97
27.81
25.83
20.97
15.67
4.53
21.07
23.8
19.21
3.29
17.02
16.69
16.44
18.77
19.98
14.9
9.31
17.15
21.49
26.3
25.17
18.81
10.7
18.42
20.57
21.22
16.28
18.76
15.34
16.72
15.54
10.85
10.59
8.01
18
16.4
15.43
12.19
10.27
18
18.78
16.34
16.43
6.96
19.47
24.87
26.64
23.86
12.56
10.26
19.15
20.57
20.9
20.4
16.44
20.65
22.38
16.32
15.13
13.91
13.29
10.01
9.25
13.19
12.24
11.76
12.47
17.36
-3.7
18.84
11.21
-5.12
15.97
15.7
12.41
16.79
9.57
10.06
10.53
14.45
13.63
7.95
11.05
-2.81
15.13
19.43
25.03
25.57
21.36
19.64
14.59
15.89
18.85
20.57
21.45
20.37
21.41
20.68
18.79
20.32
7.78
15.7
21.41
22.97
19.2
16.62
16.13
14.47
13.69
10.99
10.68
10.84
18.36
16.5
12.65
22.85
22.18
16.89
15.54
18.51
16.78
9.1
3.95
12.47
19.71
24.01
23.5
16.76
5.79
18.06
20.8
22.73
17.03
16.67
13.17
20.18
17.76
17.3
18.94
16.04
1.12
4.6
5.97
13.24
14.07
21.4
22.27
21.46
21.46
18.65
15.33
8.46
16.08
22.68
22.62
19.23
14.94
14.68
11.69
11.95
8
13.19
14.85
9.33
7.54
14.29
20.83
21.95
19.9
21.34
22.73
22.74
23.31
24.94
20.34
9.92
8.95
13.4
12.34
18.01
16.83
16.87
19.01
19.8
20.33
20
13.95
17.07
16.69
9.48
19.03
14.52
16.51
7.37
9.79
5.18
10.14
18.22
12.82
16.57
16.39
21.75
20.22
14.32
19.16
16.1
10.79
16.18
15.7
15.68
17.11
5.75
14.96
4.78
20.61
20.59
13.17
19.06
21.57
18.79
16.32
17.92
14.25
16.84
18.3
15.09
12.99
17.49
17.64
12.43
8.16
14.28
16.28
16.88
22.05
17.96
19.33
21.97
18.37
18.83
15.43
11.48
13.63
10.12
5.38
13.33
9.5
-8.79
7.09
12.54
17.59
11.89
9.61
1.73
6.1
10.22
13.56
13.83
12.49
17.09
19.31
18.61
20.63
20.3
6.09
13.33
7.4
10.6
14.63
18.52
16.55
17.51
21.3
23.14
22.95
15.37
16.89
18.47
13.49
8.3
15.14
16.41
9.03
8.47
11.35
2.31
11.57
13.21
13.53
3.71
11.23
13.22
15.17
17.66
16.99
14.29
11.7
16.71
19.83
19.87
16.51
9.84
1.33
16.31
21.03
19.64
16.92
12.6
12.41
5.7
14.19
16.9
14.6
5.17
16.36
19.69
17.91
13.91
14.47
13.79
6.76
17.91
21.62
17.33
8.4
12.78
16.65
14.67
15.64
15.99
16.46
11.61
1.05
7.11
4.7
13
13.61
6.05
10.21
12.85
12.94
14.41
12.46
11.48
15.31
11.21
14.41
11.97
11.08
13.44
14.97
20.87
18.8
13.74
8.76
-5.75
1.44
3.56
7.74
11
4.98
-5.95
7.42
10.73
14.32
15.27
10.72
13.84
9.45
13.01
18.04
19.34
17.7
8.8
4.32
6.9
16.56
18.92
14.92
10.08
8.71
0.76
10.25
15.29
15.61
6.79
15.33
14.11
9.19
12.13
12.71
13.74
14.31
12.19
6.96
3.45
-3.15
12.49
17.68
16.62
13.31
20.77
21.89
15.11
8.54
3.63
8.98
17.29
20.18
12.51
11.4
14.01
12.05
13.29
14.68
-1.68
7.87
8.42
11.1
6.48
13.5
15.09
19.68
21.4
18.14
11.01
9.24
-0.29
3.23
4.83
14.9
12.76
8.26
13.33
7.43
20.43
23.3
21.47
15.44
8.58
5.03
3.73
8.48
10.53
13.61
6.19
13.7
19.66
21.59
20.11
11.56
4.77
12.01
12.01
8.12
12.21
15.78
17.49
10.98
14.01
12.25
7.77
15.45
14.97
18.36
17.61
0.61
15.79
14.21
10.93
11.01
8.55
10.32
12.75
14.16
14.7
7.28
10.75
14.68
14.3
18.1
19.9
17.32
10.48
9.58
16.97
22.1
21.91
15.71
14.82
14.23
10.38
2.21
13.73
19.33
19.11
11.54
4.31
-12.68
14.46
14.51
12.55
17.55
14.58
13.84
11.19
16.85
18.25
24.14
25.54
21.2
16.72
9.92
10.89
11.58
11.82
12.93
13.81
16.32
11.79
15.29
15.11
6.35
8.57
14.57
21.31
20.71
10.27
19.55
20.45
16.7
11.93
7.92
10.9
15.81
12.37
7.7
10.12
13.11
6.55
14.22
12.89
20.81
20.71
15.22
13.25
15.15
7.18
10.14
8.76
6.87
9.45
7.51
13.5
2.58
11.09
15.36
15.67
10.77
6.92
11.36
16.88
15.67
6.85
11.43
13.28
17.26
21.4
18.76
15.14
12.11
14.31
20.71
20.89
17.38
14.54
14.02
12.74
9.62
-1.39
8.24
10.2
14.29
7.39
7.72
13.12
12.79
7.48
12.09
15.09
15.22
4.86
-11.76
4.52
12.28
9.85
3.04
13.76
16.81
16.75
14.5
16.22
16.21
12.77
10.21
16.32
12.27
8.46
-4.29
11.35
-8.1
12.96
13.03
15.54
20.33
19.67
14.17
-2.94
7.88
11.56
11.67
8.87
13.23
15.64
16.47
24.13
24.76
19.8
16.23
20.78
23.62
20.57
7.42
21.82
23.58
20.19
14.13
10.42
-2.25
0.35
8.25
16.39
21.29
20.28
8.8
14.49
16.16
15.11
9.23
13.89
9.87
19.79
22.62
18.88
14.56
23.17
23.62
19.06
14.38
22.04
22.5
20.01
20.28
14.63
19.38
19.39
13.61
-7.74
17.57
23.59
20.99
8.96
19.13
15.41
17.4
17.12
7.02
14.65
15.49
7.01
4.8
5.99
12.19
17.97
20.85
17.48
16.31
15.3
5.87
13.18
18.65
15.74
2.92
15.09
16.28
13.62
3.17
7.31
8.69
15.95
21.3
19.85
16.13
13.64
17.22
20.07
19.63
17.69
16.43
0.22
10.91
12.31
15.6
13.53
14.94
21.52
16.42
18.29
22.1
17.48
3.02
16.1
23.29
24.44
15.84
19.36
20.42
15.57
6.5
19.24
19.05
11.24
12.19
14.25
13.75
10.03
7.05
18.55
20.64
21.04
18.77
11.4
15.36
21.6
19.11
14.76
14.09
14.81
19.46
16.01
15.99
20.17
13.71
14.56
22.56
21.09
16.37
20.37
20.67
15.44
13.1
15.15
18.24
15.31
8.37
16.07
21.25
24.35
23.22
12.2
14.4
20.16
24.45
22.2
19.34
23.9
20.64
14.88
17.16
18.42
16.52
11.89
11.62
20.54
21.99
14.37
13.76
20.05
21.16
18.37
4.52
15.05
17.18
16.79
16.29
-15.66
18.36
20.01
15.93
7.32
14.07
16.78
19.18
18.3
17.78
15.16
20.01
16.41
14.64
7.41
24.25
25.42
15.59
14.78
8.73
20.21
21.5
8.32
20.18
26.05
26.67
20.16
19.08
26.17
25.76
20.46
16.76
16.45
23.66
21.06
18.21
19.24
21.43
22.71
17.13
13.23
18.74
16.57
8.59
20.16
23.56
21.96
21.12
19.97
9.98
11.31
6.76
5.14
10.42
17.02
16.89
17.05
17.65
9.36
15.8
21.63
19.25
14.44
13.45
12.83
13.07
13.78
13.1
13.64
19.4
22.39
23.72
19.49
17.7
18.7
-0.86
23.59
25.79
23.09
16.94
20.71
25.3
24.2
21.91
8.17
21.15
23.99
22.65
18.89
13.43
20.21
20.99
17.05
13.64
12.99
9.31
14.26
20.05
19.56
16.86
16.51
18.37
18.93
19.3
11.55
14.79
16.22
16.08
21.55
23.11
16.69
6.72
8.53
17.83
21.55
22.44
18.79
5.05
15.42
18.46
13.56
13.34
21.32
19.92
3.61
16.97
19.74
15.65
6.33
15.9
19.55
19.01
14.14
16.49
19.23
14.72
15.89
14.67
12.54
17.35
15.62
15.53
13.22
21.01
21.29
18.14
16.92
17.34
15.45
5.71
12.65
15.01
15.88
19.08
19.4
13.84
17.56
18.08
12.77
14.78
14.39
12.77
10.68
11.12
8.38
9.25
16.43
19.04
19.42
20.29
16.39
13.07
11.16
-15.86
6.96
10.84
15.14
14.94
16.81
17.53
16.48
12.96
-4.13
19.33
22.74
17.42
11.09
13.01
10.91
11.75
6.21
10.31
9.74
14.73
20.93
21.84
19.6
19.34
14.48
10.79
11.55
8.78
14.57
13.77
14.91
18.21
19.2
20.92
15
8.29
11.77
11.97
15.46
16.76
15.91
-8.95
19.26
20.92
15.66
3.62
12.07
12.86
13.78
2.38
15.15
15.02
4.77
15.54
11.86
20.38
23.84
20.43
10.12
14.33
10.27
11.46
19.85
23
21.7
15.65
18.51
20.98
19.05
19.82
19.18
15.91
12.44
19.24
23.7
22.83
21.08
25.44
24.94
19.34
11.17
11.63
10.07
15.24
16.38
13.16
17.78
20.38
22.2
24.5
22.97
14.08
16.7
17.17
7.23
18.71
20.85
15.5
19.16
23.4
23.92
19.08
2.67
12.62
1.29
14
17.42
18.42
19.3
19.93
21.67
22.05
17.8
12.92
12.98
5.01
12.64
16.55
13.28
12.87
18.11
22.55
23.38
19.99
11.33
9.56
11.63
11.97
9.41
10.17
2.74
19.15
23.94
24.43
21.32
16.19
11.27
-4.88
1.89
8.04
9.52
14.64
20.39
22.16
22.69
23.33
24.47
24.27
23
21.45
18.88
17.64
21.89
24.48
23.27
23.62
26.24
25.4
19.92
6.26
15.39
15.82
15.55
17.45
19.2
22.04
22.54
20.62
18.51
16.88
18.15
20.5
18.37
4.96
9.32
17.45
22.85
24.4
24.04
21.29
20.97
21.68
18.98
14.94
9.56
11.7
16.79
17.53
14.09
15.96
20.18
22.47
21.81
18.22
15.19
18.27
17.92
16.24
15.62
12.08
7.52
4.31
21.39
22.86
15.59
16.7
16.02
10.53
15.43
10.46
10.95
17.09
21.95
23.64
22.21
18.57
19.52
16.81
12.52
10.25
12.46
18.64
20.64
21.72
19.68
14.78
14.56
16.59
14.05
4.51
14.07
10.37
17.21
23.8
23.26
19.45
16.58
17.88
20.23
19.19
16.12
12.36
4.91
11.25
20.66
20.97
16.8
16.3
17.77
16.22
4.95
12.68
15.86
19.35
20.38
14.96
18.35
23.05
21.35
19.22
19.56
16.58
9.79
10.72
13.07
18.06
23.04
22.53
18.88
16.97
12.22
15
18.29
17.44
14.11
14.59
17.37
14.45
7.37
6.14
8.34
14.45
20.26
13.16
10.81
5.61
12.45
7.17
-1.66
3.61
8.04
18.39
24.17
24.95
22.02
14.29
11.51
11.76
11.41
13.84
16.43
16.2
15.52
18.25
19.3
18.61
15.14
16.95
20.84
21.76
16.31
11.35
21.1
21.34
20.88
19.63
13.58
9.15
11.6
18.27
19.21
17.4
19.88
23.97
25.29
24.81
23.41
24.56
25.97
24.7
20.51
8.91
9.78
10.3
15.36
13.78
14.82
18.9
19.86
20.93
24.37
22.27
11.18
10.23
16.61
16.94
18.48
21.05
18.66
18.69
20.66
19.56
19.41
21.28
20.15
17.69
13.8
14.09
13.51
13.17
13.54
17.55
17.88
19.23
21.9
20.46
16.31
14.73
16.43
18.76
18.87
17.74
19.68
22.06
23.04
21.06
17.9
17.1
13.81
6.91
14.12
18.24
17.58
14.85
13.91
14.2
8.67
2.61
15.76
17.32
8.33
12.1
11.02
8.52
17.05
22.35
21.67
20.03
19.9
17.97
17.72
15.15
13.01
16.74
20.24
21.72
19.12
18.17
17.98
19.53
20.85
18.88
15.08
9.12
6.69
7.54
12.24
15.86
18.8
18.73
16.71
16.55
16.35
20.38
18.37
9.78
8.19
3.84
10.04
14.53
16.85
20.06
19.38
18.09
15.91
9.26
10.82
13.29
12.15
-11.01
7.72
13.22
17.06
17.27
15.77
12.23
-3.9
14.75
15.79
11.83
8.72
14.98
18.39
18.75
4.8
9.12
1.44
8.92
9.14
0.17
11.24
15.84
14.11
18.69
20.23
18.33
11.96
6.17
11.51
8.78
14.48
18.23
17.82
17.98
15.58
6.07
13.23
15.06
10.34
5.51
3.89
6.08
7.14
10.17
5.15
6.51
14.61
13.87
7.07
11.01
14.42
6.81
6.26
7.35
15.22
16.1
12.48
6.92
8.72
17.22
17.94
14.77
17.42
19.44
18.39
16.22
9.59
1.04
9.64
12.74
14.36
17.43
18.53
19.42
20.25
19.8
13.27
8.57
0.11
15.78
18.47
16.14
11.67
-7.19
10.59
14.48
13.29
6.71
10.09
15.28
15.53
14.58
12.71
10.76
8.54
7.34
10.67
16.32
19.06
20.84
22
20.73
18.16
17.62
17.75
16.55
15.55
13.86
12.52
19.11
19.04
11.51
13.66
14.82
14.96
14.58
15.6
13.67
-8.33
9.29
16.15
16.98
13.74
13.66
11.71
11.67
15.88
12.24
13.76
13.85
13.4
7.99
3.66
16.31
18.51
17.8
19.22
19.45
17.79
16.48
15.57
12.72
10.48
11.22
18.66
21.15
19.99
19.2
19.52
15.31
7.75
14.25
15.66
-11.23
13.74
19.09
19.78
18.89
13.97
8.79
2.89
4.27
7
3.29
7.65
-1.1
13.92
12.88
1.65
13.61
15.58
10.24
1.42
7.48
12.68
12.31
3.89
10.37
16.69
20.07
20.05
14.18
4.84
13.74
15.44
11.64
7.58
7.77
8.73
12.22
5.13
12.96
16.29
16.67
17.98
16.18
10.82
9.62
8.94
-0.95
9.38
8.38
15.55
20.01
19.31
18.37
18.08
13.38
1.37
6.9
17
18.39
16.35
13.35
5.98
-8.38
8.35
12.56
11.06
6.59
15.45
17.53
18.43
19.42
17.69
18.5
17.91
15.18
12.26
13.4
9.69
8.13
14.94
16.52
15.65
16.63
12.2
-0.85
8.58
16.65
17.09
14.79
13.51
4.97
8.65
1.83
13.71
16.93
20.01
21.53
19.24
15.04
11.94
8.05
4.24
7.38
16.47
16.06
10.44
13
15.41
5.64
8.21
11.61
10.39
5.71
3.74
12.36
13.22
10.92
16.99
15.29
13.78
10.04
6.03
3.25
6.16
15.01
16.73
15.5
16.19
16.73
11.83
3.97
7.87
7.58
9.56
0.1
10.43
13.71
14.63
14.71
14.98
17.14
18.21
16.61
15.01
11.33
-0.47
8.01
12.54
8.59
8.18
5.41
8.17
12.98
7.6
7.06
14.69
20.33
17.75
12.86
6.71
8
7.98
15.62
20.34
19.46
15.65
0.23
11.86
14.75
10.57
2.63
12.25
17.64
19.52
19.23
16.5
15.67
15.55
13.48
11.36
2.35
1.15
13.44
16.29
9.5
6.65
6.45
12.63
15.56
10.45
6.95
8.41
9.3
9.73
0.15
3.13
-4.57
14.2
17.24
18.14
18.88
17.01
12.04
12.26
11.08
-2.12
5.26
10.1
15.28
15.2
13.05
6.55
3.5
10.87
10.12
8.15
11.01
16.34
17.82
12.34
11.27
11.82
-2.04
6.9
12.59
13.69
15.66
13.93
7.99
9.32
5.35
10.45
14.94
10.86
1.13
1.46
10.57
11.01
8.53
9.24
12.89
12.34
7.54
3.11
-1.92
2.04
1.11
13.48
16.83
17.57
16.05
8.03
3.59
8.75
3.6
14.62
11.58
-0.35
2.85
2.8
12.85
1.23
0.3
9.05
9.37
8.98
7.48
8.41
16.78
19.67
18.53
14.2
12.08
10.49
14.31
10.86
-6.9
10.71
11.22
1.98
2.37
7.37
9.12
15.24
18.18
15.05
1.26
2.62
-6.38
8.02
10.3
13.27
17.86
18.75
11.42
6.62
5.95
-9.73
4.94
14.49
9.63
14.4
18.65
17.55
12.55
11.7
11.29
6.34
15.5
14.94
10.01
-1.56
7.69
7.14
9.16
14.19
13.59
7.99
5.62
15.29
18.28
17.32
6.69
6.01
8.58
8.34
0.69
9.42
17.66
17.03
4.4
8.35
8.1
2.67
14.42
9.99
16.02
18.77
15.05
-3.49
11.84
12.18
10.58
14.5
10.62
4.67
7.33
0.79
11.65
8.7
8.34
13.54
13.82
12.23
14.26
13.92
14.57
16.53
20.57
20.22
10.24
11.71
15.94
12.93
0.47
11.61
15.82
16.87
12.99
13.99
15.26
16.48
12.4
7.32
11.3
14.11
13.16
11.7
11.37
13.27
15.81
15.62
14.85
12.53
9.73
9.17
2.25
10.79
12.88
1.53
-4.96
6.24
14.1
15.27
15.43
10.1
3.54
9.56
13.23
13.48
14.34
14.83
14.83
12.6
8.09
5.4
-2
11.23
13.36
10.17
9.92
7.19
10.51
13.98
15.51
15.5
13.19
4.04
-3.52
10.87
13.82
10.48
16.13
18.05
14.45
9.47
4.59
14.17
15.82
17.6
18.94
17.64
15.41
9.93
2.08
6.48
11.62
9.64
10.51
11.39
16.21
18.91
14.86
-4.07
10.3
14.26
11.12
1.18
7.95
13.84
16.38
17
14.06
8.1
0.34
10.95
15.61
16.48
13.29
9.2
6.19
15.73
17.52
15.24
14.83
15.37
1.61
12.1
15.2
18.6
18.52
13.08
11.16
8.77
-12.47
6.05
12.66
9.91
12.13
13.48
9.55
1.5
11.02
8.95
0.8
6.85
10.82
17.88
16.04
9.95
5.88
9.13
10.44
7.69
9.37
10.01
13.92
18.34
16.59
2.72
3.5
-4.47
-14.41
5.04
11.34
13.24
12.34
6.81
5.27
0.37
8.45
12.74
14.71
13.15
8.6
13.79
14.38
14.21
13.47
13.67
12.6
11.73
5.58
8.41
6.28
16.03
18.24
16.64
12.9
9.6
8.28
9.45
11.01
9.12
6.19
14.86
17.41
13.62
8.01
9.01
10.63
11.96
9.64
8.97
11.01
13.04
12.86
12.52
15.51
15.71
13.05
12.08
13.44
15.66
12.1
8.69
11.45
15.35
14.51
9.06
14.68
20.1
17.54
12.57
12.98
11.29
12.78
17.44
17.1
7.97
9.16
2.25
-4.89
7.1
11.57
12.36
12.53
10.5
8.66
11.6
11.28
6.22
15.69
14.7
13.43
17.94
17.05
9.81
9.79
9.79
5.9
12.81
15.78
11.46
0.09
8.31
15.8
17.64
15.54
13.46
12.51
4.2
11.61
12.3
11.77
6.27
14.43
12.49
3.52
10.84
0.31
12.46
15.84
12.67
19.33
18.16
13.79
15.6
15.87
7.47
12.72
15.6
5.07
0.27
5.3
-0.29
11.35
10.36
10.78
7.49
1.58
-1.17
8.15
7.27
7.91
10.64
14.91
17.23
17.71
15.28
13.03
9.33
-0.19
7.71
8.53
11.98
11.96
11.57
12
9.85
13.29
15.11
17.04
13.05
5.13
5.59
0.62
4.17
-3.77
3.58
7.39
8.95
-1.82
8.31
8.96
10.85
11.16
11.29
15.69
18.01
13.2
-9.46
-1.32
7.82
17.85
18.06
15.41
13.83
11.25
12.77
13.39
7.1
8.27
0.41
-1.53
9.57
7.7
7.08
12.85
7.43
1.48
6.67
13.75
14.27
-3.02
15.29
8.22
11.79
15.46
11.43
10.68
8.74
0.49
14
14.77
9.69
6.14
-3.63
0.55
1.35
9.78
13.62
10.99
12.71
16.33
11.17
9.97
16.12
18.12
17.36
14.68
11.77
16.06
15
1.86
5.94
11.12
11.75
10.58
14.44
11.38
5.1
-8.51
7.82
9.7
10.08
8.66
12.74
15.66
12.35
6.52
9.95
14.32
13.65
6.96
1.77
13.52
10.74
9.73
12.04
12.25
1.66
7.16
1.29
4.71
6.19
8.72
-1.5
3.98
1.61
9.51
8.46
7.82
16.85
17.64
17.37
14.62
9.79
9.55
11.12
14.15
14.31
14.47
6.31
6.24
12.89
14.23
3.44
-1.18
9.63
12.81
12.53
7.14
7.66
8.33
10.56
9.81
17.81
14.02
15.54
16.39
11.49
11.25
16.02
17.11
9.77
6.03
7.99
11.83
8.54
11.28
14.81
12.98
9.99
10.88
12.35
5.87
5.92
8.04
7.54
-4.86
9.44
10.1
10.51
8.74
5.11
-3.42
13.95
19.09
18.3
14.82
13.03
14.44
16.28
18.28
15.22
11.82
12.03
10.69
10.76
5.89
-2.28
13.29
12.89
14.8
12.23
8.78
12.15
13.8
10.77
9.43
6.37
7.31
13.99
9.05
3.94
14.2
17.15
11.72
10.74
14.1
5.17
9.67
3.88
13.29
18.89
19.2
17.8
17.5
15.52
14.49
9.79
9.7
13.35
9.34
16.69
15.42
4.81
8.93
13.05
12.88
13.97
12.31
13.35
13.94
12.25
13.99
13.58
8.45
6.17
7.84
13.49
19.83
17.6
13.42
11.92
8.39
8.78
10.48
10.59
8.07
4.02
9.44
4.51
10.38
12.6
13.51
13.58
15.29
13.47
3.02
11.7
14.38
11.55
9.07
11.56
17.22
16.01
9.75
5.09
11.18
8.8
5.02
8.23
13.67
19.25
16.44
9.64
-0.27
10.35
9.09
10.87
10.38
9.76
4.02
11.91
12.66
14.22
11.87
8.99
14.36
16.17
15.91
15.4
7.7
-11.01
-1.18
4.43
6.56
4.93
6.29
6.2
10.36
9.49
2.81
7.22
7.52
14.41
15.97
10.76
12.79
15.38
13.01
1.95
6.04
7.75
3.18
14.99
15.33
8.99
-1.21
10.17
12.31
9.61
3.08
8.95
10.88
-13.29
5.51
4.03
5.54
-1.39
6.22
9.7
11.08
8.49
-9.59
-2.33
4.14
8.87
13.78
12.76
4.97
14.45
17.59
18.02
15.13
11.02
5.02
7.35
14.13
16.39
12.65
5.04
10.26
-0.24
2.57
12.84
15.74
15.91
13.75
12.18
15.64
12.8
12.65
13.95
12.75
15.71
16.04
12.39
5.1
9.98
12.35
11.32
12.5
12.41
10.03
8.62
7.82
6.87
11.15
5.38
7.14
2.81
8.58
12.61
8.28
1.18
2.99
0.7
11.01
13.05
6.56
10.77
13.9
16.27
9.64
8.02
10.75
6.28
7.66
5.58
4.46
4.28
9.28
17
17.79
10.74
1.53
2.64
12.45
15.87
12.99
7.68
10.23
12.5
8.61
4.94
7.58
9.69
11.23
17.26
17.4
17.63
13.51
4.17
3.64
10.86
12.83
8.67
15.05
17.48
18.07
10.33
14.89
16.22
18.23
17.1
15.43
14.93
14.58
10.31
7.23
12.2
13.16
15.05
18.89
18.74
16.61
17.19
15.33
6.48
6.09
11.98
14.05
19.66
17.8
14.16
15.95
15.88
14.58
17.08
17.82
14.12
1.92
6.17
13.77
13.6
12.8
7.62
8.59
-4.1
7.19
2.6
13.63
15.58
9.64
13.52
11.14
11.93
11.87
2.28
5.79
10.84
8.48
17.21
16.93
9.04
7.88
15.34
16.67
10.98
3.58
0.79
9.86
17.89
18.22
11.98
6
2.98
8.99
13.54
15.93
18.6
16.36
12.97
12.1
13.99
16.18
18.04
15.92
7.13
13.45
15.83
12.46
8.09
0.28
2.14
7.48
6.8
9.43
8.42
-2.72
8.05
10.06
9.63
-5.1
-3.78
5.09
14.49
16.01
12.88
9.35
9.96
12.39
13.91
11.44
4.39
10.44
-8.51
14.14
16.25
15.29
14.97
12.15
3.92
10.56
9.96
1.72
7.63
12.44
7.09
7.91
16.85
16.79
13.41
7.86
9.79
17.68
20.66
17.21
12.02
15.24
12.98
-0.18
12.25
15.42
18.18
17.89
11.83
8.74
14.41
12.18
0.03
-2.39
9.64
15.17
14.55
9.4
-1.96
-10.14
7.02
11.72
12.77
14.06
15.74
15.09
6.38
6.33
6.3
11.83
9.1
-0.75
6.92
10.51
5.39
11.83
12.3
15.46
16.48
9.75
3.63
0.96
2.83
7.1
11.03
7.37
16.37
18.7
13.58
5.45
17.91
21.76
16.37
9.61
12.65
1.79
9.52
12.69
16.26
16.54
15.6
14.39
10.29
12.69
11.38
4.9
14.9
17.35
12.06
8.51
11.41
14.04
14.41
10.57
7.08
3.58
10.33
8.01
13.89
13.49
15.97
16.82
13.88
8.84
7.09
8.71
9.53
11
9.04
13.81
14.5
11.46
9.18
11.58
14.54
13.08
5.53
10.06
13.55
13.26
5.41
9.77
13.9
14.89
15.41
11.96
5.13
12.94
16.42
12.76
6.16
14.82
13.5
9.43
11.97
7.25
9.32
11.2
7.87
12.53
17.32
18.12
17.35
16.84
16.76
13.89
10.53
12.69
10.65
5.37
14.06
8.27
7.39
10.87
8.07
6.1
12.37
16.77
19.58
17.27
10.83
12.95
16.09
15.1
10.4
10.98
10.59
11.58
12.88
14.5
13.55
5.19
-9.12
3.7
3.76
8.16
13.35
15.46
17.39
13.63
13.07
12.1
5.05
3.01
3.93
12.87
17.5
15.01
14.56
19.23
21.07
20.84
18.48
16.12
16.15
18.46
19.48
17.31
16.38
15.36
10.55
2.61
2.69
4.23
0.71
7.95
14.12
9.43
12.28
18.51
19.94
15.01
9.74
13.92
15.47
13.22
16.63
17.81
12.62
2.99
6.45
12.66
10.9
7.33
10.79
14.92
11.88
12.22
3.76
7.6
9.34
6.83
8.76
4.9
-0.61
9.45
13.76
16.03
17.07
16.43
17.32
16.37
12.56
16.69
18.46
16.14
12.62
15.96
16.15
15.24
18.04
17.17
17.69
16.3
13.51
11.21
9.92
11.95
16.17
17.56
