10.43
7.54
12.46
16.48
15.54
8.85
5.48
11.33
10.03
10.05
8.14
8.93
2.27
11.93
14.25
5.85
-2.65
10.06
9.54
4.98
11.98
11.74
6.19
5.5
11.47
9.94
3.23
8.56
10.52
6.81
-0.55
6.55
6.13
-5.56
1.55
-0.87
11.56
14.82
11.41
5.15
5
12.7
13.74
3.72
2.41
-7.41
-4.83
4.06
7.93
-2.9
11.45
13.02
-16.21
12.59
14.08
7.12
-9.26
-5.72
11.12
14.28
8.48
0.85
13.76
16.99
17.33
17.14
12.92
10.52
13.86
13.92
14.45
13.13
10.67
12
12.46
13.05
12.53
14.33
15.12
13.54
4.65
8.97
8.41
6.53
11.46
15.49
14.06
3.21
9.14
11.15
10.78
10.05
8.89
9.1
7.35
2.73
-2.05
-2.33
9.55
10.66
8.04
13
14.71
11.52
3.14
15.18
13.18
8.94
8.06
11.16
11.11
12.01
13.05
4.29
15.7
18.18
13.74
10.1
11.81
12.34
9.55
8.51
14.81
15.97
12.16
9.76
8.03
10.3
11.3
7.37
11.67
17.3
16.13
15.64
15.59
14.74
11.49
-2.88
12.05
11.81
10.36
12.2
11.58
5.7
3.12
2.52
-3.16
12.99
16.45
10.93
3.83
-3.65
-2.95
-1.32
-2.11
10.13
13.47
12.05
9.59
-3.6
14
17.13
15.8
16.61
15.44
17.96
18.17
13.86
13.3
15.7
15.01
11.22
5.91
4.01
9.26
-0.7
0.86
2.89
5.72
12.04
10.94
2.3
-7.46
3.45
11
12.4
9.78
4.22
-15.86
-8.83
4.4
13.73
17.41
14.38
6.87
9.87
12.87
10.62
-0.66
5.31
8.85
2.9
-0.44
12.59
14.88
13.2
9.34
7.85
14.31
11.15
-0.96
9.45
13.69
13.31
9.48
1.52
1.33
5.22
6.04
3.54
1.02
9.8
7.55
11.86
10.39
9.75
3.04
-4.8
8
8.87
12.12
12.1
11.11
14.63
16.57
13.96
11.33
14.52
16.58
19.26
17.53
10.35
-1.96
8.24
12.58
11.5
-3.73
10.17
13.06
8.36
4.72
11.76
15.06
12.42
5.99
10.19
8.54
4.86
8.94
12.31
13.53
13.22
12.41
-1.05
10.43
15.17
16.68
14.85
10.72
11.77
10.48
11.28
14.44
12.24
7.68
11.4
14.19
19.41
19.72
17.34
15.11
13.26
13.11
12.35
14.45
16.91
12.96
10.86
11.63
14.61
15.47
13.19
9.07
9.55
16.18
17.95
10.46
8.35
10.34
9.72
1.85
3.8
0.91
0.94
8.37
10.52
9.11
5.08
9.01
10.52
3.21
8.51
9.59
5.95
4.9
11.48
9.97
11.89
10.45
10.74
6.33
9.59
12.41
11.54
10.25
10.89
8.97
7.1
8.85
14.86
15.88
12.36
10.8
8.6
6.87
15.17
15.12
14.59
11.68
-1.94
8.57
14.7
14.22
11.17
12.47
12.28
13.63
12.79
11.57
16.26
14.61
-3.48
7.42
-0.49
5.77
1.28
7.25
11.8
11.37
10.74
12.12
10.56
13.29
14.96
11.94
11.69
12.47
9.14
-8.37
-2.93
7.21
11.05
9.52
8.13
9.24
9.81
13.16
12.65
13.57
15.33
14.28
2.77
10.16
10.98
2.65
9.68
14.93
11.07
-2.56
3.32
11.78
10.61
-1.97
6.01
-2.94
0.56
10.39
13.68
11.5
4.33
1.38
10.05
10.84
2.17
-6.26
3.81
7.56
4.42
7.71
12.52
4.96
-4.62
0.63
8.79
8
-0.23
8.74
8.21
5.78
-4.23
10.22
10.91
5.4
10.49
13.26
12.17
6.46
11.84
12.27
12.3
13.61
1.9
2.07
-3.06
6.91
11.36
11.87
7.67
1.89
4.81
8.76
7.95
8.47
7.94
5.32
14.17
15.71
10.5
6.83
12.7
13.29
14.23
14.5
12.74
5.27
2.84
3.43
4.45
12.13
15.58
15.64
9.7
9.02
12.18
4.51
-0.23
3.6
7.6
8.09
6.48
1.78
14.99
13.88
9.47
15.16
15.82
10.34
2.35
1.95
4.64
11.4
10.25
2.81
6.94
15.73
17.27
12.72
0.47
-4.38
3.03
5.43
4.13
13.31
8.99
2.82
11.1
11.98
9.27
3.14
8.7
10.67
1.9
-3.33
-1.63
6.95
11.3
14.08
13.83
12.54
11.36
9.67
9.49
10.7
10.3
7
3.28
7.08
9.88
8.78
5.09
5.34
6.55
9.65
7.65
-3.15
8.38
7.79
7.14
8.19
7.77
11.93
13.2
6.07
9.85
9
8.46
9.39
6.6
7.7
7.12
6.45
3.84
-2.2
10.61
9.75
11.55
13.57
12.13
10.38
9.18
12.44
10.28
4.9
11.51
5.53
12.2
8
7.98
7.75
2.18
8.61
11.93
13.2
7.28
-4.72
7.97
12.68
8.05
6.08
3.89
-1.13
8.04
10.55
2.15
0.07
0.34
10.56
4.99
7.29
8.62
-5.59
7.22
2.17
7.58
11.19
7.81
5.14
8.25
13.92
10.93
2.1
14.09
17.11
14
6.98
1.67
1.99
1.67
9.89
16.68
17.37
6.01
10.6
11.1
4.54
7
13.43
13.91
8.45
-21.28
-4.24
11.28
13.12
5.25
-0.34
7.27
4.12
4.39
5.72
7.69
1.09
10.65
10.15
3.58
5.27
3.78
1.09
-7.17
9.54
11.95
8.69
5.38
6.81
9.43
11.36
11.1
-1.72
7.07
11.47
11.59
10.65
7.68
-5.07
-8.08
7.25
13.89
9.31
8.67
6.91
10.96
12.87
9.49
12.08
13.55
11.04
7.83
12.05
10.08
3.79
9.61
0.91
8.1
1.9
-0.5
3.03
1.32
-2.32
-14.97
-0.52
6.97
5.76
8.61
9.44
0.87
-5.26
0.31
3.02
4.6
8.69
10.73
7.54
3.15
8.66
8.15
3.33
4.38
9.8
13.85
13.55
9.12
9.75
12.53
13.32
14.57
14.86
10.53
10.3
11.17
11.61
1.3
12
13.31
13.29
12.95
11.78
10.45
1.24
9.83
13.07
8.63
4.51
-2.89
1.02
-1.03
12.36
16.51
14.44
7.53
5.57
10.56
10.91
10.02
7.37
3.24
3.83
14.74
13.69
2.93
8.8
12.32
1.81
10.62
8.52
7.77
8.61
7.4
4.76
1.75
7.83
16.27
18.04
15.14
10.98
7.72
1.58
4.43
10.11
13.04
13.54
14.57
14.66
15.09
11.58
8.76
13.06
11.01
7.38
-1.07
4.3
2.91
4.11
-0.64
0.75
6.26
13.32
15.87
10.82
-2.3
-2.49
6.43
15.11
15.69
14.03
11.46
11.32
15.45
13.32
9.51
4.96
8.85
10.6
-14.27
6.45
9.33
6.02
0.66
11.03
8.28
-1.95
6.42
3.79
2.85
5.59
9.33
3.88
1.73
7.42
7.23
-18.45
9.56
12.72
18.59
21.15
18.33
17.31
18.24
15.69
12.25
21.35
21.59
21.6
25.01
28.76
29.21
25.16
20.67
18.43
13.99
10.81
12.4
17.17
22.42
22.86
18.51
19.51
18.3
10.54
20.85
24.53
19.37
16.05
15.74
11.44
14.77
14.18
25.03
27.17
23.12
18.39
9.68
24.21
23.07
15.66
11.78
2.91
16.74
20.14
15.87
13.1
24.15
31.05
30.18
16.95
23.59
24.65
27.52
28.47
24.16
20.33
11.63
16.72
21.82
19.24
12.16
13.79
11.47
16.85
10.61
14.85
19.27
15.67
10.73
20.93
22.7
23.14
18.5
12.07
11.92
20.8
23.13
25.7
25.4
13.15
19.47
27.67
28.95
19.11
17.05
8.9
10.44
17.4
25.28
26.99
20.68
23.85
28.71
26.97
17.21
23.56
18.69
10.26
10.46
15.54
17.64
15.98
21.6
24.52
20.79
19.72
14.36
14.91
14.41
18.25
21.78
24.81
23.1
22.52
22.11
24.58
19.78
14.28
18.82
24.31
26.81
27.15
22.89
22.82
22.88
21.36
22.72
19.92
16.95
17.4
19.38
22.59
27.02
29.78
28.46
23.71
9.88
7.34
0.74
15.89
19.51
21.18
21.95
18.53
21.77
31.11
32.14
25.42
22.27
24.72
17.95
19.87
25.25
22.25
8.01
19.28
24.65
20.74
6.24
22.33
25.18
22.37
21.41
24.14
24.32
3.35
20
22.57
26.28
24.69
20.18
22.24
23.43
20.67
22.72
24.79
25.76
23.46
20.3
21.18
19.4
21.27
26.59
27.33
20.36
27.52
31.61
28.88
19.26
21.17
26.4
24.03
15.16
20.78
24.23
23.46
18.58
13.48
18.9
15.69
21.52
26.98
25.16
17.72
22.38
20.63
16.75
14.64
17.4
17.54
18.5
21.85
28.03
30.44
26.18
16.69
15.92
16.53
18.56
13.56
17.67
21.9
14.94
12.58
12.96
5.67
7.19
16.8
19.83
9.96
12.09
15.79
17.46
17.33
16.97
19.27
19.99
23.23
20.4
15.91
22.06
23.62
15.12
21.33
21.93
15.66
21.49
20.43
16.01
20.7
16.34
11.48
15.62
23.74
24.84
12.52
23.98
21.27
10.23
23.03
24.34
15.99
25.68
21.79
4.52
14.52
2.7
12.99
19.3
20.48
15.39
20.95
24.49
20.49
20.64
18.25
19.39
24.73
25.45
21.8
20.95
18.23
20.99
25.98
23.47
16.96
11.64
7.19
19.59
18.74
11.17
16.76
18.83
16.53
23.73
24.19
13.26
15.66
21.59
21.33
20.36
18.09
15.28
14.14
19.11
16.84
8.66
20.27
20.52
16
22.76
18.85
11.21
15.72
19.02
17.87
15.15
10.62
5.96
10.59
14.68
17.07
11.36
6.16
4.81
12.11
12.53
17.38
14.51
17.38
21.38
14.51
16.67
19.63
8.05
14.06
12.24
11.25
16.9
18.85
21.35
23.83
21.9
18.2
12.38
17.7
18.52
16.6
19.44
10.64
-0.31
14.71
17.58
8.11
-3.98
16.18
19.44
16.68
14.31
14.73
15.28
16.2
19.62
21
14.87
-1.03
5.09
4.44
7.8
6.19
8.25
12.93
9.79
14.4
15.75
12.57
6.69
6.92
11.88
13.21
6.02
20.42
19.57
9.45
3.74
8.69
5.82
7.11
6.64
1.64
8.91
17.72
19.89
17.93
11.27
4.44
9.07
9.22
17.35
17.54
14.94
19.74
19.91
17.79
17.14
16.78
19.74
21.29
19.22
13.67
8.74
14.33
14.24
9.43
10.06
7.34
17.46
11.78
19.77
22.21
15.65
16.55
21.79
20.67
24.5
23.09
20.8
18
22.62
24.28
21.28
0.18
12.76
14.09
15.41
22.29
24.46
21.52
18.73
10.04
14.17
11.09
15.3
25.99
27.09
20.63
14.13
16.9
19.33
22.14
21.86
20.04
17.4
16.43
18.51
21.66
18.08
14.37
22.62
20.38
-12.09
19.76
20.92
19.93
17.3
20.43
24.52
21.9
20.16
19.6
10.58
18.91
25.6
24.86
19.2
16.54
19.97
19.71
19.81
20.06
10.49
25.67
27.96
24.21
21.68
18.32
9.83
14.13
3.55
12.41
16.73
13.49
18.09
20.08
13.8
7.29
13.25
17.41
24.51
21.49
19.36
24.1
27.11
27.97
28.37
26.47
23.64
21.8
21.83
25.7
19.45
1.37
5.76
6.99
11.97
15.6
15.75
19.76
19.67
20.06
20.71
18.03
13.42
22.5
20.55
15.94
23.47
27.53
26.15
20.07
16.75
5.91
13.16
4.9
18.17
21.13
10.51
12.56
14.7
16.28
15.75
19.6
23.41
21.38
17.63
9.06
16.62
20.27
14.26
18.89
20.75
19.1
9.31
12.91
21.21
24.73
21.5
14.34
11.11
13.49
12.81
4.14
17.12
17.37
17.18
20.66
16.42
13.88
17.17
14.96
17.05
25.1
22.69
-5.84
20.66
23.51
19.32
22.84
22.05
20.29
17.49
19.29
14.44
20.15
20.95
16.85
12.22
16.51
17.66
15.14
8.03
8.14
11.33
23.2
25.78
20.8
20.83
23.18
17.13
8.71
14.01
25.75
25.57
23.03
18.51
21.05
21.29
12.7
19.3
21.96
21.88
22.51
19.5
20.19
20.64
14.56
22.25
26.46
23.9
20.02
21
21.08
19.68
21.67
23.49
20.96
17.54
24.86
26.51
24.33
22.68
22.75
22.01
24.64
23.41
19.34
18.98
23.42
25.3
25.29
22.76
13.9
11.84
17.91
26.49
27.14
24.34
22.91
19.23
12.43
11.97
17.93
14.35
20.58
22.12
19.98
10.73
10.63
17.98
14.51
10.16
19.12
21.38
18.9
20.03
19.88
17.03
16.62
7.91
17.67
22.38
19.65
19.09
24.17
22.97
21.39
20.88
17.31
16.8
19.36
20.26
19.79
19.29
20.63
24.24
22.02
14.2
20.39
16.52
14.22
20.6
17.61
8
9.1
9.65
-2.88
12.94
10.19
16.03
18.35
18.95
13.17
5.63
-6.8
4.57
12.25
13.68
20.55
24.37
22.12
19.57
16.31
13.67
16.27
14.1
7.3
-4.2
-4.26
14.78
18.76
7.47
14.9
17.08
18.33
17.23
19.35
19.56
14.12
10.03
-1.39
9.75
9.76
12.27
10.89
15.64
16.25
13.69
17.57
19.28
16.33
9.68
11.04
15.85
16.9
10.48
5.81
15.28
17.35
6.71
12.61
16.01
14.46
11.78
16.14
14.15
17.52
18.75
17.56
11.71
17.24
18.15
0.73
17.73
15.21
4.52
12.27
21.93
22.09
17.82
18.65
19.77
10.64
6.26
3.44
18.43
21.24
20.32
17.14
15.66
13.56
9.93
17
17.13
13.45
1.43
15.13
15.93
18.85
22.68
23.43
20.28
12.58
-0.26
14.22
19.89
20.15
16.57
19.01
12.8
15.89
22.02
25.62
20.9
1.07
16.43
21.79
25.08
24.97
24.09
24.35
25
22.39
-0.18
14.09
20.12
13.66
12.58
17.43
23.2
24.89
25.25
23.81
13.3
21.41
21.93
9.47
23.46
27.94
27.78
27.2
26.79
25.54
22.79
19.64
24.64
26.22
24.15
21.51
15.84
8.43
4.55
5.76
15.18
15.78
17.4
21.59
12.27
24.55
27.13
27.37
23.06
17.73
20.68
18.3
24.77
26.36
22.6
14.68
13.27
4.52
11.04
8.95
2.77
3.27
15.83
20.3
22.03
20.53
20.79
23.34
23.29
23
21.62
22.42
19.92
19.4
19.29
20.33
25.45
26.45
24.05
18.42
17.32
21.02
22.67
25.97
27.07
22.33
-3.89
13.35
21.45
24.45
21.99
14.12
16.35
16.1
12.63
7.93
13.54
19.18
21.38
19.26
16.68
23.27
25.71
26.4
24.51
22.71
22.9
22.88
22.7
22.83
23.01
24.01
26.29
28.02
24.68
20.23
10.51
13.42
25.24
27.83
24.28
15.84
12.02
20.1
21.36
14.72
12.46
22.15
27.75
29.17
25.19
21.69
17.19
17.81
17.01
11.35
11.06
16.4
28.08
31.02
26.88
24.48
25.26
23.75
23.81
20.51
20.21
29.34
32.55
29.43
20.53
24.66
30.2
28.98
23.35
13.05
16.31
22.99
22.71
21.93
19.63
19.94
19.13
20.44
4.97
24.54
23.49
20.27
30
30.24
26.34
22.93
23.59
14.88
38.9
45.94
43.22
29.92
22.13
23.7
20.86
20.31
19.2
24
21.65
21.62
18.39
15.36
14.77
20.38
26.94
28.43
26.97
22.34
18.51
25.23
29.12
27.83
23.59
17.5
21.19
38.67
45.37
43.64
30.79
26.58
28.81
24.57
20.66
20.78
20.1
15.28
15.03
22.45
25.65
21.81
23.75
26.96
26.64
22.88
21.85
6.62
14
26.82
30.25
23.26
18.73
23.93
25.25
22.09
17.71
10.22
9.25
18.68
23.5
23.12
3.75
20.56
25.7
23.41
19.93
3.64
23.56
23.27
23.27
23.08
8.02
5.52
14.42
9.43
15.47
22.2
23.03
27.18
37.62
42.01
37.7
24.39
20.23
18.39
22.6
19.99
17.73
16.55
13.66
24.51
30.95
34.19
31.67
23.58
20.42
21.45
21.26
22.7
23.5
12.99
17.71
20
23.9
22.22
9.89
21.69
26.03
29.42
36.91
42.86
41
32.78
24.55
22.99
28.28
29.3
25.78
21.93
8.73
16.04
19.05
10.39
22.57
27.1
26.3
22.82
19.17
23.23
20.98
14.01
24.51
27.31
21.21
13.03
4
9.89
16.86
19.24
11.6
19.53
24.37
21.92
19.79
19.78
16.01
12.28
21.73
18.18
11.07
13.93
18.91
9.98
14.42
19.55
19.46
18.55
25.65
28.51
28.02
32.65
42.66
45.1
38.86
22.8
21.34
24.86
24.15
23.82
27.05
28.78
23.59
16.58
15.19
11.52
17.48
21.13
23.22
21.65
18
18.62
20
17.39
17.22
14.86
16.61
16.64
16.01
12.5
15.84
19.98
21.18
19.81
15.64
22.67
29.55
31.21
24.81
21.18
20
12.83
18.76
20.44
17.67
8.26
24.4
28.85
20.74
19.71
15.52
11.21
17.69
13.56
10.38
11.07
23.36
25.58
18.57
24.8
25.93
21.47
24.75
29.07
31.29
29.98
24.5
22.87
23.72
19.66
22.45
26.49
24.32
20.5
36.98
41.16
37.1
27.74
28.69
25.7
17.25
24.83
28.11
32.29
34.64
36.71
34.12
26.08
21.1
10.12
20.05
24.57
30.84
35.64
39.14
36.48
33.6
34.68
33.35
25.57
23.88
15.98
27.4
33.69
35.82
33.17
27.98
30.46
27.48
17.71
17.41
26.06
14.61
27.4
23.91
21.33
24.58
32.88
33.4
28.33
23.65
25.12
36.03
37.19
32.11
29.77
33.2
32.38
27.62
22.58
25.15
20.46
20.7
31.82
34.81
34.29
32.69
29.06
28.42
23.46
25.69
31.54
27.93
31.48
33.7
28.16
33.57
38.35
35.02
24.58
26.35
28.32
29.27
42.76
47.33
41.58
29.45
29.14
17.26
1.7
24.13
37.25
46.2
46.51
36.11
32.12
36.23
35.54
32.74
29.84
31.58
33.25
34.06
29.26
23.11
33.65
34.4
35.43
35.72
34.24
34.88
34.63
29.63
30.04
33.15
36.3
37.72
34.76
30.93
32.28
35.56
33.23
31.22
33.9
34.46
35.22
34.28
27.6
16.6
28.38
30.61
28.59
29.33
27.28
32.47
33.25
28.73
28.84
30.61
33.25
33.89
33.98
30.01
28.62
32.52
33.27
32.61
26.84
27.95
24.84
33
32.26
29.86
32.83
35.49
33.9
29.83
32.7
35.32
34.27
31.51
33.9
32.86
32.67
33.67
32.32
32.77
32.17
33.71
33.75
33.84
33.31
31.74
34.3
32.79
28.9
22.87
21.26
21.34
24.94
28.6
29.7
30.25
28.06
17.52
30.06
29.82
29.03
31.45
33.42
27.87
26.34
29.24
27
29.85
28.73
28.87
31.24
24.36
30.64
35.94
35.44
33.05
29.28
26.15
27.15
28.75
29.46
28.68
30.85
30.7
26.89
28.12
29.94
25.66
22.78
24.51
25.13
24.28
25.76
28.04
29.75
33.59
32.9
28.5
21.99
27.83
34.09
34.92
30.6
25.98
21.57
26.6
30.97
27.78
16.91
17.69
22.2
24.82
31.14
31.33
28.55
26.26
26.86
26.75
27.11
30.43
29.72
24.75
13.6
17.59
9.45
25.96
26.83
24.44
22.66
25.89
27.28
25.96
26.21
30.22
33.12
32.6
27.01
22.02
18.89
24.05
25.54
25.82
26.85
28.13
25.88
27.51
28.05
19.25
19.15
24.62
17.51
14.58
15.02
11.76
20.32
25.3
25.22
24.23
21.65
19.35
19.63
14.49
22.66
22.21
17.53
24.58
29.15
28.45
25.07
25.71
26.08
22.73
20.97
27.07
29.76
28.13
24.38
19.39
22.67
27.87
29.83
27.45
25.33
22.1
13.27
15.59
12.67
17.64
22.96
26.25
25.55
26.59
26.84
24.01
19.6
21.33
25.42
23.99
19.85
19.99
22.49
20.57
17.24
14.31
18.63
12.44
20.16
25.49
21.62
20.81
22.39
20.56
25.22
26.15
21.54
8.51
8.8
11.1
10.2
11.78
13.82
24.2
25.34
20.59
18.1
20.79
17.82
22.97
21.85
19.87
22.54
18.61
19.99
24.39
25.96
23.98
23.09
22.43
24.22
23.35
20.27
18.75
11.18
19.3
24.83
24.19
22.73
25.51
27.05
25.84
23.75
20.01
19.54
23.96
25.66
26.38
26.31
22.9
19.15
17.31
21.37
22.72
18.22
14.51
15.03
21.59
13.78
21.01
24.47
27.36
28.71
25.7
20.15
19.42
10.66
18.47
20.87
22.37
24.24
18.75
18.62
22.09
25.48
23.39
12.84
22.51
24.62
13.75
23.2
25.23
21.4
25.24
19.8
3.56
19.08
26.24
27.96
24.37
11.06
18.76
21.75
17.18
24.79
23.1
24.99
31.02
29.27
24.49
20.9
18.92
13.26
23.52
27.27
26.5
13.59
23.65
28.63
27
19.48
21.49
22.29
21.01
24.68
29.99
29.85
24.32
21.05
26.49
27.29
27.17
26.41
26.9
23.49
26.63
24.69
21.12
23.46
30.94
33.1
30.39
20.47
8.28
21.57
35.33
39.17
33.55
11.05
24.49
27.17
25.76
22.69
6.47
7.59
9.96
22.97
23.59
19.86
21.56
22.62
20.18
22.91
24.64
26.33
26.28
27.21
30.18
28.17
23.71
26.42
25.56
21.55
18.69
25.56
23.7
11.83
27.3
29.63
17.62
26.64
30.26
26.92
21.12
25.68
28.61
29.52
25.41
17.64
15.79
14.3
23.73
28.68
23.81
18.45
19.96
16.57
13.33
19.82
22.1
14.63
18.94
24.14
21.32
23.85
27.49
25.73
20.04
-0.21
-3.95
17.88
26.73
28.78
27.68
22.83
20.34
24.2
20.67
21.41
29.17
26.96
19.35
22.42
24.77
16.69
10.73
18.58
18.89
24.88
27.5
23.31
20.63
22.92
20.55
17.72
16.54
19.74
22.37
23.17
20.58
23.34
25.6
22.21
15.12
10.16
16.64
22.85
21.59
17.65
15.36
25.18
24.62
25.78
19.02
24.4
26.44
23.03
15.73
10.11
21.22
18.11
27.43
30.24
26.85
20.12
16.12
22.12
21.17
22.83
22.36
20.72
19.7
15.73
16.55
22.01
19.96
19.91
24.32
24.3
24.28
26.25
23.88
26.7
24.79
18.83
26.43
28.42
26.38
19.63
14.48
22.71
24.47
21.35
28.22
26.67
18.84
12.45
19
21.18
17.87
9.05
21.29
24.08
14.85
14.4
13.83
25.24
27.39
23.11
18.28
18.83
11.96
16.61
11.53
19.06
24.42
20.93
21.02
18.16
21.82
24.48
16.67
16.39
22.08
19.92
9.74
19.22
26.01
27.02
21.21
15.65
25.4
23.59
18.24
17.97
14.05
19.49
20.67
20.89
23.74
22.97
19.43
21.49
18.61
14.96
21.68
19.39
17.32
21.79
20.79
21.59
24.43
21.84
13.71
14.6
9.6
16.26
19.86
17.26
20.91
19.53
13.78
10.6
16.73
21.75
20.31
20.61
24.23
25.65
22.4
19.91
19.22
18.11
10.98
10.02
16.37
16.58
6.18
15.59
15.54
12.85
15.28
10.76
15.58
13.48
21.26
22.51
15.62
14.09
20.46
20.79
8.26
10.51
18.28
23.7
19.3
11.5
10.46
12.17
0.8
20.27
21.66
17.91
18.7
20.29
23.6
23.62
19.45
2.67
17.36
19.37
24.37
24.56
22.1
20.75
20.63
17.34
19.61
24.02
23.12
18.12
22.61
19.39
10.17
-3.61
13.26
20.01
22.21
19.39
16.04
9.53
15.39
22.65
17.14
17.35
18.86
15.8
17.44
19.76
20.01
16.34
10.32
16.65
22.66
20.97
21.23
23.36
18.37
7.85
21.96
25.61
24.45
19.27
15.12
21.23
22.34
18.55
25.37
26.67
22.33
20.08
16.87
7.84
7.4
16.01
18.61
15.04
23.11
14.25
22.85
27.43
18.21
20.75
21.04
15.98
11.45
11.34
21.67
23.44
24.1
19.18
19.96
25.21
20.73
22.53
23.32
0.43
18.27
20.08
23.78
20.62
6.31
15.92
20.4
22.47
21.64
0.72
15.09
16.23
22.66
24.29
19.79
15.56
13.3
4.76
9.59
18.89
21.6
19.97
13.14
18.76
25.47
23.64
20.64
22.25
14.56
21.13
24.52
22.86
21.09
10.29
22.59
23.77
9.37
18.74
12.71
17.72
22.8
25.28
21.35
13.23
11.72
8.55
21.99
28.36
27.02
15.5
12.59
19.79
28.42
29.38
21.26
20.71
18.51
22.67
25.17
13.95
21.3
22.27
19.45
25.99
25.57
14.39
11.92
17.16
23.71
18.1
13.18
14.07
22.14
18.68
22.4
26.46
22.42
12.71
14.48
24.76
25.01
18.1
23
21.95
10.37
17.15
19.53
6.29
9.91
21.43
21.97
21.83
30.43
29.31
15.11
18.82
24.03
27.21
22.43
12.7
16.33
9.15
20.93
19.34
6.78
12.05
11.21
13.82
17.55
15.54
17.62
21.67
24.75
25.02
15.36
22.03
27.12
26.2
22.36
21.15
19.24
21.48
19.59
22.2
13.29
31.07
36.45
32.96
22.1
24.88
22.95
19.43
23.31
24.48
20.34
20.36
20.51
10.63
8.34
18
18.24
18.13
13.19
18.14
23.24
25.98
21.77
24.71
28.47
18.55
23.56
22.66
10.3
19.02
21.78
23.12
2.89
22.54
22.32
19.94
19.4
9.66
24.21
25.04
15.32
6.56
13.28
17.1
15.2
21.48
24.96
25.76
24.31
23.59
21.71
23.04
24.15
19.86
19.13
21.57
18.76
12.47
20.35
20.46
3.77
13.71
15.04
18.5
23.26
22.06
22.87
20.61
23.19
23.69
20.32
14.72
13.25
14.96
20.39
26.83
27.52
23.99
19.61
18.39
21.1
21.9
13.93
12.58
17.06
16.73
19.39
21.72
21.44
21.25
24.45
24.57
23.4
22.77
23.69
18.33
23.71
24.36
17.99
18.18
23.26
22.7
23.67
24.89
18.79
16.82
20.84
21.59
18.19
11.66
18.09
18.17
20.39
16.35
17.38
18.6
14.34
2.12
14.63
18.63
17.96
19.1
22.35
17.26
22.05
24.07
16.57
16.61
22.59
22.77
21.84
21.46
17.93
0.39
21.28
23.17
14.96
10.01
16.74
18.25
18.38
18.86
18.48
13.06
15.31
20.44
16.27
17.32
20.86
21
18.31
16.94
22.63
23.12
1.57
23.41
22.59
19.78
21.54
20.83
16.16
10.06
20.95
23.97
18.8
15.29
16.34
7.56
6.89
19.27
22.09
17
10.43
16.84
14.99
19.3
21.72
21.82
14.61
21.34
24.96
23.1
23.19
25.12
23.59
16.43
14.01
22.67
21.81
21.22
21.47
15.21
12.23
18.14
15.45
8.39
7.46
17.26
23.85
25.27
24.75
22.25
17.59
20.95
22.11
23.76
23.69
22.44
21.93
17.61
10.82
16.95
20.87
22.02
20.64
21.41
20.98
19.33
17.13
21.42
20.28
18.03
6.49
7.35
6.81
16.56
13.51
16.18
16.8
3.01
11.14
14.89
16.64
20.27
25.44
29.27
28.17
17.71
15.18
14.05
-26.12
14.75
18.39
7.38
16.14
16.57
12.37
11.54
4.65
11.06
18.1
20.99
20.87
18.92
22.61
21.44
13.84
17.24
19.86
19.07
17.26
16.98
17.82
16.77
14.81
5.8
13.59
12.85
7.75
16.72
15.08
5.83
5.29
7.75
15.05
17.25
14.1
9.17
8.68
7.57
5.85
6.15
4.09
3.19
-6.09
-5.14
14.59
17.39
12.25
5.56
8.39
17.1
17.42
12.83
12.86
17.95
18.67
14.27
17.76
18.11
16.27
11.34
12.39
17.26
17.36
14.31
17.32
18.44
18
18.07
17.98
14.79
13.33
22.44
24.99
22.51
14.4
11.01
8.83
12.53
9.84
14.02
6.33
16.28
19.12
15.9
11.04
13.31
15.52
14.04
-7.03
12.47
16.66
19.4
20.42
19.51
9.32
17.99
21.29
17.8
11.71
13.91
11.04
-1.18
15.8
17.01
15.2
15.38
15.98
15.44
6.1
14.78
19.69
17.83
3.6
8.31
12.08
17.37
14.16
3.6
11.36
7.04
17.03
21.47
21.35
22.63
23.19
24.13
24.08
19.95
7.03
14.64
11.59
11.04
17.61
18.42
15.06
14.72
15.95
13.47
3.76
17.7
17.62
11.58
12.95
17.05
15.4
13.92
8.67
6.8
17.4
20.24
12.45
19.34
22.08
19.14
13.67
5.25
11.43
11.96
3
13.2
20.23
21.03
13.08
14.96
14.78
-4.71
13.55
17.37
17.62
13.01
12.97
18.82
19.59
18.92
15.65
6.51
16.06
19.56
19.06
17.17
16.49
13.82
12.89
15.1
15.99
10.58
7.3
14.7
18.39
20.04
20.84
20.81
15.33
7.92
10.81
4.78
-2.58
7.94
17.29
18.47
13.64
6.65
13.84
20.19
20.79
16.97
16.92
18.23
22.46
24.86
22.63
16.77
15.33
11.79
11.74
17.37
16.88
15.36
14.95
10.84
18.23
17.99
11.13
2.8
13.33
18
16.53
12.77
8.85
6.52
14.08
19.57
19.77
18.63
19.49
19.83
17.5
10.8
-2.58
10.33
10.37
10.71
9.56
5.85
11.45
15.55
14.74
3.61
16.98
18.8
10.52
10.62
8.67
5.21
4.52
-3.68
7.96
8.46
6.9
13.4
12.38
4.61
8.3
12.48
12.36
8.26
11.36
12.64
12.13
5.74
8.15
7.42
-4.08
12.98
19.05
18.04
18.78
19.7
15.83
14.18
15.77
12.79
1.77
12.76
20.55
23.28
20.48
13.1
14.13
14.34
9.61
11.16
18.94
18.99
16.4
13.78
12.69
13.38
16.33
15.84
12.65
19.91
21.79
19.91
18.57
9.83
12.03
16.05
6.64
14.87
16.31
12.84
19.03
22.85
20.15
18.38
22
23.76
19.38
13.79
19.54
22
19.94
12.92
10.49
5.09
2.8
9.08
16.6
23.79
24.31
19.96
8.69
20.24
21.39
17.88
12.03
18.52
18.49
19.5
18.77
17.36
19.39
21.56
16.29
13.04
12.02
18.55
17.89
16.39
13.99
16.96
19.73
16.51
18.2
11.22
16.44
18.17
16.23
15.18
16.06
16.51
17.18
10.37
12.12
15.82
13.23
10.42
14.42
14.91
9.79
7.43
12.62
9.88
12.86
16.11
10.45
12.18
9.61
8.72
6.13
14.14
12.83
12.66
4.86
14.49
15.7
8.73
12.98
14.39
8.32
5.41
15.62
19.19
16.72
9.98
4.1
10.37
18.04
19.53
19.93
20.26
19.48
15.03
6.97
12.03
14.59
11.16
5.1
10.56
11.74
10.88
11.1
-2.65
25.5
20.2
3.12
11.81
13.34
11
4.42
6.92
-0.1
12.75
17.75
16.51
14.19
17.99
17.75
-1.49
12.73
12.95
16.56
16.87
11.59
12.95
15.15
18.16
17.63
1.47
18.57
23.59
24.76
22.61
13.14
13.52
20.75
19.76
3.57
10.7
16.68
13.37
16.1
17.95
16.95
20.99
21.77
14.21
11.11
15.4
19.61
23.82
20.37
13.32
21.32
18.61
9.26
17.62
19.66
15.36
-6.83
7.54
12.76
16.36
-1.14
19.4
20.33
9.52
17.12
13.51
8.98
15.79
16.64
19.47
20.66
18.49
13.39
1.04
14.21
14.54
16.25
18.61
16.3
14.12
9.26
0.05
9.95
9.9
10.86
20.73
22.92
24.45
26.54
23.96
16.31
15.71
18.84
15.24
15.44
14.6
9.41
14.28
14.39
12.93
10.26
17.21
19.37
20.15
22.66
20.43
15.41
14.73
7.3
4.1
14.84
20.03
19.48
13.43
13.86
12.85
8.01
10.4
12.88
17.15
16.22
15.56
13.32
14.73
14.52
15.31
17.58
9.98
8.55
16.7
16.73
5.99
14.07
10.63
17.51
12.21
7.07
4.71
9.5
14.62
13.97
10.38
6.2
10
9.51
10.53
15.6
18
1.53
18.09
16.83
6.74
15.83
9.69
21.08
19.86
15.6
16.36
16.46
20.34
19.6
12.05
10.79
15.36
16.17
17.35
16.17
19.89
16.23
1.7
0.13
15.91
17.41
14.53
14.32
15.03
18.25
16.55
9.53
15.42
16.31
20.31
21.73
22.11
21.38
20.42
19.41
11.54
5.69
9.91
18.84
18.55
18.7
18.9
8.05
7.23
16.69
23.91
25.57
23.41
13.8
7.49
11.86
10.84
7.8
7.58
1.82
15.62
20.27
15.22
0.57
14.74
21.99
22.87
20.38
17.01
20.1
22.05
18.08
16.96
14.62
18.39
19.22
20.44
20.42
19.79
22.6
21.38
11.99
20.24
24.29
23.25
20.26
16.15
12.46
18.88
17.77
19.03
20.91
19.5
14.75
9.58
15.94
21.14
22.17
17.5
9.2
14.07
17.77
11.74
15.33
17.67
14.33
13.69
16.38
18.93
20.66
20.65
18.16
11.33
13.47
21.42
23.63
22.14
16.24
15.39
11.12
18.7
18.66
12.83
20.54
22.33
20.45
13.64
15.2
18.81
20.2
20.28
17.04
9.54
7.01
14.71
11.81
15.57
17.95
17.12
15.63
13.76
13.41
15.53
11.59
14.55
18.85
17.92
17.6
20.2
23.58
25.55
25.13
22.79
19.14
17.01
17.16
13.45
12.68
14
15.31
19.84
18.69
16.13
19.08
19.38
14.44
4.74
5.91
13.96
11.21
10.53
18.13
18.32
13.56
12.17
18.77
18.94
18.05
15.64
11.67
9.6
12.26
15.62
20.75
18.21
19.31
20.3
18.36
15.75
9.78
14.25
19.06
20.1
13.28
9.6
10.55
-1.88
11.92
11.86
-7.68
13.08
15.09
18.12
19.93
17.38
16.37
17.99
18.27
20.57
19.12
12.56
10.08
11.25
-7.29
11.74
2.24
19.37
21.77
16.16
10.87
12.13
12.09
19.47
18.6
16.97
16.94
13.76
15.08
14.42
7.69
15.45
23.22
25.62
22.41
13.28
14.3
15.5
15.83
21.51
20.96
16.22
13.9
9.35
16.06
14.61
13.21
15.82
18.45
20.09
19.28
16.02
-8.46
12.76
15.12
8.93
16.45
17.27
2.71
15.27
18.38
13.03
12.28
15.96
18.5
20.49
14.33
14.43
3.28
12.33
11.48
7.88
13.83
14.77
7.12
18.08
20.4
18.46
17.04
10.92
18
21.49
18.14
8.44
9.33
17.28
14.46
13.01
14.84
12.41
7.88
12.08
14.17
9.97
2.28
3.84
7.72
-8.59
6.47
8.23
11.79
7.02
4.57
3.61
10.94
8.42
3.64
8.69
5.77
13.76
16.39
15.36
13.48
5.89
-9.8
3.3
5.64
9.9
15.95
16.97
13.25
7.52
13.35
15.7
18.41
19.01
16.75
15.42
16.17
15.14
19.14
19.28
20.1
16.93
12.39
12.4
-6.65
9.96
4.67
11.97
15.04
12.97
17.9
14.97
15.47
21.71
21.05
14.59
14.36
9.55
13.99
6.72
12.54
11.15
5.32
7.39
18.52
21.39
17.43
11.37
14.6
6.38
11.54
15.67
13.78
7.1
18.17
20.87
20.37
18.04
13.38
-5.66
15.49
16.87
5.7
9.55
12.99
17.11
19.66
21.74
17.06
-0.36
7.23
12.98
16.73
18.25
17.22
12.46
13.42
8.22
9.15
13.09
19.71
17.8
10.36
11.86
19.09
19.1
12.14
11.63
8.87
9.1
13.85
13.37
12.99
6.72
12.08
16.42
14.75
12.17
14.91
6.76
3.57
2.67
3.86
8.44
12.86
8.88
14.15
9.02
15.85
18.85
12.47
18.3
16.58
11.16
6.11
12.97
19.14
17.8
9.66
9.63
12.77
3.21
5.26
7.46
0.44
10.51
15.83
20.47
18.26
9.9
16.76
20.6
20.02
12.66
4.8
10.35
10.69
16.48
17.74
14.77
16.1
15.22
20.75
21.49
15.1
5.31
6.95
13.52
13.43
10.54
14.6
14.85
16.63
18.62
18.74
18.96
17.77
8.15
16.45
13.8
16.43
13.99
18.13
14.76
7.39
10.53
15.13
16.94
13.75
13.37
11.68
12.29
16.5
13.06
14.73
13.98
6.02
11.76
11.16
0.36
9.93
8.96
0.47
12.52
16.99
15.19
16.35
17.85
17.15
17.62
17.08
10.31
10.07
9.98
11.03
7.09
12.06
17.62
15.46
15.69
11.74
4.67
2.23
10.73
13.53
3.61
3.42
9.1
-1.79
9.25
9.72
-2.41
6.5
0.51
14.93
21.73
22.2
19.84
15.6
11.08
5.93
15.97
13.55
12.35
15.47
12.06
16.84
21.73
23.23
22.47
20.36
14.12
11.88
3.24
5.06
10.51
7.38
12.24
17.45
18.48
17.07
16.29
12.1
3.92
13.57
11.49
5.13
9.34
16.6
11.35
10.98
16.38
9.19
1.3
15.17
19.44
15.84
15.86
19.04
14.07
4.6
11.58
12.8
15.3
19.21
17.77
8.5
-4.98
13.43
18.69
16.17
14.8
17.06
16.41
15.65
16.53
17.44
18.57
16.46
11.19
8.74
15.13
16.35
14.06
5.93
13.56
13.63
-0.38
12.28
4.36
2.86
-7.89
14.66
18.05
14.6
5.85
12.08
10.24
1.77
-6.99
7.32
14.25
12.45
16.98
17.02
8.17
8.98
6.84
16.42
22.09
19.84
14.18
12.2
8.21
3.2
11.61
16.33
16.67
13.09
10.18
6.62
5.11
5.16
6.82
9.16
10.05
6.92
1.55
10.81
10.26
14.06
17.27
12.03
12.13
16.46
17.34
14.01
15.34
12.91
12.55
3.1
15.85
18.19
18.42
15.67
16.09
9.4
11.57
17.6
10.91
15.93
14.67
9.95
13.41
13.39
13.25
13.97
16.17
14.11
7.13
13.13
3.91
5.45
6.36
6.18
10.05
15.8
16.73
15.15
15.42
12.17
-0.06
12.38
13.82
2.24
15.26
17.49
10.13
9.53
15.47
15.63
13.87
16.2
15.87
16.76
19.39
17.99
13.69
8.82
5.65
12.03
18.44
17.29
11.42
11.17
19.03
18.86
11.87
17.73
17.45
10.56
6.41
7
13.19
13.7
9.73
18.54
17.74
16.11
10.12
16.97
22.04
18.28
9.98
15.51
15.58
11.12
7.85
5.99
10.2
-1.15
12.7
18.17
21.7
19.75
13.36
11.37
9.65
-7.32
9.27
14.85
13.64
10.36
10
7.41
6.3
3.71
10.01
0.3
9.77
11.55
16.41
17.42
16.66
11.5
12.93
18.2
15.67
10.65
1.14
12.05
16.24
16.7
20.49
20.65
14.56
9.89
12.77
13.05
16.15
12.97
11.29
5.23
13.74
13.9
3.53
11.25
12.45
7.5
17.85
12.03
4.27
7.73
10.4
16.3
17.79
20.7
21.58
19.86
15.05
7.88
12
10.19
9.11
12.08
12.09
18.46
15.5
18.53
21.34
11.63
5.58
15.17
19
15.93
-2.18
9.35
1.49
10.04
10.6
8.81
7.6
8.55
13.38
15.48
13.28
16.38
16.3
14.4
15.19
16.38
13.38
13.51
13.06
-8.53
14.78
13.93
2.48
15.26
17.92
17.05
15.67
2.86
9.07
11.64
10.34
14.58
16.13
12.69
16.86
12.34
14.96
14.9
11.34
14.62
10.92
8.78
18.64
18.3
3.33
14.14
18.53
19.72
17.18
10.48
17.29
19.31
15.12
9.6
2.52
9.73
16.38
16.87
10.73
7.92
13.08
11.1
-2.06
7.85
14.32
14.43
-2.64
13.47
11.49
3.86
11.72
18.79
14.17
14.29
16.16
9.33
14.83
19.03
17.68
13.24
14.84
17.23
15.77
11.06
9.33
17.88
14.22
8.54
10.9
5.73
9.43
11.75
8.69
11.06
17.05
16.99
6.05
-2.69
5.44
16.1
13.08
8.13
15.62
8.76
8.35
7.47
18.57
17.33
11.36
8.01
7.26
15
16.37
15.61
14.4
14.55
16.49
9.95
11.41
12.53
11.79
9.74
8.12
15.09
15.86
12.29
4.57
3.6
10.86
14.23
18.24
16.97
16.74
16.06
16.26
15.01
17.06
11.96
14.97
17.57
17.18
16.25
13.86
9.89
13.6
17.77
16.99
11.48
16.23
19.73
15.9
6.24
17.41
16.02
-3.28
9.75
11.76
4.1
13.99
10.3
11.34
13.96
13.48
11.83
14.82
15.9
12.59
16.72
17.04
13.12
11.75
3.92
13.34
15.43
7.29
1.77
13.11
9.49
11.9
15.81
11.88
15.52
8.55
9.12
15.46
15.77
16.7
17.1
11.73
11.31
15.35
13.4
6.53
8.41
-18.33
8.55
11.98
14.99
13.5
1.1
0.9
4.38
7.03
9.89
4.17
9.18
6.29
7.67
11.88
14.16
12.82
13.35
12.85
4.44
11.99
14.73
9.93
10.53
15.04
13.18
14.74
15.86
15.48
9.79
11.49
14.88
9.54
10.27
12.74
-3.05
10.29
15.17
14.31
7.87
-2.12
11.63
13.91
11.03
13.36
5.47
4.38
9.82
17.16
17.56
-5.62
15.58
12.14
3.12
3.18
10.22
13.48
16.99
18.33
18.11
17.11
13.78
7.57
7.19
8.5
6.38
9.1
8.04
13.02
16.36
16.48
15.24
9.3
5.3
11.16
11.72
7.26
2.62
5.42
6.97
10.93
12.78
11.12
11.28
12.52
13.4
13.36
8.05
2.18
11.21
18.01
19.93
19.17
18.4
16.63
15.13
17.8
13.36
4.31
1.4
4.9
4.57
14.43
14.17
10.34
13.05
17.09
18.9
18.95
18.19
17.63
14.03
13.29
15.05
8.62
7.3
13.65
16.68
14.35
9.92
12.72
14.15
15.05
15.19
13.17
8.97
10.16
5.57
8.38
12.85
13.95
16.85
18.51
19.27
19.12
19.75
19.59
19.68
20.74
19.2
13.94
12.9
6.77
9.78
14.98
18.07
17.32
16.11
17.75
14.82
5.66
7.13
7.31
8.76
7.33
10.71
17.88
18.29
17.14
7.65
11.15
13.49
6.64
-5.41
14.09
19.87
18.66
13.03
16.5
17.89
16.33
14.52
14.47
15.4
3.06
10.66
10.86
9.94
9.86
7.26
7.09
14.66
18.42
16.81
16.78
17.41
14.21
8.54
0.07
8.84
5.71
9.27
17.43
19.97
21.25
20.35
15.09
7.44
13.46
14.01
9.45
8.28
9.49
10.46
11.41
12.65
14.46
18.74
20.31
17.92
11.78
-1.38
12.04
15.3
8.53
8.57
18.71
22.28
20.91
15.7
5.46
12.34
12.28
7.3
11.94
17.53
16.78
9.5
16.59
18.79
16.91
18.23
23.18
20.88
11.69
7.01
13.24
15.01
16.1
15.35
15.81
17.87
18.5
18.92
18.44
17.31
17.09
4.87
15.09
18.34
15.44
6.85
-3.66
11.83
19.99
22.93
22.33
18.17
11.54
8.13
5.5
5.23
6.25
13.91
16.43
18.26
18.63
18.98
18.7
17.3
13.04
6.86
6.36
11.11
15.79
18.11
17.32
16.1
19.11
20.91
19.97
15.71
19.69
22.04
17.56
3.75
12.65
15.27
9.99
7.83
14.3
16.61
17.63
16.69
13.73
3.66
10.61
10.12
6.61
14.15
14.02
12.58
14.28
17.6
17.1
21.31
22.64
19.09
12.15
5.76
12.73
12.47
11.19
12
11.92
16.46
19.08
18.89
16.96
16.78
14.36
10.35
9.79
9.24
8
-2.38
-4.08
6.74
9.6
16.21
21.27
22.3
18.58
11.64
13.09
11.69
10.51
7.53
11.73
14.24
11.12
18.58
17.32
11.95
14.68
13.19
13.54
13.41
11.28
8.66
13.91
10.53
8.06
11.24
12.71
6.69
13.33
10.91
6.64
15.04
13.15
9.13
13.2
15.45
13.49
14.81
18.04
18.84
17.65
16.7
13.64
7.94
10
5.43
9.35
11.75
5.01
8.8
14.4
11.19
14.15
15.03
8.25
9.44
13.42
9.62
3.11
11.22
17.81
20.41
17.83
10.9
9.3
2.88
-0.13
4.76
13.74
15.88
16.45
13.35
11.19
-2.72
13.96
14.89
12.33
16.18
17.96
14.08
9.75
14.34
16.93
18.46
17.13
15.92
17.42
18.71
19.12
16.49
12.19
6.68
-4.84
5.66
8.64
3.72
9.43
10.62
8.15
11.19
17.05
18.76
17.28
13.95
12.77
17.45
16.14
5.15
-0.8
7.37
13
13.25
7.88
-2.47
9.1
9.04
7.68
12.34
9.83
14.94
16.2
17.33
15.9
14.97
13.86
12.06
13.05
15.45
17.56
17.84
13.71
9.76
13.44
14.54
15.12
13.68
15.07
14.53
3.51
9.36
14.82
9.04
14.76
19.58
19.55
17.51
13
11.01
15.99
16.98
10.79
12.27
18.33
16.98
14.61
16.71
15.86
14.03
15.79
17.64
15.99
14.24
16.62
16.83
12.94
6.16
7.75
10.47
-0.31
15.42
16.87
12.95
9.47
13.65
13.69
10.93
7.47
-1.32
12.57
14.51
15.46
14.33
15.12
16.45
14.22
4.84
1.12
12.62
12.15
16.73
22.66
20.94
12.6
12.13
6.25
7
9.61
7.29
0.11
4.67
5.49
17.33
19.38
17.2
18.24
12.79
16.53
20.42
21.83
21.03
16.33
4.3
0.59
5.41
12.83
15.14
14.55
15.05
14.44
9.98
7.99
14.9
17.46
16.79
8.07
3.13
12.18
14.1
10.13
14.19
18.08
19.38
19.97
17.82
7.79
6.61
12.67
13.27
13.23
12.35
9.75
12.74
14.9
14.17
12.58
14.18
11.71
6.02
13.1
11.83
5.35
9.51
13.94
15.18
10.08
13.42
13.73
13.5
13.9
16.56
18.48
16.87
12.6
11.62
11.17
12.45
14.79
16.19
17.66
18.18
15.64
9.11
9.87
8.43
-0.09
1.91
12.03
14.84
14.42
14.11
15.82
12.43
3.51
9.98
13.24
9.34
-9.36
4.9
9.66
12.99
12
12.59
15.27
16.67
13.07
4.77
7.19
11.72
13.31
8.45
1.65
8.57
13.65
12.88
4.15
11.7
14.59
12.88
14.92
16.58
13.1
11.07
13.6
10.13
11.03
10.26
13.98
17.75
17.39
12.99
11.12
16.3
19.08
18.05
17.38
14.83
11.78
12.93
12.63
10.16
11.25
12.56
15.67
13.86
10.49
12.27
13.16
14.79
17.01
11.18
5.74
13.63
12.94
9.14
-0.12
11.26
3.45
2.54
7.51
13.04
14.67
12.77
11
8.9
3.58
14.74
16.83
17.08
16.91
14.41
8.64
6.78
5.19
5.58
7.71
11.04
9.16
7.21
9.65
10.45
10.71
11.03
6.72
8.3
12.25
9.1
8.12
10.82
13.93
13.33
12.65
10.18
4.87
-11.92
6.15
14.31
15.18
11.36
11.81
6.69
8.37
-7.46
9.04
1.06
12.41
15.72
12.06
7.87
9.45
13.25
11.34
5.86
4.49
9.17
12.4
14.42
10.25
1.63
-1.96
3.76
6.5
4.98
14.13
14.09
8.14
12.26
7.69
-8.21
-6.26
1.29
3.62
12.98
12.34
8.88
3.93
-6.99
11.33
15.11
13.88
12.68
11.16
6.09
0.92
-7.44
5.24
13.18
13.78
6.54
3.51
11.99
17.73
18
15.15
-3.4
14.79
15.23
9.02
5.12
9.61
10.62
9.56
6.59
9.44
0.71
11.2
16.67
16.77
9.5
16.07
15.52
13.85
14.74
9.14
4.33
12.08
15.65
13.71
3.26
-9.76
12.98
16.64
15.04
8.63
5.27
11.89
14.58
14.47
11.55
-4.64
11.04
0.54
13.92
13.29
10.4
11.57
4.48
3.39
6.55
0.82
-9.89
7.5
10.15
7.97
11.18
7.75
8.09
8.61
3.67
2.81
9.16
10.97
9.21
6.72
-0.07
12.5
10.49
1.5
10.26
7.08
4.92
5.92
13.48
15.94
13.93
15.15
15.63
12.04
1.88
7.13
14.69
14.87
9.77
6.46
13.71
10.67
1.33
9.91
12.54
9.48
8.5
5.85
1.37
-9.57
3.99
4.73
-0.49
10.54
8.9
-8.69
-6.88
8.78
13.91
5.5
6.46
5.9
9.55
14.07
17.89
17.75
14.33
13.57
12.44
10.55
6.42
5.69
10.75
14.6
16.08
16.66
13.72
6.18
8.46
-6.42
9.68
10.91
14.29
16.11
16.04
4.85
9.06
12.74
14.58
14.89
10.67
4.59
12.6
12.89
16.43
17.54
9.84
13.58
15.94
12.83
10.04
4.38
4.99
7.14
12.45
15.93
14.82
1.43
3.58
11.76
14.21
15.1
11.1
14.22
16.79
12.95
10.03
16.65
18.75
11.85
-6.72
10.27
16.89
17.09
14.81
14.88
12.39
10.31
-8.61
12.07
14.24
14.58
11
4.4
10.97
14.81
12.19
-7.39
7.25
12.21
16.84
17.91
14.99
16.14
16.29
14.25
12.13
13.77
11.82
8.62
7.72
12.24
11.27
11.35
15.23
14.6
9.79
5.5
7.83
7.75
5.74
11.38
17.63
12.27
-0.83
7.34
1.12
10.09
14.67
6.49
8.88
12.45
16.65
16.49
9.73
15.08
11.44
10.29
10.09
13.4
14.25
15.34
16.04
12.97
12.83
7.86
1.71
8.29
4.69
13.85
13.92
6.02
7.08
10.61
10.79
13.41
14.35
10.46
4.24
2.17
-7.04
12.38
17.46
16.39
13.27
9.97
-17.91
8.15
11.91
14.15
13.37
10.46
6.89
11.37
14.39
15.88
15.39
9.46
14.88
18.34
20.03
18.87
5.89
13.67
16.61
16.59
16.38
16.52
12.07
9.45
11.59
15.53
12.54
18.78
19.7
17.37
11.53
7.52
13.31
10.24
21.8
22.52
17.75
10.47
17.36
14.41
5.69
0.54
13.77
16.26
7.4
19.71
17.5
10.84
7.2
5
12.44
16.69
17.86
13.4
13.24
13.84
15.76
17.07
16.07
11.41
8.53
7.5
6.75
16.34
18.28
18.36
14.8
2.52
8.81
9.57
11.84
13.52
13.23
10.64
7.48
4.09
10.18
17.57
17.97
16.5
15.15
9.89
9.86
11.05
7.22
11.51
15.62
13
-4.42
8.12
9.57
10.13
10.72
14.73
6.16
11.87
15.84
14.51
-0.51
10.95
3.76
-2.51
3.72
-3.01
0.65
-4.88
10.93
12.49
-6.02
12.73
14.34
11.73
8.67
0.67
4.24
6.37
3.25
3.14
7.82
10.1
11.05
10.1
11.98
13.5
9.31
0.52
5.45
13.64
15.43
13.57
10.73
15.65
15.49
9.39
12.64
14.1
13.31
10.51
6.78
12.34
14.57
11.16
-2.23
3.69
7.23
15.92
13.9
-15.08
11.25
13.1
13.67
17.71
20.92
18.74
8.72
16.01
16.98
16.19
16.33
17.16
11.53
5.68
13.43
16.2
15.91
12.45
10.95
16.47
17.6
18.64
13.77
10.6
18
14
11
9.65
1.67
8.28
3.9
8.81
15.28
17.3
13.86
15.53
18.2
18.51
15.19
10.58
14.72
11.67
10.3
12.28
4.27
8.28
12.66
17.89
18.95
15.26
9.78
5.45
11.84
12.52
17.4
17.68
10.01
4.03
7.7
3.91
8.11
15.32
18.26
20.44
20.15
13.12
12.38
16.69
