-2.68
-0.67
9.91
9.93
0.33
-4.59
8.58
12.51
12.44
12.13
9.5
4.63
-0.34
10.56
15.29
14.57
13.55
13.16
8.12
7.84
9.46
10.87
13.78
14.78
15.57
16.66
16.15
11.98
11.37
10.11
9.05
8.37
13.87
9.53
9.81
7.89
-6.77
6
9.63
9.12
12.93
14.94
14.75
10.72
6.11
10.43
10.78
8.72
11.5
12.24
15.31
8.53
-0.92
2.67
3.13
6.35
10.01
2.21
11.68
14.21
13.47
14.09
14.94
15.94
12.2
4.39
12.39
12.77
12.28
8.11
16.7
18.43
14.24
16.63
14.3
8.97
8.9
1.22
-8.37
6.78
8.04
5.91
12.04
14.22
11.57
10.6
14.84
5.81
7.26
11.73
10.82
7.03
-5.74
10.42
14.49
11.73
5.92
12.9
14.23
14.53
11.36
7.68
9.57
-16.12
11.08
8.66
7.57
5.64
-5.69
-10.63
-2.64
1.49
11.5
12.4
9
3.83
3.97
6.69
3.6
9.12
13.9
6
14.6
19.47
19.14
16.69
7.42
7.19
9.76
3.74
-1.57
11.58
14.33
11.86
12.22
13.45
10.49
8.93
8.78
3.62
3.38
11.47
16.81
18.71
13.23
8.99
12.87
-3.54
13.16
14.54
3.91
11.79
14.19
10.89
1.07
6.32
14.15
15.67
15.37
11.82
2.41
14.29
13.37
10.29
5.59
4.92
12.42
8.8
7.03
10.56
12.32
12.01
4.09
3.44
1.02
0.91
3.68
3.74
4.13
4.22
7.2
3.5
0.65
2.58
5.7
8.33
12.19
8.63
-7.47
7.48
13.65
17.69
18.42
12.3
6.82
-5.38
-2.13
3.21
16.47
21.36
22.64
22.13
17.24
10.07
5.1
7.43
9.35
-11.26
8.83
9.56
10.89
8.34
0.22
9.36
14.42
13.21
4.68
5.95
6.03
4.28
5.37
-4.15
0.77
5.27
6.16
2.82
0.62
-3
7.63
14.09
13.99
9
3.18
12.13
14.22
2.36
8.83
9.41
10.79
11.83
12.61
17.31
17.74
15.11
12.67
9.46
2.27
3.37
5.84
5.08
4.22
10.07
10.06
9.54
12.5
10.24
10.52
16.26
15.98
14.96
12.33
7.23
6.72
5.33
6.09
4.64
4.77
8.84
11.63
7.04
-0.73
6.47
12.41
9.76
6.65
16.02
17.54
15.81
2.28
12.46
14.39
10.24
9.73
13.87
13.17
7.6
6.43
11.23
11.8
8.52
-1.84
7.91
8.23
4.03
10.52
7.39
12.1
-6.67
10.13
12.19
14.54
15.12
13.88
12.23
1.09
13.58
15.78
9.51
10.53
9.24
8.48
13.89
12.27
5.08
16.1
12.95
-4.14
5.47
3.21
6.41
8.17
10.12
-1.39
8.12
11.32
8.3
12.53
13.19
8.42
13.55
13.92
12.07
10.21
10.69
12.12
3.94
14.03
15.36
12.99
13.09
12.32
11.14
12.92
4.23
10.24
10.07
4.35
7.8
10.15
11.8
10.35
-4.55
-0.44
9.49
12.54
12.68
11.75
13.35
15.25
14.1
10.07
8.35
9.37
6.94
7.48
-1.74
-8.73
-5.08
0.8
4.88
9.09
8.6
7.69
9.41
13.72
15.18
14.56
13.71
13.21
12.04
5.52
3.94
9.62
12.4
12.6
14.11
12.05
5.34
-5.9
11.16
13.43
12.44
12.03
11.73
2.25
4.33
2.52
11.42
12.83
10.74
4.59
7.31
12.79
13.91
13.62
12.22
7.36
9.35
7.66
13.21
14.45
9.96
10.2
11.29
7.18
9.91
14.45
17.21
15.75
12.8
11.97
10.94
11.09
12.94
13.69
13.02
10.7
0.16
2.74
9.98
11.38
7.8
5.88
15.43
16.32
13.88
14.95
13.46
5.23
8.25
11.11
7.1
3.11
5.07
7.67
-4.52
0.38
-8.06
9.86
14.54
15.61
16.86
12.51
0.69
4.93
1.19
7.55
9.15
5.68
-7.76
4.47
5.11
-4.39
1.07
6.97
12.33
13.92
11.58
0.25
10.3
7.15
11.86
13.67
12.24
9.84
6.17
7.82
11.92
11.95
10.31
8.03
8.97
12.88
12.97
2.85
6.94
6.64
12.89
14.83
14.84
13.54
8.97
-2.94
9.23
9.59
4.14
5.63
12.57
15.08
12.98
2.2
-0.95
11.69
14.09
10.8
15.17
14.81
6.76
-11.42
7.61
8.48
0.78
6.48
13
15.19
12.75
2.25
10.26
7.25
-2.75
3.7
-5.05
12.27
14.65
8.99
1.02
-14.1
-16.02
7.87
14.58
13.92
10.38
-4.06
7.77
10.54
11.94
14.49
14.88
9.01
9.75
13.83
3.73
-1.17
4.81
4.67
9.04
9.24
0.67
4.36
11.45
14.85
14.52
11.44
10.29
3.58
-1.06
5.78
11.04
12.43
8
10.65
10.38
5.72
10.01
6.45
4.52
14.91
17.82
11.98
11.38
15.04
15
14.96
9.27
-7.91
8.05
11.87
10.57
7.56
9.67
-1.17
8.39
3.39
7.74
13.57
13.79
11.18
9.69
11.55
12.52
9.17
11.21
16.59
17.95
18.7
16.89
3.37
9.04
12.97
5.8
8.24
-0.78
9.37
6.9
13.69
17.3
17.24
17.14
16.55
9.64
4.65
9.31
7.13
8.37
9.8
10.78
13.32
11.83
-4.47
5.26
8.04
11.08
8.07
10.33
13.41
14.33
10.47
0.57
9.74
9.83
11.94
6.85
11.95
18.45
15.77
2.84
9.51
13.26
1.74
8.11
11.28
-4.87
9.63
11.03
3.3
2.63
7.82
9.38
9.84
12.31
11.07
6.9
12.57
13.05
5.3
8.37
2.62
8.56
11.71
-5.94
12.68
9.61
5.88
9.49
13.57
14.71
11.67
2.52
5.33
12.24
15.09
15.89
9.69
2.5
4.84
5.47
8.56
12.22
13.39
9.68
8.42
7.57
8.44
11.18
-9.17
11.82
14.36
9.53
1.32
3.66
7.95
-4.64
8.41
2.99
9.19
14.39
10.13
13.13
11.52
1.41
11.12
9.23
14.8
12.63
4.97
10.14
10.24
7.97
-0.93
5.95
13.37
15.84
14.96
12.41
11.17
11.08
3.72
13.84
12.18
8.63
7.74
7.4
7.3
14.95
15.42
12.8
10.52
14.05
16.54
14.21
10.14
8.56
-5.36
10.03
12.51
11.37
7.03
4.87
2.57
11.16
9.63
-2.77
1.1
4.34
6.83
4.4
4.28
-6.05
12.77
17.1
15.56
14.68
11.08
-0.59
-4.79
1.14
5.33
0.92
9.55
10.36
10.07
-7.25
3.06
11.06
15.09
12.99
14.9
15.49
7.48
9.24
11.18
9.92
4.92
-8.39
10.9
13.28
8.3
3.76
9.16
8.16
9.67
9.71
14.02
17.28
14.45
6.23
0.18
0.97
-5.66
-2.89
9.88
11.65
5.33
8.83
7.69
7.25
7.2
6.59
5.03
-4.87
-6.58
23.99
26.44
24.74
22.83
22.24
18.3
19.57
21.63
23.77
26.9
28.18
26.63
24.3
22.38
16.57
11.61
21.63
22.23
20.34
22.89
24.2
23.31
25.25
22.97
23.52
24.55
20.63
13.91
14.99
16.85
18.56
16.1
12.5
12.65
24.02
26.81
24.48
22.74
24.04
19.04
19.07
20.91
21.35
21.98
13.36
7.76
17.6
23.04
25.47
24.04
19.93
23.92
26.64
20.68
25.77
22.83
21.21
12.3
22.68
20.44
12.91
12.88
22.15
24.28
19.38
8.83
22.79
25.91
26.77
27.55
27.87
24.62
16.57
19.13
8.46
14.75
15.54
1.5
18.04
21.67
26.72
25.64
19.52
21.41
27.02
26.79
23.81
18.72
13.3
18.52
24.54
24.91
24.71
24.6
21.07
21.56
17.49
25.44
22.09
14.7
20.44
23.83
24.69
19.01
9.89
20.49
22.66
22.73
19.95
21.72
25.53
23.45
19.04
16.92
1.35
18.01
21.43
17.83
9.97
13.57
21.69
24.69
25.53
20.05
15.09
16.5
17.75
17.56
12.93
18.67
23.55
-3.01
21.61
18.65
24.09
28.23
18.43
14.57
17.34
17.13
9.72
9.11
9.11
20.64
22.83
23.37
24.22
16.2
25.88
28.25
18.58
17.47
16.29
18.66
18.26
17.53
9.89
16.83
19.06
24.41
25.74
21.13
14.9
24.28
27.43
28.95
27.71
18.54
18.94
21.19
24.85
26.26
24.4
15.77
13.72
14.22
23.25
28.57
27.96
25.97
26.58
26.74
23.33
6.77
18.29
21.88
16.13
22.32
26.91
25.21
22.7
21.71
22.54
19.79
16.9
16.48
20.23
20.06
23.53
26.47
26.26
23.58
22.61
23.52
25.08
28.16
26.19
19
18.18
16.28
17.32
23.72
23.98
19.17
16.26
25.53
15.91
25.22
22.27
14.53
24.99
24.99
20.43
19.42
21.12
20.76
20.99
14.64
8.64
18.87
25.62
28.53
25.18
9.9
13.6
12.34
12.64
12.66
22.15
26.15
22.4
20.91
22.84
21.35
13.65
17.47
23.4
17.64
17.69
22.84
23.58
25.4
23.61
18.17
-11.01
17.49
18.29
20.74
22.06
16.63
17.18
21.14
25.85
23.8
19.41
26.58
26.56
23.98
21.98
19.57
18.55
17.62
16.36
19.13
20.71
18.5
19.75
19.63
18.07
14.15
19.48
24.36
21.65
19.81
24.48
26.92
21.21
19.05
7.54
7.5
8
19.63
21.34
16.9
4.93
22.63
25.72
21.88
13.96
20.27
24.91
23.78
9.18
18.59
19.82
14.79
12.17
-5.13
6.94
6.89
9.45
13.99
19.08
22.84
21.42
16.9
14.05
-1.24
7.07
8.48
10.22
14.53
19.81
19.68
13.17
4.44
16.16
20.29
21.57
18.8
19.05
16.08
-4.85
11.18
15.58
19.18
20.14
19.19
17.41
14.31
11.58
15.92
18.63
19.27
17.87
19.88
22.51
25.28
24.09
17.98
15.42
20.5
25.1
25.44
22.04
17.87
6.68
18.27
21.54
20.16
15.52
12.52
12.92
7.45
17.44
12.99
16.48
17.63
14.94
11.98
-17.77
1.83
-1.94
-1.87
1.3
-17.09
13.06
18.68
18.61
11.37
13.17
18.22
19.83
21.91
20.83
16.61
15.81
15.67
5.16
14.39
17.39
14.49
8
12.28
12.26
12.75
5.62
9.91
12.12
11.05
19.83
14.7
15.68
20.53
24.03
22.42
12.45
18.01
23.24
20.89
12.53
14.33
21.65
23.79
24.94
23.95
14.27
19.15
23.05
4.65
23.69
23.32
20.92
21.78
17.04
18.22
19.89
17.88
17.64
14.82
11.17
8.23
9.32
16.43
25.21
28.53
26.52
23.83
25.66
26.08
26.49
26.51
22.94
14.97
11.02
15.56
18.09
21.17
22.48
23.35
25.72
26.4
21.26
11.37
20.17
16.76
17.35
24.35
20.87
12.79
21.84
17.71
21.37
24.52
19.87
10.93
16.75
11.79
12.94
15.02
14.68
18.11
17.28
18.6
24.31
23.83
20.26
21.28
20.59
15.52
19.59
18.65
9.41
19.04
17.8
20.7
21.11
16.09
18.96
24.51
22.83
23.24
24.63
22
14.77
11.68
16.05
20.8
22.24
21.59
15.16
14.11
24.61
27.52
25.33
20.87
20.26
19.22
16.99
21.98
17.68
19.97
22.3
25.27
26.48
21.23
16.98
19.4
19.6
19.39
19.22
20.71
17.11
14.06
16.94
13.96
11.39
17.08
18.42
20.47
24.89
25.6
20.39
5.44
11.78
18.08
21.2
20.47
19.07
22.01
23.17
17.33
11.65
11.88
11.88
19.43
23.72
22.52
20.95
20.4
20.46
15.44
3.26
1.93
13.47
6.14
16.89
20.6
21.09
25.76
25
27.03
29.7
28.14
21.77
16.28
18.67
18.97
16.3
13.92
17.28
18.77
19.41
21.72
20.78
9.92
15.04
20.37
23.8
22.52
17.18
18.15
19.94
21
20.47
14.2
14.86
15.55
16.3
24.17
24.51
19.1
16.32
11.73
18.78
21.37
23.17
19.57
13.07
12.79
6.88
18.96
26.38
22.69
-2.09
11.29
4.72
18.18
22.98
19.66
10.23
10.95
12.64
14.48
18.52
16.08
11.48
17.04
19.76
16.64
10.79
16.57
9.71
18.44
24.58
21.75
18.59
9.24
21.28
19.16
7.27
18.53
20.78
19.36
16.93
11.53
13.79
15
17.46
20.67
23.43
23.75
21.54
20.95
21.48
20.91
23.18
22.97
5.28
15.57
19.29
22.06
23.57
19.16
16.24
23.06
21.99
19.78
18.32
19.45
17.17
18.88
22.62
16.19
12.16
17.03
15.65
15.19
20.24
19.51
18.12
7.29
12.64
19.34
22.13
23.53
23.02
19.74
6.41
17.63
16.54
15.95
19.7
23.24
25.01
25.35
21.02
5.91
16.3
20.11
18.98
16.44
22.43
23.07
21.01
16.84
4.84
4.88
7.78
11.26
11.44
12.86
4.96
14.2
15.54
11.04
-8.54
16.26
16.25
18.2
23.25
19.99
16.7
15.09
7.63
11.94
17.69
18.16
6.21
9.38
14.33
22.75
23.63
23.88
18.54
2.09
15.08
18.2
19.86
17.31
12.01
4.82
13.62
15.14
16.74
13.29
12.33
19.88
22.65
20.5
17.1
18.93
17.34
4.34
9.45
14.73
16.62
17.46
18.06
17.42
18.63
20.1
21.45
21.33
19.09
18.28
18.96
20.4
18.04
12.68
10.68
12.57
15.97
20.1
18.43
14.63
8.52
18.83
16.08
17.33
19.28
10.45
2.52
15.4
20.81
15.68
13.91
20.85
22.46
20.78
14.26
2.22
17.78
17.35
18.06
14.28
16.21
22.95
21.75
11.7
6.99
19.12
23.05
21.52
18.02
8.6
12.42
17.33
18.57
18.62
20.66
19.16
24.71
23.06
16.92
20.39
22.18
22.5
22.69
23.16
22.92
17.84
16.34
22.33
19.55
20.6
23.61
19.68
16.15
19.81
22.43
23.45
24.57
22.62
16.38
19.06
11.13
9.82
20.5
21.37
19.61
14.56
7.02
14.06
14.71
16.3
10.07
20.89
24.48
20.69
17.01
15.29
14.75
14.81
15.89
15.31
20.47
6.84
19.82
22.69
19.71
14.18
16.41
16.22
20.76
21.26
20.97
24.5
24.45
23.04
19.95
15.45
21.55
23.25
14.8
16.57
19.43
14.34
21.92
17.47
17.64
12.04
15.25
9.56
5.26
21.99
27.07
26.01
22.76
23.48
21.93
17.23
17.47
14.37
12.96
13.57
13.94
22.15
26.41
24.13
17.96
14.57
9.49
8.16
7
3.81
7.82
18.49
22.28
19.48
16.63
12.31
15.62
16.82
13.91
19.93
21.86
12.37
16.79
13.92
13.99
11.64
20.78
22.88
19.57
16.29
12.99
9.39
20.88
21.38
18.68
22.36
25.85
24.42
19.69
15.43
20.93
20.41
14.74
19.72
11.37
22.87
22.93
29.85
27.32
18.53
14.91
17.86
11.87
14.91
14.7
9.08
20.83
28.86
27.39
21.46
24.43
24.99
24.34
23.16
20.01
29.01
35.08
32.87
21.64
10.08
25.32
30.17
28.34
26.57
26.85
25.37
21.61
18.14
20.57
23.33
21.28
17.62
21
23.97
14.72
22.24
22.38
20.66
13
20.2
20.93
6.23
34.44
44.56
45.64
38.09
23.4
23.77
24.34
22.95
22.92
12
13.95
17.52
17.7
12.15
2.99
17.08
19.39
12.35
10.2
13.31
7.4
18.38
25.76
23.15
13.91
21.26
23.78
27.97
42.35
44.74
37.65
16.55
28.13
27.43
23.38
23.5
22.56
19.22
9.86
22.75
25.19
23.11
14.47
17.39
17.73
-0.64
9.82
20.04
23.65
26.78
31.62
36.45
34.81
25.97
12.82
15.06
24.26
26.08
20.64
17.44
16.86
14.86
23.88
24.08
19.07
10.7
19.02
5.3
20.8
20.31
15.17
16.48
22.16
18.69
24.26
21.39
13.58
14.48
18.4
22.35
37.96
42.39
37.86
21.26
12.77
22.02
24.57
25.08
27.29
27.27
25.97
14.78
30.88
34.57
29.22
17.61
13.56
9.48
12.66
17.17
18.75
21.43
22.27
22.25
20.43
24.35
24.33
13.93
14.65
32.08
43.63
44.85
36.99
22.07
20.1
23.34
28.04
27.95
26.15
27.1
23.99
18.79
17.15
20.63
19.91
14.79
23.27
28.15
24.82
19.82
26.42
24.04
18.91
16.04
22.43
29.56
29.47
26.28
24.81
21.58
14.25
21.87
23.69
15.52
20.48
21.11
24.45
27.69
28.16
22.15
13.08
4.37
17.27
17.09
9.91
22.32
23.35
25.6
22.92
21.92
23.94
39.8
46.22
43.92
32.03
15.49
18.35
19.95
15.64
23.72
23.35
24.54
20.04
13.61
22.19
21.4
16.9
13.07
21.48
15.61
16.34
19.85
24.18
21.81
6.27
18.39
20.27
16.45
16.97
14.38
5.69
14.88
13.93
19.32
14.61
20.36
22.97
30.45
37.48
36.86
27.4
12.21
19.87
26.5
29.26
26.38
12.79
24.73
17.53
20.86
18.27
15.95
13.83
14.36
17.64
20.06
16.17
10.65
19.62
22.29
24.43
24.94
22.19
21.9
21.04
15.44
26.8
27.51
19.78
16.77
23.68
23.62
21.18
21.81
27.1
31.08
27.44
11.39
11.34
19.46
20.99
24.86
23.58
25.67
21.57
35.51
32.89
13.62
21.65
28.31
29.46
21.21
31.45
39.39
36.28
27.97
27.2
24.19
11.94
11.01
11.71
17.67
22.43
23.43
21.99
29.62
35.01
28.04
8.44
11.25
12.11
15.25
14.13
11.01
27.57
29.54
22.8
9.28
19.46
21.74
26.03
22.89
22.61
29.12
28.45
24.04
21.7
26.48
25.54
20.25
17.23
8.4
18.42
22.76
27.04
29.2
32.37
33.6
30.59
24.89
22.27
21.2
26.64
31.08
30.87
23.11
16.95
16.97
19.61
24.82
23.03
23.41
29.78
44.76
49.17
44.73
30.08
11.02
21.1
25.4
17.39
32.71
45.29
48.03
42.43
31.64
30.28
27.56
-0.46
20.93
24.44
27.52
20.28
22.02
29.97
33.99
35.15
33.05
29.37
23.98
23.33
28.25
32.5
32
28.77
27.61
20.9
28.38
30.03
29.67
29.56
25.75
27.65
26.71
25.35
23.46
26.48
26.86
17.76
30.28
28.67
22.65
25.01
25.26
26.51
28.56
25.57
25.96
21.77
20.82
28.66
30.89
28.65
27.17
28.39
22.9
23.5
27.81
28.4
23.68
21.13
28.01
29.74
25.5
28.33
28.46
23.82
20.3
27.7
32.85
31.36
28.72
30.31
32.01
30.96
29.55
29.11
18.82
27.07
29.03
23.2
20.49
27.12
27.65
22.55
20.35
28.4
30.89
27.85
22.08
27.8
31.43
26
17.04
23.91
27.04
29.1
24.17
22.6
29.45
31.38
29.07
25.3
26.95
21.59
19.95
30.34
31.5
26.64
25.32
27.09
23.69
13.53
16.27
26.43
23.95
21.35
17.76
23.99
26.77
25.09
25.07
19.5
24.83
32.65
33.1
28.54
21.78
28.21
29.32
30.78
28.78
19.96
11.09
21.52
20.84
27.48
32.8
33.04
28.2
18.85
20.95
26.45
21.25
19.2
25.01
29.08
28.63
21.63
18.57
19.56
13.68
18.2
26.62
31.59
31.2
27.8
22.08
22.13
24.84
17.88
20.64
23.94
24.69
21.7
13.64
22.5
22.02
15.51
18.81
24.44
20.7
17.78
16.63
17.49
19.06
25.93
22.7
12.57
15.29
25.52
28.03
20.71
20.3
25.49
24.97
23.6
22.26
12.98
15.12
22.72
22.67
23.01
26.18
28.55
27.44
22.91
23.94
23.89
18.22
27.53
27.26
19.44
19.04
12.39
9.76
18.97
26.14
28.06
26.45
14.9
20.8
23.7
9.61
18.74
12.58
21.52
27.12
27.37
22.61
22.89
23.09
22.17
25.04
21.97
20.38
22.28
21.15
23.32
25.42
28.62
26.19
5.02
22.36
19.38
23.77
27.53
27.15
25.66
21.23
20.99
23.81
22.65
22.41
25.08
25.61
26.22
25.14
24.59
22.38
24.36
21.03
15.33
19.12
23.3
20.66
13.44
15.15
16.8
15.19
17.77
17.7
14.7
16.94
17.96
25.01
27.56
26.4
26.43
23.53
12.53
15.86
21.61
17.88
11.55
21.4
24.62
22.38
22.46
21.72
18.34
17.61
18.67
1.19
19.9
19.29
12.96
0.09
4.61
13.05
23.67
21.09
20.46
24.14
23.68
20.16
8.02
11.61
11.28
7.03
14.53
20.84
17.86
29.66
30.22
19.11
26.85
20.73
23.92
27.65
18.29
18.39
26.68
24.67
22.95
25.47
14.48
20.91
18.95
14.96
13.42
27.21
28.17
24.3
20
22.08
15.02
22.2
27.15
22.42
19.64
25.33
19.5
19.92
28.95
28.67
18.65
24.58
24
24.99
22.46
27.91
17.64
24.1
27.49
20.6
29.84
26.1
17.98
25.06
27.04
16.48
22.19
9.22
19.83
15.41
13.71
15.03
17.98
15.41
16.47
20.05
11.08
22.75
8.91
27.3
27.66
-4.17
27.81
24.46
20.57
23.48
26
19.28
23.45
20.16
29.18
27.91
15.9
26.33
33.55
35.09
26.28
18.97
19.09
23.22
10.96
22.31
27.48
25.65
20.11
20.59
24.67
20.68
18.12
22.15
22.86
25.05
26.54
28.09
23.38
19.83
23.89
16.13
22.74
15.16
23.64
28.57
27.37
14.94
25.07
24.82
12.84
25.47
27.85
22.63
16.01
8.11
22.91
27.13
27.26
21.43
19.58
19.88
24.53
20.54
23.58
25.53
24.17
25.18
25.2
23.31
21.67
19.84
21.55
25.67
11.24
18.38
16.06
24.59
25.58
21.08
23.25
22.58
17.31
18.3
21.89
23.57
21.32
23.69
26.8
23.08
22.46
25.28
21.94
27.46
24.24
17.04
24.6
25.49
28.05
27.9
22.32
11.31
21.54
17.41
16.32
23.14
24.47
23.33
24.56
25.13
22.34
21.45
16.29
20.6
21.42
23.8
24.29
19.38
21.32
25.36
22.81
18.67
20.79
15.74
20.28
22.46
7.9
19.47
19.02
19.77
17.32
18.58
19.75
24.76
26.87
25.1
23.52
20.67
7.72
20.21
10.71
19.23
15.97
22.99
24.95
17.41
15.72
23.18
25.09
18.65
14.12
19.42
21.14
23.47
19.86
13.69
17.1
18.6
24.41
23.62
19.8
18.66
19.44
23.04
23.19
23.91
25.29
24.48
22.26
12.21
19.94
21.17
18.17
18.03
18.77
21.65
18.75
9.26
11.03
12.45
21.03
24.74
24.67
23.66
21.46
19.77
17.93
9.29
18.86
16.6
16.28
22.87
22.45
23.38
18.94
13.66
17.97
16.06
8.98
20.05
24.36
22.08
16.42
18.01
20.83
22.39
22.67
18.61
9.82
10.9
9.96
16.76
13.66
17.37
14.34
8.02
13.78
10.77
15.94
5.89
18.48
24.71
23.72
20.88
20.88
19.21
20.86
19.56
17.94
20.1
21.64
20.14
8.86
14.27
12.98
15.17
10.46
10.66
17.96
15.81
12.44
16.34
7.38
-4.37
14.94
16.35
9.83
16.71
20.89
20.69
13.81
19.25
19.41
9.25
11.87
6.98
13.21
20.34
22.94
19.89
14.34
18.53
10.49
1
15.69
11.02
19.47
20.94
18.94
12.97
17.42
13
17.3
18.61
18.04
22.36
18.63
17.61
15.59
10.85
11.04
12.3
8.05
9.03
17.21
22.32
24.52
21.82
16.93
5.3
19.57
13.46
19.9
22.57
20.35
19.68
21
16.61
10.67
18.33
22.49
21.9
17.44
15.07
16.66
20.97
22.13
21.64
22.68
22.34
12.8
21.45
23.42
19.21
14.52
14.44
16.3
22.27
22.93
21.86
15.86
15.34
19.75
12.59
10.53
13.32
17.93
17.96
15.18
21.62
21.8
21.84
17.03
16.4
13.69
19.96
26.11
25.61
24.28
24.81
11.47
15.96
17.56
21.02
24.35
23.22
25.06
25.54
16.96
20.48
22.02
18.8
25.47
25.56
24.79
23.02
20.54
24.91
23.52
19.41
26.58
25.89
19.92
15.33
17.9
20.34
24.94
21
12.69
17.91
16.24
17.26
23.64
26.15
22.06
12.94
5.12
10.04
13.17
16.27
7.08
15.21
20.71
24.86
23.64
19.98
17.22
9.09
14.74
22.66
25.71
24.4
14.92
9
15.98
14.99
7.54
21.28
21.99
16.43
9.7
19.21
18.77
11.86
-0.14
9.63
15.87
15.49
18.5
-0.55
20.74
22.33
19.61
26.53
25.99
20.12
20.02
17.16
16.58
19.27
22.91
19.02
14.06
19.15
27.59
27.06
20.61
15.33
5.2
13.6
16.99
24.54
23.08
16.81
16.11
19.38
19.19
20.03
19.32
16.15
20.36
22.72
21.29
14.82
1.89
12.95
13.63
6.64
15.3
13.31
13.69
14.96
14.23
12.71
13.31
23
22.66
21.72
19.93
15.66
10.3
13.71
15.01
10.18
20.02
21.93
20.66
16.91
17.83
18.13
14.03
24.47
22.02
11.96
8.09
16.55
21.89
23.95
19.28
8.81
13.31
23.68
24.52
19.4
16.61
32.7
37.64
33.23
23.36
21.82
18.41
19.08
17.4
12.03
23.33
22.71
17.67
5.42
14.59
3.93
17.47
20.72
18.62
15.29
19.28
16.5
5.54
15.69
17.75
0.47
21.16
24.43
22.89
12.53
13.81
16.53
19.21
17.2
21.89
23.3
18.66
19.41
18.16
12.48
14
16.66
17.92
14.14
12.84
19.35
15.31
13.94
13.34
14.68
20.83
22.73
23.26
16.19
-1.92
15.7
18.2
13.06
17.12
20.72
21.79
22.16
19.82
10.54
17.15
24
27.21
26.3
23.25
19.94
19.02
19.3
22.9
18.9
15.81
15.69
14.9
20.03
25.23
23.35
13.37
18.53
19.14
10.53
13.85
11.9
17.06
18.45
19.75
20.4
19.21
22.14
25.38
25.65
19.77
15.57
23.66
24.13
24.55
22.4
11.38
10.75
16.66
16.98
3.21
16.5
20.71
14.5
19.4
23
22.16
24.05
22.17
16.28
10.25
8.82
9.02
22.65
23.71
20.51
19.29
10.15
9.11
7.55
14.04
18.36
16.61
13.26
15.3
9.16
22.41
21.32
9.51
6.16
18.92
22.05
19.14
16.85
19.13
15.76
18.61
20.61
21.32
19.51
17.35
23.08
21.23
12.28
16.3
5.06
16.62
14.34
17.3
17.83
11.17
-3.97
13.46
21.94
23.75
23.88
18.59
14.27
9.9
17.21
25
21.53
9.12
19.57
20.57
19.94
14.36
8.62
7.05
10.08
12.72
5.84
11.57
12.79
14.7
17.63
10.7
9.93
19.53
22.93
21.76
15.73
18.57
16.18
7.76
13.17
12.24
6.28
0.98
3.92
11.82
16.43
17.5
8.34
11.3
4.13
5.13
4.83
9.73
8.42
9.99
20.32
22.29
18.48
10.01
3.85
5.25
13.72
19.91
22.01
18.58
7.84
19.49
22.06
18.63
5.78
18.17
15.48
2.59
7.12
11.39
9.84
16.68
24.32
23.56
22.28
22.13
20.12
14.59
5.35
17.49
18.44
17.43
11.56
6.26
15.52
18.37
14.48
-12.23
5.55
15.13
5.45
10.05
11.7
17.43
12.71
10.1
11.5
14.86
10.3
4.84
5.29
8.87
15.55
17.89
13.44
15.26
19.13
19.07
14.73
7.98
6.19
11.75
5.14
-5.15
-11.21
7.05
10.09
15.3
14.8
14.86
8.76
0.96
4.25
14.04
17.48
11.96
1.82
14.09
17.15
11.26
12.18
20.58
19.37
13.92
4.87
6.34
12.92
17.65
15.75
5.53
12.52
15.15
-1.52
15.5
14.41
12.68
10.84
13.5
15.73
16.51
8.04
15.09
18.45
20.71
20.09
10.39
15.5
19.14
16.68
11.07
11.89
13.42
7.45
8.69
13.96
14.44
16.69
8.79
17.93
21.09
9.93
14.9
14.68
9.5
18.06
18.76
19.74
14.59
13.62
12.29
3.93
14.38
19.37
20.34
17.33
14.86
17.64
14.97
11.98
13.78
4.68
12.97
18.04
15.23
17.43
16.02
16.72
14.85
14.62
17.57
20.39
19.94
16.52
15.84
10.09
13.02
14
16.53
16.4
3.27
9.13
17.15
21.73
17.53
10.25
16.07
14.64
0.32
14.54
15
6.46
11.03
16.05
1.96
13.72
9.85
9.26
16.02
18.32
17.19
9.57
-4.05
6.78
11.74
10.34
8.4
13.5
18.34
14.68
10.4
10.22
13.43
15.23
5.19
0.39
5
12.16
15.91
14.81
10.65
2.94
2.63
-0.4
4.71
10.65
12.36
12.22
10.83
12.13
11.32
0.37
1.35
10.3
18.45
20.03
18.2
20.48
20.46
17.46
14.39
12.73
7.3
8.97
11.86
9.94
6.79
8.58
14.49
7.51
7.31
16.33
16.16
15.79
14.17
13.8
18.27
13.79
8.04
6.76
6.77
18.03
21.5
20.11
18.02
7.22
2.41
10.21
14.28
12.62
11.21
6.37
12.16
9.46
11.75
9.67
12.74
12.24
19.65
21.73
19.66
18.26
15.44
18.54
18.62
20.5
11.74
17.3
16.25
13.1
16.65
10.47
15.25
18.59
15.39
-11.84
-1.5
3.99
2.52
10.53
16.62
12.07
14.84
15.66
9.78
6.25
16.13
15.34
7.19
16.35
17.18
12.71
10.04
5.01
11.29
11.17
8.29
-5.85
7.76
7.69
14.35
18.74
12.03
10.95
19.32
17.44
7.74
3.69
17.46
23.58
22.82
19.83
18.12
15.69
17.38
18.02
17.18
17.61
13.43
14.25
20.71
21.88
20.92
11.91
11.87
11.5
15.2
16.9
16.31
19.41
17.44
12.84
17.73
16.38
5.58
14
10.84
-0.16
13.06
20.48
22.35
17.78
18.92
15.88
6.65
1.21
8.36
3.99
17.04
13.33
10.59
17.09
14.15
13.03
4.97
22.23
23.1
20.95
21.5
19.64
18.13
18.35
16.73
15.11
8.63
17.21
21.77
17.15
8.18
9.27
-0.01
-14.62
1.67
9.73
14.82
19.81
17.73
13.5
16.21
16.29
18.43
13.97
4.27
16.96
17.9
6.63
15.64
17.61
0.24
11.81
13.5
18.8
12.74
5.69
13.53
14.93
16.84
16.82
13.29
7.91
10.68
16.56
22.68
21.74
18.52
17.91
11.52
18.13
17.31
6.05
17.73
16.96
12.17
15.43
19.24
14.08
11.9
14.78
15.82
19.97
23.88
21.32
15.45
14.83
13.89
15.83
12.74
8.68
12.73
6.33
9.15
13.8
16.58
15.65
13.61
10.23
-2.81
14.09
11.68
11.93
14.79
9.3
8.6
6.02
4.23
9.84
18.47
19.08
14.64
7.06
13.73
20.17
17.65
16.7
13.63
17.54
17.31
18.71
21.56
16.13
18.47
17.72
3.75
8.99
12.62
12.4
19.15
20.83
17.48
14.28
14.7
16.39
8.54
13.27
16.46
12.73
19.62
18.64
9.54
-7.26
2.28
10.57
17.69
15.58
11.77
-1.48
7.41
16.91
15.9
-1.07
5.77
12.72
19.59
19.29
15.94
9.07
20.86
21.28
19.84
19.55
17.43
19.88
22.37
21.05
14.99
18.75
15.86
19.7
18.56
11.46
16.28
16.06
15.33
11.05
11.05
5.2
13.16
13.84
6.12
9.67
19.48
21.47
5.85
21.61
19.08
18.14
22.19
17.69
14.27
12.32
11.98
12.89
8.3
18.86
20.84
7.33
16.85
20.21
20.71
9.57
20.23
20.05
8.66
14.28
20.17
17.19
9.5
14.49
16.7
7.86
13.61
10.64
17.51
20.77
21.46
17.44
13.39
12.66
15.78
17.85
17.17
15.73
15.19
17.47
19.33
16.41
9.5
6.58
11.28
14.23
13.58
15.83
21.07
20.81
11.79
6.71
4.1
9.99
12.83
4.43
1.33
13.12
10.6
19.49
18.01
13.64
16.68
19.87
14.72
13.31
20.79
19.57
15.12
14.75
14.3
16.25
20.3
21.35
20.11
17.5
15.17
15.44
11.88
11.86
11.69
17.23
11.99
9.05
13.79
18.05
19.29
23.01
20.95
8.97
11.76
12.57
12.01
16.31
15.47
16.11
20.69
20.66
20.33
21.4
18.73
6.98
13.84
10.9
18.13
19.34
14.89
14.48
20.43
20.34
21.88
23.73
20.39
10.42
16.72
10.23
14.21
14.44
18.4
9.64
3.78
14.3
21.84
22.04
17.38
18.49
19.09
14.75
11.86
4.3
13.6
8.34
10.79
6.88
15.7
10.9
11.59
8.05
11.19
17.67
13.85
18.09
23.97
24.99
20.82
12.5
6.05
16.13
23.86
22.77
14.39
16.5
12.72
21.13
18.97
7.94
3.48
15.65
17.54
15.9
4.32
16.55
13.68
11.02
16.24
17.93
19.81
15.96
12.62
7.65
3.92
3.57
11.49
13.59
10.9
5.88
-6.75
12.79
14.59
-2.2
9.76
18.64
16.22
15.42
21.82
19.08
3.15
15.7
14.45
7.4
16.09
18.74
20.33
15.94
9.54
5.62
16.59
17.67
8.06
14.77
7.49
18.65
15.78
10.11
6
8.82
13.23
0.66
12.51
15.02
11.77
12.89
12.16
16.87
18.85
19.02
18.9
19.5
20.68
17.75
16.57
16.32
19.16
21.23
20.66
18.42
12.6
5.58
6.67
11.04
15.47
2.54
10.32
17.62
23.71
21.64
9.62
18.98
13.9
20.74
26.02
22.96
12.97
12.94
16.17
17.26
13.99
22.52
20.81
13.33
-2.4
15.87
21.91
19.98
8.76
17.05
13.9
16.12
19.08
14.53
5.26
16.38
21.71
19.7
14.22
15.01
19.78
11.13
12.35
14.96
14.4
17.48
20.31
17
15.19
21.65
13.75
19.9
21.21
9.99
9.8
13.1
21.25
19.11
7.5
11.55
8.46
18.91
20.09
15.85
21.5
18.34
11.71
16.5
21.88
23.31
20.61
12.78
8
12.87
17.57
19.06
4.31
18.33
17.56
12.85
16.64
3.86
14.52
6.06
16.78
15.84
7.47
17.04
0.63
13.23
12.01
15.83
17.03
11.52
16.11
15.16
18.58
24.46
20.72
15.32
14.06
18.48
-5.27
11.79
8.14
8.9
13.95
14.53
11.34
9.91
2.17
16.98
20.4
17.12
14.16
3.26
8.68
10.19
10.43
12.7
10.26
12.5
8.35
5.21
12.85
15.58
16.92
13.11
4.22
12.81
15.05
7.22
12.72
6.93
11.36
7.8
6.02
10.18
11.67
9
0.76
9.88
11.85
6.82
13.93
14.8
16.2
12.99
2.93
5.5
12.47
12.83
17.38
10.81
12.72
11.34
3.1
8.55
10.9
15.07
13.7
19.43
20.49
15
15.17
21.74
20.64
12.91
15.93
9.14
3.63
12.66
19.33
19.09
16.11
13.4
5.42
0.67
6.35
17.52
19.42
16.58
5.61
-2.94
4.87
7.58
7.93
6.34
11.75
15.31
17.33
12.82
14.16
15.95
14.32
-0.16
15.19
20.74
19.24
18.95
19.06
14.71
15.12
14.14
19.65
17.62
6.14
12.9
16.84
15.59
10.89
11.42
14.77
9.65
6.95
9.18
9.93
11.55
10.93
-1.54
11.1
16.31
18.72
14.6
14.21
8.72
5.68
3.49
5.74
4.95
-3.71
5.33
3.97
13.41
13.22
12.73
15.19
12.21
12.51
10.75
14.58
10.93
2.51
3.68
12.64
10.54
12.69
12.56
2.88
8.77
-0.51
13.73
19.48
17.42
12.72
9.49
-7.64
7.43
12.8
10.59
16.38
10.53
4.5
1.52
-6.82
4.51
4.49
7.98
13.65
10.78
7.88
13.39
15.7
10.68
-0.19
8.1
10.04
9.7
12.55
8.62
-0.98
6.8
16.37
15.79
1.26
15.38
11.9
10.92
11.51
15.6
15.38
3.49
1.88
15.59
19.56
16.71
5.02
16.02
13.93
11.87
14.93
16.39
19.21
18.75
21.33
18.99
9.51
14.05
17.33
12.62
6.82
9.14
14.83
17.61
17.4
13.3
9.61
8.55
13.46
11.91
11.31
13.31
13.13
7.69
9.54
18.09
16.99
13.24
17.48
17.6
15.3
12.46
7
12.17
11.4
8.77
15.15
18.95
13.09
10.47
16.83
16.14
-6.95
13.71
13.89
10.37
4.56
18.32
20.28
19.48
19.91
16.57
4.79
18
17.46
13.84
13.14
14.45
18.2
17.33
17.05
20.25
18.98
17.53
12.09
14.57
17.15
17.83
14.54
11.77
4.42
14.59
16.82
14.84
9.33
6.19
4.63
6.13
7.74
5.94
8.97
12.49
-3.01
6.75
4.97
11.37
19.16
18.6
10.18
19.71
23.6
22.02
20.46
17.4
-0.78
9.23
10.2
5.83
13.97
14.47
10.2
3.85
13.1
9.39
19.82
21.19
16.4
12.81
14.69
11.21
5.1
8.98
11.52
9.05
17.73
16.67
4.73
10.16
13.86
10.52
9.26
12.27
8.75
15.33
17.87
10.41
7.77
14.77
17.4
14.37
11.51
10.06
17.38
16.06
11.54
10.09
6.55
10.49
14.04
12.21
13.75
19.63
17.55
7.55
15.95
14.61
6.88
-1.23
3.7
11.41
5.45
6.09
0.99
18.71
19.15
14.6
6.52
3.04
2.42
12.21
14.91
14.93
16.08
15.87
13.39
16.36
18.25
14.68
11.55
17.18
15.72
17.57
18.3
15.46
14.12
8.93
8.06
14.37
13.36
2.28
10.27
10.52
12.72
17.27
16.86
13.02
-3.91
11.16
15.85
15.53
13.96
8.96
3.11
0.81
-21.46
4.58
12.13
12.05
12.21
18.46
17.49
9.44
18.31
16.63
13.64
9.68
-8.54
12.87
17.82
17.37
8.85
0.93
13.34
17.61
18.59
18.18
16.43
11.42
8.99
10.57
13.97
13.27
14.77
16.39
18.05
19.43
17.53
18.16
11.4
10.37
10.21
5.12
13.04
16.07
19.77
19.98
18.6
18.82
16.34
0.09
6.35
7.99
13.24
16.3
16.25
12.65
10.63
14.46
19.28
22.37
21.84
17.39
17.01
21.12
19.86
16.17
16.33
12.75
6.44
13.91
15.48
19.3
21.98
21.63
19.85
19.14
15.74
15.87
16.61
9.77
8.76
14.84
18.15
15.22
5.1
14.6
18.44
20
20.58
20.46
19.03
16.38
12.83
15.11
18.74
16
5.95
5.79
12.54
6.95
5.84
8.82
8.97
9.5
5.77
-3.33
2.69
13.78
18.68
14.31
-0.89
7.95
10.43
0.08
-5.5
10.75
18.22
19.96
13.43
8.52
15.73
17
19
16.92
-4.54
17.79
19.79
14.34
9.21
12.43
13.29
12.52
17.48
18.08
12.52
5.37
4.66
13.98
15.72
12.54
14.27
17.06
16.27
11.89
13.32
13.79
15.02
15.99
9.09
6.93
11.21
11.6
15.18
18.74
18.83
20.41
20.88
17.05
6.44
12.11
11.74
7.15
15.52
16.47
14.1
8.03
12.71
4.54
8.12
8.7
5.05
9.41
15.01
18
12.73
-8.7
9.56
10.77
14.17
15.81
9.39
10.14
12.72
13.32
13.58
11.79
10.08
11.51
10.46
13.24
6.92
10.66
15.3
16.36
13.25
5.38
7.35
8.94
16.44
20.02
14.23
15.79
13.89
15.85
18.97
15.67
1.63
7.01
12.28
14.06
11.57
12.79
10.86
-1.64
6.06
9.89
10.06
11.08
8.66
13.28
5.25
11.48
14.61
18.15
20.5
20.29
13.36
3.6
11.55
18.98
21.19
17.15
6.44
16.4
14.9
13.85
14.39
13.7
11.03
1.47
14.76
17.02
18.42
20.12
20.51
18.1
12.87
14.85
19.24
19.51
15.93
14.16
10.48
3.33
13.53
14.28
-9.22
10.53
6.3
10.3
17.45
19.62
14.87
7.59
9.97
12.32
10.52
14.22
13.11
17.84
16.91
14.6
15.46
16.74
18.86
18.83
16.21
10.2
9.9
16.54
19.16
14.84
11.32
16.36
11.79
9.36
16.09
16.5
16.35
15.46
15.31
16.68
11.29
10.99
16.18
18.41
18.26
9.31
10.61
13.36
12.53
11.07
13.23
18.52
15.31
0.09
0.12
13.81
17.44
20.29
20.77
11.28
7.79
3.22
6.67
9.78
11.41
14.23
15.25
15.61
13.12
18.04
16.46
7.63
2.61
11.98
11.26
10.19
12.51
10.22
11.3
5.69
6.16
1.87
1.73
2
2.99
2.39
8.59
14.37
6.22
13.57
12.29
4.86
12.6
9.36
6.52
3.09
0.41
4.25
-8.55
8.14
8.51
5.42
10.59
9.14
9.2
17.73
14.9
9.53
6.37
8.96
17.91
19.19
18.17
15.16
11.39
14.61
17.65
15.29
3.93
8.72
13.88
13.5
18.24
19.65
14.9
9.89
12.09
14.07
14.82
15.43
17.9
17.21
15.03
12.27
9.21
6.8
5.66
10.93
15.41
12.62
2.34
2.6
5.8
7.12
11.67
11.22
5.99
11.67
2.65
3.08
4.55
14.68
16.06
11.19
9.04
15.05
13.02
10.85
11.18
12.84
7.21
12.46
15.45
13.96
14.22
13.07
5.51
12.89
15.01
11.62
3.55
10.43
15.31
16.02
12.19
7.33
-0.21
5.33
3.45
13.11
19.61
19.96
15.44
11.86
12.17
12.74
8.95
13.07
12.47
3.94
13.62
13.99
4.05
5.04
-0.1
0.3
12.39
14.76
13.32
8.99
9.66
13.74
3.74
13.9
9.62
-3.88
-8.79
3.97
9.01
18.35
18.1
1.42
16.07
18.71
15.28
15.44
12.84
12.67
14.57
11.45
15.97
17.55
14.84
14.75
17.35
7.89
14.46
17.74
19.7
21.41
20.12
13.91
7.31
9.64
11.41
17.91
18.54
13.28
9.3
6.39
3.39
6.78
10.61
16.14
13.89
6.78
11.42
15.23
12.38
15.14
16.18
11.01
11.57
10.09
3.95
4.45
10.02
8.68
4.47
10.9
11.5
9.57
8.26
10.66
16.82
18.16
14.69
13.69
16.5
12.68
3.16
13.53
20.03
19.46
20.07
20.94
19.86
16.98
14.99
15.11
14.03
14.57
15.57
10.8
4.35
3.34
1.69
-2.94
12.8
11.61
-4.62
13.39
16.04
12.36
13.16
13.49
11.45
1.25
4.66
9.71
11.37
11.88
12.2
9.76
4.02
6.53
5.25
13.78
13.85
12.09
12.24
13.07
11.85
8.93
7.9
10.86
9.29
6.02
9.55
16.44
19.25
18.37
19.71
16.94
15.63
21.41
19.45
17.84
17.96
13.52
4.6
12.99
15.96
12.25
-0.44
4.57
5.85
4.46
14.33
18.75
12.11
5.65
9.39
-1.21
0.83
3.65
7.57
4.71
3.56
6.88
7.69
9.25
13.07
14.93
11.23
3.84
3.46
6.19
2.23
9.03
2.43
-2.31
8.77
12.18
15.61
16.86
14.04
7.7
4.44
10.17
4.44
-8.45
-2.93
4.65
7.29
3.55
0.43
7.26
5.1
6.69
12.28
6.89
-2.22
-3.18
4.97
12.7
8.29
1.15
-2.56
6.58
14.33
17.97
17.51
15.34
12.68
11.2
17.27
14.14
14.63
14.33
7.9
10.31
8.69
-1.06
6.04
6.39
-7.89
9.14
6.42
7.69
14.19
16.01
11.44
9.84
12.27
13.49
15.12
16.79
14.26
9.56
8.48
8.65
0.43
10.01
17.25
19.34
16.36
14.78
15.78
10.81
14.13
15.65
9.79
11.76
9.64
7.98
13.94
16.1
17.53
19.11
17
13.39
11.95
14.32
14.59
6.93
12.57
16.38
12.75
-3.69
11.46
0
13.83
17.55
15.87
2.27
7.26
15.15
17.4
18.72
16.59
14.6
12.69
3.7
10.55
14.18
15.09
9.29
-1.1
-15.04
10.75
11.22
1.57
3.93
10.08
11.59
11.84
13.19
13.22
7.37
4.06
14.07
8.61
5.46
9.15
12.32
13.87
12.65
11.71
6.41
4.6
6.48
-9.73
2.1
6.75
1.18
8.18
8.39
-9.27
12.51
17.03
12.89
4.53
11.55
10.24
6.95
6.41
8.45
14.03
10.28
11.1
8.64
0.37
-1.41
6.81
5.55
0.34
12.72
14.64
15.1
15.12
15.9
17.17
14.83
11.47
-8.18
8.98
-0.33
4.02
10.4
12.39
6.52
7.72
15.17
15.36
11.16
0.6
8.42
16.98
17.94
11.89
11.15
7.33
-1.66
2.89
13.67
9.46
10.53
6.13
2.23
12.22
12.21
-1.64
7.6
15.32
17.85
16.77
12.17
-9.09
11.92
3.8
9.6
14.96
14.82
14.62
17.06
16.8
16.32
15.73
12.53
4.15
7.98
14.32
12.32
9.92
2.59
-4.38
9.72
12.43
4.15
3.62
8.31
8.38
-4.3
9.21
3.6
1.64
8.08
8.54
9.05
12.23
11.9
6.14
10.96
9.96
3.64
-3.34
4.72
6.04
9.86
13.66
13.25
11.36
11.1
11.87
18.61
20.09
17.69
10
6.23
9.22
7.98
7.86
13.94
15.19
15.17
11.72
3.96
10.11
6.05
17.69
19.49
16.26
12.66
0.23
10.04
14.34
14.63
11.64
4.59
8.92
13.94
13.37
11.62
7.69
6.21
7.05
13.03
10.31
12.56
16.18
16.24
14.87
13.52
19.25
19.4
14.55
-2.72
11.91
14.82
16.45
13.93
5.74
12.78
7.02
-0.6
6.95
12.2
14.5
14.03
15.68
17.63
12.85
7.61
4.94
5.46
-12.65
8.62
6.05
-3.57
8.91
15
15.73
15.19
7.77
14.4
17.36
16.04
13.21
11.2
8.09
14.49
11.83
9.7
12.31
13.15
13.66
13.2
13.91
16.46
15.87
7.9
5.32
8.17
-4.51
2.4
-17.18
4.42
10.7
10.9
10.63
15.61
18.13
18.1
13.74
5.82
-1.01
12.63
17.41
16.25
11.79
16.1
17.76
12.84
-0.19
10.52
15.21
19.22
17.29
9.66
5.73
12.52
13.29
14.32
12.94
8.07
8.56
9.91
8.75
9.88
8.31
10.15
15.27
13.66
5.32
6.71
15.98
16.2
11.65
6.14
5.5
13.56
15.44
12.31
7.34
3
5.28
7.02
4.35
8.67
10.02
10.19
14.66
16.62
16.69
17.89
18.09
18.39
19.58
16.52
16.85
12.1
17.33
18.18
12.39
11.08
13.51
17.3
18.39
17.67
17.49
19.35
19.97
17.35
14.03
12.03
10.4
10.7
13.6
15.71
21.03
21.35
19.45
19.28
17.45
16
15.19
10.92
12.25
10.93
-1.33
8.45
5.81
12.91
12.2
-18.6
10.79
14.66
14.53
13.26
15.93
16.17
10.27
7.23
12.04
14.37
12.67
1.73
14.26
16.3
11.52
8.42
18.45
19.99
16.8
11.34
13.28
16.19
16.95
14
10.17
14.8
12.29
6.68
14.24
14.89
14.2
9.34
8.43
11.95
13.73
14.23
13.45
9.15
8.08
8.77
8.33
12.84
10.2
-2.08
3.11
3.73
3.8
8.69
1.9
8.84
7.05
12.95
12.76
12.12
13.74
17.39
18.83
16.48
8.3
3.73
12.91
14.49
8.54
12.23
17.06
16.32
13.33
14.72
14.7
12.07
7.34
8.08
11.17
15.15
17.29
14.77
-1.41
11
10.51
-3.09
2.09
2.29
12.01
13.62
11.26
1.9
8.98
14.13
13.63
7.68
-1.23
12.31
13.74
12.96
6.83
5.47
10.52
10.03
14.69
16.82
17.81
18.45
16.13
13.76
17.61
14.75
3.74
14.37
16.89
16.85
9.95
2.85
16.4
19.46
15.77
10.22
6.69
2.21
11.61
13.89
10.29
13.27
14.9
11.45
11.55
11.32
13.27
16.41
15.57
12.17
13.94
17.96
18.16
13.13
10.95
12.27
8.41
3.79
4.99
14.23
17.37
14.34
10.04
16.67
18.61
17.01
12.67
13.38
15.56
13.17
8.01
10.5
14.25
7.87
14.78
13.15
-2.59
2.47
6.97
13.89
16.28
12.2
2.92
3.8
7.22
1.51
6.25
4.26
9.54
7.29
3.26
7.72
13.38
14.53
16.59
16.29
10.97
-0.41
6.82
6.33
9.66
0.9
3.9
7.13
13.3
13.75
12.53
11.05
9.09
11.5
12.44
8.7
8.21
8.58
12.5
15.37
14.84
12.78
9.64
6.73
7.55
7.99
9.64
14.65
13.09
11.58
11.05
14.6
17.77
15.53
14.57
14.99
12.31
8.72
15.23
17.24
15.57
14.18
10.97
12.99
16.24
16.83
12.64
4.11
6.62
9.53
17.38
18.24
15.54
9.14
7.86
13.62
11.49
8.01
8.24
17.17
14.93
6.73
11.06
4.21
9.25
8.58
10.82
18.59
13.73
7.52
6.78
-5.69
-2.3
7.42
9.94
9.3
12.19
16.39
17.03
12.02
5.08
-7.57
-0.95
-4.15
10.84
14.22
10.94
12.75
6.93
11.66
12.77
10.03
13.04
15.16
16.34
17.82
17.54
9.02
2.73
10.51
15.22
14.35
9.2
4.33
12.46
18.78
19.69
16.44
15.57
13.76
14.96
19.07
17.98
16.56
14.99
11.16
-1.49
11.96
14.58
9.07
2.87
13.99
14.27
4.69
5.68
10.7
9.52
4.38
15.8
14.46
10.2
13.34
13.55
-0.19
-8.7
3.26
5.22
15.04
18.16
18.79
17.27
14.7
16.69
19.01
16.25
2.96
13.24
12.19
12.9
13.98
10.35
3.18
9.53
15.59
10
13.02
12.2
12.91
8.92
10.71
17.25
15.23
13.42
15.69
8.46
1.96
12.21
13.84
12.78
12.17
4.84
5.47
-2.7
9.08
12.2
11.9
2.68
11.21
18.11
19.44
14.4
6.66
8.62
10.31
11.81
18.45
24.15
24.01
20.3
13.24
12.44
17.41
14.41
6.35
16.33
19.73
15.88
7.77
7.16
10.53
11.86
13.27
12.64
11.84
8.22
10.91
13.44
15.13
14.22
7.56
10.38
13.48
8.98
5.46
7.39
6.25
4.68
8.46
12.21
13.23
14.44
15.79
14.3
11.6
9.42
12.79
15.19
14.9
15.54
11.38
2.2
8.89
6.63
9.61
13.66
15.89
15.36
12.14
10.01
8.81
3.54
1.1
10.18
13.31
13.72
12.98
12.27
8.56
18.18
17.19
9.29
-1.33
7.45
11.65
11.59
17.08
18.49
14.61
3.26
13.86
14.27
12.85
13.4
16.23
15.55
9.37
11.06
13.4
14.45
16.64
16.43
14.31
14.56
18.58
18.79
14.68
9.04
11.05
16.19
16.68
17.22
16.44
9.75
4.64
6.66
2.4
10.81
13.8
11.55
14.49
15.56
4.95
8.57
6.7
8.51
12.97
13.88
11.8
7.88
12.5
14.53
11.35
9.32
12.28
11.62
9.23
-8.61
6.66
-8.06
13.8
14.17
6.63
1.18
8.02
13.05
8
5.23
11.32
7.6
13.34
14.69
10.6
13.87
16.38
16.12
6.22
8.95
8.72
3.63
2.07
10.67
11.69
11.18
16.56
17.57
19.11
18.33
8.67
7.35
9.43
15.59
13.96
5.5
10.45
14.92
15.96
15.95
14.05
5.73
0.24
7.65
9.41
9.72
7.81
9.02
12.69
14.4
5.53
10.58
7.54
8.85
3.18
1.62
12.03
15.14
16.09
17.62
17.28
