14.72
15.21
12.74
9.06
8.69
3.24
10.03
13.33
-1.72
8.13
9.29
6.16
2.99
12.88
12.71
3.37
3.76
7.57
6.93
11.51
14.78
13.78
7.4
-5.6
8.15
11.87
6.74
14.73
14.7
0.47
9.47
5.49
7.76
4.85
9.05
13.36
8.78
6.09
10.35
9.92
7.3
-0.05
4.44
-0.24
0.25
11.67
17.34
14.86
10.33
10.76
4.87
12.46
13.18
13.69
13.26
10.57
7.68
8.73
8.45
7.53
14
11.92
2.06
10.48
6.74
1.85
8.16
8.64
8.24
9.96
6.33
9.95
9.15
1.14
12.29
15.6
13.64
10.83
4.93
4.7
14.65
14.88
11.67
-1
10.14
12.87
12.63
9.43
4.19
2.12
5.91
-4.63
12.33
15.96
15.03
12.67
12.14
12.87
12.19
11.82
8.02
5.56
7.87
5.35
9.94
10.62
11.65
12.87
15.15
13.24
9.8
11.76
12.37
12.61
8.69
-2.6
-1.59
10.37
6.74
2.22
6.83
2.57
12.37
5.46
7.32
8.29
11.35
10.61
7.26
11.88
9.66
7.35
3.12
8.35
6.41
4.56
0.59
-9.97
3.28
7.35
10.06
8.65
-3.43
10.6
13.31
11.85
5.55
5.81
11.65
10.89
9.78
9.74
11.65
10.92
1.89
11.41
9.22
-10.7
6.95
13.79
10.91
8.91
9.01
4.97
9.1
8.16
7.24
6.55
3.55
0.74
0.59
11.04
10.59
5.03
4.87
-0.95
8.06
7.59
4.91
0.24
3.62
9.12
5.52
5.88
11.8
5.43
1.96
5.04
12.13
10.31
2.52
10.13
14.01
10.36
5.27
0.65
-8.56
9.76
7.46
11.26
14.36
12.23
5.9
4.19
-0.37
-3.19
-0.06
8.66
13.62
14.14
12.19
9.89
9.91
8.08
4.95
-2.72
5.03
7.55
4.79
9.49
10.02
11.26
10.92
2.95
9.93
9.64
4.75
-0.34
7.7
-1.88
3.69
-6.24
10.47
11.99
14.15
14.38
4.8
10
11.44
4.47
9.16
4.66
-1.13
-9.8
10.36
15.14
13.29
-3.93
4.55
6.21
8.07
8.2
7.96
4.87
-6.24
3.22
8.21
4.63
1.33
7.53
6.68
3.47
-4.27
4.25
9.77
4.89
1.99
1.2
2.5
10.51
10.85
8.72
9.22
10.86
7.51
9.16
8.47
6.87
11.72
-3.47
8.59
6.04
8.21
9.43
-2.18
-3.33
6.89
11.57
10.65
8.66
7.08
12.7
15.13
14.89
15.63
13.24
10.56
4.19
3.58
4.49
8.3
9.65
10.67
13.5
14.12
12.08
10.77
13.77
11.36
-0.71
6.31
3.73
9.88
3.75
12.91
16.67
15.79
7.43
0.13
11.72
14.06
8.26
-3.06
3.71
12.9
16.55
13.61
3.73
11.38
14.72
14.71
15.19
10.63
6.1
6.91
10.27
3.13
8.59
11.94
14.83
16.78
13.03
5.26
-12.37
2.98
2.24
5.12
9.78
7.37
12.52
9.9
12.36
10.55
11.46
13.44
7.34
7.67
2.92
0.84
-0.66
3.19
8.38
10.57
6.27
10.82
11.12
2.43
3.08
7.51
10.69
15.78
11.91
8.19
12.93
7.61
14.07
11.6
2.36
-0.24
3.16
10.02
11.97
8.66
6.48
6.77
5.6
10.16
10.37
9
8.84
12.14
13.55
6.06
11.28
12.22
4.66
8.43
11.45
10.4
10.22
9.49
8.04
11.58
7.52
1.05
-1.96
1.1
11.38
13.94
12.02
9.46
-1.36
9.56
12.98
13.3
11.23
5.88
3.34
4.06
-2.88
0.68
7.38
7.87
7.01
13.82
6.54
11.7
14.54
10.69
3.36
6.34
12.84
15.02
15.82
14.83
12.24
12.31
14.36
14.29
9.32
5.03
10.95
6.9
-4.2
1.05
4.14
7.04
16.28
12.2
9
13.65
8.06
4.57
0.11
2.97
9.05
13.7
14.71
12.34
4.11
3.87
11.02
12.2
12.3
11.37
7.23
5.43
11.35
15.52
14.13
8.44
11.53
6.32
3.7
15.04
18.91
18.99
14.5
9.44
4.44
5.5
7.88
4.86
9.95
16.89
16.47
10.41
10.45
5.15
11.31
8.58
9.33
6.84
9
16.69
18.64
16.7
11.22
8.37
8.32
6.65
7.15
6.3
1.43
4.71
6.52
7.03
13.31
12.92
6.89
6.47
9.19
9.7
11.82
10.79
5.54
12.83
13.85
13.15
12.87
8.68
10.37
11.74
6.74
1.99
6.2
0.27
5.16
10.57
8.87
4.35
13.33
15.02
12.35
6.88
-1.77
3.3
3.72
-8.2
3.74
10.62
6.36
8.65
13.41
11.59
5.11
0.31
1.83
-10.1
4.51
6.48
8.1
4.11
3.58
9.2
-6.53
7.09
12.57
13.73
10.95
4
3.87
9.03
-0.91
4.08
10.83
12.62
6.92
8.25
7.8
6.91
7.64
9.2
10.8
5.92
4.03
-0.05
10.97
14.48
14.53
10.63
-1.04
5.97
1.9
4.47
1.92
4.01
6.56
3.09
0.84
9.38
13.9
16.87
16.04
12
-3.56
3.03
14.7
22.57
25.62
24.91
24.35
22.92
18.28
5.34
12.68
11.19
9.18
13.59
10.9
5.01
0.47
7.31
9.18
9.23
-1.39
6.2
7.57
6.23
-0.44
3.76
4.14
9.03
9.41
8.07
7.69
9.38
9.85
5.58
-4.28
-1.42
6.61
8.47
1.4
8.04
9.94
2.88
7.68
9.36
10.2
8.92
0.79
11.5
13.73
11.87
6.03
10.89
9.21
-0.55
7.55
5.89
-2.17
6.06
4.02
6.92
8.32
11.16
12.67
5.33
11.08
11.66
5.08
-2.86
4.07
7.76
10.53
12.64
15.58
16.42
11.7
3.1
12.72
12.17
7.7
-4.8
0.72
5.68
12.14
14.41
11.81
4.45
-1.34
6.96
12.44
10.93
1.1
11.46
11.57
0.06
8.69
9.12
-1.02
13.01
14.44
5.94
5.1
6.48
0.57
6.67
10.73
5.28
0.22
7.05
10.09
14.95
17.67
16.7
12.8
11.39
9.62
-2.53
4.41
3.82
7.52
10.02
15.05
15.41
10.13
6.57
2.16
7.06
6.15
7.72
2.81
15.59
19.24
16.93
7.51
-0.2
5.64
8
14.06
15.16
10.52
6.26
8.62
13.64
14.23
13.81
9.77
-4.28
5.91
12.17
12.45
-0.15
11.61
9.41
1.94
-13.71
7.29
11.89
6.72
13.58
17.19
11.44
10.74
5.18
-7.69
4.67
6.87
1.21
6.1
13.71
14.79
10.4
9.85
15.22
16.25
11.64
5.96
-0.56
8.48
15.97
16.81
11.4
6.33
13.7
7.2
5.24
10.4
6.01
6.79
5.4
5.4
10.15
8.77
12.81
12.89
10.82
4.33
8.12
7.38
10.52
12.41
11.46
10.87
8.91
8.08
12.04
8.1
3.16
22.25
23
18.39
12.23
5.45
15.07
21.12
22.93
23.77
23
18.76
10.86
5.23
15.95
16.67
19.09
20.67
16.59
12.89
22.28
18.02
19.76
24.12
21.69
21.93
22.52
20.27
16.68
7.6
18.92
27
26.45
19.44
14.27
23.23
24.3
27.47
26.74
29.83
28.97
22.36
18.33
17.03
8.33
15.83
17.68
1.51
13.75
20.8
21.51
18.38
22.26
25.5
24.88
28.82
29.32
25.61
19.04
18.96
10.6
19.91
21.83
21.32
24.38
24.05
18.15
21.27
24.89
23.27
20.84
21.64
17.9
10.71
21.66
23.48
21.45
18.73
13.2
21.18
23.8
23.67
22.74
14.69
22.62
25.6
21.33
20.08
18.61
15.92
13.14
23.77
25.62
21.82
19.73
22.33
21.86
19.61
22.67
17.67
7.87
11.93
15.94
18.92
14.85
19.78
24.01
21.18
13.98
16.26
15.34
17.25
19.41
20.77
17.88
8.65
12.38
8.49
1
13.4
27.44
28.16
21.3
28.95
28.62
25.08
18.16
8.79
17.63
15.74
15.06
22.96
20.03
21.5
22.89
18.31
27.57
25.47
16.26
0.2
11.62
3.14
14.71
19.75
22.91
19.48
22.98
25.53
20.47
23.19
26.63
23.99
22.96
20.28
12.03
10.58
8.02
14.87
0.41
19.19
24.53
22.86
21.33
27.47
26.99
24.14
25.62
25.83
12.63
22.75
21.83
19.69
23.23
25.76
27.24
25.36
21.73
13.71
23.77
25.34
29.37
30.97
30.21
27.03
25.84
23.37
12.37
19.15
29.02
30.53
26.37
23.59
22.73
20.98
18.04
8.98
19.56
23.39
19.69
23.54
25.97
26.22
26.71
26.26
28.55
30.58
30.2
26.47
17.93
17.98
18
17.96
18.78
15.32
21.35
19.39
18.96
12.07
21.19
25.16
26.29
27.21
27.9
24.09
20.72
21.32
22.23
16.92
23.35
26.85
26.57
13.46
13.52
13.18
18.41
18.29
21.93
17.12
11.88
17.37
13.26
19.13
22.96
23.14
19.81
16.44
13.51
5.85
10.21
17.14
19.16
26.31
29.93
26.25
16.68
17.36
23.58
25.13
25.55
24.92
18.36
19.97
23.14
23.22
20.19
19.13
26.75
24.78
18.47
12.49
5.72
15.32
22.51
21.64
21
18.81
8.63
13.51
18.74
19.12
8.45
23.15
27
21.34
11.79
20.07
20.07
20.53
18.03
13.32
15.08
17.1
20.52
9.06
20.15
22.98
16.41
19.65
22.06
17.11
5
16.59
21.54
16.52
7.74
14.87
15.34
15.23
19.4
13.46
10.67
10.78
4.7
15.65
20.55
21.66
15.83
9.88
11.1
14.77
16.05
15.47
7.75
1.73
16.82
22.11
20.34
10.35
18.44
21.96
21.37
19.58
21.24
23.9
22.8
17.12
15.12
19.15
18
14.56
9.41
6.87
16.08
22.68
23.5
20.39
16.92
19.44
22.44
20.79
14.54
-0.27
14.66
19.16
22.03
22.23
18.58
12.34
10.66
1.5
3.34
8.4
11.91
8.42
16.12
20.72
16.68
8.65
10.73
5.4
3.09
7.72
5.09
13.01
15.07
13.5
15.08
18.42
18.53
12.98
3.6
9.78
7.75
12.16
15.63
14.91
9.96
15.13
15.47
15.62
13.99
14.69
15.24
15.39
16.45
12.68
16.1
17.24
15.16
15.33
14.8
11.06
15.03
23.48
21.31
11.85
14.55
20.86
15.83
9.1
2.55
9.85
15.25
23.17
22.43
19.57
-1.45
18.21
20.19
22.1
18.18
15.28
3.04
18.55
21.88
22.17
22.1
20.73
19.69
22.54
22.94
21.67
16.76
15.13
20.28
19.82
22.39
20.12
20.8
15.86
16.39
23.49
21.69
14.3
4.88
17.28
13.07
20.29
15.36
7.67
14.45
18.02
21.45
22.22
15.21
20.35
12.69
13.95
19.92
20.64
13.02
14.85
16.63
14.44
9.46
2.82
20.81
21.44
9.29
9.72
16.27
17.47
5.27
3.62
18.24
15.76
17.88
19.55
20.46
17.48
16.45
11.94
17.35
21.24
10.63
10.05
17.09
16.97
17.95
16.88
21.4
27.11
24.72
19.68
24.06
25.32
21.1
7.14
20.26
21.35
23.28
21.73
13.36
20.46
25.89
24.43
24.25
15.31
16.84
20.13
22.62
21.98
25.69
27.04
26.5
18.52
20.48
20.67
22.04
18.38
14.95
5.71
22.92
19.2
20.54
17.4
15.59
21.97
24.19
20.44
19.76
6.43
21.78
20.32
8.5
18.45
13.85
18.5
22.75
18.1
-0.5
10.4
16.25
14.95
22.45
22.37
15.13
16.68
13.66
20.6
24.78
23.91
21.94
18.02
9.89
20.94
26.83
27.53
26.31
18.36
13.98
9.45
6.5
7.85
12.91
23.11
25.66
17.18
18.14
17.94
7.32
15.37
16.39
12.77
-0.25
21.44
24.07
18.89
18.5
23.71
25.13
19.68
-3.37
9.97
19.15
21.79
20.82
20.63
21.64
17.69
8.07
16.2
-8.23
21.25
18.97
16.3
22.08
22.59
20.53
22.48
21.18
22.77
23.02
16.33
26.55
25.47
21.77
12.86
10.88
17.05
20.36
16.32
20.65
19.54
14.42
15.05
16.24
18.41
20.7
16.55
-0.05
18.76
20.95
14.59
6.31
12.02
18.79
22.11
12.53
18.02
9.25
19.56
20.69
23.31
22.72
13.2
20.99
20.22
18.68
19.07
19.04
25.05
25.02
20.15
17.75
5.2
17.52
18.11
17.51
21.19
19.58
19.68
21.03
16.38
20.15
13.38
12.77
9.1
23.47
22.77
14.57
13.62
11.82
17.6
19.68
17.57
22.38
21.35
19.98
22.51
21.12
19.45
17.6
18.41
22.83
21.57
5.64
18.98
23.78
20.88
19.16
23.89
23.93
23.31
20.92
12.58
15.8
18.88
17.98
12.54
12.3
9.29
12.46
21.65
22.09
14.98
16.22
14.53
10.28
16
15.47
10.97
13.99
19.76
19.83
9.3
18.65
19
11.25
18.12
21.65
24.38
23.22
13.75
13.49
18.04
10.44
6.73
10.46
2.72
-1.34
10.1
15.39
16.58
14.83
8.99
18.51
17.14
15.67
17.29
15.26
19.09
18.05
22.72
21.27
10.27
10.84
15.62
16.13
21.82
19.35
1.38
15.96
17.99
21.06
18.04
5.05
12.7
18.45
16.17
17.45
18.71
12.93
15.29
20.5
17.24
18.09
18.54
2.59
16.16
18.21
16.79
19.06
18.64
17.36
5.24
15.59
13.91
20.7
20.54
13.95
7.32
-5.12
10.76
18.25
22.87
22.14
15.84
-0.99
5.57
9.22
15.46
14.62
10.31
13.22
12.13
13.45
18.42
18.54
15.64
20.57
16.62
17.57
17.49
12.27
16.37
19.64
11.64
17.73
23.93
24.74
20.42
13.83
16.53
22.72
22.84
17.28
16.79
20.74
20.1
18.43
5.35
11.27
18.69
24.82
19.54
22.23
25.05
23.63
17.29
9.27
12.26
13.28
18.01
23.47
23.22
21.23
22.2
23.27
14.79
11.92
16.38
17.97
19.21
17
19.72
15.33
25.62
25.32
21.87
12.28
7.82
5.6
14.16
15.86
15.68
22.95
24.71
21.45
19.33
17.12
17.69
24.22
28.58
28.66
25.64
23.19
22.04
19
20.23
22.56
22.43
21.48
21.2
19.79
19.88
21.04
14.26
20.13
24.96
26.78
24.79
18.91
16.84
19.88
18.03
16.33
22.93
10.82
11.99
13.89
18.59
17.89
20.23
4.23
11.74
17.36
15.99
20.6
20.87
24.42
25.31
20.43
21.71
24.58
23.71
19.24
15.39
20.82
14.47
6.39
18.67
21.61
23.97
24.86
22.86
17.01
-4.02
10.85
14.88
7.78
12.81
6.5
20.06
19.98
-1.38
21.38
23.68
19.89
11.12
13.39
14.66
11.06
7.69
16.35
7.96
20.57
17.25
20.39
23.65
28.66
27.65
23.97
23.23
32.02
31.14
23.55
18.66
22.79
19.32
10.74
15.42
9.2
21.39
29.12
28.76
24.99
16.92
16.14
23.88
23.14
16.59
22.26
30.53
32.54
25.29
27.01
33.88
34.15
27.84
21.07
17.66
15.46
22.41
22.41
22.47
19.14
17.39
21.99
24.47
24.3
16.9
-3.23
22.63
24.95
16.69
21.68
21.64
28.09
39.64
44.27
40.34
26.94
11.3
14.89
4.1
19.25
20.97
5.58
12.93
5.9
6.49
11.42
9.69
11.78
17.15
-0.03
19.78
15.04
20.94
21.15
13.82
-3.82
15.63
18.52
13.04
18.7
33.41
45.08
46.25
38.4
20.53
17.23
11.3
9.05
19.83
26.57
26.19
19.7
12.81
16.41
21.53
16.4
18.42
21.27
14.94
16.71
15.42
19.32
22.38
35.14
34.92
27.05
21.19
14.4
17.88
22.98
27.69
28.69
26.05
22.07
17.03
14.4
20.63
23.45
22.42
19.51
14.95
16.77
20.19
21.33
23.29
6.9
23.19
23.09
20.36
15.03
20.85
26.83
37.56
41.96
36.27
16.85
21.36
15.89
16
22.07
25.55
24.13
21.55
27.9
33.88
33.04
26.52
19.94
17.03
12.35
9.81
11.15
5.41
16.77
19.18
18.46
23.7
24.71
22.21
18.57
22.71
37.57
46.34
45.99
36.47
19.55
18.55
18.83
21.61
20.19
18.42
15.29
6.51
6.71
19.17
21.55
18.19
15.9
21.44
22.72
16.8
17.36
21.66
16.43
22.54
21.07
23.26
23.76
16.22
22.1
23.76
21.48
15.04
10.06
21.99
23.74
19.67
20.69
22.78
22.89
21.33
21.72
20.03
19.03
18.74
21.79
18.07
20.8
16.52
9.71
20.05
21.48
17.57
15.22
23.64
35.2
40.8
38.1
27.43
21.31
27.88
30.57
27.08
17.69
20.57
15.96
22.95
18.54
24.11
30.15
29.37
22.73
9.61
16.62
11.81
22.81
17.7
17.63
18.63
13.36
17.73
8.1
12.72
17.59
11.23
-3.74
18.11
20.98
11.75
26.94
29.02
26.94
21.76
15.1
15.29
13.93
17.58
21.05
23.17
24.75
22.2
24.49
24.91
15.1
13.52
17.7
19.66
16.43
4.26
17.58
25.91
28.89
28.54
25.39
14.75
18.98
20.9
18.88
18.52
21.34
17.95
20.1
21.73
23.63
19.79
14.28
23.58
36.26
36.31
24.17
18.51
20.64
24.12
16.04
16.73
20.41
24.55
32.33
34.77
24.93
27.78
34.4
35.1
32.2
38.89
43.83
40.15
25.96
13.02
17.44
20.52
21.83
20.73
20
18.12
28.81
29.59
31.05
35.64
35.48
30.46
22.98
23.32
22.18
27.82
29.48
29.52
32.5
32.29
24.87
20.58
20.09
17.32
13.52
20.04
26.46
29.55
30.06
23.95
16.32
13.98
24.02
25.6
23.3
16.43
22.87
28.47
28.55
19.98
21.5
24.99
21.51
17.84
17.98
19.92
26.84
31.5
26.72
26.09
29.17
23.81
24.07
13.26
31.87
45.34
48.51
43.28
28.12
14.13
20.42
23.18
15.8
10.18
38.75
47.8
46.6
35.02
25.88
25.37
19.15
20.11
22.22
21.76
17.51
23.74
28.54
26.73
17.61
25.58
25.89
22.06
22.53
24.36
21.83
28.63
31.43
27.4
19.56
24.3
25.75
18.34
24.36
27.8
26.24
24.65
24.74
19.64
22.73
22.16
21.32
19.32
11.13
7.72
11.25
24.72
30.06
29.26
24.74
19.22
6.6
17.09
16.99
25.59
30.87
27.75
17.91
17.11
17.26
26.62
28.2
30.96
23.52
19.76
24.82
21.04
18.09
23.23
22.43
25.42
20.45
23.02
26.39
19.74
23.11
26.04
18.36
22.72
26.73
25.92
10.89
25.83
25.88
22.61
29.28
27.21
21.51
15.94
18.37
14.85
28.82
27.83
19.57
17.94
22.9
25.81
24.05
22.05
24.6
29.12
15.16
23.19
24.78
27.58
27.68
12.36
22.88
21.86
18
17.16
12.44
4.73
11.14
24.81
29.12
26.02
27.68
28.88
25.74
25.37
18.64
14.79
19.45
10.09
16.63
22.98
23.62
17.73
24.74
14.76
14
19.72
22.34
24.1
21.19
22.37
24.73
21.76
18.61
20.87
30.46
29.9
25.5
27.18
27.77
27.82
27.23
27.09
26.93
26.74
23.15
16.35
20.86
21.84
20.77
19.49
25.15
26.75
23.33
19.12
15.66
17.98
22.06
17.38
21.06
22.84
23.93
26.79
28.84
26.77
24.29
23.52
23.44
18.24
10.79
19.64
23.79
23.32
25.41
27.52
21.52
20.54
22.56
25.73
23.95
18.19
12.73
22.19
24.09
19.53
14.68
14.31
20.42
15.35
16.19
21.57
16.19
19.62
15.3
15.43
22.08
24.35
19.45
19.71
24.95
23.53
23.26
28.01
28.17
27.63
28.18
24.38
13.35
11.92
16.99
24.55
21.25
10.31
17.99
20.78
19.5
22.43
24.02
24.48
23.98
22.43
15.5
20.75
24.38
24.97
21.17
16.03
21.75
26.08
24.16
22.21
23.89
16.94
11.82
19.66
17.56
16.5
20.94
19.38
18.73
18.94
9.74
19.79
19.36
15.79
22.55
17.47
18.03
20.35
24.35
25.27
23.05
13.97
18.16
15.39
17.18
20.73
22.19
17.89
7.9
19.73
22.87
19.34
8.54
-7.35
19.97
21.39
13.67
18.91
24.69
26.34
24.54
13.77
17.36
25.2
27.25
23.61
18.85
14.3
22.26
25.1
24.3
20.34
16.25
19.53
-0.04
17.32
17.24
18.83
23.17
23.4
18.79
9.46
19.72
23.61
23.52
17.97
8.81
7.72
12.05
26.45
25.27
27.71
26.13
23.16
26.03
26.32
27.06
28.43
26.76
26.87
28.2
27.2
26.99
25.25
8.23
24.7
23.41
21.94
21.23
6.5
16.97
24.35
25.17
21.48
25.12
30.62
31.25
28.96
29.12
28.76
24.78
21.04
22.63
25.73
24.49
23.11
26.44
28.79
30.65
30.03
30.37
32.39
28.68
20.74
24.82
26.11
25
27.37
28.59
26.42
26.54
22.67
21.54
22.67
12.2
22.44
19.44
23.42
19.68
19.87
27.87
30.79
31.22
31.78
29.4
15.88
18.68
14.69
24.49
25.27
27.18
29.29
29.8
28.61
26.15
26.56
17.05
31.21
36.47
31.96
23.18
24.45
25.23
20.31
18.16
21.45
22.03
27.66
25.33
24.9
24.57
25.4
25.73
24.36
17.94
20.79
27.56
27.53
26.82
26.81
20.32
24.66
19.7
6.24
15.7
23.05
25.01
27.15
26.94
24.64
23.21
23.38
27.5
29.37
25.02
20.87
25.49
26.43
26.38
11.66
25.31
26.03
25.23
27.74
27.23
22.24
23.44
24.27
19.34
19.09
23.62
29.05
27.38
21.12
23.74
27.33
28.65
29.8
28.08
23.27
10.57
9.68
14.77
9.95
13.75
7.83
24.2
26.45
24.49
23.15
19.24
21.89
26.31
27.87
23.51
15.33
22.84
26.49
31.81
30.83
25.48
25.53
23.44
11.73
20.28
24.41
22.2
20.88
20.17
22.58
21.82
23.91
26.91
23.35
16.47
20.2
20.21
21.73
17.69
22.63
21.83
18.79
19.36
22.07
14.16
22.95
26.54
24.76
16.41
16.29
23.11
24.07
19.18
17.74
22.88
21.48
17.04
21.61
24.65
22.93
15.96
21.1
16.85
20.9
16.06
20.76
26.62
27.39
26.26
24.12
24.93
26.86
27.18
25.42
22.23
21.25
19.99
25.79
26.07
22.77
9.43
21.89
26.32
26.82
23.35
17.9
19.41
19.41
18.67
20.45
17.12
11.49
22.09
24.2
22.15
22.13
22.16
21.07
22.78
12.92
18.78
16.08
15.62
23.76
28.12
27.19
19.27
8.82
15.32
8.66
13.71
11.55
13.42
13.63
9.05
14.65
15.31
20.02
26.71
28.99
24.33
9.85
14.06
15.23
0.16
21.78
24.87
22.38
21.97
14.49
14.46
12.56
1.46
11.91
20.76
19.63
14
12.01
-2.48
4.75
18.33
17.27
12.12
16.42
21.44
19.78
19.12
16.39
15.24
18.68
15.57
4.81
8.22
18.18
19.03
0.87
8.85
14.57
18.01
18.56
19.09
19.93
23.13
25.17
23.02
23.2
21.68
21.71
22.19
20.81
10.68
21.37
25.67
26.93
22.59
14.25
18.8
18.34
18.85
19.44
19.76
24.42
22.98
16.61
16.68
18.48
18.99
14.76
11.87
11.91
11.6
10.9
7.38
10.63
5.17
13.47
20.57
21.12
17.53
-8.51
16.36
14.14
4.81
9.5
20.3
28.92
31.14
27.46
19.66
8.91
18.88
13.34
11.46
7.02
6.32
8.08
13.8
21.67
23.8
20.26
22.33
17.74
10.07
14.48
12.66
12.99
10.51
19.17
21.19
20.86
20.8
16.74
2.33
19.32
22.19
20.48
21.82
22.12
21.23
21.66
19.92
12.34
17.47
20.21
10.9
12.33
6
13.99
8.97
7.16
16.91
11.26
12.04
15.02
22.24
22.44
18.44
19.45
20.49
14.57
22.97
25.33
25.73
19.44
18.38
24.9
27.67
26.89
21.38
14.86
17.01
19.66
20.42
15.87
16.44
2.42
18.93
18.35
12.52
14.92
17.67
8.46
2.52
16.42
10.48
15.93
19.71
11.35
21.59
21.1
12.51
19.7
12.11
18.36
23.61
21.53
7.74
19.81
12.07
16.07
9.31
16.78
15.91
13.86
20.5
13.6
20.45
22
24.18
22.4
19.13
14.83
12.16
17.44
10.85
12.8
14.84
19.18
25.95
25.02
15.62
23.17
18.46
11.09
10.29
15.94
18.12
18.11
19.89
20.12
19.87
11.2
15.9
15.16
13.66
17.05
9.02
13.93
12.8
22.57
20.86
18.38
21.71
27.21
24.86
17.91
22.7
15.22
22.48
24.09
19.77
11.81
21.66
22.25
11.06
22.5
26.33
25.14
5.02
21.38
23.42
23.4
14.12
11.75
13.27
17.15
19.08
14.99
15.74
22.87
19.08
14.02
14.51
15.04
20.09
24.5
19.99
21.17
21.7
15.83
26.51
27.13
22.51
11.04
21.78
19.26
9.92
19.52
21.25
21.21
17.95
16.39
18.94
16.93
14.71
22.59
17.66
25.79
24.94
25.52
33.36
31.18
15.12
25.98
32.13
36.3
33.79
27.79
23.35
23.49
23.74
24.59
21.1
3.69
-6.58
21.42
23.46
16.29
16.72
22.05
23.76
22.05
20.96
21.28
24.65
25.8
21.21
13.94
25.56
26.72
24.59
19.63
24.94
21.85
14.57
26.39
25.63
11.48
9.42
17.41
20.7
17.73
11.86
11.85
11.92
14.57
17.41
10.76
17.54
17.1
18.31
16.44
17.46
-1.09
21.44
26.83
25.51
23.82
22.24
10.88
27.25
28.12
19.11
8.56
14.74
22.99
24.26
26.51
26.24
20.63
16.75
15.36
20.26
18.87
8.98
22.73
27.78
25.66
11.17
20.51
27.12
29.32
24.86
22.2
22.56
24.2
19.62
14.54
20.77
20.47
26.9
27.93
20.6
21.98
24.03
9.55
25.8
25.15
20.23
17.1
14.27
-11.89
15.94
22.36
24.48
21.29
22
20.57
17.39
24.05
24.04
9.87
25.11
26.49
13.93
22.4
22.83
20.93
18.63
18.47
22.34
26.25
25.8
17.09
16.48
15.68
10.17
5.65
-1.24
12.21
16.58
17.59
6.49
18.5
19.28
21.27
16.73
15.99
20.8
20.95
21.36
23.94
24.64
15.4
21.31
24.3
15.59
17.9
21.71
21.25
27.49
28.62
24.32
14.66
11.9
13.57
11.02
21.2
17.83
7.87
15.81
21.17
21.19
19.07
20.22
12.04
24.2
22.31
12.04
23.39
21.01
20.69
25.08
20.1
13.96
19.73
16.91
16.1
18.1
23.04
17.65
6.01
-2.77
18.16
22.67
22.62
13.6
14.03
17.08
13.24
17.63
21.54
22
21.91
23.86
23.06
21.52
19.83
13.62
6.49
16.88
20.38
14.27
16.09
22.72
23.97
22.07
21.56
19.16
15.05
17.49
19.5
19.79
19.34
18.48
16.48
6.82
13.25
11.36
13.79
20.96
22.07
16.74
16.34
18.7
13.72
15.96
19.64
17.24
12.74
24.04
24.55
19.84
12.06
16.63
19.5
14.91
12.48
15.97
18.77
17.22
17.13
19.32
15.19
10.65
17.42
16.1
13.87
20.53
18.94
20.5
19.95
8.34
13.06
19.86
21.95
21.45
18.88
14.31
16.21
12.73
9.36
15.71
15.65
16.85
16.26
12.33
12.35
7.71
11.94
14.07
18.24
15.03
7.3
14.6
19.07
18.37
20.68
21.73
19.46
20
12.81
10.99
16.92
15.05
4.52
1.35
16.55
17.23
11.46
16.94
17.31
12.22
12.12
10.42
3.86
10.91
7.31
4.82
2.28
16.22
20.12
19.59
15.67
16.77
18.61
17.62
17.92
15.06
5.65
13.22
11.38
8.65
6.04
12.2
13.77
14.74
17.94
15.23
15.47
11.42
6.86
14.6
16.19
5.83
7.84
3.73
16.31
21.68
18.6
10.99
5.85
9.54
13.13
10.03
2.52
9.01
11.01
13.06
9.24
14.49
14.4
11.37
17.54
17.21
18.12
14.6
12.21
11.42
6.54
16
8.53
19.01
20.36
14.6
9.24
13.51
12.63
12.79
18.87
18.35
16.53
13.82
13.32
19.21
17.3
15.69
12.67
9.42
11.48
5.01
12.82
8.69
15.37
8.84
14.72
18.74
14.26
16.59
19.62
16.71
10.18
13.93
18.5
15.63
5.42
7.98
9.92
4.78
15.04
13.99
10.65
5.91
13.39
8.73
13.04
17.76
13.77
8.83
18.97
16.87
8.17
13.57
17.24
14.79
11.45
11.85
16.42
17.75
8.58
7.5
11.8
15.09
18.09
20.33
15.28
13.28
14.36
12.19
10.15
13.85
16.3
14.64
11.64
8.01
6.23
8
12.93
15.42
11.35
13.99
11.97
17.31
14.16
11.3
12.05
-11.01
3.46
7.11
9.44
17.13
19.27
17.99
12.02
4.77
14.11
17.32
13.54
13.64
2.3
13.21
9.89
13.82
14.45
12.98
12.79
15.68
15.95
18.94
15.85
14.72
14.32
7.17
3.15
0.54
14.63
21.42
20.89
13.78
10.6
15.83
14.98
14.67
15.43
7.48
17.41
15.03
12.87
15.59
11.18
16.66
17.72
0.97
10.02
7.59
0.23
2.7
8.14
15.59
18.56
11.38
9.83
13.55
9.35
11.84
17.96
14.31
12.94
9.68
1.41
16.65
17.2
16.42
13.04
10.45
10.71
7.02
18.84
20.09
15.44
13.56
16.3
7.96
12.27
13.4
12.28
16.06
21.24
18.61
16.09
18.51
19.33
21
17.92
14.32
13.63
16.43
20.22
19.04
18.16
18.24
13.44
12.4
12.58
15.7
22.27
15.85
5.96
9.61
13.37
17.03
10.27
13.51
18.8
13.04
13.58
18.47
15.43
15.39
20.74
19.98
16.75
13.52
12.72
11.36
0.05
4.26
11.24
16.73
20.42
17.11
17.36
12.92
12.22
10.28
11.92
5.42
15.49
12.87
7.84
8.44
9.52
-2.43
17.41
21.82
20.58
17.19
16.65
12.9
9.61
15.73
19.22
18.12
12.59
12.13
11.68
6.73
7.62
15.29
6.76
12.44
6.39
9.16
14.03
18.01
17.55
13.13
9
5.22
9.71
17.45
18.72
16.02
3.15
1.94
8.91
8.56
3.19
-2.25
12.95
16.97
19.24
15.82
10.54
15.16
13.71
13.05
13.59
12.76
9.01
14.75
12.72
4.39
12.4
10.64
5.55
15.97
16.77
19.27
20.16
16.34
9.17
3.96
5.67
9.77
12.1
6.94
6.21
10.94
13
14.16
13
-0.28
11.64
15.67
14.09
8.54
11.49
5.4
-0.3
7.83
6.58
10.15
14.41
14.67
15.49
18.41
19.23
14.5
2.66
9.75
17.93
19.05
4.96
13.38
15.28
19.97
22.08
18.26
5.2
15.52
22.74
21.56
14.81
3.11
14.9
21
21.32
18.84
16.46
7.15
15.51
18.35
17.09
13.59
8.55
8.58
17.05
14.97
13.18
16.78
22.02
20.27
11.98
12.29
18.11
19.76
19.37
19.4
14.76
8.62
13.62
16.73
15.05
17.74
16.16
2.54
14.14
18.39
17.77
12.95
6.53
6.8
6.68
17.68
20.35
17.42
11.38
11.18
19.67
20.93
16.75
5.66
11.38
15.82
14.77
12.98
16.75
19.98
19.68
16.34
8.83
9.24
14.56
17.19
13.59
4.7
13.29
15.69
18.13
19.31
21.42
22.46
17.3
10.72
18.06
18.68
13.97
16.11
17.89
14.67
10.14
17.25
14.13
11.75
14.89
9.99
10.67
16.86
17.45
14.84
13.18
-13.64
17.6
17.86
14.1
14.09
7.12
13.16
19.22
18.33
19.03
17.34
3.35
15.51
23.3
25.31
21.98
14.34
12.32
17.58
20.41
19.12
19.4
21.15
19.66
10.48
21.35
24.2
21.42
17.93
12.62
8.57
11.06
18.76
22.7
22.38
20.7
17.49
-12.7
18.9
21.16
17.83
9.85
7.05
14.71
16.23
10.03
20.68
22.68
19.28
17.96
17.55
12.99
9.62
15.14
13.45
9.33
5.78
13.04
14.24
19.65
18.87
4.97
14.8
15.8
12.42
11.58
16.81
17.37
14.16
12.07
5.17
13.73
18.65
20.73
21.6
16.98
2.2
10.5
8.92
11.42
14.18
10.25
9.38
12.71
16.66
16.28
17.17
21.32
19.23
10.12
18.38
16.51
14.81
15.24
15.62
15.54
4.53
16.7
14.97
16.46
15.74
18.18
22.91
21.76
17.7
15.6
18.62
22.71
17.95
-6.99
11.61
9.34
3.03
14.97
20.44
18.36
10.24
19.14
21.06
22.02
25.15
23.3
17.62
5.59
13.46
17.76
5.28
16.87
22.39
23.96
20.6
13.24
18.64
22.63
21.77
17.06
4.07
10.85
10.53
11.12
16.86
17.31
15.74
13.63
10.21
18.8
18.56
21.59
22.27
18.77
15.74
16.09
10.07
15.72
19.76
15.39
-2.56
16.74
20
19.62
18.69
16.51
11.5
5.33
6.7
9.95
16.48
19.08
16.81
10.15
14.47
13.75
14.29
18.39
21.24
21.15
18.17
13.51
17.17
19.76
20.23
17.59
17.38
11.02
8.24
16.03
19.63
21.69
21.77
20.03
15.44
12.56
17.39
17.79
18.19
18.06
16.72
15.48
8.6
13.01
20.66
22.63
22.17
20.03
13.37
17.96
19.77
19.68
20.5
20.05
17.13
14.97
13.3
16.4
19.43
18.1
13.25
10.04
12.91
18.53
22.55
22.56
19.59
14.59
10.57
13.14
16.67
22.5
21.21
17.45
16.79
16.45
15.16
-2.42
21.02
23.25
19.72
10.13
14.42
21.87
22.82
20.34
19.83
17.27
6.24
13.11
18.22
21.65
20.78
15.98
15.3
12.98
14.2
21.16
18.6
13.04
12.03
16.07
15.7
10.39
12.12
17.72
19.15
20.23
18.72
19.87
20.06
22.64
23
22.2
15.97
2.55
6.35
15.21
12.69
15.69
16.39
11.68
19.73
22.55
22.3
22.51
24.36
22.11
16.39
9.5
15.63
18.59
17.34
19.7
19.13
16.34
19.72
19.88
21.76
23.25
20.59
6.5
10.47
14.29
5.77
2.96
6.45
13.16
5.48
8.24
12.52
17.28
20.47
16.97
10.98
11.15
11.2
5.68
9.89
11.36
-4.01
2.03
4.95
17.55
22.59
21.07
14.63
10.35
11.05
13.38
12.42
16.87
18.4
17.59
19.8
16.26
13.3
13.16
17.85
13.69
13.69
11.32
7.32
12.98
17.25
11.62
10.06
16.14
13.59
2.85
12.4
14.17
8.62
13.32
15.41
11.46
10.32
10.22
10.63
16.51
19.91
19.2
13.86
6.79
6.74
11.88
17.99
14.72
13.74
13.35
4.02
8.21
0.74
5.26
-10.55
12.23
14.24
15.65
13.31
6.26
13.86
22.23
21.33
18.02
17.42
14.93
13.63
-1.93
10.63
1.63
9.81
16.37
20.91
23.04
21.03
12.99
7.54
17.33
19.05
17.35
12.18
9.23
13.15
14.58
22.35
21.65
18.05
16.99
15.22
12.74
15.28
19.02
19.32
18.59
19.9
21.55
21.82
18.83
15.08
16.62
10.32
8.43
14.77
7.17
13.26
15.59
14.86
15.14
17.27
17.01
11.19
8.75
4.58
9.64
14.11
11.32
12.21
12.88
20.85
21.81
18.51
8.15
11.66
-4.98
11.3
10.89
7.17
9.39
10.33
19.37
19.15
13.7
15.32
20.44
19.54
14.13
15.02
17.04
13.84
12.88
16.13
17.9
16.37
14.84
17.2
16.12
12.46
8.4
9.95
10.81
11.65
13.34
10.26
8.68
10.08
13.16
14.59
17.76
21.51
17.1
9.14
15.43
17.04
15.73
14.23
14.46
19.52
19.69
11.6
13.8
14.93
10.29
-1.35
4.85
4.49
9.37
12.9
15.37
11.01
6.15
17.25
19.72
10.96
1.68
-8.87
2.59
14.08
17.6
16.96
12.6
5.17
7.92
10.52
18.72
17.07
18.22
23.67
22.75
17.12
5.57
9.9
13.33
14.34
20.36
20.98
11.45
11.29
14.3
13.63
13.48
12.12
-9.26
4.49
6.97
-12.58
14.85
14.75
11.67
10.24
3.73
7.63
7.13
14.42
20.6
18.73
9.46
11.82
17.28
16.11
8.24
15.58
18.11
17.67
12.06
13.22
16.57
18.01
17.42
15.62
14.1
17.42
13.25
11.26
6.7
0.78
5.57
9.99
9.63
4.18
11.62
15.72
16.02
15.42
20.64
20.45
17.2
15.71
10.17
17.33
19.18
13.81
16.59
17.6
20.48
20.31
17.78
13.51
12.05
16.61
17.83
16.87
10.85
8.12
12.91
3.43
13.15
17.48
5.26
15.47
19.31
18.52
16.04
11.83
11.33
9.63
1
12.5
17.23
15.98
12.36
12.97
-2.47
13.68
14.71
16.2
13.23
18.14
20.18
19.79
18.4
12.31
12.43
6.56
9.23
10.37
2.44
8.52
6.22
4.5
10.32
10.96
18.72
16.43
11.84
12.97
11.16
12.85
14.98
12.52
20.91
17.98
13.02
13.16
9.07
13.65
10.36
0.31
11.58
13.38
14.83
16.99
15.37
7.91
10.22
13.4
-0.63
14.93
11.35
10.75
18.26
15.48
12.72
20.02
20.63
14.9
14.7
18.22
15.4
14.2
18.63
14.19
3.6
9.91
9.13
13.28
16.65
10.64
11.23
13.98
14.36
12.46
13.23
6.55
2.77
11.92
16.51
17.11
16.04
17.88
18.1
17.26
13.79
-1.19
7.73
12.47
14.52
5.58
11.11
14.52
12.62
10.8
15.54
14.73
13.12
17.23
12.15
7.63
6.34
10.71
10.79
9.95
9.11
11.62
16.26
18.66
17.58
12.54
-2.73
6.86
8.49
14.26
14.86
12.66
12.11
18.4
21.14
19.24
10.98
10.57
8.22
7.22
13.24
6.61
11
12.19
11.21
13.48
9.56
5.19
6.23
13.65
12.63
9.18
6.28
-8.21
9.44
9.96
12.36
16.7
14.28
-29.84
12.72
15.4
14.27
11.36
15.35
17
9.69
15.11
18.98
14.72
3.83
17.79
19.71
16.4
15.66
9.63
18.04
14.24
11.02
18.31
18.05
9.63
5.26
13.32
14.82
14.22
13.18
-3.48
11.79
11.15
10.25
4.54
9.73
11.75
3.74
12.14
14.57
11.9
3
5.8
14.64
17.89
19.07
18.23
13.25
-3.73
4.43
10.81
4.66
4.93
13.4
12.29
12.51
15.67
18.15
16.95
11.78
6.51
17.09
18.54
18.66
19.57
19.09
17.37
15.71
15.6
15.3
16.68
16.69
11.58
4.73
11.3
13.97
5.93
14.66
18.25
19.35
18.5
15.51
13.23
13.8
13.97
12.14
15.9
18.49
17.56
9.93
8.03
16.91
20.33
16.92
9.18
7.89
0.57
3.3
13.23
15.38
12.61
11.3
17.52
19.36
16.02
10.44
-1.22
0.22
0.98
8.09
9.65
14.02
12.8
17.41
11.53
17.45
21.56
20.49
19.27
16.64
11.82
8.95
10.16
9.37
9.42
7.82
13.59
-2.06
10.95
7.77
7.4
10.15
1.43
6.52
12.73
7.95
14.45
12.67
-2.94
3.46
8.68
10.55
-1.14
6.62
9.29
11.02
13.35
16.22
12.27
2.85
2.71
15.99
18.37
14.55
11.59
1.67
7.61
12.04
10.26
8.97
4.22
5.94
5.47
6.16
8.97
7.96
7.21
5.71
10.77
14.67
10.34
1.45
6.22
4.36
-4.86
8.31
9.49
10.59
9.15
11.48
5.17
8.79
14.83
17.88
16.05
16.27
19.34
20.43
19.03
13.56
6.78
13.24
11.4
-7.43
14.91
12.88
8.66
13.02
12.88
12.55
11.98
8.65
-4.53
7.72
14.02
12.53
7.52
3.32
6.72
6.1
7.26
12.69
14.31
13.21
12.36
10.89
15.69
17.92
17.45
15.21
16.08
14.24
10.89
10.6
11.45
11.42
12.08
12.7
2.25
17.68
17.74
6.88
12.11
13.69
16.27
11.69
17.67
18.23
16.68
13.21
16.8
18.88
19.13
18.49
13.54
9.73
19.79
20.64
13.38
6.23
11.03
13.79
13.07
13.99
9.39
10.74
13.71
14.71
14.35
11.71
5.8
10.63
14.06
14.15
1.98
5.29
11.47
14.04
13.56
14.77
14.67
11.83
8.68
5.45
12.2
15.37
15.48
14.32
15.68
11.97
7.97
15.15
14.28
4.46
7.58
8.32
14.19
16.76
11.86
12.06
15.54
16.3
15.49
17.44
17.54
14.37
8.5
16.66
15.58
8.28
9.83
14.23
12.32
-9.44
8.72
7.02
-5.37
8.9
12.46
14.56
16.37
17.32
15.93
13.42
16.26
15.93
7.31
5.58
10.81
8.71
1.46
8.38
10.86
15.51
17.48
15.16
13.44
10.08
-1.13
7.48
11.11
11.12
18.08
16.61
3.9
8.31
9.6
6.32
10.06
11.19
11.09
0
10.42
9.67
5.79
-13.33
10.86
14.33
-1.07
4.54
3.29
12.71
17.36
14.83
18.16
19.08
17.31
13.4
7.48
12.13
7.31
8.86
14.49
9.92
-3.41
-5.08
4.59
11.57
13.62
19.12
18.14
14.3
13.52
10.28
11.94
14.02
15.83
17.02
14.14
8.69
-8.08
6.6
8.5
14.59
13.85
3.82
3.09
5.88
-2.24
4.73
-0.17
12.14
11.85
8.6
15.06
14.75
6.48
12.38
12.53
12.31
10.72
7.4
8.95
10.57
7.69
-3.95
10.75
16.54
12.78
4.34
12.22
9.54
8.98
14.14
15.43
14.48
10.97
13.01
15.36
14.31
15.05
12.62
17.15
18.29
7.46
14.28
10.73
8.17
10.67
7.36
-4.18
2.94
0.5
-8.89
9.47
11.29
7.44
10.67
10.01
6.79
17.33
14.38
9.13
16.78
6.8
10.65
13.25
10.99
10.5
6.55
0.83
2.95
9.02
6.23
1.51
-1.46
13.91
15.39
16.28
13.15
1.93
8.82
14.23
10.34
12.38
13.47
8.14
8.09
14.17
11.48
8.76
14.99
14.66
2.87
10.64
16.84
17.49
15.37
14.03
9.83
4.64
12.7
12.76
3.89
4.9
12.33
14.99
17.88
16.35
9.21
7.04
8.97
11.17
15.94
19.62
20.78
18.47
15.53
12.85
-2.48
9.78
11.44
9.76
9.96
10.52
-0.6
7.15
8.83
16.8
15.66
16.74
15.9
12.92
5.69
7.2
13.33
11.66
11.66
20.27
15.56
1.6
-12.6
7.6
12.31
13.86
5.54
-0.64
-1.35
7.2
13.21
13.08
19.48
22.3
18.18
11.85
12.23
6.46
14.02
14.46
11.64
8.28
12.56
13.62
10.75
12.71
16.46
14.14
4.9
-1.98
8.97
13.69
16.63
14.09
16.73
16.81
9.63
-3.64
8.39
11.61
14.82
16.86
18.64
17.58
9.31
1.48
13.67
13.19
10.16
8.39
8.84
16.71
6.63
13.61
13.5
5.47
10.16
11.73
12.2
5.32
6.66
7.3
-1.67
12.15
14.43
9.75
11.29
7.9
11.46
10.38
11.73
2.81
5.23
9.53
15.66
15.16
10.88
-0.01
-4.16
10.28
13.5
10.91
-6.09
2.43
11.45
14.34
10.05
4.03
-5.85
-5.9
4.01
4.55
16.92
18.48
10.15
7
3.99
12.95
0.55
10
7.85
15.58
11.91
7.21
13.4
14.4
2.27
4.96
17.5
22.04
21.72
17.27
12.24
14.26
-7.27
4.11
13.89
16.37
17.09
16.68
14.68
13.37
12.42
11.93
13.22
9.9
4.51
9.25
13.09
15.62
10.5
4.29
-0.56
10.42
16.47
14.94
10.93
15.68
20.19
17.57
9.97
-6.12
0.47
5.5
12.37
12.22
12.41
13.95
6.65
1.72
5.61
8.46
12.64
9.91
4.12
6.89
8.32
14.48
7.41
11.4
5.5
13.98
17.71
19.92
18.78
13.93
14.9
15.96
15.67
17.03
17.37
14.75
14.91
11.8
13.29
11.52
13.87
10.39
5.46
9.41
-2.31
8.96
3.52
13.66
10.92
-1.69
-24.29
7.57
9.78
9.48
9.52
16.17
15.91
16.15
9.23
11.97
13.31
5.89
6.91
14.43
11.37
8.4
7.18
4.14
-6.16
8.96
12.12
7.71
9.92
11.63
16.46
16.94
12.47
14.51
17.95
18.86
15.63
10.78
10.34
13.2
10.94
8.25
7.54
15.61
17.45
15.36
14.19
13.99
-2.26
7.97
12.29
15.09
12.27
9.6
15.39
17.16
17.5
19.69
19.89
16.26
11.45
7.85
8.79
11.64
13.3
11.47
4.05
3.3
8.15
13.39
14.94
13.55
12.57
12.46
9.79
12.99
13.71
8.21
7.11
-3.72
14.28
16.75
9.76
14.09
13.63
12.56
14.67
14.63
15.13
12.03
15.69
14.93
7.72
-0.81
-2.74
8.66
13.03
10.98
17.79
17.79
15.99
14.71
9.53
11.19
13.3
14.03
13.61
9.72
11.1
15.69
14.11
2.37
7.11
12.02
9.39
11.6
9.55
-1.66
-14.75
7.2
-1.21
13.65
15.77
12.43
14.58
15.06
17
18.26
18.04
18.64
19.76
18.44
14.68
10.02
13.44
18.28
19.12
15.1
5.54
9.44
16.16
17.81
16.35
12.09
11.25
14.29
14.77
14.48
14.45
15.08
14.69
11.43
8.78
14.27
15.85
16.33
17.53
20.46
22.35
19.07
13.25
16.25
17.18
17.79
16.11
8.24
16.94
19.57
19.93
18.96
17.98
16.92
16.01
14.16
13.62
10.05
5.9
3.43
13.5
16.79
16.76
20.09
18.97
16.15
16.99
18.26
19.83
19.28
10.96
2.55
5.79
15.08
16.73
12.81
3.29
-10.73
6.92
15.84
15.69
16.2
15.36
11.85
9.22
13.53
16.12
16.78
18.37
18.43
18.83
18.78
17.78
16.27
13.35
10.65
14.39
12.66
4.88
5.6
1.44
0.09
7.52
13.89
17.37
18.13
16.92
15.73
16.51
16.56
15.91
15.4
13.57
10.69
9.19
4.45
-0.28
15.09
19.41
18.91
19.22
20.88
20.52
18.05
13.9
9.73
10.63
13.94
16.48
18.62
18.49
19.11
17.6
15.35
9.9
1.88
-6.92
4.67
13.51
18.55
14.75
4.43
1.09
11.41
13.89
10.09
0.56
6.29
2.59
7
5.21
0.2
3.35
15.02
15.71
11
9.37
14.61
19.18
19.14
21.07
21.11
19.41
19.3
19.13
15.47
3.35
10.83
15.74
18.53
17.68
17.25
16.83
12.55
15.76
16.51
12.23
15.59
18.81
17.12
12.74
15.69
18.89
13.14
8.21
10.86
5.92
13.03
16.03
19.23
19.5
17.23
17.29
15.06
12.36
10.97
10.79
13.45
15.8
17.66
17.25
15.18
14.54
15.26
15.37
17.14
15.91
10.13
8.95
17.49
16.98
12.84
10.15
10.99
15.05
15.24
8.56
6.65
6.68
9.63
-2.65
6.32
12.08
16.12
17.65
18.24
18.99
19.67
15.92
10.76
13.56
12.13
-4.99
7.48
5.33
1.77
12.2
12.62
9.79
11.63
8.47
7.41
5.25
9.91
7.39
3.66
13.28
14.6
13.14
14.82
15.93
16.35
17.78
17.43
12.16
12.14
9
-9.67
8.06
8.06
3.21
3.74
4.16
-0.57
1.21
13.42
16.45
11.43
8.79
16.06
17.14
18.4
16.06
12.41
13.46
14.74
15.72
15.3
14.66
13.69
11.4
11.73
14.74
12.57
12.35
11.18
12.85
9.94
14.15
17.99
17.15
16.62
16.72
13.96
14.66
13.12
11.37
13.58
8.06
-10.55
5.32
5.54
1.95
15.45
18.68
16.46
14.08
18.68
19.13
16.05
11.88
11.75
7.54
2.47
5.13
14.52
15.36
6.14
13.19
14.65
13.52
13.39
12.08
4.89
4.23
10.66
13.37
14.88
15.98
14.91
12.96
11.5
11.74
12.8
9.33
6.83
14.49
10.22
0.52
5.53
4.63
10.54
15.64
12.21
8.65
12.95
16.26
16.92
13.95
-0.75
-4.22
9.43
4.73
11.2
12.81
12.36
9.76
9.25
17.75
19.98
18.32
11.95
7.62
10.52
11.15
10.49
14.14
13.63
5.09
6.75
-0.96
7.57
10.39
9.63
8.47
14.14
10.36
13.32
13.55
13.16
10.87
4.21
13.27
18.3
16.15
4.76
2.09
0.87
10.46
15.39
15.31
9.32
13.36
15.02
13.67
12.98
5.36
13.38
13.62
10.98
13.79
15.43
14.13
12.13
11.99
11.06
6.53
11.04
13.62
6.8
12.52
13.76
16.04
17.21
9.12
11.4
15.74
13.34
18.19
16.37
7.41
8.58
11.56
13.25
11.36
5.83
8
9.05
6.26
5.23
9.46
12.93
15.91
10.96
5.13
13.11
12.86
13.06
12.82
19
17.41
12.98
7.39
15.54
14.1
-24.02
5.84
-1.81
14.83
14.69
1.27
0.29
5.64
3.55
8.27
6.39
4.18
13.66
16.48
16.76
10.1
6.9
9.02
17.54
16.18
13.9
0.55
7.75
-4.42
-0.07
4.26
10.41
11.74
10.94
9.22
4.98
-0.4
15.35
16.87
4.83
10.05
11.23
7.13
4.74
3.07
12.79
9.5
13.08
14.73
14.17
14.79
10.35
15.56
11.1
8.52
15.32
16.17
14.54
4.98
7
11.52
13.91
2.12
3.54
11.94
11.23
12.5
12.02
7.25
13.58
15.2
0.59
8.15
7.31
12.03
16.17
14.11
9.16
12.09
13.78
11.44
11.13
10.25
9.48
10.41
13.01
6.55
16.3
15.66
16.21
8.94
11.9
9.96
10.53
16.36
18.1
11.63
1.43
10.52
9.66
10.06
7.49
5.97
8.88
10.82
15.18
12.51
5.63
6.26
8.43
7.58
9.01
12.85
13.05
12.94
15.58
16.47
14.45
14.29
14.98
11.06
5.07
7.82
10.26
8.48
0.3
6.02
12.07
12.15
1.89
12.79
13.2
11.99
3.61
4.59
16.21
17.68
10.85
11.5
14.47
14.55
11.42
13.97
15.33
10.96
12.56
15.46
14.33
12.39
9.54
9.3
15.18
18.1
9.05
12.95
11.34
-4.28
4.54
2.1
10.53
14.39
13.2
2.31
12.64
12.24
10.45
5.5
1.48
0.08
1.55
0.89
10.12
11.64
6.13
15.6
14.55
8.74
2.12
5.32
8.31
8.67
11.48
15.93
17.92
13.71
-1.38
5.92
7.73
5.97
11.2
0.73
7.37
9.18
-0.82
12.64
16.01
13.07
10.79
4.48
3.13
7.06
-8.45
-0.85
8.01
13.62
7.1
13.06
13.17
12.88
18.95
9.75
16.66
18.93
14.58
9.63
14.54
12.38
10.23
15.88
10.38
9.21
10.35
15.97
14.95
3.14
2.38
11.7
9.37
9.48
16.77
17.1
16.2
15.62
14.81
11.46
10.09
13.04
12.59
18.01
17.38
13.33
12.47
9.16
7.78
14.43
14.78
14.2
14.89
14.16
14.02
14.27
15.28
17.86
14.36
10.96
9.35
1.64
14.06
15.42
9.31
11.52
12.04
10.27
5.85
6.77
15.3
15.55
11.66
12.69
13.75
10.59
5.48
10.18
13.83
14.24
20
