13.34
12.04
13.13
13.12
9.92
10.13
14.42
13.09
15.75
14.84
7.87
-3.6
8.17
9.03
10.07
12.49
13.61
9.95
4.24
7.32
9.85
11.76
11.97
12.97
11.94
6.64
14.36
14.95
12.12
7.84
4.88
2.65
7.97
12.92
8.44
4.63
9.17
-2.63
7.77
-0.2
9.46
13.6
11.2
0.28
3.48
7.28
12.09
11.79
8.15
8.17
2.65
-3.14
4.15
2.02
2.42
-2.12
6.71
11.41
11.43
13.05
11.63
6.36
10.43
5.44
4.12
8.61
7.15
10.47
7.24
3.19
8.55
12.96
9.49
12.07
13.47
14.22
13.42
13.13
9.23
10.53
12.06
4.28
3.29
7.4
9.31
9.58
9.46
9.08
8.96
11.06
13.05
13.51
-3.87
13.23
13.43
5.07
5.2
-1.16
-2.77
4.12
5.09
2.7
-4.2
1.67
9.21
13.32
8.95
13.81
12.79
12
13.32
9.88
6.28
7.28
1.52
4.49
6.76
6.67
8.14
6.62
6.45
9.58
9.61
13.67
17.23
15.54
15.45
17.91
16.65
11.55
7.59
18.02
17.52
11.26
10.95
10.35
0.89
4.76
10.55
13.36
12.68
7.31
7.75
13.57
13.65
6.09
9.44
12.67
15.1
10.41
-0.44
9.11
10.49
10.94
-0.14
11.19
14.59
13.87
-0.04
9.42
11.9
14.7
13.35
10.79
1.87
12.43
14.39
10.42
6
5.24
2.6
-8.67
-6.99
6.35
13.39
10.24
2.7
7.78
9.11
7.67
8.2
10.01
9.63
6.16
1.27
-4.17
0.44
3.37
6.09
8.1
2.76
11.72
12.78
8.84
2.2
3.33
5.2
11.98
21.39
24.36
23.68
21.37
17.32
14.24
11.36
2.9
5.31
7.43
10.43
5.05
6.05
7.79
-14.53
7.87
7.71
-0.93
3.97
9.27
4.2
1.94
9.72
13.09
11.48
10.84
12.12
7.99
9.55
5.77
-7.46
1.58
-4.88
7.97
9.97
10.06
8.68
3.64
2.21
12.52
13.92
13.61
11.2
3.36
8.29
14.86
15.66
11.31
9.24
15.25
17.71
13.14
4.99
11.46
11.5
7.68
9.65
3.64
12.53
14.15
9.2
2.07
3.58
4.88
-4.55
0.73
2.32
10.26
8.7
9.05
13.69
13.71
6.39
7.07
16.3
18.87
18.67
16.16
13.64
11.61
-3.13
10.89
11.87
7.38
-2.62
2.49
9.34
4.1
3.5
7.99
3.47
6.64
11.98
16.49
17.41
16.25
12.43
12.17
1.84
-7.44
6.82
10.09
10.47
9.58
5.18
-12.74
2.68
5.94
12.28
12.88
-0.23
8.03
12.08
11.02
9.68
9.26
11.06
12.06
10.36
7.11
7.29
8.96
13.7
14.29
11.89
15.78
14.94
14.81
15.35
13.84
13.71
13.2
7.33
10.88
11.54
9.93
1.53
11.03
10.11
10
12.31
2.08
6.67
5.52
1.06
4.49
-1.55
4.05
1.14
-3.27
3.98
7.97
10.3
10.61
6.13
10.87
11.19
4.95
-7.99
4.74
10.52
10.38
1.12
5.59
10.3
5.89
8.14
7.35
11.9
12.22
7.7
4.99
0.9
9.28
13.84
14.93
15.14
5.01
10.87
11.85
9.24
10.22
13.25
11.05
6.31
14.6
16.84
16.06
15.58
14.72
11.52
8.39
8.31
10.11
15.05
13.77
11.22
10.69
11.18
9.84
9.87
8.64
8.3
13.06
13.14
13.11
9.55
10.36
14.53
12.51
6.35
8.36
13.67
15.22
11.79
2.64
4.7
8.5
-1.07
10.26
9.3
4.72
5.02
14.11
14.83
11.08
7.38
8.51
10.51
12.21
15.33
15.27
12.72
8.45
4.35
6.58
11.75
12.7
6.44
1.11
4.1
10.77
9.57
0.23
2.27
-7.29
1.25
0.67
4.99
9.02
10.22
12.7
12.41
12.61
13.08
13.36
9.57
-3.74
7.12
2.04
12.37
15.62
12.84
12.42
15.42
14.07
13.96
14.25
3.95
16.69
17.96
12.26
-0.3
7.65
9.31
13.95
13.95
8.76
11.42
12.57
1.82
3.05
5.76
8.22
10.67
5.96
3.55
6.87
3.49
2.68
-1.48
4.73
9.38
2.18
3.54
7.77
7.26
9.29
11.94
10.57
4.4
-1.18
4.01
9.82
9
7.27
5.54
9.08
1.52
5.23
4.39
10.62
15.04
14.49
12.86
5.75
1.17
2.98
-2.4
3.87
8.38
8.24
9.87
10.98
11.54
1.91
11.86
12.25
5.2
1.23
9.35
11.66
11.2
8.88
8.79
-0.85
4.01
7.6
9.09
11.44
6.79
0.98
4.96
11.05
4.91
6.74
2.36
11.31
18
17.69
8.91
6.92
9.59
10.66
10.7
7.83
7.19
2.11
-9.22
-3.45
9.13
7.44
7.37
10.61
8.09
12.12
10.09
-4.49
-7.98
3.62
9.59
10.04
10.74
12.56
12.13
16.19
17.29
14.57
11.83
5.26
11.09
12.69
15.55
10.73
3.85
10.18
7.8
-3.39
4.77
-0.26
-1.39
-7.38
3.8
0.06
12.7
13.32
11.51
11.37
10.87
6.59
10.51
22.46
23.9
17.26
1.78
0.23
5.76
7.36
8.46
15.87
19.29
14.23
5.9
5.77
7.67
10.43
7.83
5.29
9.89
7.68
-2.46
12.59
16.63
12.79
8.08
6.12
11.02
7.92
9.75
13.15
13.49
13.2
8.29
9.85
11.53
8.55
7.34
7.43
11.38
12.96
15.03
14.19
9.17
4.94
6.23
7.13
-6.21
7.64
8.72
7.99
6.05
8.53
10.71
8.43
8.27
15.8
18.58
13.77
5.34
10.81
1.79
12.71
9.93
9.74
11.25
13.64
15.76
15.68
10.75
2.82
10.3
9.83
12.11
7.17
1.68
4.07
10.36
13.81
10.92
-1.49
2.22
5.18
6.32
10.36
13.8
13.82
10.23
4.81
1.44
10.02
11.93
8.64
10.31
11.75
7.94
3.14
2.35
11.31
5.54
5.36
4.65
-1.41
4.71
10.09
7.18
9.78
16.35
16.32
13.3
6.83
-7.3
8.65
14.53
13.78
12.34
8.88
10.06
14.07
12.98
11.61
13.43
10.62
6.11
-0.6
6.67
13.16
12.28
15.22
16.29
14.68
9.6
10.62
3.47
11.73
17.33
15.8
7.27
13.95
14.56
15.02
12.25
11
16.96
16.05
11.02
9.53
11.18
4.36
12.83
14.9
14.23
11.13
7.46
7.16
1.19
5.8
1.5
1.87
5.42
7.33
5.45
-1.5
6.02
0.19
-7.58
7.22
11.79
15.24
14.83
2.91
-5.09
2.4
9.78
13.37
10.41
-2.38
4.1
11.17
8.22
4.99
8.53
8.18
2.96
6.92
13.77
15.53
6.49
9.93
9.98
1.72
6.88
11.52
11.74
6.57
5.6
14.18
15.47
9.91
11.51
10.67
5
11.97
10.41
21.48
21.74
20.66
18.45
16.05
19.45
21.46
18.23
13.23
18.15
24.34
24.83
24.02
25.17
22.6
19.66
15.69
-1.3
0.51
14.35
26.16
28.53
24.1
16.03
19.63
23.71
26.52
19.32
18.36
12.04
14.83
21.19
24.1
21.77
19.33
18.1
2.59
13.67
17.1
19.39
9.48
13.28
21.43
19.45
16.72
24.97
23.58
20.22
16.53
20.96
18.74
17.82
18.57
15.94
27.23
26.86
24.1
14.08
19.94
23.24
25.06
24.97
22.06
11.81
9.56
14.59
21.9
24.01
18.21
15.1
10.65
12.13
9.77
12.15
16.03
25.12
25.38
22.93
24.49
24.44
22.84
22.35
18
6.14
9.69
20.65
16.09
12.71
17.75
23.1
17.76
23.47
24.94
19.71
14.98
14.67
5.92
24.5
26.12
19.21
8.45
15.78
20.05
20.8
17.15
4.32
14.18
6.65
16.36
23.86
25.66
22.61
12.48
16.86
21.43
16.81
23.42
23.46
12.65
12.58
19.85
18.09
10.7
17.1
21.65
26.42
26.23
16.8
13.25
21.92
29.36
28.96
25.01
19.49
16.63
27.34
26.67
20.06
20
19.42
16.84
3.3
16.88
14.8
11.75
13.32
21.91
28.41
26.77
18.21
16.88
20.01
21.04
18.66
22.4
21.44
7.53
15.6
17.04
22.59
26.59
27.17
22.35
24.84
24.92
19.61
21.31
8.01
22.77
22.75
24.56
28.25
24.45
18.07
24.12
24.67
4.45
19.15
15.27
21.14
26.04
22.11
22.58
18.91
6.64
21.03
24.8
22.75
14.25
19.4
26.28
26.26
22.78
16.46
19.03
17.48
-2.99
19.13
24.03
26.22
26.07
24.64
21.87
18.98
24.33
27.12
24.28
12.24
9.79
11.09
-2.17
6.62
16.86
17.59
20.37
20.02
13.72
22.58
22.33
21.21
20.06
25.16
21.52
10.54
13.2
19.93
23.02
20.46
17.66
17.01
-3.02
24.53
26.18
21.94
9.05
18.61
20.59
19.21
19.87
17.99
16.25
8.33
11.45
13.72
16.98
1.93
12.7
6.5
15.07
13.51
8.48
15.08
14.93
10.88
19.99
25.88
25.46
22.92
26.63
21.59
13.94
20.65
23
21.32
13.75
15.41
15.91
13.97
15.52
13.57
13.52
16.38
19.14
17.09
16.75
23.01
17.71
4.58
11.73
13.91
13.47
21.16
20.01
23.11
25.03
19.97
17.48
22.66
18.16
5.69
8.28
16.19
16.51
16.52
13.73
11.19
16.66
15.11
19.54
24.15
24.56
21.22
7.6
16.57
14.98
-8.76
7.5
-8.95
18.19
22.82
18.35
18.89
23.01
8.89
25.39
25.82
20.32
12.95
16.12
12.17
11.44
15.83
13.6
12.21
12.96
14.6
18.57
22.01
18.89
16.16
20.1
18.63
6.82
11.84
12.16
1.6
10.04
14.21
14.52
11.88
13.52
14.54
15.97
19.56
19.69
16.2
15.2
20.83
23.85
24.64
24.59
21.5
11.11
14.31
20.23
21.66
17.94
15.3
17.34
14.15
6.3
0.53
2.72
16.57
19.61
15.72
10.2
9.9
11.27
12.87
7.69
3.02
4.71
9.83
12.53
12.92
13.03
15.51
14.73
10.28
10.93
9.12
0.56
6.6
13.8
13.66
10.86
9.42
5.34
3.68
5.18
7.59
5.23
8.58
6.02
0.54
7.68
5.97
-2.56
0.95
21.53
20.17
18.6
13.67
9.53
17.27
5.59
16.52
17.98
19.25
21.23
22.41
23.31
21.33
18.42
17.03
17.87
22.58
20.96
14.12
14.35
8.68
2.91
16.95
20.08
21.67
14.78
12.31
18.47
18.73
12.44
-8.46
12.64
23.3
25.8
24.48
23.32
20.91
19.61
17.05
-0.24
15.11
16.41
12.04
-6.65
17.71
22.93
21.63
18.78
18.32
20.96
22.26
21.22
21.37
16.41
17.36
18.37
21.59
20.92
16.1
21.74
26.05
25.24
20.76
19.82
23.21
22.84
14.35
20.03
26.19
28.09
26.92
25.21
23.95
20.06
23.02
26.39
27.24
25.05
22.24
22.43
25.69
25.42
23.46
25.03
25.47
21.15
22.26
22.63
27.17
28.27
23.69
21.06
20.28
17.69
18.17
20.17
25.84
27.26
22.63
23.18
25.9
28.01
29.2
25.68
24.02
27.66
23.39
15.95
25.57
25.12
17.89
11.41
17.34
20.88
23.14
22.35
15.82
11.44
18.82
21.05
24.57
23.66
19.86
21.07
21.23
18.01
11.92
8.34
9.25
19.49
24.14
22.72
14.63
18.1
21.85
15.65
21.64
16.69
18.5
21.41
12.79
19.95
22.49
18.41
16.77
16.78
20.31
23.84
12.37
23.89
20.48
19.36
22.7
11.43
17.08
24.43
28.22
27.6
24.35
16.41
23.21
21.61
12.76
21.89
20.92
13.18
15.42
11.83
2.84
15.06
24.21
26
15.17
20.39
17.17
6.18
16.87
18.01
20.39
21.66
19.46
19.36
22.33
22.79
20.04
21.17
17.8
21.65
22.71
10.36
14.28
15.79
17.7
21.92
20.66
23.23
25.28
23.91
18.75
17.94
18.72
19.51
21.63
19.27
8.87
5.51
13.21
0.4
-3.17
14.74
21.34
20.97
20.71
21.12
20.09
18.33
6.58
11.61
12.35
20.26
22.78
17.22
9.14
19.44
21.58
25.31
25.53
17.66
22.79
24.75
20.09
21.73
22.56
22.32
18.22
15.82
13.72
5.12
19.23
6.67
23.95
26.07
23.94
12.39
23.51
16.61
18.96
17.74
19.79
24.13
17.42
23.74
27.68
26.3
21.36
19.56
22.36
23.85
18.73
12.11
17.75
22.95
22.53
22.24
24.34
21.7
7.92
22.98
23.04
20.83
-0.41
22.11
25.78
24.59
20.02
13.79
18.27
19.16
18.36
16.33
19
20.51
-3.2
17.8
14.07
10.73
17.64
21.4
17.28
21.79
23.73
16.06
15.59
18.56
16.19
4.16
19.84
18.74
19.28
17.6
18.8
20.57
11.49
5.35
11.77
14.23
5.74
18.18
24.58
24.67
23.97
20.5
16.65
19.7
7.38
19.34
23.54
21.55
13.25
16.46
9.6
10.44
8.21
8.31
14.84
19.73
23.22
24.58
20.68
15.65
18.46
11.73
16.24
9.01
6.84
17.16
13.98
20.15
23.68
19.14
21.28
23.96
22.3
4.45
20.81
23.29
18.27
11.51
15.24
17.97
21.41
18.67
13.73
15.09
4.07
21.14
21.77
14.03
12.74
6.94
4.24
9.64
14.11
22.94
20.17
10
18.29
21.98
18.86
14.09
11.98
10.65
4.72
16.59
22.35
23.11
23.07
21.36
7.93
19.32
19.18
19.77
18.18
14.09
19.07
18.61
15.17
11.75
12.74
14.13
24.45
25.15
18.86
15.95
21.77
22.8
21.22
21.22
16.55
13.22
23.48
27.1
26.19
20.16
13.22
17.43
18.23
24.62
28.88
26.5
11.16
17.66
20.08
18.03
16.83
11.93
13.52
22.68
23.17
19.9
13.29
16.59
18.88
21.14
24.72
24.68
21.77
21.49
23.73
20.76
3.17
16.77
20.67
21.9
20.95
22.59
24.29
25.78
26.38
22.55
19.42
22.63
21.2
17.62
10.15
23.23
24.83
21.33
6.84
16.17
18.85
24.7
24.71
25.98
27.28
27.3
26.74
23.84
18.22
22.46
21.31
21.22
17.4
14.97
19.26
15.68
15.2
20.44
15.41
19.35
20.26
13.04
25.18
24.78
23.85
26.47
27.72
25.89
23.35
20.38
18.04
14.7
15.44
23.42
18.98
19.25
25.33
28.25
27.28
21.55
7.07
21.27
24.3
25.11
23.16
17.66
16.84
19.41
14.38
16.3
17.63
11.81
16.49
19.48
21.47
20.4
19.25
24.2
26.85
26.87
22.86
19.27
18.29
19.79
20.43
13.61
15.14
23.95
26.93
25.61
18.6
9.62
20.98
25.49
25.71
24.38
25.06
25.78
21.74
17.98
22.56
21.77
25.79
24.02
20.85
19.15
7.59
17.61
10.66
0.59
23.12
29.4
26.06
24.7
24.24
17.46
18.9
18.71
24.9
23.97
17.35
20.8
29.54
31.11
27.93
19.47
25.53
28.3
21.99
10.1
17.72
12.55
18.29
17.91
21.4
24.15
20.48
21.3
25.43
21.22
24.65
25.16
15.35
13.28
14.63
16.85
23.16
40.39
45.31
41.03
23.52
23.02
18.79
19.77
24.89
27.77
24.18
18.91
14.1
19.39
23.19
16.56
3.2
21.55
21.21
14.77
19.6
11.6
19.31
6.01
18.37
20.01
18.52
15.38
39.13
45.7
42.93
28.85
18.62
22.69
20.2
18.89
19.9
0.05
16.35
22.41
29.88
30.83
27.71
26.61
25.7
25.19
26.98
26.09
20.87
23.48
22.52
27.66
31.33
26.47
24.15
26.03
24.51
17.21
22.69
22.1
19.92
22.92
19.76
17.75
19.98
20.24
16.56
18.41
17.08
22.29
22.86
20.5
24.52
26.18
24.65
21.34
20.67
21.92
11.42
6.26
15.15
36.06
42.02
39.07
27.14
20.63
19.99
22.93
21.29
28.1
29.93
28.22
26.84
31.07
29.07
14.57
15.41
12.05
11.83
14.02
23.33
23.44
20.02
20.7
20.28
20.71
22.74
24.57
22.87
21.72
15.83
32.73
41.72
41.03
32.02
22.57
22.21
23.6
26.71
27.13
25.4
14.82
16.78
21.22
22.3
21.63
16.67
15.09
21.07
23.42
23.32
22.06
20.06
23.6
26.94
23.97
18.65
22.99
24.28
22.43
16.22
15.65
18.59
10.71
5.35
22.22
25.53
24.38
22.26
24.48
24.79
16.49
16.55
17.57
20.52
19.16
20.61
24.99
24.69
21.47
22.05
26.73
39.85
45.34
42
25.34
19.12
20.63
21.8
8.44
21.38
19.08
20.74
23.69
23.45
20.77
17.4
23.76
28.26
28.45
24.54
24.6
26.53
26.08
26.41
24.5
16.38
17.79
22.78
26.84
29.6
26.57
19.63
16.89
19.86
20.89
19.27
25.47
34.11
35.55
28.42
10.87
14.51
21.82
23.32
24.38
24.67
24.7
28.61
24.9
16.03
13.71
7.38
12.6
11.6
20.38
24.75
21.02
18.82
23.15
21.69
20.26
21.96
18.95
18.79
21.09
26.69
26.31
15.05
17.77
18.14
23.46
25.21
22.59
22.9
32.64
38.29
35.12
23.95
17.25
18.89
21.25
22.73
17.97
17.84
32.72
33.58
25.87
22.71
22.09
26.25
22.22
27.64
36.4
35.75
27.84
19.85
27.54
28.66
23.03
25.79
27.81
29.19
27.64
25.94
32.48
38.65
38.13
31.22
24
22.18
24.07
16.06
17.15
25.02
28.67
26.5
13.91
16.59
25.84
26.4
14.77
19.73
23.47
18
31.33
32.19
29.23
29.46
29.25
28.94
23.85
22.36
23.36
24.88
28.19
26.13
17.02
17.82
17.69
12.51
19.53
24
19.01
26.59
30.18
22.07
20.02
23.38
30.82
32.11
27.91
27.26
44.17
49.89
46.62
33.5
25.6
25.05
26.5
24.69
20.65
24.5
34.84
44.02
44.89
36.49
19.15
16.86
18.69
25.35
29.08
31.33
31.74
25.48
20.29
27.3
25.34
6.65
26.21
30.08
30.87
32.64
31.14
26.74
26.56
27.01
29.39
27.09
21.12
21.19
28.81
25.13
17.51
26.74
28.72
25.92
26.32
24.06
22.85
30.55
29.86
28.59
21.07
25.38
29.99
30.16
29.02
29.38
25.56
19.83
26.59
32.87
33.38
31.6
27.47
16.04
26.32
33.45
33.44
27.86
31.13
31.32
27.15
15.39
14.63
20.89
27.85
30.11
29.53
28.42
21.93
17.32
22.6
17.2
26.54
29.89
29.04
19.29
25.08
27.05
20.56
25.28
26.51
22.4
24.97
28.64
27.27
21.32
20.73
24.46
29.34
28.99
30.05
31.2
30.85
29.77
19.69
22.17
22
18.13
19.34
29.91
31.04
26.71
23.94
20.4
11.28
18.65
28.29
30.97
31.41
30.87
30.67
29.46
14.32
22.93
19.65
20.58
16.6
26.03
30.11
28.41
28.16
27.32
30.02
31.04
25.08
19.91
26.22
25.32
21.36
20.56
23.95
27.86
23.18
13.79
23.27
27.07
26.52
23.37
27.31
29.7
28.98
18.44
16
19.75
19.81
15.95
19.19
26.34
28.61
27.75
25.93
16.4
21.23
25.55
28.3
28.96
26.07
19.33
21.05
26.55
26.54
24.99
22.1
15.5
27.85
28.47
23.39
21.6
18.03
19.04
15.27
12.98
11.18
21.34
24.78
7.29
20.1
10.85
24.54
19.77
15.25
12.73
10.42
13.63
12.21
23.12
21.61
22.27
19.1
8.49
10.1
17.07
23.19
24.61
25.18
24.48
23.76
24.44
22.01
17.76
14.43
18.27
15.41
18.4
22.15
24.29
25.66
24.28
17.11
12.77
6.7
17.21
19.82
17.15
22.52
24.12
26.54
23.77
17.3
20.22
22.5
17.61
23.85
27.24
25.1
21.08
16.53
4.35
16.15
23.21
22.46
21.23
19.15
15.19
16.46
25.22
27.29
24.25
22.62
16.76
3.71
2.12
7.56
6.61
18.44
24.63
25.56
21.27
11.33
10.57
15.42
22.06
24.56
20.38
7.88
16.19
14.66
13.01
17.92
20.43
24.89
25.2
19.48
11.48
16.95
17.24
12.72
15.35
16.42
20.86
23.37
22.57
21.99
24.04
25.34
24.45
22.5
20.07
14.87
15.13
18.71
20.35
16.25
15.78
21.08
16.8
9.17
14.14
20.8
24.67
25.8
24.57
23.6
20.2
11.81
16.16
17
8.11
14.75
18.85
15.23
25.05
24.6
21.5
22.5
22.1
22.02
23.56
22.18
22.69
25.21
28.5
29.95
23.79
26.34
25.07
28.75
30.8
26.74
22.5
23.08
24.81
28.97
32.7
31.56
26.04
21.51
20.99
24.53
28.56
30.29
26.4
22.83
20.12
17.86
24.04
31.21
31.81
24.89
27.12
26.9
7.09
17.85
28.18
26.31
17.84
21.63
25.94
25.61
23.14
17.08
22.07
26.95
20.67
14.52
17.91
22.63
26.07
26.09
31.48
26.98
28.77
29.5
19.92
12.4
21.22
28.47
22.55
26.9
29.2
27
26.12
20.3
16.05
9.91
19.29
24.15
21.25
33.52
37.53
31.1
25.07
12.82
16.26
19.93
28.09
30.84
25.71
24.4
22.05
17.35
15.93
5.04
13.18
14.28
21.7
29.13
28.41
27.03
27.4
28.53
28.68
28.2
29.14
27.55
24.17
24.91
28.68
26.17
26.2
29.12
30.56
30.41
26.68
23.21
25.6
29.49
31.12
27.64
15.13
17.19
22.2
26.71
26.63
23.61
21.13
16.1
14.52
20.26
11.63
16.69
5.68
18.48
26.63
27.35
22.48
17.46
4.39
16.87
25.49
26.7
16.85
16.35
15.24
18.88
18.58
25.63
27.32
24.62
28.33
30.08
20.43
20.6
23.32
17.49
22.27
27.98
26.09
21.24
4.67
14.11
16.82
18.72
16.45
19.94
10.44
21.24
20.86
20.84
5.22
12.18
28.49
29.25
20.23
15.86
14.9
11.26
13.37
20.76
23.34
23.95
22.56
22.64
20.03
26.28
28.78
27.29
24.16
11.66
22.08
23.87
22.28
21.67
26.75
25.69
18.25
21.37
27.03
26.65
22.38
20.07
21.71
20.96
24.22
28.49
27.04
24.51
23.77
16.85
17.55
23.81
18.42
20.61
17.88
20.39
16.97
18.16
19.78
18.47
10.32
17.84
17.72
4.35
22.66
23.84
17.18
22.64
17.94
19.72
21.6
20.23
18.66
25.36
13.47
14.06
13.57
21.23
22
24.48
22.46
14.58
16.66
16.46
22.19
22.29
20.35
17.43
13.72
17.87
19.38
20.21
22.08
22.24
19.79
17.72
16.56
18.2
22.77
22.51
23.73
16.42
16.92
24.09
23.79
18.86
18.92
25.9
23.98
9.89
15.91
16.75
19.72
20.17
9.94
8.72
11.78
5.92
18.21
20.23
6.47
24.73
23.31
15.06
17.91
23.25
19.75
11.24
19.04
24.35
19.97
12.31
16.8
16
17.33
18.96
19.64
19.44
18.27
18.48
14.43
19.14
23.46
24.2
25.86
21.67
15.35
17.95
19.69
16.01
13.07
16.19
13.24
16.7
16.35
8.6
18.24
24.48
23.92
19.75
20.95
13.54
15.06
13.86
24.04
14.43
10.38
12.9
15.69
12.33
20.87
21.78
13.25
13.77
18.27
10.94
9.75
16.07
17.75
17.26
16.1
15.66
14.99
5.97
15.15
19.64
20.84
21.17
2.66
20.38
20.42
15.78
11.08
13.04
16.57
19.14
18.84
19.48
23.5
21.05
16.27
20.6
18.14
17.95
19.65
16.49
24.26
23.2
22.63
23.05
17.22
10.91
14.7
17.68
20.69
19.33
16.58
19.92
21.9
18.21
11.47
13.62
9.37
15.77
21.47
23.73
20.27
15.83
19.29
20.06
19.79
22.63
23.41
21.24
15.68
14.83
13.52
9.19
15.9
12.15
3.1
16.32
20.18
24.62
27.82
23.13
15.42
17.85
5.88
16.8
18.1
22.07
23.01
12.9
16.91
15.19
-1.29
17.69
24.42
21.84
18.96
21.07
21.87
19.64
2.53
17.65
17.7
19.02
16.6
17.58
26.13
25.91
14.1
21.14
23.75
20.69
16.51
4.35
21.53
21.49
13.53
4.56
11.42
22.9
17.48
11.75
13.84
21.02
23.47
19.95
25.5
24.01
15.66
15.58
15.85
-14.29
11.44
20.3
18.9
9.69
18.93
21.52
19.96
22.32
21.07
18
21.59
12.84
15.97
13.41
16.22
15.79
16.56
21.03
22.95
22.05
22.77
7.39
16.51
21.19
17.14
18.16
16.48
14.91
16.16
14.76
-10.31
7.28
22.2
23.72
23.3
21.71
21.25
11.82
18.09
11.08
23.21
28.12
24.99
14.34
2.7
8.7
12.95
8.18
21.37
19.52
22.42
25.31
23.99
21.01
19.93
9.62
7.54
21.66
21.99
18.65
21.21
21.32
18.27
17.02
20.25
8.66
21.46
18.61
13.31
22.95
20.38
24.53
26.57
26.16
25.6
25.97
22.55
11.59
11.02
19.96
19.37
17.67
20.28
14.15
20.96
23.36
24.25
29.68
25.44
11.28
31.81
36.7
32.28
26.2
27.6
26.41
21.76
16.13
21.51
28.99
29.12
28.43
24.27
18.95
8.69
19.32
21.53
12
15.17
1.23
18.48
19.26
21.37
24.74
26.65
25.9
22.89
23.32
24.23
25.38
21.91
11.77
13.07
18.72
18.23
23.5
25.42
19.31
21.56
23.48
23.3
22.65
24.48
22.66
12.33
15.13
24.77
24.56
24.54
26.33
22.78
21.19
22.79
19.03
1.37
3.76
19.37
23.86
23.26
23.02
24.14
25.04
23.92
15.37
22.22
28.23
28.37
24.91
19.78
19.56
21.69
15.23
10.75
18.44
23.93
25.64
23.32
22.05
20.91
20.99
23.41
20.67
21.7
24.12
25.52
24.02
18.8
16.97
21.18
23.09
18.29
14.85
21.05
23.57
22.17
22.73
24.69
21.02
12.23
15.28
16.09
15.76
14.04
14.64
19.07
16.02
12.06
15.21
5.58
12.43
21.53
22.67
14.29
11.23
20.77
19.21
23.47
24.01
22.9
21.21
14.09
21.35
25.07
26.55
24.78
20.45
21.14
23.91
20.57
12.74
21.34
24.37
24.04
19.42
18.99
21.8
22.73
20.97
16.93
3.91
9.21
17.11
20.6
22.75
21.77
15.95
19.29
23.64
24.48
21.02
13.02
21.54
25.08
23.57
21.12
20.54
17.08
6.92
7.88
11.95
10.12
12.84
15.93
13.59
14.24
9.46
8.13
15.7
16.93
17.39
22.65
21.31
22.08
23.49
20.04
14.83
19.02
17.72
16.66
21.13
17.36
22.78
24.51
16.35
11.56
19.77
23.91
18.98
17.63
22.02
17.39
17.91
25.4
26.88
24.05
14.23
15.72
19.35
13.05
22.08
23.6
24.79
23.53
18.04
18.32
17.71
7.36
12.5
15.3
12.68
14.36
17.13
19.37
22.38
18.84
11.16
18.23
18.09
11.25
11.84
19.96
20.14
16.41
14.6
21.56
23.2
18.9
11.17
21.56
20.17
16.71
15.62
12.44
12.88
11.04
8.23
13.17
14.87
19.51
18.46
13.11
16.4
14.06
11.95
15.67
-11.01
19.54
21.7
18.93
9.92
9.96
3.2
14.85
18.32
16.62
7.91
14.84
16.83
14.37
13.75
15.94
11.99
2.35
5.29
11.46
12.56
11.15
13.1
11.68
3.18
7.65
9.9
8.44
9.74
2.49
6.33
8.88
8.78
6.12
9.49
9
10.04
-20.53
16.79
20.11
20.07
18.21
20
19.35
19.72
20.93
18.85
9.93
8.11
16.83
17.54
17.81
18.29
13.71
9.62
4.67
9.93
14.98
7.13
9.26
16.53
20.21
19.38
12.99
1
5.31
12.78
13.34
7.36
3.2
-0.32
12.75
16.21
19.2
19.34
17.44
11.74
7.59
19.13
21.09
17.97
7.21
13.43
17.63
16.45
1.43
17.57
17.13
10.48
15.08
18.56
17.43
13.92
9.32
15.61
8.36
8.51
15.82
15.92
10.12
11.57
17.35
18.41
17.58
19.16
14.04
14.12
15.32
10.02
13.55
15.64
14.95
17.02
14.14
14.79
13.51
11.54
19.6
20.98
18.96
16.1
11.29
8.79
6.45
16.1
16.02
18.31
17.42
11.89
6.68
16.25
16.43
8.64
12.79
17.59
15.82
12.63
16.11
13.85
11.98
14.92
10.9
9.77
15.02
17.71
18.36
12.54
8.58
15
18.25
15.82
9.77
10.58
14.95
14.5
12.57
14.65
17.46
19.18
21.48
19.71
14.39
6.04
7.84
15.04
14.81
10.09
13.27
-4.68
11.19
12.83
6.35
3.66
8.07
12.48
17.39
17.36
12.68
6.42
9.41
12.65
12.2
10.29
13.58
16.12
19.25
17.09
5.77
16.03
18.91
2.25
18.18
18.44
1.49
15.53
13.09
13.97
19.14
16.75
11.91
15.58
16.34
5.54
18.85
18.51
15.63
12.8
-4.68
-4.33
7
10.01
1.63
5.03
14.16
19.78
16.15
18.58
22.83
19.79
13.17
18.82
19.59
18.35
15.72
16.22
19.84
21.19
18.07
9.67
6.8
11.36
17.24
9.36
13.92
13.89
7.46
-16.02
10.45
12.65
13.45
17.54
21.63
22.36
19.5
16.05
14.93
13.07
7.9
8.62
4.76
12.8
17.4
16.2
15.11
15.68
-7.73
12.31
13.33
8.98
8.11
-1.75
13.91
20.68
19.21
9.5
2.99
11
6.23
13.11
15.98
17.47
11.32
16.24
10.88
12.2
10.02
7.36
10.94
8.08
12.83
19.3
23.65
21.99
16.38
6.14
4.86
9.37
11.03
15.19
12.89
-10.55
-6.55
6.45
13.38
17.33
15.9
13.15
13.56
18.82
18.87
20.19
21.49
19.19
17.11
10.88
8.94
14.1
10.28
13.41
18.9
15.76
1
17.3
19.39
13.45
19.44
23.37
21.09
17.64
12.9
10.21
18.53
17.93
20.97
20.84
23.73
23.94
17.81
3.25
1.56
10.6
12.68
14.3
19.05
19.37
13.39
12.5
13.72
13.77
18.3
22.35
21.72
17.38
16.5
17.22
12
8.01
9.83
14.34
17.77
16.15
13.94
18.48
17.79
6
17.55
19.95
19.3
14.99
13.86
19.52
21.85
19.8
10.98
11.93
12.04
15.9
18.27
18.62
14.6
9.12
15.32
6.68
15.87
10.58
4.69
11.59
6.12
13.97
15.03
12.82
17.5
16.74
7.23
19.68
17.66
4.97
6.61
14.71
15.77
15.02
10.4
7.68
9.63
18.78
20.65
19.12
13.78
5.9
8.44
18.03
16.21
14.27
8.21
11.91
18.14
17.42
15.66
10.93
-2.63
23.9
26.97
26.29
23.35
21.23
19.04
16.65
12.77
-9.87
8.44
7.64
14.02
11.19
21.32
18.28
6.11
16.75
18.36
16.17
15.74
21.89
24.51
19.73
17.53
20.88
20.31
18.08
8.96
19.6
21.32
14.54
9.62
18.97
17.83
13.61
14.66
18.69
19.99
18.07
18.9
-2.75
15.21
6.61
18.07
18.11
16.94
18.44
23.67
23.24
20.44
19.44
21.45
21.33
22.16
19.14
15.07
16.75
14.98
10.81
6.64
14.15
16.3
5.03
12.12
10.25
11.46
13.19
13.94
22.43
22.59
20.16
19.85
16.92
13.72
17.96
18.37
12.75
6.08
14.36
15.19
21.22
19.98
17.17
21.85
23.9
21.19
12.26
14.81
20.16
18.89
17.44
13.94
15.45
23.11
23.11
17.89
14.42
-7.49
16.37
18.13
17.75
18.57
20.06
21.98
22.84
20.55
18.18
9.16
14.29
16.38
21.23
24.06
18.59
15.22
16.14
16.55
16.12
2.6
21.21
23.74
20.97
7.73
17.17
15.43
0.62
11.74
19.88
18.42
12.84
20.48
23.54
21.15
16.7
16.15
15.45
10.09
16.52
15.26
16.88
18.07
14.5
21.35
17.11
7.08
16.94
17.04
8.42
20.02
20.78
15.44
19.12
18.6
3.36
19.26
19.94
16.08
14.12
13.63
11.51
10.5
5.74
14.86
17.87
15.46
9.4
14.68
18.54
20.09
15.71
14.09
16.99
18.34
18.18
21.44
11.49
14.4
19.92
20.53
15.89
10.72
14.41
22.35
19.48
19.32
18.96
14.85
23.57
20.94
14.27
-7.67
17.7
17.49
9.21
16.8
18.14
21.56
22.41
18.93
14.63
5.13
20.98
24.32
17.87
17.12
22.55
21.86
18.41
17.09
16.37
20.83
23.32
15.34
19.9
18.93
14.7
17.25
19.59
11.75
14.47
21.7
22.16
11.24
18.45
0.41
20.49
18.46
11.47
21.71
21.84
23.65
23.1
19.63
17.44
4.23
15.66
21.68
20.3
11.77
16.24
17.62
9.72
12.41
15.64
23.56
24.94
22.02
18.4
17.5
22.16
22.08
15.07
9.73
13.85
8.51
9.68
15.28
16.85
14.54
6.39
15.38
15.81
12.57
22.09
18.34
12.68
21.32
22.22
15.2
14.67
11.73
3.32
10.07
17.8
21.85
25.64
26.83
25.05
22.37
21.83
23.49
23.14
18.59
2.24
17.53
18.63
10.26
5.43
14.11
15.45
9.22
6.13
15.65
17.07
16.93
17.55
16.22
10.04
16.24
13.9
12.7
17.04
19.19
18.67
14.86
8.42
6.45
6.56
14.75
20.29
16.56
10.71
-0.92
13.66
20.07
18.86
15.35
15.13
16.52
20.98
16.32
14.8
17.56
14.66
13.68
12.73
11.98
21.42
22.61
17.07
14.84
15.39
13.19
6.48
9.67
5.71
9.97
17.67
17.21
13.6
9.45
10.87
9.63
7.35
17.44
20.77
20.25
16.04
5.01
16.42
16.32
15.55
11.94
14.28
15.61
9.7
16.13
21.56
17.22
16.01
21.23
21.76
15.12
10.97
10.31
22.12
23.75
19.11
16.9
19.96
14.19
9.43
8.76
19.91
21.02
18.12
10.92
18.59
15.75
13.18
17.12
16.94
9.48
-0.39
11.21
15.64
5.16
14.76
8.62
6.36
12.77
12.42
12.88
14.63
14.53
13.68
11.82
9.14
10.64
9.49
3.22
13.26
12.33
3.73
9.62
13.14
0.51
15.89
20.11
18.48
14.75
15.94
18.83
18.91
12.28
6.65
5.78
1.58
6.44
11.8
14.47
12.71
0.78
13.33
18.11
17.59
8.23
-0.8
0.88
10.39
15.04
14.75
3.64
13.62
18.4
17.13
15.73
11.2
6.99
14.62
19.06
15.65
15.92
16.52
8.11
13.2
10.48
16.79
12.78
1.38
4.12
12.51
15.61
13.5
13.46
5.15
8.86
12.12
8.55
-13.42
11.1
13.89
13.57
14.28
13.99
12.13
19.77
17.67
16.36
9.26
7.18
1.82
16.17
15.52
12.53
15.17
17.08
14.51
16.04
17.41
15.81
18.85
17.74
16.45
16.25
11.4
5.87
16.51
14.88
1.47
7.22
9.94
10.98
7.58
9.31
13.61
10.36
8.02
11.14
14.49
14.86
13.86
15.47
18.63
21.19
20.99
14.94
12.72
17.29
16.35
15.4
15.63
6.25
12.31
15.79
13.93
9.48
15.79
15.3
8.36
11.19
14.28
9.49
13.03
8.9
-0.71
8.46
13
13.66
16.28
16.28
11.22
13.15
15.16
13.37
-3.27
4.68
11.77
18.31
16.05
4.05
10.09
12.63
15.39
18.57
17.95
16.48
13.73
-2.75
12.93
14.76
12.45
18.51
17.46
16.46
11.81
4.29
10.47
12.33
9.72
13.68
17.11
14.75
6.26
-4.65
6.1
6.39
11.18
17.77
19.35
16.32
7.14
9.76
16.05
13.45
10.32
17.58
21.23
18.85
12.78
10.77
14.04
13.12
16.53
19.37
15.57
10.71
8.18
12.8
18.59
17.56
7.59
8.67
15.79
15.58
13.29
13.39
11.89
10.26
10.98
5.92
10.98
13.86
14.3
6.7
12.55
15.16
15.03
18.51
18.52
14.38
11.14
8.88
12.09
12.8
14.93
19.55
15.66
15.99
15.7
9.19
12.38
-6.09
14.83
17.1
19.28
18.54
15.08
9.34
-0.9
12.66
12.81
14.07
16.81
14.04
12.74
12.99
10.13
7.15
2.78
-1.27
2.19
9.88
13.51
9.28
4.78
8.71
14.54
13.95
11.96
4.05
15.64
11.13
5.09
10.72
7.68
8.54
15.18
18.68
18.28
17.11
18.61
18.18
16.12
17.02
16.07
12.55
9.22
11.63
5.5
12.81
16.14
7.84
10.01
3.08
13.65
15.71
11.75
4.18
12.86
9.59
11.94
16.32
7.57
5.24
2.54
13.91
8.76
9.66
-1.4
7.11
10.69
14.38
20.26
20.28
18.2
18.01
16.17
11.9
7.12
13.61
15.3
10.02
5.22
13.77
15.41
13.22
15.78
16.94
3.32
8.88
14.52
14.8
12.77
11.93
9.76
6.41
11.24
10.56
14.34
13.44
8.85
13.78
11.05
8.77
6.71
4.43
14.29
16.86
13.58
10.62
12.99
10.02
15.55
15.16
11.69
15.85
19.24
14.63
1.09
6.33
4.18
6.02
-2.74
11.29
13.57
9.89
16.68
13.22
15.15
18.14
0.23
15.65
8.1
9.72
14.03
10.59
10.93
12.74
5.91
-6.55
8.07
14.78
16.54
16.15
3.88
10.42
2.4
2.59
12.03
14.09
11.1
7.79
14.59
11.47
6.42
-2.8
9.49
15.93
17.33
12.37
-4.25
5.41
8.69
2.36
9.23
16.01
11.91
5.2
1.4
4.09
3.32
7.08
10.53
17.48
18.52
14.67
13.94
14.85
10.48
16.69
8.14
16.76
18.2
16.6
13.36
12.58
15.76
13.56
10.66
12.05
13.78
10.38
8.92
-2.67
4.74
7.79
9.25
14.07
13.71
12.72
17.49
20.78
18.92
12.91
15.71
6.68
6.82
14.15
12.63
1.86
-2.19
6.65
14.29
14.92
1.63
10.09
9.11
9.58
3.58
12.16
6.34
13.1
9.03
9.39
8.27
8.46
15.78
20.16
21.16
18.09
0.77
13.17
15.4
12.66
11.58
16.16
18.32
20.58
20.54
20.44
18.13
13.25
18.77
19.66
16.87
15.28
14.28
10.2
1
-0.97
1.92
1.54
5.07
8.85
10.39
12.36
16.48
4.79
10.3
13.17
14.11
16.15
17.91
14.97
14.86
15.78
13.72
9.21
12.48
17.3
18.92
19.33
19.32
15.03
-3.78
7.27
3.41
11.69
11.16
-4.49
13.01
10.83
14.2
17.39
14.99
12.7
16.33
13.6
2.91
12.44
15.22
12.49
8.31
8.33
1.94
11.93
15.11
16.7
16.53
6.82
15
17.5
18.52
18.37
15.54
6.59
0.44
15.33
19.58
18.25
15.87
16.25
15.71
12.86
12.1
15.03
16.19
7.51
9.21
12.51
18.55
18.43
14.06
8.38
13.68
17.89
16.72
9.82
12.9
6.82
6.54
13.94
18.28
17.15
15.23
14.99
14.83
10.81
17.02
16.84
9.67
11.74
6.15
9.75
15.13
15.33
13.65
9.1
11.77
15.93
17.07
17.18
15.04
8.01
2.78
11.69
7.86
13.51
16.96
15.78
15.98
15.27
17.03
15.88
17.82
17.98
11.75
6.91
4.82
12.69
10.19
11.66
18.41
17.39
15.26
13.81
19.5
20.6
16.02
4.05
13.92
16.17
10.92
10.67
15.72
14.04
11.51
8.03
8.46
9.03
9.08
-9.65
9
16.5
16.27
13.35
11.64
12.85
13.1
12.14
17.27
18.6
10.91
-3.57
9.32
8
17.26
18.42
15.29
9.35
16.49
19.18
15.84
9.62
5.37
5.76
11.88
12.37
13.51
14.09
11.15
8.85
10.9
15.22
16.11
18.26
17.67
4.36
11.91
9.42
7.55
13.71
15.34
17.4
13.27
13.59
19.68
14
-1.44
5.36
17.13
19.83
18.93
15.26
9.81
9.13
9.85
7.34
14.38
11.06
5.24
11.78
14.23
6.41
16.14
18.27
12.85
5.62
10.61
10.68
11.04
4.08
3.8
12.75
9.9
11.11
15.13
11.91
4.29
11.44
6.69
11.36
12.24
10.5
12.01
11.75
10.81
13.72
15.27
12.24
-14.88
3.11
8.31
14.87
14.94
-12.85
14.09
12.27
8.3
9.15
8.01
11.73
9.48
-15.86
6.27
7.95
5.5
3.26
6.36
14.75
15.31
11.64
16.98
12.35
6.49
-11.51
9.37
10.22
11.86
12.93
13.6
16.08
16.94
17.93
18.09
16.39
14.29
14.48
15
16.85
18.91
19.87
17.79
8.75
8.4
5.16
10.86
5.97
-6.3
4.69
10.99
13.02
13.14
8.92
10.68
15.41
14.25
10.71
13.54
16.23
10.77
5.74
14.84
17.69
14.83
9.52
12.68
2.03
7.85
8.17
1.68
13.94
11.12
5.19
10.05
12.94
13.8
12.61
13.72
13.84
1.99
8.46
11.25
-4.59
5.67
11.16
15.14
14.14
8.22
-11.06
4.69
8.14
12.12
10.51
7.53
-2.06
11.25
16.04
11.77
9.63
14.73
11.89
11.1
16.98
17.41
13.85
6.09
9.63
13.84
14.11
9.75
5.05
5.48
11.77
15.44
14.79
8.05
1.61
0.93
11.87
11.93
11.48
9.75
16.42
15.09
12.16
16.02
15.71
7.57
6.77
12.44
14.95
13.36
7.08
14.09
9.77
13.56
13.96
11.05
14.43
7.23
12.96
17.64
15.94
14.84
16.37
10.92
5.06
5.27
10.97
3.97
6.42
15.19
19.9
16.62
12.4
6.65
7.56
10.04
5.7
12.58
12.63
3.79
11.05
6.62
12.84
14.65
6.89
12.87
16.49
11.31
14.01
13.34
12.52
3.26
11.69
10.15
10.63
12.04
16.63
11.06
16.3
20.06
16.99
4.88
-3.83
8.36
14.34
10.45
8.38
15.9
13.82
12.12
9.36
2.95
16.15
18.93
15.71
-1.42
12.21
14.57
7.46
1.93
9.58
15.5
13.62
0.63
7.76
3.54
10.87
17.54
18.32
18.33
16.13
13.31
9.24
12.13
16.22
14.25
10.91
9.39
9.96
2.02
-1.42
3.5
10.36
4.5
15.17
8.54
11.36
13.02
10.08
5.82
6.88
12.58
13.73
5.55
0.16
-0.96
8.59
11.07
12.44
16.33
15.85
11.29
10.15
9.45
8.43
14.4
15.16
14.92
7.79
10.89
16.04
15.61
12.5
9.62
6.39
10.19
10.67
9.84
11
12.18
13.24
12.92
10.45
0.7
3.02
3.48
9.92
13.82
13.32
15.26
13.1
7.19
7.03
7.73
5.48
15.94
19.14
17.61
13.58
12.61
12.41
11.79
7.25
12.47
16.59
12.15
-1.27
13.26
18.16
18.66
11.85
11.54
17.67
17.94
14.57
5.57
1.7
6.72
9.87
16.74
18.51
13.5
7.28
2.2
5.96
3.61
10.86
17.71
17.16
11.03
17.18
15.69
6.98
15.95
15.49
9.78
-4.19
-8.88
11.62
16.82
13.76
-3.06
15.96
18.44
14.78
8.02
9.54
9.3
6.59
-0.48
15.02
17.07
14.08
9.32
10.75
16
16.09
17.74
16.45
12.44
8.65
15.9
16.37
12.09
9.34
9.02
9.14
10.11
11.47
17.03
16.85
8.73
0.89
5.64
12.53
14.15
12.64
12.3
15.65
16.69
13.81
2.74
9.53
6.16
15.56
16.06
18.63
21.11
13.81
12.5
18.62
13.91
-8.7
14.05
14.36
7.05
9.25
4.14
-1.64
-3.24
-2.85
1.05
10.56
13.23
6.73
8.84
12.73
13.98
15.42
15.29
13.09
-5.05
5.91
12.94
16.96
18.39
19.11
17.5
7.47
6.92
8.35
2.23
10.75
15.1
17.66
16.29
12.21
14.39
10.81
11
14.45
14.63
15.2
15.06
16.65
11.1
12.18
18.12
14.27
7.71
9.53
14.25
11.22
3.06
0.69
10.73
6.26
15.7
13.97
8.46
17.17
18.02
19.73
20.55
17.56
3.96
12.95
10.89
3.33
14.29
13.97
11.78
11.99
3.41
6.32
10.92
5.82
11.72
9.94
0.15
13.9
18.33
14.53
19.37
18.7
13.9
12.41
9.73
2.76
4.86
5.42
12.55
15.82
12.65
12.99
16.48
9.99
15.96
18.6
13.4
10.3
10.54
3.06
6.56
10.65
4.64
10.45
8.82
-8.21
5.3
10.34
7.1
10.99
14.68
11.51
1.54
5.24
10.24
10.16
6.45
-3.14
11.04
13.91
14.4
15.83
12.75
-6.63
0.64
16.11
18.78
17.17
5.75
14.37
14.74
10.56
9.42
11.57
9.5
14.92
15.51
11.5
8.36
-5.48
7.36
11.71
16.21
14.91
7.09
-9.07
1.87
7.44
0.22
10.82
16.54
17.28
13.58
14.48
13.83
15.91
11.48
5.67
15.79
17.99
18.64
15.41
6.16
-5.26
7.99
12.99
11.62
13.84
9.54
9.95
12.04
10.31
6.69
11.84
13.21
1.78
12.63
19.54
20.86
18.24
14.09
9.91
2.89
13.57
11.12
8.18
12.69
15.92
17.01
10.15
9.39
7.61
0.03
1.98
5.16
-0.49
4.93
15.17
15.01
11.77
15.53
17.03
15.81
13.03
11.42
18.04
21.1
18.67
14.12
7.56
2.97
7.74
4.03
0.81
8.58
12.49
10.45
13.46
19.84
20.02
15.19
16.12
17.44
9.76
10.35
13.17
13.89
18.18
16.44
15.32
16.03
12.92
5.29
15.55
13.78
5.42
10.85
17.38
15.44
14.27
9.93
10.62
7.5
11.54
14.9
9.58
17.31
20.38
19.15
15.66
8.12
6.59
15.06
19.19
20.32
19.56
16.84
9.97
3.13
0.5
-0.69
-2.17
-0.57
8.32
10.85
7.55
-0.39
12.6
16.04
14.81
15.21
13.5
12.57
15.09
14.62
10.83
8.66
10.23
11.92
10.87
11.13
16.14
16.88
15.48
13.04
12.36
11.71
6.22
11.05
13.43
16.53
17.65
14.44
5.6
7.69
3.12
12.16
15.26
15.03
15.87
10.9
8.13
14.53
11.74
5.72
14.82
19.19
18.35
13.97
8.43
6.42
4.74
1.45
9.49
12.22
11.88
14.1
9.6
7.01
12.87
15.42
18.05
19.9
16.55
9.43
8.59
4.34
10.12
16.93
17.32
9.88
9
13.27
14.86
14.49
6.02
10.85
11.36
10.26
10.63
9.86
13
16.79
17.6
13.36
12.92
17.21
15.66
6.41
9.09
13.08
7.37
3.65
9.59
14.83
7.91
15.53
19.87
16.71
4.3
9.86
15.74
15.65
13.61
10.59
11.78
14.92
14.95
7.45
9.64
4.01
11.53
15.43
15.67
16.82
12.55
1.81
10.25
4.05
9.89
14.97
15.84
13.35
4.04
9.22
15.79
17.63
16.11
13.02
15.24
16.58
11.47
5.52
7.82
9.91
10.34
13.91
18.11
14.93
6.35
10.24
13.18
15.36
12.75
3.52
16.38
16.86
6.7
15.92
13.9
13.25
12.52
12.34
12.76
7.25
12.24
13.28
11.56
11.01
4.89
7.44
11.57
13.61
11.56
7.07
12.73
11.26
-6.63
3.09
7.21
7.52
5.39
11.56
13.02
11.5
-0.94
11.28
10.3
13.18
16.82
16
14.57
10.65
1.01
9.98
10.74
6.01
-14.81
8.04
10.73
8.4
2.27
7.45
8.12
-3.92
4.74
12.49
16.74
13.78
0.8
13.49
17.2
19.11
15.99
7.77
4.68
12.37
16.66
17.56
16.04
16.26
16.67
14.58
4.01
7.18
7.48
9.65
8.02
11.1
13.16
15.35
15.33
8.56
11.81
16.15
17.52
16.06
12.61
11
5.69
9.11
9.08
10.9
13.87
11.05
9.81
-1.77
8.71
12.72
11.91
13.74
18.3
18.58
15.99
13.98
11.39
9.82
11.61
6.59
4.46
8.45
13.85
13.59
10.93
-3.55
7.61
10.3
7
2.43
12.03
11.02
4.62
10.12
13.88
9.49
10.71
7.42
11.55
11.06
10.22
9.92
8.08
11.24
2.34
16.45
15.83
5.42
3.71
2.41
5.71
13.03
13.1
11.46
13.09
9.01
11.55
9.5
5.51
9.1
0.68
11.26
16.24
18.36
16.23
11.51
9.65
6.37
6.75
6.63
7.99
8.24
8.58
10.79
14.43
16.14
13.29
10.66
13.82
14.34
12.25
11.8
7.71
-7.08
8.69
15.7
18.9
15.64
-1.01
-2.37
4.26
12.88
17.49
15.95
4.55
14.56
10.8
12.34
15.82
12.55
0.27
11.22
11.08
4.11
7.13
8.38
9.17
12.75
13.82
14.17
15.31
18.93
17.82
14.25
14.14
12.69
3.08
4.41
14.49
19.04
13.14
8.14
9.96
7.85
12.79
10.92
12.81
11.51
-4.9
6.53
0.56
12.6
14.94
10.92
1.98
6.04
13.78
14.28
8.23
8.65
5.09
13.95
11.51
4.32
7.01
2.27
1.61
2.74
2.5
6.7
7.05
6.78
9.68
-7.95
7.39
-8.63
7.51
9.93
10.81
5.12
9.15
13.15
7.34
5.55
17.01
20.13
18.82
14.13
11.53
7.94
8.35
10.9
10.1
6.22
11.52
12.53
-6.5
12.41
14.8
12.7
11.34
13.86
14.47
6.28
8.49
13.73
11.73
5.83
3.53
11.72
4.05
7.57
11.24
6.71
6.82
8.66
13.58
16.02
7.97
12.33
13.58
6.85
9.8
-2.5
10.42
8.93
-1.4
8.81
11.65
12.76
12.83
10.53
4.45
13.13
11.91
17.29
16.84
13.4
9.93
5.64
2.05
8.38
12.09
11.54
13.08
15.97
17.66
14.61
11.56
6.81
6.91
3.95
20.11
25.92
26.84
23.7
15.46
15.04
15.59
10.46
2.78
10.2
10.92
8.54
7.48
7.75
14.29
15.81
15.91
9.72
12.68
18.19
18.37
15.87
3.93
9.92
13.23
8.21
8.66
15.35
16.2
14.36
9.46
-1.24
2.26
9.2
12.62
11.93
5.02
8.5
13.75
12.88
9.54
6.38
10.66
13.45
14.25
7.8
2.78
10.32
7.52
-0.94
6.87
12.36
10.68
13.32
15.13
10.28
-4.93
9.7
13.03
8.78
3.9
10.19
14.01
13.89
10.98
12.71
11.1
11.87
11.87
8.49
1.03
10.76
10.26
2.24
8.3
8.68
-3.1
7.21
-0.52
10.59
14.74
9.73
13.83
9.6
11.95
11.91
7.86
11.55
11.05
12.35
11.8
7.55
4.24
3.08
9.3
10.1
7.44
8.48
5.83
0.91
9.52
12.82
6.43
8.77
10.78
10.13
-4.29
3.92
11.87
12.41
9.06
9.31
5.09
4.83
9.48
14.87
17.8
18.47
17
10.83
-0.98
6.06
15.08
19.41
21.02
16.73
-12.31
-5.61
6.51
8.58
3.47
1.55
6.04
10.92
15.27
15.71
12.7
11.65
13.55
12.31
14.61
16.45
10.49
13.91
18.36
14.27
8.85
11.56
6.99
14.99
11.19
3.56
10.17
11.62
10.25
-12.88
6.81
10
10.84
10.68
16.32
18.72
16.66
9.13
-4.08
8.33
13.02
12.54
12.87
17.74
20.3
18.96
13.66
10.97
10.75
2.48
11.19
4.68
0.67
-0.85
7.82
16.27
18.12
