11.76
11.38
9.22
10.01
5.38
4.61
-2.67
8.27
4.27
12.47
12.8
7.06
0.59
6.57
11.35
10.4
2.9
7.53
12.66
10.49
9.72
7.42
1.1
-3.37
4.4
12.92
9.01
-3.76
2.6
6.37
8.84
3.58
-7.8
-0.92
6.1
11.34
14.51
15.41
15.91
12.96
6.95
4.3
4.81
8.41
14.24
14.95
14.59
12.98
14.09
11.43
-0.9
11.48
9.5
4.19
-15.16
4.47
8.7
10.86
14.71
17.55
18.71
12.72
10.03
14.83
11.49
4.71
12.59
13.92
13.01
11.92
12.97
7.5
9.32
13.98
15.61
10.59
6.85
1.57
2.94
6.84
7.55
8.22
5.65
3.98
6.88
10.72
13.2
11.25
-5.39
7.52
10.11
14.6
15.47
14.47
14.8
14.81
13.19
8.65
5.85
6.15
2.73
3.88
9.4
9.73
4.93
11.03
5.02
13.99
13.48
8.9
1.29
-3.81
5.24
9.49
6.7
12.33
13.49
11.42
5.92
-3.11
-4.9
5.05
6.78
12.31
16.55
16.42
12.38
15.13
16.54
13.22
6.59
10.58
10.55
8.24
4.3
-19.57
5.36
9.82
5.98
1.88
5.13
8.37
3.78
2.9
10.04
16.12
15.25
10.17
5.58
-0.25
9.43
8.89
5.41
10.89
10.48
9.03
12.26
3.33
11.1
11.65
10.82
15.02
13.48
9.37
7.4
4.88
9.73
10.37
11.35
8.04
7.71
9.3
8.71
9
10.97
10.13
9.62
10.2
12.32
12.98
-0.42
7.72
10.29
7.84
6.52
0.32
3.44
-21.18
10.53
12.71
12.29
16.3
16.35
13.23
11.05
11.98
13.27
11.82
9.57
18.79
19.75
18.24
12
4.05
9.8
9.75
6.38
13.45
17.23
14.53
4.12
8.64
6.58
5.09
6.84
5.22
5.18
8.29
9.91
10.32
8.8
8.22
7.17
13.17
12.17
10.44
9
6.7
7.65
8.56
4.94
8.78
12.52
11.02
10.08
10
10.81
11.83
13.85
14.72
11.53
8.63
2.65
11.63
8.4
-7.13
8.89
10.23
6.01
11.11
8.12
4.98
12.94
14.06
16.77
18.14
14.59
3.24
1.29
5.83
4.6
-2.35
1.03
6.13
4.75
8.01
8.99
9.96
13.94
12.74
5.65
12.66
13.39
14.64
14.56
15.42
13.08
3.24
-2.53
-2.14
0.14
-5.9
2.51
9.88
10.45
6.15
7.01
13.29
10.08
1.97
-4.13
7.63
14.05
14.07
2.76
8.5
3.83
9.77
3.62
8.76
7.64
6.22
0.98
9.59
11.2
13.07
14.25
13.05
13.06
12.16
8.18
7.08
-14.08
7.41
11.08
12.54
13.1
12.64
11.6
12.78
13.98
10.81
5.95
4.37
11.28
10.48
12.86
14.46
12.25
9.14
11.11
10.34
14.66
15.5
14.41
11.88
15.7
17.38
14.25
15.61
17.34
15.28
16.32
14.36
8.49
-1.4
-1.54
-0.41
-8.47
-2.77
2.29
7.94
10.2
7.23
8.14
9.64
9.3
2.6
-0.32
-9.49
4.32
9.77
10.53
6.35
9.37
11.67
10.37
7.72
4.45
9.3
12.85
12.49
12.13
9.35
6.56
8.68
0.5
6.67
11.01
10.87
11.47
12.53
13.35
10.94
6.78
10.89
12.67
9.75
-4.09
6.27
10.03
11.05
-4.42
2.69
-0.92
8.5
2.91
14.35
12.27
6.57
9.57
14.34
13.01
0.69
4.11
3.84
5.87
13.52
12.23
1.24
5.15
9.22
10.42
3.83
9.21
13.13
9.85
9.12
10.18
9.55
7.83
12.24
12.84
12.55
14.04
14.15
15.38
17.12
14.18
4.52
-7.93
-3.74
6.64
11.54
7.77
7.19
5.06
12.59
13.44
10.69
6.39
-6.58
-2.89
-1.35
6.24
6.91
6.68
15.56
13.86
6.52
8.04
7.9
0.5
-0.73
2.46
-9.29
7.42
8.14
8.33
9.16
12.59
10.61
8.56
10.45
6.18
2.95
3.61
7.65
10.11
10.36
-8.63
6.42
3.72
7.13
16.58
18.55
14.69
1.94
12.72
12.75
9.26
-1.18
7.49
11.77
17.04
16.79
9.57
9.16
5.46
14.11
13.49
15.51
15.59
3.38
12.91
13.08
3.82
-1.93
8
1.85
7.75
10.02
-1.64
3.31
-0.9
-1.82
1.73
10.39
11.36
-2.91
-4.61
6.18
3.61
6.6
9.02
9.78
13.01
12.11
-2.33
13.22
15.05
16.13
17.26
14.73
8.82
7.84
6.14
3.28
4.78
4.94
7.28
12.07
11.82
6.63
10.63
11.54
12.58
12.89
10.38
6.82
5.5
4.45
-9.65
4.25
5.76
-14.36
5.57
5.11
10.41
-0.78
7.32
5.18
-13.02
5.94
8.94
7.46
14.2
13.5
5.32
-1.51
-5.51
0.36
11.67
15.48
13.4
11.22
6.88
5.44
5.23
4.02
0.66
-26.46
1.57
8.76
10.73
6.82
-4.88
-5.43
6.66
11.73
10.88
10.3
10.62
4.5
3.79
8.32
-0.54
6.35
-0.1
1.45
0.39
10.62
14.14
6.12
2.29
6.07
8.07
9.48
8.59
11.32
11.15
9.61
16.34
16.55
10.66
4.01
8.85
8.28
0.7
5.96
6.32
4.53
4.8
3.04
5.55
4.11
-3.66
-2.05
1.7
4.1
13.06
13.71
6.83
7.08
6.91
10.54
8.75
-8.63
4.37
-4.85
6.5
5.08
8.09
10.21
11.3
10.65
12.39
15.54
9.71
5.1
2.2
2.96
6.8
12.86
13.06
5.99
6.55
8.13
5.79
4.14
1.97
2.37
8.55
5.43
1.92
1.97
10.64
12.14
9.96
10.35
7.18
-0.88
-7.68
8.43
11.86
13.25
14.37
13.39
10.2
7.3
-0.15
0.2
6.73
7.72
-5.02
5.42
-0.36
12.31
16.73
16.16
14.64
10.77
1.6
14.62
14.62
11.1
9.69
9.26
5.79
7.38
8.59
8.16
4.66
2.24
-5.49
6.08
4.69
-0.09
8.34
11.73
11.58
4.35
1.55
-4.74
3.53
13.94
13.25
6.16
12.43
11.57
10.43
12.95
6.83
3.02
11.52
16.59
16.21
10.93
2.73
0.72
5.01
6.69
1.58
2.56
12.86
18.93
17.65
10.2
8.19
10.07
1.37
7.89
7.6
-0.63
-2.99
6.1
13.84
15.88
12.5
9.76
9.83
10.08
10.63
7.96
7.53
3.96
5.06
4.21
0.23
5.18
9.81
13.86
16.82
16.72
9.8
6.27
-6.98
1.64
-6.17
5.43
7.68
11.3
14.22
12.71
5.36
1.44
3.89
11.37
8.84
-4.89
-3.35
5.54
14.16
15.17
10.2
10.02
10.8
4.82
4.31
6.52
-1.4
2.16
5.21
10.5
10.98
12.52
9.96
10.81
12.92
10.38
9.16
10.54
14.15
12.1
4.07
5.39
1.7
7.52
12.99
14.33
12.57
25.74
27.45
25.44
19.83
13.41
22.13
25.55
24.28
16.12
11.78
18.34
22.98
21.73
13.65
-4.36
13.63
16.58
16.46
18.1
22.02
24.94
22.35
16.65
16.21
14.47
17.65
23.88
20.24
17.2
21.25
21.13
14.08
24.14
23.94
23.96
26.28
25.99
25.24
28.44
28.24
18.9
-21.28
13.97
16.11
12.01
22.03
20.45
11.66
6.64
23.08
25.16
20.85
22.09
22.42
18.53
23.37
26.89
26.22
24.53
25.82
25.04
19.83
18.69
20.24
18.92
12.74
20.94
12.82
17.18
19.17
17.94
18.13
20.95
20.17
13.8
16.16
19.77
16.56
17.14
23.97
27.52
25.87
17.61
10.16
20.13
21.65
3.57
16.06
18.24
20.41
22.05
18.7
15.08
8.19
16.41
21.15
19.4
20.47
20.85
14.33
13.82
20.63
23.37
20.22
14.3
19.12
24.66
25.45
19.96
16.55
18.96
16.68
12.59
19.73
22.73
18.78
20.66
24
24.71
25.65
19.16
14.38
19.52
12.81
9.17
20.04
20.52
11.51
14.91
19.49
25.56
21.18
-1.51
9.16
19.66
24.72
22.4
13.24
3.27
1.51
8.1
15.93
13.29
6.72
8.47
19.31
20.47
24
27.11
25.29
18.51
21.58
22.8
18.22
9
12.99
11.8
0.55
10.68
17.42
23.12
24.6
22.77
24.97
25.77
23.39
23.93
20.19
14.52
7.29
13.97
11
12.8
19.07
24.75
26.81
26.21
25.73
21.38
18.82
21.84
25.69
24.5
13.64
14.98
10.8
14.15
25.59
28.12
28.04
29.39
26.16
20.92
14.38
15.87
18.97
14.83
12.57
21.73
24.48
24.7
24.12
21.37
18.14
20.32
23.34
22.09
15.05
12.98
15.04
11.06
-3.74
21.32
23.42
12.28
25.36
25.91
21.83
21.93
22.99
16.36
23.63
20.95
18.68
11.45
22
24.44
20.41
11.61
16.12
19.4
24.63
24.8
17.83
8.3
20.16
21.64
19.5
19.88
23.6
23.2
21.59
17.32
12.35
15.56
20.75
23.54
17.08
19.84
20.23
7.25
12.21
15.65
15.59
18.22
20.38
9.67
21.89
26.3
24.15
22.06
25.72
26.72
24.45
20.21
-3.9
11.87
8.63
17.24
21.85
13.67
15.55
14.62
17.42
20.2
20.34
-3.85
16.73
15.17
17.9
24.19
25.08
19.79
-6.4
17.15
18.08
9.76
8.03
-0.14
4.03
13.75
19
18.72
6.21
15.84
21.36
21.96
25.15
25.14
22.9
27.73
27.81
14.79
20.66
21.81
17.22
15.1
16.03
13.84
12.55
20.52
20.66
20.35
10.59
21.89
21.21
14.33
16.99
18.12
17.89
13.27
13.98
5.52
7.81
2.79
5.72
17.06
18.25
15.62
17.45
21.24
19.34
15.84
16.84
17.07
15.08
11.11
16.81
20.16
20.14
19.64
18.18
8.62
9.54
13.39
16.1
17.14
17.49
17.98
20.7
21.12
15.69
12.28
12.72
12.67
16.51
14.17
5.13
16.56
20.68
16.27
-17.85
14.52
17.13
12.77
15.42
9.54
9.82
16.82
20.02
20.54
16.81
-7.61
14.63
17.09
19.45
18.93
16.99
16.8
10.64
3.88
7.38
7.54
10.38
11.27
9.71
8.42
9.33
12.88
10.72
11.51
13.76
13.43
10.98
-1.42
12.45
14.32
9.82
0.43
-11.25
15.83
18.45
16.26
14.81
16.22
17.62
20.15
23.63
16.55
4.44
15.18
19.94
18.97
12.91
16.63
6.48
-2.93
16.99
19.16
21.89
16.86
10.7
5.53
19.15
20.48
18.84
14.84
12.18
17.93
21.6
19
9.24
17.41
23.3
20.38
13.13
13.73
17
19.64
19.28
11.77
14.32
15.36
19.92
22.97
14.92
22.1
20.81
9.53
7.77
11.1
13.02
12.82
18.41
21.99
19.1
14.41
18.25
23
25.43
22.74
12.08
17.37
15.45
19.9
21.6
21.42
15.12
7.78
-0.32
12.26
5.39
-1.63
14.67
23.27
23.35
20.29
11.38
16.93
20.11
17.01
12.98
12.29
16.61
20.19
20.95
20.9
20.47
21.9
14.47
22.04
22.67
22.95
21.61
22.69
21.84
15.53
4.18
19.2
24.3
18.73
17.45
24.08
25.17
23.03
21.65
22.2
22.07
18.09
7.09
8.56
7.61
17.42
13.05
12.38
18.03
15.83
19.7
22.66
23.16
18.9
21.56
22.53
14.57
14.1
18.8
19.87
19.43
20.04
13.55
20.12
22.3
21.35
18.95
18.44
12.77
20.55
21.49
21.69
16.83
5.68
12.09
15.83
25.93
26.11
22.92
14.31
18.67
23.53
24.26
25.05
24.61
24.53
21.58
11
20.16
12.04
18.25
22.68
21.89
17.08
25.11
25.66
20.09
21.45
22.73
21.24
21.05
15.83
20.29
25.17
21.89
12.33
20
18.73
14.02
15.1
19
16.58
20.07
17.23
18.37
23.78
23.64
25.65
26.77
22.95
18.25
13.44
12.34
3.96
14.65
21.62
21.45
2.14
23.76
24.8
24.86
22.29
20.47
25.4
24.78
22.23
26.05
27.84
24.41
18.54
16.44
6.83
3.21
18.43
22.01
21.59
18.9
17.7
23.23
21.26
10.83
21.95
24.1
24.06
26
25.44
20.68
19.09
22.8
24.14
21.34
20.16
19.05
21.39
20.09
22.33
21.59
19.99
21.56
19.55
11.12
11.21
6.71
12.65
20.4
17.04
20.19
23.73
19.77
15.95
15.86
3.14
12.08
21.09
22.56
22.71
22.43
23.27
19.33
14.47
26.33
27.45
21.87
18.95
21.51
16.39
18.13
17.75
11.46
19.25
21.1
24.41
25.85
25.65
21.25
13.8
2.91
14.25
17.96
19.54
25.38
27.68
25.59
20.4
14.16
16.05
10.5
4.39
14.68
21.58
23.16
20.91
20.48
19.18
13.43
22.86
24.61
19.09
8.19
16.49
18.63
17.58
18.1
15.57
18.05
16.22
16.05
21.61
23.7
24
19.44
15.85
18.57
16.98
13.9
16.77
16.05
17.46
21
24.07
24.34
21.51
18.66
15.18
5.07
20.64
26.88
25.68
23.3
25.93
24.39
17.71
16.71
14.45
15.77
23.61
24.4
22.94
23.77
22.38
15.54
15.64
18.19
18.21
15.55
18.73
17.93
19.81
21.4
15.84
4.44
15.8
21.86
23.23
19.71
12.94
6.64
13.84
18.49
17.63
18.38
21.54
23.15
22.7
20.57
21.62
20.56
13.27
14.42
18.94
17.86
14.47
11.18
14.02
11.58
12.46
19.26
22.66
20.56
12.74
12.79
12.81
16.28
20.62
14.93
14.79
12.14
13.21
14.15
6.74
16.83
15.32
15.69
13.08
17.14
18.39
17.83
15.37
2.81
12.74
15.92
13.82
16.71
0.49
17.47
9.66
15.98
15.46
7.57
17.99
21.49
21.5
21.73
14.71
16.15
21.43
19.49
14.71
13.56
17.48
14.71
13.58
4.86
4.32
19.82
22.18
19.29
14.06
10.31
15.79
17.9
17.95
12.49
19.07
4.88
23.96
24.92
20.75
17.84
22.83
19.88
4.32
11.49
13.39
22.41
21.53
17.86
21.62
23.62
21.85
18.9
20.96
24.87
25.56
16.46
13
7.6
19.77
23.63
24.11
22.52
21.5
17.9
14.28
16.57
12.75
5.09
10.29
10.79
15.11
22.01
15.57
13.21
-3.3
17.86
17
20.69
20.5
21.89
22.08
14.43
19.7
15.98
-14.9
13.37
22.74
22.22
19.15
21.72
21.54
14.59
-14.51
18.13
22.05
20.04
24.36
22.39
19.46
21.15
20.39
2.11
12.21
9.17
17.48
15.5
19.99
18.19
-4.68
10.2
18.92
19.66
21.09
19.42
18.43
20.16
24.2
23.56
21.87
27.4
27.03
16.82
16.03
14.7
12.97
-5.46
17.6
19.47
20.23
22.68
21.71
13.92
23.75
18.74
12.23
16.95
21.87
32.26
31.06
23.78
23.87
22.52
17.6
5.01
16.07
15.03
21.73
30.01
26.99
17.35
20.3
19
24.35
25.02
24.87
24.25
31.5
33.42
27.38
17.9
24.6
27.99
23.78
26.36
22.59
9.22
22.53
22.75
15.45
15.35
18.39
18.81
16.53
17.91
23.94
19.91
10.49
22.65
27.36
24.82
23.66
21.28
22.67
38.66
44.61
41.68
27.17
13.31
14.03
14.49
18.16
26.88
28.08
26.75
22.88
14.28
23.99
26.81
21.58
20.33
21.19
22.09
15.96
23.39
11.23
23.47
22.77
5.67
16.51
13.31
29.96
43.45
45.85
39.6
28.91
24.76
16.9
16.21
19.1
24.94
22.11
23.19
25.03
21.06
8.23
3.82
13.53
21.1
19.8
15.02
16.93
21.68
27.9
26.98
25.17
25.6
22.03
11.2
21.55
19.7
5.81
17.77
19.39
17.31
17.52
14.09
15.71
16.49
14.16
1.25
19.6
24.02
18.94
11.03
22.16
23.59
18.07
23.63
28.4
29.68
25.33
23.2
36.22
41.05
36.59
24.79
26.57
26.29
25.36
23.82
19.46
18.52
14.65
14.05
12.91
30.82
35.07
26.81
23.3
24.83
19.62
15.77
11.8
14.85
17.18
16.18
14.32
16.01
14.95
18.36
13.77
31.21
41.69
44.08
38.84
25.08
2.06
18.21
22.27
20.58
14.89
21.92
23.38
22.21
17.91
14.38
18.99
14.67
16.75
26.14
26.46
10.9
16.26
19.51
25.86
21.55
20.6
25.55
22.79
19.01
18.29
20.9
25.72
26.95
27.62
24.93
19.18
21.28
16.52
19.81
19.51
12.87
20.06
18.17
16.72
10.96
7.37
19.97
16.1
19.39
22.18
16.72
23.45
25.25
24.12
35.81
41.22
38.5
27.62
12.92
25.62
26.87
27.73
25.63
21.51
24.99
28.16
25.47
9.37
20.69
25
23.88
23.16
22.71
19.33
23.85
22.95
21.66
17.4
11.09
22.87
24.23
23.15
26.03
26.95
24.45
22.07
23.36
25.46
33.76
37.46
33.1
23.87
18.91
18.15
10.8
17.9
15.63
17.61
23.61
19.65
6.64
4.88
16.54
21.4
18.52
24.42
26.62
20.52
21.69
17.39
23.65
21.93
17.79
9.36
15.63
22.06
22.73
20.62
20.86
25.14
25.54
21.7
23.32
22.3
24.37
36.91
40.86
36.96
28.56
26.02
28.47
29.14
24.73
20.27
27.58
33.76
32.2
26.2
18.46
29.29
33.05
31.17
24.4
40.91
46.69
43.26
28.56
21.13
23.84
23.9
21.48
15.92
15.77
23.06
24.4
21.33
35.28
33.31
14.63
18.43
25.4
25.86
21.83
25.98
23.86
24.64
31.3
28.34
16.45
21.24
22.51
17.01
26.23
27.91
22.38
27.47
30.93
32.16
29.74
10.85
28.72
25.66
16.66
25.29
25.21
29.75
31.69
26.21
27.43
26.55
22.08
21.35
26.15
20.97
17.68
19.45
12.44
21.34
27.29
24.02
21.98
27.96
29.17
43.66
50.35
48.37
36.56
28.18
25.37
29.24
16.97
21.6
34.61
43.49
44.17
35.13
23.35
28.13
26.62
26.45
23.4
21.83
18.4
14.81
23.85
28.54
28.01
25.15
26.97
28.29
31.54
27.23
23.22
25.66
21.61
20.12
20.85
19.21
23.38
21.65
23.88
23.86
14.28
20.69
23.96
20.2
24.93
24.21
25.4
29.23
31.05
27.26
25.15
24.79
17.76
23.33
20.56
13.7
20.8
23.93
22.89
24.88
27.15
23.38
16.59
21.26
24.61
27.67
20.86
28.79
12.24
22.62
22.69
25.21
28.93
24.93
20.46
23.56
23.85
24.14
26.94
28.99
23.88
25.35
28.43
24.31
15.09
21.63
21.1
18.26
21.49
22.64
28.24
22.8
16.86
18.99
20.64
17.85
19.75
24.43
29.86
30.01
28.12
16.88
30.37
32.55
28.05
25.29
26.32
27.74
26.29
10.22
27.2
28.44
25.32
26.04
18.22
20.49
17.54
12.56
17.29
26.72
25.89
24.44
35.01
33.98
25.04
26.89
22.73
19.37
22.7
16.44
15.98
11.94
22.54
23.23
28.15
30.48
28.8
23.74
22.37
20.75
18.18
22.78
22.21
13.32
19.44
26.79
27.9
24.36
22.32
12.43
20.41
17.22
22.18
26.5
22.07
14.5
19.4
26.14
26.87
27.23
20.7
19.53
24.04
20.83
18.11
23.41
21.93
21.88
23
23.56
16.42
15.93
22.49
28.27
30.69
28.4
26.09
23.03
25.45
20.12
24.2
21.79
6.63
18.57
22.64
29.2
24.96
14.3
16.98
25.98
22.25
19.57
25.41
23
22.54
20.7
20.38
21.39
15.15
13.81
17.66
8.86
20.75
26.66
23.36
10.26
25.52
21.6
13.61
21.53
23.53
24.64
20.13
6.61
18.32
25.8
28.39
25.68
13.9
10.11
16.17
15.83
21.23
18.74
13.67
18.48
15.75
15.57
14.1
6.74
-7.79
23.28
28.05
17.57
22.59
22.27
17.15
19.35
26.34
22.75
19.67
20.02
11.37
9.79
13.19
22.9
27.82
23.45
16.66
15.33
19.27
19.48
15.86
20.24
23.64
16.04
19.2
23.65
25.72
23.01
15.11
17.68
22.56
23.6
24.66
23.35
11.93
19.35
21.42
20.71
19.12
8.85
22.7
23.09
7.77
14.84
18.88
23.74
25
20.82
12.34
24.25
25.68
23.28
18.96
23.26
28.12
26.41
20.56
15.08
17.29
23.31
24.67
19.31
15.07
21.72
23.63
21.94
22.37
16.1
10.71
23.28
25.92
20.15
16.83
23.55
21.45
10.16
17.11
17.84
18.97
19.59
17.69
16.59
22.09
25.8
25.82
26.98
11.88
18.28
12.4
7.11
20.75
20.15
25.1
30.36
28.34
24.68
27.12
18.99
28.21
29.35
7.58
24.19
13.84
26.43
28.11
26.48
27.13
30.3
27.13
26.17
21.74
22.52
21.71
29.85
26.76
23.52
19.21
26.66
29.53
33.66
31.93
18.02
11.12
23.31
26.32
23.52
18.65
28.59
29.63
24.66
28.46
26.33
22.73
31.1
28.37
19.98
23.76
25.73
25.1
29.82
26.36
23.28
28.61
23.05
18.82
12.55
11.99
22.98
24.7
23.07
20.61
28.28
27.51
21.66
28.19
26.66
26.44
32.54
37.32
33.15
21.86
6.56
24.86
16.96
26
23.17
19.24
25.08
27.04
22.62
24.96
17.46
23.04
24.73
23.43
12.66
19.2
27.61
29.86
25.47
21.82
22.92
19
21.54
20.49
26.21
20.42
20.45
20.53
22.42
16.79
17.41
20.31
13.07
23.22
27.86
24.48
18.18
18.94
19.51
27.86
27.78
23.64
22.35
19.63
22.88
26.28
20.43
5.34
19.59
22.74
24.83
21.69
14.78
28.74
29.98
17.23
23.02
17.2
17.74
23.09
19.28
11.66
22.52
24.64
16.65
21.67
28.02
28.15
22.43
15.66
23.05
19.22
11.19
18.72
16.97
13.73
20.51
26.83
28.77
25.37
26.6
19.55
19.38
24.14
21.24
13.98
4.9
19.45
15.02
17
16.64
19
19.58
13.01
16.67
15.81
18.25
18.42
22.84
21.22
19.4
21.49
25
26.55
25.18
13.58
23.15
20.72
18.16
24.39
27.64
27.19
26.42
24.44
21.61
20.58
12.34
15.62
21.03
23.87
21.24
23.35
23.84
21.86
26.5
27.72
24.95
5.15
23.45
26.48
28.27
21.28
18.37
7.13
23.03
24.13
24.72
25.89
21.37
18.99
27.1
28.07
24.93
24.12
14.63
19.61
18.04
11.78
15.21
14.47
12.27
15.8
14.41
21.15
20.51
22.05
26.08
25.46
25
25.26
23.22
20.11
20.73
16.88
17.31
20.68
24.36
28.44
25.93
24.44
22.99
15.86
25.17
27.69
22.85
24.74
25.8
19.57
12.53
10.17
18.33
21.61
20.26
21.48
21.6
12.63
23.68
24.05
14.59
18.07
23.84
21.19
12.78
12.24
17.15
20.02
17.57
4.93
13.71
16.39
20.57
17.89
15.8
12.72
15.76
11.16
12.09
22.01
24.79
21.47
12.87
11.42
12.55
15.35
17.56
17.26
15.1
9.98
22.77
24.09
24.13
21.05
11.03
19.69
16.53
1.05
12.4
19.28
15.91
16.45
21.41
13.78
11.58
17.2
22.43
22.76
16.96
13.29
17.12
11.39
22.22
20.26
20.17
17.85
14.32
13.79
14.84
15.22
17.94
19.18
18.67
22.36
25.22
24.55
17.7
14.87
15.41
19.36
24.12
23.87
15.51
14.49
18.48
6.09
17.02
19.57
13.97
19.46
21.24
23.08
18.42
12.65
18.32
12.25
11.07
16.43
17.34
25.19
23.49
9.98
18.32
17.37
10.23
19.02
16.36
14.75
-3.13
18.36
17.9
11.79
6.23
14.72
16.59
19.02
18.9
11.1
19.95
19.48
18.14
18.22
14.96
19.46
19.19
13.5
18.91
19.27
21.49
22.88
25.61
23.91
2.49
17.79
11.76
8.32
16.2
19.65
18.38
15.38
9.08
10.93
21.77
23.09
22.68
20.08
20.3
15.35
11.06
3.17
8.78
8.27
11.02
6.19
18.23
24.31
23.62
16.86
5.71
12.58
17.15
19.51
20.08
13.64
5.22
-1.64
5.35
-0.95
12.23
16.96
17.97
16.89
25.81
26.67
22.25
18.76
8.63
20.62
23.65
21.6
20.5
17.21
22.65
24.51
23.45
16.9
12.02
3.3
14.46
13.16
21.89
21.59
21.71
20.72
-0.9
1.88
17.77
19.38
24.02
22.81
19.6
27.2
27.61
17.11
14.28
12.11
25.32
27.51
25.47
21.23
21.21
24.62
18.04
22.5
23.55
16.09
22.39
21
17.32
17.7
15.14
5.57
17.1
12.2
23.92
28.06
26.32
18.33
12.67
15.42
19.69
14.96
23.83
24.68
10.56
19.88
14.45
17.02
23.17
25.67
24.13
21.47
24.06
20.1
20
19.7
9.39
9.98
13.68
22.31
19.39
10.8
5.49
16.01
18.17
18.62
19.71
19.07
12.36
16.85
19.1
19.76
19.04
13.2
4.91
19.23
18.18
19.01
25.89
24.9
22.16
22.02
23.24
25.52
23.56
23.28
25.86
28.6
28.61
21.91
13.91
20.91
17.43
10.21
24.04
34.57
37.54
34.15
28.68
27.78
27.52
24.06
19.38
19.89
21.85
22.22
10.45
18.33
17.8
24.47
23.78
18.36
19.69
17.18
17.17
22.96
24.27
18.57
11.76
17.78
13.55
21.86
16.49
5.47
11.28
16.04
16.46
13.32
18.47
13.23
18.28
18.23
-3.31
13.39
14.48
18.99
13.42
17.45
9.66
19.68
20.56
20.42
21.66
21.31
20.71
14.94
18.04
18.41
16.55
17.19
18.2
13.51
12.24
18.49
15.45
8.7
13.8
24.1
27.86
25.34
11.1
17.2
23.15
24.01
19.2
15.38
14.65
16.32
20.4
18.3
10.08
20.41
20.15
21.17
24.05
22.65
14.78
11.63
13.63
21.45
15.85
17.11
24.08
22.73
13.63
17.04
19.78
22.86
11.09
23.21
27.35
24.76
3.91
24.39
26.49
24.41
24.1
27.06
29.21
26.66
12.9
25.12
26.63
25.19
22.76
24.09
27.89
25.59
6.5
23.72
23.76
20.82
18.22
20.38
21.63
21.98
23.86
18.01
16.6
20.92
23.84
24.68
23.72
19.51
21.34
24.98
23.84
22.16
24.17
24.3
19.8
15.89
16.83
24.29
26.17
20.24
15.37
21.32
19.04
12.86
13.54
17.48
19.89
15.23
12.72
18.53
20.9
16.68
11.73
19.86
22.59
20.22
22.28
27.01
25.52
12.99
12.04
16.46
19.58
18.73
19.16
13.5
6.57
12.44
20.61
25.43
23.55
18.54
18.06
14.6
18.43
23.41
23.22
19.03
6.66
17.19
10.06
12.2
16.55
17.65
13.19
0.59
2.23
15.48
21.22
17.8
11.75
17.04
17.45
14.85
17.41
17.65
7.22
14.93
16.89
17.46
10.78
19.56
21.41
20.43
21.11
21.77
19.62
21.96
25.9
26.75
23.9
19.49
22.33
24.37
18.66
8.67
16.46
13.48
18.14
17.4
16.79
16.79
14.61
6.32
19.33
22.79
19.99
21.04
23.28
22.36
15.3
15.57
20
20.93
14.76
0.81
6.69
6.26
15.3
19.44
17.03
12.18
21.18
23.46
21.74
19.15
13.53
14.11
8.49
16.98
20.33
18.5
19.09
24.17
8.69
18.93
16.94
13.77
11.98
14.25
11.69
11.54
10.46
15.33
16.86
9.89
10.17
12.74
11.32
8.98
13.43
15.58
12.7
12.58
11.1
12.58
11.23
9.82
12.89
11.53
18.58
21.93
20.03
18.18
20.72
16.96
9.38
18.5
19.55
16.46
10.57
7.33
13.25
15.43
15.72
6.93
12.73
15.34
14.84
13.24
15.82
18.38
15.23
17.88
17.86
4.07
13.03
13.05
18.59
19.45
16.26
18.19
20.53
19.21
17.31
16.34
17.22
9.55
11.08
14.27
21.25
20.15
9.35
8.93
-6.87
13.34
20.29
23.7
23.97
21.27
18.54
16.1
13.79
13.38
14.43
19.56
16.05
8.99
15.37
19.02
13.61
15.66
15.38
0.18
12.79
13.83
13.36
13.75
15.13
11.09
7.59
12.91
15.42
12.54
7.39
4.03
12.3
13.31
16.46
18.28
18.2
17.52
12.61
16.3
17.19
19.79
15.26
7.54
16.15
16.77
14.36
13.19
11.95
6.56
17.11
18.01
15.24
12.56
11.8
2.45
6.79
9.52
14.26
20.45
19.05
9.86
19.32
17.66
10.67
1.7
6.47
9.34
12.54
7.5
6.69
1.39
7.43
10.74
14.74
16.65
12.84
9.33
7.65
11.89
15.41
12.38
19.69
20.92
18.49
19.84
17.91
13.81
13.91
15.24
12.72
7.97
19.91
21.67
16.49
11.41
3.44
13.59
12.22
2.04
14.53
16.59
14.24
7.77
10.08
9.14
6.1
10.55
13.01
17.02
19
16.52
9.91
15.97
19.53
20.54
17.84
11.81
5.44
8.34
13.86
18.7
19.69
16.72
10.11
11.75
11.12
9.55
17.9
12.62
14.66
12.39
13.24
1.85
14.32
17.19
13.54
5.34
-2.85
11.85
15.78
14.26
16.17
18.4
11.66
8.25
11.98
13.11
17.66
18.75
16.5
6.77
12.42
12.86
5.57
12.7
15.02
15.55
16.38
14.31
8.19
20.37
21.68
15.75
9.55
17.06
16.96
11.48
0.89
10.05
12.97
13.95
15.18
11.17
13.9
15.15
5.67
16.44
20.69
15.77
4.18
5.75
3.38
12.07
13.58
13.22
12.19
-4.22
4.25
5.99
6.36
7.58
11.94
18.98
18.23
8.64
7.98
5.36
11.16
12.63
19.47
24.39
21.97
12.99
20.52
20.94
20.44
16.28
-1.96
10.9
17.62
21.52
18.83
11.77
9.93
13.4
11.86
7.38
14.66
17.56
10.77
14.47
21.62
20.29
15.06
15.27
17.68
17.11
10.31
9.1
15.72
17.38
17.58
12.24
10.19
19.53
24.62
21.72
17.68
18.42
15.94
19.14
22.57
21.99
21.42
22.2
15.02
19.17
14.08
5.11
11.87
19.63
22.48
21.49
21.62
20.89
15.1
6.54
17.76
20.49
17.47
17.84
14.99
-6.84
14.01
17.54
18.47
20.26
21.62
21.2
13.39
6.73
10.25
-3.33
13.38
16.07
12.86
14.56
11.09
17.42
19.76
17.34
9.28
6.7
6.81
5.89
11.1
13.11
17.76
15.44
10
15.25
20.29
20.75
19.6
18.1
11.07
5.04
15.16
17.71
16.92
14.7
12.12
14.38
16.36
12.75
-0.02
3.9
7.88
5.94
5.21
17
17.38
12.65
15.55
19.42
13.31
12.45
13.83
17.67
14.94
13.17
14.97
15.74
15.17
12.34
9.05
9.6
4.17
2.33
12.33
-0.82
12.96
18.14
13.63
12.37
16.61
11.89
11.21
15.25
17.56
16.87
14.09
16.31
20.22
18.15
16.8
15.16
9.37
17.1
15.23
10.28
14.99
18.26
14.69
9.19
11.39
-1.91
10.21
13.53
-3.51
13.07
17.04
17.13
15.65
2.43
18.43
19.02
14.91
8.77
3.25
9.72
14.85
16.62
11.87
7.28
13.62
19.22
16.44
4.46
17.47
17.07
13.18
14.21
15.2
2.78
11.13
15.86
20.19
22.08
19.74
0.97
18.46
17.39
16.82
17.01
14.62
12.69
11.52
12.69
9.76
16.28
17.68
14.39
12.02
16.78
17.82
16.52
16.76
15.4
14.3
9.24
9.97
13.53
16.26
15.65
8.34
12.23
10.85
-1.53
10.08
9.48
5.78
9.28
12.96
15.97
3.08
10.55
18.36
20
15.07
8.94
11.78
16.68
14.43
-3.86
7.3
16.87
21.06
20.73
20.28
19.89
19.98
19.24
17
19.86
19.36
18.12
18.9
17.88
16.94
14.37
8.42
14.47
13.9
4.86
11.97
15.52
12.85
9.56
4.74
10.93
11.8
18.74
21.97
18.76
10.24
8.78
10.45
15.14
19.24
15.85
2.46
7.13
11.84
15.6
15.81
19.55
23.16
24.01
20.15
15.6
14.94
13.14
7.02
5.02
11.5
12.5
5.45
3.38
13.73
13.15
10.91
12.51
18.13
18.82
17.27
17.73
18.55
12.53
10.76
16.04
16.4
11.13
8.73
8.92
14.94
2.75
16.41
15.98
11.49
18.74
21.55
19.38
9.42
4.89
4.77
15.01
14.4
15.21
17.42
17.73
17.92
18.99
13.17
12.25
19.8
19.39
14.36
15.51
14.67
11.45
3.5
19.7
25.24
26.78
25.2
21.66
20.28
17.08
9.7
16.69
14.7
1.31
8.68
10.48
10.93
20.36
20.2
20.21
22.67
23.3
21.84
20.24
19.78
19.47
17.47
16.86
16.74
16.3
9.28
-6.66
-1.41
7.81
19.72
19.85
15.2
3.38
10.52
18.8
21.73
22.27
22.56
23.7
21.89
16.16
19.08
20.44
20.71
20.87
15.72
13.98
16.44
11.28
15.48
20.58
15.84
-7.64
2.43
14.02
12.92
19.34
22.7
21.59
13.98
14.7
14.85
13.89
10.33
9.74
17.86
18.71
17.81
19.61
16.76
10.65
15.1
19.11
20.17
15.02
15.49
17.81
15.79
16.54
15.01
13.33
14.13
10.08
6.15
15.08
16.32
17.6
21.06
17.85
2.12
7.9
9.8
8.11
17.64
18.05
16.48
19.07
20.16
17.89
19.95
19.57
15.65
14.21
17.96
16.6
18.57
19.83
19.72
21.77
19.28
16.73
17.63
17.82
15.6
17.57
20.18
17.24
10.97
12.66
15.06
16.08
16.76
17.95
21.05
24.84
24.94
20.9
9.57
15.82
20.08
20.58
20.81
20.97
19.62
19.7
22.38
21.88
15.92
6.49
7.01
18.52
15.93
20.08
21.67
17.97
11.89
1.7
8.78
10.09
12.14
6.69
2.91
-10.56
8.91
5.52
-4.22
4.48
12.02
20.24
20.22
12.27
-13.2
14.9
19.77
18.46
14.82
19.87
22.38
13.45
16.4
19.04
18.08
15.1
15.67
16.39
14.58
15.12
7.07
9.61
7.51
11.43
19.38
22.35
21.04
16.26
18.66
17.96
8.47
0.62
1.69
-3.02
8.22
18.53
18
12.43
17.73
13.33
14.07
16.93
15.34
15.68
15.21
13.37
19.98
21.17
20.75
17.4
9.78
12.13
15.3
16.76
16.08
14.37
12.62
7.75
-17.03
7.25
16.37
16.93
12.44
13.43
3.67
10.76
-0.88
9.77
13.3
13.75
11.53
1.52
15.92
18.52
15.15
6.02
8.54
14.57
12.91
10.82
15.74
15.64
7.77
13.06
20.13
18.96
15.72
10.91
12.71
15.05
4.9
10.24
5.51
10.03
16.85
18.31
17.78
10.59
14.32
20.82
20.64
16.54
0.15
14.19
15.17
15.94
19.29
21.52
20.74
17.38
7.37
12.34
17.88
21.41
20.92
18.29
17.49
13.7
12.69
13.07
15.71
17.15
18.02
18.22
15.07
9.52
5.16
14.26
17.95
21.66
21.18
15.25
13.72
15.68
16.03
8.1
16.18
18.99
15.02
18.98
18.65
18.68
20.67
22.07
23.3
21.91
17.72
13.33
7.03
-9.36
8.25
11.27
4.88
8.4
14.32
18.07
22.49
23.1
18.67
12.14
15.09
11.59
22.23
21.6
15.78
12.58
12.07
11.09
11.61
17.97
17.83
17.49
19.93
20.29
17.77
13.72
1.13
7.08
-0.24
9.76
12.04
-1.52
10.54
12.15
10.31
3.12
7.73
15.72
19.03
18.38
15.14
13.05
-6.29
15.44
17.16
18.29
20.52
21.32
20.49
17.15
17.42
18.75
8.42
12.81
17.42
15.94
8.5
9.42
12.05
14.98
18.78
16.45
10.55
-0.68
4.31
9.25
-2.14
12.34
15.03
16.35
15.06
13.3
16.12
18.13
14.23
13.29
11.87
7.99
12.23
10.07
9.82
12.68
9.62
-5.1
0.38
12.86
18.52
17.17
7.53
13.55
14.54
11.45
10.46
13.71
18.9
19.8
16.34
13.42
15.87
18.89
19.3
16.43
12.38
14.15
7.33
4.49
9.06
5.61
3.35
1.41
2.34
4.1
6.58
3.94
8.67
9.77
13.28
14.79
6
15.77
12.55
10.85
14.51
14.89
13.51
19.1
21.22
18.81
12.6
12.34
18.23
11.38
17.07
22.05
23.18
21.97
18.86
10.06
-1.48
10.78
19.43
20.94
19.05
10.89
11.62
17.47
12.74
4.14
9.02
9.02
12.14
20.42
20.21
12.59
8.16
15.46
15.73
17.49
14.9
12.24
13.27
19.94
19.54
11.25
20.35
19.34
11.37
17.5
18.78
17.55
18.41
19.42
17.99
17.05
16.9
16.65
16.03
8.63
-0.39
9.41
17.34
19.32
19.51
20.98
17.69
11.98
7.79
5.06
-0.91
7.2
13.09
14.41
10.55
15.16
18.81
16.94
8.8
5.23
7.02
12.96
13.43
7.91
18.45
23.56
20.26
15.32
16.08
13.37
11.33
16.42
21.07
22.63
22.02
19.21
-5.12
19.29
19.43
17.62
16.02
12.08
12.74
16.72
18.04
15.35
11.95
15.5
15.57
12.56
16.29
18.01
19.46
18.52
16.93
18.49
20.52
19.29
18.96
20.37
19.84
17.87
21.27
18.27
15.65
15.36
11.41
13.74
17.77
16.73
9.35
10.52
17.33
15.18
-0.38
17.78
21.03
19.68
15.08
13.79
15.06
14.71
17.99
20.91
19.67
15.08
14.38
20.42
22.26
20.34
15.02
11.63
10.3
12.88
15.76
18.78
18.25
17.42
19.93
20.47
15.06
-4.12
15.19
18.12
16.99
15.61
13.91
8.62
-1.46
8.65
13.96
6.51
18.05
18.94
14.01
12.24
16.92
17.53
17.02
14.23
8.9
14.88
19.51
17.96
18.21
19.26
18.29
15.58
11.13
10.3
15.46
17.74
16
10.87
4.11
14.39
21.37
20.98
7.35
8.96
0.45
1.82
8.97
14.72
14.06
12.88
13.63
8.11
14.31
16.34
12.52
10.77
11.24
14.82
18.17
14.2
14.37
11.7
7.57
9.81
10.17
18.05
15.74
8.05
15.14
16.19
14.44
14.51
17.15
13.45
0.05
14.52
17.07
16.15
16.3
16.76
15.39
18.38
21.4
21.85
19.39
8
9.43
7.73
11.46
11.84
15.38
16.6
12.54
10.34
8.93
9.88
13.66
11.05
-3.33
11.14
12.69
11.79
5.04
10.02
16.89
18.67
18.16
16.8
16.86
13.31
6.46
11.94
17.27
19.29
18.7
16.16
12.71
10.51
10.18
4.99
10.56
17.73
19.45
17.68
9.43
0.48
-2.67
0.68
10.22
16.9
16.24
14.85
16.26
14.07
1.74
13.06
10.43
11.69
13.14
12.91
17.02
20.26
17.5
5.93
10.15
11.51
9.26
16.83
17
11.02
-0.19
3.81
13.81
13.54
0.54
3.64
13.02
14.21
-3.61
9.69
8.91
2.61
7.18
15.93
19.69
20.38
20.21
19.37
18.57
17.62
17.84
18.71
17.77
15.08
11.88
0.37
10.27
12.8
14.02
17.84
18.33
15.77
14.66
13.11
2.06
7.32
14.26
19.04
20.02
19.65
16.68
14.22
16.72
15.11
13.27
8.93
13.83
9.07
6.06
11.98
6.97
9.7
14.89
14.67
15.54
15.7
19.36
20.83
19.54
15.33
11.19
7.32
1.5
11.68
4.28
11.82
18.35
17.87
10.15
7.78
13.31
10.08
13.42
16.07
15.79
14.07
17.14
20.32
19.41
15.31
8.4
2.73
6.85
-0.2
-1.16
5.55
11.93
15.64
16.39
17
16.83
15.44
11.57
13.43
11.45
9.11
10.79
14.16
15.01
13.49
13.93
14.68
15.56
15.71
14.45
14.03
4.28
8.82
13.34
15.25
14.53
12.97
11.6
12.65
14.16
10.59
10.1
1.22
16.65
20.7
18.74
10.55
8.26
6.82
8.79
11.73
16.35
17.02
10.46
9.22
10.44
16.09
16.56
12.07
10.49
8.21
8.32
9.69
10.6
10.53
11.08
10.31
13.69
12.19
9.82
0.12
5.94
7.41
4.98
9.56
6.32
9.64
14.08
10.76
8.8
5.08
-2.62
10.28
12.33
14.46
16.22
18.46
20.53
17.83
14.82
14.38
13.67
8.74
5.67
9.12
12.32
14.02
15.25
12.94
1.7
-1.2
4.71
-2.89
11.57
10.55
2.31
8.92
14.56
17.36
15.52
16.77
15.87
10.73
0.4
4.32
0.96
10.7
7.26
6.35
12
7.01
-1.74
2.49
2.5
4.99
15.69
16.87
7.96
-5.66
8.07
12.4
13.26
12.08
13.87
15.08
8.3
4.71
8.06
-5.35
5.18
13.73
14.85
9.2
11.44
12.23
16.82
12.48
10.35
14.1
6.9
6.61
10.19
10.52
-0.81
5.19
6.95
10.7
-0.7
7.85
11.17
13.08
10.73
12.1
14.74
13.93
7.03
7.95
14.02
13.28
4.77
10.81
15.46
16.83
15.64
14.03
8.71
3.69
12.95
11.62
-0.91
10.51
10.23
10.86
14.64
14.71
8.12
3.2
1.66
6.91
0.62
4.28
11.19
13.69
12.75
15.88
15.98
12.88
12.38
13.48
9.75
3.43
13.76
14.38
10.55
-22.85
-22.85
13.06
14.99
3.74
11.77
10.62
13.42
5.32
4
0.8
1.8
6.79
10.96
16.66
12.8
10.54
11.44
10.69
10.67
6.5
7.35
13.19
10.85
-2.98
5.03
13.56
10.74
-0.59
11.57
16.34
14.78
13.6
9.57
4.53
7.29
8.5
9.67
9.34
14.81
12.79
9.27
6.11
13.46
10.65
13.58
15.63
10.23
13.76
15.42
9.54
4.43
12.96
12.06
10.1
14.41
10.03
2.95
14.58
14.27
11.78
13.05
16.34
13.33
3.86
10.05
9.11
13.31
19.13
18.32
14.74
16.46
17.57
8.14
9.84
2.89
2.62
10.91
13.97
11.87
14.94
14.73
11.05
4.2
6.66
14.89
18.7
17.4
10.74
-2.54
7.64
11.83
11.09
9.49
11.11
8.24
2.6
18.26
20.96
20.95
19.83
16.94
14.27
15.19
18.57
17.78
16.37
16.89
14.38
8.04
4.76
16.11
16.53
-0.51
13.21
15.78
16.49
12.27
6.08
9.04
16.55
19.02
17.72
11.08
-1.64
11.81
15.95
10.63
8.06
7.59
12.97
11.39
13.47
12.66
15.55
10.29
14.88
13.29
4.87
14.17
17.9
18.29
15.36
7.65
13.38
12.96
13.09
11.32
1.21
11.05
10.94
12
9.56
10.67
13.26
9.4
14.22
17.43
18.02
16.22
11.41
-4.32
11.19
18.18
21.3
19.91
19.43
15.69
12.46
9.65
2.1
11.97
18.79
17.81
4.53
12.67
17.45
18.97
15.31
-0.76
11.64
14.96
12.11
1.12
10.93
13.75
17.63
18.7
10.16
1.41
0.28
5.63
-1.77
9
10.88
7.09
7.3
9.76
10.9
6.13
15.8
19.78
16.51
7.66
15.7
19.58
17.27
11.29
17.27
18.54
14.82
0.13
10.14
14.17
12.83
14.41
18.55
18.04
17.37
19.06
17
12.89
16.08
13.56
11.65
8.12
7.03
8.04
8.81
8.58
0.74
12.51
18.03
17.3
11.21
2.54
10.01
5.36
2.44
11.72
14.4
11.17
8.08
8.53
13.12
15.78
11.99
14.33
13.7
15.47
18.76
15.88
8.18
7.99
15.76
15.6
10.65
9.18
11.41
12.97
5.68
-0.15
2.33
12.22
11.94
11.13
11.59
8.39
14.5
16.07
7.14
7.45
7.01
9.53
11.09
9.8
13.73
11.79
10.08
8.89
6.65
14.5
13.78
-3.48
-6.93
7.26
11.89
14.16
15.43
12.39
8.58
13.98
18.12
17.31
10.23
7.19
14.19
12.6
7.22
10.08
11.41
7.02
1.81
8.12
10.75
5.68
7.5
12.58
14.38
15.05
12.87
10.46
11.68
11.67
14.14
14.47
11.91
13.61
10.06
-0.6
9.23
12.47
11.95
12.15
12.37
14.29
17.98
17.96
11.67
8.2
8.82
13.33
17.65
17.3
10.8
12.88
13.77
10.9
4.07
10.36
18.33
20.42
19.08
10.53
11.5
15.64
14.81
0.27
7.48
15.51
14.36
13.25
15.02
16.24
19.52
18.45
19.25
14.76
13.44
13.61
5.37
-6.52
9.99
11.7
16.87
17.73
9.51
9.26
14.69
12.37
8.55
5.35
-11.29
-0.09
9.39
17.59
19.74
18.76
17.9
19.46
19.18
13.42
10.28
9.11
6.24
16.33
21.96
19.74
12.41
8.95
10.77
15.6
14.96
8.7
4.8
10.4
12.21
16.93
14.09
8.39
11.34
14.37
13.94
15.79
15.82
15.57
15.01
13.83
13.78
14.04
13.45
15.84
13.54
0.28
7.03
10.04
14.27
18.41
20.24
20.57
17.7
14.12
13.73
13.22
13.22
9.94
10.27
19.07
19.41
17.14
15.21
11.05
11.19
12.95
9.01
10.2
10.19
14.05
13.54
12.39
10.65
8.35
9.48
12.11
15.81
16.64
17.47
16.7
14.08
17.74
19.48
15.04
3.65
-1.87
8.38
7.54
-0.28
-9.64
-4.94
-6.21
-0.01
8.08
7.35
-2.37
10.78
14.86
11.45
4.97
13.1
12.57
14.58
13.33
15.62
17.49
18.27
18.32
16.61
13.69
10.42
16.19
16.58
15.52
11.85
12.72
13.68
11.56
7.72
17.61
19.42
19.52
17.2
9.57
4.43
11.74
13.01
4.53
3.48
1.32
10.59
16.82
17.82
17.17
14.01
13.86
13.29
14.07
13.61
12.77
17.45
18.53
17.09
17.94
21.66
24.03
23.1
19.87
16.33
9.18
1.85
10.75
12.46
13.56
12.17
2.6
0.28
9.95
13.12
17.68
16.01
13.94
15.13
12.28
5.68
10.65
17.98
19.8
16.46
15.4
15.5
12.93
3.5
8.83
12.55
9.44
10.86
6.59
7.31
1.68
13.79
17.27
17.2
12.76
1.23
7.27
13.18
8.51
10.26
12.98
12.58
15.64
17.32
12.83
9.1
13.33
15.68
17.39
15.4
9.08
10.27
11.52
6.38
9.24
8.09
10.92
10.74
11.74
12.45
11.75
18.63
21.8
18.66
10.86
9.48
14.44
12.68
15.62
9.31
13.65
18.17
17.48
14.56
10.42
0.7
11.56
8.12
9.82
19.21
20.71
15.79
6.7
12.62
14.39
15.07
16.09
15.14
11.69
10.78
10.62
10.43
11.9
14.66
14.87
8.82
14.5
17.39
14.39
9.99
10.18
1.7
8.35
11.52
6.26
13.79
12.35
14.83
12.43
10.48
5.43
9.61
12.69
12.34
16.29
15.14
15.86
16.55
10.6
8.54
13.24
12.61
4.1
2.01
8.63
-1.27
5.65
8.12
16.54
17.5
11.99
13.59
15.07
9.63
8.94
15.86
15.43
17.15
20.98
21.15
18.19
12.58
2.59
7.18
4.49
1.18
7.51
3.01
-3.76
12.66
19.33
17.73
6.92
3.02
11.85
15.27
10.24
-5.11
-5.07
1.13
3.27
7.23
7.44
12.69
16.44
9.52
6.36
5.58
6.51
11.38
8.27
2.07
8.84
9.81
12.23
5.93
14.6
17.38
12.63
7.37
5.57
6.46
3.22
11.62
5.18
11.43
12.49
6.5
10.27
14.18
14.62
10.65
3.79
13.57
12.25
9.62
13.02
17.52
17.98
12.31
14.83
19.34
16.91
15.47
17.06
16.15
13.46
6.41
9.83
11.92
9.09
9.06
12.68
14.61
11.45
-0.93
9.61
8.51
0.9
6.26
10.19
11.73
13.86
14.84
13.83
8.4
9.24
11.98
13.69
15.13
14.34
14.97
16.34
15.36
16.99
17.91
9.87
11.29
13.69
16.6
15.1
7.23
11.6
14.94
14.08
12.68
13.66
15.27
14.07
16.21
19.56
18.36
11.97
13.16
13.77
7.33
4.24
10.49
11.72
9.52
2.24
0.33
15.04
17.53
10.36
6.59
-4.16
10.78
7.19
13.18
15.76
11.16
-3.74
10.34
9.86
10.27
8.1
2.4
6.61
6.54
9.19
14.9
13.32
9.23
8.8
1.1
6.87
11.96
12.54
11.34
7.66
9.37
12.96
7.37
9.59
2.76
4.96
12.07
12.31
5.89
11.05
16.21
14.19
7.8
14.16
12.36
10.69
11.84
4.21
11.12
8.1
7.18
10.18
13.04
12.41
-6.58
1.46
2.26
11.62
1.18
12.45
12.75
12.98
13.63
14.65
13.77
0.81
11.73
11.48
13.05
12.75
3.96
10.53
12.08
7.28
9.86
11.13
7.79
-6.46
4.29
11.82
12.11
10.74
9.55
12.97
16.82
12.59
14.38
10.82
9.68
5.56
-1.11
6.15
7.52
9.4
13.57
14.26
11.71
6.2
13.84
17.34
8.23
15.02
16.63
13.44
12.24
9.45
-2.19
6.63
8.66
15.76
10.03
9.73
13.5
10.71
12.14
12.62
8.38
4.22
3.8
3.36
6.91
8.86
15.26
18.28
15.5
19.17
19.87
13.65
10.72
14.62
10.81
13.11
16.49
3.79
15.6
17.94
14.32
6.71
6.18
10.61
4.81
12.28
16.4
8.32
0.2
3.16
3.46
11.66
14.25
11.99
13.17
9.9
2.07
2.62
13.79
11.36
10.78
13.72
6.9
8.49
12.17
13.03
11.5
7.13
11.03
12.21
13.19
11.67
11.95
13.95
15.4
14.52
14.56
12.96
0.74
6.12
10.04
10.4
8.66
11.2
5.65
12.36
15.69
14.35
15.28
14.23
9.78
13.23
16.14
14.4
15.71
13.83
10.99
11.93
11.3
7.85
-4
1.27
8.07
15.41
16.68
11.94
12.92
12.55
11.56
6.48
-0.97
7.33
9.87
10.68
13.31
14.05
4.46
14.55
13.98
3.74
3.92
14.91
17.46
13.94
12.23
16.85
17.01
14.3
14.82
-1.64
12.8
13.14
13.78
13.47
14.22
9.96
-0.28
10.6
12.76
6.8
2
7.86
9.66
8.01
9.41
13.16
14.47
8.36
5.92
13.05
15.18
16.1
15.8
13.22
8.46
5.72
6.11
5.05
-3.35
1.82
6.14
11.61
1.43
5.98
8.68
16.89
16.62
11.35
8.6
11.65
7.9
4.26
12.68
1.89
6.44
10.68
14.1
8.88
-5.99
8.13
14.54
19.06
16.44
-5.12
7.89
8.53
4.14
4.95
10.92
12.34
17.31
18.47
16.02
16.2
14.7
4.67
7.23
10.54
12.79
13.71
9.15
4.34
6.37
0.72
8.55
10.37
-4.73
7.86
8.53
9.09
9.79
7.94
9.77
17.05
15.63
13.15
12.82
4.13
10.92
11.68
12.33
11.14
5.74
9.08
12.55
5.02
15.14
9.26
9.14
7.72
-0.4
12.35
16.9
13.64
11.47
15.37
16.48
13.62
6.77
10.09
10.51
14.83
14.63
8.26
5.09
10.33
-3.41
7.76
11.79
12.51
12.41
12.55
11.58
7.26
6.23
-3.85
9.36
13.35
9.33
-0.93
2.06
3.11
-6.71
2.77
9.34
13.79
14.69
5.69
12.33
17.52
15.08
2.67
1.28
-0.53
8.28
14.54
15.01
10.49
6.68
8.31
10.25
3.1
4
9.08
9.71
8.91
-3.83
10.05
10.72
10.02
17.72
