6.21
7.31
9.79
7
9.45
7.29
0
8.05
7.6
4.77
9.12
11.11
7.84
8.88
7.6
1.49
13.8
15.35
12.47
7.25
4.39
-5.14
10.21
14.82
11.69
-7.48
3.3
5.61
12.55
13.09
8.09
11.23
4.8
8.75
8.86
12.14
16.08
15.94
9.61
2.56
10.58
9.88
9.97
8.57
5.63
-14.51
-4
-7.85
9.68
11.46
7.35
15.1
12.49
6.33
7.75
-2.13
4.94
7.94
7.6
10.47
10.53
7.91
5.33
9.45
15.27
10.07
15.53
15.78
6.72
11.73
7.36
7.53
13.57
8.73
-1.34
2.86
9.14
12.2
15.45
14.28
4.08
10.41
14.75
11.3
-2.88
-0.73
8.82
12.26
12.54
14.43
10.31
7.22
9.44
11.45
13.9
13.66
13.49
15.63
16.85
15.3
13
1.82
12.32
14.37
11.57
17.23
14.54
11.72
12.9
6.94
0.86
-2
3.74
3.91
12.69
12
1.32
-0.84
-11.28
-1.57
-0.42
3.16
4.76
1.32
7.85
8.91
3.08
-6.54
6.38
14.17
15.11
13.16
9.69
13.97
15.47
14.6
11.98
5.45
8.36
10.93
8.63
3.97
9.36
5.89
5.5
2.23
3.12
-2.79
1.74
9.9
14.22
13.46
5.41
7.52
7.16
4.21
4.23
4.87
7.39
4.44
7
4.2
0.8
5.31
3.83
12.19
17.9
18.51
11.81
11.76
15.55
15.49
12.22
3.21
3.64
6.79
-18.62
9.42
10.49
11.32
10.67
12.46
1.41
13.28
13.14
9.43
11.5
10.64
10.93
14.7
12.67
11.8
10.84
13.28
16.79
16.9
11.3
1.08
1.5
16.97
21.25
18.79
9
-1.26
11.72
17.79
16.51
-0.17
10.42
9.97
9.05
8.45
1.35
11.28
10.82
11.22
11.96
11.63
7.85
7.64
-5.73
6.35
0.49
2.4
-2.79
-14.18
0.32
3.05
10.7
14.74
14.21
10.41
12.37
18.19
15.46
8.85
7.62
9.46
8.08
7.54
7.5
9.33
10.2
3.72
4.58
-0.34
13.35
14.58
6.55
11.8
11.8
8.28
0.08
3.82
7.82
2.62
4.32
8.86
11.25
7.26
2.37
7.18
6.5
6.95
7.13
12.09
12.63
12.84
12.29
14.23
13.04
14.44
11.23
-3.35
8.36
6.95
0.17
6.71
5.03
-1.42
10.07
10.74
4.07
4.36
-1.08
10.68
10.49
0.84
1
4.75
8.03
9.71
12.86
13.09
14.8
16.35
7.52
12.56
12.9
3.37
9.79
13.87
16.73
15.37
11.71
12.36
12.2
4.44
4.73
9.47
14.3
16.15
14.22
14.76
13.52
11.84
10.28
14.24
14.2
5.58
5.26
11.03
12
12.77
7.78
1.56
7.91
8.52
11.66
4.12
8.72
11.65
7.83
14.76
15.68
7.87
11.78
6.6
10.95
11.28
7.61
6.44
4.34
11.35
13.06
4.31
9.86
12.67
14
16.67
12.78
1.34
10.61
7.5
1.2
3.15
4.56
7.43
10.89
8.11
5.69
-3.27
-0.83
14.1
17.83
16.33
13.44
13.3
11.15
8.98
7.54
11.56
7.13
-1.46
3.59
-1.58
9.78
11.82
4.74
4.79
8.97
9.48
13.09
16.74
16.32
8.41
7.9
7.52
-7.98
9.77
10.15
3
6.59
4.65
-5.37
6.78
8.52
9.17
9.32
4.45
3.77
8.03
8.51
8.74
12.31
15.53
14.31
3.88
0.77
8.01
9.97
1.8
4.78
10.16
2.83
5.53
9.2
7.05
8.38
6.09
-0.23
6.23
9.23
3.31
2.35
0.82
10.25
12.37
7.39
0.39
8.74
12.98
14.27
15.73
13.65
-5.88
8.59
-20.3
12.3
11.56
6.31
9.16
1.97
8.64
8.79
2.58
7.42
13.15
15.48
14.59
9.84
8.62
10.28
12.59
14.94
15.65
13.33
-5.79
1.4
-0.29
2.37
5.13
9.02
9.9
10.38
9.79
11.95
8.2
3.59
13.64
16.18
12.52
8.92
15.22
14.36
10.08
-0.78
-3.44
2.69
3.04
2.81
12.62
14.65
11.25
-15.04
2.06
10.43
8.8
6.09
12.67
10.21
8.96
8.93
15.8
16.02
15.15
9.7
4.16
4.34
5.31
9.63
14.81
13.82
9.44
-11.21
10.69
11.3
4.85
9.6
9.37
2.84
-5.46
3.16
11.21
12.66
0.8
-1.11
8.47
8.32
10.65
12.56
17.08
14.36
6.45
15.54
16.46
13.44
7.77
9.25
13.99
16.74
15.84
15.33
12.16
6.4
9.88
10.7
9.94
3.3
8.87
2.23
5.85
11.38
11.54
3.02
6.85
6.35
12.37
12.76
9.23
11.53
14.7
9.51
-0.85
9.32
11.17
-1.87
7.29
4.45
11.22
12
10.05
2.95
-3.54
3.66
13.01
12.67
6.52
11.02
15.34
16.4
12.01
8.34
13.4
10.8
14.51
8.28
6.61
6.28
9.3
11.36
11.51
7.03
3.54
5.25
12.52
14.37
12.05
6.34
-3.46
0.76
2.76
10.97
13.37
7.74
3.65
-2.86
3.48
2.92
2.8
12.36
14.69
8.98
6.9
8.3
11.93
10.73
7.19
11.42
11.9
-4.45
3.67
-4.61
14.3
16.38
10.39
9.55
10.23
-5.62
7.88
12.07
13.05
11.1
6.37
8.39
9.4
10.18
15.26
13.2
12.12
13.65
13.33
9.3
2.1
11.14
12.66
8.66
3.49
7.98
11.13
11.47
5.2
9.54
9.98
-0.27
12.98
12.24
4.45
-8.22
11.03
13.38
7.71
8.76
11.11
-3.35
3.57
4.6
12.44
13.6
10.35
6.38
7.67
0.78
3.88
6.92
5.28
6.36
6.93
8.57
14.58
17.54
15.01
10.04
1.44
3.12
12.35
15.29
6.86
14.12
18.48
12.96
-0.49
4.35
6.18
10.36
10.29
0.35
8.38
6.73
3.33
0.56
6.66
11.3
10.38
4.66
8.75
9.23
9.96
8.53
10.02
4.53
1.34
7.13
14.56
15.56
17.18
16.82
15.29
13.11
6.06
9.37
14.46
9.2
12.13
12.77
-5.71
8.56
14.07
12.29
-3.28
7.49
3.25
0.88
8.3
12.18
11.61
12.42
13.76
5.66
16.17
19.2
16.19
7.29
10.62
13.36
7.96
8.89
13.52
14.09
10.85
-8.47
6.05
9.11
-1.07
15.7
16.66
13.98
13.07
12.35
9.11
2.22
7.39
13.19
14.83
11.55
7.46
9.34
5.85
3.66
6.42
5.3
-8.86
7.09
7.31
9.38
-5.74
14.65
16.83
16.42
14.14
10.32
3.25
7.34
12.41
10.65
1.3
7.39
2.43
5.5
12.56
7.76
-7.52
1.49
11.48
13.02
8.12
2.44
4.33
3.64
6.52
1.84
4.05
0.51
6.15
13.85
12.74
5.33
-0.8
4.16
7.11
8.97
23.5
24.97
22.09
20.11
16.33
12.76
17.68
13.28
18.58
14.84
20.16
8.77
7.08
11.28
10.21
8.18
12.05
16.45
18.28
21.67
26.98
27.45
20.4
13.7
-0.32
21.62
22.78
15.82
19.84
17.67
18.62
18.57
18.72
17.15
14.06
14.19
18.97
23.13
26.72
21.75
9.56
-7.03
10.95
17.79
14.89
21.71
24.57
25.25
27.58
29.98
30.42
29.79
27.98
22.41
25.92
23.84
24.94
24.32
23.44
22.27
23.83
23.86
16.45
17.42
24.18
21.04
20.41
25.56
14.42
15.82
17.43
24.28
24.3
23.23
10.4
23.38
25.68
21.3
18.35
18.2
13.9
10.97
20.79
25.8
27.72
23.82
12.16
19.48
8.93
18.61
18.38
17.12
22.46
27.38
28.54
27.67
26.92
24.55
18.73
-5.89
16.4
13.04
13.78
16.81
13.69
18.2
-5.95
21.57
23.47
25.92
26.45
22.37
12.17
20.76
15.03
22.54
22.76
20.19
25.03
29.08
28.93
25.94
15.78
16.36
8.7
21.12
23.19
12.39
14.32
17.35
27.64
25.24
11.84
13.13
20.95
28.41
26.52
9.4
21.49
25.14
25.26
20.55
9.5
18.63
19.67
17.42
23.81
26.67
27.37
28.66
25.48
21.73
12.27
10.29
18.93
20.28
20.16
25.22
28.4
29.83
27.69
9.82
23.28
23.46
16.75
24.07
25.29
14.26
13.6
17.29
24.89
27.97
24.66
19.11
21.9
23.77
25.17
19.93
16.61
15.79
14.6
15.83
22.56
26.32
26.58
23.45
24.26
23.69
13.04
17.9
20.98
12.37
14.78
18.7
14.71
3.65
18.28
24.7
24.95
21.2
23.05
21.58
15.96
20.99
22.73
-5.74
23.98
24.77
23.82
23.12
15.84
21.69
28.23
28.49
28.32
25.8
13.05
24.97
20.16
20.34
23.11
20.91
11.04
15.33
17.39
11.58
21.55
18.95
22.79
22.08
23.38
26.51
22.6
15.92
19.63
21.44
20.32
15.48
22.64
21.52
18.05
16.59
15.81
17.29
16.23
16.41
15.11
14.11
23.87
22.56
20.3
19.6
15.75
18.49
22.29
22.27
9.63
14.79
15.9
24.75
24.32
17.2
11.43
20.4
22.46
11.83
23.05
22.45
25.03
27.23
24
17.98
20.99
24.88
24.36
17.14
20.88
20.9
18.17
15.12
7.54
-2.87
9.24
5.07
19.14
24.79
23.91
17.44
7.72
8.36
15.68
17.68
18.03
16.79
13.95
12.37
18.49
21.27
23.08
23.88
11.76
24.3
24.52
19.48
13.32
13.93
13.94
13.96
7.06
21.37
21.02
22.23
22.5
22.46
26.92
24.76
20.06
17.01
7.61
18.02
16.52
14.05
21.24
13.13
12.89
8.16
11.61
17.95
19.96
18.72
-2.2
18.46
19.13
13.82
8.51
10.71
17.03
16.51
15.73
12.75
10.75
14.52
13.47
15.12
3.38
7.58
18.42
20.59
16.25
6.12
13.52
16.48
10.08
18.87
18.54
20.48
12.29
2.85
8.82
11.81
11.99
6.84
3.63
3.65
10.43
5.48
8.71
15.18
16.31
12.65
8.76
13.34
12.58
-4.62
11.77
14.6
15.7
9.07
9.8
5.32
-4.36
11.7
10.91
7.56
13.34
11.2
13.55
15.53
18.38
18.33
11.79
2.22
6.79
9.15
-0.82
9.45
8.77
11.77
13.29
7.7
14.81
13.24
10.25
11.67
11.83
21.22
23.51
19.78
7.23
13.14
12.59
11.49
17.14
17.32
12.66
11.66
12.39
4.46
17.24
9.98
9.28
13.26
19.24
24.28
26.87
23.71
19.69
11.63
16.3
12.87
19.13
16.38
8.35
12.66
17.48
15.12
0.36
21
21.4
13.19
22.48
16.35
8.2
12.95
17.25
13.62
14.88
16.39
21.65
22.05
16.23
9.4
2.78
10.84
10.67
4.97
14.22
11.64
1.35
16.84
17.7
19.58
17.83
19.99
12.37
19.48
14.99
11.6
9.19
11.19
11.31
6.23
10.46
17.32
19.85
18.86
20.05
20.04
6.67
12
6.15
2.99
18
19.1
16.77
9.11
2.53
2.36
15.33
23.06
26
25.38
21.23
13.02
19.78
14.34
14.02
16.52
22.02
21.66
12.94
6.1
20.57
26.2
24.65
14.1
12.67
17.33
22.23
24.74
26.67
27.33
18.32
20.26
23.78
21
14.35
21.26
22.26
16.07
14.43
18.87
14.28
12.46
14.37
21.34
23.67
22.13
23.07
19.85
22.49
19.81
15.56
16.43
15.14
15.5
16.14
8.84
13.35
4.49
15.41
-0.99
15.98
17.91
25.23
19.8
11.68
23.67
25.51
22.41
20.3
18.72
13.41
-11.52
16.42
19.53
19.22
19.85
12.58
17.94
22.48
22.95
17.62
15.34
17.92
14.84
16.07
14.86
17.13
17.22
10.84
13.45
11.33
10.34
11.03
14.58
16.58
15.47
20.12
21.64
18.57
16.74
14.39
22.42
19.45
17.83
21.14
20.41
20.64
20.35
11.12
13.99
20.12
22.16
20.93
22.95
15.05
23.3
19.47
21.56
25.46
20.25
18.7
22.19
17.07
16.78
17.56
13.24
18.79
17.42
19.36
14.63
17.56
18.95
5.83
9.64
10.59
11.79
13.68
20.8
19.22
13.92
20.9
17.76
18.55
12.18
16.29
12.95
20.77
18.37
12.96
20.02
22.46
18.78
19.79
21.62
21.76
19.42
14.51
10.41
8.25
13.61
13.81
17.08
1.51
18.53
14.03
7.2
6.15
20.01
20.49
16.29
24.13
23.43
14.4
20.16
22.05
8.67
15.21
15.15
19.54
19.93
16.54
9.86
11.55
8.71
13.08
20.46
23.47
17.43
17.83
17.11
17.46
17.8
19.54
22.15
21.84
16.11
7.16
18.01
9.37
14.24
20.36
20.81
10.42
22.37
20.29
9.7
12.85
14.42
2.57
11.71
16.87
18.95
1.98
3.96
13.03
15.77
18.79
9.61
7.48
12.54
14.99
10.86
-0.04
6.6
0.5
13.65
18.25
19.39
16.43
4.59
14.44
11.41
13.37
8.2
18.21
16.16
17.59
17.94
15.98
12.01
23.53
26.62
20.02
14.42
20.99
23.81
23.79
21.34
15.23
12.56
17.65
18.74
16.25
11.61
16.37
14.11
20.09
19.58
19.71
19.48
16.46
20.28
18.36
12.1
13.83
11.01
6.47
17.91
18.41
15.27
15.28
10.29
11.66
5.29
8.17
16.11
12.97
11.25
9.09
7.76
7.06
9.88
11.25
9.38
3.98
18.64
19.34
17.75
22.65
19.68
18.94
18.95
23.06
24.62
21.91
20.77
10.83
18.84
20.81
18.23
17.97
17.16
11.65
12.61
18.85
14.78
9.79
19.08
18.01
15.47
12.71
18.05
20.28
18.93
6.94
15.95
17.96
17.44
20.69
20.99
5.18
26.27
28.37
25.08
12.88
16.2
14.46
3.1
8.01
16.95
18.19
17.87
20.45
19.16
14.13
17.9
21.22
22.13
19.05
15
20.11
16.47
18.14
21.91
24.82
27.73
24.59
-0.27
17.64
20.26
20.14
16.64
22.41
24.46
26.44
23.08
17.13
21.04
24.95
25.98
18.28
7.78
17.21
21.78
22.77
24.03
24.88
25.51
27.14
27.78
25.84
15.73
21.52
27.89
28.92
24.88
16.41
21.88
25.34
23.34
23.43
26.55
25.85
14.82
25.07
29.02
28.07
25.07
21.22
19.68
22.83
25.34
23.26
5.03
19.83
25.22
27.8
24.96
20.15
24.02
24.32
14.87
13.14
19.03
18.7
24.98
27.81
24.09
15.41
14.02
19.13
22.72
22.3
21.62
21.86
18.28
14.46
18.12
20.77
20.08
20.99
21.43
18.23
16.11
18.04
22.99
24.46
22.02
16.88
15.73
12.72
2.42
16.46
22.6
23.8
17.56
14.53
19.68
18.68
19.83
20.5
22.05
23.6
22.58
0.74
16.37
10.87
15.93
20.13
14.23
23.47
30.33
28.93
23.55
21.24
22.39
14.51
12.08
15.13
26.95
30.54
25.4
11.48
23.49
25.35
24.72
25.56
25.1
21.34
25.09
34.59
33.67
25.61
11.31
20.58
28.62
23.88
18.86
20.08
7.98
23.37
24.86
17.05
2.14
20.2
22.47
21.39
17.18
16.81
22.77
23.75
21.6
19.33
18.1
2.13
20.11
36.19
45.1
44.32
33.43
22.02
15.32
16.49
16.76
20.37
24.64
22.61
18.23
16.14
16.57
13.15
12.99
21.12
23.28
23.21
23.12
21.81
23.1
21.23
14.69
13.72
11.2
5.9
28.15
41.99
45.46
39.79
21.64
7.76
18.02
21.61
21.39
22.6
23.35
16.79
20.01
18.35
15.9
14.32
17.19
16.96
16.48
13.14
15.99
21.93
25.86
24.75
35.58
34.44
24.67
25.94
24.2
23.75
22.31
22.21
24.78
25.91
22.35
20.35
17.51
10.49
17.42
18.99
21.21
17.56
16.27
17.47
16.47
21.55
25.19
27.14
26.85
24.64
19.31
16.31
22.34
39.06
44.03
40.9
31.26
23.17
21.72
17.98
20.83
27.13
31.57
28.96
17.36
27.37
35.24
31.92
22.29
16.52
14.81
20.28
15.63
15.45
8.42
14.59
22.36
26.14
25.16
21.86
14.37
13.59
33.99
45.29
45.95
37.12
21.51
23.64
21.72
22.43
8.81
22.93
22.27
18.99
24.28
14.8
-0.11
18.6
15.4
21.85
18.35
18.89
26.13
26.42
25.97
26.76
25.64
22.31
18.44
14.99
24.27
25.45
26.75
28.85
29.67
29.1
24.93
16.91
18.59
20.37
26.5
28.27
23.67
16.56
24.87
26.18
21.7
5.27
19.31
21.73
8.72
24.06
23.12
16.72
30.57
43.43
46.18
39.55
16.37
23.14
19.4
23.79
25.16
21
21.26
24.43
23.4
20.99
17.23
10.44
20.92
26.45
24.22
23.35
23.98
21.6
14.08
21.22
19.44
17.29
22.69
20.83
17.3
16.17
15.68
22.19
24.22
21.55
21.85
25.44
23.33
11.82
15.78
20.05
20.69
15.99
17.34
22.02
22.47
29.27
32.36
28.32
14.29
28.5
28.4
22.45
15.35
19.24
21.51
16.26
21.31
21.93
19.02
17.92
13.25
22.53
16.62
24.1
26.32
20.12
19.12
25.74
28.04
24.59
16.51
23.53
23.87
35.12
40.21
35.94
23.02
26.87
27.09
22.49
13.76
19.84
24.78
32.48
35.51
30.87
15.52
22.7
30.12
30.87
30.45
37.35
36.58
24.24
24.04
30.52
27.93
20.03
19.58
21.9
26.29
24.96
10.28
22
30.7
28.91
23.3
22.32
17.1
21.24
23.73
26.48
27.41
30.76
32.62
25.62
11.53
16.22
19.68
23.84
25.89
29.66
32.4
26.51
20.71
24.23
18.31
22.83
27.68
24.14
9.37
14.66
13.95
24.57
23.6
18.88
20.56
6.17
16.14
26.1
23.82
27.86
36.37
35.79
24.61
28.1
27.58
23.4
17.37
29.09
44.8
49.68
45.9
31.46
23.7
24.35
26.28
32.25
30.18
17.42
39.03
48.84
48.34
36.44
21.76
21.46
14.39
25.91
29.57
20.82
24.36
17.8
26.22
27.35
28.88
31.89
30.15
23.99
17.18
16.17
23.75
26.45
24.51
26
27.4
24.21
33.54
34.23
32.57
31.48
24.3
23.68
30.43
31.14
27.32
19.24
20.56
25.85
23.98
26.21
27.95
29.61
30.01
24.28
31.52
28.54
25.6
26.16
22.39
26.53
21.98
24.8
26.87
27.2
25.44
30.67
34.67
33.66
32.84
30.01
22.79
31.6
30.15
28.91
27.8
16.13
24.69
26.66
23.71
23.37
17.77
23.14
22.67
25.05
24.49
26.02
20.48
10.65
17.38
21.43
24.65
8
27.78
28.65
25.62
21.35
18.72
22.4
13.72
25.98
21.16
19.59
23.13
24.32
31.74
30.31
34.58
34.06
29.55
25.42
17.9
22.76
23.69
16.36
18.22
27.52
23.07
29.5
31.14
21.2
25.29
31.94
30.6
26.59
30.35
22.17
24.42
29.61
30.78
28.6
22.16
15.8
17.08
19.66
17.89
24.78
28.4
30.07
21.16
24.81
24.21
17.09
22.86
19.35
6.85
11.54
18.73
18.74
20.11
20.86
17.58
18.28
23.72
24.73
29.24
29.49
29.73
28.74
21.23
12.43
29.34
28.6
22.88
21.91
23.2
25.65
26.6
28.64
28.18
21.11
15.94
16.76
26.19
30.82
31.49
26.18
6.73
24.65
28.25
27.64
27.91
27.43
26.98
25.59
22.89
17.25
18.18
27.1
29.58
25.74
16.39
26.38
26.46
25.68
26.1
23.48
16.94
26.12
19.65
23.01
28.49
31.94
30.88
25.63
19.75
12.19
25.31
24.97
22.51
20.3
22.45
29.03
28.7
22.72
12.32
14.16
17.75
18.22
24
20.21
13.58
14.33
15.64
26.84
29.04
26.25
22.58
20.02
19.2
23.07
26.02
28.07
24.13
14.94
26.47
24.62
18.38
16.6
4.3
17.97
26.18
29.12
27.83
24.66
21.19
15.39
21.94
24.19
22.44
21.65
22.59
27.06
27.49
22.21
9.4
24.83
27.28
27.72
27.55
24.25
24
24.56
23.49
22.95
22.05
22.34
17.97
9.54
14.22
20.65
28.55
27.81
24.4
20.01
12.03
23.91
26.86
26.57
22.68
16.11
18.85
15.92
24.81
25.38
22.42
22.93
23.66
25.43
22.53
4.87
20.12
18.07
21.92
23.49
17.59
14.76
19.48
17.61
20.25
19.28
21.86
23.12
22.54
24.22
25.74
24.79
18.46
16.51
23.43
24.26
19.27
19.65
24.98
25.31
19.51
3.6
20.34
24.07
25.18
23.92
27.6
31.08
28.64
24.71
25.78
25.94
21.85
24.12
29.33
27.84
25.36
10.46
23.92
26.39
28.3
27.53
26.41
23.68
17.35
19.84
26.21
23.93
4.92
21.36
23.2
23.18
24.69
23.27
23.64
25.83
26.56
25.19
7.66
25.15
27.62
25.26
23.82
20.95
13.75
26.02
27.64
27.02
24.77
19.61
6.37
22.64
26.15
24.47
26.71
24.89
21.2
25.29
23.52
12.81
18.65
14.96
21.71
25.18
23.26
17.84
14.35
23.41
26.46
22.48
14.81
24.01
22.28
23.98
22.41
23.44
33.47
29.73
22.75
20.94
8.07
7.62
13.28
19.13
18.22
20.61
18.03
14.39
17.71
18.8
20.42
23.29
23.17
25.15
19.99
18.6
21.19
13.4
19.41
20.28
21.62
22.99
19.63
6.56
12.52
14.34
20.57
25.75
26.88
24.82
17.1
10.31
19.62
23.72
22.64
18.24
17.37
22.39
17.91
15.33
21.11
24.22
23.68
21.97
27.25
24.1
20.67
27.87
28.3
24.73
15.22
19.9
24.09
19.52
16.07
21.86
26.78
26.33
20.67
16.68
8.32
17.57
18.34
17.63
22.72
23.12
17.75
7.68
9.36
13.65
18.67
12.05
8.92
14.26
14.38
22.12
26.8
25.84
22.33
15.69
21.66
21.26
18.09
15.69
19.05
20.24
22.96
26.43
24.67
16.33
20.95
21.37
23.27
27.48
18.06
19.82
21.96
18.32
18.2
18.02
26.83
24.24
19.91
18.39
24.19
22.5
7.01
24.72
25.63
21.94
24.17
21.21
18.71
21.96
24.91
22.71
21.3
19.26
16.65
24.9
19.67
10.84
-2.26
16.6
20.95
16.21
20.25
17.68
5.27
14
19.59
23.4
23.35
18.37
4.09
16.89
18.22
17.05
13.46
10.35
2.44
19.88
19.09
2.86
9.87
12.28
9.06
12.3
11.64
16.1
7.49
15.25
22.9
22.78
12.59
25.48
24.07
14.32
10.26
21.14
25.58
25.13
20.36
10.44
15.18
24.01
25.99
26
22.78
16.72
21.47
19.55
10.18
18.38
16.16
9.16
13.68
17.43
11.63
14.2
14.05
-8.37
8.12
-0.55
18.4
23.02
22.99
19.96
3.61
17.53
18.6
18.65
21.13
22.19
18.15
7.62
14.75
18.47
6.85
12.48
12.23
21.75
20.63
14.02
20.95
22.24
17.11
14.79
14.86
21.9
24.57
16.07
9.36
7.14
11.91
7.08
21.49
24.44
22.41
20.33
12.59
14.97
20.29
25.12
23.98
21.62
17.46
23.37
21.27
17.03
20.09
13.84
17.91
13.45
22.32
21.63
16.38
-2.01
16.17
18.11
21.69
22.26
7.78
12.59
18.75
23.63
23.33
18.13
12.69
17.7
21.63
21.48
19.89
21.7
18.9
6.05
9.69
7.94
18.89
18.67
16.11
14.99
20.58
24.85
20.89
21.53
16.63
14.16
14.5
19.87
22.29
21.94
14.85
11.48
19.47
19.02
16.69
22.12
14.65
23.03
24.4
20.57
13.7
14.39
5.66
10.67
2.83
3.18
15.41
13.92
20.78
21.72
11.11
16.87
4.14
14.69
17.34
18.4
12.93
19.08
18.14
15.94
12.77
12.62
20.73
25.44
23.67
19.03
23.98
24.36
16.86
9.36
13.35
16.58
20.99
18.78
7.29
21.28
24.87
21.4
12.06
2.1
1.32
12
23.28
26.15
20.84
22.47
20.48
14.78
17.46
19.21
13.74
16.96
20.16
20.72
15.44
15.8
9.63
23.11
23.14
16.51
7.93
18.99
25.43
26.9
26.22
25.7
25.12
23.1
26.18
25.76
23.59
23.08
19.62
2.38
15.45
17.1
16.74
23.78
26.73
26.55
25.06
19.14
13.53
13.04
17.77
20.49
21.51
22.14
25.58
22.97
13.73
19.48
24.64
26.48
28.2
28.35
25.78
21.04
14.87
18.33
16.71
16.3
14.69
23.52
26.04
28.62
29.08
24.44
20.42
25.29
22.16
13.03
16.88
18.12
17.37
24.09
27.91
27.4
20.69
21.36
26.76
25.96
26.11
26.62
28.77
26.3
23.9
24.96
24.66
25.22
24.17
24.6
19.25
15.58
23.78
27.86
27.76
25.07
25.95
26.43
25.16
24.36
22.99
16.35
12.45
17.33
25.8
26.89
21.52
20.55
17.6
24.24
27.91
26.04
23.24
24.76
22.67
6.39
21.62
23.88
25.73
25.49
24.33
25.12
26.64
28.01
26.65
23.57
25.82
24.83
19.32
21.91
24.83
20.58
13.8
19.6
22.65
18.74
21.6
21.37
25.81
33.88
28.77
14.27
23.86
26.54
25.35
20.49
12.88
21.81
19.54
22.36
20.77
18.47
17.63
17.69
19.73
20.45
21.5
24.88
28.38
30.25
27.91
17.69
16.55
14.9
12.96
14.73
14.35
3.06
10.54
19.8
22.4
18.08
22.65
27.13
28.27
28.68
29.2
28.17
25.78
23.69
21.41
18.41
17.32
20.73
15.47
20.12
11.86
20.35
22.04
20.68
20.08
15.52
13.61
12.65
2.77
-11.96
15.66
18.04
21.53
23.42
24.7
25.97
24.79
23.5
25.25
24.25
17.27
17.23
21.74
23.76
24.28
23.98
22.49
18.95
0.82
18.55
19.82
21.09
24.49
27.04
26.65
26.36
27.45
26.87
21.97
21.46
25.84
25.99
23.88
20.22
10.73
20.25
22.52
20.58
20.01
22.96
23.78
19.4
20.05
20.49
16.5
6.04
16.54
26.18
29.66
28.47
24.06
19.08
13.08
19.24
13.28
4.15
11.18
20.78
24.09
23.35
21.97
19.36
13.22
7.77
15.78
17.35
9.23
8.73
17.32
19.78
20.36
23.09
22.28
14.14
9.17
17.63
23.95
23.27
22.58
23.72
24.13
24.75
24.08
21
20.06
22.86
24.63
25.46
22.56
17.49
22.81
23.02
21.77
20.25
20.43
19.8
14.93
-2.69
14.82
21.97
21.88
17.01
9.95
13.31
18.04
22.35
24.94
23.63
21.66
22.24
15.9
21.55
22.53
20.7
17.4
16.13
16.03
14.04
10.73
15.59
14.93
19.57
16.6
12.85
19.12
21.51
20.99
17.39
19.72
21.26
15.62
15.63
18.27
18.12
15.76
18.48
17.76
13.43
10.12
20.68
15.88
17.84
22.63
23.52
20.98
12.98
18.88
19.87
18.25
18.18
13.22
17.23
19.72
18.97
18.63
21.36
25.36
27.77
24
14.43
19.88
19.79
10.44
17.98
20.57
8.84
13.83
13.75
22.32
26.42
27.43
25.69
20.33
16.2
17.24
17.52
14.96
12.73
18.55
22.19
18.49
10.23
18.51
18.91
17.12
19.09
21.11
19.53
14.24
5.25
-2.37
11.2
14.31
15.29
20.38
19.17
-9.93
3.48
4.64
7.73
16.69
18.59
16
10.33
9.7
6.05
13.11
17.04
15.81
18.8
18.64
9.3
13.01
8.55
-2.5
8.6
14.46
16.71
16.84
16.32
15.16
14.15
16.88
12.48
14.91
19.07
3.81
18.04
16.45
16.72
17.16
15.94
12.46
5.62
7.16
13.07
19.67
20.87
18.42
13.13
18.25
21.13
20.02
17.51
1.3
6.36
14.37
17.23
1.89
15.68
11.92
-1.48
5.61
16.91
21.57
20.5
16.59
14.3
15.63
17.41
16.27
10.63
4.37
-0.83
7.53
13.69
14.17
8.61
15.61
17.74
19.12
17.07
15.93
15.46
13.74
10.82
13.53
6.47
14.92
20.88
20.27
13.73
10.71
14.67
12.8
10.17
12.04
13.39
17.27
14.97
10.27
16.95
19.32
17.05
13.43
11.07
4.77
8.57
14.52
14.14
7.2
13.96
12.85
14.14
15.49
17.86
21.17
20.01
10.11
9.17
12.62
12.36
-0.12
11.81
8.05
14.18
18.75
13.37
9.08
4.75
1.33
4.84
2.59
8.52
9.63
17.11
16.57
17.77
18.17
19
13.11
13.45
15.95
4.2
11.79
9.1
3.58
1.73
13.73
10.52
9.1
-1.48
12.57
13.24
10.64
13.28
17.14
14.26
8.68
11.88
5.78
12.97
13.46
2.3
3.71
11.86
16.92
14.49
15.04
13.51
12.26
11.32
3.11
11.27
7.64
10.35
15.81
14.11
11.18
6.82
11.28
14.29
14.29
17.18
17.63
18.36
17.33
13.51
9.64
13.32
16.55
10.76
11.03
13.52
15.96
13.15
4.14
11.2
15.43
13.98
16.29
18.86
17.35
11.38
10.28
11.1
5.85
14.62
17.81
15.18
17.4
21.16
20.06
17.19
11.79
-10.04
6.57
14.17
13.47
16.33
21.29
19.4
15.21
19.21
15.82
17.84
22.88
21.41
19.24
18.8
16.29
11.94
15.49
13
10.74
18.14
18.6
14.12
-0.93
2.8
9.84
21.57
21.03
2.21
12.32
15.37
16.72
17.03
17.06
16.28
10.22
-4.53
2.63
5.54
14.53
13.3
-0.13
20.38
23.19
21.71
19.34
18.86
21.03
17.37
7.83
14.9
13.91
17.65
20.56
20.31
16.34
2.15
16.32
18.28
11.85
1.35
10.16
17.35
20.84
20.93
20.11
18.4
15.09
13.73
7.77
10.14
19.2
19.81
17.11
11.25
6.3
6.84
14.85
17.81
16.93
21.9
21.33
17.34
18.92
12.08
11.27
14.16
12.34
8.22
1.51
8.09
6.22
14.25
16.29
15.67
18.18
18.13
13.54
16.26
20.3
19.2
13.43
-8.03
12.46
18.95
18.65
15.39
7.3
-3.37
16.96
19.51
20.74
19.97
12.38
1.34
13.49
16.1
12.72
9.9
18.58
14.45
4.5
10.53
13.38
15.73
11.83
13.91
14.13
9.14
-5.75
14.09
16.48
12
8.83
15.76
16.77
16.52
11.12
15.38
15.23
15.42
13.38
1.7
15.16
19.09
18.52
18.11
20.82
22.56
20.78
18.08
15.73
12.63
13.12
-7.25
12.49
14.42
10.43
15.4
11.57
15.21
21.62
19.93
10.53
3.99
8.88
14.52
18.63
17.68
9.1
13.04
14.27
11.43
12.43
16.4
13.94
12.31
9.28
14.43
13.2
1.24
11.75
16.9
17.19
14.14
9.58
8.62
16.24
20.91
20.53
16.35
17.41
20.25
12.11
10.15
16.07
13.19
5.14
16.27
20.85
18.99
15.96
7.02
8.02
10.36
8.45
14.3
9.27
-0.33
4.76
6.79
15.91
2.36
17.6
16.53
18.05
19.2
16.07
16.21
20.19
20.76
11.17
13.7
14.89
15.01
20.02
19.95
17.71
17.61
10.26
4.45
12.09
13.6
13.82
14.69
9.48
18.01
18.56
13.49
7.56
-0.76
12.33
11.02
11.29
11.89
12.87
5.89
17.23
20.76
15.33
15.46
19.14
11.68
14.48
14.96
13.94
1.27
14.63
18.88
15.1
13.38
13.13
2.79
18.28
19.04
17.64
11.44
9.76
3.68
11.22
16.72
16.95
-4.12
15.48
18.37
16.85
-2.35
9.28
8.22
14.7
15.54
14.47
15.52
17.58
14.07
9.95
9.49
12.2
14.9
12.86
17.03
19.71
18.87
16.41
16.89
19.03
16.68
17.6
18.93
18.58
14.85
1.13
17.49
21.06
21.58
21.45
17.52
7.33
2.97
-7.66
14.43
20.13
16.12
8.76
17.6
17.45
9.68
4.81
9.59
11.68
14.65
14.74
15.46
16.87
9.62
4.99
10.7
8.38
13.13
14.85
16.49
19.32
15.34
11.19
8.92
12.19
17.25
13.11
14.02
19.26
19.78
20.05
20.57
18.15
18.95
18.87
19.42
18.14
20.68
21.24
19.37
17.54
13.7
16.99
20.62
20.58
20.97
19.43
6.71
6.32
13.08
16.17
8.38
8.17
4.45
12.42
8.82
16.58
17.45
17.57
16.18
-2.23
14.67
19.55
22.87
21.74
15.28
3.73
15.61
15.04
13.15
11.78
15.19
15.46
7.89
13.42
19.06
18.16
16.07
17.61
23.44
18.32
10.06
7.62
6.7
14.46
2.22
16.39
17.02
23.83
24.14
19.58
13.43
13
14.59
12.78
12.08
6.87
4.54
12.29
20.21
19.25
13.64
9.96
12.85
15.18
20.2
18.24
9.62
0.94
10.27
9.88
16.8
20.53
16.48
10.48
11.79
11.08
19.58
23.12
21
12.84
11.18
13.77
9.24
15.27
18.83
4.93
17.93
21.09
19.75
14.42
11.04
16.25
18.49
19.59
18.4
8.18
15.29
16.88
9.3
12.78
10.73
5.86
11.77
14.56
11.15
7.44
14.4
17.6
11.06
10.94
15.14
17.06
16.32
19.73
21.66
10.77
20.03
20.98
10.11
12.16
17.41
18.69
18.72
15.15
11.69
15.67
17.61
18.9
17.46
13.59
5.86
12.75
5.25
4.18
12.9
13.08
4.92
6.35
14.81
14.62
11.5
9.93
3.84
11.57
13.11
18.76
19.51
17.12
-2.23
15.05
15.2
13.39
6.8
12.82
15.09
6.85
9.74
16.48
19.13
12.41
13.24
19.99
23.11
22.93
21.72
19.34
18.51
15.75
14.24
11.72
-3.03
6.95
7.61
4.71
15.29
16.74
12.94
8.76
15.86
13.69
5.63
11.21
15.49
14.96
4.41
3.58
11.67
13.2
14.1
11.55
9.83
5.97
-4.82
8.67
7.18
9.38
15.72
18.59
18.78
14.54
2.36
2.52
-0.27
10.81
14.12
13.61
11.4
16.44
16.84
9.43
10.32
9.62
7.15
15.86
15.92
14.33
11.14
12.23
12.62
8.1
13.14
17.85
18.3
12.82
7.86
-3.85
9.57
10.65
6.3
17.12
16.56
16.45
18.95
14.76
0.48
-4.74
7.49
11.91
11.56
10.42
7.78
12.49
5.68
7.47
6.12
8.78
4.79
10.22
14.27
18.21
17.84
9.54
3.29
7.51
15.56
15.1
9.35
10.64
13.3
7.74
13.66
15.73
9.11
7.8
8.04
11.72
13.69
13.15
2.68
12.94
10.76
9.8
17.83
20.71
18.52
13.13
3.98
13.66
2.23
13.31
10.82
7.85
-4.36
4.21
5.17
8.79
11.27
-3.95
1.06
10.05
14.59
15.93
10.83
11.8
14.67
12.04
-11.35
13.38
16.45
13.46
14.38
15.4
9.89
13.92
18.9
16.25
10.2
3.11
4.31
2.64
3.36
7.37
3.82
9.73
15.91
19.35
14.1
8.84
13.09
17.27
14.36
10.93
5.42
-9.8
6.53
12.73
10.87
14.24
11.19
13.81
19.69
14.5
9.75
12.37
10.64
14.43
16.26
12.58
7.1
11.36
9.7
-16.02
15.08
18.75
18
19.96
21.15
17.86
19.88
21.5
18.97
16.31
7.76
3.59
-3.51
3.71
-0.09
8.83
9.85
16.81
14.65
14.52
11.81
8.78
6.22
13.77
18.96
16.46
5.54
14.73
20.24
20.57
17.8
13.26
10.33
9.06
8.65
11.58
8.16
9.42
16.56
15.38
12.05
14.08
8.89
6.97
7.33
16.77
18.05
16.95
12.17
12.17
7.15
0.61
8.84
14.53
19.5
22.37
21.56
18.37
18.36
19.23
15.02
6.68
5.9
13.37
16.98
17.6
15.12
7.17
15.25
17.07
18.57
13.83
9.12
10.6
5.49
8.46
13.95
17.1
10.36
12.51
15.64
14.13
5.64
11.44
18.32
19.07
18.67
16.75
13.88
13.37
6.6
11.98
14.18
12.58
8.44
14.13
18.57
18.98
19.8
14.43
11.27
11.77
10.27
5.31
10.09
15.83
19.11
19.63
15.55
10.91
1.21
-0.59
8.48
17.14
19.22
19.28
18.54
12.2
7.46
-1.84
9.76
17.27
19.38
17.59
11.82
14.35
20.33
18.19
11.14
17.2
16.46
15.29
12.96
8.89
13.76
14.18
0.86
15.54
17.3
12.12
4.86
-4.49
14.46
14.85
-4.21
14.03
10.11
8.99
8.86
9.02
4.47
9.41
-0.03
13.44
15.83
17.65
17.06
13.12
11.08
17.45
17.55
8.2
10.21
17.35
18.6
16.78
17.46
14.99
12.9
15.92
14.08
15.93
15.81
12.41
9.22
12.75
9.47
11.41
8.16
13.75
12.88
14.69
9.46
14.29
15.69
18.74
19.49
16.11
11.3
8.43
4.58
9.83
15.97
17.01
12.83
8.77
6.57
10.91
15.93
15.34
14.66
5.99
6.91
6.12
8.09
10.77
6.83
9.5
0.74
10.18
11.74
2.21
12.74
12.93
10.96
13.85
15.4
12.98
9.41
2.24
2.73
13.53
13.11
6.84
-0.39
9.07
9.49
4.48
1.32
6.91
11.97
15.4
12.14
6.96
6.03
1.62
1.06
10.68
10.71
8.63
5.9
10.11
18.04
18.41
15.49
12.91
11.56
14.37
15.58
11.46
5.33
11.29
6.82
10.03
13.4
15.47
17.32
14.76
5.02
14.18
10.85
3.49
14.42
14.75
10.71
6.37
8.03
5.6
7.96
2.55
8.13
10.32
8.22
8.27
11.75
5.15
3.13
13.24
17.04
15.68
11.55
10.97
11.36
7.6
4.06
7.35
12.55
15.26
15.35
16.5
11.61
3.49
1.05
-1.56
6.44
1.4
3.58
11.43
6.93
10.55
12.63
15.01
12.19
10.34
15.08
17.3
17.14
12.55
12.29
15.82
14.9
15.28
16.34
17.66
15.44
13.87
15.98
16.5
13.84
4.7
2.76
9.58
-5.87
11.59
14.26
13.68
11.45
1.19
9.06
11.33
7.41
4.91
7.07
5.62
1.11
11.12
9.42
4.91
12.08
5.24
11.49
8.25
0.92
14.76
18.13
12.88
11.39
13.47
9.87
0
10.65
9.49
12.92
15.11
3.12
10.36
4.28
0.53
12.11
16.73
16.62
14.86
13.83
14.21
18.39
16.66
15.7
15.64
13.77
11.03
14.19
12.81
1.07
4.59
9.61
16.04
18.22
16.26
11.11
8.98
1.45
13.8
16.03
16.89
18.62
15.07
1.17
13.28
13.02
-19.59
2.79
11.34
17.61
15.3
9.14
10.36
10.42
12.99
12.69
12.81
14.34
14.5
12.07
12.19
16.13
17.84
15.06
10.66
12.38
6.77
11.16
13.59
3.4
5.05
11.11
17.24
11.01
-3.33
13.23
16.17
13.58
6.94
1.99
1.68
7.57
13.82
15.42
16.59
15.49
12.39
14.61
18.16
15.08
8.48
15.44
12.88
9.92
7.09
7.06
0.15
12.68
11.14
7.58
8.04
8.83
15.05
11.46
7.85
15.75
16.34
14.32
13.71
8.85
7.75
13.53
14.12
15.75
16.3
14.27
7.61
-3.36
6.57
11.13
12.4
11.24
3.45
-1.31
3.31
3.33
11.47
14.09
12.67
3.23
7.4
11.69
16.96
17.08
10.28
5.19
12.87
11.1
-1.32
3.22
12.18
13.27
12.28
12.41
3.82
-3.77
-0.62
0.78
2.73
7.41
9.93
8.58
7.23
9.82
10.71
7.77
6.24
-8.77
6.29
11.59
4.28
11.49
12.44
12.18
17.45
18.78
13.38
2.87
7.07
11.65
12.63
11.54
13.77
7.63
2.55
8.39
11.96
7.66
7.83
-2.12
12.3
13.34
9.69
5.71
5.42
1.65
8.62
14.21
9.73
1.62
3.13
13.91
16.74
15.85
15.01
14.51
14.18
14.81
11.47
5.99
12.59
13.62
9.69
-3.47
2.01
12.18
5.89
11.31
8.42
10.22
13.75
8.63
7.09
5.8
13.67
17.46
17.09
15.55
15.03
11.45
15.35
14.51
-12.3
-1.63
12.32
15.11
5.08
4.73
-14.97
-0.15
8.08
13.11
9.13
10.12
12.88
13.99
15.88
15.71
12.82
10.08
9.63
7.64
14.31
13.2
13.78
18.63
19.55
13.76
-0.59
-8.6
8.13
14
16.13
17.74
17.77
12.7
10.58
11.79
15.77
17.43
16.52
8.19
4.17
13.54
16.71
17.52
16.39
9.4
12.81
13.95
12.27
11.79
-6.27
4.32
7.14
13.06
13.66
12.99
11.2
12.54
12.73
15.47
12.74
10.51
15.48
19.25
18.45
18.09
17.55
16.27
16.47
17.58
16.44
11.93
3.83
6.38
13.57
16.49
9.78
15.2
12.62
12.61
15.12
15.15
15.61
17.83
18.43
18.56
17.59
15.54
7.56
8.38
11.08
13.28
6.47
8.55
-3.49
5.01
10.67
14.13
13.8
12
9.7
2.51
3.52
15.73
18.34
14.07
9.12
5.45
8.32
13.32
14.43
11.15
4.54
15.93
16.98
14.1
8.97
10.9
13.03
14.73
15.35
11.42
15.23
16.13
15.35
15.01
8.52
9.63
7.05
8.54
8.25
4.81
7.63
5.79
16.22
18.82
15.02
13.54
13.41
10.48
11.17
14.5
16.01
14.75
10.25
7.43
6.41
0.92
11.12
15.67
14.35
14.19
10
16.24
14.71
4.8
16.06
18.91
15.53
6.72
8.6
15.36
11.95
-1.46
8.51
8.79
11.19
6.88
9.77
14.79
12.35
18.18
20.53
18.97
14.74
0.36
-6.15
5.09
11.38
12.19
1.41
-6.41
8.62
16.59
16.83
14.26
12.7
12.61
8.9
8.31
11.05
-4.07
2.42
13.68
13.84
-12.09
8.93
15.13
17.82
16.5
15.85
12.87
-1.87
8.76
4.31
11.35
11.14
5.45
10.69
7.47
15.01
17.06
16.89
15.74
12.6
8.92
10.59
13.4
14.14
12.03
10.91
13.78
8.39
-0.06
0.86
12.34
1.48
9.37
10.9
5.06
10.31
11.12
8.63
12.05
12.1
10.36
10.82
13.87
18.19
17.54
12.83
12.46
15.1
9.35
1.04
2.52
12.66
17.16
13.38
5.7
12.15
13.81
18.14
19.81
16.8
5.48
13.02
15.85
20.87
22.01
20.15
17.64
16.68
13.13
7.22
8.61
12.76
17.26
18.06
12.8
5.67
12.76
16.45
17.81
19.45
17.92
9.77
15.82
16.83
13.57
3.44
4.56
13.19
14.38
10.8
15.23
15.92
10.16
2.07
12.59
14.73
9.64
12.68
14.63
16.51
17.19
12.89
-0.26
-1.12
8.58
13.09
11.21
8.98
9.46
7.76
11.8
18.24
19.72
14.62
3.27
6.37
16.89
18.58
16.24
13.59
7.3
-4.68
8.63
14.82
14.09
6.93
5.83
14.35
12.31
8.87
15.8
11.57
8.2
13.96
13.53
13.36
8.25
6.82
14.27
15.37
13.51
11.72
6.25
5.64
10.09
8.83
-1.29
7.54
14.47
11.83
9.69
3.52
11.57
14.79
13.61
10.37
7.58
2.2
3.06
7.33
9.97
14.5
15.48
5.45
11.95
11.66
8.5
9.88
3.45
13.51
18.26
17.1
16.93
16.66
13.65
11.34
8.76
-0.9
8.81
10.2
7.21
15.39
18.17
17.56
10.71
7.48
16.37
17.23
11.7
4.62
14.19
15.9
13.86
8.31
-8.33
0.99
9.86
7.31
11
14.38
12.49
11.84
16.89
18.46
13.43
8.35
11.3
16.23
15.24
16.35
20.25
20.04
17.19
11.72
13.23
19.31
20.44
17.9
14.46
12.63
14.85
19.7
19.56
16.13
12.24
10.53
-3.45
10.11
5.78
10.76
15.57
2.52
13.52
12.87
0.54
-3.85
7.08
16.02
19.74
15.76
9.64
0.7
5.3
17.01
20.07
18.57
16.36
15.39
7.36
13.68
11.27
11.71
14.42
11.86
11.83
14.22
14.95
15.84
17.94
16.56
6.29
3.56
0.6
14.05
16.27
15.31
14.7
11.19
-9.47
5.45
0.8
5.92
13.07
15.19
13.81
-0.01
-6.46
0.38
7.68
7.29
-0.87
14.19
17.38
16.23
10.44
6.45
4.81
-0.55
3.79
4.06
-4.08
5.54
1.75
6.96
7.67
14.43
12.32
14.71
13.53
16.41
17.97
12.17
10.96
12.37
6.18
9.87
15.8
16.64
11.44
7.41
16.77
14.83
11.71
12.45
14.97
9.75
8.86
15.34
10.57
9.19
15.13
14.52
8.73
5.69
5.93
13.95
14.07
9.52
4.52
1.7
10.06
16.35
16.27
16.15
16.15
12.09
13.95
14.61
15.4
14.05
14.2
9.97
4.9
14.56
15.99
15.31
14.23
11.66
13.56
12.6
10.93
15.23
18.4
17.72
13.63
6.1
-0.32
4.62
5.96
14.25
12.82
16.05
12.71
-10.78
3.29
3.7
2.02
8.86
7.74
5.53
6.59
13.02
15.84
12.66
14.62
14.91
12.66
15.98
18.07
14.75
9.31
10.82
12.02
14.77
13.08
1.89
10.14
11.11
10.73
2.92
6.44
12.43
12.65
5.6
4.75
10.4
7.14
9.4
9.79
9.46
-18.27
7.13
8.38
15.74
15.62
12.55
8.51
7.04
2.42
-0.16
11.02
13.61
7.53
12.25
14.64
5.24
3.19
5.45
5.57
8.89
15.7
15.03
9.89
16.41
15.12
-1.52
5.21
9.11
11.72
11.88
15.81
14.12
10.24
14.51
15.35
13.58
9.77
3.74
-2.77
-2.32
5.7
9.3
7.82
5.83
8.2
0.5
8.97
12.13
13.78
15.16
14.97
13.27
12.54
12.42
15.27
13.54
9.12
0.08
5.36
8.28
4.05
0.79
4.59
9.79
4.02
13.19
14.69
13.57
15.41
7.57
10.03
14.78
10.81
6.33
14.74
15.8
7.23
2.84
0.24
5.43
-0.2
3.71
9.44
12.93
9.54
12.61
14.54
13.95
11.73
7.08
14.18
12.66
11.21
9.46
10.93
14.15
14.02
11.54
11.69
14.97
14.76
13.78
12.32
6.32
10.05
14.9
5.61
9.64
14.44
13.42
10.31
12.23
9.36
1.43
5
0.67
5.6
10.24
11.09
12.18
14.64
12.56
8.61
6.76
7.32
16.41
13.56
14.1
10.94
7.9
8.31
11.01
9.78
4.11
10.43
11.4
-1.62
11.52
11.3
7.93
9.38
5.42
3.17
8.31
8.99
3.09
15.19
17.87
15.56
14.04
10.46
8.19
-10.1
12.97
12.24
-1.9
-6.72
-1.19
-10.7
4.8
10.06
-1.6
9.68
-2.08
9.8
7.5
10.28
11.59
-5.22
14.77
11.98
5.29
11.91
18.21
19.68
16.82
5.79
8.54
14.23
13.99
12.76
15.53
14.25
3.41
14.28
13.8
-5.14
8.57
10.45
8.36
-4.7
12.53
11.83
8.94
5.8
5.06
6.94
9.78
16.14
19.67
16.07
-1.28
8.76
13.53
13.39
12.55
16.61
15.4
11.99
9.74
10.86
16.22
15
10.06
4.58
4.34
11.6
10
11.57
13.79
10.8
0.28
12.63
9.62
8.8
15.15
15.93
8.77
-1.26
0.65
11.47
15.2
14.62
13.61
11.74
5.48
9.57
7.81
4.7
4.76
-1.06
12.31
11.74
12.34
12.23
12.38
16.43
14.8
7.88
12.53
16.17
10.05
7.14
9.7
13.84
10.91
15.76
14.22
15.76
17.77
17.05
13.41
14.51
9.63
8.33
12.31
13.16
13.46
16.32
15.23
7.12
-3.68
3.7
9.8
12.47
16.59
15.49
8.58
16.34
18.2
15.18
14.63
15.5
8.32
2.88
4.03
15.78
17.44
15.81
9.45
-5.97
1.42
-3.72
3.55
3.84
12.7
16.06
13.84
11.44
9.95
4.28
10.9
12.44
11.47
6.52
7.75
5.65
3.83
1.6
10.3
6.82
10.24
11.86
4.42
4.54
13.96
13.23
6.19
12.38
7.86
8.22
11.12
9.85
4.08
11.19
10.83
15.24
16.68
18.49
18.89
15.98
13.61
4.91
9.5
9.93
11.88
17.18
13.87
13.94
11.28
-7.37
-2.83
11.43
11.86
-1.01
9.07
11.61
14.6
16.79
15.1
8.23
7.97
6.8
11.37
4.31
4.5
1.93
9.1
10.26
12.14
13.91
15.21
13.36
15.53
13.09
5.94
10.86
17.55
7.08
12.52
7.62
4.61
9.43
10.21
11.11
14.14
11.97
9.48
11.03
7.45
10
8.86
10.94
6.12
8.43
14.56
13.22
11.46
14.37
15.18
14.6
13.26
13.88
12.18
13.1
10.15
5.4
5.48
14.06
4.48
15.3
14.87
14.61
13.64
1.72
10.23
7.35
10.07
7.76
9.78
9.09
9.55
10.22
17.69
14.13
5.81
8.53
10.91
12.46
12.78
12.08
14.91
14.23
10.61
12.63
12.2
12.59
5.28
0.58
11.36
12.45
-3.17
7.44
7.61
3.6
9.52
9.09
10.53
10.22
0.31
6.61
4.35
-3.67
2.67
4.52
15.62
16.86
11.81
10.08
15.23
14.19
11.65
15.52
12.67
0.61
-1.28
12.21
8.21
0.92
6.32
11.94
13.52
14.93
14.85
15.05
14.07
16.03
17.95
11.39
4.23
10.08
13.23
1.41
8.3
6.91
14.23
14.31
13.57
15.27
15.65
9.63
2.39
12.72
13.82
8.42
10.83
15.75
14.59
13.19
17.17
18.14
18.46
17.4
15.38
13.83
6.03
10.54
10.57
5.19
3.9
8.82
12.82
13.76
12.92
4.13
8.93
11.98
8.45
4.39
7.53
-6.43
7.46
11.89
10.48
2.01
12.23
11.85
6.02
11.44
14.97
14.08
12.91
12.36
4.28
13.64
17.52
15.18
10.94
15.44
16.65
12.85
5.56
0.05
-6.76
7.48
8.92
16.75
20.86
23.83
21.1
14.01
5.81
9.29
9.9
6.8
11.37
10.44
11.73
18.46
17.83
10.19
8.44
10.56
-21.18
13.42
16.62
14.45
11.94
12.88
11.86
-4.09
11.8
8.87
11.33
12.8
6.92
-11.47
-8.3
6.26
4.88
9.11
10.26
13.01
14.33
13.14
3.93
10.83
15.06
8.78
8.38
14.95
14.54
17.82
20.2
18.47
7.44
0.13
10.6
15.26
15.33
13.26
12.59
10.56
12.29
14.89
8.62
5.03
12.25
13.61
11.32
8.72
-4.15
2.62
7.72
0.98
-0.82
11.97
14.3
11.12
4.38
10.2
13.58
11.6
8.38
8.32
12.27
14.4
10.09
1.03
9.1
-3.35
13.85
13.6
3.38
4.84
15.48
19.07
15.62
12.35
9.82
3.39
10.06
9.17
8.02
1.4
6.81
10.15
7.64
4.37
7.39
4.11
15.81
16.79
6.25
10.32
4.76
14.49
17.05
14.22
13.05
13.25
13.03
16.67
11.44
7.29
2.66
9.54
14.46
13.96
6.07
8.37
8.99
7.52
3.16
10.64
13.46
5.83
5.79
-3.07
6.96
10.94
12.92
11.86
7.95
14.61
9.3
9.42
10.71
9.79
18.36
21.24
15.16
2.08
6.89
13.42
18.57
18.82
14.04
13.16
15.54
17.14
14.75
9.6
11.95
15.62
15.99
12.73
12.37
15.79
14.21
13.09
13.12
10.36
9.14
5.72
10.47
16.14
18.21
14.56
10.76
13.15
11.78
11.77
15.99
15.28
13.55
17.06
19.98
