4.49
-0.39
7.47
-7.27
7.21
11.61
13.87
13.06
0.74
9.59
13.88
9.54
7.21
12.2
13.13
10.53
-2.25
6.16
4.16
-3.37
3.69
10.47
11.18
5.33
8.09
12.81
7.86
3.67
8.25
6.41
-0.56
11.04
8.29
15.45
14.48
0.39
8.49
3.47
7.24
11.88
11.31
9.53
7.68
13.07
14.39
16.05
13.27
9.09
7.18
6.51
13.91
6.49
1.03
0.98
9.57
7.55
9.8
10.13
9.68
8.01
3.89
-2.08
12.15
12.03
7.89
5.81
11.28
5.18
13.85
13.39
8.73
5.98
5.92
6.83
7.45
9.75
6.14
10.4
8.1
-2.23
-3.27
-18.33
-25.61
1.35
4.79
1.65
10.76
13.5
14.64
11.6
6.88
11.95
15.35
14.23
8.56
6.29
8.36
10.16
10.63
8.56
3.33
8.71
-13.24
8.5
7.46
-11.71
7.36
8.08
6.07
2.47
11.43
11.69
12.9
7.94
2.32
11.57
13.45
12.83
11.59
10.12
8.07
6.7
5.27
-14.62
7.12
6.96
5.59
5.81
3.68
-3.32
11.2
12.59
10.4
11.24
6.58
16
19.17
19
17.22
15.97
11.95
0.27
1.32
9.96
12.32
10.28
13
15.12
13.28
5.2
3.77
13.18
17.03
16.92
12.51
8.33
8.39
6.5
-1.3
8.72
5.66
13.66
17.58
14.65
3.95
-0.08
9.54
8.43
3.64
-8.39
3.08
6.12
12.74
16.44
11.47
6.03
3.41
-5.82
8.06
13.11
15.14
15.36
10.13
0.67
10.07
10.49
9.01
8.63
-0.14
7.61
7.65
0.93
13.56
14.74
13.05
-6.96
11.1
7.68
-3.95
13.19
17.27
13.19
7.18
4.39
7.15
5.31
7.58
2.88
5.47
2.37
10.13
7.93
7.91
12.25
12.27
8.16
2.48
6.84
15.4
16.86
15.33
15.02
12.52
11.03
7.99
-3.21
10.16
13.17
5.18
-1.96
-10.3
-0.78
6.45
8.51
9.61
5.19
6.94
13.92
16.72
12.24
5.33
12.07
8.92
6.59
3.99
2.95
12.34
16.89
17.71
15.74
12.57
1.05
5.93
11.43
12.69
15.56
15.12
6.22
1.53
1.91
12.62
13.7
9.15
16.81
18.26
14.65
12.47
11.26
-5.46
7.72
10.05
4.81
-13.2
-3.02
-1.38
6.39
7.38
6.35
6.53
6.1
8.74
12.01
14.94
16.77
15.46
13.25
7.54
6.02
13.52
11.93
7.13
-0.76
4.03
0.86
5.92
-1.92
6.81
6.3
0.58
11.33
4.41
6.76
10.78
12.14
11.97
7.61
3.62
8.17
10.51
10.75
5.58
5.42
8.61
8.37
11.37
10.41
6.12
-5.43
-6.32
-10.61
4.62
6.02
8.22
12.93
10.57
12.82
15.41
12.82
12.55
14.81
14.5
15.71
13.48
1.46
10.78
-4.62
11.11
13.85
10.71
2.28
-0.08
-3.47
4.12
6.35
11.01
13.22
10.88
4.65
9.11
-10.68
13.21
9.79
-1.54
8.53
11.04
13.65
13.51
13.76
9.03
5.26
10.9
11.82
9.79
5.5
2.95
5.07
13.41
14.98
10.62
10.1
-12.06
6.13
5.56
3.44
13.98
14
4.53
9.96
9.6
7.94
9.89
10.45
10.06
7.45
4.01
11.23
12.87
11.57
5.46
6.44
9.95
4.72
9.3
14.4
12.14
10.02
11.26
7.32
1
1.39
-7.34
7.73
1.39
6.43
8.65
4.29
7.02
7.26
10.76
9.18
-0.18
6.95
12.93
11.4
2.15
-1.57
5.27
-7.72
9.73
8.35
10.36
7.16
5.45
11.21
9.46
10.2
11.66
13.2
11.99
9.37
5.75
-0.72
10.63
14.21
12.92
8.52
0.87
0.31
1.3
7.59
3.28
5.03
6.74
7.3
7.15
7.46
13.87
9.14
8.3
12.08
14.16
11.22
8.67
7.88
12.45
17.77
18.13
14.05
7.94
7.01
10.19
3.82
12.33
14.47
15.53
12.73
2.91
-1.4
7.48
8.12
2.95
2.65
3.5
1.16
10.24
14.36
13.94
9.04
9.69
16.2
14.01
10.12
11.02
10.01
5.14
11.89
8.36
-17.91
8.96
10.64
3.35
10.95
1.95
6.3
4.07
1.08
5.59
14.75
16.01
12.65
1.37
10.08
8.61
-4.05
-8.08
1.16
5.69
9.97
12.59
10.24
8.34
7.94
6.39
-6.55
0.35
-1.18
3.06
4.1
6.11
8.31
9.73
13.5
13.63
-2.29
12.63
10.31
4.07
10.93
10.86
7.31
6.99
0.2
1.28
-2.81
5.64
7.92
11.75
0.6
10.42
2.03
2.66
-6.06
-2.46
11.17
12.44
11.83
5.19
-0.29
7.37
11.96
8.3
6.22
10.38
10.63
10.36
3.23
13.83
16.84
16.5
15.59
14.63
13.24
11.38
10.14
6.79
4.79
6.4
10.61
9.47
12.87
11.88
4.09
1.13
6.16
7.76
5.82
10.37
15
7.37
6.52
7.44
7.18
5.62
11.03
14.46
9.18
8.83
8.25
3.23
-0.4
4.01
4.41
14.79
18.01
14.52
10.55
13.22
13.94
11.64
15.76
18.6
16.02
8.65
6.04
-0.12
7.11
16.33
17.88
13.97
12.51
6.96
-3.11
2.38
5.06
-7.3
10.63
14.64
12.84
2.99
9.33
13.71
14.61
14.17
14.78
7.79
13.55
12.38
2.48
2.11
-0.35
8.8
12.65
9.03
3.89
3.84
6.37
7.4
2.66
3.31
10.83
13.41
12.13
11.35
12.64
14.84
13.9
12.13
10.74
7.79
-0.36
15.51
17.31
11.18
0.86
9.48
12.73
9.62
1.09
5.3
4.14
3.94
11.66
11.94
12.5
15.21
13.34
8.1
7.23
8.84
1.87
4.12
7.19
9.92
10.72
7.05
8.07
8.35
7.95
3.2
6.85
-8.76
6.72
8.25
7.37
7.68
5.62
7.35
-4.62
8.8
9.23
6.5
12.4
17.67
16.76
13.22
8.67
5.24
2.59
-2.17
-3.52
9.5
13.69
14.37
13.58
6.32
1.08
-2.32
1.65
1.61
10.71
5.41
5.22
6.11
-0.54
7.59
8.95
3.5
9.99
9.21
7.19
15.59
17.21
10.96
5.75
10.43
13.19
12.02
-4.28
5.08
3.16
-1.89
7.27
10.12
4.39
8.13
13.14
15.78
14.51
12.21
3.92
9.58
12.07
-13.42
10.5
16.03
16.35
10.52
4.12
7.61
11.16
14.01
15.45
13.96
11.57
13.55
3.96
6.55
8.17
10.77
9.51
-5.64
4.73
4.06
5.34
4.66
11.27
12.96
13.37
10.83
4.46
-1.44
8.63
12.83
14.26
14.44
15.25
13.84
13.16
10.68
10.46
11.88
10.1
11.09
6.47
9.06
4.01
7.22
11.41
11.49
9.81
7.01
5.3
10.81
6.26
-3.43
6.48
7.68
-3.08
7.09
13.39
16.9
14.13
15.71
14.73
17.92
19.61
15.82
17.74
13.58
18.57
19.34
16.8
20.44
19.3
14.01
18.87
23.37
19.79
15.34
7.62
15.99
24.93
26.38
17.98
20.15
9.61
16.76
23.21
24.07
20.74
17.59
16.08
18.9
19.1
13.1
15.87
19.78
22.9
20.85
25.32
25.33
18.17
18.19
16.13
8.75
14.48
23.15
20.15
16.97
28.93
31.79
27.56
23.98
26.69
25.09
17.59
21.15
22.39
17.16
19.91
20.33
22.32
26.01
25.42
16.09
-2.25
15.2
21.56
21.93
19.95
9.24
20.36
21.48
11.14
13.83
19.39
21.73
20.06
10.81
17.31
20.96
18.79
19.39
16.66
24.91
28.4
28.71
25.97
22.02
18.85
17.95
16.8
14.61
25.87
27.67
26.79
26.49
21.84
18.13
16.11
3.8
17.71
22.21
18.93
14.26
18.64
21.46
19.32
16.92
21.9
20.78
10.94
16.92
20.89
18.04
16.65
17.95
16.07
22.75
25.13
19.88
7.85
23.29
20.65
16.36
21.25
23.52
20.75
13.09
21.53
22.73
14.53
15.85
5.63
18.49
22.33
27.61
21.68
11.05
14.45
18.59
21.47
14.7
8.53
16.21
22.19
21.18
22.76
29
29.46
26.3
21.31
22.82
22.65
26.01
26.64
21.98
18.74
27.38
28.36
23.5
13.28
21.04
19.72
15.05
20.2
23.13
19.57
16.9
21
19.86
23.33
22.49
9.52
20.58
25.2
20.82
0.92
18.27
23.69
20.99
14.79
17.21
12.85
18.3
24.69
26.43
27.38
29.52
29.26
25.4
4.87
22.64
23.53
20.08
21.1
21.48
18.11
19.53
18.52
15.67
16.52
21.66
21.94
22.84
21.52
20.41
15.69
17.89
16.49
19.07
23.32
21.47
11.81
21.76
29.71
30.94
29.41
28.13
24.77
14.24
18.44
18.79
12.39
14.63
19.58
18.55
19.46
20.59
22.3
24.77
20.36
14.52
18.21
15.68
5.97
16.34
13.23
16.87
21.44
19.86
20.78
21.02
17.04
15.02
22.53
24.32
25.85
24.57
12.54
21.61
26.93
23.47
19.76
18.83
21.7
17.46
19.35
23.32
21.82
17.89
15.5
23.93
23.05
21.16
24.44
21.95
19.3
17.08
14.85
18.48
21.8
20.33
16.15
22.29
22.88
16.86
20.93
20.96
21.53
21.51
24.62
20.96
15.11
14.16
21.91
25.58
22.98
21.51
18.84
11.68
11.39
21.01
16.42
7.18
5.03
18.43
25.98
27.69
23.98
27.33
24.89
15.49
16.99
18.67
6.63
18.86
19.14
7.83
6.67
6.72
11.62
19.13
21.3
22.69
17.85
2.68
9.9
9.46
9.53
9.29
10.21
9.56
9.16
6.59
9.87
17.22
12.02
7.56
5.18
18.96
19.03
11.71
9.82
10.99
11.03
11.7
13.15
14.19
15.57
13.25
4.92
12.77
12.37
4.56
15.31
9.28
1.72
14.56
18.97
12.59
1.38
-3.86
16.24
19.12
15.46
11.33
4.91
10.62
17.03
16.62
6.84
10.43
-0.82
13.77
10.22
17.87
20.17
17.06
11.45
-0.05
7.95
-3.52
11.9
7.37
-0.62
5.56
9.03
14.19
18.74
16.14
12.79
11.91
15.02
15.65
16.14
5.71
4.75
11.67
13.86
15.59
16.57
13.29
9.04
7.69
12.25
11.53
7.53
11.84
9.32
5.95
18.41
20.46
18.44
17.92
16.94
24.77
23.96
20.71
22.07
20.98
9.63
14.04
21.16
20.93
20.39
24.12
22.19
10.61
17.89
21.28
19.73
23.23
25.23
23.24
16
23.74
21.02
23.84
21.58
10.5
8.08
13.46
17.93
24.72
24.53
14.92
16.55
24.26
26.45
26.14
24.94
15.44
18
22.9
21.04
13.42
18.62
24.81
25.3
21.73
4
24.95
26.44
19.37
11.26
20.45
25.26
26.38
20.78
9.66
20.69
19.27
14.14
17.43
24.05
26.62
23.79
18.9
27.68
27.76
21.22
13.64
20.09
21.27
25.79
26.61
25.08
25.79
25.4
18.07
19.54
22.46
9.91
12.18
19.4
19.86
21.11
20.63
14.14
13.24
25.05
29.24
28.84
21.3
24.54
25.23
21.71
20.38
27.09
29.86
27.67
15.6
24.51
28.74
23.07
24.18
23.75
12.45
21.4
22.52
8.34
20.67
19.86
19.76
14.84
22.51
23.59
24.15
25.36
25.87
22.95
27.03
28.14
23.32
20.7
24.15
25.38
25.24
24.19
26.09
26.88
25.85
27.04
25.97
25.1
24.89
23.56
23.01
22.73
23.81
24.62
23.08
22.32
23.11
24.85
26
26.66
23.78
19.14
19.89
20.72
21.3
24.15
24.56
26.96
27.38
21.44
21.92
24.23
25.78
23.28
22.7
23.95
24.25
22.16
23.53
25.23
28.14
27.79
25.2
20.82
15.28
18.85
21.8
22.94
20.8
20.96
24.27
23.72
20.59
16.58
12.39
14.11
18.58
20.86
23.3
24.74
22.11
7.77
13.13
14.26
16.81
21.32
22.62
25.5
25.44
25.23
25.64
21.3
18.65
13.23
16.71
23.63
21.29
21.55
24.28
21.87
24.63
27.5
25.19
20.55
24.48
28.92
29.59
28.54
26.65
25.69
27.39
29.26
29.12
26.93
27.39
30.05
31.47
30.65
28.21
26.49
25.44
25.81
26.65
27.77
28.44
27.52
26.6
25.84
20.1
21.59
26.06
27.24
27.36
26.55
27.04
28.85
27.2
23.44
24.8
25.43
26.92
27.02
26.13
29.47
30.95
29.97
27.19
26.87
29.23
26.35
22.78
22.66
29.87
31.23
28.87
26.41
28.71
27.54
19.22
22.64
22.74
20.14
20.07
19.26
10.33
16.8
21.65
21.29
21.41
24.29
24.11
20.28
20.4
21.37
17.26
11.29
10.66
16.62
21.8
21.27
20.86
18.55
16.37
14.09
20.86
24.03
23.63
21.77
4.28
17.7
17.9
17.93
21.51
23.28
23.78
18.31
20.85
20.67
20.6
15.77
6.87
8.11
13.04
19.42
19.24
22.21
21.38
20.92
21.35
18.4
15.57
19.28
20.96
24.41
21.98
16.01
20.56
13.87
16.31
13.22
13.91
10.87
14.87
17.66
6.22
18.54
23.33
18.43
17.84
17.08
9.8
17.71
15.74
1.83
18.18
17.09
14.37
11.42
6.3
15.93
21.06
20.18
3.07
19.56
14.24
9.06
14.52
13.2
12.92
14.78
7.02
17.72
22.6
20.88
22.12
24.09
23.66
19.49
15.36
18.73
21.13
22.92
20.23
20.44
20.75
12.43
22.75
24.8
23.98
21.78
11.65
21.64
21.35
2.6
18.81
15.06
19.38
22.8
19.81
14.62
23.93
26.26
25.54
24.35
20.64
7.48
12.13
19.54
21.46
21.61
23.46
11.08
24.15
24.45
21.76
22.72
26.77
28.65
26.75
22.63
19.69
18.63
11.62
15.68
19.78
23.57
19.59
13.38
14.02
15.96
19.74
22.11
18.6
11.89
21.39
20.44
18.4
10.92
14.77
21.27
17.85
13.56
20.19
18.16
21.89
19.65
9.79
19.85
21.96
18.83
23.05
26.24
23.5
18.56
22.01
22.86
22.21
23.82
25.39
20.98
16.17
12.63
16.86
23.11
22.18
18.42
13.95
25.06
23.53
18.69
22.82
24.16
21.16
14.65
15.52
3.93
22.6
21.9
9.03
14.05
17.4
7.85
20.23
22.43
22.7
22.56
20.07
8.37
15.94
21.76
26.92
28.06
23.54
22.61
28.09
25.29
20.94
24.85
26.05
23.51
20.8
26.22
27.41
26.48
24.9
18.07
13.01
21.19
21.4
10.16
18.17
20.35
21.01
3.79
22.32
23.97
26.38
25.9
25.33
25.87
22.99
15.71
21.49
18.74
6.24
16.75
9.5
20.12
19.72
19.55
9.2
1.75
16.11
20.63
21.41
16.17
13.29
17.67
21.99
15.18
16.19
22.87
21.25
16.64
23.88
24.89
34.8
34.91
27.24
20.15
18.75
18.51
25.47
25.98
19.95
24.73
31.34
30.85
22.93
8.62
21.33
20.45
13.07
15.32
23.05
29.07
34.07
32.93
28.45
27.37
25.87
19.42
13.83
20.87
22.63
24.15
22.08
19.18
22.32
19.91
14.74
20.1
25.04
24.65
19.89
23.08
25.31
24.11
24.77
27.65
35.46
35.22
21.47
17.32
10.44
17.48
18.89
18.56
24.34
24.75
20.76
23.21
23.18
18.76
12.48
16.03
13.71
20.49
23.39
24.48
23.58
14.33
20.78
14.08
12.68
19.63
23.64
26.17
37.8
46.26
46.12
36.23
18.26
24.39
24.81
19.82
12.34
11
5.69
13.44
20.16
18.2
22.11
18.42
18.64
24.43
23.61
21.35
16.21
-0.69
11.87
26.24
34.83
32.6
23.45
27.14
26.14
21.62
22.45
19.47
20.39
21.61
18.37
17.51
14.97
14.44
9.28
19.19
25.66
23.41
13.15
20.77
26.89
24.8
15.92
13.65
23.91
26.71
28.4
26.77
28.61
39.94
42.97
36.72
21.9
22.97
22.32
9.33
20.38
26.74
29.13
22.9
15.02
30.82
37.83
37.3
30.12
20.38
22.83
19.34
6.89
2.77
19.76
20.01
23.61
29.9
31.07
27.36
22.75
23.34
20.47
40.33
43.38
35.69
25.93
26.88
21.14
17.93
9.53
21.35
19.05
9.66
1.27
19.58
21.92
10.23
9.23
15.86
20.24
20.95
16.34
13.22
21.76
25.15
19.09
21.73
28.11
28.38
25.35
23.83
19.34
21.03
19.1
19.47
22.39
17.66
10.34
18.64
24.91
27.71
27.74
25.97
24.95
25.92
24.71
22.29
18.82
16.9
18.89
25.02
22.69
25.98
41.18
46.55
43.06
29.09
24.31
22.95
18.45
20.18
22.11
24.91
27.17
29.05
28.65
23.44
20.52
21.08
22.49
23.34
22.87
25.41
25.53
13.53
21.13
12.01
20.17
22.18
23.74
22.04
23.5
23.9
23
20.3
18.36
15.87
15.96
24.21
31.26
28.86
21
14.42
13.9
21.45
22.76
24.03
23.83
27.34
29.41
23.84
19.25
27.26
27.01
21.54
6.7
12.96
22.47
23.7
19.92
23.25
27.27
25.44
25.75
15.36
25.04
28.82
28.79
26.19
20.58
10.78
17.64
13.65
24.47
17.49
23.54
24.06
32.11
28.58
18.79
26.76
22.36
23.3
26.05
27.07
22.61
25.12
23.5
24.81
25.08
22.04
34.84
37.42
31.56
26.81
40.75
41.71
35.29
25.73
10.55
21.41
30.59
34.27
33.88
28.51
28.31
32.76
35.3
30.33
24.59
15.63
24.04
27.24
30.59
32.8
31.04
31.53
34.55
33.88
21.52
23.53
24.67
31.3
29.63
26.76
28.94
32.12
32.22
28.57
21.06
28.95
33.59
32.8
30.19
25.81
24.49
20.39
23.22
21.94
27.01
31.55
28.94
28.94
32.09
33.43
32.04
29.57
30.79
35.48
36.5
34.41
32.12
30.45
36.85
47.49
50.18
44.15
27.68
18.08
21.51
20.38
30.37
34.5
35.45
43.85
44.75
34.29
33.46
30.74
26.64
31.66
32.76
33.02
37.78
37.8
33.18
29.51
33.17
37.77
38.84
33.61
27
23.49
28.41
32.75
30.43
21.35
24.53
34.19
36.73
33.22
28.21
28.31
29.07
25.83
14.45
28.11
30.36
29.63
32.43
33.1
30.32
30.65
33.5
35.55
32.56
34.78
36.47
39.31
37.82
35.8
34.46
31.92
32.94
31.77
31.4
30.48
34.23
36.26
32.05
29.7
31.74
27.47
23.11
31.83
29.21
19.71
23
20.28
25.72
27.23
26.5
31.33
31.83
29.13
18.53
31.81
34.91
34.27
34.6
33.16
28.97
32.5
33.91
32.01
34.02
33.74
34.07
35.49
33.19
32.59
26.86
28.29
33.58
29.68
31.09
33.85
32.04
28.29
27.92
23.79
26.69
29.15
26.98
23.96
27.6
28.01
29.15
33.75
35.45
31.95
21.63
30.56
34.95
33.94
25.15
24.27
31.83
34.17
32.61
30.52
26.71
20.28
24.73
34.12
37.07
35.32
28.17
31.03
33.87
30.92
23.54
16.85
31.05
32.51
28.78
31.78
28.49
24.11
26.25
24.31
24.93
27.75
23.35
27.76
31.54
30.84
23.54
26.4
31.71
30.83
23.57
27.98
31.77
31.4
16.02
30.59
31.76
26.75
24.41
29.07
31.26
28.69
14.34
28.2
30.12
28.39
27.29
22.52
25.2
25.29
20.13
25.09
29.81
28.23
24.69
23.12
23.36
26.68
23.45
25.75
27.64
27.09
24.64
30.4
32.54
29.67
19.34
22.79
28.33
24.01
23.23
32.74
33.92
32.96
30.19
26.62
30.19
21.49
21.45
25.79
27.33
25.13
22.06
20.85
27.93
28.97
23.86
20.61
23.91
22.41
22.61
27.46
28.64
25.36
16.98
13.03
23.84
16.56
17.88
21.74
19.03
6.94
14.93
23.62
24.84
20.37
19.66
22.93
26.16
25.22
20.95
23.79
23.81
13.38
17.38
26.27
28.23
22.99
16.29
21.24
24.56
25.05
20.98
20.38
27.06
26.68
27.21
28.2
27.19
22.51
18.74
7.8
20.32
22.21
22.95
24.33
23.05
21.81
21.37
20.61
20.13
19.81
22.04
24.53
24.62
23.01
22.62
24.38
23.58
13
25.47
26.84
23.7
20.64
16.99
21.3
26.03
25.99
21.76
11.29
18.58
12.99
7.49
9.2
17.59
18.22
20.5
18.93
19.77
17.02
19.04
22.08
24.87
26.81
24.87
20.67
12.84
16.21
20.18
15.97
15.42
22.45
18.8
29.01
21.42
23.4
22.77
21.36
16.98
17.74
26.25
24.65
22.68
24.74
27.98
32.07
31.68
28.36
22.57
20.6
28.19
28.96
18.61
27.43
25.25
22.66
25.76
13.34
14.96
10.05
23.05
29.1
29.92
30.25
30.31
28.93
27.86
26.27
23.85
20.93
18.08
26.69
28.22
8.4
31.23
30.92
25.52
25.77
28
29.77
30.18
26.11
26.49
27.67
20.69
26.91
28.54
21.96
12.08
19.08
24.6
14.48
26.62
27.11
23.19
31.44
32.43
32.18
32
24.4
22.09
26.91
22.1
22.56
23.63
8.08
20.48
18.5
20.2
17.55
21.27
31.98
35.04
28.06
23.12
24.21
27.16
26.62
26.16
29.48
27.19
23.56
22.47
4.16
27.67
29.83
28.34
26.99
22.43
23.01
25.5
27.61
29.74
29.27
25.56
20.67
27.01
32.73
33.33
30.83
27.45
18.2
21.49
20.7
11.16
22.87
28.69
30.78
28
21.5
11.39
25.29
25.79
21.16
17.92
12.85
16.99
3.21
22.37
12.03
25.2
30.11
31.33
26.7
23.68
10.88
25.05
27.59
24.54
20.65
23.31
24.04
13.36
26.53
29.23
23.91
21.93
25.57
21.19
22.07
29.22
27.44
27.25
27.53
25.41
25.01
23.81
26.54
26.47
25.32
21.06
21.28
27.08
22.03
18.98
25.15
27.34
30.05
28.93
22.73
20.78
26.17
23.91
16.37
18.84
24.2
23.43
19.88
13
25.04
29.22
30.16
28.75
25.81
24.75
24.45
26.62
28.71
26.5
24.19
22.01
22.06
24.87
27.71
26.39
24.4
25.47
24.26
26.46
24.93
25.66
23.21
20.74
24.24
24.16
22.72
21.44
17.75
18.01
26.05
29.81
28.72
23.52
12.68
20.53
22.63
22.61
20.17
17.18
15.29
24.05
24.72
16.21
20.19
22.87
22.55
1.39
23.27
26.22
26.71
23.88
23.45
22.77
19.07
9.92
19.8
24.34
21.65
16.34
22.53
25.01
21.95
14.39
24.67
26.97
27.49
25.85
21.8
22.73
24.84
24.81
21.68
12.16
16.44
17.42
18.89
23.6
23.11
21.69
16.65
21.81
25.16
25.62
21.23
24.34
28.29
25.32
21.3
21.72
20.07
10.98
21.76
22.98
18.94
16.13
23.5
21.69
13.96
22.93
24.65
24.4
21.97
21.12
17.51
12.53
17.13
24.07
27.86
24.82
18.75
11
20.82
16.18
7.36
12.56
13.71
10.5
13.91
19.81
19.02
20.45
24.42
21.96
14.35
14.21
9.62
11.99
14.92
18.93
17.54
16.82
20.68
16.78
21
23.34
13.81
16.28
21.89
19.91
4.05
20.36
23.86
22.18
21.06
21.72
23.06
18.33
9.26
11.77
21.57
22.29
18.42
19.43
19.45
18.44
21.85
24.45
24.58
20.85
14.24
15.26
14.73
4.48
13.54
15.8
18.72
21.53
20.17
14.35
21.08
22.5
20.82
22.85
21.53
23.88
14.84
21.01
13.54
18.47
21.72
18.57
15.11
18.29
21.05
23.71
21.58
18.4
20.3
24.97
25.5
14.4
13.57
16.52
21.91
24.65
18.81
17.54
23.5
26.21
22.05
15.2
21.2
23.2
23.77
21.28
18.79
20.67
15.93
12.67
13.43
16.47
22.6
20.4
21.28
24.55
21.34
20.24
19.29
15.17
11.38
18.2
15.02
23.26
19.51
12.35
17.13
21.01
19.49
15.01
1.71
11.16
22.23
24.57
20.16
15.84
10.96
15.71
21.13
17.12
17.5
25.51
24.63
19.16
15.73
12.31
18.83
22.11
17.6
7
18.37
20.65
12.45
18.19
15.76
8.2
18.38
24.56
23.36
10.78
14.62
18.53
16.25
15.68
23.65
20.99
12.85
21.39
24.21
23.68
8.32
23.66
19.55
11.6
16.58
19.69
8.95
6.31
15.14
18.05
19.68
11.71
13.23
18.88
20.25
18.81
23.36
22.17
19.35
19.98
18.28
20.09
19.6
18.67
21.92
21.07
23.03
24.67
21.44
18.23
13.5
7.99
16.07
13.1
19.23
20.88
19.87
25.29
27.47
24.28
17.85
16.45
16.31
18.35
20.94
18.24
20.56
19.16
22.81
26.2
26.61
23.91
23.7
19.63
20.51
21.22
17.15
15.61
18.42
18.05
7.83
19.73
21.2
19.73
10.62
18.46
26.85
27.21
20.86
18.75
23
25.41
23.74
20.26
21.58
14.22
15.11
6.79
8.54
20
16.7
21.08
10.07
21.55
20.36
19.74
8.81
2.5
11.82
18.08
21.67
21.73
15.18
12.28
21.6
25.05
21.81
20.52
20.23
29.78
37.39
34.14
23.99
26.83
22.4
20.19
22.62
22.79
19.08
10.75
16.95
9.01
14.39
14.5
19.95
18.02
19.15
20.54
23.01
23.39
21.09
19.38
19.42
11.62
19.59
20.27
18.07
20.25
20.62
22.01
21.18
19.82
24.38
24.4
17.73
10.54
7.37
15.47
19.78
19.58
22.58
24.55
23.29
23.55
24.09
25.13
26.43
25.77
23.45
18.16
13.04
17.68
9.75
9.82
16.54
21.76
23.7
20.28
21.49
24.05
26.19
27.19
25.11
20.78
18.19
18.15
20.48
20.87
14.9
17.03
18.21
15.82
13.08
5.08
13.84
12.92
11.68
18.42
20.9
24.77
26.76
22.44
15.87
14.32
16.02
17.84
20.97
20.92
16.72
7.08
13.84
17.35
16.9
16.35
13.9
17
17.76
13.24
15.33
12.97
13.54
19
21.78
25.05
28.97
29.42
27.32
24.35
16.36
11.9
-13.42
11.82
12.84
14.89
19.48
22.3
17.86
15.13
21.54
18.26
11.86
9.35
18.19
18.46
19.95
20.95
20.48
17.35
18.69
23.07
25.28
22.24
15.81
11
12.56
20.47
22.67
20.46
16.85
10.81
2.49
-2.39
13.77
20.89
24.5
23.25
-18.76
17.95
5.9
16.82
18.7
20.66
19.03
17.59
21.17
15.78
13.61
9.17
20.63
18.66
18.23
21.99
16.97
19.31
19.17
15.33
15.8
15.96
17.23
16.79
-15.55
13.97
2.91
22.03
25.33
23.92
21.15
18.25
20.25
20.92
8.05
16.46
18.62
18.72
15.15
16.22
17.57
16.82
17.25
21.85
22.64
22.03
21.16
18
10.56
8.28
12.06
12.56
11.06
17.48
22.68
23.39
20
12.81
19.1
18.32
18.03
20.82
18.5
15.07
12.66
15.98
17.92
14.27
18.83
23.27
24.41
23.79
22.71
23.39
23.35
18.66
12.71
21.13
21.6
19.32
14.61
14.77
19.49
15.26
15.1
14.93
20.68
25.2
25.64
19.77
17.32
19.54
21.07
20.46
16.16
17.85
19.97
17.04
11.89
19.14
19.85
-2.19
10.87
12.87
18.25
5.23
16.6
18.38
20.39
16.03
3.13
6.42
-5.25
2.13
7.01
16.28
17.5
12.11
8.66
7.33
11.9
13.24
8.21
5.94
9.09
12.46
9.42
9.01
9.13
-8
8.63
10.71
7.41
11.08
14.01
14.96
10.09
12.3
16.72
13.8
12.99
19.19
20.8
13.67
13.39
17.42
13.52
8.11
13.01
15.54
11.51
7.98
5.16
13.68
17.24
10.81
4.22
12.25
11.89
9.75
16.17
21.96
24.04
23.3
22.56
22.2
21.67
12.76
16.71
18.17
13
17.93
7.27
8.59
1.8
-7.54
8.96
14.56
16.67
18.46
16.13
15.55
16.28
17.81
10.56
9.42
16.87
13.04
6
9.38
10.54
13.95
3.66
17.22
21.19
19.28
15.5
13.18
9.62
19.46
18.7
18.43
18.33
14.79
17.23
19.75
13.03
11.05
9.34
3.05
12.94
14.03
12.18
13.9
16.55
15.2
9.94
14.67
12.95
7.26
11.98
4.79
17.91
20.19
16.68
12.4
13.43
15.94
15.45
1.67
15.58
18.2
12.79
7.55
15.28
15.47
17.42
20.43
18.89
11
10.17
13.88
7.78
-5.12
11
18.12
18.4
12.83
8.68
12.23
16.92
19.44
21.14
19.93
11.42
11.4
11.16
11.74
11.27
15.08
19.07
17.19
9.92
12.73
15.25
4.74
14.06
15.8
11.66
4.82
-3.08
4.67
10.76
4.98
-14.53
3.14
9.24
12
8.98
0.33
0.18
11.11
15.89
16.92
12.34
7.17
9.8
4.79
16.09
13.75
11.01
16.81
15.5
12.73
21.47
22.65
15.31
12.74
15.68
5.21
10.97
17.41
18.14
15.19
14.25
15.66
19.5
20.24
17.41
13.39
9.31
16.94
17.36
12.1
8.16
1.88
4.96
13.46
15.45
14.86
7.97
2.1
12.98
15.06
13.69
12.28
15.96
18.64
17.41
14.18
15.53
15.35
9.78
21.41
19.74
16.67
16.63
13.58
-0.35
7.51
15.35
19.49
20.73
18.95
14.83
12.69
11.42
10.89
12.33
14.58
19.58
19.53
14.11
12.8
12.18
20.17
20.28
15.4
14.28
15.66
13.27
12.87
11.86
10.66
14.56
11.64
18.27
20.36
21.5
18.86
-2.05
16.96
15.48
21.1
20.23
19.72
17
16.8
19.93
16.23
10.4
16.48
17.06
12.76
16.11
11.87
19.83
21.34
16.13
16.54
15.5
8.22
1.94
12.28
13.07
15.96
20.31
19.23
12.99
6.68
7.68
9.75
13.4
17.18
12.71
7.67
12.49
16.6
16.48
19.35
19.05
17.57
18.12
13.96
-1.39
14.75
13.79
15.98
14.03
14.89
17.37
22.4
24.59
18.65
10.78
17.83
6.43
14.82
17.86
16.27
-11.09
15.91
16.09
15.67
18.22
19.03
19.73
18.36
19.15
21.09
20.8
18.31
17.63
19.02
15.11
12.46
-0.49
14.34
13.68
18.08
20.5
17.36
7.23
10.33
18.66
20.23
19.81
12.08
17.21
19.33
17.85
15.28
10.64
10.37
17.33
17.6
17
16.03
16.09
15.74
14.89
17.82
14.9
3.32
9.08
2.84
5.35
4.11
4.66
12
11.03
14.35
12.3
16.94
15.52
0.67
8.89
14.68
13.36
2.57
3.38
10.39
12.66
15.21
17.03
19.4
16.21
-4.25
9.55
11.8
11.04
10.65
-5.62
9.37
12.62
15.97
15.31
18.12
19.9
22.02
18.34
4.36
12.82
13.4
8.9
3.08
8.88
13.56
18.08
22.34
21.5
18.04
19.78
22.7
22.27
19.82
20.07
20.04
14.62
-0.88
-10.77
10.61
12.54
10.57
9.78
8.52
2.75
15.09
16.37
11.77
16.57
16.86
17.44
14.32
10.39
9.25
17.45
18.1
5.35
10.15
7.54
10.79
11.3
8.83
10.92
15.66
16.86
14.7
19.65
16.82
6.69
14.93
5.16
5.66
6.61
15.11
19.49
17.72
11.31
6.67
0.39
13.03
13.84
14.14
16.78
13.41
-3.16
-13.11
10.33
11.78
14.02
19.71
15.37
8.52
14.52
15.71
10.5
5.98
13.86
21.71
25.93
25
18.97
16.25
19.15
14.81
13.45
15.32
11.31
18.77
19.22
14.77
0.24
12.52
17.67
12.71
8.28
12.2
15.89
19.37
16.39
3.22
14.98
15.25
5.54
12.22
12.96
9.15
10.25
14.44
13.11
12.92
12.57
10.81
6.05
14.72
13.42
18.94
18.22
22.87
22.87
18.62
16.86
17.01
14.61
16.85
17.04
17.36
20.63
17.95
4.52
0.3
9.58
8.3
17.7
21.17
20.03
19.91
15.56
-2.28
9.56
14.84
18.34
17.75
11.46
16.72
24.9
22.82
-8.85
15.2
10.53
3.51
12.97
15.12
10.84
18.2
19.36
17.18
17.27
22.07
23
17.49
13.92
-0.48
17.25
16.65
11.02
13.38
18.59
19.71
17.69
18.7
21.44
22.49
19.02
18.15
15.17
16.46
17.05
5.66
8.83
16.23
17.69
14.77
16.95
22.35
23.38
22.06
16.73
16.22
7.08
21.36
17.03
17.14
21.4
17.65
13.29
19.82
21.55
21.81
20.16
18.54
6.75
15.49
21.62
21.93
20.8
18.47
18.64
19.38
15.84
18.1
19.18
19.11
13.23
11.72
15.27
12.92
13.04
14.41
10.41
5.46
15.67
20.45
19.15
19.37
18.54
15.34
12.22
15.44
15.5
13.74
16.62
16.14
22.66
23.42
18.18
16.09
18.83
13.88
14.41
20.71
18.29
15.45
6.9
7.53
0.71
18.91
22.76
18.84
15.65
14.53
19.95
20.99
16.44
10.02
18.86
19.33
4.64
12.28
9.72
16.56
17.65
15.96
19.56
23.02
22.96
15.25
21.68
21.99
20.48
22.71
18.57
18.99
22.09
21.55
16.6
6.37
5.41
15.18
18.54
12.62
15.44
16.7
20.26
20.12
7.06
15.79
21.36
21.17
5.22
16.05
12.31
10.78
14.34
19.21
19.94
15.45
13.52
12.2
14.05
15.42
15.6
11.68
17.88
20.1
18.16
20.4
13.6
18.17
17.75
15.59
11.33
23.8
24.75
16.07
9.56
19.37
20.73
12.35
-5.29
8.92
14.87
8.53
7.79
18.11
-19.29
21.87
20.13
8.21
16.43
22.26
19.65
10.5
12.6
20.48
20.27
14.67
19.42
17.8
12.36
13.23
5.83
11.79
14.07
21.74
19.57
9.88
19.85
15.73
-6.01
4.32
12.09
16.63
15.19
14.92
19.42
19.28
12.37
13.97
-3.87
16.23
17.85
20.27
13.21
14.9
18.15
20.02
16.69
16.13
19.37
14.51
7.36
11.53
15.06
12.72
16.11
17.95
17.36
16.75
12.09
7.55
11.44
19.86
22.59
18.82
-1.07
15.34
19.18
12.19
11.32
5.22
21.56
22.68
15.43
6.29
14.6
13.81
7.01
16.45
18.5
18.9
18.01
12.18
13.28
9.23
15.22
16.2
16.03
12.98
3.24
8.53
1.39
13.41
16.87
14.96
0.86
12.69
1.85
9.12
19.17
21.41
18.8
16.81
17.6
15.88
16.86
11.97
16.6
19.72
14.53
14.69
15.75
13.03
13.65
4.97
16.15
16.73
17.63
14.21
16.64
18.48
13.98
9.18
15.04
13.9
4.89
16.18
18.14
17.28
15.08
0.2
16.01
19.45
17.55
15.37
16.42
12.77
-8
8.46
13.99
20.93
18.21
17.78
19.78
13.07
15.97
8.38
11.42
14.2
12.92
12.09
16.79
13.66
17.4
18.96
11.92
7.41
20.68
22.32
15.09
20.25
17.09
17.69
21.52
17.76
12.01
11.05
15.26
19.63
20.18
15.44
15.51
16.47
14.49
0.7
-0.54
17.25
21.85
20.14
19.11
18.39
11.32
6.33
13.07
7.44
6.15
11.46
13.95
15.78
2.86
14.21
14.2
13.45
11.07
14.05
14.02
17.59
10.67
14.64
18.25
13
8.88
14.68
17.6
17.6
11.27
11.61
17.3
15.25
9.25
-3.43
5.5
17.25
19.48
14.36
3.29
9.43
13.53
11.11
15.42
18.01
18.38
16.97
14.16
8.95
9.48
10.36
15.99
19.28
18.75
15.76
13.45
16.99
13.83
17.42
16.67
7.83
5.4
6.1
14.61
18.21
18.57
11.13
11.74
0.78
16.08
17.07
17.35
5.81
18.82
22.63
18.88
5.83
5.22
10.55
10.66
6.66
15.39
14.74
3.28
14.32
21.36
23.6
22.1
18.34
18.87
19.64
15.67
17.21
15.73
12.48
8.74
12.06
16.65
12.23
8.3
11.71
2.73
12.98
-2.99
12.11
5.53
7.1
15.94
22.51
21.57
17
10.47
13.23
6.23
17.32
19.58
17.01
16.25
20.96
20.21
17.16
15.37
15.13
16.9
18.81
18.58
17.98
17.61
17.98
16.01
15.46
15.17
16.68
16.97
18.68
20.29
16.97
-2.6
16.74
17.06
12.27
13.29
15.84
15.7
11.68
8.39
15.36
18.58
10.77
15.75
15.83
17.83
20.66
20.88
14.51
10.14
15.93
18.87
19.01
11.53
8.99
20.09
21.45
14.53
4.2
17.72
20.97
17.6
13.53
11.97
14.75
18.9
18.88
17.2
19.27
20.69
19.63
19.02
15.96
9.29
9.89
14.47
12.34
-3.3
14.31
18.02
14.29
15.94
16.33
3.69
12.91
17.12
14.42
14.23
14.77
9.15
12.6
13.84
9.6
2.6
11.01
3.26
8.67
6.98
17.51
17.13
9.52
10.6
14.94
13.07
12.67
12.17
15.21
14.72
17.11
18.94
12.98
7.84
15.11
15.24
10.06
9.45
13.66
18.24
16.28
10.07
12.96
15.19
11.71
1.48
9.91
4.09
-5.53
16.8
20.33
15.87
12.3
18.09
16.11
14.78
13.23
17.31
16.7
14.39
17.48
15.77
17.57
21.4
15.12
-5.11
13.05
19.09
13.95
9.43
10.36
3.71
-4.47
3.05
11.95
11.16
5.02
3.22
14.61
8.03
6.24
12.29
19.19
17.48
17.05
2.27
12.82
3.72
14.91
15.17
5.46
10.58
16.07
17.11
17.68
13.15
8.67
10.33
-4.64
10.92
13.37
17.9
19.17
14.39
-2.98
13.68
17.03
18.49
17.38
-1.68
12.27
9.16
6.31
6.3
7.69
7.28
14.2
17.02
15.74
13.19
9.49
11.86
20.34
20.92
18.29
17.23
15.57
16.61
10.14
10.84
8.53
11.73
15.03
11.83
14.7
11.56
10.32
16.94
17.09
18.94
20.73
20.23
18.67
13.98
-17.91
10.86
12.62
15.32
14.52
11.42
11.96
11.71
16.38
17.73
15.62
10.59
11.74
11.54
3.98
12.98
18.84
20.61
20.43
19.43
10.03
10.63
14.88
15.88
13.35
6.64
17.34
19.01
17.61
10.38
11
15.15
15.21
17.12
21.26
22.82
19.09
12.45
12.1
3.97
11.41
11.46
3.81
5.98
8.22
8.38
6.92
4.98
17.39
18.91
13.79
8.52
17.51
15.13
9.69
11.84
16.42
20.78
20.61
13.78
-1.3
3.09
9.92
-5.78
13.23
16.18
12.79
13.3
15.6
17.52
19.32
20.44
19.56
8.66
13.28
7.47
14.6
14.3
10.82
14.89
15.12
13.01
11.09
14.59
16.12
16.68
12.83
7.99
12.39
6.52
15.74
15.58
17.22
17.46
12.59
5.26
12.37
10.5
11.92
15.73
16.25
12.14
8.59
15.48
15.51
16.05
16.79
12.11
14.87
14.55
11.38
5.99
10.13
5.61
4.64
11.93
15.39
16.36
16.64
16.06
18.74
16.7
7.22
13.39
14.84
14.38
15.89
18.59
19.33
19.11
16.38
12.94
13.15
11.9
7.13
-1.12
10.76
15.58
18.54
17.85
11.16
14.85
14.7
11.54
-2.74
1.38
4.7
8.4
9.71
7.81
6.98
2.1
7.57
5.91
0.49
-0.53
10.95
7.53
5.73
0.86
12.04
1.85
13.86
18.92
17.22
8
3.81
12.07
15.66
15.55
8.92
8.24
13.04
13.89
15.15
10.87
6.71
8.98
4.12
5.96
12.69
7.85
15.84
18.56
13.44
2.54
6.49
7.82
4.98
3.39
6.16
5.43
5.27
7.21
10.8
8.87
4.51
7.68
2.8
5.51
10.02
12.8
13.22
13.66
6.72
14.86
13.16
7.9
13.17
13.86
11.65
6.02
4.02
12.5
16.36
16.29
14.29
13.46
1.8
4.06
3.37
10.34
12.67
15.5
16.48
18.31
15.65
6.09
11.73
15.11
13
9.31
14.21
14.88
10.9
7.67
6.2
5.63
11.68
14.68
16.37
15.62
10.03
8.98
14.69
11.86
-5.16
9.73
3.89
5.63
10.35
13.37
11.44
10.63
11.82
6.25
12.33
14
18.54
19.89
16.71
11.98
11.1
14.09
14.84
11.46
8.14
4.04
-7.51
0.86
12.22
14.75
12.5
12.22
15.76
15.26
8.9
10.01
11.91
13.48
8.56
12.78
10.56
4.78
11.54
8.33
15.78
16.01
16.12
15.18
9.99
6.54
13.72
15
5.05
15.25
15.02
7.48
8.14
10.33
14.39
6.79
9.91
13.21
14.72
16.04
17.33
15.83
11.56
16.81
16.99
13.9
14.68
16.96
16.44
14.85
11.99
9.71
10.95
9.1
-0.3
-8.05
7.44
15.39
14.83
1.46
4.56
9
12.16
11.28
9.43
7.13
11.3
12.12
14.99
16.14
16.05
15.24
12.05
13.47
14.22
13.24
4.91
10.75
10.18
9.75
4.63
9.23
12.26
9.1
11.7
18.47
18.59
11.13
7.31
7.61
9.26
13.8
11.35
9.16
-3.16
14.25
10.57
-1.35
7.85
12.28
12.06
9.85
-6.21
0.92
7.93
14.73
11.65
5.84
15.52
19.02
18.39
13.07
8.94
15.67
16.21
15.98
15.29
7.41
9.16
12.87
9.36
6.05
4.9
9.94
16.13
18.93
14.39
8.18
11.02
5.33
-2.17
4.81
11.43
8.2
11.98
13.6
6.32
6.95
8.85
6.74
4.33
0.55
-2.28
9.99
12.87
11.13
6.15
3.7
5.63
8.3
13.37
16.4
15.51
14.18
11.76
5.26
11.79
15.18
17.53
15.1
5.14
12.76
9.41
-3.81
13.07
17.22
17.33
14.37
7.73
6.45
9.36
14.69
17.76
15.93
16.71
15.02
8.3
15.02
17.63
16.94
10.9
-3.23
4.57
1.75
14.46
16.63
16.13
16.43
17.08
16.66
11.96
3.42
9.29
18.04
19.61
15.14
11.99
17.86
19.02
15.71
7.41
5.2
9.67
10.73
14.12
17.59
19.81
19.07
14.55
11.89
13.58
5.63
11.81
15.22
16.95
16.54
11.05
14.44
14.97
13.6
11.36
8.05
12
10.52
15.8
9.35
6.88
14.19
16.08
10.46
9.03
17.76
17.3
12.08
11.03
2.98
9.64
8.06
10.2
11.32
6.85
15.28
16.34
14.65
12.02
8.01
2.23
7.78
10.9
12.25
12.41
-0.47
11.73
14.45
14.21
11.77
15.05
11.28
1.12
9.79
13.25
11.54
9.77
6.61
14.44
14.37
6.21
12.87
15.57
15.27
11.22
16.32
14.93
8.09
14.77
15.07
-3.96
12.77
13.94
13.4
10.55
4.56
11.1
11.3
16.81
20.8
20.14
12.95
15.07
9.41
-4.16
6.99
12.22
11.29
9.48
12.8
12.86
10.33
9.45
11.72
10.16
-7.59
10.19
10.68
-4.08
5.9
14.94
15.14
0.02
13.81
13.43
14.38
14.22
10.54
10.94
14.26
14.62
13.93
5.62
-6.72
11.77
13.78
12.08
11.83
9.23
5.33
9.31
17.92
20.77
17.68
14.21
7.34
9.4
15.2
15.44
10.49
-0.79
10.32
9.13
13.21
16.05
13.25
-11.23
14.32
19.58
19.08
10.48
9.73
16.77
18.33
15.58
12.61
16.35
16
11.42
3.85
0.28
12.8
15.37
9.66
5.74
9.33
9.72
9.25
1.51
5.68
9.94
10.62
13.51
16.98
14.97
-4.39
14.42
18.95
16.86
4.29
11.2
16.14
18.71
16.17
16.18
19.38
15.71
-3.98
13.9
13.26
7
6.8
14.22
8.6
-1.88
-19.14
4
10.27
13.47
12.57
8.53
13.41
16.48
18.11
16.3
12.91
15.71
18.64
17.76
18.82
20.67
17.05
2.07
4.39
4.57
3.9
9.35
14.92
16.66
14.18
9.87
10.52
10.51
7.22
16.21
13.99
13.4
15.83
4.46
13.26
17.58
21.97
21.28
16.61
11.1
-2.96
10.71
-5.31
10.74
14.55
7.66
5.13
9.03
16.99
19.25
18.21
16.47
14.74
9.26
13.58
19.98
19.88
17.05
16.18
19.81
21.23
18.44
14.37
20.16
16.04
10.52
13.31
10.37
2.73
6.2
13.17
13.77
11.32
6.78
3.24
4.65
10.66
10.83
8.44
15.89
18.2
17.53
12.83
12.16
14.22
19.73
23.15
21.6
16.03
15.86
16.58
14.54
12.77
7.61
10.04
9.39
17.74
13.26
3.26
7.98
10.3
16.97
18.21
14.33
5.11
7.75
-0.77
11.43
12.52
15.21
18.03
17.04
16.89
13.37
3.73
12.06
8.18
11.44
10.87
-3.09
-1.64
7.99
1.96
6.49
8.83
8.34
-2.83
12.02
12.59
-4.73
2.46
8
11.18
10.86
14.27
14.22
12.38
10.67
7.59
9.08
17.06
18.73
16.59
15.17
16.5
14.19
4.42
6.88
2.98
14.16
17.42
14.31
9.37
8.86
4.43
12.14
8.77
7.33
9.68
10.55
7.91
4.62
10.19
7.2
1.79
14.56
18.03
16.35
16.8
16.75
14.58
12.92
14.6
12.82
4.3
8.61
-5.52
-7.55
8.89
14.62
15
5.75
1.38
12.64
11.09
13.77
15.96
14.12
3.99
6.87
15.75
9.73
9.82
14.15
10.1
8.54
7.22
9.36
9.9
10.61
9.55
0.3
15.9
15.63
10.55
8.7
12.59
9.69
15.82
14.71
6.05
14.76
15.36
12.91
14.61
14.47
11.04
3.99
11.95
11.24
6.31
14.6
12.84
5.58
6.51
13.54
12.85
9.63
7.33
11.08
6.66
11.83
9.63
5.59
11.05
13.07
13.17
9.52
7.61
3.57
13.7
16.69
16.37
10.14
11.92
15.08
11.41
12.63
13.96
8.62
15.4
10.17
10.95
-4.79
9.87
13.5
8.99
-5.66
7.86
10.26
2.91
8.01
6.76
13.68
13.88
7.09
15.41
12.96
13.74
13.07
-5.67
9.59
13.27
5.37
10.99
1.72
5.97
-2.32
8.98
17.69
16.9
12.1
8.94
9.14
12.2
8.46
1.48
7.2
12.07
13.6
17.45
14.75
2.85
4.43
9.87
15.58
13.73
9.67
14.63
12.79
15.33
10.79
14.73
17.79
12.71
1.08
10.98
17.6
15.81
12.26
14.23
17.23
19.67
19.52
16.31
10.65
13.73
16.67
15.12
13.62
10.56
4.74
7.54
13.71
14.91
10.17
13.33
14.51
11.97
9.57
4.45
7.3
11.78
6.17
8.28
12.44
1.59
9.02
1.85
12.81
19.26
15.68
7.64
0.97
7.95
4.27
-0.25
7.55
11.34
13.89
11.27
9.37
7.58
9.78
9.72
12.03
10.17
16.24
11.94
7.72
12.31
4.14
6.86
11.53
17.07
16.99
9.33
6.43
12.57
15.61
13.71
7.72
11.26
5.43
15.23
17.47
12.29
1.95
12.96
15.2
15.24
8.2
10.7
-5.68
15.59
13.93
14.14
8.41
12.15
9.4
2.32
8.2
11.59
10.81
12.49
1.75
11.46
8.17
0.09
11.4
15.86
13.61
11.51
11.43
-2.05
11.32
13.28
13.16
11.4
8.2
4.94
8.17
15.09
17.3
8.36
7.36
6.75
3.47
12.94
13.8
12.9
11.81
-15.26
12.22
12.46
-0.9
17.24
19.51
14.08
4.24
12.06
15.41
16.57
11.71
11.51
0.59
11.79
12.33
3.06
5.91
-0.33
9.44
0.15
14.3
18.79
17.97
17.14
14.27
9.99
12.79
14.2
15.08
7.91
13.14
15.29
15.82
16.97
14.03
8.28
2.57
2.97
11.21
14.73
14.44
10.97
3.28
10.93
12.78
13.97
9.79
11.32
15.71
12.13
14.01
12.16
11.1
9.85
11.6
17.54
16.44
13.23
8.9
-39.14
4.22
10.11
11.92
15.8
16.89
18.31
18.26
16.3
12.27
14.84
17.6
16.88
17.17
16.16
11.15
8.7
9.11
0.14
-2.81
11.22
12.38
6.5
-5.1
8.39
11.47
-6.08
11.49
11.58
11.9
11.76
12.99
8.26
5.46
7.56
11.93
16.9
19.25
19.07
18.72
18.72
17.12
14.66
10.04
11.61
17.31
16.31
4.63
9.92
11.12
11.3
12.11
10.02
10.71
11.65
11.52
7.6
-1.3
8.9
11.57
16.9
18.68
16.18
8
3.24
3.19
4.03
13.45
16.4
13.61
16.14
16.67
7.02
8.98
8.85
5.25
7.92
14.4
19.54
17.94
13.44
11.86
8.25
3.08
8.28
9.33
12.22
11.17
14.14
15.62
14.31
14.33
13.36
7.26
2.93
4.92
15.52
17.13
19.51
21.53
19.07
15.8
13.11
5.94
11.99
16.58
15.05
9.77
6.81
13.52
10.36
-4.54
4.32
11.95
14.31
10.87
14.67
16.28
14.5
14.35
15.21
12.89
3.25
12.58
16.22
7.19
8.06
10.09
11.82
15.01
15.94
15.44
16.73
15.03
11
11.6
5.62
9.91
12.25
-3.7
8.23
12.25
11.46
2.63
0.23
-5.38
7.18
11.2
9.63
10.62
12.71
9.42
10.94
13.94
9.16
5.09
5.48
11.08
9.83
8.59
15.9
18.93
16.18
14.93
13.74
11.23
9.87
7.92
0.17
9
11.59
10.83
14.15
12.13
5.11
9.28
5.43
13.29
13.53
11.91
11.62
8.87
13.61
17.69
15.72
13.76
14.04
18.3
17.71
10.6
1.94
-3.42
-5.6
2.43
7.27
12.94
13.68
8.38
3.94
8.85
7.27
8.35
8.14
4.91
10.89
10.41
13.21
14.88
16.04
16.42
10.96
6.72
8.04
6.38
9.62
6.91
4.46
11.31
12.3
15.43
13.15
15.08
14.62
10.16
16.25
16.13
9.75
10.39
14.36
16.41
15.92
14.94
21.23
25.6
23.88
10.91
13.17
16.04
16.12
13.75
9.54
15
15.17
15.75
18.81
16.11
4.08
17.56
17.94
15.59
11.6
9.3
11.85
10.64
10.18
10.89
8.95
-5.27
8.18
9.59
5.75
5.32
14.31
11.07
9.94
12.23
11.03
16
16.61
11.53
12.47
14.7
14.49
12.39
5.64
6.44
13.22
12.99
13.72
16.6
16.42
16.09
14.72
14.56
14.07
6.5
10.55
16.36
14.74
7.98
6.19
10.97
13.89
14.02
14.75
12.43
11.35
10.63
-7.09
11.87
10.09
2.04
9.21
17.66
16.43
11.13
12.05
13.08
11.8
13.36
6.74
8.74
12.79
13.06
10.85
13.28
14.82
13.89
9.56
11
12.49
16.43
18.29
17.84
17.35
14.03
14.33
15.14
15.57
15.44
11.76
3.31
13.94
13.86
7.31
11.03
15.16
17.7
17.58
15.51
15.3
15.46
13.43
13.88
11.68
11.89
17.2
18.54
13.59
2.46
-2.29
3.14
11.53
12.55
5.46
10.08
14.18
16.27
13.64
13.11
13.92
12.18
12.56
15.8
14.26
10.87
10.71
17.72
18.26
17.77
13.34
4.07
12.72
14.91
17.81
16.8
12.16
13.66
13.08
13.48
11.53
4.4
10.4
-0.25
6.58
10.72
13.83
15.3
15.08
12.59
9.64
13.96
18.92
19.67
16.97
10.62
-4.99
11.45
12.97
7.61
1.9
8.58
12.7
9.1
8.96
17.22
16.53
14.11
13.91
12.55
6.93
11.47
13.08
12.56
