6.72
11.93
15.48
14.86
7.31
6.76
13.04
10
7.16
5.62
6.31
10.56
11.15
6.89
-8.17
3.92
3.95
6.47
1.1
7.37
10.92
11.41
10.8
10.06
9.66
9.64
3.6
1.72
1.13
8.26
6.1
7.45
13.12
15.38
14.35
15.29
16.46
17.09
15.97
9.55
9.46
13.19
15.42
11.71
3.85
3.08
1.88
8.14
10.99
3.47
1.89
0.78
3.95
13.9
13.34
8.25
8.83
13.6
16.77
18.56
16.16
11.91
3.3
7.54
12.87
15.4
16.13
10.41
8.77
9.27
8.67
10.51
7.16
10.98
10.59
4.58
9.81
14.27
13.27
7.46
5.54
11.25
10.86
12.17
5.04
9.65
9.48
-8.63
7.59
14.64
16.49
7.4
14.99
17.71
13.73
9.69
8.54
4.61
3.69
11.28
9.59
11.1
11.09
8.69
10.94
11.91
11.86
11.83
11.06
7.07
10.16
5.07
-3.34
9.4
11.62
12.44
7.65
-4.76
3.18
2.16
8.21
12.63
2.48
11.77
14.1
12.71
13.06
8.58
4.62
5.96
2.95
6.93
-3.49
-3.56
-8.01
-4.55
4.18
7.4
4.4
11.25
-5.6
6.25
3.32
6.1
8.65
7.4
4.98
10.44
10.42
-0.87
4.14
4.97
5.05
7.73
12.49
11.29
6.09
0.66
6.1
6.44
7.17
-0.14
0.9
5.57
7.49
9.18
8.07
10.92
17.34
12.91
-9.53
6.5
10.63
6.24
7.32
10.69
3.02
1.56
8.49
9.15
6.51
0.53
7.51
7.65
-1.28
12.85
11.56
5.19
8.2
7.74
8.98
8.86
8.47
1.08
8.22
9.01
9.87
6.13
5.65
13.34
-1.02
14.82
14.74
6.68
1.99
8.94
11.18
13.69
13.58
12.29
10.17
9.67
10.21
5.77
7.87
11.97
10.24
6.04
-3
-6.78
3.47
11.2
10.02
-1.7
1.79
6.45
9.1
4.28
8.13
4.21
8.39
12.17
15.45
8.75
6.01
10.4
8.59
-0.83
-0.4
7.79
6.02
1.77
3.42
4.96
10.16
14.35
16.07
12.14
5.06
4.25
2.87
3.41
9.93
12.75
10.18
2.32
5.95
3.12
3.87
11.41
2.63
6.29
-1.45
10.45
-2.75
7.53
7.81
4.78
5.01
8.75
9.28
3.79
2.09
12.26
16.78
16.89
15.11
13.4
1.47
9.07
8.18
-4.45
4.9
4.27
7.13
14.26
12.75
11.33
9.65
8.18
10.34
5.34
6.94
11.92
13.4
14.26
14.05
11.27
11.05
7.85
6.65
0.07
-2.64
-2.31
6.88
13.38
17.46
18.22
13.27
10.41
14.03
8.2
-2.15
7.14
11.86
13.18
10.02
15.29
16.85
14.37
3.3
9.39
11.61
12.74
0.42
7.26
3.2
-0.55
-8.91
4.44
9.03
11.86
12.39
5.23
15.03
15
14.09
14.1
10.71
7.86
13.22
18.39
18.41
15.7
11.11
8.54
12.64
14.18
9.98
6.39
11.46
11.09
3.67
2.64
6.24
8.53
4.54
9.53
15.24
16.82
15.41
1.1
13.02
14.02
11.08
8.72
12.68
14.84
12.87
5.24
7.1
8.32
8.28
9.66
6.62
4.77
7.17
15.96
15.53
11.71
8.37
8.6
4.52
5.75
3.2
-1.11
7.39
11.32
14.23
12.8
7.94
6.39
5.39
11.31
15.51
11.41
6.36
14.52
14.58
10.82
5.13
1.68
5.07
1.95
-2.12
-15.24
8.64
14.39
15.69
12.27
6.8
2.98
-3.12
9.66
13.2
8.41
6.7
8.59
3.29
-2.29
4.1
7.32
4.83
2.34
11.49
12.39
6.03
17.03
19.59
15.21
5.2
-4.99
-0.69
2.56
6.46
3.69
15.3
13.38
2.36
2.75
0.73
6.1
11.05
11.51
11.12
11.88
5.41
15.59
15.64
11.05
7.06
-0.73
8.45
11.36
9.2
2.49
7.12
10.56
5.9
9.59
10.57
4.75
14.58
12.52
-2.47
7.19
10.06
10.66
7.36
7.01
7.75
13.26
13.19
0.16
1.32
-9.36
6.82
10.59
11.72
12.52
15.53
13.17
2.61
-3.65
9.42
10.97
4.73
6.71
3.82
9.38
15.18
16.61
15.13
7.59
4.09
4.22
5.56
13.94
12.39
7.98
13.25
16.62
14.36
13.66
10.75
7.77
10.11
7.13
5.87
6.59
-5.46
0.31
1.75
2.24
9.15
2.69
6.76
3.11
-16.63
4.42
8.24
13.56
14.21
1.45
11.34
11.86
8.73
9.13
13.25
9.56
8.29
6.35
4.59
3.13
8.8
5.8
11.94
14.81
13.83
12.04
8.44
5.48
11.8
14.85
14.93
14.15
6.28
2.64
9.44
10.24
11.26
14.47
15.06
12.93
10.17
12.84
11.61
4.88
9.68
10.75
0.28
-4.79
3.08
7.02
6.82
12.93
15.2
11.2
5.91
9.59
10.3
8.66
8.31
10.03
11.96
11.19
6.31
10.62
14.02
10.92
7.4
1.31
8.81
12.35
10.46
11.48
13.14
12.01
8.17
2.47
10.67
13.14
6.39
11.74
13.44
11.34
13.25
13.58
8.42
4.67
13.52
13.94
13.37
13.5
10.32
8.68
14.82
18.16
19.1
18.5
14.42
9.6
0.52
7.28
12.27
10.47
6.68
9.32
2.65
7.23
12.42
12.89
11.21
7.54
6.56
10.73
9.57
8.52
4.92
8.44
12.41
13.08
11.26
12.2
11.57
8.54
8.87
6.98
-5.81
4.15
0.56
8.3
6.72
5.86
13.46
15.47
16.11
17.25
17.41
14.81
8.69
-0.39
1.12
-3.29
9
14.6
13.55
11.02
4.76
7.77
13.67
13.39
6.95
11.82
11.14
-18.27
8.1
1.45
-0.89
2.36
8.58
10.5
12.82
1.15
6.84
-2.36
3.28
-1.02
13.62
15.12
9.06
-2.17
1.58
9.13
7.17
-1.6
5.09
7.65
8.23
3.35
-11.78
5.05
2.53
-11.56
10.61
11.75
9.29
10.1
13.39
18.15
16.63
11.24
9.35
11.26
9.01
5.52
1.3
10.68
14.63
15.1
12.6
5.99
3.39
10.78
10.75
9.9
6.52
0.86
1.61
10.94
14.31
10.15
12.93
12.8
9.23
4.69
2.6
6.39
14.76
15.64
13.05
10.75
9.04
9.63
8.87
8.44
4.73
9.66
11.36
3.52
14.26
12.39
-4.29
7.61
8.66
9.49
8.42
9.17
6.63
-4.36
-2.32
13.28
15.17
13.05
7.78
8.12
7.06
12.52
13.94
8.37
4.5
8.2
9.29
12.38
11.13
3.49
11.6
7.82
3.87
-15.75
7.21
14.92
19.24
17.39
12.9
15.12
10.58
2.27
6.45
5.25
8.64
7.44
-5.88
5.94
10.96
13.11
12.68
6.06
-1.04
7.63
6.01
14.36
16.76
12.53
4.05
-4.56
7.17
6.25
6.15
9.63
14.27
22.07
16.97
13.97
19.97
18.62
22.66
26.56
19.88
16.9
20.89
21.04
16.69
16.74
17.14
13.9
5.9
12.29
16.31
19.65
17.24
22.35
27.66
23.59
14.24
22.19
27.28
28.85
23.7
6.26
12.35
10.08
16.52
23.17
22.89
18.97
15.81
12.88
20.88
29.61
27.55
16.42
22.62
19.13
10.49
13.78
19.57
15.07
8.73
9.85
20.01
21.77
17.47
17.01
10.9
18.56
27.05
26.66
23.12
20.37
18.92
23.41
24.06
19.32
16.74
12.02
21.19
25.49
22.43
11.71
16.17
17.74
19.4
20.51
16.33
19.9
23.24
20.18
14.56
18.46
21.67
22.34
15.61
7.23
19.32
24.23
22.5
16.67
24.12
24.54
19.84
22.26
25.61
23.93
18.72
19.3
23.04
17.45
16.96
17
15.82
17.23
19.84
21.78
19.01
8.75
13.3
17.35
11.42
11.06
7.36
11.72
17.59
15.28
19.92
23
19.83
20.31
21.84
21.11
13.18
20.04
19.97
18.12
11.69
21.84
24.82
20.33
1.49
12.33
25.06
28.6
24.79
20.07
23.31
31.08
34.63
31.83
21.55
15.1
18.94
20.91
15.14
22.3
25.06
20.93
14.5
24.86
29.47
27.63
19.49
14.21
13.89
21.77
20.52
10.95
18.94
15.92
16.79
12.24
17.78
22.04
20.88
18.06
15.1
22.39
23.18
19.72
14.35
13.83
21.55
24.12
25.53
23.31
15.54
18.34
19.98
23.37
24.48
16.51
17.84
16.51
25.82
24.59
16.7
22.17
22.43
17.91
16.76
16.03
26.86
29.79
29.44
27.88
26.42
23.84
18.41
16.68
22.98
22.85
20.78
22.29
26.64
27.79
26.33
26
26.78
21.88
20.93
18.12
15.92
22.84
27.35
25.99
25.7
26.07
24.55
27.89
28.53
25.27
21
14.78
17.3
23.31
24.41
23.27
21.55
22.84
23.27
20.62
13.15
16.9
22.93
18.35
19.51
24.31
23.5
23.33
23.01
18.98
16.28
16.74
23.08
19.81
16.04
19.53
16.96
9.26
22.32
22.53
16.64
20.14
24.39
24.32
21.21
22.2
21.9
17.01
24.85
28.85
26.98
23.15
21.01
21.89
27.97
26.32
20.71
22.39
24.11
25.69
28.22
27.73
25.27
21.73
20.38
21.16
21.65
16.87
18.2
23.91
24.13
17.59
11.21
14.12
15.16
-1.88
17.5
18.98
13.81
18.27
22.36
23.62
22.74
19.1
10.42
8.5
17.92
19.48
21.86
23.35
24.48
21.74
20.38
23.23
23.22
20.36
20.78
19.38
12.23
5.61
20.44
26.57
24.41
14.16
19.53
20.47
15.02
16.65
17.7
10.82
17.54
20.9
18.92
14.71
18.91
19.63
16.43
15.08
17.15
13.07
10.18
20
19.35
17.19
19.75
19.45
18.12
19.22
17.94
11.04
16.24
18.22
21.2
23.12
20.84
18.88
17.49
14.86
18.07
19.5
12.1
8.94
12.48
4.76
19.65
24.53
22.14
16.52
18.07
10.22
-2.52
11.33
17.83
14.14
7.49
7.81
9.15
-2.28
14.83
14.85
10.48
13.48
19.55
17.76
7.64
3.77
8.72
13.83
16.61
13.18
-9.24
8.75
11.12
9.23
11.5
-4.31
6.54
11.68
10.24
0.4
6.24
3.78
-1.21
12.16
17.29
18.26
15.01
14.01
15.59
14.81
10.78
15.07
14.73
17.08
5.63
11.44
9.89
7.82
16.91
21.85
21.67
19.01
20.55
18.67
20.29
23.11
22.02
14.93
23.38
23.58
21.45
20.72
3.21
20.33
18.43
13.54
20.06
14.77
6.79
17.24
15.92
13.94
16.52
20.05
18.43
17.49
25.71
23.97
12.54
21.12
13.31
21.45
22.44
16.62
20.46
16.78
15.14
21.68
17.23
14.57
21.51
21.35
19.11
19.81
18.64
6.28
20.8
21.68
15.48
3.22
22.57
27.11
24.95
11.02
17.27
18.36
20.12
21.76
18.31
13.26
17.16
21.13
16.29
17.2
20.76
23.41
24.61
20.87
12.3
14.14
16.47
10.83
16.94
25.67
22.82
11.38
25.37
25.51
20.14
18.28
9.21
12.93
11.44
22.17
22.87
18.9
15.47
15.02
21.55
20.54
20.38
16.19
10.36
20.97
27.51
28.44
22.67
21.77
23.15
20.28
15.52
23.59
20.34
1.8
17.51
15.23
22.78
23.77
19.83
21.1
16.95
19.94
19.78
-4.79
18.47
8.54
20.13
23.82
21.4
10.29
23.08
24.73
23.32
20.68
18.69
16.42
15.89
15.45
17.46
16.19
-1.18
3.58
5.69
15.22
19.79
19.3
21.79
23.5
23.38
22.04
20.04
22.23
21.41
15.39
8.79
9.22
4.86
15.62
16.37
20.07
22.97
21.83
21.65
21.24
14.88
16.82
19.71
21.61
16.77
6.05
10.88
19.09
22.67
22.58
22.09
17.87
14.7
15.77
22.71
22.3
18.71
16.53
24.42
23.5
15.59
18.36
20.3
19.94
15.57
13.82
11.71
17.09
20.96
16.24
14.12
19.17
25.92
27.33
23.54
12.03
18.12
18.23
20.24
19.47
20.9
23.71
22.19
20.11
12.91
20.66
23.32
19.12
20.53
18.01
9.33
15.27
18.31
18.44
12.93
19.05
24.27
25.36
19.47
11.33
15.9
18.92
21.84
24.11
23.61
19.8
22.65
25.01
16.22
20.05
22.89
23.08
25.87
26.1
24.55
23.65
23.4
19.96
16.12
16.17
25.47
25.58
19.33
16.25
19.17
18.11
7.42
20.37
27.1
27.72
25.11
19.46
19.33
21.04
14.04
16.08
17.05
21.19
23.77
22.74
17.87
19.92
24.94
24.24
19.91
14.24
10.91
22.1
24.07
14.05
10.97
4.02
3.67
9.16
14.6
13.89
15.47
22.53
24.79
22.77
24.23
23.44
17.66
12.59
21.44
26.14
22.71
14.25
20.99
23.02
21.35
18.86
14.57
7.8
18.67
21.88
21.48
12.43
14.64
14.57
14.57
16.43
11.85
11.37
15.67
14.27
21.35
23.7
22.73
20.35
17.51
18.16
11.48
11.01
11.95
11.61
20.48
17.95
2.57
19.61
21.67
14.89
16.22
19.07
21.12
21.53
24.36
23.21
20.32
21.21
19.97
14.24
13.94
20.53
21.9
18.27
21.67
23.05
20.18
15.81
17.34
19.99
18.37
19.37
17.89
17.55
16.79
16.52
16.89
0.86
20.41
18.77
15.44
18.5
21.21
17.03
9.56
14.9
18.66
18.4
14.09
12.59
20.74
24.25
25.04
22.53
13.39
12.42
21.15
21.61
15.91
16.02
5.15
9.03
15.98
13.06
13.06
21.72
23.26
22.99
22.95
20.02
3.95
20.83
22.53
18.2
13.68
12.12
15.2
14.28
8.47
20.43
20.34
5.51
12.37
16.3
18.11
16.04
21.44
20.18
17.2
17.65
15.07
11.58
10.76
20.46
22.74
24.27
17.69
5.24
15.41
16.78
11.49
6.54
11.03
17.15
18.25
23.4
18.87
10.48
13.38
14.39
15.21
18.06
15.12
-2.51
7.89
1.96
14.27
22.78
23.16
14.87
5.27
14.12
14.01
14.73
17.91
25.29
27.76
23.02
18.19
20.01
17.47
20.09
24.45
26.92
28.74
26.56
18.19
17.69
21.7
22.65
23.62
22.86
22.51
22.75
20.56
21.82
25.72
25.89
20.28
15.17
21.66
21.63
23.11
19.48
12.47
22.38
24.07
24.23
24.68
25.64
19.61
9.13
5.01
18.07
19.68
18.37
15.19
13.69
14.48
18.09
16.58
20.57
27.91
30.97
29.19
25.82
21.05
16.75
9.42
7.55
9.93
20.54
18.9
6.39
15.66
14.42
23.36
18.22
18.61
19.75
17.16
12.14
16.68
14.19
6.68
14.4
20.5
16.79
13.83
8.19
7.97
8.79
16.13
21.42
18.07
12.92
13.95
10.27
11.23
6.24
10.1
18.42
19.4
20.85
22.38
20.86
10.69
26.38
29.12
19.2
20.22
23.3
17.78
16.68
24.75
20.61
12.05
19.81
30.15
33.2
29.05
24.03
22.4
21.56
24.57
24.04
17.47
17.35
25.63
28.56
29.07
27.26
19.36
21.81
6.35
22.8
23.62
18.88
18.84
22.02
23.69
23.41
20.87
17.85
14.7
18.65
18.12
15.94
20.54
23.03
14.34
14.69
25.49
39.23
44.98
42
27.79
17.27
19.51
23.45
23.56
15.76
16.03
23.03
22.4
16.81
9.61
12.91
21.24
21.86
17.7
19.89
20.39
20.96
21.7
14.95
21.96
21.14
23.3
17.93
16.38
34.53
44.22
44.78
35.92
18
5.69
19.88
21
10.95
4.91
16.75
11.92
17.44
16.64
17.79
19.36
22.48
26.17
25.4
21.08
23.19
30.92
33.84
29.6
18.3
19.4
18.87
10.84
13.59
23.68
24.43
11.58
22.72
19.16
7.2
16.35
23.86
25.62
24.44
23.72
22.7
16.36
16.6
22.26
19.19
16.84
22.82
19.46
17.67
15.96
21
29.27
41.03
43.42
36.07
14.55
14.35
21.01
22.4
15.06
17.03
17.87
22.23
24.87
29.46
28.64
22.02
17.79
22.84
21.23
15.2
22.05
16.29
12.89
9.79
19.21
23.32
21.24
8.63
19.66
14.06
29.76
41.63
43.82
35.91
22.52
21.43
14.62
19.97
16.38
10.2
14.41
13.06
17.64
23.58
22.17
14
14.01
24.75
26.01
22.94
11.29
23.89
24.87
21.43
15.3
24.09
28.75
23.44
21.25
21.54
19.31
14.48
10.94
-2.52
14.81
16.33
22.36
24.06
19.14
18.07
19.8
22.56
22.27
17.18
14.73
13.41
23.07
28.4
29.41
25.61
21.87
17.95
11.09
22.2
36.68
39.51
34.09
25.17
22.95
17.23
25.5
20.52
28.61
28.69
17.16
25.23
26.8
23.52
26.75
26
20.52
15.17
18.13
20.14
8.65
22.85
17.44
11.45
22.14
23.87
13.33
20.83
22.89
16.03
3.35
3.61
20.8
24.21
28.64
27.26
22.49
19.23
13.22
19.37
23.03
24.26
22.58
24.61
27.51
21.39
23.99
25.33
24.49
22.61
19.36
18.58
18.97
18.16
9.58
21.13
20.17
16.21
18.29
20.42
15.56
27.29
27.74
20.56
15.72
18.64
24.07
29.32
29.83
24.63
31.74
41.4
42.9
34.92
24.79
29.81
26.63
26.95
23.85
7.08
27.31
36.51
37.47
33.3
26.66
18.22
26.97
31.94
32.31
40.76
40.12
30.46
20.54
17.3
15.42
16.63
12.29
26.05
29.58
21.5
18.77
29.35
37.8
38.03
34.84
29.86
23.52
22.75
11.01
21.12
23.94
27.64
31.77
24.71
16.87
24.17
31.05
30.77
25.1
22.37
22.31
21.99
16.15
23.91
23.19
12.29
28.06
30.25
18.54
28.63
33.98
33
28.05
25.97
28.47
32.61
32.48
29.95
21.48
23.29
33.56
34.86
30.81
33.23
37.52
36.73
30.29
-0.05
15.13
26.75
41.43
48.84
48.13
38.05
31.95
34.95
31.01
28.88
14.81
39.69
43.83
39.01
24.18
6.21
15.31
15.26
25.57
25.82
24.39
29.15
30.14
22.94
30.16
30.51
31.95
34.13
34.02
29.54
28.23
31.14
31.83
30.53
31.43
30.86
28.75
23.19
24.91
22.04
26.29
31.23
33.28
29.74
21.93
28.1
27.53
31.31
34.72
32.05
31.63
34.95
33.05
24.19
15.63
28.53
32.92
34.35
33.52
30.13
32.17
32.76
29.6
28.19
26.49
30.34
31.02
26.39
24.41
25.63
27.36
28.65
25.79
28.4
26.82
29.78
30.77
32.29
34.49
30.52
28.07
31.72
33.06
30.68
30.62
34.26
34.46
34.3
35.4
34.7
34.56
33.22
27.86
20.59
10
21.77
27.37
28.08
29.14
30.35
28.41
30.82
32.43
30.25
29.76
28.8
23.02
30.35
25.22
23.72
26.92
33.21
31.95
27
28.9
30.07
28.55
31.19
28.74
24.97
28.3
34.7
36.74
33.49
30.88
30.74
27.11
26.17
24.42
29.76
34.66
35.11
32.25
30.6
33.66
34.55
32.87
31.75
19.03
26.11
30.11
31.33
28.84
27.73
27.58
30.12
28.41
15.28
22.95
22.12
24.68
26.75
19.82
25.25
30.27
28.67
27.05
24.96
25.47
26.14
24.45
24.13
24.16
24.43
26.35
24.65
20.86
23.3
22.76
31.16
32.21
30.74
25.1
20.56
27.9
26.7
25.12
22.28
21.7
29.38
28
24.12
25.94
28.21
29.28
29.19
26.06
21.2
20.39
24
22.65
22.06
26.97
29.47
28.17
23.7
15.49
21.8
25.58
26.36
24.33
22.53
20.07
25.32
29.33
29.56
30.07
28.33
28.09
24.93
19.79
22.63
26.49
28.38
25.46
24.66
29.18
27.29
20.76
20.47
20.93
17.77
24.61
25.29
18.43
14.45
22.81
21.99
19.62
24.74
22.75
17.67
14.09
25.88
25.62
5.47
8.14
17.62
10.39
12.91
12.92
7.82
16.55
18.1
19.01
17.35
-0.99
16.78
13.51
9.9
6.43
19.03
18.97
21.23
6.55
23.7
24.62
19.76
20.08
20.28
16.03
19.43
22.72
22.04
21.28
17.74
10.02
6.89
18.19
15.91
23.33
27.11
26.16
24.37
16.56
17.44
22.6
17.98
23.03
25.18
20.56
25.53
28.58
28.49
23.6
12.94
11.08
24.22
28.48
24.42
15.77
21.43
25.19
23.47
17.76
16.98
22.92
21.83
21.42
10.22
20.78
20.3
19.18
14.06
11.59
21.64
22.23
18.12
12.61
23
26.9
25.1
25.67
26
28.27
29.31
22.43
24.33
24.3
19.03
18
20.18
21.13
24.9
22.17
11.97
24.42
24.15
11.41
22
23.91
23.21
22.45
20.63
25.92
24.62
24.8
24.24
20.44
19.77
25.3
26.42
27.13
27.9
23.02
21.31
25.57
25.33
13.71
27.16
25.91
18.03
22.34
26.37
29.71
29.09
22.58
28.73
24.81
18.43
22.51
26.01
26.54
25.42
23.61
13.04
19.87
22.04
19.73
26.41
30.69
26.08
20.01
24.09
20.03
23.01
26.58
23.71
19.8
23.22
29.11
29.13
16.05
22.66
5.79
14.41
19.71
17.44
14.64
25.55
32.4
30.7
23.4
27.12
30.63
28.32
26.56
30.13
29.09
20.49
22.09
25.26
22.6
16.82
24.81
22.55
14.17
15.67
21.34
27.9
29.26
23.96
25.38
28.86
21.14
20.88
22.9
24.23
25.98
21.47
17.25
25.46
21.25
20.62
22.29
21.01
23.51
24.31
26.47
25.04
19.11
8.31
17.11
20.83
20.25
6.44
24.39
27.73
23.94
25.54
27.68
28.42
28.3
27.16
25.9
23.23
11.49
22.21
22.73
4
19.82
19.51
13.54
18.53
16.3
14.46
4.67
18.33
16.58
23.99
27.06
26.19
21.94
20.89
23.52
25.66
28.61
29.36
25.42
22.42
14.77
16.2
16.95
19.64
18.78
13.85
8.98
22.63
26
24.65
21.59
24.99
24.24
19.35
17.18
6.59
16.62
12.7
16.34
23.14
24.2
19.51
23.58
28.08
28.12
22.8
10.64
18.86
21.88
12.6
14.21
23.57
25.66
25.02
7.96
19.93
21.98
20.49
14.99
24.08
25.03
24.64
22.95
17.38
20.22
20.46
18.9
25.51
27.79
18.18
18.98
22.58
22.22
22.81
22.33
22.56
20.16
9.45
10.31
18.44
25.48
27.83
24.89
27.63
26.31
11.58
26.61
25.15
24
24.08
20.51
21.33
23.34
18.54
16.75
20.94
13.53
8.03
1.1
17.6
17.81
24.54
27.27
22.29
8.76
16.19
23.13
25.66
24.57
19.36
8.03
20.18
20.01
20.94
23.65
23.68
21.84
14.17
15.46
19.8
20.16
13.98
13.18
20.17
19.73
20.06
20.87
17.72
20.28
15.42
20.76
20.43
14.11
19.94
27.45
27.32
20.45
18.94
16.66
15.24
9.42
7.9
20.52
24.77
19.54
16.8
18.03
17.47
16.2
6.82
21.24
18.81
20.41
22.15
25.14
26.23
20.07
18.51
20.39
22.87
22.37
22.79
20.84
17.91
16.48
9.56
18.62
21.29
15.63
20.62
22.7
16.04
18.96
17.39
19.38
19.04
20.68
24.81
28.78
24.87
13.94
18.56
21.08
15.61
12.57
13.91
19.14
12.52
3.41
13.21
22.88
22.7
18.77
17.47
24.08
25.67
22.49
20.7
21.3
19.64
18.57
23.07
22.27
13.79
20.08
23.34
25.27
27.34
26.68
25.2
23.52
19.06
19.05
23.7
24.78
23.23
18.69
4.42
14.97
20.28
24.17
25.89
21.63
12.54
24.19
26.72
9.25
22.89
21.48
22.46
20.25
13.32
21.22
25.15
28.12
24.37
11.29
7.72
16.47
22.71
22.1
20.19
13.26
3.18
11.9
1.3
7.94
19.33
21.04
12.11
20.7
24.83
24.05
18.08
-2.32
13.94
18.22
14.28
18.41
26.59
27.33
18.84
9.95
20.21
23.23
14.73
14.59
17.22
10.11
14.35
22.28
24.47
24.57
23.46
20.07
10.97
7.66
-0.46
15.12
20.57
23.29
23.91
18.57
18.41
18.53
16.94
17.69
20.8
18.73
12.71
9.22
15.13
11.56
22.46
24.77
21.34
14.91
18.83
22.74
22.66
11.09
11.47
11.17
18.11
21.14
18.15
19.13
18.19
1.12
10.57
18.13
23.4
22.11
14.63
18.69
25.09
25.6
22.98
20.89
17.54
19.55
19.77
19.88
24.32
20.57
16.3
17.15
19.18
19.64
23.09
23.38
13.91
12.17
14.09
23.14
20.23
19.46
16.63
18.99
10.97
18.63
24.33
19.99
9.54
12.96
23.38
28.41
28.65
26.32
22.29
22.49
20.96
16.35
16.85
18.82
21.75
18.8
15.87
18.68
17.93
14.45
14.36
16.5
15.21
14.06
12.87
15.46
13.27
1.48
7.87
12.22
12.94
10.84
17.83
23.95
25.4
25.47
25.61
19.97
8.46
4.12
4.34
14.29
17.1
17.46
16.2
16.29
18.74
19.9
21.91
18.82
12.55
17.21
17.37
16.83
13.6
20.15
26.74
26.14
21.76
22.23
27.18
28.37
22.67
16.11
16.81
27.47
33.91
29.4
18.39
20.17
23.56
25.29
21.33
16.5
21.76
20.92
18.28
16.53
-0.33
18.68
20.09
23.83
24.09
19.4
5.79
21.62
27.91
28.41
26.28
25.25
23.5
20.14
11.57
13.25
17.96
18.46
17.63
21.82
23.36
20.11
15.62
23.27
22.05
15.16
3.11
6.61
8.92
19.07
24.08
19.8
18.81
22.29
18.66
20.55
21.27
23.37
21.03
16.61
15.62
22.9
23.39
22.93
19.26
16.89
20.75
20.24
17.34
17.03
16.01
21.3
22.78
27.87
28.34
24.5
20.61
22.07
20.47
12.01
6.22
15.95
22.26
18.06
5.41
18.49
23.79
24.22
24.4
23.11
15.42
1.64
12.48
20.6
23.8
20.25
16.98
23.1
24.57
21.77
21.36
20.44
17.71
17.72
21.25
23.97
24.98
24.13
24.02
25.93
25.74
24.56
27.13
22.35
18.92
26.13
25.17
22.94
20.17
16.52
9.06
18.44
18.67
17.11
13.45
18.16
16.01
13.12
22.7
23.06
22.13
22.8
22.97
21.15
20.94
23.13
23.03
18.23
15.23
17.83
15.88
14.9
17.78
18.88
18.44
17.45
12.78
-8.3
18.68
23.97
23.51
20.26
14.22
17.33
12.92
15.8
18.44
19.92
-0.1
19.89
19.83
15.34
10.38
15.36
18.46
15.18
11.58
5.56
-2.06
7.37
9.94
18.37
17.61
15.73
16.6
18.53
21.15
22.01
18.81
14.44
5.36
18.11
21.19
20.62
18.18
15.71
-15.11
18.37
19.42
14.5
15.41
17.7
19.16
20.09
16.32
19.39
20.84
19.39
4.48
15.52
13.16
22.33
22.2
9.8
18.18
16.79
18.4
21.59
18.72
18.6
21.16
21.98
14.05
11.89
13.09
0.18
14.77
17.82
22.78
22.28
19.36
20.27
17.96
15.08
17.16
19.03
18.87
10.99
13.9
15.48
10.11
10.4
15.35
20.9
20.27
4.9
15.15
13.95
17.65
20.28
19.25
13.87
20.6
13.55
13.57
12.68
8.67
18.88
19.99
18.13
17.12
18.3
15.22
13.48
10.39
13.16
14.57
10.44
9.71
18.49
19
13.93
8.26
13.75
15.17
13.89
16.78
19.37
17.65
9.47
14.7
12.96
5.91
9.55
14.6
16.79
10.05
15.75
22.7
20.08
3.84
13.8
19.79
18.52
5.82
14.19
8.29
6.17
12.04
6.29
12.8
18.23
15.46
-14.98
8.19
-2.11
17.2
21.41
21
20.67
20.63
15.88
18.59
22.05
18.16
-8.15
10.17
8.34
13.45
15.97
19.95
22.93
21.49
15.77
6.06
11.56
13.45
8.46
6.25
1.95
13.72
16.22
15.43
10.07
9.86
2.76
1.75
12.09
18.03
16.69
13.81
9.43
8.25
13.02
4.78
14.33
16.96
14.97
12.58
9.06
-9.92
12.81
15.35
7.36
10.78
12.07
13.24
9.49
-2.16
2.67
11.91
10.94
-1.15
7.5
14.23
9.39
11.25
13.98
11.96
15.41
13.69
15.65
14.46
7.77
21.02
22.78
20.57
18.44
13.26
3.83
9.57
15.09
5.8
12.53
17.03
12.15
13.44
19.3
17.92
15.41
17.1
21.29
21.61
18.49
14.44
9.76
9.14
10.19
11.44
14.68
12.1
8.02
7.67
7.42
12.14
1.59
0.57
7.43
3.7
-1.13
4.42
11.59
10.15
9.33
9.98
-6.01
13.18
6.58
11.74
14.15
14.28
11.14
10.91
14.05
11.3
12.16
15.98
17.21
18.54
20.71
19.95
17.41
15.61
14.42
14.71
15.3
15.32
13.13
15.18
11.85
9.39
5.98
13.7
16.93
12.41
13.96
14.98
14.81
14.39
13.06
12.17
12.82
13.05
16.47
20.04
20.78
20.72
17.22
16.4
20
18.2
5.89
7.03
8.21
10.76
5.57
18.17
22.15
21.4
19.5
17.4
15.09
18.36
10.12
12.82
18.57
18.51
13.05
16.01
16.58
10.4
7.56
13.6
15.69
8.88
16.2
15.95
12.28
11.44
12.64
3.8
1.61
14.78
19.01
19.68
19.73
16.97
10.17
13.8
-2.88
13.3
17.32
12.99
14.07
19.52
20.95
23.49
25.99
24.01
15.65
3.23
4.49
10.65
18.3
16.85
17.42
17.47
15.87
13.85
13.4
14.05
18.39
22.06
22.27
20.34
18.36
14.62
18.29
17.12
4.89
9.95
18.11
16.74
14.4
7.58
12.48
14.3
12.78
9.34
10.22
19.32
20.66
19.09
12.34
12.75
16.68
15.68
16.26
18.39
18.25
17.41
19.52
21.41
21.15
19.81
10.55
15.23
20.27
22.82
25.72
22.73
16.56
18.7
16.29
17.87
19.53
18.36
15.43
14.32
13.25
18.24
18.68
15.64
20.34
22.39
19.53
15.8
14.53
15.06
13.14
13.95
8.17
14.39
18.51
13.78
5.86
13.71
17.11
8.97
10.75
2.21
5.95
12.21
15
18.89
19.5
14.45
13.53
20.54
21.4
12.24
6.08
11.9
21.44
21.86
19.91
18.64
18.38
14.09
7.44
4.52
16.55
16.12
-12.53
11.29
3.11
16.21
20.61
16.38
14.69
17.33
18.01
17.25
10.28
6.1
12.88
14.74
12.59
12.4
15.66
14.56
10.87
14.57
19.09
20.15
17.59
17.24
19.75
18.91
14.62
17.77
18.81
12.58
3.06
6.42
10.96
15.16
16.02
13.82
5.85
14.48
16.96
14.08
1.73
14.26
14.08
8.56
14.5
4.78
11.51
15.68
17.45
18.84
16.46
7.04
7.28
8.68
8.83
2
7.62
5.71
3.76
20.02
23.35
22.14
12.3
21.72
19.65
3.18
19.38
20.28
17.32
15.6
16.87
19.56
14.26
22.02
19.3
10.59
13.13
13.01
18.48
16.7
12
16.32
20.44
20.37
20.94
21.12
13.34
4.47
-0.2
0.73
-7.54
13.53
14.04
11.73
8.22
12.64
17.9
18.09
17.16
18
18.74
15.06
17.38
18.56
10.52
6.29
10.44
10.22
9.58
16.92
20.37
22.47
20.32
17.77
18.95
14.51
14.58
22.43
23.71
19.6
8.88
10.62
17.18
19.22
18.12
17.12
15.62
7.71
14.5
21.5
23.17
22.9
22.46
21.26
19.63
18.77
18.72
12.36
14.74
16.85
17.36
19.55
17.97
14.07
13.36
18.22
19.96
11.94
5.74
0.52
7.31
18.99
22.69
14.28
16.98
15.54
2.92
6.85
9.92
17.2
16.83
15.42
22.19
21.4
10.37
8.54
15.23
19.67
23.46
22.33
11.99
0.98
6.85
10.8
20.82
19.54
6.11
13.52
15.09
8.67
15.53
16.4
17.76
20.34
23.04
22.71
18.57
1.71
16.38
12.45
12.46
15.54
13.82
13.4
10.83
9.16
13.69
13.45
17.64
20.67
17.99
12.65
15.27
18.79
20.45
20.57
17.94
18.62
24.2
23.57
19.67
15.98
12.42
14.43
20.55
21.97
20.85
20.14
14.36
11.36
3.54
16.56
14.56
14.76
16.74
13.33
5.59
12.42
15.78
19.71
17.82
11.25
14.1
18.87
17.48
10.54
23.65
25.03
21.12
14.16
15.94
16.91
12.07
19.15
15.41
2.97
1.44
13.5
20.22
21.57
19.41
11.91
10.41
8.01
-9.58
9.57
11.48
17.34
22.21
23.88
19.66
19.58
21.93
20.09
13.29
12.62
18.86
10.49
11.69
8.24
7.48
16.15
22.36
23.5
20.57
5.84
15.26
17.78
14.79
7.41
11.34
8.4
13.7
16.63
19.54
17.83
14.79
9.28
1.69
12.03
18.91
22.42
22.62
16.22
10.32
6.74
15.02
14.01
7.74
5.83
7.82
8.74
14.17
14.18
12.78
12.15
10.77
20.28
18.44
-3.23
14.79
11.84
8.79
15.13
15.27
14.64
7.6
17.45
15.69
16.49
15.97
16.07
10.29
18.79
20.29
16.58
10.74
6.75
10.48
10.32
20.96
23.05
19.48
16.62
14.51
16.04
15.06
12.15
11.54
15.99
14.3
13.44
17.55
18.79
17.28
8.7
14.06
16.97
8.81
17.09
18.1
15.28
6.82
11.58
15.29
4.12
11.32
11.87
11.29
18.14
16.81
14.74
18.09
20.28
20.71
14.36
10.28
18.42
18.82
-12.88
16.46
13.97
10.52
10.85
2.42
12.68
17.43
17.23
11.8
11.08
9.37
1.93
15.2
9.5
14.37
18.35
19.18
18.41
14.74
9.28
8.63
13.12
14.7
17.04
13.51
4.66
16.45
16.92
14.07
11.08
15.35
20.49
15.73
11.33
13.7
19.36
19.19
20.69
18.44
15.05
17.93
19.1
16.96
16.32
5.61
11.55
10.55
8.37
13.5
16.92
11.88
13.22
11.97
-6.42
7.9
10.31
15.14
16.82
12.52
6.01
15.8
15.99
7.98
4.51
5.96
18.28
21.41
20.25
16.13
7.34
17.52
18.62
18.62
17.49
11.38
2.09
8.96
7.34
9.18
3.44
17.42
21.07
17.98
5.6
13.45
18.37
17.24
14.1
14.55
6.53
11.21
13.62
17.14
17.09
17.3
18.17
15.78
8.16
12.26
16.97
16.09
4.99
16.12
19.45
15.03
13.39
16.44
12.36
10.6
13.77
12.81
7.4
14.35
14.11
6.89
10.22
13.25
11.25
3.83
13.44
13.18
15.49
14.54
-0.28
11.75
8.45
-2.62
13.26
15.78
7.31
16.48
19.25
14.68
-0.96
7.12
14.82
16.24
17.84
18.87
14.71
13.16
16.27
11.06
10.18
11.23
8.98
8.57
4.18
5.73
5.49
9.5
10.89
8.96
11.83
6.34
10.39
12.05
3.05
5.44
7.15
13.97
9.52
11.05
15.47
14.86
9.34
15.72
10.05
14.19
17.82
10.63
15.03
13.95
4.08
4.15
7.06
13.03
16.11
11.63
2.92
1.7
-2.15
1.76
7.83
10.82
9.06
12.19
13.76
12.3
15.44
18.16
13.63
5.09
13.74
15.19
17.98
17.82
4.34
18.81
18.42
17.69
18.37
18.97
14.27
4.72
4.05
4.68
16.79
19.72
15.7
13.72
18.06
15.38
10.51
9.22
6.94
12.32
11.58
11.23
15.93
17.05
14.5
14.12
14.51
7.56
11.75
18.09
20.42
19.07
13.09
12.48
10.98
13.03
12.28
11.97
17.64
17.28
13.37
10.69
3.96
4.44
-1.26
7.7
4.36
1.51
3.86
8.75
10.86
5.61
9.77
15.99
14.28
0.82
11.95
13.36
17.1
17.85
16.05
12.74
12.57
16.22
19.11
17.46
9.27
2.63
10.21
3.12
12.49
13.81
14.09
15.62
16.38
13.45
15.36
22.09
22.77
15.64
15.43
19.96
20.45
19.14
15.57
15.61
11.24
-2.47
8.01
13.24
12.93
15.25
18.22
17
15.41
14.11
15.85
17.96
17.49
12.33
8.2
12.23
13.79
15.57
14.8
10.86
17.16
17.15
17.69
14.68
11.83
14.21
15.66
17.19
14.85
10.16
10.63
-1.61
13.82
16.54
14.35
11.67
13.01
13.2
16.34
13.5
10.32
15.93
13.4
-1.54
16.99
16.91
7.18
15.33
12.53
13.82
16.26
9.39
13.86
13.64
8.69
10.23
12.34
15.54
16.51
13.36
10.22
0.11
14.96
16.47
13.04
11.74
-4.42
7.62
9.04
9.44
-4.37
8.21
6.84
12.27
17.45
16.26
12.5
15.1
13.72
10.84
5.12
11.65
13.12
2.48
-1.64
6.82
11.38
8.19
-7.03
-0.73
12.24
14.21
10.45
7.61
8.47
12.59
8.65
-12.37
8.42
14.22
14.15
14.63
19.16
17.75
15.76
13.43
5.62
9.55
10.47
-3.71
8.94
2.67
11.22
7.34
9.2
13.22
-0.07
7.64
8.09
9.15
10.08
6.37
8.89
7.77
6.99
11.13
3.18
10.32
14.42
12.97
12.02
6.38
6.97
8.99
14.87
15.58
14.68
14.58
17.27
17.02
12.26
13.82
15.73
13.36
9.01
0.75
13.79
9.09
9.64
11.42
10.98
6.86
-4.07
10.08
17.7
16.68
10.66
10.93
12.93
10.57
5.48
7.87
15.21
14.53
-0.24
12.4
12.83
9.35
7.52
11.37
11.51
17.25
15.97
10.65
15.42
14.59
-0.24
10.38
11.4
16.22
17.61
15.02
0.34
12.46
11.3
1.4
-4.17
8.66
16.62
15.4
6.56
12.18
15.12
6.06
6.14
11.58
12.27
7.96
11.33
11.72
12.95
15.42
17.42
18.89
15
0.16
16.63
15.59
11.65
8.48
7.11
8.73
12.66
13.49
13.09
10.1
10.5
12.24
7.05
16.17
13.9
-0.96
-4.09
5.45
10.8
8.37
3.08
-8.84
10.73
10.61
10.7
12.61
12.73
13.15
8.95
-4.99
5.84
5.2
7.78
11.31
11.77
6.47
5.56
-4.8
14.96
18.08
17.34
12.78
2.18
11.36
14.5
15.7
12.35
-5.33
4.59
3.57
9.54
2.07
0.07
3.07
11.8
13.21
8.37
3.5
7.44
13.37
13.01
9.87
4.68
-6.86
5.49
10.2
15.94
17.71
16.69
11.19
-3.66
9.87
11.4
8.76
10.25
11.03
8.56
14.5
13.87
4.69
2.57
3.96
-0.93
-6.34
1.28
2.07
2.62
13.43
14.99
13.24
14.35
14.88
14.09
12.86
7.02
17.61
16.79
6.37
1.67
5.03
7.39
12.91
15.33
11.87
6.91
8.11
11.1
13.65
15.17
12.9
11.24
11.89
10.69
14.56
17.68
15.27
11.4
16.26
17.84
15
13.17
10.97
-6.24
15.14
16.14
12.43
11.64
6.53
-1.16
12.33
16.46
15.08
18.81
19.46
13.63
-7.09
9.88
15.47
16.23
14.57
13.76
11.42
-3.98
0.62
3.32
10.67
13.67
8.7
11.48
10.06
2.03
-0.57
6.28
9.94
-18.6
12.26
8.12
7.16
4.19
-2.51
9.48
10.74
12.59
11.73
12.02
9.68
4.13
0.33
11.7
12.9
-0.31
13.34
11.76
11.99
14.66
16.38
11.71
7.73
5.9
9.02
13.32
14.41
15.11
15.32
10.29
9.79
12.45
12.99
14.48
10.61
12.06
12.19
12.22
12.65
11.13
6.55
12.18
12.19
10.41
-3.87
11.21
11.77
12.85
5.17
7.35
2.62
9.2
9.2
15.93
16.68
14.82
12.97
16.11
15.88
12.39
11.54
10.71
12.04
9.43
12.9
14.84
13.99
12.92
14.11
10.54
5.96
11.51
14.09
6.14
1.1
11.87
14.1
11.18
5.06
-3.84
-4.21
8.46
0.89
-11.04
-0.57
1.38
6.6
11.21
8.24
13.1
16.78
14.03
7.26
10.45
14.63
15.7
15.27
14.67
10.29
8.62
-9.68
4.38
6.72
11.63
12.81
11.92
10.03
10.36
16.4
20.83
21.83
21.9
20.99
18.07
14.49
8.53
11.2
14.71
15.99
17.38
16.12
7.93
7.45
7.31
5.74
11.45
9.1
12.96
18.17
17.68
13.73
10.25
-1.59
5.33
4.09
6.91
-3.16
10.53
8.12
3.6
14.57
18.88
17.34
11.94
10.95
14.89
9.22
11.64
15.16
16.33
17.88
14.61
16.19
15.27
7.13
5.63
11.08
14.99
12.65
9.23
8.77
7.22
8.26
12.32
14.57
15.37
11.14
0.28
8.07
1.77
9.32
7.25
13.01
11.89
13.22
12.8
7.43
6.73
13.59
12.52
12.83
15.61
14.71
15.03
18.11
18.3
15.13
13.69
16.85
17.54
14.31
11.39
5.43
8.93
15.94
17.95
18.01
16.53
16.91
17.47
13.77
14.14
19.13
16.4
17.46
18.48
16.43
15.53
16.1
17.84
14.17
2.59
3.42
5.93
11.76
13.68
10.36
6.1
12.05
15
10.38
-5.26
5.16
8.09
9.87
11.62
13.65
14.57
13.78
13.51
14.71
15.06
16.13
16.55
12.44
7.64
16.24
16.7
13.96
13.82
13.91
12.63
12.37
12.49
11.61
-9.2
7.43
-2.4
0.39
4.78
2.85
1.32
0.29
12.36
16
17.31
16.85
13.64
13.45
14.95
9.09
-10.58
2.57
10.6
9.63
9.18
6.72
11.28
15.44
15.94
13.58
9.61
-3.86
12.42
15.19
5.5
14.22
10.62
6.47
15.2
14.74
7.67
7.28
13.49
13.88
5.51
-3
10.09
10.42
9.47
18.34
20.79
16.59
9.2
17.13
14.53
2.39
5.23
8.06
13.51
15.2
9.8
8.63
11.6
10.18
15.54
15.91
15.61
13.49
10.06
12.82
15.13
8
10.57
3.67
5.29
-3.91
6.57
5.75
4.68
7.77
-11.09
6.15
7.77
7.35
7.27
11.92
8.14
7.72
9.91
7.42
14.9
15.62
10.61
11.55
17.81
16.74
7.9
5.5
0.1
14.15
16.32
19.21
20.17
12.8
5.63
14.43
15.86
13.95
6.53
18.43
16.95
8.09
-2.77
6.35
-0.19
8.5
19.43
19.5
8.91
6.93
14.15
16.65
14.93
12.4
13.06
14.37
10.12
10.69
11.48
8.79
-4.07
4.56
9.11
5.22
1.92
9.08
6.1
3.9
8.57
12.75
12.85
11.72
10.54
15.23
15.96
16.04
13.79
10.91
11.33
14.39
16.64
16.64
13.54
16.82
17.14
11.02
9.94
10.54
11.07
4.24
1.41
12.6
13.62
-2.55
8.09
1.43
10.66
15.69
16.09
12.43
15.94
13.49
10.81
16.82
16.17
17.01
17.16
14.5
12.1
16.27
13.54
15.96
11.85
7.62
15.05
14.15
14.55
15.44
13.01
6.67
3.55
8.46
11.46
16.46
17.25
11.28
-0.12
10.77
15.36
11.98
4.92
10.49
13.46
11.58
9.39
10.36
4.97
-1.88
2.23
4.14
-9.06
5.55
7.88
13.5
12.68
5.53
6.42
10.56
11.41
14.67
13.61
12.73
10.29
12.16
9.64
1.54
7.03
6.4
14.38
16.16
14.84
11.8
11.26
11.36
11.91
9.35
3.58
6.19
7.44
10.87
13.68
7.03
6.77
-4.01
12.24
16.16
7.38
8.12
10.1
-0.75
14.11
15.21
13.21
11.26
11.21
13.02
10.04
6.33
5.62
4.03
0.6
10.08
16.08
17.02
18.42
17.09
13.03
6.37
9.89
15.68
13.45
4.49
13.67
11.79
10.9
16.56
13.52
-1.61
9.7
12.11
11.39
11.63
11.76
14.71
10.61
8.45
9.02
16.72
18.58
17.01
18.48
15.11
10.68
15.78
13.78
12.03
14.26
12.99
4.64
13.99
14.12
4.64
13.09
8.92
11.51
14.25
13.36
14.44
14.32
9.95
9.46
13.4
14.91
15.69
14.97
9.39
2.6
7.29
14.49
12.42
11.26
14.62
17.4
20.79
16.79
2.34
7.03
6.84
13.34
12.51
11
12.98
6.28
12.31
16.79
16.75
12.84
6.35
7.96
5.65
10.24
9.13
1.09
11.02
15.89
13.34
7.57
13.58
15.69
15.07
11.38
-1.23
11.13
15.62
8.55
13.73
17.85
17.01
14.16
1.67
10.81
10
11.58
16.81
17.18
8.11
10.8
16.94
13.64
0.51
7.28
13.37
13.82
18.37
19.63
14
8.5
14.33
13.26
0.6
13.72
11.22
2.91
10.54
9.3
-3.97
8.55
17.76
15.65
12.52
15.11
13.73
11.36
6.1
14.19
13.13
9.44
13.51
15.58
14.27
10.07
5.68
5.29
2.04
12.08
4.71
10.06
16.5
17.26
16.32
15.33
14.06
12.4
14.87
15.08
14.63
15.37
6.87
12.24
16.08
9.39
4.61
11.24
16.59
14.63
11.42
12.5
14.61
13.24
8.79
11.41
18.59
22.04
22.14
19.27
17.18
13.29
4.24
11.27
11.39
6.61
2.72
5.77
6.15
12.87
11.23
9.58
13.16
13.41
10.86
10.11
8.79
9.02
12.17
9.77
13.53
18.57
17.04
9.07
2.87
15.81
19.44
19.49
17.43
10.34
5.27
14.6
14.69
10.53
7.76
-0.97
-24.02
-3.16
-4.21
-12.58
4.31
1.73
11.65
14.41
9.07
6.45
11.28
7.41
13.68
11.34
6.67
17.03
15.5
15.09
15.7
10.51
9.47
-1.4
7.62
10.36
6.03
8.26
1.02
12.92
4.93
8.7
4.66
12.74
16.08
12.02
8.78
8.87
14.61
17.09
14.06
5.55
14.78
12.64
3.95
14.81
19.29
18.77
13.71
6.64
8.07
16.14
14.26
13.6
13.87
13.45
14.72
13.87
8.15
4.42
6.07
6.85
13.47
0.4
15.02
14.55
13.58
18.96
19.62
14.67
3.8
13.48
15.73
14.91
14.51
12.92
9.43
4.55
-0.64
6.16
12.79
13.68
15.05
14.28
10.63
-2.09
3.84
9.29
11.58
8.41
11.58
9.12
12.39
10.87
4.02
8.88
13.45
15.73
11.19
4.27
-2.69
-5.97
8.03
8.77
3.59
2.5
-1.15
0.83
2.26
4.07
-3.45
10.53
0.74
16.19
16.51
12.89
13.43
7.5
11.63
14.94
10.15
10.79
11.04
8.93
14.45
15.41
11.03
7.28
8.29
10.2
13.73
15.01
17.25
17.31
16.36
16.36
14.91
11.38
8.78
3.89
3.33
9
7.29
5.42
8.44
7.84
9.06
6.83
15.69
13.13
-4.14
10.39
14.64
16.05
13.21
11.95
14.38
9.17
-0.05
-9.82
9.51
16.08
15.64
8.83
2.35
14.63
16.63
14.17
7.71
5.27
-0.49
5.22
13.53
16.04
10.37
15.07
18.72
17.08
8.44
3.98
10.97
7.62
11.52
2.13
5.04
3.53
6.19
3.06
1.45
-1.19
10.28
13.67
13.97
-5.9
16.72
19.17
17.67
10.68
5.77
16.18
20.6
19.83
16.53
20.17
19.87
11.53
14.03
13.29
5.12
7.82
0.15
11.92
14.34
13.02
14.38
13.22
9.88
8.79
12.95
15.05
12.59
10.4
15.87
15.88
11.76
12.9
10.83
13.88
19.05
16.76
11.53
10.51
7.78
7.45
12.71
8.33
11.13
11.41
0.5
12.6
11.97
-1.23
8.42
16.2
16.74
12.57
12.86
16.43
19.69
18.42
15.05
10.28
5.05
10.37
13.58
12.31
10.36
6.83
6.6
14.65
17.24
14.63
13.64
14
13.1
9.24
-0.47
12.21
13.14
11.72
13.03
16.31
16.34
15.21
16.35
16.5
18.11
16.95
8.72
7.25
10.19
15.09
15.63
15.4
16.51
14.41
13.52
10.36
12.51
14.48
12.32
12.28
6.09
1.35
6.86
11.24
9.52
2.27
6.92
12.05
10.59
12.78
16.66
15.3
15.09
15.95
16.92
15.99
12.12
15
12.67
3.53
-3.33
9.04
12.58
7.79
2.69
14.93
16.08
9.97
4.96
13
14.53
15.42
14.04
10.46
1.81
11.2
16.61
17.73
16.51
7.8
-3.28
-1.7
-9.71
8.19
6.2
7.67
0.88
1.18
13.62
17.76
15.28
12.78
13.4
5.26
9.94
9.25
5.77
5.75
8.02
15.35
12.28
9.71
12.45
8.83
11.86
13.78
13.13
15.88
12.07
8.67
15.32
15.97
6.61
13.09
12.73
10.3
-0.38
13.22
12.71
5.84
14.17
16.03
14.39
11.62
13.58
14.71
9.7
8.08
4.21
-9.57
4.27
8.63
9.93
12.46
14.24
14.13
5.37
5.66
5.86
12.1
7.2
13.99
15.81
13.5
7.83
-5.65
11.36
16.13
15.26
11.81
16.24
17.43
12.08
4.92
13.83
15.97
13.1
15.63
19.67
18.33
12.4
18.98
19.13
7.64
11.08
6.41
10.56
14.03
13.68
7.86
-11.27
5.35
3
8.36
15.4
13.85
11.58
13.35
8.71
8.9
4.66
2.4
2.37
11.32
13.44
13.81
15.42
13.84
7.29
1.95
-6.3
2.46
10.43
16.37
16.11
15.94
13.52
0.38
13.72
13.07
12.19
14.19
12.14
2.82
10.38
13.9
9.83
16.02
17.7
14.13
10.46
0.91
5.39
7.34
13.24
2.72
9.26
11.72
12.3
11.14
10.25
12.03
11.56
5.5
9.46
18.47
18.76
14.92
9.84
2.51
4.68
9.65
-4.9
14.78
18.64
18.68
15.43
10.93
9.07
1.61
8.04
3.63
14.09
19.19
17.3
11.52
5.62
-0.28
1.9
5.37
11.62
12.77
2.85
12.78
9.63
-6.69
-1.27
0.27
0.51
-0.19
13.16
16.23
12.76
9.22
9.8
10.28
7.79
0.37
-7.07
11.26
13.51
9.08
5.63
7.71
9.27
9.79
8.74
14.18
13.53
6.23
14.28
20.62
23.24
22.5
18.78
9.81
10.53
11.15
-0.55
18.71
20.35
13.74
6.19
13.42
14.99
14.19
13.56
14.68
13.93
11.24
4.89
4.71
10.37
12.03
7.65
13.7
13.95
12.65
10.08
14.84
16.6
13.81
7.12
7.47
15.87
15.75
10.4
5.48
4.41
4.05
10.82
16.22
16.93
15.42
11.9
11.45
10.48
8.84
9.96
14.63
14.81
14.77
12.86
9.35
9.16
13.58
15.59
15.74
10.44
8.22
14.62
15.35
11.73
9
8.99
13.2
16.02
15.05
9.73
5.66
13.98
4.64
12.68
13.76
11.58
14
18.53
18.53
11.81
15.89
11.71
7.8
15.15
12.99
8.73
1.94
7.13
6.69
3.76
-5.96
11.14
12.18
12.96
15.37
16.31
14.3
10.18
13.64
15.53
9.06
1.75
6.13
8.01
7.8
10.96
5.05
-0.76
5.79
9.84
16.65
18.26
14.87
5.94
8.32
16.84
18.93
18.85
15.53
12.64
10.86
9.81
12.12
17.07
18.73
11.34
13.3
13.95
6.02
11.83
20.2
20.51
15.25
15.42
15.32
14.49
15.41
16.44
13.65
-0.41
15.22
12.85
10.23
11.87
3.51
-16.75
2.5
4.19
2.72
1.8
9.27
13.9
11.41
11.46
13.04
2.65
-4.91
8.93
12.92
12.5
12.73
12.67
10.4
9.64
13.04
11.73
5.29
7.46
16.32
12.99
12.91
13.46
13.27
14.72
12.28
7.62
6.97
9.02
9.67
-2.49
2.11
-3.66
12.64
20.94
