8.71
10.05
12.64
8.19
10.08
11.21
5.9
2.22
4.09
6.12
10.16
11.27
4.96
9.51
9.42
7.62
15.08
13.15
0.64
5.17
11.37
7.38
7.84
12.89
7.67
7.09
3.61
3.26
11.27
12.77
0.47
10.36
11.18
11.19
11.29
13.23
17.11
15.84
10.07
1.58
6.16
3.58
7.38
8.89
7.37
6.81
9.4
8.89
4.42
9.74
8.6
8.76
13.55
12.94
10.1
0.65
6.58
5.24
5.5
8.81
8.42
5.28
12.11
4.85
9.38
3.1
10.99
11.18
2.09
4.71
7.74
11.09
13.66
7.76
-7.05
2.92
1.37
1.47
10.16
11.31
11.44
12.96
14.47
12.94
11.71
11.17
11.35
10.58
0.98
14.61
13.39
0.79
0.72
5.67
14.25
11.48
4.47
9.09
15.9
13.66
4.54
5.77
13.54
15.73
11.94
14.03
13.46
10.68
9.17
7.31
10.28
9.11
3.79
3.44
5.19
11.01
8.24
8.87
11.02
9.35
7.68
9.61
12.73
8.49
1.78
5.6
5.42
7.86
12.77
13.22
5.3
10.77
8.2
9.7
13.52
14.52
4.42
11.99
13.79
9.13
6.91
8.61
10.38
8.46
4.72
10.72
12.81
7.22
-7.29
-6.19
9.54
11.82
-1.35
7.78
10.22
2.84
9.52
-1.88
12.82
13.64
10.75
7.19
7.92
7.09
5.57
9.75
16.28
19.25
16.18
11.19
11.82
10.94
4.91
2.21
-7.16
5.2
9.1
7.5
5.31
10.14
4.06
8.56
12.42
12.96
11.67
13.64
13.83
10.65
-17.66
10.45
9.36
7.65
14.82
7.56
11.39
12.67
4.42
-4.06
9.31
15.18
15.45
15.83
13.21
10.38
11.27
10.27
7.95
14.19
15.23
11.01
12.87
10.15
-3.1
5.11
9.17
11.78
9.98
13.28
13.05
9.62
7.47
7.26
-2.1
6.36
4.28
8.46
7.55
9.96
1.62
12.6
15.66
16.7
18.51
20.5
18.13
10.12
-11.32
6.56
7.54
6.63
11.44
8.73
4.97
0.89
9.58
6.78
8.48
11.09
7.99
9.79
7.86
3.1
1.57
7.37
9.13
1.3
9.64
14.24
15.34
13.14
12.41
14.03
13.75
6.6
10.51
13.59
9.67
3.29
7.07
12.59
-2.05
12.16
11.53
-1.02
5.52
6.55
2.77
-1.57
5.42
4.87
8.41
7.52
7.9
8.69
9.24
11.76
10.34
6.58
5.3
-18.55
-4.63
4.93
5.59
8.6
14.58
16.16
8.97
11.83
10.75
10.19
12.85
15.5
17.07
12.34
9.74
14.11
11.49
-2.25
3.05
7.76
14.56
15.84
9.94
5.37
4.76
-3.41
8.12
14.64
15.71
11.05
7.01
8.84
8.7
6.3
1.85
-0.42
-10.36
10.45
16.69
14.4
8.23
9.84
10.54
14.01
10.83
6.7
11.67
7.6
8.96
3.83
9.6
5.87
-2.02
8.85
11.06
1.53
1.28
8.94
13.69
13.75
4.62
8.91
9.55
4.38
2.97
2.1
2.19
10.92
13.38
2.98
4.29
5.38
-2.75
11.84
15.91
12.06
11.98
15.39
14.49
13.03
0.45
11.59
10.18
1.17
-1.63
-2.34
12.07
15.2
11.11
11.8
11.64
4.58
12.53
15.01
16.61
14.38
7.1
-0.61
2.49
12.46
11.85
-2.27
4.44
6.95
4.58
7.65
3.03
9.6
14.55
12.85
12.76
7.88
4.92
7.84
9.97
9.32
7.69
9.37
12.49
9.12
6.28
9.77
7.75
7.26
0.38
2.55
7.36
-3.41
10.28
12.48
13.32
9.81
7.4
10.55
4.13
6.65
12.31
11.42
6.91
5.59
4.59
3.06
12.61
14.15
10.67
5.88
0.88
-0.44
3.38
9.84
7.6
6.9
8.91
9.24
8.73
1.84
8.52
-0.01
9.15
4.91
10.9
13.24
11.72
3.59
12.13
13.07
12.54
10.34
6.33
9.7
10.44
6.15
8.95
14.38
16.02
12.74
0.93
2.76
6.61
4.64
-2.8
4.03
10.25
13.26
14.58
13.31
14.17
10.68
10.14
14.68
12.89
-6.55
8.37
5.59
12.2
10.5
0.61
6.74
12.94
11.58
1.38
9.51
12.71
10.95
-1.17
12.94
14.58
13.96
14.08
15.45
15.18
8.55
1.12
0.45
5.3
-6.24
-0.87
14.51
17.85
9.57
0.92
7.11
12.55
5.38
8.07
8.87
2.56
3.57
8.25
7.05
6.45
0.29
5.07
10.8
11.13
5.22
8.93
13.28
11.26
-1.05
-4.61
8.34
7.72
6.48
11.41
13.97
15.72
8.06
10.8
13.58
9.95
10.12
5.52
-5.67
6.84
14.66
14.36
9.45
6.34
10.12
10.88
9.69
13.34
16.62
16.25
6.5
9.65
9
1.34
12.69
13.54
9.74
-2.14
10.33
12.42
11.44
9.97
12.04
2.98
10.43
10.72
6.92
3.68
5.87
13.27
12.42
10.74
14.1
12.09
7.33
1.48
8.24
7.68
10.44
10.82
0.08
10.5
15.47
13.04
0.86
7.95
12.64
12.17
-0.15
13.52
12.56
8.38
4.27
3.01
6.46
10.07
11.16
10.47
8.72
7.16
10.05
10.9
8.65
4.72
4.64
6.84
3.6
11.62
12.2
7.39
10.31
16.27
14.25
5.2
7.69
6.01
8.24
14.52
14.86
5.96
14.08
15.12
10.32
-1.06
2.9
3.93
7.1
8.06
11.95
9.49
9.97
11.83
8.44
-5.74
9.15
10.6
9.13
0.87
11.99
8.53
6.57
15.49
14.94
7.47
1.53
11.94
12.57
3.42
-0.5
7.29
5.63
-0.66
1.21
3.29
9.2
10.78
12.56
9.67
4.42
14.13
14.01
13.26
11.12
7.77
8.54
-1.28
-7.13
10.36
11.86
9.64
8.33
7.6
5.6
5.54
11.01
9.17
9.64
8.33
-3.46
4.74
5.3
9.49
5.76
10.57
7.32
10.03
-0.8
14.72
14.95
8.14
-1.07
4.95
7.81
8.84
7.69
10.77
12.44
14.71
12.37
6.06
7.63
6.23
10.13
9.31
10.04
3.26
12.47
11.45
6.5
12.03
13.59
10.56
5.4
2.98
-3.07
11.57
13.94
12.6
12.09
11.15
5.72
8.8
6.25
5.17
4.33
8.59
13.5
13.63
7.61
-5.71
11.32
16.53
15.46
10.5
8.75
9.37
-2.47
7.18
10.32
14.21
15.4
11.88
-9.26
10.83
12.74
10.45
-1.54
7.77
-1.9
6.53
1.07
5.91
11.22
12.92
5.87
-4.48
10.58
13.89
10.9
-3.08
-0.57
9.34
16.34
15.49
8.49
7.18
11.21
12.06
14.17
14.62
9.94
4.69
8.06
-0.2
2.73
6.19
9.22
12.37
12.21
9.97
-12.68
8.83
9.37
4.31
0.33
1.58
-3.46
3.42
7.24
12.75
15.5
13.65
8.46
2.96
5.64
8.79
20.47
20
12.3
9
8.27
10.04
9.87
18.7
19.9
19.89
15.15
23.57
25.98
22.38
16.71
20.7
17.61
14.37
5.82
22.28
28.03
28.28
25.08
21.61
19.44
26.15
27.47
24.14
17.09
17.88
22.27
17.99
3.99
15.46
-1.75
15.19
17.47
18.32
25.46
28.67
24
18.34
15.75
15.73
18.65
19.5
16.13
19.68
25.46
26.23
21.85
21.93
20.6
13.46
23.96
29.04
28.59
20
13.48
17.41
22.79
22.95
25.25
25.09
19.86
16.86
18.5
20.56
16.2
16.89
18.92
20.19
22.9
24.98
24.66
22.76
18.81
11.09
21.44
25.46
25.44
19.47
20.86
26.67
29.16
27.82
22.63
16.9
17.53
5.17
21.74
26.62
27.81
28.08
27.65
24.4
21.83
23.69
18.72
1.95
17.37
14.44
21.45
26.09
20.19
10.38
15.89
18.12
19.14
18.53
23.84
25.33
20.74
18.78
19.71
21.52
25.34
26.77
25.94
26.79
18.74
21.94
22.5
14.69
17.05
21.25
19.07
17.38
19.68
23.42
25.81
21.18
2.93
15.56
28.11
32.49
28.57
25.17
24.99
19.57
2.68
6.32
11.98
17.56
21.3
22.18
17.87
29.31
30.25
23.96
17.25
12.78
24.32
26.82
27.3
21.38
16.73
24.07
26.76
27.71
27.75
28.05
26.6
26.65
23.59
24.6
25.41
20.46
23
24.33
20.41
20.14
20.35
17.1
16.86
25.01
27.21
24.16
23.79
14.52
19.87
20.46
10.72
21.02
30.01
30.14
27.26
28.58
30.06
30.2
29.83
24.45
22.74
22.2
14.16
12.91
19.05
19.89
19.84
24.98
23.03
11
24.34
28.27
24.31
17.43
21.81
19.41
13.66
13.61
6.77
19.72
20.25
11.3
26.85
29.29
26.52
17.85
18.25
26.73
27.32
23.63
21.26
22.38
18.6
11.08
23.41
24.35
21.13
18.24
22.6
24.87
22.97
3.53
19.44
20.3
20.99
16.96
18.15
22.81
18.99
7.64
4.71
15
18.42
20.85
23.24
19.4
8.47
19.21
24.84
26.27
21.42
5.68
16.41
23.21
18.7
15.87
14.34
7.71
19.08
18.04
16.92
25.05
27.58
23.6
18.17
14.66
17.53
10.47
18.81
15.92
14.25
20.36
21.42
17.79
18.2
18.93
17.27
21.98
23.55
16.68
19.88
21.75
20.47
19.7
10.02
8.91
10.87
13.54
5.69
14.28
17.57
13.68
10.58
22.56
27.19
27.87
24.06
17.47
18.53
13.48
18.64
15.1
5.89
18.37
20.16
12.53
17.65
21.82
22.25
21.17
20.02
18.37
20.52
18.97
5.98
15
14.98
10.9
11.31
18.96
17.67
14.98
10.95
18.97
20.2
16.15
15.91
19.01
20.78
19.57
17.4
13.85
15.78
15.61
16.87
15.77
3.72
-5.33
5.11
11.84
13.64
14.16
20.25
18.85
14.62
9.15
0.14
18.45
20.9
16.09
13.69
20.43
20.88
18.67
15.65
9.03
8.76
7.25
14.54
14.14
9.6
8.06
18.2
22.36
22.52
18.47
12.29
7.2
2.86
4.16
5.18
12.55
8.45
5.74
0
5.8
11.07
2.95
10.86
6.9
5.1
10.02
13.17
15.73
13.61
10.04
13.11
18.09
16.15
11.65
12.82
8.03
12.85
14.27
12.42
11.36
0.49
8.12
24.99
23.78
22.95
22.07
19.25
14.21
10.71
8.65
16.58
22.52
18.37
17.31
24.76
24.75
15.92
12.07
16.96
21.1
20.45
19.55
17.88
15.53
20.26
25.34
24.52
23.03
24.56
22.82
22.56
22.76
22.11
21.34
16.85
17.93
18.54
16.69
18.67
25.78
27.68
26.16
24.96
26.29
24.47
20.29
12.83
7.15
12.83
9.24
17.84
22.6
24.48
26.4
26.48
25.22
20.81
16.77
24.32
26.49
23.5
18.93
20.95
23.89
21.35
14.56
19.32
21.08
24.08
26.06
25.73
20.58
15.59
8.95
7.8
17.17
19.2
16.21
13.51
23.9
26.68
28.1
27.55
25.58
22.15
17.68
20.63
20.94
19.96
19.11
13.81
6.31
21.44
28.36
30.16
28.84
23.74
21.98
25.44
25.53
23.49
23.97
22.86
20.94
26.92
32.38
34.14
33.28
32.45
31.86
29.95
27.07
23.79
21
21.62
22.56
19.12
22.31
23.08
27.04
28.84
26
23.67
22.08
16.97
18.62
18.15
28.44
29.87
28.84
27.92
25.98
22.34
19.22
16.11
17.45
10.74
18.84
22.7
21.36
23.1
25.53
25.11
25.05
22.64
25.7
27.85
25.02
17.15
10.22
12.91
14.28
19.74
21.02
19.92
10.16
21.72
24.12
25.04
27.01
23.85
20.73
26.61
25.94
20.43
8.19
17.63
20.23
15.33
14.25
13.74
14.87
5.66
19.31
15.95
24.57
25.91
23.44
20.68
20.92
22.54
23.26
22.39
21.43
25.04
30.05
31.21
27.51
19.55
13.71
14.4
18.72
23.12
25.34
24.44
23.5
26.3
28.81
28.17
25.64
25.57
23.53
9.84
22.61
24.43
25.2
24.39
26.56
27.07
26.26
23.6
23.17
23.52
18.98
7.08
22.91
26.78
27.23
27.6
28.72
30.54
31.72
31.27
28.64
21.76
17.43
24.79
24.8
25.83
28.67
30.28
30.42
31.2
31.34
28.49
21.09
17.06
22.67
21.22
16.64
25.52
26.83
25.84
25.4
27.23
27.55
24.7
24.39
28.15
28.27
25.93
23.8
22.56
22.12
21.66
23.8
27.78
29.11
28.54
26.62
24.39
21.74
19.35
15.59
14.2
19.64
19.79
21.63
26.12
26.38
22.82
23.91
27.25
25.46
23.9
25.31
22.31
16.79
9.71
14.72
15.86
14.32
2.24
16.97
24.3
24.03
21.05
21.16
16.62
15.11
12.94
12.99
15.5
22.23
24.66
20.06
5.22
13.71
7.59
15.77
14.75
21.44
21.75
19.19
16.05
15.11
17.73
20.48
20.01
15.03
16.04
13.55
16.9
23.14
23.5
16.54
18.47
20.41
19.46
17.58
18.6
21.99
25.16
27.74
26.11
22.31
22.3
19.91
21.02
18.62
19.6
21.56
22.06
21.96
21.21
17.31
17.3
20.25
21.75
22.64
23.61
22.46
19.18
13.52
12.14
21.07
22.51
22
22.96
23.61
23.87
23.34
20.1
11.63
16
21.12
18.47
16.41
21.92
23.2
20.39
10.5
9.72
9.06
12.63
20.84
27.34
25.99
19.4
21.58
22.17
20.18
12.18
14.74
13.56
22.39
25.25
23.61
23.19
22.14
18.23
16.31
12.3
19.35
23.34
18.59
21.44
21.89
20.12
19.71
21.01
22.4
18.94
16.43
20.3
21.39
16.48
6.71
18.63
18.19
16.98
24.46
20.26
21.32
19.05
20.57
24.22
20.43
17.01
18.66
15.13
20.58
19.7
22.59
23.64
13.44
0.19
8.79
11.86
13.42
8.44
21.15
26.17
22.91
22.35
18.87
10.27
12.52
10.44
14.06
22.46
22.65
6.23
23.13
21.56
21.57
26.73
23.12
17.08
19.79
19.9
17.26
19.53
19.86
16.83
9.25
8.7
5.01
23.31
22.24
16.36
17.03
17.9
23.84
26.6
27.36
21.67
13.18
15.55
24.6
25.48
19.1
4.4
0.79
18.42
22.73
20.38
18.26
22.94
20.71
14.63
16.84
11.26
14.05
18.79
21.91
20.09
17.52
22.05
20.91
24.1
19.82
10.65
19.59
19.53
18.94
23.81
20.73
19.22
22.03
14.7
21.75
13.25
22.56
21.1
14.22
-1.7
6.56
17.19
24.74
26.95
21.13
12.34
12.05
17.16
17.61
20.43
18.41
16.43
21.85
15.87
21.32
26.16
23.65
17.53
20.57
14.74
19.2
20.46
14.36
23.91
31.08
30.85
24.37
10.82
11.29
15.85
17.36
18.19
19.31
17.53
22.46
25.05
17.4
27.75
28.75
26.34
24.05
19.42
22.76
25.75
18.24
7.25
22.63
30.62
33
28.75
21.4
18.95
19.25
19.48
16.55
20.78
10.36
29.72
33.44
30.92
23.07
30.97
33.13
26.45
17.22
18.92
16.18
25.19
27.39
22.39
19.64
23.97
22.95
24.5
26.62
24.92
20.94
25.55
14.81
22.99
22.95
14.75
11.26
35.24
44.74
45.07
36.63
24.02
16.95
22.73
13.45
14.2
1.33
19.97
21.48
19.42
20.33
22.61
24.01
20
20.1
21.91
25
25.04
22.74
22.38
21.79
20.65
24.57
21.07
15.79
40.17
46.02
42.41
28.35
15.84
3.81
8.85
7.43
9.63
14.67
11.91
19.87
23.46
22.07
21.08
15.88
15.64
20.16
17.39
23.37
16.44
27.38
33.56
29.81
22.23
12.25
21.47
-3.82
22.36
23.91
22.51
11.64
23.23
22.41
16.43
19.88
18.61
11.74
15.3
20.8
18.9
17.36
19.94
13.24
19.79
19.48
7.83
18.51
16.03
18.39
16.23
13.26
31.16
42.16
43.13
36.36
27.62
21.45
14.39
23.06
25.03
21.11
14.79
19.32
26.07
35.41
35.65
25.54
14.36
16.68
19.55
21.29
19.22
16.71
17.26
21.85
17.84
15.27
13.75
5.15
7.96
25.44
37.07
42.31
39.98
30.85
29.59
25.18
7.64
16.21
20.46
22.88
26.13
20.51
15.58
20.4
24.05
16.29
25.88
28.54
26.83
27.42
21.55
15.39
16.39
21.04
15.64
21.49
13.78
21.9
19.26
23.43
19.07
22.12
19.59
11.46
14.89
22.38
22.86
15.32
21.05
23.9
13.5
23.78
26.09
19.28
11.34
17.49
15.05
21.67
23.48
21.92
24.85
32.96
42.66
44.36
37.45
22.81
17.75
9.62
23.92
26.42
20.73
20.78
23.1
22.29
25.36
24.1
17
20.47
22.89
20.38
19.32
23.74
20.02
14.33
16.61
21.27
16.59
6.29
18.31
19.59
18.02
4.03
14.08
20.05
9.57
14.58
24.06
31.37
30.27
19.3
16.38
17.23
22.31
20.31
23.48
19.64
23.26
31.29
30.5
19.23
19.63
23.77
21.92
15.98
19.9
15.09
19.77
23.09
23.47
21.85
9
17.48
28.14
29.68
31.27
30.96
28.6
28.96
30.16
26.74
15.12
20.75
15.4
15.42
29.36
38.09
36.94
28.5
24.36
14.9
14.89
14.56
16.96
21.13
30.85
32.83
29.57
24.84
21.85
31.65
33.71
30.09
42.05
46.05
41.12
22.4
22.93
25.72
25.35
25.59
26.39
18.15
14.18
23.55
30.5
36.62
30.6
22.67
24.8
17.46
10.53
21.53
20.5
22.72
27.28
25.1
17.36
21.34
20.13
26.37
27.39
25.77
27.95
27.53
9.96
27.63
25.99
28.96
24.36
20.7
28.76
28.96
27.47
22.55
26.32
26.2
16.48
27.34
25.99
27.25
31.01
29.44
27.63
34.96
34.07
27.92
25.93
26.64
15.42
32.33
33.66
31.73
36.92
46.57
49.24
43.21
28.09
29.92
28.7
20.56
20.96
37.66
45.76
45.01
37.46
31.69
24.08
16.16
25.13
28.15
18.76
29.25
27.97
17.5
26.08
26.29
33.13
35.43
31.88
25.93
18.95
4.4
22.36
26.17
25.46
23.88
28.02
29.84
31.61
32.79
31.41
23.78
10.58
20.17
15.88
25.34
25.33
25.53
26.75
24.62
3.96
23.21
28.43
30.77
31.43
27.89
14.6
12.04
27.2
28.62
21.7
27.13
23.62
12.32
23.94
32.2
35.23
33.69
27.44
21.21
25.12
29.5
30.66
30.69
28.79
26.57
28.33
13.3
32.16
34.1
26.77
22.49
26.48
29.94
24.08
24.16
30.19
26.11
24.15
26.74
14.24
28.63
28.68
27.58
25.03
15
24.62
29.01
18.88
24.18
30.23
32.22
27.99
22.96
27.78
33.54
31.02
25.26
17.47
16.4
27.32
28.11
22.88
13.85
24.5
32.08
30.08
20.23
28.59
27.98
14.79
29.44
30.23
23.58
22.1
20.43
27.07
31.94
29.06
19.44
16.5
10.96
18.67
20.89
28.56
31.11
28.15
19.95
6.4
26.14
26.9
20.67
32.47
30.82
17.42
25.7
25
22.58
25.57
27.66
19.82
23.55
31.16
32.63
28.54
25.22
26.58
26.22
25.25
23.91
20.38
28.06
31.05
24.05
23.22
25.37
19.92
17.4
23.65
18.67
15.75
16.56
15.58
10.8
16.2
14.23
17.15
24.36
19.88
26.93
26.09
9.37
21.97
28.68
29.67
14.38
26.44
25.56
19.46
23.24
22.08
24.09
27.1
23.22
22.7
23.99
24.69
28.25
30.08
25.77
19.39
18.63
22.76
17.14
17.5
24.45
26.91
24
17.34
5.37
16.47
22.54
20.09
13.08
16.9
14.5
21.61
29.05
31.08
27.59
20.64
15.46
16.32
20.13
24.04
27.92
27.14
18.4
16.77
17.11
23.78
23.62
26.15
27.04
25.7
24.64
23.65
21.29
15.47
20.25
24.72
19.06
22.41
25.76
26.57
23.54
7.02
16.15
9.35
22.99
23.99
25.9
27.37
23.09
19.46
21.29
10.36
20.43
18.6
24.02
26.67
28.23
28.21
25.29
21.09
14.66
10.64
23.39
23.77
21.76
22.03
23.88
23.08
11.11
18.61
18.02
18.87
25.84
26.92
26.1
16.72
20.17
15.96
13.64
12.82
5.15
14.39
10.44
19.62
15.78
12.17
17.75
18.32
22.59
24.11
19.59
21.93
23.52
24.62
24.51
15.45
19.02
16.64
26.4
26.12
24.8
23.35
17.62
9.38
-3.93
14.1
21.23
25.84
24.68
20.79
20.81
27.11
30.27
30.2
28.94
28.83
31.67
35.02
35.29
32.44
28.85
27.81
28.8
27.4
23.98
20.16
25.21
24.32
24.39
26.44
25.85
27.1
27.88
32.88
35.16
34.61
32.62
31.7
29.91
26.49
26.58
20.61
20
26.97
29.73
28.26
30.57
32.89
33.45
32.15
28.39
26.64
32.73
36.28
36.4
32.15
28.68
24.92
18.64
22.97
28.21
28.85
28.57
31.62
33.52
33.53
34.45
34.99
32.49
23.33
19.69
25.01
30.4
28.26
26.05
21.67
20.34
26.25
26.64
24
27
28.1
28.13
29.23
23.25
30.91
35.38
28.88
23.22
22.77
23.87
25.08
22.04
27.65
25.52
27.83
30.02
30.34
28.97
28.11
27.88
30.7
30.72
25.98
23.47
26.51
28.25
29.91
27
24.37
18.92
20.85
22.36
27.79
25.79
21.53
19.35
18.77
18.82
19.58
17.77
23.88
26.96
30.07
30.8
26.9
27.85
29.17
20.35
20.39
24.86
15.85
22
16.02
16.82
17.97
18.53
12.93
23.03
27.04
28.47
26.63
19.66
13.24
21.66
27.41
27.84
24.74
19.38
21.48
26.22
24.51
24.46
23.71
19.18
7.98
17.09
24.32
27.57
28.24
27.5
26.92
26.85
24.89
10.43
23.75
20.25
25.43
23.23
15.77
25.64
27.88
25.01
22.08
25.2
17.55
11.51
16.09
12.03
14.05
7.48
17.22
26.88
29
21.13
17.34
16.05
19.21
24.16
19.41
12.99
6.85
26.95
31.19
30.44
24.83
22.78
23.23
19.08
22.78
22.57
21.22
22.78
26.85
27.57
26.82
21.71
20.1
23.94
22.81
23.97
20.12
13.21
23.91
28.51
25.74
23.76
21.47
17.51
20.91
25.6
24.71
15.02
13.81
10.37
10.48
20.74
21.51
13.54
23.49
26.97
23.16
10.88
12.37
13.94
9.34
7.83
11.11
-0.85
14.16
14.01
17.68
24.52
24.94
24.61
19.45
16.13
19.7
11.51
23.61
21.53
20.77
18.69
24.76
23.08
14.07
23.53
24.13
20.51
18.63
20
17.09
17.1
19.07
22.52
21.05
20.05
24.08
24.88
25.31
21.51
18.29
11.72
16.77
12.84
14.66
17.72
13.12
22.3
21.29
15.34
18.33
20.65
14.92
7.04
9.01
7.82
19.94
19.03
21.48
25.23
23.51
18.74
12.31
20.66
21.64
24.42
24.42
23.45
22.23
18.07
19.03
22
20.03
12.08
5.53
16.27
20.92
18.2
10.77
15.41
23.24
24.13
19.95
20.56
21.77
21.45
16.13
15.2
19.52
17.89
7.65
12.77
15.26
16.69
7.97
13.58
16.71
9.4
13.03
9.25
7.39
17.38
14.21
14.76
13.66
22.86
26.01
22.12
19.47
24.28
25.73
19.38
20.74
19.78
22.11
22.81
22.14
23.33
23.96
23.71
19.35
19.76
29.54
29.62
24.14
17.02
15.75
14.21
22.15
24.77
18.91
13.01
17.8
19.95
3.75
14.22
15.86
24.74
25.21
22.84
15.2
18.51
24.02
20.82
14.11
18.5
18.37
4.07
24.56
25
12.08
19.38
20.7
22.42
21.59
19.43
17.59
22.05
21.51
25.43
27.52
22.55
-2.65
15.84
18.36
4.95
20.93
24.62
26.35
26.18
22.48
15.87
5.59
13.43
19.84
17.28
16.95
21.64
25.32
26.93
25.36
14.83
16.36
6.58
0.52
16.6
17.58
17.02
12.33
6.13
5.65
4.89
12.72
24.28
22.65
13.54
22.24
25.66
23.36
17.65
16.03
18.25
20.7
21.38
14.02
10.78
16.2
12.35
5.53
13.16
20.79
17.31
6.81
18.54
21.52
12.49
14.94
18.42
23.5
25.67
20.37
12.85
11.17
11.58
10.91
19.78
10.99
18.47
15.59
15.5
19.97
22.99
19.79
15.86
19.74
16.95
6.14
12.05
17.59
14.12
5.69
14.82
22.38
20.97
4.56
14.23
8.18
13.28
14.63
18.45
18.1
18.75
25.17
25.33
19.93
9.85
14.4
20.93
22.17
23.41
25
21.33
19.55
18.58
14.73
22.8
24.23
20.92
18.34
20.2
23.27
23.76
19.92
13.74
12.8
17.27
24.25
25.91
22.96
18.74
18.93
20.46
21.27
15.03
16.81
19.67
14.05
14.8
19.6
18.42
-6.75
16.85
14.27
4.28
5.29
19.11
23.82
23.06
21.56
19.81
15.79
18.14
17.77
15
24.92
24.82
18.81
19.54
12.35
13.29
14.23
20.62
18.1
16.01
17.29
22.25
24.82
24.89
22.87
17.83
15.57
27.14
35.24
32.99
24.04
0.39
15.44
15.71
-1.53
19.7
19.1
9.89
15.58
20.27
18.04
9.67
13.84
16.05
10.84
8.98
13.93
15.38
19.7
22.2
18.75
17.48
16.93
4.06
15.4
16.85
15.03
16.35
16.84
19.87
21.48
16.5
12.93
19.14
20.73
20.98
16.95
16.46
12.22
20.9
24.89
23.89
23.09
20.39
16.1
16.04
20.44
20.26
8.56
14.72
19.46
24.84
25.56
23.64
23.47
23.04
18.82
10.8
13.89
16.15
17.71
20.53
21.25
19.13
8.8
12.08
14.9
15.48
14.29
12.92
16.32
21.44
21.55
18.39
20.63
18.98
8.2
1.69
16.39
17.8
13.62
7.98
14.78
20.66
20.67
17.58
17.17
13.11
10.8
19.74
21.57
20.35
17.12
8.71
18.89
19.31
8.35
19.97
16.93
15.99
20.32
23.58
24.88
23.9
21.06
21.42
19.41
3.83
13.58
15.76
6.78
7.02
22.1
26.24
23.6
21.16
21.24
17.55
18.09
11.83
16.62
22.9
21.97
20.99
15.57
18.43
18.97
18.08
17.69
4.58
16.49
20.65
20.3
16.94
9.45
12.11
15.77
17.88
13.92
18.08
18.62
12.79
16.02
20.92
19.81
3.39
12
17.99
24.89
26.1
22.64
21.7
22.16
20.76
21.09
18.67
11.28
10.29
13.98
16.74
19.75
14.95
0.53
4.63
16.61
15.92
-10.78
10.41
17.7
18.52
20
20.81
16.61
14.17
13.67
16.48
19.02
19.78
19.51
22.61
24.62
22.72
18.96
18.81
9.53
8.21
18.5
15.12
10.12
12.18
10.47
12.82
17.97
21.54
22.37
21.05
15.82
-3
11.7
7.71
16.57
15.83
16.85
16.67
13.33
17.75
18.23
3.41
12.72
7.62
12.41
13.43
10.19
11.89
16.07
9.51
18.35
18.33
15.41
20.03
20.65
17.01
8.76
17.13
21.7
21.65
16.59
-1.02
13.26
10.21
14.41
13.17
14.54
19.76
19.24
16.48
10.05
12.44
14.89
8.72
4.98
12.39
7.44
18.9
23.21
21.9
22.6
22.81
20.26
18.11
13.12
8.79
12.03
13.74
8.24
6.34
-13.54
11.33
13.54
17.43
19.78
14.89
-4.53
12.75
16.08
5.85
6.12
16.64
20.04
17.1
8.23
9.18
14.09
16.77
16.15
14.36
16.94
18.3
16.7
14.08
11.7
13.91
17.11
17.05
10.73
11.43
19.14
14.26
9.3
13.29
3.39
16.52
17.55
15.51
17.81
15.6
14.81
18.44
17.28
17.58
16.88
10.55
10.96
12.82
17.05
14.45
17.08
18.63
21.51
21.45
14.31
14.41
20.98
20.9
13.79
9.59
15.91
15.41
6.28
2.31
3.28
7.27
10.6
11.28
12.76
19.47
22.46
21.08
18.24
19.46
16.91
14.46
18.55
20.07
14.44
8.49
5.08
12.19
17.53
16.43
6.91
11.82
8.02
8.6
10.09
-6.44
0.45
5.45
12.55
12.13
15.51
18.09
19.67
19.76
18.91
10.22
5.3
-1.57
5.04
9.49
17.34
20.3
17.95
16.58
18.29
13.05
5.56
19.51
22.61
16.81
8.69
5.03
0.36
3.18
8.64
8.24
14.93
18.56
14.05
11.58
13.55
14.42
15.87
18.26
20.18
14.3
12.54
18.64
15.17
15.42
14.1
13.16
15.16
14.09
2.34
3.36
10.69
15.15
12.56
0.73
11.25
18.07
17.21
13.15
9.7
6.6
12.17
7.77
15.24
16.64
7.55
16.14
17.09
17.71
18.14
18.42
19.02
13.25
7.89
15.08
17.34
15.76
10.46
12.69
17.98
20.89
22.73
18.36
-3.84
15.27
19.91
19.36
8.15
15.34
17.89
20.77
19.57
11.33
13.77
18.68
17.23
14.19
14.54
3.58
18.02
18.9
18.79
16.37
13.15
17.51
14.73
7.85
11.55
18.1
18.18
15.39
15.39
17.47
17.81
7.28
20.32
20.83
15.02
22.02
22.63
17.19
10.69
9.96
14.26
17.91
17.47
17.51
19.57
20.96
20.11
11.06
13.79
18.35
14
12.01
18.77
22.32
23.51
22.57
22.18
22.44
22.16
21.92
16.31
6.35
11.81
10.3
18.02
21.44
16.72
11.25
14.96
14.64
12.76
9.6
13.41
19.27
19.72
15.2
13.61
17.29
20.73
20.08
16.24
13.97
17.06
18.82
16.54
9.27
-0.72
14.5
14.55
17.78
19.22
14.03
14.9
16.08
14.93
19.12
17.87
11.11
9.14
7.35
8.73
13.79
12.32
13.09
12.62
16.52
18.2
18.21
15.11
9.12
6.95
17.43
23.95
22.14
4.82
15.53
19.22
18.88
15.43
20.78
22.63
18.47
19.97
23.17
23.31
21.61
15.7
18.23
20.11
22.96
23.87
19.76
15.09
20.58
24.57
23.05
14.58
4.58
15.25
21.86
21.83
22.39
21.22
18.87
17.02
16.36
17.64
18.26
15.69
12.23
16.12
18.86
19.49
20.43
21.46
20.19
16.05
14.23
13.12
6.85
-0.16
11.99
17.51
16.79
12.62
16.02
19.4
16.63
18.02
17.52
2.28
17.39
14
6
2.81
-8.33
16.49
19
15.98
8.82
9.33
18.03
20.89
19.4
16.67
17.06
18.56
20.04
21.48
21.11
17.65
14.64
17.17
18.78
19.56
18.54
12.75
4.58
10.62
13.26
16.84
18.17
15.97
17.36
21.86
20.85
15.2
11.34
8.44
14.19
9.64
15.68
15.55
10
12.96
15.08
9.36
4.03
9.29
12.45
5.92
14.83
15.05
13.41
15.04
12.13
9.64
15.03
16.98
14.73
12.8
12.7
17.84
5.65
6.01
2.88
16.25
13.53
15.24
17.2
12.03
20.88
21.79
17.29
14.93
17.56
15.22
3.38
1.87
6.68
14.32
18.15
14.45
17.92
18.98
4.81
14.46
14.59
16.76
18.13
19.34
15.94
-2.93
14.38
18.78
15.68
11.73
15.7
12.99
10.83
16.52
19.57
19.47
16.15
7.57
9.71
14.97
11
17.48
20
14.04
12.63
13.82
17.52
18.16
7.73
-8.88
9.91
14.76
14.87
19.33
19.65
19.17
15.39
2.07
12.61
14.74
15.21
20.06
19.17
17.85
16.57
14.05
9.61
11.13
7.46
10.54
18.35
22.74
20.85
12.99
8.59
6.03
11.58
16.55
13.58
4.54
5.35
18.41
16.56
11.94
15.23
1.22
10.76
16.72
17.13
15.59
19.29
18.05
16.68
15.1
13.71
13.93
12.3
-3.46
12.05
16.13
17.32
16.02
14.38
-7.19
21.15
24.6
18.21
10.7
10.68
12.13
18.18
20.05
21.02
15.93
10.01
14.92
17.17
18.04
19.44
15.56
4.43
1.15
15.33
18.72
19.52
19.22
13.42
12.63
11.48
4.99
11.91
15.2
14.06
16.4
19.73
19.94
19.09
12.3
9.48
11.47
5.35
10.07
9.31
11.6
19.39
18.55
16.76
13.68
13.49
19.98
15.25
3.42
5.1
-6.39
11.9
19.36
21.21
15.69
10.93
15.41
1.93
16.98
19.44
14.87
12.43
20.38
20.52
14.36
13.7
15.6
8.68
5.88
14.71
17
15.9
10.09
12.14
8.77
8.99
12.65
12.8
11.33
8.05
5.34
4.38
8.5
8.87
10.65
11.5
14.93
18.68
16.93
15.21
11.63
10.22
2.44
12.32
13.72
18.58
20.63
17.76
11.61
3.95
16.31
15.85
17.54
19.58
16.8
8.2
18.39
22.36
20.11
13.2
8.67
16.82
15.96
9.6
10.31
8.18
12.56
11.94
17.82
16.38
11.42
12.24
11.53
3.9
12.61
12.57
11.8
12.01
9.15
12.25
10.9
6.86
13.07
13.71
15.27
13.29
6.92
-0.03
12.18
10.26
12.87
17.33
18.71
16.1
3.61
11.69
10.66
8.83
10.38
12.82
17.43
16.54
13.41
11.65
6.43
8.5
12.93
15.44
12.77
7.18
17.64
17.16
9.58
6.3
14.12
14.18
5.38
13.62
12.67
16.24
20.68
18.03
2.45
9.22
14.25
14.57
13
18.13
20.81
17.7
22.94
22.87
14.06
9.41
16.33
17.6
13.92
3.14
8.39
9.43
-8.76
14.1
10.07
3.82
12.22
12.7
-6.04
13.17
20.35
20.11
11.63
10.7
5.48
14.32
18.75
20.07
19.43
19.8
19.84
15.68
9
9.9
7.95
7.54
13.89
12.7
12.29
8.37
14.47
14.62
14.11
15.29
20.25
19.03
9.07
6.6
11.34
14.89
17.81
16.01
13.44
10.37
3.21
11.08
17.9
16.8
14.01
21.42
23.35
19.79
11.74
16.45
9.27
11.45
18.36
17.24
9.22
5.46
2.46
8.39
3.49
12.89
15.88
13.34
7.33
9.75
3.63
12.91
13.74
19.88
22.97
19.79
17.44
19.8
11.54
11.74
10.8
10.04
14.13
8.07
8.93
7.58
4.93
6.66
7.66
5.98
12.76
8.34
13.67
13.29
8.01
13.18
15.01
8.4
16.36
12.92
9.45
18.82
19.18
15.45
11.43
12.81
14.03
11.09
12.64
13.23
10.47
10.67
1.5
10.47
18.14
20.9
18.66
9.61
-17.52
13.42
15.01
-7.48
-2.99
2.02
7.11
13.8
15.91
15.12
14.94
17.95
16.03
11.56
0.32
4.84
4.27
6.44
5.5
18.27
15.59
5.52
4.83
6.97
14.98
13.05
9.19
8.76
2.29
2.91
9.39
14.3
8.81
7.69
3.92
5.47
1.27
13.63
15.21
12.59
13.36
12.6
5.47
7.17
6.79
8.11
3.34
12.4
19.22
18.73
15.53
4.29
12.33
7.63
8.57
12.02
13.3
5.58
17.73
11.78
13.83
17.2
16.12
11.27
9.43
11.81
17.71
19.84
20.42
19.94
16.2
-2.83
10.45
10.51
13.98
16.47
18.09
16.63
14.33
7.37
10.1
13.48
13.27
13.08
8.94
14.07
5.47
11.92
15.62
14.61
1.83
14.98
17.28
12.21
15.7
10.94
3.46
10.13
13.79
5.12
12.37
14.88
6.28
18.73
21.57
19.45
7.04
17.31
20.63
16.78
9.65
4.16
6.52
14.31
15.45
15.73
17.31
18.42
14.5
6.14
9.07
14.27
15.26
13.99
8.44
3.18
13.88
16.17
14.45
-3.36
11.56
10.94
10.46
16.62
15.9
15.59
15.38
10.25
11.99
13.13
16.66
16.25
8.01
8.77
8.24
10.37
15.16
14.39
8.52
4.21
14
15.72
11.62
11.75
14.58
5.27
16.67
18.04
14.44
7.53
6.75
13.58
17.76
17.55
13.28
17.1
16.82
-0.11
13.15
15.65
18.48
20.71
19.8
19.89
18.16
12.83
9.85
16.93
13.39
12.95
17.98
17.67
15.56
12.82
11.71
15.21
12.88
11.18
19.18
19.71
20.3
18.57
16.96
14.16
15.92
18.64
19.7
15.27
11.31
16.1
15.08
9.34
-1.63
14.48
15.25
19.76
21.01
16.26
17.66
19.4
16.82
16
15.2
12.8
7.46
12.67
15.9
15.13
10.14
19.46
20.98
21.56
18.81
8.89
9.57
12.94
11.96
5.44
6
14.03
13.46
13.67
18.84
20.45
21.34
22.62
23.84
24.9
21.39
9.94
18.32
16.87
17.59
18.65
11.49
16.82
20.04
19.6
19.33
18.8
14.89
16.72
20.34
22.81
21.14
12.1
13.94
17.09
18.13
20.43
21.2
17.82
10.14
15.33
18.75
15.41
17
21.31
22.42
20.77
16.95
13.9
14.9
14.46
11.35
12.81
12.43
8.41
-1.29
9.59
15.89
18.05
17.82
15.73
14.62
11.49
16.41
19.28
17.11
11.9
5.81
12.38
17.81
18.62
19.47
19.89
16.61
16.4
15.51
13.98
10.64
7.76
11.3
1.66
16.65
18.44
16.1
18.77
18.37
14.16
14.7
14.16
9.07
16.4
21.77
21.34
16.4
11.31
17.32
15.41
13.78
19.07
20.74
17.25
11.19
15.13
18.88
20.71
20.83
17.66
13.79
17.38
16.04
5.81
3.46
4.79
10.24
12.03
16.55
16.02
8.2
18.28
19.08
17.27
16.08
12.72
12.58
13.89
13.74
-5.92
14.92
17.68
17.17
14.03
15.56
19.02
19.12
17.43
18.21
19.9
20.76
14.81
5.8
0.55
7.43
7.92
-1.38
16.41
17.44
15.89
10.37
12.78
15.71
15.54
17.28
11.72
-7.89
11.22
9.78
4.14
15.73
15.55
13.01
12.28
12.49
13.96
9.14
-1.12
11.23
10.31
-0.16
11.15
11.49
13.79
16.17
14.12
15.2
17.16
15.18
14.43
12.41
15.6
17.63
18.49
14.03
0.88
8.08
11.86
7.63
11.79
8.81
3.77
9.66
10.9
14.15
15.63
16.3
11.51
9.53
11.96
14.99
15.41
13.3
11.97
14.6
17.75
14.94
6.35
16.52
10.59
13.5
12.9
10.67
10.33
10.67
8.67
0.78
10.68
9.22
14.77
11.21
9.72
-3.54
16.2
17
11.84
3.3
13.27
12.8
9.22
7.14
-4.08
17.96
21.32
17.25
10.54
9.17
12.13
15.46
17.77
14.39
4.11
10.29
13.38
14.83
14.34
16.2
19.46
18.15
15.8
17.22
11.36
11.55
12.15
2.22
11.74
8.9
-4.2
2.49
12.4
12.6
9.26
14.07
6.78
0.65
7.05
2.18
14.03
12.39
0.04
8.13
12.27
7.72
-1.51
12.31
9.65
9.45
12.23
2.76
9.41
16.1
18.05
18.84
15.93
3.35
13.15
13.11
10.32
13.33
18.02
19.24
6.53
11.35
14.68
12.49
11.83
15.77
15.56
11.4
5.08
0.75
6.71
7.57
3.18
5.58
10.8
17.24
10.75
12.08
14.59
12.88
14.98
9.25
4.6
12.49
14.58
9.82
13.56
18.04
16.93
13.83
10.11
15.17
18.28
13.58
9.15
5.15
11.48
5.21
14.81
18.11
13.65
11.07
13.24
8.87
15.93
14.43
-0.56
7.6
8.52
-4.88
-0.77
5.46
11.64
15.94
15.88
2.94
10.91
4.5
11.5
12.19
13.68
16.29
17.53
19.15
18.29
17
5.41
15.1
15.95
9.28
8.71
12.25
13.6
14.17
17.02
17.32
12.39
9.21
6.34
5.7
10.71
8.55
14.25
15.46
11.33
5.49
11.23
16.41
17.68
17.4
10.74
5.77
15.29
15.96
14.15
12.28
5.68
-6.99
12.25
16.67
14.7
7.21
-4.25
9.1
8.24
8.12
14.13
14.21
12.84
11.98
12.6
16.37
18.35
14.72
1
14.03
16.43
15.4
10.59
-0.7
13.25
14.32
-7.72
13.66
11.33
10.78
17.14
12.87
3.9
7.03
9.85
13.76
14.33
13.16
3.52
16.07
20.1
19.37
12.88
-3.74
10.11
13.97
12.1
15.86
17.89
19.5
20.02
15.68
10.65
6.98
16.14
11.9
7.19
13.12
17.18
14.75
1.53
3.79
-1.31
4.68
3.14
7.14
11.56
-1.2
10.63
12.67
7.87
18.25
18.37
17.26
12.86
12.32
12.31
16.29
18.09
12.91
3.93
-10.73
4.25
4.59
9.85
18.03
16.97
-3.6
13.66
17.09
17.44
11.72
5.4
15.72
13.63
11.9
18.84
20.22
17.53
12.44
12.78
16.89
17.32
14.34
8.96
12.47
16.04
14.42
8.76
7.79
13.24
11.68
16.93
15.01
12.96
7.36
4.67
11.54
14.99
13.73
12.14
14.7
13.36
13.59
5.04
12.53
19.32
20.18
14.9
12.6
18.13
18.25
10.94
14.03
13.32
13.71
12.5
14.82
17.85
14.6
4.7
2.23
6.35
12.35
14.75
16.52
16.36
11.66
1.67
-12.28
11.08
16.45
17.16
10.75
12.36
15.41
6.63
13.4
15.74
12.96
13.62
17.23
16.68
15.75
16.59
9.79
3.42
7.63
4.51
3.14
11.28
13.27
12.3
16.82
12.41
7.57
7.58
1.91
4.62
-10.28
10.09
10.95
4.58
2.66
9.07
10.46
6.12
5.38
8.48
11.58
6.41
3.82
13.24
14.78
9.17
5.65
13.58
14.45
13.14
12.89
16.98
18.67
17.04
-13.55
10.26
10.7
15.65
13.98
9.43
6.72
2.38
7.67
14.7
14.71
8.98
-2.73
5.08
7.94
13.12
9.05
12.35
18.92
15.59
7.18
6.72
9.12
14.91
16.47
13.8
1.67
14.47
17.15
11.98
1.05
2.06
8.27
7.13
-0.8
3.03
7.33
9.33
17.98
19.19
16.02
17.5
19.71
19.3
16.55
9.15
15.04
14.77
10.73
-1.87
-2.41
8.84
13.57
0.6
12.74
18.25
19.15
16.49
17.98
21.55
22.33
18.46
6.57
16.84
18.52
16.78
8.41
4.66
6.95
2.63
-3.26
8.72
4.13
12.45
17.44
16.33
12.22
7.98
4.72
9.4
14.91
8.68
3.17
8.09
13.95
13.97
10.69
-3.14
0.28
9.28
10.63
-0.58
8.25
6.77
5.78
6.41
-0.12
3.1
14.81
14.96
14.15
12.18
14.77
16.18
18.23
19.24
14.4
1.88
13.66
14.13
13.97
13.51
6.59
12.13
18.39
18.24
8.23
15.68
17.39
11.62
10.84
14.98
14.65
8.66
4.33
5.24
10.65
5.58
-2.8
1.04
-3.61
12.7
13.52
7.29
-0.2
8.21
18.05
20.45
15.97
11.8
15.35
18.91
21
22.94
21.52
14.45
4.57
8.48
17.22
22.21
19.86
12.26
5.96
10.95
13.23
12.56
9.26
6.82
10.89
14.3
13.49
9.92
10.74
11.87
11.87
13.86
13.58
-0.57
10.28
10.52
14.84
18.96
15.94
11.19
10.5
9.9
7.45
14.59
18.91
20.11
17.13
-1.46
15.16
17.99
14.68
13.54
15.84
16.73
11.99
-5.48
10.1
10.38
12.5
16.7
16.28
17.61
19.45
17.99
15.19
7.84
-1.04
-5.08
7.07
12.22
11.36
15.9
14.73
15.83
15.37
13.39
14.49
12.45
4.55
8.86
2.63
11.83
15.77
16.36
16.66
16.25
15.44
13.06
-1.93
3.94
-2.07
8.48
14.76
14.04
5.55
-4.43
2.45
3.52
12.1
15.88
14.68
13.74
12.21
13.34
10.72
1.99
-0.11
10.17
12.73
9.79
-15.44
6.6
3.32
3.39
5.77
-2.86
9.44
15.55
17.01
14.37
11.93
10.63
10.82
2
10.11
10.04
-10.18
4.29
3.84
-10.1
-10.93
8.9
14.24
11.34
4.42
4.7
6.11
11.32
10.92
2.34
16.72
15.54
3.55
10.4
16.8
17.45
13.73
6.76
2.39
4.38
4.65
11.57
14.39
10.16
14.44
16.94
13.45
3.87
13.91
12.03
3.66
2.63
2.56
9.57
12.67
11.08
9.6
3.02
9.84
8.51
15.03
16.38
11.88
5.69
3.83
9.26
15.33
15.96
11.75
0.59
8.25
0
4.36
-0.89
4.26
1.49
-1.88
0.87
9.81
12.21
10.5
11.13
7.72
-4.97
-5.12
-2.93
-1.13
-0.76
9.68
14.04
11.87
12.15
16.56
14.54
2.71
12.17
14.97
12.66
14.3
13.13
3.86
5.69
12.02
11.56
14.61
15.64
11.97
6.71
7.92
9.06
9.79
-4.49
10.38
12.72
11.58
7.52
8.62
9.74
-8.73
6.57
0.44
7.82
4.32
5.62
3.07
8.34
12.19
1.43
10.72
9.8
10.57
14.66
10.54
6.95
14.08
12.36
1.69
9.77
8.93
6.58
4.7
12.35
12.32
11.58
2.48
6.48
8.33
1.52
8.76
12.23
13.63
2
6.93
6.08
4.1
7.99
14.53
11.17
15.99
17.33
12.27
10.98
7.32
9.63
17.32
11.83
14.7
18.26
11.38
7.27
10.46
13.5
14.98
15.42
14.57
12.08
9.43
1.63
7.84
10.45
14.81
13.76
9.85
14.78
17.27
17.37
15.62
11.75
10.84
17.98
16.07
-2.04
12.1
12.39
9.9
6.8
11.4
12.57
10.38
17.03
18.36
12.97
-2.61
12.87
12.65
2.66
13.6
13.37
16
11.64
14.63
11.38
11.21
15.32
17.37
16.85
11.93
6.94
1.81
5.85
3.95
8.08
16.18
17.65
8.33
7.24
8.9
9.58
-0.01
3.39
5.67
8.84
17.69
19.84
17.39
14.83
12.15
3.61
4.98
12.87
14.58
14.81
13.45
14.11
11.24
8.54
12.82
13.19
14.72
17.54
16.2
10.08
13.94
15.01
13.03
9.78
-2.35
14.91
16.57
4.8
9.81
3.25
-1.84
1.64
7.3
5.75
2.91
3.44
11.25
9.65
8.4
15.84
16.92
11.77
5
10.51
2.93
2.55
5.02
10.12
17.49
16.72
8.39
0.47
3.4
11.49
11.04
9.46
5.82
12.48
8.4
9.41
12.63
14.66
16.09
14.08
9.05
0.97
5.72
11.95
14.18
15.48
14.87
-2.12
13.28
14.52
5.32
11.28
10.54
13.16
5.15
15.54
18.48
13.03
0.09
15.18
19.52
17.29
14.34
7.93
12.08
15.75
11.58
4.27
15.1
13.88
13.04
14.38
10.61
-33.11
9.7
15.58
17.16
17.67
16.74
10.12
-6.19
13.44
17.85
11.83
10.37
13.27
7.98
10.85
-0.45
12.04
12.07
11.5
16.07
13.08
10.11
10.48
12.5
11.1
2.46
13.61
18.44
18.06
16.8
13.42
9.87
14.86
15.58
12.28
8.89
12.88
12.93
14.35
17.06
17.89
17.41
15.01
7.69
3.66
12.32
12.96
12.55
13.59
9.95
3.12
12.53
15.01
15.72
10.17
2.01
10.14
12.25
12.63
9.99
1.37
3.86
15.61
20.23
16.35
11.39
17.21
14.41
6.25
10.05
14.48
15.27
7.28
1.02
8.86
6.29
-0.24
6.47
11.04
4.78
-0.55
10.71
14.55
11.49
8.04
9.36
8.47
13.75
19.19
17.27
6.39
-3.06
-0.1
6.99
5.94
12.2
12.52
10.96
11.85
12.77
6.69
0.69
-4.12
4.19
0.13
5.95
10.17
4.13
3.21
6.57
8.37
1.08
10.47
14.09
14.81
11.22
11.89
13.96
9.04
1.69
9.63
12.99
11.22
11.52
14.33
0.78
7.93
11.7
12.95
-0.45
15.29
17.31
17.24
13.8
9.29
11.26
12.02
8.96
12.16
4.77
14.43
20.18
16.48
-12.5
4.51
-0.74
5.54
12.82
13.58
11.68
11
7.92
8.87
3.99
15.45
12.34
7.98
12.16
10.4
9.15
7.65
8.25
13.88
14.65
9.85
-18.17
-0.71
3.88
8.61
3.02
7.67
11.12
12.82
8.43
1.62
7.21
8.17
-6.58
8.21
9.19
8.06
6.5
8.47
13.36
15.62
15.41
16
17.79
15.95
6.35
10.05
-7.98
2.91
12.33
17.65
19.41
18.86
13.94
17.38
19.37
16.67
12.28
14.23
18.13
18.4
18.2
15.46
-5.61
6.02
1.11
5.3
7.2
11.39
11.71
4.72
8.58
10.74
4.97
9.22
11.59
16.91
19.97
20.78
21.24
21.04
19.15
12.45
10.2
16.83
16.78
15.94
14.2
14.78
7.37
13.62
17.88
19.15
19.38
14.68
10.43
12.92
15.8
18.29
16.4
11.52
-1.55
11.27
12.65
13.05
16.41
15.87
14.15
16.53
15.97
13.41
9.39
5.93
8.06
5.63
14.37
16.29
9.68
12.36
11.65
8.63
15.27
18.94
19.52
17.96
15.32
15.87
15.77
13.94
13.73
11.99
9
9.35
8.13
10.74
13.87
13.62
8.79
9.93
10.03
12.82
16.6
17.63
14.8
10.62
15.09
15.78
7.65
10.93
14.19
-2.6
14.56
13.07
12.17
16.92
15.33
15.15
14.68
14.11
15.33
17.03
14.74
11.82
13.9
13.83
14.59
10.41
4.22
10.19
14.95
15.44
11.13
12.6
9.99
11.48
18.3
19.24
20.67
18.9
11.16
6.95
6.77
11.03
15.63
15.31
12.27
13.75
16.31
16
12.81
17.71
20.09
16.97
12.11
14.65
19.57
15.9
2.04
7.07
9.08
12.58
10.65
8.86
12.34
13.7
13.84
13.04
10.68
6.25
6.58
6.75
3.79
-6.4
8.29
12.94
12.62
14.14
13.28
15.33
7.59
4.27
5.18
1.65
9.46
13.79
13.63
15.96
18.16
18.44
15.82
8.94
10.99
15.03
14.63
16.16
11.45
6.18
7.29
11.4
12.04
9.67
9.75
16.57
19.65
16.34
3.64
16.69
16.72
11.17
6.82
15.67
21.27
22.61
17.41
12.89
17.29
13.94
2.59
2.82
2.98
7.86
9.62
9.07
7.82
11.57
12.77
14.66
11.63
6.86
9.79
13.51
12.59
11.11
3.16
11.21
14.88
16.11
15.34
12.79
12.45
12.89
10.99
10.1
12.66
13.03
10.25
9.85
7.57
17
18.07
17.02
15.68
11.37
18.15
18.1
16.3
14.84
8.71
-5.46
1.1
11.59
15.86
15.38
14.85
14.85
9.84
6.87
8.65
16.96
20.14
19.09
17.3
15.56
16.77
19.53
18.34
15.63
11.58
6.96
8.93
13.11
11.98
12.52
12.83
11.16
7.28
18.89
22.57
20.82
19.08
15.89
2.38
5.22
5.17
13.52
14.45
8.97
14.95
17.2
15.66
12.38
13.29
11.14
11.99
16.14
16.37
12.75
6.61
12.94
11.28
10.77
12.09
16.03
17.23
14.3
12.63
10.43
13.75
17.71
15.62
10.59
11.03
12.03
12.72
10.14
-14.18
11.31
5.58
6.6
-3.97
11.34
14.6
11.58
9.41
9.76
11.69
12.17
10.97
15.7
18.89
19.73
21.06
17.44
3.79
13.76
7.59
13.58
9.85
3.37
8.82
15.49
15.55
16.47
17.63
14.48
-3.87
6.04
-10.28
10.98
15.08
12.58
9.88
6.9
5.25
15.4
18.2
21.16
21.01
19.52
17.84
16.17
15.7
17
18.46
16.99
12.43
9.23
4.62
1.37
13.87
17.61
15.88
14.41
16.79
18.55
17.82
15.69
15.57
16.9
14.96
13.96
15.64
16.09
