6.27
1.44
8.94
12.73
10.68
15.75
18.08
17.76
15.92
10.81
4.6
2.77
6.11
8.19
13.73
16.04
14.39
9.69
10.28
7.19
-0.26
3.06
0.82
-1.29
0.8
3.99
-8.68
4.55
4.26
5.9
9.67
12.78
13.32
11.67
12.11
13.6
11.02
0.89
3.7
-2.85
10.49
16.1
12.28
9.94
14.53
15.33
13.86
12.82
10.42
-0.06
14.87
15.74
11.74
13.26
13.01
5.41
5.13
5.98
10.28
6.93
-0.27
8.39
11.54
5.79
8.22
7.88
9.08
9.23
4.5
-0.25
6.69
-1.24
3.53
12.6
14.6
13.5
11.94
5.42
3.82
-2.21
11.19
10.34
4.84
3.79
6.07
9.72
6.15
1.87
14.03
13.28
12.03
14.29
9.99
8.63
4.84
11.12
8.15
-17.09
7.43
9.81
7.08
9.66
13.66
9.67
2.21
9.45
8.72
3.95
5.68
14.6
9.67
3.35
-3.86
-1.6
2.07
9.04
13.28
15
15.34
12.27
7.02
11.74
12.67
12.27
11.73
8.29
5.03
-0.41
10.54
12.41
5.84
7.49
12.11
7.14
10.68
11.7
8.82
7.82
7.14
4.77
-3.18
2.11
6.16
1.64
8.94
12.05
10.69
14.48
13.67
9
3.61
9.03
9.61
-0.29
10.24
6.62
9.81
12.65
8.16
12.66
14.95
12.54
-1.96
6.53
6.58
7.81
11.91
9.48
1.52
8.45
9.03
7.32
9.31
13.82
12.94
10.04
3.05
11.6
12.17
-5.79
9.85
10.83
5.19
6.15
7.98
3.07
2.16
9.11
11.12
9.19
3.9
11.48
13.7
5.11
5.35
10.64
12.35
13.82
15.4
14.75
14.13
15.28
15.56
14.89
12.24
5.46
-32.15
-22.6
7.92
7.62
3.19
9.61
10.24
5.32
3.8
6.31
9.89
5.74
3.44
4.74
8.89
11.35
13.07
11.16
10.5
14.51
14.13
10.1
-2.23
8.1
12.15
8.24
7.93
12.67
10.67
8.15
0
5.42
-7.87
11.43
11.24
8.83
5.73
10.22
8.26
8.78
11
-1.7
9.39
8.71
11.24
8.43
10.19
14.11
14.24
13.88
8.9
4.83
8.13
9.29
7.87
3.6
-12.65
6.68
10.6
6.46
6.18
4.59
2.96
-8.84
2.9
12.03
10.44
-6.09
10.02
12.5
12.88
12.85
10.21
7.19
10.45
13.04
13.34
13.25
11.17
3.75
-8.17
-3.03
10.28
13.56
15.05
17.1
10.42
7.15
11.07
11.39
8.09
6.17
10.94
9.06
11.18
13.65
9
3.25
7.96
9.26
9.07
4.97
3.16
11.78
8.96
12.76
14.01
4.79
10.56
11.72
3.64
7.56
6.69
5.17
11.04
5.44
4.76
7.76
5.08
8.15
11.32
6.94
1.39
1.49
7.8
6.68
10.39
12.73
14
14.8
11.92
3.01
9.35
-20.81
5.52
2.6
3.03
6.65
6.3
-2.75
11.71
7.99
11.13
14.92
12.56
4.29
6.36
11.28
12.05
14.07
11.58
0.1
6.5
12.6
11.57
3.01
6.61
5.67
3.85
9.57
9.33
7.55
8.99
3.16
3.66
7.45
8.41
9.74
4.95
3.58
-6.46
5.39
7.32
7.68
2.89
-11.15
5.54
7.73
10.23
15.03
13.22
11.01
5.81
-2.81
4.54
10.2
13.95
15.36
14.07
8.07
3.92
8.03
7.63
12.96
15.54
9.02
-2.85
8.45
10.7
12.18
12.21
12.51
14.5
12.98
12.12
12.05
12.58
10.79
7.83
1.25
-14.08
-8.51
-9.29
-9.08
-8.62
6.87
15.39
12.77
7.17
11.86
4.88
-9.2
3.04
2.98
-5.19
5.53
11.19
8.89
7.43
8.83
11.85
11.65
7.61
1.69
9.86
11.43
11.66
10.89
3.72
11.84
4.9
5.16
10.81
11.54
12.47
10.51
10.93
16.63
18.03
12.54
12.4
15.08
8.26
15.04
15.38
9.43
10.59
13.54
8.84
6.63
15.37
15.71
13.53
8.64
-1.61
12.18
12.97
9.69
6.09
3.34
3.19
11.2
14
13.46
2.84
-1.46
12.15
16
11.46
2.91
10.6
10.28
6.9
-0.13
-4.41
8.85
10.31
9.88
12.92
13.04
8.82
1.58
8.63
11.38
9.87
8.69
12.4
12.43
13.62
14.55
13.4
8.44
5.95
12.87
16.2
14.75
12.63
8.46
-2.23
3.24
7.32
10.96
9.35
11.49
11.89
11.82
10.96
10.15
15.77
17.2
10.57
8.72
12.81
15.58
15.79
11.56
11.64
14.84
13.52
13.92
14.49
11.04
10.3
7.99
5.54
9.93
14.7
15.49
14.16
12.05
13.06
13.58
14.1
13.07
8.86
4.49
8.02
5.58
8.41
8.45
0.21
-7.99
8.18
10.55
-7.3
2.07
6.88
12.54
9.94
4.51
2.31
6.84
3.77
8.76
15.69
12.17
-5.49
9.26
8.65
-2.06
7.1
8.77
6.88
10.3
12.32
12.39
12.42
14.42
16.29
15
13.86
15.39
12.12
-0.19
11.06
17.79
19.09
12.21
1.23
9.22
12.04
7.5
4.27
14
17.59
15.42
8.81
12.26
14.99
8.02
4.99
15.74
17.66
13.01
6.15
7.93
3.17
11.73
13.3
14.81
15.35
14.8
14.75
12.23
10.1
12.35
12.3
9.62
4.96
0.28
5.55
9.31
9.01
3.02
5.83
-0.21
9.51
10.22
6.31
-0.69
1.51
5.67
0.97
5.68
2.09
2.71
2.76
-7.32
1.23
-0.73
-9.36
2.43
6.8
0.24
9.24
12.11
8.06
-2.09
8.99
11.22
10.69
12.62
14.03
10.1
4.21
4.01
5.35
11.26
16.03
16.82
16.93
16.59
14.72
12.12
13.68
13.7
13.11
8.81
11.05
17.3
14.59
9.73
11.47
11.01
13.66
15.05
14.04
8.66
3.75
7.25
4.78
2.96
10.12
10.53
12.28
8.34
9.67
11.55
13.24
11.25
10.31
12.42
11.51
3.41
5.33
8.87
6.66
11.9
12.63
13.08
12.31
10.44
10.31
6.65
-0.46
-3.57
3.45
11.22
14.44
11.55
11.77
14.57
6.03
4.12
1.6
6.21
11.99
12.08
7.51
5.29
2.89
5.32
14.36
14.59
7.68
7.22
14.29
16.58
14.8
7.24
6.14
13.21
7.19
9.44
10.69
7.16
-7.4
9.72
6.82
11.29
16.21
16.13
13.09
9.15
8.94
10.99
12.31
7.31
3.87
5.04
-1.4
13.3
13.91
10.47
4.86
4.97
8.78
11.22
6.28
1.63
7.95
-2.34
11.63
10.39
7.71
8.03
4.55
0.67
7.74
10.75
1.19
6.84
8.71
3.62
1.95
-1.28
4.71
7.64
3.33
3.57
0.58
-1.49
7.64
10.23
11.34
13.59
13.81
13.26
14.08
12.82
7.72
0.63
11.05
9.78
9.79
20.8
22.93
19.17
17.21
18.22
14.26
20.3
18.79
25.06
27.6
29.16
28.56
20.85
17.11
19.38
21.95
22.17
16.9
14.61
7.79
22.26
21.8
15.22
13.39
10
23.54
26.83
23.48
15.2
16.14
23.48
21.61
8.65
19.94
23.27
18.61
15.48
27.04
26.79
10.07
16.55
12.61
21.63
17.99
11.57
13.8
8.37
7.2
16.9
26.65
27.33
24.05
23.96
19.77
25.57
13.08
20.2
6.98
10.73
19.25
19.19
20.45
21.04
22.08
23.32
22.42
21.58
19.31
7.73
16.27
15.35
14.1
13.82
14.56
17.83
20.95
20.38
21.8
25.29
24.74
26.05
26.64
21.51
13.43
22.05
17.72
18.07
19.2
8.4
8.79
16.15
7.63
21.15
25.61
29.19
30.41
26.43
20.29
21.71
10
4.44
19.07
24.31
24.72
24.04
23.35
23.34
19.48
18.73
19.92
18.08
12.82
12.05
10.08
-1.08
16.64
19.93
16.66
10.04
19.35
24.43
23.23
22.25
23.96
13.47
18.33
16.87
13.05
9.47
19.36
27.58
27.72
22.16
15.65
26.89
29.68
24.56
20.24
16.03
15.13
16.81
15.22
8.75
11.16
21.01
20.67
19.17
24.65
26.17
23.53
20.56
23.09
23.37
12.15
21.11
23.3
14.89
14.54
15.02
21.16
23.89
23.42
24.85
26.21
22.46
16.37
24.72
24.47
24.89
25.78
26.54
25.48
26.84
26.9
23.07
18.55
26.35
26.79
19.34
14.22
21.42
18.65
20.12
23.91
24.63
19.48
17.07
23.12
18.74
24.83
23.24
21.35
22.95
24.56
14.67
15.08
16.18
23.13
23.04
17.31
21.67
25.81
22.16
17.92
26.18
21.47
17.23
16.01
19.73
21.1
21.07
18.86
25.96
27.13
26.95
26.94
25.39
24.72
23.45
21.18
23.78
24.15
14.31
16.68
17.01
17.35
14.86
4.71
18.96
20.66
22.24
25.74
22.01
15.74
18.38
13.22
10.1
15.24
18.64
22.95
21.96
21.05
15.59
11.15
17.11
22.84
22.56
16.79
14.55
21.65
23.62
23.98
20.52
15.84
16.54
21.16
22.67
24.4
18.38
13.96
15.74
17.8
26.1
26.41
23.68
19.58
14.34
12.45
12.56
22.38
22.39
18.41
16.37
16.08
19.66
13.37
11.76
15.54
17
20.23
16.4
21.4
18.71
19.98
24.21
26.82
22.68
11.05
19.64
19.08
20.9
24.06
21.06
4.55
14.95
20.32
24.51
24.66
24.8
26.52
23.65
20.83
18.89
11.33
12.82
6.04
12.27
19.52
18.96
20.29
17.36
12.61
19.1
21.73
23.12
19.5
16.85
16.6
11.18
16.67
16.03
17.29
16.51
1.73
5.78
5.98
11.81
9.24
12.1
14.73
13.33
18.73
15.03
3.86
6.72
7.95
18.76
20.53
17.47
11.26
16.99
15.79
1.28
-0.35
10.07
15.48
12.32
11.44
17.85
18.29
16.04
19.94
19.94
16.45
13.22
17.57
6.62
2.84
10.73
6.75
3.54
12.23
12.66
13.94
17.46
15.67
14.63
14.39
16.03
15
10.52
-0.01
4.23
5.31
9.55
15.82
13.98
5.88
4.95
10.98
9.75
5.56
5.12
14.25
16.29
15.81
14.7
15.79
17.46
17.49
17.13
14.72
12.91
8.59
8.53
12.64
13.94
9.84
-5.07
-1.49
5.82
12.54
9.65
4.53
7.33
6.14
19.67
23.01
18.16
5.22
12.06
14.6
15.9
14.11
15.09
13.61
11.12
16.01
17.33
18.78
16.57
15.13
20.58
23.21
20.95
13.02
17.56
19.97
19.43
22.84
17.88
13.46
6.98
23.61
27.29
24.73
12.94
10.79
19.51
25.26
24.4
19.3
9.56
12.74
16.53
10.39
18.74
21.78
16.58
21.1
18.33
14.04
-4.27
16.57
12.8
15.85
8.93
17.08
18.58
23.23
22.72
16.36
14.34
23.53
22.13
22.06
9.72
18.99
22.33
24.24
21.27
21.57
21.7
9.5
11.08
14.43
23.45
19.65
21.23
25.06
19.52
17.5
11.35
14.26
21.87
16.71
16.94
16.83
14.44
22.73
22.02
20.08
7.68
15.01
14.73
19.48
7.96
16.77
16.29
16.14
21.27
19.51
25.37
28.21
21.97
10.24
17.46
26.08
28.46
25.99
23.56
21.32
15.41
14.88
16.48
20.94
19.83
14.43
22.68
20.59
9.48
20.56
20.27
19.79
22.22
22.33
15
20.11
22.59
23.7
23.15
21.32
20.67
9.8
13.17
14.4
17.97
22.16
15.55
18.8
18.82
14.99
17.21
19.67
20.76
19.62
11.06
19.09
26.26
27.13
20.82
13.12
15.87
18.08
15.73
4.64
20.98
25
25.5
19.27
11.24
22.66
20.4
19.5
15.91
13.71
12.68
15.74
18.99
18.3
14.82
13.95
7.74
20.8
25.03
20.73
17.74
14.97
15.89
19.38
20.73
19.21
16.05
18.93
22.02
22.48
18.78
14.06
21.08
23.57
16.75
15.15
21.4
22.48
21.04
26.14
23.92
19.21
22.52
23.09
25.07
27.77
27.91
26.35
20.45
17.2
19.54
15.41
10.29
16.26
18.79
10.57
14.03
15.23
18.94
20.5
18.93
22.16
19.09
11.26
16.52
17.54
21.56
9.95
20.07
14.01
22.75
22.56
17.64
13.25
10.92
6.87
14.31
18.01
22.41
24.64
20.56
22.04
17.15
12.17
16.9
5.04
21.27
24.6
19.63
10.11
16.4
21.98
21.49
14.71
6.83
15.5
14.93
0.97
11.3
11.69
16.92
22.77
20.14
20.58
24.77
21.12
-6.82
17.28
15.65
17.6
19.15
13.32
15.57
20.4
18.07
20.65
22.36
21.92
22.32
17.32
16.74
15.42
13.28
18.74
18.38
15.32
16.25
19.36
18.87
11.18
15.58
20.91
23.77
22.71
20.59
23.86
22.26
13.43
13.93
10.91
10.24
21.22
24.24
18.07
16.85
19.33
16.4
15.18
12.65
9.95
-4.11
15.98
18.45
15.4
17.15
23.28
17.03
15.73
15.65
16.47
18.7
8.66
20.49
21.75
7.51
19.6
23.91
22.69
9.06
15.71
18.47
12.7
14.6
19.11
23.97
23.48
18.11
16.52
15.99
16.21
19.19
21.58
24.85
26.51
20.65
21.62
23.48
15.75
4.45
13.68
17.69
15.48
18.57
22.01
22.65
20.47
21.46
18.73
15.96
13.78
16.54
20.72
22.23
19.79
12.97
14.9
13.9
16.3
21.28
18.71
12.2
11.47
1.57
10.4
17.88
16.81
12.96
15.45
12.22
9.94
14.15
15.48
19.11
21.5
21.88
19.52
14.14
8.48
19.29
21.9
21.63
14.41
15.75
20.36
17.93
20.18
20.27
13.28
9.23
5.72
4.88
17.94
24.12
20.7
14.09
14.48
11.45
20.5
16.6
17.12
23.87
22.32
18.04
22.94
23.57
15.54
8.32
20.13
21.98
23.65
24.57
24.05
19.25
24.75
25.63
23.32
23.34
28.41
28.7
23.17
18.36
20.28
19.24
15.94
15.6
16.28
21.85
17.02
17.51
23.89
21.58
10.18
16.49
16.65
5.53
18.99
18.77
11.37
16.42
11.57
22.35
16.73
24.25
20.26
10.63
15.17
22.53
18.51
10.65
14.66
17.21
23.6
22.34
10.13
8.73
10.22
12.52
14.29
18.6
23.69
21.71
10.54
10.96
9.49
18.29
21.67
18.66
10.12
26.76
28.21
26
26.1
22.71
22.74
18.54
19.97
11.04
19.03
19.89
16.98
19.88
22.17
17.32
15.57
12.73
21.47
19.59
14.02
21.36
21.26
21.01
20.26
20.25
22.53
19.45
23.89
24.52
9.72
14.06
15.91
20.47
19.5
20.72
24.59
21.06
21.25
18.19
15.41
20.71
21.14
11.71
20.22
19.21
14.41
16.35
18.93
12.87
20.78
14.21
11.61
19.66
18.1
21.51
26.9
22.62
28.6
35.62
35.05
29.25
17.83
24.35
28.8
24.72
11.82
23.96
16.79
21.99
26.51
24.96
23.42
27.4
26.58
24.42
24.78
24.48
15.68
12.31
26.41
31.11
30.38
31.83
30.42
24.7
22.54
22.69
22.64
22.19
18.44
13.63
16.11
14.2
20.71
21.84
12.45
15.67
11.79
19.52
20.43
24.35
26.19
21.03
27.74
40.94
43.98
38.29
22.7
14.11
21.87
25.6
22.38
16.56
15.63
16.48
20.96
21.07
23.87
26.22
24.35
23.37
23.62
19.32
16.13
18.91
20.08
15.46
17.39
18.11
-2.16
7.82
29.96
43.65
46.04
39.13
17.3
12.44
9.38
20.04
20.55
14.89
17.5
16.93
21.44
24.32
24.57
27.34
29.6
29.12
25.65
19.69
19.92
19.66
27.06
30.93
36.85
35.87
30.82
27.43
19.9
21.12
20.35
23.08
22.77
21.44
23.43
24.05
25.29
21.39
18.01
22.48
22.34
15.82
11.74
22.71
26.6
27.42
26.52
23.89
18.74
9.13
17.69
9.39
26.06
37.33
42.25
39.27
30.99
22.99
16.32
21.2
23.45
18.32
20.7
12.65
23.58
26.04
36.68
36.77
26.01
17.21
19.77
21.56
21.74
24.48
18.49
20.44
23.6
20.77
20.15
19.85
17.82
18.72
39.29
46.26
44.55
34.26
24.85
22.76
15.99
12.18
22.3
28.82
29.34
20.51
14.96
14.36
14.87
17.08
12.19
2.26
1.18
23.54
27.46
13.92
21.52
17.94
5.78
17.43
23.82
24.15
25.49
25.47
19.72
7.74
15.07
24.03
25.4
11.91
20.36
17.26
19.63
18.31
12.17
19.24
22.11
19.83
18.08
25.26
16.78
24.92
23.97
11.28
7.61
6.5
22.69
38.48
43.58
39.33
21.5
20.89
17.51
24.56
25.05
24.94
27.49
22.1
20.56
18.57
25.48
23.11
20.68
19.52
23.84
26.29
23.37
18.06
14.78
16.57
18.09
22.36
21.71
28.31
26.28
19.1
13.83
1.39
15.98
15.32
14.76
26.25
30.67
28.7
21.54
19.63
24.65
20.24
18.99
20.74
15.66
13.85
25.67
26.11
18.07
18.19
23.39
17.79
16.28
23.54
24.37
23.53
21.15
24.52
27.9
15.04
23.67
17.11
20.16
14.86
15.12
24.85
27.22
23.61
17.19
14.28
27.01
30.87
32.4
36.8
38.8
35.01
28.19
17.05
20.58
22.61
23.14
19.8
7.32
31.19
37.5
32.89
16.77
24.86
27.52
13.74
28.85
38.16
44.87
44.43
37.45
31.99
30.26
28.44
26.38
22.03
27.03
32.7
31.42
30.88
33.19
24.75
26.02
30.31
30.42
26.43
25.83
27.77
31.99
35.71
37.12
35.57
31.99
24.77
19.1
24.68
30.61
32.74
29.9
21.47
21.16
19.16
26.56
28.25
21.67
15.08
21.15
19.62
26.82
28.29
24.24
25.75
27.38
18.33
26.52
29.27
22.81
28.6
34.16
29.44
10.8
18.76
18.8
22.04
20.15
21.19
27.47
46.95
52.25
48.6
35.59
25.03
22.92
25.22
23.72
30.03
38.88
46.03
44.44
27.24
32.36
31.01
25.64
27.32
30.09
26.22
30.27
31.09
34.55
34.32
29.12
33.05
29.66
29.4
26.43
26.18
33.87
35.4
32.2
32.02
34.58
33.63
29.6
25.05
21.97
30.45
29.68
27.1
26.8
29.27
21.29
22.67
28.07
29.68
31.72
32.73
30.43
23.94
18.3
18.72
29.24
32.1
30.26
30.35
27.67
24.05
26.87
30.39
29.12
29.51
30.86
33.74
34.14
32
26.51
23.44
32.22
34.69
30.94
24.54
22.53
27.46
32.11
33.32
33.61
30.7
28.65
28.99
18.47
29.51
32.15
31.56
31.31
31.75
32.76
28.01
25.48
30.84
30.62
26.97
29.46
33.44
34.18
31.86
26.63
29.11
21.51
25.93
32.48
37.67
37.3
33.99
28.38
22.05
28.39
27.07
9.21
20.43
28.62
28.62
16.65
27.32
25.96
25.55
25.11
30.08
34.95
35.88
34.58
31.32
29.41
27.68
28.36
30.12
28.74
23.8
24.17
28.65
29.21
32.04
29.58
20.83
30.42
28.21
29.9
32.4
30.82
27.09
21.94
23.87
28.47
24.14
15.21
31.2
33.23
27.07
19.51
27.34
30.92
30.03
26.09
32.6
35.98
33.98
27.52
20.04
21.85
22
27.22
33.39
33.65
28.89
21.5
23.58
26.38
28.11
21.15
18.61
25.3
31.57
28.84
25.2
29.39
21.12
24.37
21.18
22.62
28.69
29.64
23.5
20.69
23.73
24.39
30.46
31.01
30.11
27.76
23.44
28.41
26.34
28.52
31.71
32.3
26.83
23.03
29.7
27.4
25.38
27.84
29.74
29.08
28.24
21.2
28.18
29.21
28.81
29.32
26.82
15.8
-5.25
20.6
23.76
21.47
22.8
2.88
13.55
26.61
30.29
28.78
23.53
22.76
24.06
22.63
16.79
28.16
28.39
22.45
16.5
20.89
10.21
21.41
18.84
13.01
17.96
11.73
23.26
27.71
26.07
27.62
13.19
26.66
24.05
25.18
31.5
30.19
23.48
17.59
21.51
19.31
21.91
24.48
21.83
17.63
21.09
14.47
19.38
23.01
19.6
23.03
26.32
23.83
20.62
25.01
29.42
28.05
26.97
28.65
21.83
17.04
25.73
27.12
22.47
10.85
25.57
27.46
23.92
16.46
20.26
22.11
20.48
15.59
22.81
24.57
26.77
26.15
20.13
15.92
17.74
24.59
25.58
25.54
29.39
28.63
26.5
23.36
24.69
24.29
17.9
18.5
19.55
17.73
19.62
19.96
17.66
20.29
23.02
19.17
25.68
26.97
28.97
28.77
23.61
25.31
28.71
29.14
26.37
23.83
22.01
24.34
27.32
28.27
30.93
31.47
32.21
31.91
29.66
25.85
24.3
25.12
27.75
29.5
32.15
31.27
30.29
30.51
28.57
26.48
27.48
29
27.79
27.74
28.76
23.23
17.52
19.19
24.75
29.11
28.87
28.93
30.4
31.07
29.52
25.93
24.92
22.09
22.9
26.37
25.77
25.82
27.75
29.51
30.31
31.2
32.4
30.57
25.31
25.4
29.15
30.03
29.01
28.83
21.25
19.83
19.08
28.3
30.78
30.88
26.97
23.37
22.21
17.41
24.19
25.1
27.03
27.88
18.71
33.76
29.27
21.9
25.71
25.25
27.25
27.97
30.52
31.71
28.94
23.17
24.34
27.14
27.93
28.16
28.94
28.84
28.85
29.76
27.46
21.32
20.43
22.83
22.53
9.14
20.61
15.6
28.67
31.87
31.23
30.79
27.85
24.39
24.3
25.25
25.95
26.84
27.57
26.16
26.12
28.24
30.97
31.81
29.75
28.29
28.97
28.14
25.41
19.66
23.79
26.3
26.47
28.37
25.69
22.5
27.88
28.52
25.57
19.2
24.36
25.01
25.19
26.43
28.61
27.88
24.97
24.71
26.16
25.52
28.1
31.58
32.44
29.13
24.2
25.17
26.69
26.06
19.55
25.52
29
29.75
27.59
26.43
28.06
28.77
28.73
27.6
27.08
28.4
29.23
30.35
27.71
18.46
21.79
22.2
25.65
27.57
29.67
28.9
25.06
24.41
27.42
27.57
24.98
25.38
27.37
28.86
28.07
28.45
29.32
29.44
30
29.37
24.33
18.22
20.35
23.96
27.04
27.74
28.48
29.01
28.67
27.11
27.51
28.07
24.39
19.71
18.81
22.95
25.32
19.43
24.66
28.35
28.08
24.96
17.69
8.56
14.54
19.74
24.69
27.3
28.19
27.36
29.18
29.57
24.8
18.02
21.68
21.24
14.38
20.74
26.32
28.44
28.36
26.14
21.41
18.05
14.89
20.96
20.71
6.86
16.02
20.39
21.05
25.72
27.36
22.27
19.9
22.14
23.27
27.69
26.27
21.52
23.95
23.66
21.1
21.11
20.25
16.72
20.78
21.65
20.17
23.44
21.4
14.37
15.83
18.76
23.33
23.45
24.35
24.55
21.36
12.44
15.2
23.81
23.96
18.56
16.94
20.92
21.9
16.38
12.1
16.01
18.61
19.25
22.48
24.2
23.43
16.19
18.78
19.91
8.08
22.3
21.64
19.15
12.99
11.22
13.31
16.47
17.79
22.07
23.19
19.18
6.88
14.8
16.48
20.46
19.96
20.34
21.37
20.41
22.5
22.35
19.89
12.44
-4.16
11.25
11.24
12.39
21.49
22.63
21.53
18.92
7.49
14.08
17.31
20.32
21.8
17.62
11.25
15.73
13.44
13.89
18.25
15.02
18.81
21.99
19.22
23.94
21.87
18.39
3.26
15.25
14.15
10.25
12.86
22.48
27.99
28.92
26.58
21.91
6.9
16.69
21.02
23.27
19.36
16.04
21.71
21.71
14.21
16.56
20.17
25.33
26.24
22.78
17.38
16.38
18.86
17.12
15.49
18.99
22.43
23.55
23.18
18.34
4.52
17.74
16.8
10.23
21.02
24.92
25.07
23.99
22.37
17.96
15.38
11.94
11.13
15.94
10.48
17.62
24.85
23.88
25.55
28.27
26.25
19.98
11.93
11.84
18.7
25.63
20.18
17.56
10.46
-0.83
8.08
14.47
16.8
15.93
19.22
17.31
18.26
23.68
22.55
20.35
19.69
13.25
14.17
22.23
23.07
23.75
25.35
25.86
24.81
23.61
21.76
20.05
17.95
19.76
22.63
25.14
26.92
24.12
10.93
18.33
9.77
12.62
13.3
11.38
15.94
19.93
21.15
23.88
19.76
20.67
26.11
28.46
28.23
21.15
17.96
21.81
17.66
16.42
19.03
16.88
19.29
25.37
27.74
27.31
23.49
17.78
20.45
23.01
22.06
17.5
18.43
21.61
24.39
27.15
27.68
21.65
15.71
21.98
21.29
16.82
17.03
23.36
18.34
14.82
16.96
18.37
24.34
24.2
16.29
26.84
31.27
29.34
17.07
22.63
14.61
22.18
26.5
23.7
19.23
17.33
17.51
23.86
25.22
20.58
17.06
21.51
22.09
24.45
24.87
21.48
18.08
20.85
26
25.19
14.06
18.87
19.52
16.39
20.04
24.76
25.23
23.76
19.48
22.07
25.91
21.6
15.11
12.41
13.76
17.51
23.31
27.19
27.77
23.22
11.42
22.08
23.66
25.68
22.85
17.38
21.8
25.4
24.51
23.59
20.66
15.57
24.07
21.95
8.05
16.07
22.08
34.68
38.22
34.38
21.33
14.17
13.49
18.19
20.24
20.1
20.23
22.94
24.34
22.91
22.62
21.61
18.67
16.95
17.48
22.62
25.88
26.03
24.53
21.36
20.44
17.09
19.27
24.37
21.75
17.45
14.75
9.66
20.53
24.52
19.83
21.27
26.38
27.9
26.97
14
19.39
21.57
21.34
23.58
23.44
21.24
22.07
20.09
13.2
20.15
14.71
9.21
20.98
27.46
26.63
21.62
15.41
22.43
23.25
20.27
19.52
21.45
22.89
22.12
18.49
16.8
19.89
23.55
21.8
1.78
13.35
19.44
15.72
13.37
18.05
13.01
16.16
23.39
26.07
26.33
21.47
11.28
19.3
23.92
25.3
24
17.32
12.11
21.43
24.38
22.6
16.29
16.42
18.75
21.76
24.12
23.25
21.09
19.11
16.81
10.38
13.71
20.85
23.48
22.19
16.45
17.34
25.69
29.35
27.33
18.34
19.87
20.6
21.42
23.96
21.1
17.64
18.82
19.8
10.52
20.69
19.32
15.4
12.63
14.72
10.44
8.57
17.92
22.62
18.13
19.22
21.38
14.59
23.81
25.92
24.07
23.31
21.01
20.87
22.52
22.39
23.48
26.19
26.67
25.17
23.16
19.27
20.7
25.05
22.48
17.54
20.5
22.83
24.75
27.03
26.98
24.16
19.38
18.94
20.78
21.33
16.93
9.15
15.96
23.82
24.95
20.43
17.4
21.79
22.09
21
18.86
11.79
12.78
18.43
21.73
21.79
12.46
6.03
10.8
16.88
21.75
21.97
17.27
19.23
19.74
21.69
23.21
20.2
17.1
18.17
12.81
12.25
16.5
17.05
19.7
22.33
24.02
24.67
22.68
16.27
22.2
21.92
1.21
17.83
16.62
21.21
19.22
16.66
17.19
12.49
19.06
13.18
16.43
14.24
24.95
25.29
20.66
16.98
14.35
15.97
15.04
14.74
18.86
17.97
10.11
13.93
17.22
18.37
17.67
11.49
16.67
11.77
-12.21
12.1
11.01
8.73
12.52
15.17
15.64
16.23
20.03
22.28
18.82
7.46
15.9
18.53
18.55
23.39
26.8
26.21
23.76
21.58
15.33
15.63
15.18
12.71
6.71
18.59
20.12
18.6
14.52
7.61
11.23
18.97
17.55
8.96
13.89
18.62
19.11
14.89
0.52
10.9
3.24
4.42
10.01
9.34
15.11
17.03
15.95
14.97
17.53
14.85
5.04
7.67
12.47
11.9
12.19
11.61
9.22
-1.45
9.07
16.86
19.55
19.83
17.71
13.4
16.52
21.73
21.15
20.58
15.68
15.74
17.56
11.83
11.64
16.37
14.93
12.34
18.69
14.85
10.92
9.06
4.9
12.27
8.98
11.68
4.21
12.28
14.88
10.46
3.53
7.49
6.22
12.92
14.18
13.4
14.37
10.91
5.06
0.86
13.25
16.08
17.28
16.88
18.29
14.54
8.47
13.02
13.4
16.6
10.18
16.99
18.95
15.66
4.31
14
18.04
18.12
12.16
7.4
14.65
14.1
10.28
7.62
11.07
12.72
13.46
14.68
8.28
7.28
14.76
13.31
1.52
13.26
15.73
-9.57
13.37
8.62
12.88
6.05
14.95
17.23
8.03
13.42
15.55
11.36
16.26
14.53
15.9
17.74
14.62
12.33
9.96
7.53
10.76
12.98
17.66
17.11
9.33
14.05
15.19
15.61
15.27
11.68
18.49
20.75
18.83
17.77
13.97
14.13
11.21
10.95
12.64
13.78
12.23
10.31
10.3
3.32
-1.87
-0.84
5.58
15.11
18.9
15.95
5.15
8.54
7.25
3.99
7.53
11.53
13.32
8.39
11.29
12.91
1.36
11.12
9.43
10.27
14.47
6.41
13.11
20.94
19.47
13.54
12.4
9.67
14.15
11.9
12.4
14.35
10.2
4.27
13.1
7.26
15.73
17.19
12.94
11.22
16.85
9.31
17.92
15.5
12.13
16.79
7.88
2.67
5.64
2.51
14.08
18.29
16.72
16.9
1.83
5.46
7.99
18.01
18.21
14.69
12.81
13.44
14.95
10.68
16.59
20.04
18.79
16.2
11.04
12.92
16.79
17.11
15.11
19.68
21.92
20.22
15.42
13.63
11.44
15.18
18.13
18.09
19.49
19.55
18.59
13.02
6.93
11.19
14.82
11.75
12.44
19.92
15.98
12.8
21.54
25.75
24.09
15.76
16.79
20.1
15.81
1.56
6.1
14.79
17.07
18.5
20.5
11.62
15.55
5.84
14.13
12.73
8.13
12.41
11.7
2.46
-6.5
8.54
14.47
17.24
13.75
4.37
-2.91
4.31
11.48
14.63
11.13
2.56
20.97
21.61
15.77
19.64
18.67
13.59
22.83
27.22
24.58
14.8
23.03
21.4
11.98
11.98
18.17
21.15
16.17
14.76
18.27
18.54
21.45
10.38
21.92
23.06
21.73
19.47
11.88
16.67
6.92
17.17
17.52
17.65
21.98
17.16
21.58
20.43
12.53
10.32
8.29
15.11
22.53
21.82
10.38
17.06
19.65
14.11
-2.96
2.83
13.44
13.81
12.41
16.96
14.43
15.65
15.27
13.8
14.61
12.15
6.44
14.05
8.7
10
14.24
11.82
15.15
14.77
14.1
17
12.68
1.01
12.68
9.93
4.58
11.84
11.37
5.62
4.82
8.25
10.76
-0.72
15.16
20.88
21.26
18.9
19.94
17.94
7.24
19.83
20.41
15.46
11.82
11.1
7
-4.08
3.75
13.51
9.21
3.59
0.78
6.51
9.91
6.26
14.42
13.21
10.42
16.94
16.19
14.84
14.03
12.31
-1.32
7.69
6.94
3.65
6.96
11.3
4.47
11.38
11.35
22.02
18.39
15.55
21.45
17.67
12.34
13.88
12.3
5.81
14.44
21.49
24.16
19.96
4.72
6.09
15.49
20.43
15.2
8.32
15.73
18.81
22.1
20.35
13.1
9.98
16.88
21.16
22.53
21.83
23.03
21.64
17.83
16.91
19.01
17.28
14.5
11.32
16.91
16.44
10.7
16.52
13.48
7.55
6.84
14.17
14.38
12.51
9.47
16.38
10.31
5
13.1
19.37
18.24
15.71
17.3
20.94
19.76
20.79
21.92
19.1
17.17
18.1
14.82
5.65
16.37
14.39
13.06
14.92
17.04
18.44
16.9
17.42
18.16
19.09
18.8
23.41
24.37
23.01
21.01
18.17
17.98
18.48
11.42
6.45
12.21
12.06
10.5
13.71
9.69
4.83
14.03
4.71
16.96
15.93
16.36
16.77
9.48
4.27
-0.78
15.08
20.59
15.19
11.21
12.08
16.43
17.25
17.79
16.62
15.66
16.66
11.94
12.65
18.87
20.5
19.52
18.02
14.83
2.36
11.55
18.95
11.34
13.89
13.98
19.9
15.8
-0.6
8.07
13.36
13.63
14.34
19.69
18.73
17.68
16.63
14.59
17.87
15.15
3.77
11.96
8.36
18.39
17.73
15.14
6.09
1.24
-2.06
2.42
8.96
14.74
16.83
16.48
19.79
19.72
12.22
13.39
20.46
18.13
5.43
14.5
18.46
15.55
14.52
17.85
20.25
19
16.43
13.99
7.06
12.93
10.2
17.17
14.78
10.44
13.18
13.63
15.07
16.82
20.96
20.59
12.8
14.8
17.31
11.44
21.75
20.08
14.34
19.91
14.35
16.24
20.11
17.1
2.49
13.13
15.78
14.97
13.98
14.17
14.03
15.37
19.47
23.86
25.74
22.12
9.52
3.7
-5.47
14.85
19.73
21.45
23.22
21.81
16.82
3.3
3.9
12.33
17.7
20.04
17.66
19.12
20.5
18.1
11.35
7.94
12.99
17.39
17.68
18.43
18.69
17.85
19.71
22.02
22.38
21.89
24.74
21.45
18.24
14.28
9.54
18.76
18.7
16.55
16.27
17.71
19.83
20.78
18.05
16.95
15.1
20.15
22.74
21.12
16.83
14.98
15.77
11.96
12.31
17.23
14.82
11.78
17.2
19.78
19.11
19.34
17.71
15.19
11.25
8.91
19.07
23.38
21.35
16.29
17.84
20.38
18.62
15.42
18.04
14.45
13.2
19.6
22.62
22.95
22.29
19.25
16.52
19.04
20.07
19.25
15.43
13.94
17.81
23.33
22.15
15.09
10.92
13.46
18.67
20.4
5.89
17.62
20.99
20.63
21.14
23.96
24.15
20.53
14.66
14.86
18.7
18.82
15.21
14.79
16.58
15.65
16.23
18.14
15.96
16.72
16.7
12.48
14.28
14.12
11.57
17.49
13.82
-1.85
6.93
10.13
7.38
2.74
12.7
9.84
8.45
7.38
-0.8
15.78
16.2
3.42
11.65
2.12
16.92
20.59
18.65
14.14
14.8
20.86
22.93
20.95
14.5
-5.89
1.94
15.58
19.31
21.52
21.39
17.62
17.43
18.39
19.08
21.27
21.32
18.16
7.7
15.01
17.83
13.68
10.96
7.8
6.38
10.64
11.84
9.98
12.17
18.01
16.36
18.36
20.6
17.97
13.75
-6.03
12.02
8.66
6.06
9.77
11.86
12.04
10.98
16.26
15.76
8.13
3.72
4.33
3.2
4.38
14.89
14.72
9.25
15.12
15.38
15.97
15.65
9.47
0.59
-0.61
8.39
9.05
11.92
14.8
1.89
14.27
16.25
14.11
4.54
13.64
12.08
-3.79
6.19
7.63
2.88
10.01
8.2
18.15
15.87
18.91
15.43
14.19
18.18
19.8
19.61
12.41
8.11
7.94
13.11
15.2
7.48
4.01
11.75
8.01
6.22
12.46
15.86
9.05
14.83
17.49
6.37
9.73
9.64
16.31
14.96
12.31
13.76
15.47
15.45
12.44
11.67
14.8
12.68
13.41
13.57
12.31
5.87
1.14
13.65
19.37
19.95
20.16
18.37
7.68
7.89
14.27
14.21
2.72
14.43
12.79
19.85
20.65
14.32
0.22
4.86
16.48
12.38
9.56
12.58
14.99
12.41
15.22
18.13
16.15
13.29
6.71
10.61
14.28
6.57
7.13
-1.88
15.98
19.81
16.36
10.85
19.7
20.18
16.45
13.75
13.08
18.55
14.61
9.52
11.8
14
13.76
0.16
11.25
19.75
19.15
11.55
8.09
15.17
17.36
13.57
14.91
13.04
7.58
17.19
19.94
16.52
-0.23
2.83
7.03
15.14
18.2
11.84
-1.46
-26.12
9.82
13.7
13.1
5.97
16.72
17.44
12.82
12.65
8.87
9.15
3.63
6.65
13.01
16.8
16.85
13.57
12.17
18.24
18.5
15.99
15.79
13.12
12.54
13.99
9.41
9.87
15.88
14.94
10.85
16.32
18.58
15.36
12.52
16.82
16.29
11.16
2.49
15.47
18.82
13
-6.16
17.61
22.11
20.25
18.44
17.32
10.49
11.15
5.46
7.26
8.08
-11.4
13.56
18.33
16.35
10.11
9.82
14.32
11.77
9.78
8.73
5.85
13.92
16.24
11.09
4.37
12.87
18.45
17.52
15.02
15.37
12.52
9.63
14.66
15.67
14.71
13.48
14.11
12.01
13.83
7.68
2.18
6.83
14.35
17.29
12.14
6.02
13.04
14.17
13.33
15.09
16.47
11.87
7.28
12.23
18.06
20.64
14.9
19.95
19
13.3
18.79
7.32
11.86
12.07
14.47
7.79
10.13
13.66
8.62
13.12
12.66
6.73
14.99
9.74
9.93
9.25
11.21
13.38
13.64
9.93
11.64
18.52
20.09
14.73
7.88
9.16
6.82
13.18
16.38
15.45
15.33
14.08
17.09
18.62
19.6
21.7
18.87
9.58
-1.33
2.72
8.45
9.6
9.93
16.77
17.17
14.78
15.65
15.86
13.24
13.9
10.95
8.37
12.45
10.08
12.19
6.52
6.39
10.36
15.09
16.93
16.63
12.91
4.82
-3.4
8.74
14.05
10.35
-1.35
2.37
15.42
14.79
3.54
6.76
12.88
11.34
4.78
15.48
7.98
11.68
10.81
12.91
15.39
12.59
12.9
2.82
15.09
16.94
14.35
13.6
8.98
-1.22
-1.46
12.2
17.32
13.02
3.6
8.42
9.5
-0.49
12.76
12.5
14.14
14.01
9.11
2.55
9.54
13.58
9.4
3.69
8.05
2.88
12.62
17.68
19.36
14.68
9.98
12.16
11.66
11.01
11.89
13.63
13.25
10.65
9.56
12.83
7.98
-13.69
6.38
13.75
11.4
9.41
8.09
8.9
9.96
10.96
14.67
11.47
9.97
10.38
7.81
-5.08
5.92
6.54
-0.23
3.13
-0.03
11.67
7.11
10.26
12.79
13.85
8.34
1.78
9.78
13.04
13.23
16.43
17.88
17.1
16.95
20.19
20.59
16.69
15.83
12.56
2.89
9.4
13.62
16.03
13.02
10.62
11.6
7.87
9.21
12.73
13.14
14.9
3.84
10.01
11.06
9.13
12.63
13.72
8.73
-22.6
4.23
5.05
11.96
13.51
16.08
17.8
14.6
13.32
13.84
12.12
13.56
11.95
9.53
12.16
10.26
10.22
7.54
4.71
6.76
11.29
11.48
16.36
10.9
7
-2.39
5.88
10.21
7.27
16.31
16.61
13.22
16.22
16.5
14.76
16.59
17.43
18.39
18.64
15.49
6.48
10.11
11.43
11.55
18.61
19.89
17.32
11.07
13.49
18.39
19.41
18.53
17.91
14.22
13.58
18.01
21.46
21.75
16.58
7.38
10.22
5.55
9.44
6.15
13.19
13.78
16.4
14.02
11.14
14.19
14.52
10.31
10.72
20.32
21.05
18.88
16.93
15.97
14.19
11.48
7.47
12.16
16.8
16.98
11.94
9.59
14.78
12.61
9.77
9.89
9.44
11.89
16.65
17.84
16.87
16.89
16.04
9.79
7.74
7.14
4.11
11.6
15.71
17.78
16.28
11.34
-3.57
10.48
8.92
7.75
11.92
-8.47
10.02
6.85
5.21
-2.12
4.38
11.17
14.3
13.09
11.37
12.05
10.5
-0.2
9.89
3.93
17.89
21.84
20.13
16.85
13.79
12.71
3.12
5.22
11.79
5.18
9.06
16.98
19
17.76
14.24
6.79
14.14
12.34
4.17
5.12
8.53
7.9
5.39
12.01
12.45
14.17
15.41
17.28
19.02
20.7
20.37
17.76
14.01
9.59
5.12
16.15
13.27
7.73
11.61
14.49
15.63
14.19
17.23
17.31
11.98
13.9
16.81
14.43
11.79
13.92
8.94
11.84
8.46
12.17
16.85
17.23
14.99
7.87
16.61
17.67
6.14
7.59
-7.3
8.94
7.32
2.68
16.38
17.74
14.45
14.34
12.51
9.8
9.8
10.16
7.7
4.4
0.14
2.84
-12.04
10.46
18.75
20.17
16.47
9.32
-0.12
11.06
11.74
8.7
-2.57
8.08
8.29
5.67
3.79
9.2
9.95
11.73
17.76
19.52
20.33
17.85
14.1
0.01
-0.06
3.94
6.37
9.49
10.7
11.31
12.03
18.42
18.03
10.3
7.11
5.27
3.91
10.71
16.55
13.48
13.18
12.62
10.12
7.44
8.61
11.52
11.97
12.03
11.05
6.77
12.1
13.94
7.52
16.9
16.03
11.42
17.76
18.89
16.02
12.55
15.37
14.75
10.68
16.53
17.17
12
11.66
11.04
15.05
16.08
15.08
11.29
1.73
12.21
9.54
4.2
-1.46
8.04
-3.39
0.29
-1.7
10.66
13.7
15.56
17.56
16.31
11.87
0.18
2.99
5.65
6.56
9.86
12.05
13.6
19.37
17.29
7.22
-0.5
5.73
13.29
16.59
19.78
20.6
18.11
10.98
9.56
16.81
18.75
18.56
18.37
16.1
11.76
4.06
14.55
17.49
10.88
7.76
7.01
7.77
18.32
21.62
20.35
17.95
14.93
8.11
15.79
15.34
17.73
19.51
17.6
13.19
13.98
12.16
3.78
-2.28
4.89
11.42
8.52
9.83
9.11
14.17
15.27
14.55
13.32
-1.82
7.94
15.21
15.22
13.46
16.24
17.95
12.5
13.3
16.82
12.55
2.56
-2.28
8.07
0.98
2.1
9.7
9.9
8.27
9.77
9.1
17.84
16.37
2.1
10.61
12.14
13.48
11.55
9.56
7.45
14.2
15.55
18.09
18.26
10.8
10.36
1.85
12.01
12.13
9.59
2.89
10.36
14.73
15.27
16.29
14.53
13.49
11.87
14.98
17.84
15.84
14.21
19.22
18.79
10.78
2.17
13.95
13.79
13.3
11.1
5.64
5.14
1.96
8.74
16.8
17.2
5.35
12.48
12.79
11.59
6.8
12.48
14.1
15.56
8.04
13.65
15.71
-3.94
15.74
18.32
16.9
14.57
14.13
14.95
15.06
17.08
14.26
4.98
9.71
4.44
10.52
12.79
11.33
14.51
15.87
6.04
4.01
0.82
10.43
13.42
13.67
17.79
19.57
14.52
10.85
15.53
19.23
17.3
8.14
12.91
9.79
7.44
0.61
-8.69
4.06
1.13
-0.67
9.74
10.41
-1.8
5.26
6.82
15.89
15.85
10.19
9.8
13.07
7.17
-12.78
2.87
8.08
14.3
16.49
14.96
9.21
9.37
11.54
11.64
13.75
13.87
11.13
0.44
11.65
16.49
14.98
14.44
15.45
11
12.6
13.9
1.44
12.87
17.24
13.95
5
11.5
10.3
-5.46
14.62
16.42
8.01
8.74
9.9
5.66
-0.26
9.9
13.72
10.78
12.38
16.54
16.02
9.85
6.12
12.59
14.52
16.12
17.77
16.65
12.57
10.33
13.94
15.47
15.1
-4.96
13.86
12.74
14.37
10.78
6.91
16.89
19
15.83
12.09
10.57
1.66
16.99
18.67
10.7
11.29
5.74
5.32
8.8
11.24
15.94
13.39
1.3
-9.2
7.42
9.09
8.53
14.8
15.41
-0.37
19.04
17.08
9.34
13.2
10.23
3.01
4.67
3.74
13.13
17.01
16.14
9.2
9.2
15.5
17.32
15.23
18.94
20.91
18.91
17
18.03
20.22
16.98
3.25
11.53
16.16
15.71
5.62
11.68
16.28
17.69
20.11
20.26
17.91
8.49
14.78
19.15
18.5
12.8
2.71
13.53
13.34
1.59
18.25
20.73
19.19
15.72
18.49
19.37
13.22
9.1
18.9
19.77
13.3
10.57
15.31
14.99
10.15
15.26
18.62
17.03
12.17
14.98
16.8
15.76
9.13
11.89
13.91
3.28
16.89
19.21
16.25
9.23
8.55
14.84
16.45
13.16
13.05
16.87
14.44
6.23
15.69
17.83
15.56
8.97
15.14
14.77
7.95
11.53
16.05
14.18
13.15
19.38
18
14.81
19.47
18.29
12.64
1.97
14.13
15.6
10
6.48
12.36
12.35
11.08
11.12
14.99
18.62
16.3
1.84
13.45
15.76
14.72
10.54
11.42
13.36
9.26
11.89
16.79
16.04
11.27
10.15
19.51
19.64
10.08
11.29
16.87
14.95
2.21
16.64
19.52
15.82
12.21
18.11
16.64
11.8
11.77
12.47
10.75
13.36
16.96
15.56
3.47
14.54
16.67
12.12
14.33
14.53
11.67
4.86
11.63
8.92
-2.96
8.19
12.14
15.54
17.39
15.4
11
11.58
8.2
13.83
18.4
18.68
15.68
12.89
17.93
19.65
13.71
13.98
18.14
14.06
8.36
9.3
13.39
10.38
8.29
8.98
12.97
17.84
18.42
19.3
16.52
11.24
3.12
13.17
12.46
6.69
10.83
9.84
6.67
15.26
15.15
12.24
11.07
11.75
16.67
16.56
12.32
-0.26
16.9
18.49
11.48
11.52
10.48
6.65
8.06
13.9
10.22
8.67
10.28
8.51
9.52
11.48
9.38
1.03
6.38
8.91
10.31
0.46
1.22
11.44
14.44
12.12
12.63
16.41
11.77
13.72
15.18
12.81
7.71
11.59
15.25
12.5
7.9
12.39
4.36
3.07
-9.22
7.72
11.91
9.48
2.25
7.58
5.29
8.17
6.88
-2.37
7.12
9.76
4.98
11.19
3.45
6.6
12.77
13.87
12.03
11.77
12.91
13.76
12.66
14.7
7.15
10.25
7.43
11.74
14.24
11.29
7.43
-1.23
10.01
-14.97
10.38
10.21
2.9
8.63
14.67
15.19
13.08
11.76
8.14
8.33
8.95
7.73
14.84
15.32
6.33
16.23
16.76
15.52
5.16
6.1
9.72
15.73
16.96
15.46
11.06
1.17
4.99
1.61
9.97
11.89
10.86
12.5
11.61
10.05
11.5
12.96
2.16
12.02
13.89
16.42
-2.61
18.31
20.14
17.18
13.08
12.96
16.91
15.9
10.82
6.89
12.16
13.36
15.76
16.93
15.43
16.3
20.18
19
15.5
11.14
8.56
14.56
13.68
7.56
0.86
5.97
4.81
-3.1
2.36
11.54
15.28
8.38
3.35
-1.47
10.38
16.58
8.68
9.94
14.7
13.57
5.77
16.07
16.85
14.42
11.17
9.37
9.82
11.67
10.5
8.66
14.21
17.75
16.92
4.17
11.45
11.24
10.94
13.57
12.08
11.16
11.51
14.05
9.14
12.69
15.05
11.58
14.92
11.53
4.97
10.72
-12.41
10.05
10.63
11.59
6.22
13.47
13.39
7.15
0.01
6.42
14.54
15.5
9.68
11.37
17
16.35
7.53
14.4
12.35
7.47
4.71
-1.44
1.12
1.74
4.24
9.29
13.45
14.21
16.05
19.19
16.63
13.32
13.68
10.96
15.29
14.87
-3.51
9.05
7.65
10.2
16.97
16.36
14.83
12.99
13.94
14.72
12.53
15.43
15.15
9.7
9.51
-1.45
13.27
6.78
-1.15
7.23
7.08
11.72
12.74
-0.6
11.17
9.74
7.21
11.15
12.8
8.98
7.72
8.96
10.41
6.37
8.49
14.12
15.25
13.65
10.86
8.56
5.53
6.65
16.18
19.34
19.34
11.61
7.35
11.63
13.47
13.8
11.13
5.71
7.84
14.26
14.2
7.3
4.16
10.68
4.93
9.92
10.33
7.36
10.8
9.09
3.32
4.09
4.38
7.03
8.34
7.38
14.91
13.88
13.34
8.74
-4.56
-3.24
2.57
9.06
16.04
10.91
7.05
12.5
6.88
7.56
12.51
10.99
8.78
11.22
9.7
5.32
9.93
15.61
17.47
12.83
13.45
18.6
18.44
15.14
13.71
15.21
13.58
8.7
15.52
12.42
8.86
11.16
15.56
15.62
8.77
14.72
16.79
12.91
6.78
14.04
11.08
2.98
15.6
13.79
-1.8
-1.51
3.13
3.75
-6.99
0.01
6.53
5.25
5.87
5.35
6.79
9.15
10.58
17.26
16.92
9.83
-2.69
-0.57
3.27
12.11
14.51
13.31
9.89
13.05
13.46
10.94
12.58
10.1
2.63
10.68
11.73
6.61
14.66
12.26
14.57
17.56
17.33
15.17
11.48
13.02
11.31
12.38
11.36
7.34
10.61
12.22
13.25
13.08
12.82
11.55
6.2
3.61
6.23
4.15
3.62
2.98
4.08
13.02
15.01
14.71
14.22
11.77
9.5
13.48
12.21
7.03
7.43
10.85
4.9
11.9
13.15
8.5
7.23
6.17
4.13
4.79
-2
14.01
14.86
8.7
-3.98
8.72
6.33
6.6
14.62
15.13
12.77
7.09
8.05
7.85
13.89
17.7
18.19
15.53
11.17
11.8
5.23
15.41
15.32
7.22
4.14
-3.97
13.55
10.12
8.56
3.98
16.61
15.78
9.78
5.46
4.78
11.43
10.19
9.25
9.32
12.33
12.14
10.47
8.95
-3.16
8.67
9.25
4.7
10.6
15.76
16.59
12.43
-2.54
1.23
-1.85
9.97
16.8
16.06
7.39
11.17
13.58
2.71
0.99
13.7
12.84
8.06
11.48
12.78
8.7
10.18
12.38
3.26
6.21
6.99
9.72
15.26
16.78
12.93
5.78
4.9
7.86
12.81
16.89
15.77
13.88
12.73
13.51
13.3
10.25
3.08
-5.72
0.53
1.95
13.05
10.6
0.27
1.31
7.77
12.11
0.59
10.24
6.04
4.53
8.57
6.8
11.59
18.47
18.52
12.33
10.88
15.34
16.2
11.16
1.97
9.34
9.55
-9.3
8.69
4.29
4.7
8.51
9.75
9.76
11.84
8.75
11.24
12.68
7.01
8.55
11.99
14.32
7.82
15.08
16.07
1.64
1.59
9.78
13.09
12.45
10.43
12.39
17.2
20.57
19.98
16.33
9.7
14.48
19.24
19.39
18.12
14.57
10.24
7.88
2.56
5.22
11.39
12.99
1.92
6.92
13.12
12.8
11.63
14.65
11.62
8.12
5.01
12.27
6.52
3.23
6.59
18.73
19.67
13.3
8.43
12.9
8.96
12.87
12.04
5.82
8.11
16.46
17.38
6.5
-7.98
-1.39
0.35
6.74
7.17
8.21
11.32
10.98
1.2
12.78
16.09
15.26
13.24
16.06
17.9
15.85
11.63
5.03
11.94
14.74
2.41
13.97
20.41
21.78
24.19
25.76
26.07
25.53
22.81
14.71
9.62
-12.86
8.94
13.98
18
16.22
9.02
8.18
8.88
9.83
-9.4
15.15
14.8
10.43
12.18
10.35
7.86
11.73
10.13
6.55
6.08
9.36
12.89
12.52
7.46
9.94
-0.68
10.93
13.4
10.98
5.04
7.72
9.75
9.7
11.18
12.19
9.54
9.61
5
11.21
15.12
14.51
12.62
11.71
15.02
16.91
1.96
17.69
17.83
13.95
15.24
12.54
11.24
14.06
17.44
16.99
13.51
8.48
3.08
10.61
18.97
19.63
16.76
13.21
4.17
-0.85
8.61
12.63
12.07
14.22
14.32
11.7
10.86
10.1
8
8.65
11.83
10.08
-3.47
5.43
10.81
9.85
1.26
11.48
14.68
8.01
2.23
9.48
6.12
7.31
12.17
7.64
0.97
-0.16
9.13
14.28
16.63
16.13
16.24
16.4
13.53
9.9
7.31
12.79
13.98
15.59
13.34
4.03
10.09
11.58
12.27
12.85
16.37
14.88
11.89
18.83
19.09
15.48
3.5
5.93
14.21
13.32
0.07
2.17
5.99
2.4
12.13
16.25
11.15
0.92
1.62
3.66
14.24
13.82
0.03
8.79
10.54
6.89
7.04
8.96
11.35
14.36
14.86
7.63
-1.16
9.36
14.61
16.03
14.82
15.99
15.52
15.96
8.73
11.12
10.59
8.51
12.46
8.65
-1.85
1.8
10.15
9.07
-5.49
6.62
10.7
8.06
-2.09
9.36
10.12
8.56
7.99
10.94
14.04
8.2
6.47
14.54
