6.6
5.76
7.65
5.52
12.15
14.29
10.7
1.34
10.57
6.82
2.8
0.84
0.15
-12.68
5.95
2.02
-4.04
-0.84
-14.41
-2.32
6.59
9.55
11.76
11.78
11.71
11.31
7.93
9.46
10.38
9.46
4.77
4.71
13.77
13.64
4.46
-8.39
4.52
10.87
7.17
3.24
6.82
0.99
7.23
13.03
10.91
8.74
-1.49
10.02
12.89
12.38
14.31
11.71
5.71
1.53
-4.34
7.46
14.44
16.37
15.13
12.97
11.58
12.76
15.29
14.16
1.12
6.98
12.37
10.02
11.02
1.85
11.56
12.05
12.21
6.07
0.75
8.88
11.97
13.52
3.21
12.65
15.36
14.69
12.91
11.63
12.68
13.77
9.46
3.86
7.25
-3.26
7.26
2.29
4.03
-5.05
2
7.55
9.01
12.47
14.85
13.04
3.56
3.75
10.48
11.39
5.09
7.97
14.66
11.82
5.15
12.44
11.45
0.67
7.04
9.7
9.45
7.18
-1.56
12.62
13.99
10.42
2.63
14.43
12.57
8.4
15.53
12.44
6.94
6.06
3.18
8.95
6.56
-4.21
-2.01
7.46
-3.12
9.8
10.46
4.68
-9.12
7.84
10.23
10.22
12.23
14.04
13.58
7.49
-16.67
10.07
11.19
5.54
6.97
3.79
12.66
16.05
15.57
10.27
-2.1
7.59
10.55
9.2
7.68
5.22
-10.84
2.37
-5.33
5.39
6.74
9.46
7.36
1.27
7.42
14.26
14.69
13.1
13.32
10.1
10.09
10.86
9.05
10.13
8.87
8.19
-4.85
11.54
15.37
10.43
-21.89
-2.96
-0.25
10.38
15.44
14.46
14.68
13.83
9.96
16.55
20.12
18.49
17.38
21.86
23.98
23.32
18.97
17.35
17.82
13.14
12.83
16.69
18.13
16.19
12.68
5.67
2.92
1.88
5.66
8.51
14.2
7.92
8.51
11.34
7.1
5.26
10.98
15.24
12.3
7.92
13.08
10.45
9.22
8.94
6.21
9.06
6.87
-1.07
0.42
-5.42
-6.12
-0.68
5.26
9.94
10.25
10.23
7.16
2.77
4.96
11.65
13.5
12.67
9.24
-12.72
6.57
8.31
12.53
12.21
-2.28
1.98
11.77
10.39
-1.58
1.04
0.72
3.11
-1.8
7.38
8.85
0.53
7.86
13.88
11.2
6.49
7.25
6.67
3.35
5.4
14.16
15.53
14.12
7.68
8.71
11.08
-2.55
11.25
11.46
8.63
-0.75
9.27
14.12
10.78
1.06
5.95
12.59
12.75
3.27
9.6
14.86
10.62
10.02
13.78
9.35
-0.65
0.42
11.09
13.68
9.75
2.92
10.38
2.42
6.99
10.69
7.16
5.84
-3.47
9.34
8.61
6.9
11.39
13.41
13.57
14.58
14.77
15.44
15.39
6.8
8.89
8.2
11.32
3.6
-1.44
13
12.78
3.75
4.41
12.65
13.79
15.79
12.85
5.36
13.02
12.12
9.01
10.24
11.23
13.14
14.21
8.91
4.49
7.39
4.76
3.11
6.53
11.78
6.61
11.52
14.05
7.33
4.01
9.55
13.89
9.29
4.81
7.77
3.31
5.44
10.76
8.36
-0.12
5.74
12.86
12.86
4.41
-2.48
3.6
5.45
2.19
8.09
12.68
13.03
10.73
10.56
4.88
-5.16
-6.58
-11.74
-3.52
-13.42
-3.14
-0.16
6.35
7.74
-8.65
3.67
0.23
8.97
-1.37
8.5
10.68
3.93
5.5
0.33
1.04
5.83
1.07
0.14
4.81
9.37
11.47
8.06
-4.68
6.75
12.99
10.05
4.86
10.86
11.32
9.76
8.99
6.13
3.65
10.84
14.19
10.63
0.33
7.49
1.71
-9.02
2.58
7.37
6.42
2.7
-1.86
-11.17
-0.99
9.29
12.51
8.33
3.34
8.13
12.54
13.25
11.31
12.88
16.34
13.89
5.55
3.23
11.19
15.34
13.59
9.1
-2.56
4.52
4.55
-0.85
6.37
7.98
-4.34
11.86
9.71
4.26
8.08
1.39
6.09
8.82
2.28
12.94
12.83
11.18
9.16
1.93
7.64
5.72
6.97
12.03
12.39
9.61
0.14
2.15
9.8
13.79
14.05
7.78
8.55
6.33
6.83
7.16
14.83
16.38
9.64
6.15
11
14.6
13.9
11.64
6.77
9.69
9.93
11.18
12.26
8.55
5.49
3.71
6.57
11.2
13.28
14.48
12.97
12.67
13.49
11.4
7.59
5.42
7.79
11.65
16.12
17.19
12.35
9.69
6.11
-5.26
8.28
7.77
-0.84
10.61
9.4
-3.45
-0.99
4.37
7.4
11.51
9.02
8.27
10.67
2.42
-1.29
6.14
5.53
1.03
6.86
12.26
10.75
-2.94
0.83
-0.32
7.28
4.39
-6.27
12.33
13.89
11.31
11.8
11.31
-0.44
-0.19
5.3
-0.63
11.59
12.05
2.47
14.98
13.58
3.16
12.57
14.04
9.8
13.3
7.78
5.46
13.88
16.76
16.76
16.44
13.85
3.61
9.97
11.73
5.68
5.36
11.53
8.59
7.99
9.88
9.88
9.48
11.18
5.19
4.27
5.85
14.97
14.63
8.17
7.89
14.35
15.75
11.19
0.98
12.34
13.61
2.18
12.28
14.92
8.31
3.71
5.14
14.2
15.09
11.7
11.79
15.72
17.1
15.24
12.14
8.61
12.09
11.86
2.16
4.49
-5.56
9.26
10.48
11.06
7.53
4.69
12.12
16.8
13.95
1.6
11.08
8.41
9.67
18.06
16.32
9.31
8.43
8.05
6.43
9.36
13.83
8.65
6.95
1.18
10.87
15.62
14.72
3.79
6.38
8.63
6.42
5.34
-3.81
-0.08
8.88
8.75
10.5
14.77
13.78
4.22
5.84
3.81
-7.08
1.45
2.38
11.39
14.69
13.55
4.64
8.56
8.55
8.34
4.74
5.75
5.93
5.04
6.27
-4.8
6.3
7.53
7.87
7.85
7.5
-5.87
12.37
12.62
1.87
8.29
11.91
11.84
14.82
14.77
12.43
11.95
11.73
10.56
11.99
12.16
7.25
5.92
12
14.29
13.05
11.56
9.14
6.93
9.41
13.81
14.93
13.24
11.87
1.39
6.16
11.3
12.74
10.03
5.06
12.98
18.8
18.42
14.96
11.09
0.19
6.67
6.26
9.78
8.47
4.24
-12.78
-1.98
4.99
5.79
7.02
5.24
3.75
9.93
11.06
11.83
8.5
1.1
-1.06
4.05
13.62
13.24
5.92
0.26
9.4
15.11
10.55
2.74
7.28
7.92
7.42
2
-0.88
-1.74
7.46
13.75
13.81
9.51
-0.61
-7.84
6.02
10.44
0.52
-1.08
6.86
7.78
2.71
7.92
4.35
0.28
5.3
-5.56
7.21
7.27
2.8
-0.31
-16.58
0.74
9.21
6.18
6.55
0.67
13.03
16.84
15.13
9.99
9.67
9.86
10.21
11.44
9.92
4.74
12.56
17.55
15.32
6.34
10.36
15.42
13.56
6.53
-1.83
-2.15
-0.07
16.99
18.28
13.93
11.07
16.68
-4.45
13.59
13.09
14.17
13.35
19.33
24.22
22.9
18.44
16.13
18.13
19.39
19.18
16.64
18.73
25.59
25.97
20.7
14.69
13.35
25.61
27.54
24.61
21.62
23.3
21.01
12.72
19.48
2.06
25.06
25.57
10.76
25.36
21.46
22.04
21.73
15.03
21.83
21.26
13.04
13.02
18.83
23.88
27.82
28.73
25.25
23.67
24.83
12.98
25.51
28.26
23.27
13.15
17.64
21.47
21.21
19.35
24.01
24.07
22.36
22.62
22.39
23.8
24.19
19.22
20.79
25.34
20.03
8.69
17.1
17.76
16.63
21.26
23.19
24.19
26.17
24.52
20.65
20.2
26.05
27.54
24.87
21.68
21.81
18.55
11.28
20.72
21.95
23.55
26.78
27.19
25.78
27.25
24.44
17.86
22.04
22.89
15.32
19.21
23.47
26.06
27.47
25.31
19.07
12.2
20.99
24.17
22.6
12.82
8.86
20.48
25.78
25.06
21.42
27.57
30.42
27.62
22.41
12.44
15.79
25.87
25.76
14.27
15.92
18.81
24.96
21.57
24.41
23.35
24.39
25.49
12.26
19.67
8.02
8.21
21.44
24.76
24.33
25.34
17.97
4.44
15.4
23.98
22.81
15.1
16.81
19.12
17.92
13.43
16.68
18.41
9.14
21.71
23.36
25.96
21.11
12.97
21.77
23.67
25.56
23.03
23.59
20.57
10.94
9.52
21.37
24.53
20.06
1.26
19.37
22.23
17.68
16.56
25.77
26.8
24.94
20.95
17.36
19.49
28.01
27.22
23.48
19.86
20.31
23.5
20.65
9.21
17.67
9.28
21.45
18.11
21.8
26.97
25.35
22.5
19.56
7.89
21.7
21.87
16.13
21.54
27.62
24.94
14.71
22.77
23.02
17.18
13.95
23.97
30.86
31.8
28.67
28.5
22.17
10.93
21.56
17.64
16.78
24.11
21.93
18.04
20.93
23.61
24.14
18.83
22.7
21.21
17.09
15.04
19.31
22.83
20.62
19.11
20.75
20.65
19.77
18.45
20.18
14.58
17.25
17.28
21.74
22.24
20.09
24.06
25.05
23.99
18.83
15.93
16.33
24.59
27.33
23.64
11.09
15.07
16.26
5.78
19.9
7.55
19.45
17.62
18.28
19.3
24.36
25.84
19.36
9.15
17.54
23.52
23.11
13.5
21.27
23.97
21.86
25.43
24.27
18.98
9.27
15.53
20.64
16.69
8.49
12.81
13.11
12.93
23.97
26.59
24.71
20.88
20.13
24
26.47
26.57
26.14
27.63
25.28
18.26
20.18
21.09
17.76
16.68
21.7
18.55
15.25
20.21
20.01
20.23
24.02
24.41
24.1
23.55
20.95
18.03
16.23
15.73
-10.1
19.4
20.35
16.6
17.34
19.7
18.7
19.47
15.37
20.76
20.5
16.94
21.74
21.52
16.66
3.25
16.19
17.59
5.46
15.03
14.83
6.05
12.53
18.09
16.85
17.51
18.59
18.56
16.79
14.89
13.3
5.6
14.57
18.84
21.84
19.99
18.83
11.63
12.83
5.75
16.08
18.95
10.65
5.43
16.42
20.45
19.02
12.55
4.78
1.03
7.61
8.26
17.27
16.85
13.18
10.23
3.91
15.8
16.85
12.46
13.04
14.36
18.98
21.49
15.94
2.63
10.26
12.39
11.3
12.73
12.25
10.07
11
11.96
11.23
11.74
9.25
10.18
13.92
15.06
15.73
13.72
7.82
19.68
23.93
25.1
24.13
18.58
13.65
11.17
11.69
22.24
23.31
16.95
12.51
7.33
6.05
16.55
18.75
15.35
19.38
18.32
15.43
23.09
23.5
17.77
14.6
8.76
7.53
18.7
23.52
22.01
18.42
14.71
20.7
21.29
16.67
19.24
20.18
23.43
25.92
22.11
14.45
4.35
14.75
19.8
15.11
17.1
23.61
21.94
20.42
22.54
21.77
20.59
16.82
14.07
15.23
16.58
12.74
15.14
11.1
17.37
15.81
16.92
12.32
13.15
19.31
20.89
19.5
19.5
-0.67
20.5
20.22
10.82
12.52
15.16
15.7
20.8
20.86
19.39
6.77
17.63
22.32
17.69
18.18
10.44
16.88
18.84
18.1
8.39
13.34
22.78
23.9
21.44
16.84
10.74
17.87
11.15
24.14
22.95
14.81
14.84
14.75
23.57
26.27
20.38
20.2
22.89
26.97
25.89
21.35
18.03
17.31
14.62
12.97
4.76
2.94
15.27
19.62
20.97
23.18
24.91
24.55
20.4
10.74
4.76
11.86
16.97
23.37
23.23
25.32
24.39
23.42
21.08
14.75
14.97
21.04
24.04
25.56
25.12
24.13
21.56
19.65
24.42
22.62
16.25
17.04
21.26
26.12
25.22
20.48
19.8
18.62
18.67
20.45
19.58
15.71
10.09
10.26
21.83
19.95
10.77
9.43
11.06
19.91
24.03
22.41
18.85
17.52
17.36
19.49
11.47
20.63
12.49
5.97
19.63
22.7
19.15
19.04
19.15
20.38
22.1
21.94
22.77
20.76
14.89
15.31
15.91
20.12
12.87
13.59
10.81
12.65
21.29
23.45
21.8
14.13
17.93
22.32
20.84
17.85
10.48
19.94
21.48
16.19
9.15
8.28
15.99
19.15
15.09
13.89
20.17
21.16
21.3
21.02
12.73
14.83
17.25
17.42
15.58
17.77
23.66
24.49
19.41
3.22
18.97
16.91
21.65
20.89
14.25
16.26
19.87
20.6
21.17
20.03
14.04
12.57
20.3
22.86
23.43
20.45
-2.99
15.12
7.25
14.73
15.95
19.93
24.29
25.21
22.1
15.54
18.51
23.69
22.41
17.64
21.25
21.59
12.49
13.55
20.98
23.14
24.39
25.47
25.93
23.32
18.08
16.06
11.89
16.16
20.02
21.1
17.7
21.96
23.11
7.36
20.36
23.1
25.42
25.71
21.4
16.28
19.15
22.66
18.66
15
18.23
6.11
22.15
24.77
22.01
18.77
18.01
21.85
19.39
15.05
17.24
19.45
22.74
24.85
24.14
19.81
-3.57
17.72
21.96
20.89
20.65
21.03
21.87
25
26.88
28.51
26.95
22.66
18.17
10.52
2.86
13.31
16.59
11.7
16.37
19.79
17.45
18.22
19.98
17.4
-10.18
19.14
20.96
18.01
19.54
21.48
20.41
18.15
19.44
21.15
18.12
11.24
17.65
12.56
21.56
22.67
21.78
15.58
8.79
8.6
13.07
11.79
5.88
8.93
14.86
14.03
12.62
7.21
15.56
20.31
23.3
24.54
18.68
10.36
11.92
6.98
17.72
17.43
23.49
24.42
21.23
14.52
17.53
14.71
10.15
6.25
19.58
22.99
21.35
20.03
19.52
11.16
15.54
20.46
18.65
13.37
10.28
15.13
18.65
20.39
14.33
4.63
10.06
15.25
13.81
11.13
8.05
16.67
18.46
10.08
17.9
22.38
23.83
22.15
17.58
21.98
22.77
23.68
19.78
9.55
18.14
18.89
16.57
7.49
15.22
18.99
21.34
19.02
16.91
19.08
17.56
7.83
8.1
17.41
16.88
19.16
21.23
19.99
21.97
25.2
6.69
24.72
25.49
25.07
24.29
19.72
17.43
21.53
16.44
15.56
22.01
23.79
21.88
21.34
24.15
22.88
21.63
21.78
22.59
25.98
23.95
9.9
5.86
18.15
20.41
19.58
18.16
20.8
20.76
15.86
19.23
23.43
21.68
18.26
23.42
23.95
23.75
22.84
19.46
21.86
9.96
26.34
25.34
15.48
19.27
23.23
19.32
22.64
18.82
18.27
22.26
24.42
22.27
16.92
16.91
20.62
22.67
15.14
18.34
20.23
18.48
18.9
16.81
16.61
-0.34
18.68
19.98
21.49
18.59
11.2
18.91
17.94
16.56
16.69
23.74
26.6
16.79
21.44
24.25
27.38
28.04
20.72
20.45
19.87
16.99
2.09
18.52
20.3
10.45
11.22
17.91
23.54
26.44
24.76
23.59
24.68
21.19
8.93
19.55
17.45
22.82
23.46
10.6
17.12
16.77
21.69
25.36
31.16
35.06
32.79
22.91
20.13
12.17
15.5
14.18
18.79
24.41
23.66
28.79
25.14
20.22
20.28
13.24
12.66
21.81
22.5
15.61
15.27
26.76
26.91
5.88
27.9
25.65
22.47
24.08
22.16
14.19
18.19
17.51
11.59
15.23
19.14
13.94
16.36
19.96
20.35
14.15
21.84
13.34
16.54
22.51
24.07
36.94
42.23
38.62
24.21
18.94
4.01
22.48
26.23
24.87
17.32
26.05
27.26
22.68
21.18
25.25
24.73
24.96
25.97
23.88
20.92
23.42
26.73
24.13
19.61
21.25
21.63
20.64
15.64
7.39
33.75
45.27
46.22
36.13
24.88
23.35
19.06
10.97
19.58
19.63
15.35
20.18
22.77
24.15
22.31
22.48
7.37
22.61
22.97
20.75
17.08
24.29
23.19
23.17
22.01
20.01
18.7
15.93
23.36
22.02
16.51
17.13
20.96
25.78
25.72
23.33
17.31
17.21
22.53
19.72
11.73
14.58
21.81
27.5
30.69
28.55
20.31
10.36
14.36
19.41
23.59
18.98
21.95
39.82
45.5
42.33
31.43
17.14
24.86
25.52
24.74
23.22
-15.08
26.01
33.22
32.13
21.02
23.91
24.6
26.37
23.59
19.12
21.5
21.76
9.74
19.34
25.24
22.43
11.89
16.09
22.92
35.14
43.91
44.82
37.78
29.54
26.32
17.13
14.76
19.83
18.54
20.93
23.79
21.08
21.71
26.16
19.83
18.07
20.84
19.66
25.72
25.57
12.56
22.57
24.14
8.47
23.64
26.82
23.25
13.92
20.21
12.25
16.69
19.94
12.4
21.3
21.56
21.16
26.39
27.41
21.55
4.17
15.39
19.93
19.96
16.66
21.52
19.15
22.95
24.31
21.62
22.57
24.52
19.82
15.84
35.09
42.03
40.38
29.65
21.83
19.6
18.96
16.59
16.17
19.12
19.01
16.18
8.46
15.1
15.96
6.9
19.63
21.1
20.45
17.66
15.4
21.95
17.52
22.65
25.58
19.76
-1.64
16.68
22.48
17.36
15.9
22.16
21.86
23.47
27.8
21.95
7.99
19.33
19.57
17.41
13.29
13.35
20.74
26.89
28.48
25.65
12.56
20.74
21.3
17.36
-2.13
14.59
19.05
18.71
4.16
12.66
18.18
20.01
9
25.41
24.84
25.72
27.16
22.88
4.91
12.95
15.29
22.4
22.92
23.68
23.92
34.39
38.62
35.28
23.64
18.71
16.89
19.45
23.7
16.05
18.19
30.49
35.75
33.96
31.11
35.56
38.19
35.25
34.4
42.02
42.76
32.64
28.99
28.75
26.7
26.3
26.09
23.97
19.38
24.84
24.02
31.13
38.76
38.29
34.06
32.6
28.03
22.4
26.95
27.88
29.6
30.57
28.43
21.79
18.86
22.7
24.36
23.68
16.96
22.83
13.53
18.91
24.57
25.06
20.47
18.42
16.27
24.99
26.62
26.56
23.09
19.09
23.23
25.51
19.29
27.08
25.56
26.03
26.05
22.67
31.92
32.95
29.01
-0.1
24.98
26.65
28.71
26.71
26.05
41.1
49.62
48.52
37.93
27.21
23.64
28.26
31.71
31.73
27.84
36.23
43.57
40.21
27.53
22.53
25.76
29.42
29.34
28.06
23.03
21.57
28.75
31.77
35.26
36.91
31.52
25.34
17.13
20
23.14
27.9
26.58
24.18
23.69
28.23
32.16
32.18
29.07
22.87
29.3
33.65
30.63
25.58
27.66
23.6
22.91
28.56
32.43
35.62
36.34
33.38
26.04
23.36
29.29
27.11
26.85
22.87
25.2
27.8
28.09
29.45
32.51
34.37
27.13
26.96
30.36
30.02
28.84
26.84
15.51
16.82
11.99
25.48
33.28
34.32
29.75
28.76
29.12
29.39
31.15
33.15
32.65
26.73
25.76
27.77
29.02
28.82
25.3
23.09
19.87
28.18
28.65
28.48
31.08
32.66
29.3
14.99
29.74
32.53
30.52
9.16
28.43
30.5
28.49
24.31
20.17
17.93
27.51
34.1
36
34.06
29.91
22.66
24.9
26.48
32.24
34.04
31.83
24.05
25.78
31.44
24.53
26.33
24.93
0.56
24.86
26.28
23.11
28.71
30.29
24.89
23.58
28.18
28.37
23.17
24.86
23.48
22.2
27.06
28.87
26.38
22.46
21.77
25.17
29.12
30.53
27.52
23.25
6.71
27.42
26.96
18.75
18.61
26.55
27.65
26.17
19.41
19.93
26.23
29.08
30.17
22.61
20.79
21.05
14.98
18.88
21.71
21.81
15.45
25.03
27.93
26.06
24.41
28.68
27.37
23.71
25
21.17
12.82
17.27
15.68
2.41
15.35
26.01
30.4
30.22
30.34
30.35
28.93
26.43
28.06
27.57
21.47
23.49
24.48
29.37
32.58
33.27
30.46
16.52
26.42
27.45
25.06
22.42
15.77
23.25
27.16
28.14
26.13
27.58
28.54
27.34
28.12
28.71
27.21
23.53
19.87
22.28
24.44
26.6
28.97
29.64
27.67
26.95
27.56
24.56
21.03
16.38
13.81
19.55
29.53
31.28
28.32
25.43
23.19
25.24
27.29
25.55
25.42
23.58
19.76
20.94
20.95
26.16
27.19
24.93
25.69
29.07
29.71
22.55
0.36
17.04
19.4
13.81
10.74
14.24
19.92
23.8
24.16
22.69
24.28
28.75
27.28
25.87
25.65
25.5
16.61
21.9
22.4
18.23
16.27
7.62
20.94
26.16
25.53
22.21
14.15
21.65
25.85
24.53
22.09
24.45
23.55
13.92
19.64
27.65
28.46
26.75
22.7
15.25
17.73
21.9
18.33
12.45
19.21
16
17.62
15.45
18.35
20.45
18.7
20.28
25.86
25.97
19.44
10.05
14.12
11.89
10.83
22.28
22.36
20.89
25.56
27.9
22.81
27.11
30.79
26.89
17.45
15.84
22.73
21.58
24.31
24.65
14.14
17.22
24.91
27.66
24.83
17.03
17.8
23.81
22.68
24.6
20.07
24.09
31.04
31.39
27.3
18.18
19.48
21.71
16
24.4
22.16
7.63
16.75
17.29
27.6
29.4
25.82
28.58
29.48
30.67
30.5
25.62
10.41
16.82
28.36
30.69
17.96
19.98
30.7
31.54
26.2
24.7
25.01
15.04
17.28
13.75
25.54
18.06
25.62
27.94
25.52
19.2
24.26
19.54
22.38
25.96
32.62
31.57
23.2
20.86
28.19
29.34
30.85
32.94
32.86
32.77
30.2
26.66
18.56
28.52
28.31
29.18
31.18
28.14
21.38
24.49
25.18
25.95
29.5
24.02
11.61
14.59
11.78
23.8
25.89
16.7
11.9
11.07
18.85
16.02
20.04
22.47
25.01
17.85
19.26
22.63
22
31.11
33.5
30.88
28.49
30.33
29.64
28.81
26.09
18.47
21.22
20.44
25.41
31.99
28.69
18.61
19.48
27.24
24.64
24.47
26.16
22.34
15.55
25.51
24.72
23.3
26.46
26.18
23.89
24.84
20.17
18.31
19.28
24.46
27.41
25.06
25.33
24.59
22.23
23.79
22.55
20.48
14.73
16.29
24.78
27.31
28.02
28.5
23.9
18.42
18.33
3.72
21.08
24.69
19.65
14.81
22.47
24.01
24.91
24.24
16.98
23.09
28.17
25.49
22.47
26.05
24.75
17.17
17.26
22.49
26.3
26.99
21.96
23.19
23.13
10.88
16.28
-3.74
10.29
16.23
21.09
21.03
4.45
18.57
20.06
19.88
23.55
28.83
27.63
22.51
20.95
20.77
24.45
20.39
21.51
25.24
24.3
21.82
17.89
18.17
16.03
20.34
21.59
20.84
20.02
12.29
17
17.89
6.05
18.25
20.07
22.45
25.33
25.26
18
9.78
11.97
7.52
21.17
22.21
21.07
17.92
18.69
19.6
20.35
18.52
19.13
19.35
26.75
27.94
26.16
23.94
20.74
2.61
17.34
21.79
25.28
25.81
24.68
21.26
17.76
23.2
18.3
13.03
19.08
19.54
16.87
10.36
21
23.31
21.13
19.87
20.58
20.91
18.24
14.93
20.91
22.97
20.14
15.26
7.39
16.88
14.52
8.81
13.16
16.72
3.88
18.03
21.84
21.86
16.27
11.98
21.25
22.19
17.24
9.33
18.66
14.18
0.32
6.07
17.63
17.57
13.24
16.1
22.46
22.46
15.75
19.8
22.22
19.53
17.61
12.67
10.34
9.48
12.24
16.31
18.2
17.83
8.04
17.5
23.81
22.59
15.64
2.01
11.07
18.27
22.09
22.62
12
17.26
13.99
14.68
16.51
15.77
21.58
19.42
15.63
16.27
20.05
20.28
19.42
17.32
15.83
19.34
22.35
20.91
3.25
15.52
15.2
15.66
13.44
14.77
17.71
15.96
15.65
15.72
22.6
24.5
23.32
18.7
7.24
13.36
17.15
17.22
19.53
20.8
18.37
8.93
-5.87
13.02
17.08
16.85
22.08
21.9
19.31
21.12
22.81
18.4
3.05
12.66
15.21
17.9
16.6
22.56
22.95
18.28
23.64
21.81
18.22
10.88
18.16
22.6
23.44
20.5
18.09
18.72
18.36
18.11
15.57
12.7
17.85
18.2
8.51
2.4
12.57
14.69
17.02
19.98
20.71
18.9
18.04
20.82
25.2
26.03
23.94
21.66
13.72
16.36
21.26
19.13
2.72
11.14
2.93
17.44
24.91
25.25
20.75
16.93
17.06
20.84
20.77
16.22
15.77
16.57
10.63
15.3
-1.6
16.84
15.35
15.15
13.5
17.51
20.78
24.25
17.25
16.98
20.53
20.86
19.41
12.54
19.72
16.28
20.71
24.11
17.55
20.49
21.66
21.91
22.36
20.92
13.1
18.37
21.05
17.72
0.95
15.65
18.07
24.21
23.52
6.77
20.13
11.03
15.01
21.41
24.4
23.33
16.61
6.33
9.91
16.22
17.35
16.63
20.41
19.25
15.29
9.25
15.03
19.01
17.44
20.43
10.53
13.19
22.22
26.35
26.8
25.63
23.92
23.87
23.82
21.48
12.53
9.42
16.01
13.94
15.46
24.32
26.37
22.68
6.82
13.58
23.05
25.66
20.21
8.77
8.68
13.1
7.63
18.57
16.02
8.34
5.57
10.79
15.2
23.21
22.24
18.2
23.42
26.34
20.76
17.1
25.44
26.79
24.99
19.42
22.74
24.42
23.03
23.85
15.88
17.36
21.26
20.29
17.98
12.45
9.54
15.26
18.33
21
7.97
14.38
16.03
20.36
23.05
22.86
10.46
33.29
37.21
33.4
21.18
20.64
16.68
17.17
17.16
7.97
14.36
19.27
20.31
15.88
14.79
3.99
17.74
19.96
15.09
9.58
19.1
16.65
7.75
17.27
19.5
22.22
21.81
17.36
15.25
1.09
5.27
15.47
22.64
24.25
20.58
15.37
13.15
18.17
18.04
17.38
23.45
23.59
21.59
17.11
16.99
12.54
17.44
7.11
4.98
9.28
11.37
13.27
14.82
19.07
13.83
6.69
9.97
18.37
20.31
18.51
8.69
9.47
17.92
16.95
14.45
25.66
27.6
23.44
21.19
21.6
23.44
21.2
16.05
9.18
13.73
19.76
21.54
19.56
14.83
16.9
20.37
21.93
20.63
19.68
21.09
20.28
3.14
20.01
19.75
6.57
7.88
17.78
14.79
15.17
18.77
16.69
10.28
8.41
16.72
12.11
16.83
18.84
19.28
18.65
15.42
19.91
14.21
6.2
16.89
22.23
18.99
9.54
15.76
19.27
22.46
19.79
19.05
24.75
24.97
18.48
12.01
14.55
21.36
20.03
17.91
20
15.66
15.03
22.5
21.69
18.88
10.99
4.89
11.14
-5.22
16.27
16.67
11.32
22.49
23.42
9.96
19.96
20.57
19.39
15.61
9.59
15.94
21.76
22.65
20.31
11.19
11.68
5.97
22.35
24.08
21.17
20.57
20.05
13.55
11.81
16.9
14.46
11.03
15.71
12.32
9.16
18.15
22.62
20.57
20.18
18.84
6.36
18.46
22.23
13.94
18.3
20.73
20.05
19.84
9.44
19.34
19.96
15.67
9.38
-5.61
15.02
16.37
7.56
14.19
11.73
11.9
13.56
13.69
16.95
19.81
20.43
16.71
12.07
10.74
11.53
12.02
15.13
19.85
17.93
12.94
16.72
20.16
11.99
18.48
19.47
13.85
13.54
13.61
15.62
18.95
21
18.66
8.35
2.12
5.61
4.42
10.47
9.53
15.95
14.64
15.24
14.11
16.18
12.58
8.12
15.32
19.28
18.06
17.76
21.08
23.73
23.59
20.89
23.03
20.34
13.86
16.67
16.37
10.35
6.25
16.36
20.42
20.69
21.81
19.55
16.36
17.19
18.78
22.4
24.65
19.6
4.41
18.13
23.34
22.64
16.03
-3.64
11.87
16.09
17.41
16.85
9.96
7.48
8.75
4.68
7.26
14.44
16.75
10.63
17.25
21.24
18.64
14.6
18.48
15.08
16.89
16.73
14.3
15.55
16.08
9.59
8.62
10.65
6.04
13.01
9.8
1.88
6.14
12.13
17.89
18.61
16.72
6.77
12.22
10.83
8.71
16.1
15.79
9.48
15.39
13.64
10.81
15.51
18.14
14.85
-5.12
15.52
20.33
18.61
-7.48
19.3
20.11
14.73
10.81
20.57
22.41
21.16
20.9
22.23
18.28
8.54
15.99
20.59
23.02
23.03
19.09
1.01
20.45
21.64
14.92
6.53
2.6
13.59
13.07
12.45
16.26
15.11
8.04
8.54
15.85
17.11
17.44
12.72
10.86
11.7
9.93
17.77
17.78
10.54
7.3
16.25
15.92
11.06
4.36
13.7
13.63
3.75
12.01
17.55
14.9
10.97
15.21
14.55
5.92
7.2
-6.44
11.61
14.16
11.96
10.4
11.87
5.08
10.56
10.67
13.77
14.48
11.3
6.4
16.33
18.34
16.24
13.24
14.51
17.14
14.9
14.99
18.7
19.06
14.15
7.9
13.92
16.18
10.93
7.01
14.05
5.66
-0.79
10.01
10.8
11.92
16.46
18.47
18.17
16.63
14.6
13.93
6.03
3.26
15.43
17.97
16.13
16.75
14.34
8.64
13.9
15.51
14.93
15.3
17.99
18.43
14.43
8.39
11.77
20.11
20.12
15.73
14.64
12.24
7.61
14.83
19.32
18.72
11.66
7.87
15.18
15.88
12.87
15.67
12.85
7.67
9.74
12.23
12.96
11.61
18.81
19.53
15.78
1.75
7.6
13.92
17.7
18.99
18.12
15.57
10.54
-8.47
5.82
15.9
16.24
9.42
1.55
5.72
14.22
16.48
16.67
11.2
16.88
18.67
13.36
14.95
16.59
15.31
20.5
24.02
21.37
14.49
8.96
11.11
17.23
16.38
14.14
11.31
5.78
10.15
8.97
18.98
20.14
14.87
17.48
17.17
17.23
17.33
10.1
2.71
12.63
16.11
14.79
8.97
1.46
16.05
20.49
17.78
17.28
18.17
15.91
18.04
18.16
10.16
12.48
12.73
23.76
24.28
19.72
21.69
20.68
17.26
15.64
12.96
7.91
14.05
15.21
17.31
18.81
17.92
9.3
13.92
18.72
20.61
21.07
20.16
19.47
19.69
16.76
6.09
16.8
20.8
19.74
10.55
13.13
9.81
16.05
15.95
17.93
14
3.41
3.07
4.15
6.41
16.75
15.34
11.83
15.72
11.6
21.1
17.51
7.31
17.65
18.24
15.52
16.02
12.47
9.24
16.14
7.84
12
3.87
2.96
16.26
18.21
16.72
15.46
12.54
16.96
10.48
2.24
11
16.94
16.82
16.91
13.67
5.41
20.23
21.4
17.21
8.74
10.97
14.78
11.67
5.35
10.79
-7.13
11.95
17.06
16.54
14.42
15.07
17.51
17.6
16.56
12.03
11.44
12.89
14.76
3.08
9.86
5.99
11.21
16.83
18.48
19.87
16.82
5.88
16.09
17.65
14.83
7.81
5.96
17.1
17.88
8.61
17.11
20.48
15.34
13.97
12.11
10.95
14.78
13.88
6.59
12.61
11.84
-3.44
11.35
14.87
13.95
7.37
16.78
19.27
17.79
18.48
18.7
14.06
10.83
17.26
19.35
15.58
4.55
10.39
14.77
13.79
16.12
22.65
22.16
22.69
22.06
20.39
19.99
20.39
11.56
17.39
23.08
23.71
21.81
19.3
13.62
18.94
17.15
13.79
17.66
16.22
17.47
21.85
21.99
20.11
19.82
16.22
-0.08
1.05
13.52
16.71
19.34
17.48
6.16
0.74
11.57
12.25
12.26
16.54
20.29
16.62
8.51
8.47
12.91
11.11
8.4
10.73
5.14
13.11
10.26
8.59
17.64
20.29
17.02
14.03
12.15
18.78
15.72
10.93
16.46
19.52
19.44
12.97
11.9
15.47
14.56
19.31
18.15
3.92
19.92
20.1
16.48
11.23
9.52
13.68
15.69
17.53
19.06
17.1
13.64
7.52
11.96
17.5
12.64
14.5
21.78
21.1
20
18.43
12.74
13.87
10.91
4.76
16.88
15.88
4.63
11.08
11.48
13.7
19.9
18.66
16.54
16.89
18
16.42
6.29
8.29
14.55
12.95
14.83
15.98
15.78
16.55
15.64
12.46
11.48
13.28
6.13
18.11
20.2
17.85
15.18
16.49
15.83
3.29
7.39
9.96
21.19
21.41
11.71
11.39
16.59
17.29
17.36
18.95
16.06
13.3
16.5
16
15.47
18.15
15.76
2.84
9.93
14.81
13.56
14.46
18.14
15.69
15.24
14.38
14.48
15.23
16.64
19.95
18.49
12.83
17.3
18.27
19.41
17.3
12.03
1.97
10.42
14.48
12.07
12.93
15.7
18.11
20.72
22.04
21.07
10.17
14.02
9.55
0.85
3.95
17.58
18.36
13.78
15.79
11.44
12.68
17
15.96
15.13
5.49
14.83
15.75
11.23
16.67
18.47
6.92
13.14
16.65
15.68
16
17.77
16.65
13.46
18.56
20.72
22.11
22.59
20
19.46
21.74
20.73
11.06
10.58
17.17
23.48
18.28
16.16
18.9
19
17.41
15.9
15.85
13.53
15.59
24.94
24.98
19.4
18.07
15.39
9.5
17
14.3
17.7
18.15
11.05
17.84
20.73
20.61
19.97
19.47
13.4
7.89
16.92
17.49
11.52
17.5
21.86
20.54
17.02
14.55
16.38
13.56
8.01
13.62
10.27
13.48
18.55
19.68
16.91
8.76
1.46
13.13
22.88
23.53
16.85
9.95
10.44
15.21
16.59
14.92
18.2
20.29
16.45
4.81
17.42
16.78
7.68
15.41
-3.92
13.09
13
15.46
18.29
18.76
16.55
14.71
11.55
5.45
15.48
22.76
22.6
17.17
16.19
22.67
24.69
21.55
18.25
21.98
20.84
15.94
19.05
20.73
16.09
14.94
17.56
20.2
18.57
14.77
11.14
3.02
9.37
11.89
11.38
12.11
8.66
4.44
10.98
17.31
21.23
21.24
20.34
20.14
17.57
9.17
12.99
20.83
21.76
20.92
20.31
18.57
17.82
20.3
20.9
20.93
22.81
22.81
21.92
19.67
15.29
22.02
22.44
21.19
21.82
21.62
19.94
15.58
14.42
19.47
22.43
22
21.22
23.33
24.84
22.62
19.47
17.4
18.33
21.28
23.25
23.11
22.19
21.01
19.88
21.21
21.49
17.98
19.58
20.13
19.59
18.92
11.98
11.44
16.39
17.89
19.81
19.53
21.33
20.78
7.1
9.27
19.04
20.88
20.14
19.15
10.7
15.35
21.11
22.4
19.9
18.73
17.03
14.34
15.91
19.07
18.16
16.47
14.93
18.5
20.14
18.1
17.38
15.62
11.53
7.88
1.32
10.79
2.6
14.45
17.64
14.29
5.97
3.57
7.36
-2.84
8.88
13.98
16.15
15.68
15.9
10.54
13.45
18.52
16.77
12
8.57
7.59
11.89
16.65
19.08
18.15
12.87
12.56
18.02
15.03
1.04
12.62
14.06
15.92
12.66
11.3
9.18
9.53
17.52
14.32
7.3
12.35
7.94
3.78
12.16
14.06
3.76
9.62
6.95
6.63
15.01
14.13
12.76
17.32
13.67
7.9
10.19
11
8.2
-1.36
8.42
11.18
7.4
8.53
10.79
7.65
11.39
4.52
14.46
12.03
16.85
14.96
5.31
17.62
18.74
16.77
19.8
11.88
16.84
20.54
15.37
12.11
8.74
0.34
-9.47
-3.78
6.76
7.74
13.31
17.1
16.57
18.44
21.01
20.47
16.62
3.59
7.37
-9.39
5.94
14.3
16.68
10.48
13.35
21.17
21.63
11.56
9.05
0.92
14.07
16.49
-3.51
16.12
10.8
15.29
20.02
16.81
11.67
16.49
13.49
15.57
18.9
18.49
19.92
16.9
12.5
16.43
17.85
17.19
16.24
13.47
16.26
7.93
10.95
4.85
16.52
18.57
17.42
12.49
14.2
14.89
-1.69
16.1
16.62
16.04
12.57
9.69
11.44
12.89
-7.33
15.53
16.49
14.81
11.11
9.08
14.28
13.21
1.9
13.75
13.02
9.09
9.72
11
8.07
13.25
20.2
21.96
20.35
15.81
12.17
9.13
14.68
5.15
16.18
17.5
-1.09
15.92
18.21
16.75
10.23
19.23
18.9
14.75
12.88
10.98
14.58
17.99
18.09
16.37
5.79
20.54
23.4
19.54
8.47
6.47
6.15
12.12
8.59
-0.62
12.28
17.34
14.95
16.87
18.54
14.98
9.64
14.39
16.64
15.61
12.53
9
8.07
8.09
17.44
22.07
22.32
18.46
18.93
21.13
20.19
19.4
19.47
18.21
13.73
6.18
7.9
2.06
15.32
13.82
14.19
18.52
13.92
14.51
20.1
18.79
12.75
9.69
4.82
14.3
18.72
10.65
13.32
12.53
3.94
15.87
15.1
8.91
5.69
5.1
13.91
13.13
16.2
14.28
12.88
13.45
15.82
11.78
19.36
21.1
15.76
11.23
4.15
12.1
12.85
5.83
11.21
9.6
12.27
15.17
14.69
9.58
-0.75
5.76
12.52
16.52
13.55
18.09
16.66
8.96
9.05
16.84
17.72
16.34
9.32
10.86
8.29
15.57
15.55
20.82
22.43
17.45
19.05
17.62
11.41
18.21
15.28
17.81
15.49
9.1
13.74
17.11
14.42
13.79
15.8
15.15
14.3
17.83
19.11
18.35
14.78
13.79
14.74
18.22
22.72
21.8
14.22
10.14
14.68
19.11
18.51
16.09
17.4
13.87
13.93
5.77
15.85
20.44
21.6
13.84
12.04
15.3
7.45
18.7
16.67
4.14
10.85
11.32
14.7
10.21
12.4
8.66
12.97
5.17
14.06
18.52
14.35
18.06
18.73
12.7
11.92
11.58
19.2
16.54
-2.98
8.28
14.18
17.09
16.15
17.23
8.51
15.25
20.45
16.81
8.85
19.14
15.57
6.21
14.13
11.46
6.7
14.46
5.95
15.57
17.3
7.84
13.94
6.76
1.2
13.46
16.47
6.82
12.58
15.28
8.03
13.71
17.82
13.17
14
11.48
7.98
9.22
11.77
11.7
13.31
9.73
12.87
16.93
1.14
15.09
18.51
16.45
11.05
9.16
3.91
11.02
13.49
11.51
6.65
4.98
0.06
-3.14
3.12
8.53
3.84
12.48
-14.17
8.23
11.59
17.43
14.53
5.83
3.27
14.39
17.88
15.83
6.99
2.82
5.43
-2.53
-12.6
0.13
6.86
15
14.32
12.77
10.77
12.58
13.05
12.65
6.01
13.86
15.55
13.04
12.92
12.87
12.25
10.73
-5.59
5.74
8.44
7.36
9.11
-3.62
11.98
14.81
9.07
8.36
7.89
10.46
20.34
22.56
21.2
18.6
16.69
14.51
10.48
13.44
15.39
15.05
14.4
14.23
15.67
12.05
-1.29
13.78
13.18
-1.76
3.71
15.04
14.47
1.61
11.61
11.11
13.73
16.53
7.95
12.62
17.9
18.34
17.55
17.49
18.73
17.71
19.97
21.81
17.73
11.94
7.5
6.8
-2.38
6.96
3.25
1.25
-12.31
10.05
11.82
14.57
13.02
15.93
16.17
9.96
7.3
9.81
14.27
17.42
17.77
15.49
8.6
10.43
16.18
16.77
14.03
11.97
3.61
-13.79
0.59
1.68
12.69
12.89
11.06
11.99
11.74
-1.96
11.67
10.04
2.69
1.78
11.75
17.87
9.53
2.6
11.2
17.15
15.02
9.83
9.85
5.88
9.71
10.76
7.4
9.47
9.39
12.49
12.97
14.27
17.15
17.54
15.65
13.31
10.9
12.01
10
9.36
12.31
11.34
14.44
18.72
17.67
13.42
18.1
18.16
16.27
12
7.07
-3.74
6.13
-1.08
11.06
10.33
12.95
9.16
7.44
9.6
10.24
13.39
12.33
15.03
12.93
11.27
6.15
11.08
17.87
21.98
22.1
17.29
5.45
12.83
19.04
22.85
21.39
14.33
22.13
21.72
18.45
14.83
7.31
10.34
15.36
18.5
19.38
18.62
16.98
12.82
12.88
15.42
14.97
14.62
10.13
6.06
11.32
13.63
11.98
17.13
11.84
10.01
14.63
7.12
9.31
9.59
7.9
12.66
12.81
5.4
7.09
13.15
18.25
14.15
5.86
7.12
10.02
7.59
8.35
16.59
19.68
16.66
-1.2
12.71
15.71
15.18
12.95
8.29
5.48
13.12
14.42
11.83
6.85
8.53
12.78
18.31
17.91
12.74
7.57
13.67
11.08
15.05
11.39
0.69
10.52
16.41
17.08
16.98
14.86
10.71
5.93
17.55
14.93
5.53
-4.18
-5.57
9.13
14.28
13.08
10.87
11.4
10.54
12.91
15.36
15
14.79
16.45
16.14
7.82
0.45
5.65
9.74
10.31
11.94
13.74
9.72
9.5
11.48
10.18
7.82
10.64
9.97
14.31
14.1
14.05
18.92
17.74
12.45
6.97
2.81
-1.54
4.02
8.12
10.05
13.92
14.84
5.41
11.67
11.04
0.29
6.42
13.62
13.22
13.07
15.54
16.51
13.52
8.01
18.17
20.06
16.8
13.64
16.29
17.16
14.28
-1.06
9.97
9.81
11.81
13.63
12.59
12.91
14.82
15.2
14.28
14.22
10.64
5.24
1.47
7.75
10.84
-1.9
9.53
11.33
11.9
10.98
2.42
12.68
11.83
1.79
9.83
13.56
15.2
15.71
19.59
18.91
15.68
7.04
9.51
14.11
10.72
5.42
6.92
6.43
9.37
17.22
17.63
14.14
8.69
3.86
7.13
10.31
10.53
6.76
10.5
18.42
20.22
16.7
15.12
13.31
11.53
13.72
11.02
7.43
13.74
15.09
12.7
7.94
14.74
8.3
10.06
12.24
16.06
12.11
5.8
9.84
17.66
19.36
18.09
13.34
9.54
9.75
10.69
13.6
15.99
16.38
13.93
8.9
8.25
4.31
10.3
7.65
11.59
13.64
16.92
16.6
7.94
14.47
16.72
17.38
18.01
14.83
7.01
5.24
12.07
15.39
14.35
10
3.32
8.16
3.98
2.4
5.89
10.26
12.05
14.13
13.09
10.5
3.06
7.87
12.43
21.49
23.44
17.29
0.79
11.51
16.34
18.51
13.99
-9.2
6.67
7.74
9.82
6
0.3
0.59
11.91
15.44
4.47
8.71
14.48
15.59
11.71
12.13
18.3
20.42
17.64
12.36
5.34
13.82
11.49
10.29
11.84
11.02
-4.55
5.94
13.13
15.62
13.45
13.56
14.17
6.55
3.92
3.02
6.22
13.16
16.89
12.57
0.78
3.74
12.34
12.02
3.48
11.04
8.29
8.06
14.59
11.93
8.17
17.86
10.56
15.4
19.16
15.7
5.4
7.15
11.58
8.22
16.04
18.61
14.87
8.18
8.47
13.27
10.06
9.67
6.26
11.73
10.85
-8.23
12
14.7
10.5
13.3
14.66
7.34
6.03
12.87
15.56
9.91
12.7
15.31
7.79
-4.05
6.14
9.28
12.96
17.68
19.13
14.98
2.98
-3.38
11.59
13.24
-12.88
13.57
15.32
12.96
8.51
9.34
8.95
6.24
7.64
14.81
13.75
10.31
9.97
12.69
17.85
15.44
2.58
10.23
6.67
10.02
10.08
1.45
12.42
16.55
22.72
17.89
9.21
12.84
13.34
12.06
5.23
9.68
15.09
14.37
5.69
8.55
3.33
13.62
15.23
5.63
11.82
14.38
16.05
15.12
10.57
2.1
8.99
12.42
14.46
18.06
15.98
11.58
5.13
5.2
13.15
13.32
8.66
2.62
12.16
15.13
11.89
10.22
12.42
5.62
7.23
6.81
10.26
8.36
3.25
7.74
6.04
-13.2
12.92
19.2
18.96
10.71
7.47
13.17
12.78
12.05
9.73
7.01
6.14
6.11
11.29
13.34
15.76
12.73
10.45
9
7.83
6.63
-0.84
-0.08
10.96
14.12
10.76
-1.44
8.9
11.53
3.41
12.54
9.66
14.12
15.3
6.62
11.54
15.35
15.85
12.81
4.49
13.35
12.31
10.08
10.03
12.87
13.64
11.45
13.94
17.06
13.16
3.41
3.5
9.02
9.71
-2.56
10.89
5.23
6.96
11.04
8.12
15.03
18.53
16.2
9.2
12.39
9.59
11.38
11.94
10.42
2.35
11.32
13.07
10.88
16.94
15.57
16.69
13.33
6.98
7.89
11.02
14.67
15.32
7.8
2.5
12.05
14.7
13.34
12.95
18.52
18.08
14.95
16.05
15.99
3.39
12.72
16.76
13.91
11.23
12.39
9.36
5.3
8.12
13.81
13
-0.28
1.75
13.38
14.12
9.9
5.35
7.17
11.5
-2.4
14.55
14.32
-2.28
13.9
10.14
6.86
16.97
17.56
13.09
8.25
12.84
14.05
14.15
13.3
10.25
0.78
4.95
13.16
11.53
6.25
10.95
15.11
15.43
5.55
10.87
11.99
7.92
1.99
10.91
15.53
12.96
7.98
10.96
12.11
12.98
14.33
12.2
6.02
8.47
9.32
4.51
5.75
3.19
7.97
5.74
12.57
17.8
13.98
11.32
7.78
11.74
17.37
16.52
5.55
9.57
10.39
7.44
3.82
11.53
9.97
11.89
7.46
2.83
14.56
16.8
15.66
12.41
3.37
10.48
12.63
11.79
9.52
15.61
16.91
14.71
13.04
10.85
9.13
6.12
7.94
10.7
6.4
11.46
12.62
16.64
15.62
11.08
12.02
12.02
10.14
9.22
5.01
2.92
8.06
9.91
14.68
12.05
6.18
13.45
6.09
9.07
14.14
15.36
10.65
10.75
-8.13
8.08
8.83
-0.04
10.7
11.3
11.9
12.53
9.13
5.44
14.73
16.81
14.17
11.67
10.05
12.42
11.43
12.81
8.36
4.73
0.57
9.45
13.11
6.09
8.94
11.18
12.22
14.21
10.67
5.06
13.84
14.09
11.66
9.36
10.89
7.23
1.36
0.21
7.47
-4.22
12.49
13.77
10.67
8.18
1.9
10.64
13.95
13.47
11.13
6.83
8.5
10.06
5.5
15.14
13.44
7.47
-10.56
8.59
11.92
8.84
4.06
-0.17
10.67
5.81
2.1
12.64
14.91
15.15
17.28
18.54
18.27
15.34
12.62
4.02
12.35
12.19
-10.04
-5.06
6.13
11.91
19.49
20.91
20.12
18.11
12.6
5.02
10.16
8.56
14.71
13.91
13.06
11.89
16.93
17.54
15.07
13.96
11
10.6
-2.47
14.66
16.71
15.75
16.06
17.03
12.49
7.67
13.57
13.84
9.33
1.2
6
6.66
14.82
12.17
4.74
3.86
10.52
15.67
17.97
16.58
12.09
7.63
-3.76
-8.62
6.08
10.49
8.73
6.19
11.31
2.28
12.8
16.52
12.59
8.47
13.96
8.62
13.42
17.96
15.04
12.4
13.25
8.15
14.29
10.74
0.14
6.8
4.8
16.29
10.97
11.36
15.95
15.98
12.91
11.76
10.95
11.38
13.63
11.69
14.4
11.7
15.95
12.93
14.19
14.69
12.3
8.46
13.66
12.22
1.45
5.17
-7.07
6.58
6.59
4.31
9.08
7.54
5.95
11.26
12.65
9.48
11.96
11.85
10.86
11.23
14.92
14.2
-7.11
3.33
3.64
9.85
14.17
19.02
19.08
14.66
14.21
14.58
14.15
15.56
14.26
8.74
12.16
13.73
15.08
18.42
19.39
9.01
9.13
11.83
2.93
3.33
9.9
9.79
8.15
-8.56
6.19
8.79
7.15
2.26
10.92
13.96
12.69
5.91
11.09
15.43
12.16
6.26
16.55
19.63
18.75
19.6
18.5
12.76
0.84
7.31
13.38
15.14
2.52
17.36
20.29
17.53
15.38
10.8
5.65
1.53
3.3
9.68
16.69
14.33
13.83
3.62
12.17
15.37
16.9
14.22
4.26
13.81
13.27
10.61
2.02
15.09
20.01
19.17
15.18
14.16
13.42
12.47
11.14
15.5
16.54
15.63
4.28
12.08
10.95
4.08
14.88
17.61
15.35
-5.49
6.83
9.44
9.68
12.94
13.98
11.38
12.47
13.72
13.97
17.37
19.62
16.14
4.91
11.66
15.84
14.93
7.27
4.95
6.87
8.62
12.25
15.26
8.48
8.9
15.33
16.31
11.26
8.7
10.63
10.11
9.63
9.86
10.48
10.57
-2.89
14.95
11.79
3.29
14.26
16.7
12.99
11.48
12.6
9.73
12.52
7.97
7.96
5.36
8.56
8.97
4.97
10.57
15.83
16.17
13.11
8.76
6.17
5.41
6.19
14.2
11.98
8.06
3.28
-1.68
5.14
13.05
13.59
15.57
14.46
14.75
3.81
10.12
12.04
16.58
18.06
16.77
14.37
11.93
10.23
13.14
12.2
11.33
9.11
12.84
17.45
18.76
17.63
17.98
19.88
20.59
18.01
13.15
0.33
3.29
7.78
10.58
10.7
7.31
4.49
12.2
13.8
13.3
14.54
15.03
15.98
17.72
18.16
14.56
13.44
12.75
14.26
14.13
14.39
15.55
16.41
15.33
-0.56
13.74
15.54
9.44
-4.09
0.59
10.23
11.8
-9.74
12.07
13.37
6.16
1.82
12.92
18.02
21.78
22.13
18.67
16.42
18.97
19.4
16.59
15.34
14.88
15.56
17.58
15.11
-3.63
12.57
14.26
12.15
9.04
4.45
9.76
10.76
9.44
10.96
15.37
16.09
13.01
6.22
7.68
10.61
15.77
14.32
12.04
4.32
2.49
12.74
11.62
11.65
9.83
13.52
14.57
15.82
14.99
11.13
8.65
12.31
13.04
0.88
1.47
12.53
9.55
6
10.61
14.56
16.71
16.2
12.2
-4.34
2.72
12.62
14.91
12.84
14.03
14.47
12.85
12.66
14.3
8.5
6.67
5.02
8.51
12.57
17.21
19.92
19.72
18.72
14.3
7.43
15.43
16.42
15.33
15.42
18.69
18.57
12.39
11.73
0.91
4.99
13.25
14.72
11.51
12.59
6.42
6.43
11.24
6.79
10.34
14.4
13.27
11.98
15.69
17.37
11.44
8.63
4.89
8.41
9.43
12.63
15.28
17.51
17.58
15.43
10.81
7.66
10.72
2.87
12.77
12.04
1.12
-1.03
11.34
15.16
12.82
10.24
6.37
10.65
2.39
7.93
10.72
7.69
2.81
14.11
14.88
14.16
12.87
15.99
20.25
20.75
19.27
17.94
17.14
15.29
14.59
15.55
11.98
8.44
16.44
21.21
20.68
16.5
8.37
14.94
16.47
13.78
14.81
15.34
14.86
12.11
10.22
13.16
15.5
15.31
11.05
9.51
10.66
4.02
6.49
6.02
3.61
11.12
5.92
-0.32
6.2
9.52
10.5
10.98
11.64
10.72
4.06
0.27
12.19
14.44
15.61
15.21
16.65
17.36
14.37
8.5
13.45
16.47
14.56
12.36
13.51
11.41
7.26
14.08
9.17
5.72
11.82
14.23
9.73
-4.65
9.45
16.74
20.18
19.05
14.52
14.03
15.57
14.16
11.81
15.35
17.26
16.73
17.9
18.17
16.91
16.25
12.16
12.85
13.09
5.83
10.16
16.92
15.16
7.62
-0.28
10.26
12.9
9.03
9.83
13.36
10.85
12.11
13.48
13.81
11.74
5.75
10.1
7.12
6.94
7.49
6.78
11.31
12.52
2.77
6.12
3.52
0.3
6.48
3.87
3
8.39
7.82
3.01
4.7
14.44
15.08
7.98
11.38
12.83
8.46
11.54
10.28
8.41
9.56
11.95
11.94
14.03
13.4
13.36
11.09
-1.51
9.74
9.95
-2.13
-4.82
4.09
4.64
-0.13
6.94
13.73
13.12
8.05
12.04
12.54
8.65
0.19
3.66
10.48
13.41
12.36
9.66
14.51
16.29
14.78
9.64
6.17
9.87
12.23
12.5
7.05
14.06
16.9
15.15
11.21
9.24
8.72
3.52
-2.15
0.57
8.86
9.65
7.34
13.7
15.99
6.72
5.86
-0.74
10.75
13.42
10.9
9.24
-0.13
5.77
9.37
12.14
13.07
17.32
