9.11
-4.21
2.99
6.53
10.96
13.84
17.7
17.58
10.26
12.02
14.37
13.06
11.04
7.85
10.11
14.15
13
8.98
8.86
3.58
7.93
12.7
12.45
7.39
10.51
15.21
16.13
7.87
4.86
8.44
9.19
12.01
11.73
7.81
10.23
11.8
9.06
4.03
0.26
-1.02
-1.35
8.33
13.23
8.19
5.92
10.3
-2.23
8.29
12.38
13.28
9.11
-7.2
5.35
1.65
-0.08
6.24
7.21
7.44
4.1
8.66
5.52
1.32
4.79
5.39
13.07
17.32
17.21
10.54
10.64
9.51
9.7
14.65
16.01
12.25
6.08
6.52
16.77
16.86
8.02
11.1
11.34
8.63
6.73
9.17
6.05
2.99
9.02
-8.45
7.72
10.55
8.45
12.16
13.03
12.09
5.57
3.7
-0.29
-4.26
4.6
8.08
5.97
2.27
4.03
10.96
12.05
9.91
5.35
12.36
6.39
10.77
5.54
5.17
9.67
12.51
10.84
7.99
8.58
-7.52
-0.02
14.12
18.79
17.7
13.54
14.87
18.3
19.97
19.9
12.93
11.62
11.18
6.87
8.85
9.98
8.68
1.03
4.22
9.16
7.33
5.03
-0.69
4.08
6.67
12.05
17.56
17.09
9.35
-4.95
9.2
13.56
12.16
13
14.34
9.52
13.84
17.39
17.41
15.54
13.7
13.82
14.1
12.86
13.06
-2.5
10.41
7.98
9.52
12.47
-7.3
8.76
5.86
7.04
3.64
-3.43
8.54
13.34
12.56
10.56
4.24
1.01
9.97
11.41
9.36
8.16
8.56
-1.83
9.21
11.19
10.73
10.83
10.74
1.36
9.66
15.3
11.71
8.53
11.36
7.99
9.05
8.91
9.18
16.02
17.08
12.04
7.51
8.88
4.52
-11.42
0.96
13.13
10.51
-4.99
9.96
9.24
-11.08
5.33
3.87
8.7
12.67
9.65
-4.94
5.99
7.47
-1.87
-5.14
12.41
15.45
13.59
0.61
2.43
-3.37
5.78
11.23
12.02
10.37
13.11
3.53
7.83
11.38
0.98
12.77
13.68
7.07
4.76
11.44
15.23
15.44
15.73
14.04
16.29
17.56
13.64
11.78
10.74
8.23
8.11
9.59
17.45
17.78
11.48
10.48
12
7.59
5.32
10.18
8.93
6.66
8.12
2.45
7.81
12.25
10.78
9.92
10.39
16.98
20.55
19.68
18.12
16.19
13.44
15.52
16.28
13.26
7.15
4.1
11.94
12.75
12.46
10.36
-1.72
4.37
4.86
1.39
6.1
11.56
9.54
11.56
7.63
3.2
3.01
3.79
6.72
7.27
3.78
-3.82
2.71
1.4
0.04
12.79
14.4
8.77
8.23
11.27
4.92
2.74
10.78
7.96
7.88
9.73
6.8
0.72
13.17
14.2
12.57
18.54
16.52
0.94
13.34
13.47
14.39
10.64
5.78
13.61
11.72
7.85
15.72
16.42
12.68
7.92
10.17
7.33
4.68
8.23
2.41
-1.96
4.57
4.67
10.21
10.56
9.7
7.43
-8.85
8.47
10.5
5.22
-5.31
9.62
7.77
0.58
5.52
-6.32
4.12
-0.85
9.26
10.4
8.74
9.62
6.6
9.41
13.41
13.9
16.21
16.27
11.31
3.25
11.87
10.95
9.41
4.86
9.12
11.39
12.19
10.35
5.32
-1.99
6.99
5.3
4.18
10.19
11.25
13.23
15.74
14.09
12.25
16.86
15.63
12.73
11.4
1.31
5.82
-3.35
11.22
8.4
9.83
5.81
-4.33
5.45
12.14
13.22
10.93
5.57
0.74
11.46
10.63
3.96
-4.68
7
12.19
2.49
11.59
14.39
13.19
9.8
2.86
5.81
9.82
7.03
3.52
2.97
-1.28
12.78
15.21
12.61
7.02
7.78
5.68
5.17
15.26
18.34
15.36
10.2
4.87
0.75
11.84
12.67
4.07
-5.89
-1.24
7.19
2.69
-0.18
3.26
9.62
12.01
8.83
3.97
5.53
9.39
8.7
8.9
11.95
11.05
13.92
13.96
14
16.71
17.09
15.93
13.02
3.4
6.92
12.54
15.61
16.17
10.26
-0.56
2.09
2.93
11.87
11.81
-3.25
10.41
11.15
9.75
10.05
5.36
0.51
15.32
17.2
15.12
6.68
-0.05
1.46
7.55
10.36
15.08
17.13
16.19
16.66
14.12
10.53
-4.25
7.9
4.36
16.13
18.4
12.87
1.66
9.35
7.99
13.12
13.59
9.91
7.7
7.77
1
9.43
7.99
0.76
-0.47
7.59
8.93
10.5
11.26
11.91
9.44
3.29
8.75
11.14
11.59
12.7
13.57
14.32
13.93
11.59
0.87
8.88
8.7
5.62
13.38
12.19
-5.6
-0.18
8.09
13.27
11.66
13.27
14.34
6.42
-5.41
-6.93
7.01
8.76
-1.04
6
9.06
9.45
12.61
14.72
14.5
12.23
10.22
5.34
-21.89
3.07
4.56
4.78
11.63
16.62
14.85
12.04
3.62
14.61
16.13
13.44
7.47
2.16
5.11
10.42
12.58
7.93
7.95
14.48
13.28
3.72
-1.21
8.36
5.35
-1.01
5.04
9.03
14.09
16.08
11.55
-3.97
10.21
13.08
9
8.46
10.63
16.18
14.64
14.94
8.01
4.92
13.06
14.3
7.71
6.96
8.69
10.37
11.77
13.75
13.14
9.24
2.36
-6.61
-1.85
-0.49
-6.03
2
-7.34
6.74
9.17
8.87
1.32
3.31
-0.73
3.15
12.01
13.4
2.53
14.71
16.66
17.66
11.7
6.67
6.44
2.18
-2.73
6.1
12.76
12.86
13.08
12.9
10.67
4.09
6.43
6.3
9.46
12.54
9.53
2.83
7.45
-1.15
9.08
7.97
13.51
16.84
14.12
-1.67
7.54
14.12
12.53
7.26
11.24
8.67
2.22
9.34
12.12
10.54
7.62
4.51
5.15
10.68
11.37
8.44
11.51
13.05
12.64
8.14
12.32
13.22
9.27
-0.04
5.57
3.97
-10.2
-10.26
7.85
12.8
8.87
3.3
10.87
14.64
10.54
7.85
16.37
13.27
-29.14
7.04
-0.31
3.78
14.01
17.14
14.9
14.58
11.54
7.19
3.98
-2.04
-2.24
0.13
8.83
14.52
14.23
-4.05
8.14
-7.89
9.14
14.05
12.67
1.38
9.71
12.74
7.35
-5.36
1.74
8.92
14.63
16.15
13.89
11.17
10.96
13.54
15.87
17.36
17.01
16.35
15.87
14.91
13.74
12.38
6.26
7.64
8.57
0.02
7.39
8.53
9.81
5.92
2.83
6.6
7.46
8.93
3.08
-11.87
6.92
12.7
12.46
7.48
5.36
12.08
11.62
13.89
10.08
-5.38
5.29
5.78
1.01
9.95
11.49
9.25
-5.6
4.56
6.11
9.46
13.52
7.32
9.14
12.76
11.84
12.16
5.81
8.24
10.91
-6.92
5.8
8.88
12.27
12.02
6.93
3.75
10.57
11.24
11.9
5.69
8.64
12.28
12.66
7.88
-9.09
21.04
19.7
13.49
12.18
18.58
22.91
25.79
27.75
23.62
2.88
20.5
21.47
12.73
7.76
15.54
19.66
14.92
10.12
17.89
18.9
18.5
7.49
17.64
18.72
21.34
20.59
10.11
17.52
9.9
5.41
12.89
6.65
16.16
16.55
15.05
10
14.46
25.55
29.81
28.36
21.39
8.26
14.3
16.25
15.52
18.69
18.28
1.3
18.26
26.44
24.57
14.37
2.9
-0.6
18.77
25.98
27.56
23.78
20.41
17.08
13.33
16.84
15.75
11.47
18.52
24.1
22.92
22.58
19.61
6.95
16.07
9.72
21.59
25.3
21.85
16.64
19.1
14.36
8.75
16.28
25.09
27.93
26.94
25.04
24.15
22.91
12.86
5.5
16.9
23.75
27.38
26.54
27.76
27.06
25.64
21.62
1.32
18.49
16.32
9.24
13.83
15.72
8.97
9.71
17.91
18.14
22.46
23.98
17.93
8.62
15.17
15.87
11.13
12.67
17.82
13.95
21.79
22.66
14.6
24.29
22.9
20.68
16.46
11.98
20.99
26.69
25.36
19.36
18.23
22.38
22.32
18.98
20.82
19.74
25.77
28.67
24.29
18.88
15.79
15.85
16.09
16.86
17.97
18.7
16.35
2.33
23.22
26.83
22.94
24.36
12.19
17.75
19.73
10.62
15.93
15.79
11.66
18.75
23.3
18.38
25.84
20.62
16.05
19.98
10.98
22.91
24.16
18.29
22.55
26.19
24.37
15.74
13.03
24.47
28.76
24.93
20.49
28.34
26.47
22.51
19.95
18.78
20.63
23.24
28.18
27.85
24.14
22.83
23.43
26.92
29.45
23.64
19.51
24.5
24.2
22.44
19.49
19.92
20.37
21.85
26.35
27.01
18.1
17.97
17.01
14.42
23.09
22.07
18.77
12.66
9.86
18.16
18.87
5.86
20.45
21.08
25
29.21
29.84
28.09
20.35
13.57
10.23
21.43
24.97
21.64
18.69
1.15
25.04
25.93
24.93
27.01
24.55
16.44
20.41
18.52
19.42
10.79
14.83
14.54
16.05
16.36
16.19
17.88
22.35
17.29
11.98
15.32
21.38
23.1
21.19
19.37
19.27
19.27
20.84
23.39
26.38
29.1
29.27
26.98
24.48
16.04
22.88
24.14
22.02
23.73
25.17
20.59
12.86
20.76
21.74
18.96
13.07
19.3
25.01
27.94
25.85
21.11
16.96
3.63
13.26
7.9
4.87
16.02
21.97
17.47
14.78
19.17
15.27
10.59
20.58
24.22
22.97
17.29
10.94
13.22
15.33
19.4
19.4
24.85
26.46
24.42
16.78
7.6
14.72
13.92
15.57
19.23
13.17
24.48
26.44
24.03
18.76
22.56
24.68
23.72
19.98
18.51
15.91
12.75
13.31
13.57
8.2
12.39
3.75
18.66
18.75
15.55
13.52
12.79
12.38
13.34
17.68
16.11
8.41
11.15
14.64
16.62
9.42
10.17
15.67
14.86
6.13
11.86
18.65
17.68
16.81
11.18
15.48
19.92
18.46
6.86
2.08
7.27
14.92
18.09
14.58
6.95
7.86
3.02
2.51
8.29
9.38
7.69
8.74
15.83
18.11
7.52
12.1
13.27
6.3
6.1
9.72
3.06
8.56
15.68
18.27
14.84
10.64
16.06
14.46
10.59
12.98
12.76
8.31
13.52
12.75
10.41
1.41
6.42
8.58
-13.97
9.01
11.94
9.79
13.43
8.77
-15.9
0.78
9.02
12.92
19.06
21.27
15.53
10.55
13.82
19.95
20.75
10.63
12.6
9.71
-1.13
18.22
19.79
11.36
-4.99
12.25
18.42
14.72
10.88
20.84
22.09
24.41
27.68
27.88
24.98
18.91
11.68
18.93
21.88
20.14
15.33
15.77
24.8
24.33
17.46
15.33
20
18.64
17.61
12.28
16.48
14.28
7.07
14.25
20.23
20.64
9.41
12.85
-4.11
13.66
-3.56
7.73
15.8
18.44
17.98
20.18
19.52
13.57
24.45
25.39
23.7
17.53
19.75
23.86
22.49
19.67
8.48
12.23
18.24
15.03
13.48
12.69
15.27
19.17
20.43
20.3
18.27
13.58
15.38
14.23
14.08
16.33
18.02
19.93
19.74
9.34
18.55
22.08
22.47
20.23
19.78
20.08
25.36
23.14
5.87
10.54
11.25
18.83
22.35
12.68
18.82
12.47
23.22
19.8
22.58
24.49
20.13
21.25
16.96
21.4
24.44
22.59
18.03
17.37
12.96
18.71
17.48
8.61
22.14
19.47
19.79
16.75
11.4
14.18
0.18
12.35
19.99
21.26
10.81
17.92
20.29
20.96
18.69
10.12
8.83
5.61
12.2
6.72
16.76
21.34
19.74
14.08
14.17
20.36
21.6
18.52
22.21
26.13
19.06
18.2
12.54
12.57
16.79
21.56
17.62
1.16
12.94
20.37
23.32
20.37
19.72
23.7
19.27
18.59
24.11
24.3
18.92
10.27
21.34
20.05
16.11
9.54
19.27
13.34
11.79
18.2
9.55
9.37
20.45
23.8
20.41
-5.02
20.07
18.47
20.95
22.28
22.86
20.19
17.69
8.34
12.54
18.96
17.53
11.43
19.69
21.88
24.38
24.81
20.63
18
17.83
19.88
24.08
24.15
21.29
12.82
13.11
13.81
13.44
23.49
24.34
22.17
16.28
12.15
19.81
21.62
14.47
22.77
26.06
22.57
22.57
18.66
13.66
14.88
13.91
19.55
10.91
15.73
15.81
14.94
21.63
21.82
23.62
25.45
20.85
19.08
25.86
24.48
20.15
21.12
21.27
18.94
14.1
10.37
21.73
26.85
26.12
16.19
23.62
24.01
21.19
21.41
17.18
23.82
21.24
24.91
27.96
22.01
11.15
18.36
19.15
16.65
13.76
21.64
25.61
23.54
25.43
24.89
20.64
17.9
12.79
22.09
22.16
18.49
22.23
26.03
25.12
20.75
15.03
11.07
17.54
19.41
19.43
23.42
22.06
14.17
17.22
19.32
18.55
13.74
9.16
22.51
24.18
21.99
19.62
13.19
15.26
16.23
13.24
18.05
5.11
16.86
4.98
17.98
22.11
23.35
21.75
21.49
22.34
23.91
22.17
16.28
20.04
18.53
12.42
12.71
19.1
17.81
16.09
17.02
19.3
14.95
18.23
17.08
17.98
17.56
19.25
25.84
27.2
21.64
15.69
20.82
14.97
-2.72
10.12
11.48
13.84
5.72
20.99
23.79
25.78
26.82
25.34
19.63
13.55
15.45
16.61
18.55
14.77
8.08
9.17
18.85
17.65
18.98
16.8
19.05
19.37
3.47
15.91
14.87
18.37
21.4
22.91
20.08
18.43
15.44
21.61
21.98
18.22
16.86
21.74
23.92
19.89
10.84
17.95
16.55
17.3
17.63
20.23
22.14
19.38
10.82
15.02
16.64
16.34
15.81
14.96
15.58
17.46
-1.67
19.46
19.76
19.99
15.77
5.12
14.92
19.4
21.51
16.49
19.63
14.24
19.02
21.65
22.74
22.32
24.08
23.08
16.54
3.23
8.77
18.96
23.05
24.52
25.1
25.33
24.75
24.89
20.6
18.42
25.3
21.27
16.41
21.32
23.15
22.12
22.53
15.37
22.98
22.5
23.17
23.32
23.13
19.8
20.64
21.41
20.02
22.62
12.06
22.69
24.98
20.36
14.62
14.02
23.68
15.52
9.34
14.43
17.88
16.66
23.78
25.51
21.74
11.26
6.21
15.98
19.11
23.2
21.37
16.71
20.72
21.09
12.25
13.85
12.89
15.95
20.41
23.54
19.63
18.33
21.26
20.08
22.36
21.26
14.96
21.53
22.82
19.61
10.83
15.92
16.69
16.6
18.59
21.86
16.64
17.16
19.28
20.66
20.14
20.57
21.4
20.09
22.62
22.6
19.91
18.25
8.85
23
24.44
24.67
26.06
23.31
14.84
19.17
15.83
20.79
21.57
14.49
21.92
21.69
20.15
20.55
21.12
8.18
17.71
23.46
28.3
27.42
21.47
16.63
22.16
17.75
22.92
24.95
22.44
18.66
20.4
10.57
-6.52
9.89
22.58
24.53
26.18
33.21
31.42
28.55
30.02
25.89
13.07
23.62
21.49
16.14
19.08
28.13
23.68
21.45
23.8
21.79
23.62
24.84
19.95
22.26
20.44
32.3
32.9
28.07
26.98
27.02
-5.11
16.26
24.18
24.32
22.08
23.57
25.21
25.06
21.5
16.46
22.65
25.33
21.45
17.51
19.48
18.42
14.64
18.04
28.85
37.53
39.95
33.99
18.51
21.35
15.79
18.25
20.3
25.84
27.91
28.18
25.99
22.78
20.87
2.65
19.5
18.78
8.89
12.97
20.18
23.04
22.33
19.13
3.7
20.38
20.72
14.39
15.76
25.13
34.32
44.47
46.02
39
24.91
13.22
19.39
9.66
17.3
16.76
19.86
23.05
14.37
15.4
22.25
20.89
16.59
20.95
18.93
19.68
18.84
27.9
28.8
24.65
19.44
23.44
25.92
22.99
22.78
17.73
24.36
22.63
18.01
24.12
24.94
23.18
21.26
19.92
17.34
6.5
16.56
20.33
9.95
12.85
22.53
29.36
30.3
27.66
25.4
26.25
26.03
29.23
42.21
44.74
38.88
28.51
24.46
21.05
20.85
20.08
14.89
18.86
18.68
14.88
27.48
37.79
39.65
32.82
8.42
22.4
20.48
22.13
27.4
26.14
18.64
27.14
29.28
27.89
18.77
14.93
20.6
23.63
34.97
42.92
42.03
31.66
21.46
19.72
24.71
24.06
20.34
19.2
22.86
28.56
23.98
17.26
22.69
24.16
27.88
25.99
20.54
29.84
29.77
22.1
18.53
18.09
16.95
23.58
20.29
10.87
23.73
23.87
20.16
19.26
24.22
26.97
17.48
7.47
17.37
25.96
28.61
26.73
25.79
26.22
22.69
19.67
22.39
17.46
23.38
28.2
28.9
27.17
18.03
34.24
44.75
46.2
39.08
26.93
22.15
14.28
18.6
22.56
13.73
23.78
23.23
20.62
22.33
20.37
14.2
24.16
22.48
18.67
21
21.45
25.01
27.05
22.94
17.45
19.72
21.89
22.21
20.42
11.43
16.83
11.8
16.93
17.11
8.95
23.96
32.35
32
25.48
21.02
22.04
20.84
17.28
16.65
20.24
26.49
30.21
25.98
9.79
23.18
13.62
21.82
22.58
16.53
21.94
21.14
17.05
20.47
19.03
7.25
11.67
18.82
19.97
18.67
25.03
20.31
10
18.26
15.74
23.01
20.33
25.17
23.48
33.8
40.31
36.49
22.02
7.14
21.43
25.7
19.21
22.81
18.28
30.44
36.55
34.1
23.95
23.25
27.32
26.78
27.9
24.42
36.84
37.65
30.4
24.48
25.96
28.32
22.32
16.25
16.41
15.25
22.08
17.68
25.73
28.43
24.1
17.44
16.19
9.64
23.78
22.49
23.88
32.16
34.42
31.17
25.4
20.18
26.12
30.26
30.25
25.84
16.91
0.55
19.13
13.94
23.45
25.5
25.91
23.53
21.68
25.26
25.69
23.6
26.51
22.33
19.29
21.54
24.25
27.68
29.69
31.82
32.44
30.45
29.98
30.95
29.77
27.02
28.6
30.79
33.97
45.11
50.21
46.99
33.18
16.37
21.56
15.98
23.6
25.11
21.31
27.31
44.44
49.93
46.35
32.82
13.38
18.29
29.53
29.65
27.95
30.58
25.67
25.4
29.08
24.21
20.39
28.9
30.08
26.92
14.23
28.1
27.63
12.93
21.61
21.86
20.9
24.84
24.61
20.32
19.82
22.09
27.18
30.12
26.87
26.59
28.37
22.27
23.85
23.47
23.19
31.2
29.86
20.98
23.89
25.92
16.55
23.12
28.93
30.86
31.71
30.67
20.16
25.88
27.51
25.29
27.49
28.68
25.77
17.99
17.67
15.99
24.81
29.25
26.22
21.94
23.09
25.34
26.3
22.17
15.08
18.92
17.15
24.91
19.63
20.89
17.73
20.18
21.63
16.91
15.15
25.73
29.73
23.04
23.97
23.22
17.58
23.81
20.38
25.69
26.52
24.61
19.25
20.9
30.67
33.76
21.97
32.32
31.34
22.75
24.35
24.36
26.08
19.1
24.84
25.75
25.44
27.74
15.24
20.59
26.5
27.41
27.81
31.44
29.11
28.82
27.09
26.13
22.11
27.15
26.86
24.04
25.65
23.56
29.1
28.4
18.56
14.02
21.22
24.41
23.64
24.49
26.36
27.85
29.48
26.05
29.18
32.45
26.41
12.91
23.17
26.23
27.88
26.77
26.24
27.06
27.79
22.5
28.4
27.04
18.07
23.64
28.71
28.97
27.49
20.29
23.76
14.61
11.7
7.22
15.85
21.7
14.98
21.23
28.7
28.35
21.25
14.87
23.84
21.18
19.59
20.96
20.94
18.89
12.36
12.97
18.99
22.8
23.5
13.52
9.65
14.46
14.37
22.81
21.76
17.08
19.07
21.11
23.64
24.84
23.38
18.72
23.02
25.08
23.16
20.65
17.27
25.69
27.85
23.75
22.92
22.62
18.34
21.47
20.96
13.48
20.21
23.65
24.88
28.15
26.26
26.7
16.05
10.57
13.38
23.76
25.72
18.77
25.57
19.45
21.15
22.09
24.46
22.2
15.51
15.24
18.42
15.05
-1.37
17.94
24.74
25.73
26.78
29.34
29.25
24.04
17.77
-3.78
20.31
20.03
18.21
23.1
25.16
14.69
21.36
19.46
16.82
22.34
18.3
22.46
22.47
23.88
23.2
17.91
7.69
12.03
16.59
2.2
17.55
15.04
10.09
14.52
1.26
13.36
12.91
21.16
20.41
18.68
18.28
21.71
23.47
19.13
17.86
16.55
16.85
20.93
14.48
12.72
18.45
19.14
19.15
17.08
21.73
17.7
13.63
15.74
15.65
15.52
22.26
14.54
11.71
10.38
19.13
16.43
14.97
21.6
18.06
9.34
17.09
17.6
13.9
24.31
20.14
23.31
20.91
19.71
18.24
29.04
27.64
23.62
23.93
24.04
25.46
23.1
25.45
25.15
23.07
26.5
26.26
26.71
30.1
32.92
31.07
24.86
20.71
19.87
14.08
10.1
15.86
25.19
27.64
29.16
30.01
27.57
27.35
23.47
20.46
23.54
25.9
24.65
25.81
19.36
21.93
23.82
14.14
20.04
27.29
28.07
24.29
25.15
24.77
15.34
12.55
23.08
25.44
16.2
22.25
28.49
27.66
14.48
21.61
23.94
27.31
29.99
28.58
23.94
19.62
19.18
22.3
24.72
20.51
11.38
15.59
8.97
23.94
27.97
22.42
14.27
22.95
34.76
39.73
37.52
30.23
21.42
19.14
17.32
18.14
21.26
13.15
24.19
26.15
26.44
20.86
16.65
8.9
24.88
28.71
25.05
18.18
22.58
24.72
25.87
23.35
18.51
14.75
7.07
5.43
21.24
27.38
26
24.21
25.23
22.47
22.75
21.68
18.25
23.05
25.55
23.13
23.72
28.7
30.02
29.29
23.58
19.78
22.05
21.59
28.5
30.29
28.58
23.27
17.09
21.44
21.8
15.73
15.75
23.38
21.83
21.1
24.48
25.64
25.45
22.97
23.66
23.72
25.11
25.81
26.73
23.55
22.08
31.25
29.76
22.81
11.45
21.32
26.6
25.18
21.75
13.81
19.7
17.35
26.24
23.88
10.11
15.7
21.39
21.97
17.57
-2.22
17.07
23.68
18.27
20.8
19.51
13.83
12.81
26.02
28.22
21.58
19.63
19.38
20.68
10.73
18.56
19.97
20.12
15.25
16.36
16.9
23.37
25
22.94
23.58
15.87
19.73
24.62
23.8
21.13
20.76
23.82
25.42
24.01
24.53
27.75
25.52
17.37
20.05
7.96
22.89
25.71
26.74
20.55
18.03
20.51
21.62
20.58
20.49
20.78
23.21
25.02
14.32
21.65
21.37
22.24
24.77
24.91
19.94
20.59
18.78
18.02
21.44
15.76
19.71
21.66
20.27
21.66
25.46
26.7
25.94
23.48
19.04
17.47
10.64
20.77
16.21
12.47
21.58
23.22
22.92
25.6
25.69
24.96
26.48
23.03
15.78
19.98
20.98
22.43
23.41
16.4
16.82
17.75
17.5
13.23
3.67
19.88
20.92
14.56
19.42
18.69
14.09
15.95
19.83
22.98
16.89
17
24.57
25.63
26.26
25.71
19.41
14.12
21.05
22.95
21.43
21.07
12.12
14.25
21.61
23.55
21.27
23.57
22.85
17.49
14.47
18.84
19.91
20.95
20.88
18.82
19.46
19.81
19.38
21.6
17.85
11.19
15.01
18.23
21.67
22.19
20.2
17.33
14.16
18.36
22.13
24.76
21.07
12.41
18.37
23.75
22.31
18.54
13.67
15.61
23.09
22.27
17.98
14.74
11.52
17.59
17.07
13.39
17.43
18.31
18.02
17.25
16.2
17.61
19.39
17.1
11.39
16.72
21.76
22.37
20.63
18.56
17.85
22.87
24.74
23.2
19.63
20.87
25.43
24.09
15.77
13.77
20.12
23.81
23.76
15.13
19.77
25.13
25.25
24.77
18.38
15.62
19.95
14.86
14.43
20.5
23
21.69
14.95
6.26
8.18
14.26
23.31
26.22
25.42
24.44
20.39
7.74
1.4
4.65
12.7
23.15
23.62
12.23
12.22
7.63
18.62
20.48
15.29
1.59
7.03
7.72
8.96
9.4
16.67
12.87
14.48
3.82
18.78
22.71
20.41
15.27
21.68
22.02
20.93
20.8
19.55
17.82
15.48
19.13
19.4
17.25
8.77
10.9
17.89
21.07
18.12
23.08
24.36
15.43
16.85
18.15
6.4
17.75
18.39
10.43
16.77
19.41
17.01
17.53
20.79
17.96
9.52
18.21
23.25
22.45
18.58
13.78
11.72
21.24
15.52
21.79
21.04
12.61
9.22
7.66
16.03
11.48
15.14
17.46
8.96
18.82
22.21
21.6
20.53
16.8
6.67
-3.54
13.41
16.26
15.57
13.84
11.96
11.99
16.97
16.57
21.65
23.16
18.25
17.18
23.42
20.55
16.95
14.39
6.02
11.74
15.53
11.97
19.16
24
22.59
20.93
23.9
22.05
11.1
10.18
17.79
21.61
23.63
22.76
16.09
13.55
6.11
9.98
11.69
12.8
20.04
15.75
22.85
24.05
17.91
13.55
5.53
16.11
18.43
18.44
20.04
18.1
20.47
25.54
25.16
20.25
22.98
23.57
12.95
16.21
19.08
18.68
20.06
24.48
22.74
12.83
4.09
7.14
17.37
23.29
18.66
11.53
18.92
10.34
16.86
21.01
20.17
16.76
15.72
21.25
25.18
28.64
31.84
30.42
20.56
16.4
32.57
36.87
31.68
19.25
19.39
18.78
16.52
9.32
16.22
19.38
20.44
21.62
18.27
15.29
10.92
11.39
10.87
17.32
20.37
23.77
24.62
20.51
15.92
19.75
26.01
25.51
17.01
-5.79
4.99
7.63
13.27
18.84
21.56
21.9
19.96
17.29
16.73
12.98
17.18
23.69
20.81
15.62
15.41
14.12
19.01
17.51
21.07
26.3
28.06
23.87
19.57
18.58
17.66
15.62
11.23
18.57
10.06
16
18.97
14.6
15.96
7.71
17.08
19.84
20.48
23.32
20.01
13.75
10.87
13.85
10
17.02
20.95
17.68
17.43
13.11
13.12
3.32
15.26
15.61
22.49
23.04
11.78
16.11
18.77
11.16
20.85
22.27
12.78
17.36
13.55
18.47
13.36
17.17
22.12
20.92
18.29
19.28
14.9
13.48
18.3
18.74
15.21
8.74
13.72
10.42
16.09
24.22
25.24
22.62
11.19
21.67
21.49
14.28
18.37
14.28
20.76
19.89
17.16
15.82
5.3
13.34
10.64
16.26
21.7
20.85
17.12
16.77
14.68
5.33
17.29
20.62
15.62
11.12
10.73
14.25
14.61
13.86
12.61
10.72
14.54
7.14
15.32
19.36
19.18
21.59
22.71
24.62
23.5
23.07
19.46
12.87
20.56
19.01
12.58
17.25
11.72
15.54
18.57
21.12
22.67
13.63
17.92
13.47
23.74
25.14
20.47
0.71
16.2
17.38
16.3
15.85
16.57
12.35
4.8
6.81
7.47
10.46
5.67
8.81
20.21
19.85
14.5
13.23
20.02
23.98
20.43
-5.14
1.74
11.64
15.8
13.42
6.81
9.95
11.36
7.11
11.22
15.17
15.42
11.9
5.33
13.21
12.61
10.2
13.15
10.96
19.71
21.87
21.49
18.43
-5.78
7.93
10.78
16.8
22.25
22.86
20.48
16.55
15.35
15.36
4.3
13.84
16.92
19.06
16.33
17.1
19.2
18.12
9.59
9.21
13.47
11.53
4.78
7.91
11.96
18.39
15.62
19.53
17.07
16.52
17.5
3.14
12.13
14.95
21.46
17.05
13.88
21.72
20.59
11.3
13.81
17.95
14.75
13.18
15.81
14.74
17.29
14.93
14.75
15.84
14.53
9.52
15.08
14.36
15.78
12.48
13.64
12.73
11.7
12.69
10.71
14.55
14.16
14.94
14.63
17.27
19.62
20.59
19.7
11.1
2.93
3.29
4.57
9.54
18.88
21.24
16.18
0.05
11.57
14.49
19.07
22.1
18.61
13.44
6.1
13.23
15.24
12.87
15.73
8.08
15.26
19.55
12.72
6.42
0.61
8.07
10.67
14.3
14.81
16.42
18.94
16.63
9.29
16.88
14.33
12.63
12.5
12.8
14.75
16.77
5.53
13.89
16.3
14.5
13.94
9.31
10.79
20.11
19.73
15.07
11.82
7.49
15.05
15.48
12.94
16.74
15.14
11.35
12.65
7.87
6.68
8.85
17.8
18.79
16.15
13.69
10.05
7.23
3.41
9.24
13.77
5.78
0.69
2.54
6.66
3.11
-4.12
1.82
13.92
20.22
18.16
13.98
16.95
17.35
16.78
18.8
21.46
21.54
22.94
22.92
15.58
3.2
9.86
13.07
9.8
15.54
16.14
15.81
19.23
19.12
18.56
15.37
15.69
20.36
21.42
18.62
8.81
2.92
12.48
14.99
16.52
15.85
13.53
11.99
13.4
8.92
11
12.81
18.01
15.88
15.17
18.28
18.04
17.55
19.11
16.95
7.09
-3.95
15.41
16.09
7.15
6.96
12.58
14.29
0.07
6.17
17.13
14.74
12.95
19.1
14.25
10.21
17.5
16.44
2.34
18.67
19.07
18.58
19.47
16.61
7.72
3.05
5.93
16.07
21.1
19.61
11.56
7.62
12.9
17.7
15.65
14.13
19.85
17.64
16.9
18.15
18.8
18.47
20.99
20.77
17.31
10.88
16.33
18.18
16.89
11.25
15.64
15.71
13.92
12.26
19.85
20.41
15
4.15
8.65
7.64
6.43
-11.46
3.73
5.2
16.52
19.56
15.46
13
13.53
14.29
14.73
11.89
12.36
13.25
-1.52
10.27
9.07
7.59
15.59
18.1
18.82
15.36
17.26
21.7
19
11.67
11.2
13.7
15.52
16.58
9.41
16.13
12.39
14.61
16.84
11.44
13.54
15.21
14.03
10.62
13.48
13.3
13.44
7.94
9
4.21
5.3
17.15
18.24
11.17
5.9
14.39
13.02
1.44
7.35
9.05
16.82
19.22
11.07
9.56
4.21
12.73
13.65
16.89
18.81
12.91
17.2
20.25
13.48
11
15.81
8.19
13.17
23.64
24.42
20.81
19.25
18.98
17.51
11.49
14.58
10.18
2.5
17.51
21.54
21.82
15.36
12.58
16.55
13.56
1.84
11.43
15.43
5.8
18.15
22.6
20.61
17.69
14.4
16.53
18.72
16.54
18.72
17.95
10.86
12.83
15.82
14.99
7.52
13.16
10.17
14.52
16.07
1.38
1.18
7.74
13.95
19.13
13.21
15.55
20.7
20.8
17.02
17.23
13.83
12.19
17.73
11.33
9.02
10
12.87
11.87
18.01
14.1
0.66
8.72
13.79
13.38
16.72
16.47
9.27
9.74
13.61
7.82
10.23
12.67
11.87
9.2
13.49
14
13.45
22.44
20.88
11.8
7.22
7.75
8.24
12.74
7.68
4.07
11.21
15.81
17.26
14.7
15.3
13.12
9.72
10.89
13.97
6.65
4.11
-0.74
14.12
19.4
16.46
6.09
16.61
14.75
12.45
7.92
13.89
17.09
16.96
15.56
13.85
15.29
17.5
18.95
20.18
14.45
8.03
18.41
24.99
22.78
16.44
15.65
17.23
17.37
15.06
17.05
12.51
13.56
16.84
9.82
20.39
24.1
23.36
24.84
26.03
23.51
18.76
14.66
15.38
18.4
19.64
21.2
22.87
19.83
10.04
15.48
16.44
17.01
22.46
25.42
23.19
12.96
7.41
9.61
12.27
11.96
8.3
14.67
17.66
17.87
21.65
20.26
11.09
6.11
8.12
4.1
10.45
9.77
12.1
12.67
8.38
13.51
20.94
18.42
16.88
21.16
20.33
11.5
11.04
19.69
19.87
15.11
6.79
13.93
17.94
20.3
19.6
17.24
19.72
18.23
16.33
19.72
21.56
18.36
15.45
17.3
8.66
18.4
18.89
10.29
2.67
17.88
23.43
20.72
19.65
17.98
11.99
9.8
2.49
-3.2
14.5
19.84
16.49
3.42
7.51
18.81
19.42
19.24
20.51
15.94
14.02
15.76
12.1
16.36
15.24
1.77
8.17
11.49
19.46
23.53
22.5
17.75
10.7
14.46
14.06
11.77
12.24
6.29
7.25
5.39
17.46
20.38
19.31
17.66
19.18
20.82
19.05
16.49
13.23
19.42
19.63
17.24
16.46
16.24
9.64
16.42
13.06
2.41
9.58
7.19
16.08
7.29
13.12
3.88
-1.69
8.53
7.54
11.91
18.02
19
15.15
14.86
19.6
11.96
9.55
16.39
19.82
18.96
18.56
18.81
17.92
16.04
17.86
19.1
16.86
20.8
22.4
20.93
18.49
20.27
16.78
14.72
17.87
19.33
16.62
11.47
14.33
17.28
14.51
10.07
13.42
18.13
11.8
-11.61
-2.2
1.5
14.49
19.1
21.65
20.78
15.66
9.98
12.98
14.98
15.34
17.43
19.89
16.57
6.88
10.54
8.11
5.85
14.62
18.63
14.36
15.76
18.39
15.76
14.63
12.18
15.79
21.69
22.37
17.44
9.98
18.77
17.74
16.93
12.4
12.27
13.46
15.52
17.31
19.18
14.49
9.49
3.97
3.92
13.14
17.01
12.95
-0.61
14.26
17.38
17.79
17.96
14.19
17.14
18.92
18.26
16.5
14.87
16.22
14.25
15.44
15.38
15.59
15.87
11.8
2.67
16.3
18.56
21.79
20.47
16.62
17.04
18.58
17.69
16.38
14.39
13.17
13.9
8.63
14.31
13.55
9.05
4.85
10.84
10.01
7.36
17.7
13.6
12.75
14.01
16.69
18.95
20.68
18.16
14.53
1.16
9.38
12.25
8.94
5.11
13.71
19.25
20.08
17.46
14.82
7.15
14.35
20.53
20.97
17.72
9.86
-2.15
1.17
4.62
18.69
19.59
12.71
13.7
15.02
9.11
-2.42
8.94
16.36
17.88
15.15
14.42
13.2
12.42
1.96
10.14
17.48
12.09
11.19
14.11
15
17.14
18.33
15.54
12.2
16.87
20.26
17.87
14.07
13.41
10.68
10.94
12.08
10.65
7.02
13.44
13.71
8.87
13.76
15.57
9.29
11.98
15.14
15.48
19.63
22.14
21.41
20.88
20.76
20.63
20.36
19.59
13.02
6.46
13.12
16.16
19.95
19.18
18.28
17.87
9.73
13.55
20.07
18.52
14.4
9.1
8.54
11.99
0.4
9.09
20.33
22.31
21.54
19.92
10.62
14.6
13.87
4.85
-1.9
12.75
15.97
10.31
13.87
18.65
19.46
17.6
11.31
6.8
14.13
16
17.26
14.85
20.4
18.19
15.27
11.92
13.9
16.49
12.24
16.45
13.08
13.37
18.99
15.47
13.55
19.14
14.53
12.43
15.85
20.18
21.1
19.22
11.22
9.55
18.39
20.68
19.36
13.74
18.16
19.76
17.44
14.04
14.72
18.58
19.74
15.9
14.27
15.21
17.17
16.53
6.24
11.18
17.74
21.22
17.96
8.88
17.37
19.7
19.66
16.01
10.42
14.36
18.17
20.64
20.4
16.2
11.5
16.2
15.2
11.93
18.98
21.25
20.37
19.56
15.41
16.3
18.65
16.33
15.87
12.22
11.16
15.29
13.07
7.68
15.69
22.2
23.15
19.31
14.13
19.03
23.77
25.49
23.48
15.23
10.56
19.42
17.65
1.02
15.38
21.56
21.55
17.7
15.86
14.44
11.56
17.02
17.09
15.55
18.81
17.88
12.49
13.58
23.48
25.57
23.57
19.15
11.66
15.09
18.56
20.7
20.85
16.59
13.98
14.28
13.77
15.72
15.2
8.84
9.38
14.31
9.72
16.86
20.67
19.99
3.75
14.53
13.78
11.66
13.52
13.99
18.41
20.11
16.58
14.06
14.31
16.09
16.13
15.1
16.93
15.68
16.63
17.25
12.34
20.12
23.04
21.93
18.85
11.85
5.36
13.47
16.83
15.64
5.47
22.51
25.02
22.39
8.96
15.43
18.86
17.09
7.86
8.76
11.54
14.06
17.62
12.5
13.4
18.93
20
20.69
17.02
7.85
19.64
21.7
19.29
13.02
-3.51
6.25
4.76
11.55
7.73
1.97
11.02
13.57
13.07
19.68
19.8
15.65
12.77
16.06
18.05
18.4
13.88
14.77
17.97
20.02
17.16
2.85
19.11
21.62
18.48
9.69
4.19
17.22
20.8
20.5
19.93
19.18
12.43
5.65
13.73
15.38
6.1
14.6
19.1
16.77
14.06
15.77
15.52
17.85
15.26
9.34
16.19
17.66
21.49
24.03
20.92
12.63
15.49
15.89
13.13
13.02
18.71
19.82
16.35
15.9
10.4
17.55
21.39
21.48
18.05
17.31
16.27
9.83
10.92
19.61
19.65
15.54
7.59
14.99
20.08
20.48
14.84
14.47
18.33
13.03
11.62
19.67
17.13
9.1
18.96
20.84
21.14
20.15
15.35
19.64
20.31
10.67
17.25
16.74
9.24
14.34
17.08
8.28
8.23
16.41
17.26
14.73
16.07
11.94
14.56
18.49
15.02
12.53
17.11
17.95
14.77
3.85
12.13
17
7.15
18.64
21.55
20.67
16.43
21.16
21.62
17.27
13.9
14.34
18.06
19.4
17.53
7.57
10.78
9.87
8.78
19.53
21.77
20.34
14.21
7.25
12.44
15.03
11.38
9.72
14.41
-1.76
13.72
12.27
10.59
10.73
3.49
6.03
13.34
16.08
15.13
19.32
22.76
20.81
11.07
15.73
20.81
17.94
8.28
21.49
24.31
22.39
18.17
23.53
24.83
21.74
15.81
18.29
18.45
2.05
9.08
10.4
12.72
4.48
15.82
18.05
14.45
5.47
17.31
20.43
19.09
10.47
12.2
14.92
14.51
13.67
9.56
16.04
18.74
17.47
10.82
3.88
14.17
18.01
16.49
11.5
8.01
13.45
17.05
16.64
14.68
17.19
16.32
16.16
17.41
13.31
14.48
16.57
17.41
19.84
22.37
23.4
21.06
16.22
16.57
16.98
16.47
16.83
18.23
15.03
3.27
12.5
16.7
17.9
14.21
8.3
12.21
15.81
14.03
7.67
14.42
9.78
4.61
2.05
12.46
15.22
11.13
16.7
15.13
8.9
16.89
17.41
14.39
14.66
17.04
15.97
3.78
10.98
13.79
10.43
-0.51
-2.55
11.27
17.36
13.64
9.62
15.82
16.87
18.18
12.69
2.66
2.78
9.63
10.34
8.67
6.18
5.6
16.41
18.05
16.12
17.11
16.43
10.07
16.48
12.83
7.43
2.93
-10.99
2.03
13.83
16.97
15.05
14.9
14.71
8.03
4.77
11.92
15.75
14.72
8.16
6.65
9.83
7.74
9.46
7.36
6.14
9.14
12.24
17.36
16.83
5.68
8.43
15.53
19.29
17.25
7.44
9.23
12.75
15.64
13.54
4.67
5.64
11.52
7.45
12.25
14.05
14.61
12.18
-6.75
12.44
12.11
1.15
9.99
11.08
5.74
12.56
15.3
15.92
14.87
15.01
7.98
10.8
10.31
-10.1
-0.52
10.85
10.78
7.66
7.56
10.59
16.83
18.02
18.25
15.05
5.48
1.66
9.38
14.74
16.58
18.29
18.15
14.97
12.55
5.69
6.12
14.7
15.71
6.07
8.52
5.29
13.32
10.45
5.09
-2.6
4.69
-10.35
-0.57
5.2
-0.27
10.53
14.1
11.81
7.16
9.08
14.65
12.94
11.27
-0.97
5.09
3.02
6.95
10.48
10.15
12.87
12.47
7.05
12.42
15.13
11.79
12.01
10
6.64
2.36
15.01
15.71
15.5
12.3
11.51
15.33
13.54
14.82
12.98
13.86
18.47
18.41
16.99
16.96
14.91
13.31
16.28
14.59
0.54
0.81
4.2
-0.05
6.47
12.46
11.2
9.47
-1.26
7.5
8.87
9.03
11.27
9.57
12.78
15.33
14.61
11.3
12.51
11.44
5.49
1.28
11.7
11.54
8.13
9.98
14.52
16.41
11.97
14.09
18.44
19.72
15.15
7.8
8.96
10.26
10.6
-4.6
-0.77
3.72
12.31
11.94
15.26
17.31
14.97
10.15
1.96
4.6
8.2
9.97
7.61
-9.69
5.36
5.31
8.8
7.08
-2.4
11.14
15.06
15.96
16.96
15.43
14.84
9.67
-2.4
13.96
16.55
12.26
10.99
1.22
7.05
9.8
4.56
-2.31
5.12
9.54
11.22
0.88
10.2
12.79
8.23
7.14
3.11
12.92
12.78
3.67
11.07
12.62
14.23
13.47
9.91
-6.67
2.24
10.66
2.21
18.55
17.26
14.4
16.27
15.53
6.3
8.1
9.93
4.82
0.63
1.94
12.42
16.43
19.38
19.75
14.96
2
0.78
1.25
-3.8
10.51
11.37
0.72
10.98
5.42
9.14
14.09
17.18
12.18
8.26
5.37
8.87
6.24
1.89
13.05
15.1
14.15
10.27
11.01
16.71
14.76
10.59
10.15
13.23
14.43
7.52
7.36
4.77
7.91
15.34
16.83
13.08
6.15
15.85
16.42
15.79
12.73
0.81
5.69
10.31
5.82
-2.24
6.81
16.49
16.9
0.62
7.66
9.92
11.42
0.36
8.44
12.11
12.81
11.95
12.59
13.71
10.69
7.94
11.1
12.66
11.4
-0.29
7.71
13.61
14.09
8.28
10.11
12.66
12.29
13.83
10.4
10.98
5.01
13.97
15.89
11.58
8.24
13.27
9.69
-1.27
12.78
15.24
14.1
7.22
6.86
10.52
12.73
6.31
-1.75
4.02
10.78
6.61
12.74
17.64
16.1
6.93
5.75
10.33
8.29
9.87
8.98
5.2
5.33
7.37
11.51
5.93
4.91
9.54
8.79
12.37
14.72
8.13
12.67
14.33
6.74
1.77
8.24
15.71
14.54
0.61
5.89
14.23
15.89
11.52
4.55
1.23
8.13
8.81
12.07
14.45
17.74
17.85
14.45
8.95
-0.25
12.6
15.91
16.16
13.32
10.52
14.22
15.35
12.68
12.71
8.81
7.49
11.26
12.41
16.16
19.34
21.27
22.05
20.83
19.76
20.92
18.96
12.69
7.11
11.39
4.68
14.86
15.59
12.38
13.59
13.85
10.3
5.99
9.39
-1.23
3.46
-10.78
9.89
9.3
6.68
12.54
13.86
12.68
12.66
15.63
17.32
11.29
8.17
13.3
16.65
17.47
16.1
11.59
7.16
16.94
17.75
15.62
10.41
5.71
14.99
19.3
20.32
18.01
14.46
10.29
2.46
7.88
10.02
14.76
13.26
5.31
12.19
15.63
13.72
10.04
15.19
17.99
12.44
4.82
3
6.19
9.57
13.53
16.5
14.89
1.27
-4.41
10.86
13.34
9.83
-0.86
12.45
-4.37
13.99
15.07
11.42
-14.75
0.23
14.62
15.99
9.74
4.78
6.89
15.03
17.61
19.63
18.17
11.47
9.51
8.48
8.83
10.21
17.1
20.7
17.39
9.97
5.46
4.66
-2.94
8.59
8.96
2.64
3.69
10.92
15.43
15.64
14.65
13.59
14.05
8.9
9.93
9.7
10
14.29
8.99
1.89
1.02
6.08
-1.44
8.32
8.63
6.91
10.85
11.38
11.73
14.62
11.62
0
4.51
17.87
24.33
22.11
14.78
11.5
7.43
5.68
12.43
15.66
12.6
-5.86
5.02
5.3
11.52
14.26
13.24
11.19
15.76
17.77
16.73
8.61
11.42
11.3
10.42
11.17
8.84
8.28
6.52
14.16
16.31
15.75
12.74
11.56
7.07
6.31
5.14
-3.85
7.29
6.58
8.34
14.21
13.85
5.76
7.5
9.5
9.86
10.32
-9.58
10.6
-0.75
11.62
14.24
13.85
16.77
19.45
19.9
18.42
14.6
7.81
15.86
15.77
14.7
13.89
10.98
7.48
15.63
18.39
16.74
10.36
10.01
6.63
16.52
16.61
12.08
9.43
7.51
7.95
12.21
12.97
13.21
15.82
16.34
15.2
12.28
7.6
8.57
13.44
11.74
4.34
8.24
14.28
15.25
12.92
13.89
16.32
14
1.23
8.38
11.18
3.51
-3.74
3.21
11.41
14.22
16.55
17.16
18.58
19.43
16.08
15.34
17.1
14.83
13.51
15.07
16.1
16.88
14.25
10.78
2.11
7.17
2.51
15.29
16.49
13.57
16.09
14.11
2.22
4.97
10.47
10.53
10.21
10.89
9.45
15.4
17.76
16.63
16.62
14.65
8.36
8.41
8.02
5.14
11.73
11.8
14.76
18.46
19.84
13.48
0.33
10.66
12.91
11.57
10.23
1.95
-22.1
4.56
12.07
16.6
15.25
15.42
13.77
2.66
7.8
14.37
9.64
-2.02
4.64
9.65
10.46
15.64
19.65
21.38
19.48
15.77
10.57
11.83
13.46
11.28
9.55
5.67
7.11
1.43
-4.32
15.67
18.97
16.41
8.84
9.8
15.83
19.04
16.97
11.39
9.24
2.57
10.72
11.93
15.59
12.62
3.77
8.02
13.06
13.81
6.04
10.94
12.56
10.53
13.38
17.02
17.92
16.02
9.52
-0.94
14.37
15.95
5.64
-9.19
3.68
8.15
-0.55
15.12
11.93
7.16
11.85
11.72
-1.05
-1.35
5.9
7.94
14.38
16.55
14.53
11.8
10.98
8.15
14.33
19.78
19.6
18.74
13.74
12.4
15.98
15.63
13.75
13.36
12.52
11.91
10.19
7.64
6.17
-9.36
5.99
0.22
-9.69
10.62
16.82
15.42
11.71
11.29
15.52
18.71
17.7
14.59
15.97
18.84
20.1
19.4
14.92
14.57
13.11
6.72
1.26
5.03
11.04
12.8
15.67
15.39
12.08
13.73
17.6
17.64
12.6
5.44
8.15
17.26
19.56
16.97
13.67
12.59
15.72
17.68
14.29
3.33
7.8
17.18
18.1
19.13
18.69
16.19
16.57
15.79
2.07
11.1
10.59
14.84
15.63
12.45
12.18
13.34
15.61
16.9
15.05
11.46
10.92
12.64
17.68
17.52
14.09
15.93
11.69
12.16
11.53
9.26
11.47
16.44
18.51
13.22
2.11
0.03
-9.44
7.09
10.34
10
14.7
14.93
11.22
5.06
-4.41
8.56
-1.73
5.96
2.91
6.67
8.03
13.49
17.78
20.8
20.29
14.48
6.7
8.54
-0.32
5.49
15.83
19.13
19.34
19.23
14.73
10.65
10.26
13.2
15.9
15.15
13.66
8.57
4.51
-0.08
6.31
4.4
12.19
15.09
16.21
18.46
15.81
13.49
16.2
19.9
20.18
16.95
13.57
16.61
17.97
15.03
12.98
14.93
13.35
10.59
11.62
6.11
11.18
16.83
13.5
1.91
14.7
17.24
13.32
14.83
16.35
11.56
8.35
15.67
17.6
11.37
6.77
16.06
20.63
19.67
11.09
8.21
13.57
13.54
14.41
14.68
18.07
21.78
20.42
16.43
7.19
-2.9
5.35
12.57
9.65
2.18
3.08
9.06
13.7
14.11
11.18
14.37
19.82
19.26
16.58
14.9
16.32
15.18
10.19
9.5
5.25
14.57
16.11
15.81
12.23
12.37
15.69
15.32
15.74
12.61
10.9
8.52
3.12
11.68
5.99
7.31
10.42
8.09
9.61
8.03
11.42
8.23
3.08
4.92
11.23
10.46
7.92
7.68
3.78
10.94
16.71
16.23
16.11
15.45
11.83
1.75
8.84
17.62
18
12.96
5.49
-0.31
9.23
12.29
14.69
15.61
14.51
10.28
11.5
12.05
12.19
16.93
17.99
18.16
14.84
7.33
-3.22
7.6
7.15
11.61
15.22
12.24
7.79
8.97
10.96
9.49
10.1
-2.46
10.99
13.75
10.7
9.98
8.15
-3.2
-0.12
8.19
11.45
6.5
3.64
4.92
11.72
11.83
13.91
14.26
14.81
13.86
14.46
15.07
16.12
17.52
12.38
2.71
13.2
14.12
12.63
11.55
10.87
0.92
-3.12
-1.18
4.63
0.55
-4.3
-1.39
7.04
9.07
5.22
4.12
6.47
10.03
17.46
18.64
13.62
4.63
7.17
11.4
13.96
18.26
18.51
8.44
6.8
12.66
16.99
16.58
13.7
10.31
7.13
8.25
3.24
2.76
9.34
9.97
10.32
9.36
11.44
10.17
12.37
15.91
16.88
15
13.1
10.29
2.63
11.49
12.54
12.15
15.88
13.38
8.8
11.18
10.66
-3.05
5.26
10.66
7.75
0.43
2.39
10.72
5.72
6.8
8.24
-4.57
1.78
11.12
10.93
4.63
8.56
9.24
10.23
12.03
15.08
15.85
3.13
9.79
7.77
8.62
7.7
4.17
8.37
10.6
-2.02
-3.93
8.85
10.67
2.63
2.78
18.18
14.9
1.16
-5.58
9.43
9.86
2.07
11.76
14.18
14.77
15.61
17.17
16.22
16.04
14.03
12.85
7.05
-3.96
6.09
14.21
11.57
12.59
2.2
11.41
11.75
4.06
12.03
11.69
5.97
6.61
5.86
9.69
2.85
9.85
15.13
12.09
6.92
0.16
12.4
13.2
11.82
7.85
0.46
4.26
3.22
10.88
12.26
11.61
11.42
5.45
11.92
11.16
11.89
14.1
14.48
14.28
13.31
12.08
13.26
10.2
17.47
9.69
14.22
19.49
16.47
11.59
14.32
12.7
4.26
2.3
-3.67
3.51
9.25
14.53
11.39
10.81
12.76
17.04
17.87
14.57
14.04
18.49
20.35
18.38
11.94
6.96
14.92
16.24
15.7
16.06
9.45
12.78
13.02
15.1
14.57
14.93
15.1
16.95
18.23
16.45
9.4
11.92
14.78
16
15.53
12.93
13.94
12.82
10.83
5.68
9.76
14.54
9.33
5.88
16.19
16.81
12.11
4.93
3.94
10.21
12.79
5.54
7.71
7.85
-2
7.45
10.37
16.17
16.31
13.85
11.74
15.2
16.51
15.25
13.73
10.79
7.93
13.55
14.4
10.87
1.43
12.83
17.43
14.61
8.74
14.31
19.29
15.28
5.8
0.85
7.82
10.56
5.23
1.4
8.87
14.09
14.85
11.54
3.44
2.63
8.04
11.06
13.54
10.19
8.94
16.27
18.24
12.12
16.22
17.44
7.37
8.87
10.95
10.18
15.06
14.28
11.5
11.88
9.12
5.22
1.27
6.42
16.54
15.39
12.53
15.64
6.29
15.24
14.76
8.69
12.61
18.46
16.9
6.53
11.13
10.87
12.15
9.55
11.78
14.48
18.3
14.73
8.52
14.25
14.35
9.57
10.82
17.89
15.56
3.66
15.78
15.34
13.34
11.8
10.72
9.89
13.38
14.15
10.95
11.38
17.55
19.38
14.8
10.85
15.73
19.25
20.07
16.64
8.64
5.77
15.16
18.38
19.77
16.51
12.05
12.75
11.14
5.03
0.23
7.4
15.68
14.06
8.7
15.38
17.09
12.01
13.41
14.01
11.75
13.41
12.18
12.01
12.07
13.94
13.05
9.53
11.7
13.69
7.09
6.38
13.51
11.49
3.28
14.56
13.68
6.88
8.68
6.63
12.84
11.04
-15.87
3.41
0.98
12.67
15.23
15.97
11.83
-1.96
9.51
4.21
6.99
7.13
10.15
14.61
13.43
10.49
14.56
15.95
13.81
13.15
15.39
14.69
15.68
19.53
21.57
20.89
16.41
12.14
16.4
18.79
16.82
12.54
14.23
17.46
15.85
7.77
9.15
13.23
11.96
18.67
16.61
15.35
18.88
20.82
16.82
6.26
17.2
16.58
13.95
7.7
13.7
18.43
13.1
-0.26
6.74
2.05
6.41
13.65
13.72
6.59
15.3
17.2
11.09
6.76
14.09
17.73
13.84
4.13
6.9
13.55
9.92
9.28
9.98
8.68
14.95
13.47
9.91
4.52
11.46
12.31
10.23
8.36
2.73
8.7
8.03
2.64
5.53
-4.5
-5.7
3.6
2.85
11.81
12.21
11.7
10.27
5.27
5.72
17.59
17.49
8.82
0.17
5.85
13.42
15.3
6.82
5.6
4.41
14.37
16.27
18.5
